IconTheme:0.7966666666666666
Main:0.2833333333333333
