Map:0.65
CostDeciders:0.33666666666666667
BaseCostDeciderTest:0.31333333333333335
AvoidSettlementsCostDecider:0.02666666666666667
AvoidSettlementsAndBlockingUnitsCostDecider:0.02666666666666667
