WikiReferenceTag:0.8266666666666667
WikiReference:0.6933333333333334
WikiReferencesTag:0.09333333333333334
