Buffer:0.52
JEditTextArea:0.5
FocusHandler:0.24333333333333335
BufferChangeAdapter:0.16744444444444445
