Property:0.5051852
SecureProperty:0.44444364
IntegerProperty:0.23934892
Config:0.14543019
OS:0.07268365
MLogger:0.023459235
MWhatsThis:0.010353881
Gettext:0.006138243
