TaskTable:0.43333333333333335
CategoryListRenderer:0.4266666666666667
Renderer:0.4022222222222222
View:0.32666666666666666
ItemRenderer:0.25
