InGameController:0.43333333333333335
Monarch:0.41333333333333333
MonarchActionMessage:0.36333333333333334
AbstractUnit:0.27666666666666667
InGameInputHandler:0.2
AIInGameInputHandler:0.1947222222222222
MonarchPanel:0.056666666666666664
