Unit:0.83
ImageProvider:0.5083333333333333
GUI:0.4422222222222222
ImageLibrary:0.43
Canvas:0.27
ReportUnitPanel:0.27
ColopediaPanel:0.25
FreeColClient:0.22333333333333333
UnitLabel:0.20333333333333334
UnitInfoPanel:0.16666666666666666
ReportLabourDetailPanel:0.16
TrainDialog:0.14333333333333334
ReportPanel:0.14333333333333334
PurchaseDialog:0.14333333333333334
RecruitDialog:0.12666666666666668
EmigrationPanel:0.12666666666666668
ReportLabourPanel:0.11
DragListener:0.07333333333333333
