ImageLibrary:0.8216666666666667
IndianNationType:0.35333333333333333
ColopediaPanel:0.32
