Query:0.5433333333333333
InternetSearchPanel:0.3433333333333333
SearchPane:0.33666666666666667
MetaInfoList:0.2733333333333333
SearchBar:0.2338888888888889
