ImportExport:0.8266666666666667
ImportMenu:0.42333333333333334
DnDTransferHandler:0.32666666666666666
ImportFolderAction:0.11
