Utilities:0.5433333333333333
PersistencyHandler:0.3433333333333333
FileHandler:0.31666666666666665
LinkUtil:0.28
JAMWikiServlet:0.28
ParserUtil:0.20333333333333334
UploadServlet:0.17666666666666667
JAMWikiParser:0.16666666666666666
TableOfContents:0.16666666666666666
LinkTag:0.14333333333333334
TranslationServlet:0.13
MoveServlet:0.10666666666666667
