Server:0.5066666666666667
HsqlProperties:0.37333333333333335
ScriptReaderBinary:0.22333333333333333
ScaledRAFileInJar:0.21333333333333335
ScriptReaderText:0.2
ScriptReaderZipped:0.14333333333333334
