TerrainGenerator:0.17812586
LandGenerator:0.12365199
MapGenerator:0.1220634
IMapGenerator:0.08577803
