Buffer:0.58
GUIUtilities:0.39666666666666667
Entry:0.33666666666666667
ChunkCache:0.27666666666666667
VFSDirectoryEntryTable:0.24333333333333335
VFSBrowser:0.18666666666666668
Macro:0.18444444444444444
RemoveButton:0.18
Macros:0.16666666666666666
PluginTableModel:0.15333333333333332
BrowserView:0.14666666666666667
ManagePanel:0.07
DirectoryLoadedAWTRequest:0.03333333333333333
