MainWindow:0.42
ImageEditor:0.4
EditorAnnotation:0.3844444444444444
AnnotationBar:0.36666666666666664
AnnotationInfo:0.07611111111111112
