Desktop:0.62
DeskletWidget:0.3466666666666667
Main:0.32666666666666666
