TestTextTable:0.5483333333333333
TestBase:0.31833333333333336
TestCollation:0.31833333333333336
