Table:0.5066666666666667
Trace:0.36333333333333334
TriggerDef:0.33944444444444444
TextTable:0.32666666666666666
Tokenizer:0.2758333333333333
Function:0.23
Select:0.22166666666666668
DatabaseCommandInterpreter:0.22
Parser:0.2127777777777778
