Collation:0.26079103
Type:0.15658861
CharacterType:0.07525797
