JDBCCallableStatement:0.6554875
JDBCStatement:0.36750242
JDBCConnection:0.353849
JDBCResultSet:0.35379145
JDBCDatabaseMetaData:0.32716942
JDBCClob:0.2861968
JDBCArray:0.2559978
JDBCBlob:0.24616502
JDBCResultSetMetaData:0.24492057
JDBCParameterMetaData:0.22030026
JDBCClobClient:0.18133095
Util:0.17884865
JDBCBlobClient:0.17031533
JDBCStatementBase:0.15311651
