TableBase:0.224687
Constraint:0.22142632
TableWorks:0.18138231
SchemaManager:0.17526881
StatementDML:0.16355313
View:0.15508103
QuerySpecification:0.14664744
ExpressionColumn:0.14650689
ParserDDL:0.1424935
TriggerDef:0.14165795
Expression:0.12838374
QueryExpression:0.12792602
StatementSet:0.12321493
TableDerived:0.12319492
Routine:0.12200883
StatementSchema:0.114597686
RangeVariable:0.11430981
RangeVariableJoined:0.10288767
StatementCompound:0.10151831
StatementDMQL:0.09545798
SchemaObjectSet:0.09355103
ColumnSchema:0.09046361
SchemaObject:0.08984137
RangeVariableResolver:0.08931982
StatementSchemaDefinition:0.087191336
TextTable:0.08712591
ParserDML:0.08299037
SortAndSlice:0.08276838
HsqlNameManager:0.08257268
StatementCommand:0.07534244
TableUtil:0.07336811
ExpressionLogical:0.072285935
ParserDQL:0.07030533
TriggerDefSQL:0.06866238
Schema:0.066869766
ParserRoutine:0.063966595
NumberSequence:0.06218017
StatementInsert:0.060832586
Session:0.0586951
Database:0.054336578
SessionContext:0.054037176
StatementResultUpdate:0.047213193
SessionData:0.046969328
ParserCommand:0.042723555
StatementSession:0.03815636
TransactionManagerMV2PL:0.035628878
TransactionManager2PL:0.034853984
Scanner:0.034141164
TransactionManagerMVCC:0.033046626
ParserBase:0.028491005
RowDiskDataChange:0.028467856
Row:0.028274624
ConstraintCore:0.02690777
TransactionManager:0.021825265
DatabaseURL:0.014594854
Trigger:0.011385722
ColumnBase:0.00777956
SqlInvariants:0.0074516716
Tokens:0.0
