TransactionManagerCommon:0.44152474
TransactionManager:0.41727552
RowAction:0.29030088
Session:0.24128404
Row:0.18044773
SessionContext:0.084900215
SessionManager:0.07821256
TableBase:0.056770995
Table:0.0562422
Database:0.048276134
SchemaManager:0.046152376
StatementManager:0.039580036
Statement:0.027991848
