MText:0.11380427
MAction:0.06251354
MMenu:0.022352755
MToolBar:0.018270252
TK:0.0056942487
MLogger:0.0020700505
