Handler:0.6733333333333333
XMLDialect:0.33916666666666667
DefaultXMLDialect:0.2
XLIFFDialect:0.05
