LinkUtil:0.85
UpgradeServlet:0.26
ParserUtil:0.25333333333333335
LinkTag:0.22666666666666666
