ActionManager:0.33111167
MapboardAction:0.24368526
