ColonyPanel:0.051012803
UnitLabel:0.047418043
ReportColonyPanel:0.0458106
BuildingPanel:0.040870685
BuildingToolTip:0.037864543
RebelToolTip:0.03391116
