Environment:0.5433333333333333
ItemsServlet:0.24333333333333335
ParserFunctionUtil:0.22388888888888886
DataAccessException:0.18333333333333332
TemplateTag:0.15333333333333332
RecentChangesFeedServlet:0.13
HtmlHeadingTag:0.12
ImageLinkTag:0.11
UploadServlet:0.10666666666666667
JavascriptTag:0.08666666666666667
