ResultConstants:0.10859562
ResultLob:0.07835192
ResultMetaData:0.07032949
