RowOutputTextLog:0.422473
RowOutputBinary:0.41194865
RowOutputText:0.40943497
RowOutputInterface:0.13366812
