RowOutputBase:0.3396904
RowOutputBinary:0.2973022
RowOutputTextLog:0.29555523
RowOutputText:0.2763597
RowOutputBinaryEncode:0.15249515
RowOutputBinary180:0.06603066
RowInputBinary:0.05623124
