RowOutputTextQuoted:0.23267788
RowOutputBase:0.13735461
RowOutputInterface:0.061929926
