RowOutputBase:0.4263336
RowOutputBinary180:0.3307224
RowOutputBinaryEncode:0.2432102
RowOutputInterface:0.2338535
RowInputBinary:0.17986982
