TestTriggers:0.051781546
TestTextTable:0.050321903
TestBug808460:0.047175456
TestBug785429:0.04677888
TestUpdatableResults:0.038988113
TestViewAsterisks:0.038649622
TestLobs:0.03858952
TestHTTPKeepAlive:0.03607018
TestBug778213:0.035413958
TestSql:0.034026425
TestMultiInsert:0.03278836
TestBug1191815:0.03198373
TestCollation:0.03176583
TestMerge:0.03105056
TestBatchExecution:0.030311693
TestStoredProcedure:0.02975403
TestTextTables:0.026693514
TestINPredicateParameterizationAndCorrelation:0.025337754
TestDatabaseMetaData:0.025004832
TestJavaFunctions:0.02492466
TestLikePredicateOptimizations:0.02443628
TestTypeConversion:0.023330754
TestUpdatableResultSets:0.022496171
TestJDBCGeneratedColumns:0.017376238
TestScript:0.01550696
TestDateTime:0.012273482
