Config:0.52
RegExp:0.4766666666666667
FS:0.45666666666666667
Index:0.27
Help:0.24444444444444446
FileCache:0.22333333333333333
Filters:0.21666666666666667
MFileChooser:0.20333333333333334
VersionControl:0.18
