ServletUtil:0.63
UploadServlet:0.36
ImportTiddlyWikiServlet:0.2866666666666667
ImportServlet:0.21666666666666667
