Unit:0.8266666666666667
UnitType:0.4533333333333333
IndianBringGiftMission:0.29283333333333333
Monarch:0.21
MapGenerator:0.2
ColopediaPanel:0.17666666666666667
IndianDemandMission:0.17333333333333334
ReportUnitPanel:0.17333333333333334
