AutoCompleter:0.25293887
AutoCompleterListView:0.18320288
AutoCompleterTableView:0.11591187
IAutoCompleter:0.041463338
AutoCompleterItem:0.038763624
