TK:0.79
CategoryListRenderer:0.3566666666666667
MetaInfo:0.3466666666666667
View:0.25666666666666665
TaskTable:0.23416666666666666
MSimpleLayout:0.21666666666666667
QueryMenu:0.21333333333333335
TreeFS:0.21
FeedThread:0.20333333333333334
SummaryData:0.17333333333333334
SummaryRenderer:0.14333333333333334
