Error:0.75
ParserRoutine:0.49666666666666665
StatementSimple:0.37666666666666665
