FilteredTableModel:0.7033333333333334
PluginTableModel:0.44333333333333336
ShortcutsOptionPane:0.19666666666666666
InstallPanel:0.16
