Buffer:0.8733333333333333
Remove:0.25333333333333335
HelpViewer:0.24
BufferOptions:0.20333333333333334
ParentDirectoryRenderer:0.1811111111111111
MouseHandler:0.14666666666666667
