Message:0.05532935
Connection:0.02100449
