TextHolderFigure:0.6586666666666667
GrapherView:0.4866666666666667
LabelFigure:0.37
AbstractLabelFigure:0.26666666666666666
TextableFigure:0.043333333333333335
