Colony:0.5733333333333334
GoodsContainer:0.5266666666666666
Player:0.47
Settlement:0.37666666666666665
WarehousePanel:0.22
IndianDemandMission:0.21
