TK:0.73
MText:0.39666666666666667
NoteWidgetPlugin:0.3333333333333333
Desktop:0.2
