DefaultTransferHandler:0.14916635
UnitLabel:0.0888484
DragListener:0.08758173
GoodsLabel:0.03777749
FreeColPanel:0.03269684
MarketLabel:0.031709813
ColorCellEditor:0.026468365
DropListener:0.007888697
