GoodsType:0.5466666666666666
Colony:0.5233333333333333
IndianSettlement:0.31333333333333335
Settlement:0.25666666666666665
