PropertyPanel:0.66
CacheEntry:0.4116666666666667
MSettingsPage:0.2833333333333333
