MAction:0.6564444444444444
MStatusBar:0.4666666666666667
Tabs:0.25755555555555554
MSwingWorker:0.23555555555555557
ImportExport:0.20333333333333334
MainView:0.17333333333333334
MMainWindow:0.14777777777777779
MApplication:0.1475
DefaultHelpSystem:0.12333333333333334
