JFlexParser:0.7066666666666667
JFlexParserUtil:0.38333333333333336
