FeedsFS:0.75
FeedDownloader:0.24333333333333335
FetchFeedsAction:0.13
FetchAllFeedsAction:0.13
CustomAdvancedPanel:0.12333333333333334
