AIUnit:0.18581383
AIColony:0.16546807
AIGoods:0.096236005
WorkerWish:0.064248934
AIMain:0.063390896
AIInGameInputHandler:0.062203616
TileImprovementPlan:0.051504906
GoodsWish:0.044919614
Transportable:0.043331154
Wish:0.0376054
AIObject:0.023538318
