FeedsFS:0.5355555555555556
RenameEditor:0.3933333333333333
PropertiesPanel:0.31
