Message:0.054179054
Connection:0.024114858
