PropertiesBar:0.5133333333333333
Query:0.3422222222222222
ToggleStarIconButton:0.2733333333333333
Bookmarks:0.22333333333333333
ToggleIconButton:0.08666666666666667
ToggleTodoIconButton:0.02
