NavigationUtils:0.5966666666666667
ImageEditor:0.5833333333333334
HelpAction:0.20666666666666667
