Canvas:0.56
ReportRequirementsAction:0.36666666666666664
ReportRequirementsPanel:0.36333333333333334
ActionManager:0.30333333333333334
FreeColMenuBar:0.27666666666666667
