Result:0.7066666666666667
jdbcResultSet:0.38
jdbcResultSetMetaData:0.32
Session:0.26666666666666666
HSQLClientConnection:0.22666666666666666
jdbcStatement:0.20666666666666667
jdbcPreparedStatement:0.20333333333333334
jdbcConnection:0.2
DataFileCache:0.19666666666666666
DatabaseCommandInterpreter:0.19666666666666666
ScriptReaderBinary:0.15666666666666668
ScriptReaderText:0.14666666666666667
ScriptRunner:0.08
