MColorButton:0.27048707
MSmallColorChooser:0.23712239
MColorPicker:0.2035046
MColorIcon:0.19849108
UI:0.101768985
ColorProperty:0.095547795
MButton:0.08490198
TK:0.054114114
MSmallButton:0.035459124
