ColonyTile:0.2785961
Building:0.26102412
Unit:0.24346818
Tile:0.17481875
GoodsContainer:0.15593249
Goods:0.14943293
Player:0.1493146
Settlement:0.10033862
WorkLocation:0.09020328
Map:0.07685566
ModelMessage:0.07479544
Location:0.06828303
Game:0.06823992
FreeColGameObject:0.06759612
Market:0.06510653
ModelController:0.032463666
GameOptions:0.026686205
Locatable:0.025147932
Turn:0.0068573146
FoundingFather:0.0046969457
