DefaultTransferHandler:0.2578099
EuropePanel:0.17559819
DragListener:0.080361
