Interpreter:0.17598131
Reflect:0.17290519
Name:0.16745684
BshMethod:0.13115174
BSHBinaryExpression:0.11685984
BSHMethodDeclaration:0.10747943
This:0.10570339
BSHCastExpression:0.10461981
BshClassManager:0.104097016
Primitive:0.09997691
BSHPrimarySuffix:0.09806056
XThis:0.09441498
LHS:0.08889944
BlockNameSpace:0.08645143
BSHTypedVariableDeclaration:0.08338819
SimpleNode:0.082166344
BSHImportDeclaration:0.07696763
BSHTryStatement:0.06989062
BSHFormalParameter:0.06798971
BSHAmbiguousName:0.06688658
BeanShell:0.06617261
BSHBlock:0.06500687
BSHForStatement:0.0643331
BSHFormalParameters:0.05826496
CallStack:0.057503942
BSHAllocationExpression:0.057253096
BSHType:0.05702982
BSHReturnType:0.053379454
BSHMethodInvocation:0.048126638
EvalError:0.041199815
JThis:0.03903493
Capabilities:0.036777593
DockableWindowManager:0.03565279
RESearchMatcher:0.034622103
BoyerMooreSearchMatcher:0.031398803
NameSource:0.030767139
dir:0.016033173
ClassPathException:0.007434919
InterpreterError:0.0031993813
