QueryHandler:0.6233333333333333
DatabaseHandler:0.5633333333333334
DefaultQueryHandler:0.35
