Style:0.4866666666666667
MNotification:0.39666666666666667
Message:0.30666666666666664
MTaskPanel:0.21333333333333335
MFlipPanel:0.20700000000000002
MAbout:0.19
ChartView:0.18
QuickFilterAction:0.14333333333333334
ResizeAction:0.11333333333333333
ShowHTMLAction:0.11333333333333333
AutoZoomAction:0.11333333333333333
InsertLinkAction:0.11333333333333333
SelectAllAction:0.11333333333333333
InsertLineAction:0.11333333333333333
Base:0.07682539682539682
