TestTK:0.52
PluginManager:0.4666666666666667
MCalendar:0.37
AbstractTest:0.25666666666666665
