Unit:0.6166666666666667
UnitType:0.4633333333333333
Building:0.3056666666666667
InGameController:0.22833333333333333
InGameInputHandler:0.22666666666666666
Downgrade:0.20666666666666667
SchoolTest:0.14
Upgrade:0.13666666666666666
DragListener:0.13333333333333333
