Select:0.15903977
Expression:0.11764436
Parser:0.11702228
TableFilter:0.09578521
CompiledStatementExecutor:0.088781096
Result:0.08380537
Table:0.076740354
Trace:0.06817795
DIProcedureInfo:0.06340428
Session:0.059386466
DatabaseCommandInterpreter:0.045261607
Column:0.038320854
CompiledStatementManager:0.031007497
SubQuery:0.024062479
ResultConstants:0.019713903
Types:0.019496985
HsqlException:0.0049868636
