Sidebar:0.48333333333333334
Tree:0.4575555555555555
Tabs:0.3
MainWindow:0.28
Button:0.25666666666666665
ImportExport:0.20333333333333334
MenuButton:0.16666666666666666
TaskSummary:0.16666666666666666
SearchBar:0.15333333333333332
NewFolderAction:0.12666666666666668
NewFileAction:0.12666666666666668
ToggleSummaryAction:0.12333333333333334
ToggleDesignerAction:0.12333333333333334
LinkButton:0.1
