ColonyTile:0.41333333333333333
GUI:0.41
InGameController:0.33666666666666667
