RangeVariable:0.5933333333333334
QuerySpecification:0.5622222222222222
SortAndSlice:0.4633333333333333
