ArrayListIdentity:0.36617497
BaseList:0.12655677
ArrayUtil:0.034663174
HsqlList:0.026626661
StringUtil:0.02130778
LineGroupReader:0.017598027
ArraySort:0.014241716
