ScriptIDE:0.47333333333333333
InsertAction:0.45
SnippetAction:0.39
SetOpenCommandAction:0.12055555555555557
InsertSymbolAction:0.11722222222222224
InsertDateAction:0.09
