ColorPalette:0.38333333333333336
Button:0.35
MColorIcon:0.3333333333333333
MColorPicker:0.31333333333333335
MSmallColorChooser:0.30666666666666664
DefaultColorPalette:0.013055555555555556
ApplicationPalette:0.01
Web20Palette:0.01
