Task:0.5933333333333334
DT:0.43
TodoEditorCore:0.35333333333333333
TaskDate:0.24333333333333335
TaskHandler:0.22333333333333333
