Unit:0.78
GUI:0.31666666666666665
ColopediaPanel:0.27
CanvasMouseListener:0.19333333333333333
ServerModelController:0.19
ClientModelController:0.14666666666666667
