DirectoryListSet:0.5730585
BufferListSet:0.18521321
SearchDialog:0.17399602
MiscUtilities:0.17213133
jEdit:0.13465403
Buffer:0.12122854
Log:0.07118933
RE:0.040491447
