SearchFileSet:0.37412822
jEdit:0.29432422
AllBufferSet:0.27124634
Buffer:0.21095565
DirectoryListSet:0.19607407
View:0.1824249
Log:0.05550927
