SearchFileSet:0.7804488
SearchAndReplace:0.24460457
SearchDialog:0.13172643
View:0.11007719
SearchBar:0.109985955
Buffer:0.07731742
