AllBufferSet:0.24638356
SearchDialog:0.1806884
MiscUtilities:0.14007144
BrowserPopupMenu:0.097989865
BufferListSet:0.07788825
Log:0.022666445
RE:0.01179975
