ParserRuleSet:0.2161954
TokenMarker:0.06675458
TextUtilities:0.060405686
XModeHandler:0.058238298
Token:0.024472449
