CurrentBufferSet:0.8604916
BufferListSet:0.51363903
SearchAndReplace:0.21980698
SearchDialog:0.1121606
HyperSearchRequest:0.09200175
Buffer:0.08181458
View:0.07740338
