ArchiveItem:0.44333333333333336
MetaInfo:0.44
FeedsFS:0.3225
FSProperties:0.2678730158730158
Tabs:0.25666666666666665
Archive:0.2006666666666667
