Table:0.6233333333333333
Database:0.48
DITypeInfo:0.3961111111111111
DatabaseInformationFull:0.35
DITableInfo:0.2633333333333333
DINameSpace:0.26
jdbcDatabaseMetaData:0.23666666666666666
DatabaseInformationMain:0.21833333333333332
DatabaseInformation:0.21198412698412697
StopWatch:0.06166666666666667
