TreePanel:0.5066666666666667
MIconChooser:0.35333333333333333
PropertiesBar:0.32666666666666666
CustomIconAction:0.18666666666666668
