Tracker:0.5466666666666666
MetaInfo:0.52
Tree:0.5166666666666667
TrackerEvent:0.29
FSHelper:0.26
MainWindow:0.22
TrackerItem:0.11
