TestStyle:0.7166666666666667
TestMLabel:0.4266666666666667
UITest:0.3433333333333333
