Tokens:0.57
HsqlName:0.43666666666666665
SchemaManager:0.30666666666666664
ParserDDL:0.24666666666666667
DITableInfo:0.245
DatabaseInformationFull:0.23333333333333334
StatementSchema:0.21666666666666667
ParserCommand:0.19333333333333333
ExpressionOp:0.18333333333333332
DatabaseInformation:0.1730952380952381
StatementTypes:0.02666666666666667
