MButton:0.35333333333333333
MSmallColorChooser:0.31
SummaryPanel:0.30333333333333334
MCalendarPanel:0.3016666666666667
PluginDownloader:0.2906666666666667
TaskPanel:0.282
ColumnManager:0.2758333333333333
FeedViewer:0.2733333333333333
MTextFieldPanel:0.27199999999999996
TextEditorDesigner:0.26666666666666666
MFileChooser:0.26066666666666666
MColorChooserDialog:0.26
TreePanel:0.24
InternetSearchPanel:0.23666666666666666
NotepadEditorDesigner:0.22333333333333333
DesktopPanel:0.20333333333333334
PropertiesBar:0.2
ImageInfo:0.19333333333333333
HTMLColorChooserPanel:0.18666666666666668
