OSXApplication:0.39
JPopupButton:0.36
ActionUtil:0.27466666666666667
TogglePaletteAction:0.25333333333333335
ActionPropertyHandler:0.14666666666666667
