TopicVersion:0.6833333333333333
LogItem:0.37666666666666665
DatabaseUpgrades:0.31
UploadServlet:0.22
