ServerPlayer:0.4533333333333333
InGameController:0.42333333333333334
ServerUnit:0.35
ServerPlayerTest:0.25333333333333335
ServerColony:0.21333333333333335
