ChartPainter:0.6366666666666667
ChartView:0.41
ChartDialog:0.31666666666666665
