CalendarDesklet:0.15749276
CalendarWidgetPlugin:0.04446837
