NotepadEditorCore:0.09383348
NotepadEditorPlugin:0.019004878
