Canvas:0.5133333333333333
ModelMessage:0.3566666666666667
ColopediaPanel:0.3566666666666667
MarketLabel:0.2733333333333333
PersistentObject:0.26666666666666666
GoodsLabel:0.24583333333333332
ProductionLabel:0.23583333333333334
UnitLabel:0.22666666666666666
TilePanel:0.22166666666666668
TrainDialog:0.18333333333333332
PurchaseDialog:0.18333333333333332
ReportPanel:0.17944444444444446
RecruitDialog:0.16
EmigrationPanel:0.16
MapEditorTransformPanel:0.13666666666666666
CargoLabel:0.08666666666666667
DragListener:0.07666666666666666
