QueryHandler:0.8433333333333334
DefaultQueryHandler:0.49666666666666665
DatabaseHandler:0.3233333333333333
Topic:0.21666666666666667
DatabaseUpgrades:0.18333333333333332
DB2400QueryHandler:0.16333333333333333
DB2QueryHandler:0.15666666666666668
OracleQueryHandler:0.15666666666666668
WatchlistServlet:0.14
