InputHandler:0.09057469
PreGameController:0.06867733
