EditorController:0.32754666
EditorSettings:0.043214552
