Task:0.4866666666666667
MDate:0.4033333333333333
MFormatter:0.34
SummaryCategory:0.3
FileSelection:0.29333333333333333
ColorPalette:0.19722222222222222
XMLRPCClient:0.19666666666666666
Tracker:0.17444444444444446
TodoEditorPlugin:0.16
