MClipboard:0.5166666666666667
ImageEditor:0.5033333333333333
MText:0.33
