jEdit:0.73
JEditTextArea:0.43
View:0.26666666666666666
BrowserJTree:0.265
HistoryTextField:0.23
OptionsDialog:0.19333333333333333
ActionHandler:0.16166666666666665
WindowHandler:0.16
BrowserView:0.16
FirewallOptionPane:0.15
PluginManagerProgress:0.13666666666666666
Dependency:0.12333333333333334
MouseHandler:0.09333333333333334
OverviewOptionPane:0.023333333333333334
