DynamicContextMenuService:0.6241666666666666
JEditTextArea:0.5616666666666666
EditPane:0.4522222222222222
