PluginSettings:0.15591635
LookAndFeelSettings:0.14987937
AbstractSettingsPage:0.028536603
AbstractSettings:0.02363283
InternetBrowserSettings:0.020137874
GeneralSettings:0.015408819
