FreeColActionUI:0.3433333333333333
ClientOptionsDialog:0.24666666666666667
SelectOptionUI:0.20333333333333334
BooleanOptionUI:0.20333333333333334
IntegerOptionUI:0.20333333333333334
