Console:0.64
ConsoleIO:0.51
ScriptCommand:0.22333333333333333
Action:0.21333333333333335
HistoryCommand:0.20333333333333334
Frame:0.19333333333333333
TodoCommand:0.18
Main:0.17777777777777778
Projects:0.14444444444444446
DebugCommand:0.14333333333333334
SDK:0.11666666666666667
StaticAutoCompletionRenderer:0.08666666666666667
