Player:0.5966666666666667
Unit:0.5233333333333333
IndianSettlement:0.3466666666666667
PlayerTest:0.26
UnitTest:0.15
