Unit:0.8033333333333333
DragListener:0.33666666666666667
UnitTest:0.18
