AbstractOption:0.5066666666666667
LanguageOption:0.4633333333333333
IntegerOption:0.31
PercentageOption:0.30666666666666664
OptionGroup:0.2866666666666667
ListOption:0.23722222222222225
OptionReader:0.20666666666666667
ClientOptions:0.145
