FS:0.6233333333333333
Model:0.35
PropertyPanel:0.29
DefaultPreview:0.2633333333333333
