Figure:0.6566666666666666
LineConnectionFigure:0.30666666666666664
DrawingView:0.2833333333333333
GroupFigure:0.22666666666666666
HideableFigure:0.13666666666666666
FillableFigure:0.0
