MText:0.5333333333333333
MCalendarPanel:0.4
Editor:0.32
Label:0.2633333333333333
MHTMLViewer:0.24444444444444446
MEditorPane:0.24333333333333335
MAboutDialog:0.23
Renderer:0.19055555555555556
MTextPane:0.18333333333333332
EmptyCell:0.11333333333333333
