Tile:0.71
GUI:0.36
DetermineHighSeasAction:0.23166666666666666
ScaleMapAction:0.22833333333333333
ActionManager:0.11
MapEditorMenuBar:0.11
