Region:0.51
Map:0.47333333333333333
TerrainGenerator:0.36333333333333334
ServerRegion:0.29333333333333333
River:0.26
