LobManager:0.47
Log:0.38666666666666666
LobStore:0.28948412698412695
SessionData:0.19833333333333333
LobStoreInJar:0.19
LobStoreMem:0.07666666666666666
LobStoreRAFile:0.07666666666666666
