Colony:0.4166666666666667
Modifier:0.36666666666666664
Feature:0.26
ModifierTest:0.26
