Column:0.19832672
Expression:0.07045024
Types:0.060035184
Trace:0.031265877
HsqlException:0.0022244456
