TriggerDef:0.4327844
Table:0.22960776
DatabaseCommandInterpreter:0.11051599
