TagsUtils:0.7366666666666667
Editor:0.49666666666666665
DnDTransferHandler:0.25666666666666665
ImportExport:0.24
Advanced:0.1577777777777778
