HTMLBuilder:0.85
ConsoleIO:0.30666666666666664
SnippetAction:0.21666666666666667
