MainWindowMenuHandler:0.45666666666666667
MainWindowMenu:0.44666666666666666
MatchesTextArea:0.25666666666666665
IMatcher:0.195
