ServletUtil:0.6566666666666666
WikiUtil:0.5266666666666666
ItemsServlet:0.22333333333333333
RecentChangesFeedServlet:0.12333333333333334
PaginationTag:0.12333333333333334
WatchlistServlet:0.11
HistoryServlet:0.11
CategoryServlet:0.1
ContributionsServlet:0.1
RecentChangesServlet:0.1
