FileCache:0.30666666666666664
Index:0.27666666666666667
ImagePreloader:0.26
IconCache:0.25
Fade:0.23333333333333334
Benchmark:0.22
Feed:0.2
DefaultPreview:0.19333333333333333
ImageEditorCore:0.19
ArchiveChannel:0.18666666666666668
VersionControl:0.18666666666666668
Tracker:0.16666666666666666
DeskletLoader:0.14333333333333334
Database:0.13
