FSHelper:0.6733333333333333
FeedsFS:0.2633333333333333
QueryEditor:0.19333333333333333
TrashFS:0.19333333333333333
