ImageLibrary:0.6766666666666666
BuildingType:0.4583333333333333
