ColopediaPanel:0.5366666666666666
ColopediaResourceAction:0.43
InGameMenuBar:0.33666666666666667
ActionManager:0.23666666666666666
