DefaultDrawingView:0.49666666666666665
DefaultDrawing:0.4033333333333333
QuadTreeDrawing:0.3333333333333333
