Buffer:0.61
jEdit:0.48333333333333334
BufferIORequest:0.33
JEditTextArea:0.30333333333333334
FirstLine:0.25333333333333335
VFSBrowser:0.21777777777777782
DisplayManager:0.20333333333333334
FileCellRenderer:0.15666666666666668
