Log:0.48333333333333334
Session:0.44333333333333336
RangeVariable:0.29333333333333333
SessionManager:0.2633333333333333
Database:0.21666666666666667
RangeVariableResolver:0.21
