NationOptions:0.08505946
Player:0.0805997
FreeColGameObjectType:0.055798892
NationType:0.04747837
FreeColObject:0.04252613
Game:0.035283353
Monarch:0.025560008
