MSmallColorChooser:0.5
MSystemTray:0.42
GeneralSettings:0.35333333333333333
UpdatePlugin:0.3433333333333333
