HTMLFilter2:0.10348087
FilterVisitor:0.05690264
HTMLWriter:0.034686666
EditOptionsDialog:0.032612026
