Handler:0.6033333333333334
XMLTag:0.4166666666666667
XMLFilter:0.365
Translator:0.22166666666666668
