DatabaseManager:0.5333333333333333
Server:0.49666666666666665
Notified:0.44308333333333316
ServerConstants:0.04666666666666667
