NumberRules:0.07878851
Number:0.055377383
OtherNumberRule:0.036071904
