FeedsFS:0.14831601
AddFeedDialog:0.04443065
FeedThread:0.030894296
FeedDownloader:0.025875263
FeedViewer:0.01985555
