JEditTextArea:0.4666666666666667
Install:0.40166666666666667
VFS:0.26
Roster:0.18333333333333332
