Canvas:0.61
FreeColDialog:0.43333333333333335
ChoiceItem:0.23666666666666666
ScaleMapAction:0.13666666666666666
NewEmptyMapAction:0.12333333333333334
DetermineHighSeasAction:0.12333333333333334
