MTextFieldPanel:0.2514017
MText:0.24790865
MTextLabel:0.10962658
MDocumentAdapter:0.06872897
MColorChooser:0.06296254
MFontChooser:0.061879776
MPasswordPanel:0.054443512
MLoginPanel:0.05072059
UI:0.022926524
