jEdit:0.2879455
BeanShell:0.0979482
Buffer:0.08607566
View:0.07250371
Log:0.06404303
FileVFS:0.05544598
OperatingSystem:0.024340358
