MainWindow:0.46166666666666667
EditorController:0.36333333333333334
MainWindowMenuHandler:0.3333333333333333
IEditor:0.259484126984127
EditorSettings:0.25333333333333335
MainWindowUI:0.25
EditorTextArea:0.23222222222222225
ProjectUICommands:0.1927777777777778
SwingWorker:0.07555555555555554
