UI:0.6233333333333333
Watermark:0.2966666666666667
MTextField:0.2898888888888889
MButton:0.23755555555555555
MMessage:0.23
MCheckBox:0.18222222222222223
Output:0.18
MToggleButton:0.1588888888888889
