NoteWidget:0.57
DefaultPreview:0.24666666666666667
ConfigureAction:0.18466666666666667
ConsoleConfig:0.15
DeskletLoader:0.14
SummaryRenderer:0.13666666666666666
StatsDialog:0.13666666666666666
NoteWidgetPlugin:0.12666666666666668
GeneralSettings:0.11
