Buffer:0.8511111111111112
VFSFileChooserDialog:0.31333333333333335
