DefaultInputHandler:0.37333333333333335
Key:0.35333333333333333
KeyEventTranslator:0.2633333333333333
KeyEventWorkaround:0.18
SearchBar:0.17222222222222225
StyleEditor:0.16333333333333333
InputPane:0.16333333333333333
