MList:0.8
GHNSDialog:0.21666666666666667
MountPanel:0.20666666666666667
MSettingsDialog:0.20666666666666667
InternetSearch:0.20333333333333334
FilterDialog:0.20333333333333334
TaskListComponent:0.18333333333333332
MFontChooser:0.17
MIconChooser:0.16333333333333333
MetaInfoList:0.13
PluginList:0.09
