Unit:0.8566666666666667
AIPlayer:0.29
DefendSettlementMission:0.27111111111111114
GUI:0.25833333333333336
