SummaryData:0.58
PickerColorChooserPanel:0.33
MFontChooser:0.3233333333333333
SummaryCategory:0.25666666666666665
