MDateSpinner:0.4066666666666667
MenuButton:0.3438095238095238
TagsEditor:0.32
LabelMenuAction:0.17333333333333334
AddWidgetAction:0.12333333333333334
WidgetListAction:0.12333333333333334
