HTMLFilter2:0.050969176
HTMLOptions:0.03412893
