ChoiceDialog:0.24962759
SelectAmountDialog:0.19264147
OptionsDialog:0.18763526
RecruitDialog:0.18174402
EmigrationPanel:0.16709732
MonarchPanel:0.16634518
ConfirmDeclarationDialog:0.15409286
EndTurnDialog:0.15066563
InformationDialog:0.14821224
TradeRouteDialog:0.1394004
LoadingSavegameDialog:0.13051003
TrainDialog:0.1275341
RiverStylePanel:0.12502895
ErrorPanel:0.1235548
WarehouseDialog:0.120665886
EventPanel:0.10494224
TradeRouteInputDialog:0.101041205
SelectDestinationDialog:0.101030305
EditSettlementDialog:0.09936005
DeclarationDialog:0.09678222
PreCombatDialog:0.09010958
FreeColPanel:0.0890893
FindSettlementDialog:0.07684798
ChoiceItem:0.041630287
