MDataTransfer:0.8466666666666667
FileSelection:0.4066666666666667
ImageTransferHandler:0.2833333333333333
DnDTransferHandler:0.23666666666666666
