DiplomaticTrade:0.1518116
TradeItem:0.14916077
Player:0.11886502
