Task:0.02404463
Column:0.006472946
