LinkUtil:0.5266666666666666
JFlexParser:0.41333333333333333
WikiBase:0.38666666666666666
SearchServlet:0.13
