Encoding:0.6561111111111111
BufferLoadRequest:0.3433333333333333
EncodingWithBOM:0.24333333333333335
CharsetEncoding:0.14333333333333334
