MColor:0.5966666666666667
MText:0.44
ColorComponent:0.3308333333333333
CategoryListRenderer:0.19
CompletionWindow:0.15333333333333332
CheckIcon:0.12333333333333334
TestMColor:0.0011111111111111111
