SearchAndReplace:0.5266666666666666
View:0.45
SearchDialog:0.4033333333333333
