TagsUtils:0.043268465
Tags:0.022625737
