StatementSimple:0.39
ParserDDL:0.37666666666666665
JDBCResultSetMetaData:0.36666666666666664
StatementDML:0.34
StatementSet:0.31
TestSql:0.26
ParserRoutine:0.23666666666666666
StatementSchema:0.22333333333333333
DataFileCache:0.22194444444444447
StatementResultUpdate:0.19666666666666666
ClientThread:0.18333333333333332
StatementSchemaDefinition:0.18
StatementCommand:0.16
StatementSession:0.11
