BoundsOutlineHandle:0.23855956
AttributeKey:0.14537534
AbstractHandle:0.05088463
BezierOutlineHandle:0.050267257
DrawingEditor:0.04634045
BezierControlPointHandle:0.04526295
BezierNodeHandle:0.0303819
TransformHandleKit:0.03027819
TextOverflowHandle:0.02829719
AbstractRotateHandle:0.026647856
RoundRectangleRadiusHandle:0.026225792
NullHandle:0.022896161
AbstractConnectionHandle:0.02019354
MoveHandle:0.018946642
ResizeHandleKit:0.018914266
ConnectorHandle:0.018760739
FontSizeHandle:0.017247923
BezierScaleHandle:0.017064001
TriangleRotationHandler:0.0135713685
Handle:0.0015516325
