FunctionCustom:0.64200354
ExpressionLogical:0.31027207
ExpressionValue:0.2956599
Expression:0.2890283
ParserRoutine:0.13042302
ParserDQL:0.07233495
ParserCommand:0.047966726
Session:0.031277385
Database:0.031230928
TypeInvariants:0.015769888
SessionData:0.014830493
OpTypes:0.00632918
Tokens:0.0
