FunctionSQL:0.5647672
ExpressionArithmetic:0.3775628
Expression:0.2606389
ExpressionValue:0.25427392
ExpressionColumn:0.1952644
ParserDQL:0.07404654
SortAndSlice:0.07200471
Session:0.042425618
HsqlDateTime:0.042387765
Database:0.03345739
SessionContext:0.020314116
SessionData:0.018310584
TransactionManager:0.00982185
OpTypes:0.00697065
Tokens:0.0
