JDBCDatabaseMetaData:0.1473885
JDBCConnection:0.14508668
JDBCResultSet:0.1285152
JDBCPreparedStatement:0.12495268
JDBCStatement:0.12246397
JDBCCallableStatement:0.1096573
JDBCResultSetMetaData:0.10773178
JDBCParameterMetaData:0.10353606
JDBCClob:0.10020504
JDBCSQLXML:0.09550561
JDBCArray:0.08367383
JDBCClobFile:0.08346895
JDBCClobClient:0.08305635
JDBCBlobClient:0.08140425
JDBCArrayBasic:0.078378014
JDBCStatementBase:0.07753712
JDBCSavepoint:0.074875765
JDBCBlobFile:0.0736764
JDBCBlob:0.070645876
JDBCRowId:0.064819075
JDBCDriver:0.064623885
JDBCDataSource:0.057569083
JDBCCommonDataSource:0.05132036
