DataFileCache:0.4766666666666667
ParserDQL:0.43555555555555564
StatementQuery:0.41333333333333333
