Game:0.1353431
Player:0.05369221
FreeColObject:0.049534198
Nation:0.048609175
NationType:0.024166966
