StartGamePanel:0.18530032
ServerListPanel:0.16843997
MainPanel:0.088235095
FreeColPanel:0.030461624
