InputHandler:0.16093151
ConnectController:0.067079514
