InGameInputHandler:0.14972623
InGameController:0.08482209
