NewPanel:0.124491766
GameOptionsDialog:0.0791711
FreeColPanel:0.05148672
PlayersTable:0.037930332
