FeatureContainer:0.6933333333333334
UnitType:0.42
FreeColGameObjectType:0.2633333333333333
