QueryMenu:0.6433333333333333
MList:0.39
QueryEditor:0.3433333333333333
SearchBar:0.31
IconSelection:0.28
TagsSelection:0.28
CategorySelection:0.28
ColorSelection:0.28
DateSelection:0.28
TypeSelection:0.2733333333333333
Action:0.26666666666666666
Dialog:0.21333333333333335
QuickOpenDialog:0.17666666666666667
AbstractNavigationAction:0.16666666666666666
QueryCategorySelection:0.1375
SelectionItem:0.11333333333333333
AbstractComboBoxSelection:0.04
