JDBCDataSource:0.5533333333333333
JDBCCommonDataSource:0.495
JDBCPooledConnection:0.4166666666666667
