Canvas:0.42333333333333334
ReceivingThread:0.35
Connection:0.31
Server:0.2633333333333333
