Player:0.6766666666666666
Canvas:0.39
InGameController:0.3333333333333333
InGameInputHandler:0.30777777777777776
