AbstractHandle:0.6466666666666666
JMixer:0.5166666666666667
PaletteSliderUI:0.38
