PluginJAR:0.47333333333333333
Macros:0.44
EditPlugin:0.30333333333333334
DockableWindowUpdate:0.2733333333333333
EnhancedMenu:0.25333333333333335
ActionHandler:0.1
