DoubleIntIndex:0.8566666666666667
StringUtil:0.36583333333333334
