UI:0.6133333333333333
Net:0.3083333333333333
OS:0.30666666666666664
DefaultPreview:0.26
