Database:0.43333333333333335
HsqlDatabaseProperties:0.4266666666666667
HsqlName:0.41400000000000003
HsqlNameManager:0.3333333333333333
JDBCPreparedStatement:0.32
TableWorks:0.2966666666666667
JDBCConnection:0.2425
