ConflictDialog:0.5033333333333333
EditorController:0.3466666666666667
ConflictDialogController:0.2733333333333333
