MIcon:0.7133333333333334
PropertyPanel:0.31333333333333335
Title:0.24
MSmallColorChooser:0.20333333333333334
LookAndFeelSettings:0.17666666666666667
ToggleIconButton:0.14666666666666667
LockButton:0.14666666666666667
DefaultIconLoader:0.13333333333333333
SnippetsButton:0.09
ToggleTodoIconButton:0.09
ToggleStarIconButton:0.09
