Colony:0.2830847
Tile:0.264772
GoodsContainer:0.2567343
Unit:0.24380183
FreeColGameObject:0.23334357
Game:0.22501257
Player:0.21716228
FreeColObject:0.2037989
Market:0.19449858
TradeRoute:0.1868852
UnitType:0.17326635
Settlement:0.16658862
Map:0.16528784
EquipmentType:0.1455999
Specification:0.14281943
AbstractGoods:0.12658739
GoodsType:0.12404791
Location:0.119759046
BuildableType:0.091243625
StringTemplate:0.090626106
Locatable:0.044351466
Ownable:0.040982034
Named:0.0147456955
