TextAreaView : 0.7855011
DocumentOrientedApplication : 0.78212804
GrapherApplicationView : 0.7528812
