LineConnectionFigure : 0.7745498
DrawingView : 0.8689519
GroupFigure : 0.7660831
HideableFigure : 0.8448225
FillableFigure : 0.8381971
