CompositeFigure : 0.7640835
AbstractFigure : 0.7944612
BorderDecorator : 0.774868
JavaDrawApp : 0.76829934
