LayerCell : 0.7710216
LayersInspector : 0.76034415
StyleableFigure : 0.83540446
DefaultFigureFactory : 0.0
LockableFigure : 0.84531236
