GrapherView : 0.7360436
DocumentOrientedApplication : 0.8286065
GrapherApplication : 0.8304732
