SelectionTool : 0.8349649
MoveHandle : 0.8038928
PointHandle : 0.8250904
ConnectionPointHandle : 0.8270256
RotateHandle : 0.8452218
