SimpleDrawingView : 0.8131689
RotateHandle : 0.868545
