AbstractCommand : 0.82481414
CreationTool : 0.8546802
