DeleteFromDrawingVisitor : 0.81900096
DeleteCommand : 0.8290127
FigureTransferCommand : 0.8449503
InsertIntoDrawingVisitor : 0.82460934
FigureVisitor : 0.7710726
