GrapherView : 0.8011708
LabelFigure : 0.7840418
AbstractLabelFigure : 0.77856404
TextableFigure : 0.80820507
