MoveHandle : 0.7453861
RotateHandle : 0.7829001
RectangleFigure : 0.772228
TextFigure : 0.7938399
EllipseFigure : 0.77672756
ImageFigure : 0.77158946
LineFigure : 0.76564056
AbstractLabelFigure : 0.7803232
LineConnectionFigure : 0.7745498
LabelFigure : 0.78432393
