TransformableFigure : 0.8464056
RotateHandle : 0.7829001
NonTransformableFigure : 0.85354584
