LineConnectionFigure : 0.78099555
LocatorConnector : 0.7973395
CenterConnector : 0.80547523
