SvgExportOutputFormat : 0.7093335
SvgPath2D : 0.86931586
SvgTransformListConverter : 0.8364889
