SimpleDrawing : 0.80978954
SimpleLayer : 0.7915982
Shapes : 0.8503705
