TransformableFigure : 0.75300586
GrowStroke : 0.8500741
AbstractLabelFigure : 0.8154443
Shapes : 0.8503705
Scratchpad : 0.0
LabelFigure : 0.7568124
Subpath has been removed due to the repository version iteration
OffsetStroke : 0.81777203
FlatteningGrowStroke : 0.8500741
