DecoratorFigure : 0.8550131
BouncingDrawing : 0.8815285
AbstractFigure : 0.8376774
JavaDrawApp : 0.8405411
BorderDecorator : 0.851679
