HTMLTextAreaFigure : 0.8558157
ZoomDrawingView : 0.849463
