DragNDropTool : 0.846832
AbstractCommand : 0.8533627
