Geom : 0.75498384
OffsetConnector : 0.7685355
LineConnection : 0.78421324
ConnectionTool : 0.7666638
ChangeConnectionHandle : 0.7730791
AbstractConnector : 0.8062278
NodeFigure : 0.7693339
ChangeConnectionEndHandle : 0.8048294
MyFigure : 0.7908891
MyEllipseFigure : 0.7908891
ConnectorApp : 0.749351
