NodeFigure : 0.82764095
LabeledLineConnectionFigureSample : 0.821624
EditorSample : 0.79939634
ConnectingFiguresSample : 0.80048776
