DrawingView : 0.7974675
TextAreaTool : 0.8749736
