DefaultOSXApplication : 0.85237736
SlantedLiner : 0.8282559
SVGProject : 0.8506742
UndoAction : 0.9182882
ChopRectangleConnector : 0.8106278
SVGZInputFormat : 0.81900597
DrawApplicationModel : 0.84277076
ODGApplicationModel : 0.8503933
ODGProject : 0.78444386
Main : 0.849323
