DefaultSDIApplication : 0.78935516
StickyRectangleConnector : 0.80720216
SlantedLiner : 0.8114246
