ConnectionTool : 0.8245641
AbstractChangeConnectionHandle : 0.8213509
ConnectionHandle : 0.82267153
ElbowLiner : 0.79818875
SlantedLiner : 0.8238995
ChangeConnectionEndHandle : 0.84688056
ChangeConnectionStartHandle : 0.84690386
