ResourceBundleUtil : 0.82754606
SVGApplet : 0.8192166
NetProject : 0.8436049
PertProject : 0.84273535
DrawProject : 0.8470464
SVGProject : 0.84417117
DefaultOSXApplication : 0.8388703
SVGApplicationModel : 0.8706955
PertApplicationModel : 0.8588832
PertPanel : 0.8444591
NetApplicationModel : 0.86061084
NetPanel : 0.84500146
DrawingPanel : 0.8477754
SVGPanel : 0.8488139
DrawApplicationModel : 0.8604549
MultiEditorSample : 0.87088716
