AttributeKey : 0.7819666
SVGImageFigure : 0.7689338
ImageFigure : 0.75897396
QuadTreeDrawing : 0.78406864
SVGInputFormat : 0.7362717
SVGProject : 0.7484907
DefaultDrawingView : 0.76073086
DefaultDrawing : 0.7893707
StreamPosTokenizer : 0.75440097
SVGZOutputFormat : 0.79074025
