SVGAttributeKeys : 0.7753429
AttributeKey : 0.7897065
SVGInputFormat : 0.7589034
SVGTextAreaFigure : 0.791818
StreamPosTokenizer : 0.7621501
SVGTextFigure : 0.7960366
SVGRectFigure : 0.7909078
SVGEllipseFigure : 0.79831016
SVGPathFigure : 0.7825364
RadialGradient : 0.790514
LinearGradient : 0.7958013
