TextInputFormat : 0.821904
EditableComponent : 0.76672995
SVGDrawingPanel : 0.83508265
CopyAction : 0.8018817
PasteAction : 0.81362057
SVGDrawingPanelBeanInfo : 0.8184728
SVGApplet : 0.8135171
SVGProject : 0.83340025
PertApplet : 0.81934226
DrawApplet : 0.8189882
NetApplet : 0.81677735
NetProject : 0.8357042
CutAction : 0.80475
DrawProject : 0.8355391
DrawingViewTransferHandler : 0.8356969
