SVGTextFigure : 0.77795523
TextFigure : 0.7846068
DefaultDrawingEditor : 0.78011876
SVGImageFigure : 0.76613855
ApplyAttributesAction : 0.7700945
ToggleGridAction : 0.8026486
PickAttributesAction : 0.76904774
