JStringAttributeAreaBeanInfo : 0.82399696
TextFigure : 0.82283515
AbstractTool : 0.8118925
JStringAttributeFieldBeanInfo : 0.8252323
TextAreaFigure : 0.8199637
JStringAttributeArea : 0.82934827
TeddyApplication : 0.801922
