BezierFigure : 0.84034586
DependencyFigure : 0.8485444
AbstractFigure : 0.8333612
TaskFigure : 0.81768095
AbstractConnectionHandle : 0.8307203
LineDecoration : 0.7671857
AbstractLineDecoration : 0.8239783
ConnectorHandle : 0.83269554
