SVGOutputFormat : 0.70436674
SVGInputFormat : 0.69473964
BezierTool : 0.8410447
DefaultDrawingViewTransferHandler : 0.8281754
ViewSourceAction : 0.8316018
PathTool : 0.8372578
