OpenAction : 0.8279473
NewAction : 0.8633597
