ToggleStatusBarAction : 0.8336054
ToggleLineWrapAction : 0.8375293
ToggleLineNumbersAction : 0.8349244
FindDialog : 0.8389044
FindAction : 0.8661461
NumberedParagraphView : 0.8410982
RadialGradient : 0.82539445
LinearGradient : 0.82720095
CharacterSetAccessory : 0.8527704
PreferencesDialog : 0.8360429
Main : 0.8376509
PreferencesAction : 0.8332059
TeddySDIApplication : 0.8367979
TeddyMDIApplication : 0.8367979
