EditorColorChooserAction : 0.81738067
SelectionColorIcon : 0.8607091
SelectionColorChooserAction : 0.8333618
