DrawApplet : 0.8255201
SVGApplet : 0.81883603
PertApplet : 0.8259462
NetApplet : 0.82385886
Main : 0.828649
