DrawProject : 0.86323375
DrawApplet : 0.82608324
DrawLiveConnectApplet : 0.8245293
