SVGProject : 0.69698954
SVGApplicationModel : 0.7051521
SVGDrawing : 0.8244071
SVGPropertiesPanelBeanInfo : 0.72814745
ImageMapOutputFormat : 0.7420158
SVGGroupFigure : 0.72295886
SVGDrawingPanel : 0.70407104
SVGApplet : 0.6888155
SVGZOutputFormat : 0.7385475
ViewSourceAction : 0.6794269
