JDoubleTextField : 0.823958
RotateHandle : 0.8559855
AbstractRotateHandle : 0.8140158
SVGApplet : 0.80143404
EditGridPanel : 0.8380899
