SVGInputFormat : 0.71419287
SVGEllipseFigure : 0.82486373
SVGPathFigure : 0.8236289
ImageTransferable : 0.82759464
SVGImageFigure : 0.8227445
ImageInputFormat : 0.84488696
PictImageInputFormat : 0.84322524
BezierNodeHandle : 0.82183063
DefaultDrawingViewTransferHandler : 0.82359844
SVGBezierFigure : 0.8249788
EditDrawingPanel : 0.8296382
DrawView : 0.82883805
ImageTool : 0.83787817
EditDrawingAction : 0.8213381
