SaveAction : 0.7577089
ODGView : 0.7597487
NetView : 0.7616385
PertView : 0.75805134
SVGView : 0.76035154
AbstractView : 0.79633385
DrawView : 0.7552468
