SVGApplet : 0.81147575
DrawApplet : 0.8146229
PertApplet : 0.81517607
NetApplet : 0.8140995
Main : 0.8282268
DrawLiveConnectApplet : 0.815337
TeddyApplicationModel : 0.8097494
