AttributeFieldEventHandler : 0.8204477
JDoubleAttributeField : 0.8348588
GroupAction : 0.83587486
BoundsOutlineHandle : 0.80032694
SVGPathOutlineHandle : 0.80212516
BezierOutlineHandle : 0.8052748
DefaultDrawingEditor : 0.8254649
