DefaultHarmonicColorModel : 0.80725735
HarmonicRule : 0.89293814
HSVHarmonicColorWheelImageProducer : 0.7572388
JMixer : 0.77611065
ColorWheelImageProducer : 0.7886498
HSLHarmonicColorWheelImageProducer : 0.75869054
ColorWheelChooser : 0.7950284
JColorWheel : 0.7818787
HSLRYBColorSystem : 0.7662799
JHarmonicColorWheel : 0.77717346
WheelsAndSlidersMain : 0.73908585
SimpleHarmonicRule : 0.8082442
AbstractHarmonicRule : 0.8342158
