JMixer : 0.8061449
PaletteSliderUI : 0.8010312
