AbstractCompositeFigure : 0.8353087
DelegationSelectionTool : 0.0
SVGTextFigure : 0.8281684
SVGTextAreaFigure : 0.82518476
HandleTracker : 0.81837606
