BezierFigure : 0.8603852
HandleTracker : 0.81510055
DefaultFontChooserModel : 0.8300897
DelegationSelectionTool : 0.0
SVGPathFigure : 0.8327382
BezierNodeHandle : 0.84022915
SVGTextFigure : 0.8435724
SVGBezierFigure : 0.8571276
