PaletteToolBarUI : 0.75719583
ButtonFactory : 0.7535769
DefaultDrawingEditor : 0.77326876
SelectionComponentRepainter : 0.7323846
