CreationTool : 0.77400947
ImageTool : 0.7603399
