ODGInputFormat : 0.7622209
SVGInputFormat : 0.7494453
TextInputFormat : 0.8051327
ImageInputFormat : 0.7861752
DOMStorableInputOutputFormat : 0.7843637
SVGApplet : 0.75240135
SVGApplicationModel : 0.7279516
SVGView : 0.75864154
ODGView : 0.75831515
DrawView : 0.7571051
PertView : 0.75744635
NetView : 0.7610866
PictImageInputFormat : 0.7788373
DefaultDrawingViewTransferHandler : 0.76188785
ImageTool : 0.73546064
SVGZInputFormat : 0.7966462
SVGCreateFromFileTool : 0.73252463
