TextTool : 0.77490485
FloatingTextField : 0.7792197
DefaultFontChooserModel : 0.7774529
FloatingTextArea : 0.77244556
TextFigure : 0.79747856
JFontChooser : 0.76779985
SVGTextAreaFigure : 0.7837096
SVGTextFigure : 0.78751874
TextAreaFigure : 0.78957456
PaletteFontChooserUI : 0.7555462
TextAreaTool : 0.7709622
FontChooserHandler : 0.7428055
UIResource has been removed due to the repository version iteration
