AttributeKeys : 0.8627823
HorizontalLayouter : 0.96835446
FileIconsSample : 0.865465
