AttributeKeys : 0.82336247
FileIconsSample : 0.8059435
