Bezier : 0.856204
PaletteToolBarUI : 0.8156522
BezierTool : 0.8346795
CombineAction : 0.8458164
BezierDemo : 0.72455126
SVGPathFigure : 0.83249056
