GroupAction : 0.8336415
AbstractSelectedAction : 0.85131836
