LineConnectionFigure : 0.83939546
LineFigure : 0.8481182
