SelectionTool : 0.82969576
AbstractTool : 0.8180956
SelectAreaTracker : 0.84136754
DelegationSelectionTool : 0.0
DragTracker : 0.8354754
