HandleTracker : 0.863375
SelectionTool : 0.8566731
TransformHandle has been removed due to the repository version iteration
AbstractView : 0.8166314
DragTracker : 0.8696453
AbstractTool : 0.8291663
EllipseFigure : 0.82864606
CreationTool : 0.8403928
