TextAreaTool : 0.6936236
TextTool : 0.6893251
SVGOutputFormat : 0.8137441
AttributeAction : 0.69411707
DelegationSelectionTool : 0.0
