LinearGradient : 0.7093141
AttributeKeys : 0.68873715
