DefaultSVGFigureFactory : 0.72643596
SVGEllipseFigure : 0.7126113
AttributeKeys : 0.6888429
