BezierPathTest : 0.80032426
DefaultDrawing : 0.857923
AbstractDrawingViewAction : 0.8227068
