BoundedRangeInputStream : 0.8114664
MessagePanel : 0.8029527
