UndoableAdapter : 0.7820152
UndoManager : 0.75255084
UndoableCommand : 0.7756908
FigureEnumerator : 0.77996165
HandleAndEnumerator : 0.75852156
FigureEnumeration : 0.89014196
SingleFigureEnumerator : 0.79335755
HandleEnumerator : 0.7601459
HandleEnumeration : 0.8745525
FigureAndEnumerator : 0.78409797
ReverseFigureEnumerator : 0.7835174
