PaletteTextFieldUI : 0.8435623
FigureToolBar : 0.8341366
SVGApplicationModel : 0.8365287
