DefaultOSXApplication : 0.7946027
SVGGroupFigure : 0.7999778
SVGEllipseFigure : 0.8240628
SVGRectFigure : 0.82422465
SVGTextAreaFigure : 0.8188375
SVGImageFigure : 0.8147632
SVGPathFigure : 0.8057524
SVGTextFigure : 0.82286483
