AttributeKeys : 0.7291445
LinearGradient : 0.7846326
ScalableNumberFormatter : 0.79090106
SVGInputFormat : 0.7326748
DefaultDrawingView : 0.7682889
SVGTextAreaFigure : 0.77661574
LinkHandle : 0.7891877
LabelFigure : 0.7745217
SVGRectFigure : 0.7755734
RadialGradient : 0.7871745
LinkToolBar : 0.785246
AbstractTool : 0.7880646
StrokeToolBar : 0.78253156
