EditCanvasPanel : 0.8120629
EditGridPanel : 0.84087336
FillToolBar : 0.84157723
FontToolBar : 0.82636285
FigureToolBar : 0.8237625
StrokeToolBar : 0.8360249
CanvasToolBar : 0.83269197
ODGPropertiesPanel : 0.82503676
