SVGPathFigure : 0.8246229
DefaultDrawingView : 0.816816
Polygon2D : 0.8552558
Main : 0.79340225
ConvexHullOutlineHandle : 0.81401306
