Geom : 0.7360738
DefaultDrawing : 0.7672182
AbstractCompositeFigure : 0.7661043
QuadTreeDrawing : 0.763757
GrowStroke : 0.7263961
