ConvexHull : 0.8191123
ConnectorHandle : 0.8241455
