SVGView : 0.8384673
SVGInputFormat : 0.6957038
DefaultOSXApplication : 0.83001846
PertView : 0.83151287
DrawingColorChooserAction : 0.8503384
EditorColorChooserAction : 0.8161997
ODGView : 0.83240557
SVGApplet : 0.81959474
DrawView : 0.8358617
NetView : 0.8320422
Main : 0.8263922
JPopupButton : 0.8327891
