SVGTextFigure : 0.70986754
FontFormatter : 0.7037653
DefaultDrawingEditor : 0.68165714
PaletteFontChooserSelectionPanel : 0.67688024
