QuadTreeDrawing : 0.76709425
DefaultDrawing : 0.7736732
