PreferencesUtil : 0.78038144
SVGOutputFormat : 0.63726926
CutAction : 0.8185494
PasteAction : 0.83842325
CopyAction : 0.8261968
