PropertyChangeEdit : 0.8099439
RoundRectangleRadiusHandle : 0.8609231
