AbstractFigure : 0.8305287
GenericListener : 0.7970923
