SVGInputFormat : 0.68964523
PaletteLookAndFeel : 0.82420725
JDisclosureToolBarBeanInfo : 0.82160634
ViewToolBar : 0.8398574
