LinkToolBar : 0.8229114
ArrangeToolBar : 0.84886014
ViewToolBar : 0.8547746
AlignToolBar : 0.8481176
ToolsToolBar : 0.8330292
FontToolBar : 0.8320445
CanvasToolBar : 0.8424781
SVGApplicationModel : 0.88096213
ActionsToolBar : 0.8144091
FillToolBar : 0.8434843
StrokeToolBar : 0.84515494
FigureToolBar : 0.82161915
