SVGApplet : 0.83386695
AbstractDrawing : 0.83662325
SVGView : 0.85097396
