LoadAction : 0.8533742
FindDialog : 0.83557653
OpenAction : 0.8466916
AbstractSaveBeforeAction : 0.8406893
LoadDirectoryAction : 0.8599746
