TeddyView : 0.83105856
DefaultSDIApplication : 0.83412147
DefaultOSXApplication : 0.83687085
PreferencesAction : 0.0
DefaultMDIApplication : 0.8335327
