DefaultMDIApplication : 0.7647908
DefaultSDIApplication : 0.7642398
