DrawApplet : 0.78948015
DrawingPanel : 0.7788323
DrawApplicationModel : 0.77176267
