AnimationSample : 0.8389306
AbstractFigure : 0.83111787
SVGTextFigure : 0.83060384
DefaultDrawingViewTransferHandler : 0.8195545
AbstractClipboard : 0.77484024
EllipseFigure : 0.8234988
AWTClipboard : 0.81472534
JNLPClipboard : 0.8115951
Main : 0.81172156
