DrawApplet : 0.84743226
PertApplet : 0.84778994
NetApplet : 0.84781617
