ImageInputFormat : 0.8202423
OSXClipboard : 0.8373875
ClipboardUtil : 0.8221356
