AbstractTool : 0.7905215
DrawingEditorProxy : 0.8060147
DefaultDrawingEditor : 0.772017
