DefaultDrawingEditor : 0.8256489
SVGPathFigure : 0.8274396
ImageOutputFormat : 0.82315
