OSXApplication : 0.81965506
OpenFileAction : 0.82181036
SaveFileAction : 0.83373296
SDIApplication : 0.8244694
MDIApplication : 0.8251602
OpenRecentFileAction : 0.8353987
