BezierFigure : 0.79384613
AbstractFigure : 0.7912462
ConnectorHandle : 0.7769622
SVGRectFigure : 0.78448236
SVGEllipseFigure : 0.788719
ConnectionTool : 0.77031684
SVGTextAreaFigure : 0.78393406
SVGImageFigure : 0.7796289
SVGTextFigure : 0.79029155
ODGEllipseFigure : 0.79305565
ODGRectFigure : 0.78835285
AbstractConnectionHandle : 0.7962388
LineConnectionFigure : 0.7781995
ODGPathFigure : 0.77211386
SVGPathFigure : 0.77090716
LineFigure : 0.7793309
GroupFigure : 0.8000381
