AbstractFigure : 0.7866215
BezierFigure : 0.7884439
ODGPathFigure : 0.7661874
LineConnectionFigure : 0.77379256
ODGEllipseFigure : 0.7863684
ODGRectFigure : 0.78210664
SVGPathFigure : 0.762976
SVGRectFigure : 0.7777041
SVGEllipseFigure : 0.78030246
SVGTextAreaFigure : 0.77837145
SVGImageFigure : 0.77228385
SVGTextFigure : 0.7851833
LineFigure : 0.76172304
GroupFigure : 0.75707847
