DefaultDrawingView : 0.7695507
CopyAction : 0.71930134
CutAction : 0.720859
PasteAction : 0.765424
SelectAllAction : 0.76583683
ClearSelectionAction : 0.7693657
DuplicateAction : 0.72319806
DeleteAction : 0.75935477
AbstractSelectionAction : 0.7934815
