TeddyApplicationModel : 0.82598263
ToggleLineWrapAction : 0.8479689
ToggleLineNumbersAction : 0.8439671
ToggleStatusBarAction : 0.8443525
FindAction : 0.8378445
