ApplicationModel : 0.8088285
LoadDirectoryAction : 0.8282218
OpenDirectoryAction : 0.8282218
