AbstractLineDecoration : 0.83672684
BezierFigure : 0.86070776
EnhancedPath : 0.8598359
ArrowTip : 0.83594733
SVGPathFigure : 0.834518
SVGTextAreaFigure : 0.83976275
ImageMapOutputFormat : 0.83537686
ODGPathFigure : 0.8341123
AbstractHandle : 0.8057119
SVGRectFigure : 0.8551819
DiamondFigure : 0.8399869
GrowStroke : 0.8686243
PerpendicularBar : 0.82109755
DoubleStroke : 0.86491185
GeneralPathTip : 0.8317319
