JPopupButton : 0.81459945
SVGDrawingPanel : 0.8237233
ActionsToolBar : 0.8105091
