AppletApplication : 0.8570173
AbstractSelectionAction : 0.84440464
