ColorFormatter : 0.8187981
FillToolBar : 0.8361568
StrokeToolBar : 0.84195125
CanvasToolBar : 0.84767777
