FillToolBar : 0.8508322
StrokeToolBar : 0.85230577
CanvasToolBar : 0.84556246
