StrokeToolBar : 0.8925762
CanvasToolBar : 0.88727134
