OutputFormat : 0.8834381
SVGDrawingPanel : 0.7601912
SVGOutputFormat : 0.7440798
ImageOutputFormat : 0.78307563
TextInputFormat : 0.80880815
DrawView : 0.75752157
SerializationInputOutputFormat : 0.7979517
ODGInputFormat : 0.76690936
ImageInputFormat : 0.79053086
NetView : 0.76185787
DOMStorableInputOutputFormat : 0.7932216
DefaultDrawingViewTransferHandler : 0.76633793
ODGView : 0.75713843
SVGView : 0.7748258
SVGDrawingPanelSample : 0.7659871
PertView : 0.7555552
SVGInputFormat : 0.74958897
ImageMapOutputFormat : 0.7633076
SVGCreateFromFileTool : 0.7455345
