ColorFormatter : 0.819528
PaletteFormattedTextFieldUI : 0.8466229
PaletteTextFieldUI : 0.8449875
FillToolBar : 0.8360022
StrokeToolBar : 0.8418521
CanvasToolBar : 0.8474783
