DefaultDrawingView : 0.746786
QuadTreeDrawing : 0.766782
DefaultDrawing : 0.77253777
