ColorSliderUI : 0.8231409
PaletteSliderThumbIcon : 0.81507754
PalettePanelUI : 0.84055495
Images : 0.8335871
PaletteCMYKChooser : 0.7362607
PaletteRGBChooser : 0.8266745
PaletteHSBChooser : 0.82016355
PaletteColorSliderUI : 0.8592736
