PaletteColorSlidersChooser : 0.8399182
JComponentPopup : 0.8142914
