JComponentPopup : 0.8375868
DrawingColorChooserHandler : 0.8600815
