DefaultDrawing : 0.82628185
QuadTreeDrawing : 0.8247956
