AbstractViewAction : 0.83850914
SDIApplication : 0.8468655
MDIApplication : 0.8465107
AbstractSaveUnsavedChangesAction : 0.84042305
LoadRecentFileAction : 0.8282837
