TeddyView : 0.77179223
AbstractView : 0.79249007
OpenFileAction : 0.737076
OpenRecentFileAction : 0.75569
