JavaxDOMInput : 0.89305943
JavaPrimitivesDOMFactory : 0.8412356
