LinearGradient : 0.8509243
RadialGradient : 0.8502331
DefaultAttributeAction : 0.8198732
MultiIcon : 0.8296396
ImageInputFormat : 0.834332
AbstractTransferable : 0.7947607
