TextCreationTool : 0.8141204
TextAreaCreationTool : 0.82504064
