SVGOutputFormat : 0.67753595
OSXPaletteHandler : 0.8387953
ColorTrackImageProducer : 0.8145298
ToolBarPrefsHandler : 0.8228927
