ODGInputFormat : 0.7227597
PaletteToolBarUI : 0.6850341
SVGTextAreaFigure : 0.71265864
OpenFileAction : 0.67173517
AbstractSaveUnsavedChangesAction : 0.69173527
SaveFileAction : 0.68560004
OpenApplicationFileAction : 0.6861502
OpenRecentFileAction : 0.6843438
