JAttributeTextFieldBeanInfo : 0.8575563
JAttributeTextAreaBeanInfo : 0.8574758
EditCanvasPanel : 0.82998705
ODGPropertiesPanel : 0.83667016
PaletteSwatchesChooser : 0.83415455
JAttributeSlider : 0.8647765
ColorIcon : 0.8401046
JAttributeSliderBeanInfo : 0.85849315
JAttributeTextArea : 0.8780126
