AbstractApplication : 0.78586453
JAttributeSlider : 0.8016553
SVGApplicationModel : 0.76466036
SDIApplication : 0.7587114
DefaultDragTracker : 0.7352335
FocusWindowAction : 0.7742811
NewFileAction : 0.81029487
