TaskFigure : 0.8198342
Insets2D : 0.8095955
PertView : 0.8241038
Main : 0.8105842
