CreationTool : 0.82563365
ImageTool : 0.8222106
SVGCreateFromFileTool : 0.8088827
