ButtonFactory : 0.80076754
AbstractAttributedFigure : 0.8035985
AbstractAttributedCompositeFigure : 0.80479056
