JSheet : 0.8147516
ButtonFactory : 0.82627326
DefaultMenuBuilder : 0.8106843
FindDialog : 0.8111769
CrossPlatformApplication : 0.8636117
Main : 0.84562516
