AbstractApplication : 0.8171028
EditCanvasPanel : 0.8093591
SVGDrawingPanelSample : 0.8306237
ExitAction : 0.82526314
LoadFileAction : 0.8102565
Dialogs : 0.81258047
ExportFileAction : 0.81858075
PrintFileAction : 0.8258718
ImageTool : 0.8250662
CharacterSetAccessory : 0.8007853
SVGCreateFromFileTool : 0.820922
OpenFileAction : 0.8003677
AbstractSaveUnsavedChangesAction : 0.8150996
SaveFileAction : 0.8098925
OpenApplicationFileAction : 0.81018317
OpenRecentFileAction : 0.8073288
LoadRecentFileAction : 0.810039
PrintApplicationFileAction : 0.82351524
ClearFileAction : 0.85187924
