PaletteLookAndFeel : 0.8323167
StreamPosTokenizer : 0.80508304
Matcher : 0.8267822
