DocumentOrientedApplication : 0.7862921
AbstractView : 0.792595
