FillToolBar : 0.8616613
StrokeToolBar : 0.8641912
CanvasToolBar : 0.863035
