SVGTextAreaFigure : 0.71282214
ColorSliderUI : 0.69718826
SVGApplet : 0.6890658
CanvasToolBar : 0.70079494
