SimpleDrawingView : 0.7739148
CreationTool : 0.7714495
SimpleHighlightHandle : 0.79036707
