ListenerSupport : 0.7960955
RectangleFigure : 0.8217273
LabelFigure : 0.7894452
LineFigure : 0.84202206
GroupFigure : 0.80225
AbstractShapeFigure : 0.81083727
ConnectableFigure : 0.7809197
