CreationTool : 0.7675674
FigureSpecificConstrainer : 0.79471916
GridConstrainer : 0.76342225
NullConstrainer : 0.7953415
