SimpleDrawingView : 0.775483
SimpleSelectAreaTracker : 0.7474218
