DocumentOrientedApplication : 0.7830068
TextAreaView : 0.7864516
AbstractView : 0.792595
CloseFileAction : 0.7762257
AbstractSaveUnsavedChangesAction : 0.7625886
GrapherView : 0.7547618
LoadFileAction : 0.7613145
ClearFileAction : 0.79165703
LoadRecentFileAction : 0.75831604
