SimpleDrawingView : 0.7740545
SimpleDragTracker : 0.7576398
SelectionTool : 0.7761195
