SimpleDrawingView : 0.774388
DocumentOrientedApplication : 0.7795895
AbstractCompositeFigure : 0.768855
SelectionTool : 0.7761195
SimpleHighlightHandle : 0.782702
