SimpleHighlightHandle : 0.7877936
ConnectingFiguresSample : 0.6950087
