CircleFigure : 0.82224524
RectangleFigure : 0.8217273
EllipseFigure : 0.826663
LineFigure : 0.84202206
AbstractShapeFigure : 0.8101451
