SimpleDrawingView : 0.77341217
DrawingView : 0.8689519
GrapherView : 0.7600845
Drawing : 0.83268964
RectangleFigure : 0.772228
TextFigure : 0.7938399
LineFigure : 0.76564056
ConnectingFiguresSample : 0.6950087
CircleFigure : 0.7774563
EllipseFigure : 0.77672756
