Handle : 0.88192093
SimpleDrawingView : 0.7732578
Converter : 0.84957343
LineConnectionFigure : 0.7745498
CssSample : 0.7553313
MoveHandle : 0.7453861
CSSConverterFactory : 0.7067951
CSSFontConverter : 0.7356287
CSSSizeListConverter : 0.7724726
