DrawingModel : 0.8478987
SimpleDrawingView : 0.77302563
AbstractTool : 0.7973341
MoveHandle : 0.7453861
PointHandle : 0.7803352
AbstractDrawingModel : 0.78347605
ConnectionPointHandle : 0.7747163
