Key : 0.86434144
SimpleDrawingView : 0.7717985
SimpleKey : 0.82202053
SimpleFigureKey : 0.8362446
