LabelFigure : 0.7979051
TextHolderFigure : 0.79614955
SimpleLabelFigure : 0.84383523
