Handle : 0.88192093
SimpleDrawingView : 0.77152616
LineConnectionFigure : 0.7745498
MoveHandle : 0.7453861
PointHandle : 0.7842656
ConnectionPointHandle : 0.7795422
LineFigure : 0.76564056
BoundsInLocalHandle : 0.7908239
LineWireframeHandle : 0.79172635
BoundsInParentHandle : 0.7909112
HandleType : 0.0
