PointHandle : 0.8099464
ConnectionPointHandle : 0.80619735
