Figure : 0.8819209
SimpleDrawingView : 0.76876754
PointHandle : 0.79642034
LineConnectionFigure : 0.7702184
LineFigure : 0.76519126
DrawingView : 0.8648753
RotateHandle : 0.7821311
MoveHandle : 0.75105053
ConnectionPointHandle : 0.7864055
ResizeHandle : 0.7749528
HandleType : 0.0
BoundsInParentOutlineHandle : 0.78452253
LineOutlineHandle : 0.7846795
BoundsInLocalOutlineHandle : 0.7843699
CssSample : 0.75153583
