RotateHandle : 0.7829001
ResizeHandleKit : 0.7674099
