AbstractDrawingModel : 0.77553684
AbstractFigure : 0.7871841
ConnectionsNoLayoutDrawingModel : 0.74605024
