SimpleDrawingView : 0.78328997
DocumentOrientedApplication : 0.79589427
AbstractTool : 0.80372196
SimpleLabelFigure : 0.80351585
SelectionTool : 0.78159845
ClearSelectionAction : 0.7693657
CreationTool : 0.77408296
CutAction : 0.720859
CopyAction : 0.71930134
PasteAction : 0.765424
SelectAllAction : 0.76583683
DeleteAction : 0.75837296
DrawingEditor : 0.86116606
SimpleDrawingViewNode has been removed due to the repository version iteration
ToolsToolbar : 0.7914138
SimpleDrawingEditor : 0.81753635
NewFXMain : 0.82602155
