ConnectionPointHandle : 0.79511434
BoundsInLocalOutlineHandle : 0.81944454
ChopRectangleConnector : 0.8493443
ChopEllipseConnector : 0.841493
LineConnectionTool : 0.7893489
