LineConnectionFigure : 0.7745498
RotateHandle : 0.7829001
GridConstrainer : 0.74542624
ConnectionsNoLayoutDrawingModel : 0.73794407
