SimpleImageFigure : 0.75855726
SimpleDrawing : 0.75405645
CssSample : 0.7424192
