Key : 0.85232407
TaskCompletionEvent : 0.7704001
TextAreaView : 0.78530747
DocumentOrientedApplication : 0.7825088
PropertyBean : 0.8508359
Actions : 0.72325104
BackgroundTask : 0.7929527
AbstractSaveUnsavedChangesAction : 0.7625886
GrapherView : 0.7510171
HierarchicalMap : 0.7842225
CloseFileAction : 0.7762257
LoadRecentFileAction : 0.75831604
LoadFileAction : 0.7613145
ClearFileAction : 0.79165703
