SimpleDrawingView : 0.7780586
ResizeHandleKit : 0.7674099
LineConnectionFigure : 0.7745498
LineFigure : 0.76564056
MessageStringFormatter : 0.7665015
AbstractFigure : 0.7871841
