SimpleDrawingView : 0.77621675
SimpleSelectAreaTracker : 0.752093
CreationTool : 0.7681278
SelectionTool : 0.7761195
HandleTracker : 0.72872275
SimpleHandleTracker : 0.77370554
