SimpleDrawingView : 0.8110807
SimpleDragTracker : 0.7982127
