RotateHandle : 0.7829001
MoveHandleKit : 0.7813309
SimpleDragTracker : 0.768692
