DrawingModelEvent : 0.7866102
AbstractDrawingModel : 0.77650046
AbstractFigure : 0.7871841
