ConnectionPointHandle : 0.78894097
ConnectionTool : 0.7675319
