LineConnectionFigure : 0.7745498
ConnectionPointHandle : 0.7867918
ConnectionsNoLayoutDrawingModel : 0.7371862
AbstractDrawingModel : 0.77649933
ConnectionsAndLayoutDrawingModel : 0.74053305
ConnectionTool : 0.7675319
