LineConnectionFigure : 0.7745498
ConnectionsNoLayoutDrawingModel : 0.7369389
AbstractFigure : 0.7871841
ConnectionPointHandle : 0.7867918
AbstractDrawingModel : 0.77650046
ConnectionsAndLayoutDrawingModel : 0.74057066
ConnectionTool : 0.7675319
