LineConnectionFigure : 0.7745498
ConnectionPointHandle : 0.7867918
ConnectionTool : 0.7675319
