AbstractDrawingModel : 0.77741855
AbstractFigure : 0.7871841
