SimpleDrawing : 0.82337666
StyleManager : 0.79761297
CssSample : 0.800173
Drawing : 0.7252851
