SimpleDrawing : 0.8303269
AbstractStyleManager : 0.83676684
