DrawingView : 0.8689519
SelectionTool : 0.77697045
LineConnectionFigure : 0.7745498
SimpleDrawingView : 0.7767757
RotateHandle : 0.7829001
MoveHandle : 0.7453861
SimpleDragTracker : 0.7689947
