StandardDrawingView : 0.7719928
StandardDrawing : 0.7597806
CompositeFigure : 0.7801312
