Drawing : 0.83268964
LayerCell : 0.75772876
SimpleXmlIO : 0.7479243
AbstractDrawingInspector : 0.8040599
LayersInspector : 0.7805078
CanvasInspector : 0.7389393
AbstractFigure : 0.7871841
SimpleLayer : 0.79343534
ReversedObservableList : 0.80411184
DefaultFigureFactory : 0.0
XmlBooleanConverter : 0.7807985
