SimpleDrawingView : 0.7768964
LayersInspector : 0.77010447
IterableTree : 0.8769222
