CompositeFigure : 0.7640835
AbstractFigure : 0.7944612
CompositeFigureCreationTool : 0.7707923
BouncingDrawing : 0.7571841
BorderDecorator : 0.774868
UngroupCommand : 0.73731655
TextAreaFigure : 0.77402043
NestedCreationTool : 0.76855165
