JDBCResultSetTest:0.49666666666666665
JDBCDatabaseMetaDataTest:0.4766666666666667
JDBCSQLXMLTest:0.39
JDBCPreparedStatementTest:0.25333333333333335
UtilTest:0.17
