FeedsFS : 0.7297731
TreeFS : 0.72780865
TrashFS : 0.8429944
TextUtils : 0.81587255
MouseGestures : 0.8038433
