Console : 0.71161556
MCharsetMenu : 0.8368739
MLinkAction : 0.82294834
