AbstractChannel : 0.86770797
FeedViewer : 0.8192667
