MSmallColorButton : 0.8461317
MFileChooser : 0.86071765
Blend : 0.82466125
InternetSearch : 0.86370516
MNotification : 0.84970987
MDialog : 0.84866256
Main : 0.7095799
MURLButton : 0.72379744
AutoCompletion : 0.8485517
PluginRenderer : 0.8431658
RenameEditor : 0.84659976
ItemRenderer : 0.85172045
MProgressBar : 0.8683235
AbstractRenderer : 0.8305145
Net : 0.761987
