ScriptExecutor : 0.81932265
MetaInfo : 0.8277072
ScriptError : 0.8256891
ScriptIDE : 0.820666
ControlPanel : 0.835046
MainWindow : 0.68609
MText : 0.8296262
MToolBar : 0.82117933
Task : 0.856745
MDate : 0.91577774
FeedViewer : 0.83131063
RatingPanel has been removed due to the repository version iteration
PrintDialog : 0.8278061
ScriptPlugin : 0.8192518
DateTimeEditor : 0.85493255
CalendarComponent has been removed due to the repository version iteration
