MPanel : 0.79450995
MScrollPane : 0.77482367
PropertiesPanel : 0.7559644
Filter : 0.77114755
Filters : 0.7530427
