Index : 0.8491759
ScriptCommand : 0.7060413
