FormPanel : 0.8316441
DT : 0.8029262
MDataTransfer : 0.8233607
ContainerIterator : 0.8325159
XMLRPCClient : 0.8234942
MAuthenticator : 0.8198645
