MMenu : 0.81778383
AbstractIterator : 0.8265838
MComboBox : 0.8337003
MTabbedPane : 0.8252549
MMenuBar : 0.824608
MList : 0.83315665
TestAbstractIterator : 0.8544514
