TK : 0.81826687
Info : 0.0
HelpGenerator : 0.82157946
MButton : 0.83377236
MPasswordField : 0.82513744
EditorQuickFind : 0.8349961
InternetSearchPanel : 0.70875293
TestTK : 0.686733
Shortcut has been removed due to the repository version iteration
MWhatsThis : 0.8325904
TestUI : 0.8274039
ToolButton : 0.8206401
