MColor : 0.82270247
SimpleProgressBar : 0.81529593
MProgressIcon : 0.8276399
MProgressBar : 0.83099234
AdvancedProperties : 0.8347787
