MWizard : 0.82169384
FeedsFS : 0.7084832
TodoEditorCore : 0.8126475
MCalendar : 0.8265556
DesktopPanel : 0.8384686
