MIconChooser : 0.83575475
Sidebar : 0.83775836
MAboutDialog : 0.6818945
