MMouseAdapter : 0.679226
Filters : 0.6779121
Size : 0.7271458
