MSearchPanel : 0.0
QuickOpenDialog : 0.8514648
MTableFilterPanel : 0.8449375
