MApplication : 0.82612497
Armor : 0.6859906
