Links : 0.67602414
CategoryList : 0.8417012
ColorPalette : 0.8232706
Tags : 0.83826244
ImportExport : 0.828934
SummaryCategory : 0.8345293
AbstractEnumTest : 0.0
