MFileChooser : 0.8426404
MCharacterChooser : 0.8397393
