MEditorPane : 0.8377811
FeedViewer : 0.82552314
WikiPanel : 0.72544086
