Fade : 0.83955145
MNotification : 0.8449034
