MActionInfo : 0.7241259
Autosave : 0.67007923
