MDate : 0.8587796
MFormatter has been removed due to the repository version iteration
SummaryCategory : 0.8370208
FileSelection : 0.8183376
ColorPalette : 0.82379544
XMLRPCClient : 0.8280242
Tracker : 0.8259808
TodoEditorPlugin : 0.83076364
