MLabel : 0.83272547
Title has been removed due to the repository version iteration
FormPanel : 0.8166896
MSpinnerPanel : 0.8268243
MButton : 0.8226358
Tabs : 0.8166189
XMLRPCClient : 0.80241364
TestMLabel : 0.8043797
WordCountPreviewProvider : 0.8187279
MSearchPanel : 0.0
