MActionInfo : 0.83342993
GHNSDialog : 0.81340986
TestTK : 0.6957568
Screen : 0.8149517
TreeFS : 0.67882377
CategoryManager : 0.83207744
PluginInstaller : 0.8231139
