Size : 0.75226814
MPanel : 0.82170945
MToolBar : 0.8096815
MTreeItem : 0.8355389
MColor : 0.80528903
Tester : 0.83594286
HelpAction has been removed due to the repository version iteration
UpdateInfo : 0.6929647
