PluginDownloader : 0.71183866
StuffRenderer : 0.8259608
PluginRenderer : 0.83579236
