MTree : 0.85202825
FSNewFile : 0.7787086
AbstractFS : 0.8427479
FSHelper : 0.8511981
NewFileDialog : 0.8469418
FeedsFS : 0.7179959
Query : 0.8339078
NewFileAction has been removed due to the repository version iteration
PropertiesDialog : 0.862203
TreePanel : 0.86751324
TreeFS : 0.85692763
