MTextFieldPanel : 0.85814214
TreePanel : 0.84258527
MFontChooser : 0.86533093
SearchBar : 0.84760827
NewFolderDialog : 0.83837605
