MSpinnerPanel : 0.8327396
Task : 0.8297148
MDateSpinner : 0.83959
MFrame : 0.82951534
PropertyPanel : 0.8200156
CountInfo has been removed due to the repository version iteration
MPlusMinusPanel : 0.8302732
