CategoryList : 0.8284149
DT : 0.812937
CategoryPropertiesPanel has been removed due to the repository version iteration
CategoryManager : 0.8419015
StuffRenderer : 0.8390746
PluginDownloader : 0.7192717
TestDT : 0.81003284
SummaryCategory : 0.82474035
PluginRenderer : 0.8397795
