FSHelper : 0.835786
AbstractFS : 0.83124244
Tracker : 0.8269276
PropertiesPanel : 0.83264357
