Message has been removed due to the repository version iteration
MStatusBar : 0.83227265
MApplication : 0.8167984
MDialog : 0.8205465
MText : 0.82521653
Tabs : 0.82233495
MMessageLabel : 0.815678
Desktop : 0.828504
MMultiPanel : 0.81880933
MLinkButton : 0.8184151
MNotification : 0.81565386
Preview : 0.801218
StaticMouseHandler has been removed due to the repository version iteration
DebugCommand : 0.81503963
