TreeFS : 0.70518017
Editor : 0.8299528
