Style : 0.81886613
FontBuilder : 0.8320604
TextUtils : 0.83378536
PropertyPanel : 0.8211014
TaskTable : 0.8238264
WebBrowserTab : 0.8291715
MFontButton : 0.83043075
MCheckBox : 0.8298791
MRadioButton : 0.8304993
