OS : 0.81425697
ColorRenderer : 0.8246546
