Syntax : 0.8285827
PrintDialog : 0.8330032
ScriptCommand : 0.699896
MEditorPane : 0.8520039
NotepadEditor : 0.8439689
