ConsoleIO : 0.8312223
ScriptCommand : 0.728449
ScriptIDE : 0.719307
