SearchBar : 0.8436387
TaskPanel : 0.8452474
