UI : 0.81266844
MIcon : 0.812021
MApplication : 0.69236743
