MNotification : 0.8185742
MMouseAdapter : 0.7987513
