HelpGenerator : 0.8277684
Mods : 0.8170986
MasterKey : 0.8189078
IconTheme : 0.8393703
