Tester : 0.7048186
Sidebar : 0.7129076
