Property : 0.8378889
Desktop : 0.8397572
SimpleProgressBar : 0.82792366
Model has been removed due to the repository version iteration
SummaryData : 0.8238753
Console : 0.715904
