Backup : 0.6761749
MWizard : 0.7004341
