MGroupLayout : 0.8217019
Console : 0.6910599
AbstractTest : 0.8341491
TestTK : 0.6980933
