OS : 0.8112271
TestTK : 0.6996119
MIconChooser : 0.82649535
Context has been removed due to the repository version iteration
MLineBorder : 0.80061305
