MTextPreviewPanel : 0.84652865
NoteWidget : 0.8351023
CustomColorSettings : 0.8382689
FormPanel : 0.82412004
MSpinnerPanel : 0.8319562
MFontChooser : 0.83218133
