MSmallColorChooser : 0.8383199
ColorHistory : 0.8535477
