FeedsFSPlugin : 0.8243266
SummaryRenderer : 0.84234595
