PluginDownloader : 0.73668885
PluginInstaller : 0.80373895
PluginSettings : 0.80587447
Checksum : 0.81518507
