GHNSDialog : 0.83014214
SummaryPanel : 0.8275565
PluginDownloader : 0.7247625
