ConsoleIO : 0.7144422
DebugCommand : 0.71027136
HistoryCommand : 0.7070659
