PluginInfo : 0.8307327
GHNSDialog : 0.8175077
PluginDownloader : 0.730757
PluginRenderer : 0.82561016
