PropertyPanel : 0.83207715
DesktopSettings : 0.8375933
