Globals : 0.8263042
AutoCompletion : 0.83689815
Components : 0.794748
