FSHelper : 0.8441325
AbstractFS : 0.84083086
FeedsFS : 0.7067155
ItemRenderer : 0.8359457
