Version : 0.8087986
SessionManager : 0.81904286
MDialog : 0.8207045
MTable : 0.8171685
HistoryCommand : 0.8093062
MApplication : 0.7096007
FilterDialog : 0.8310281
MAboutDialog : 0.69584435
Filter : 0.80480003
ScriptCommand : 0.68841594
ImageLayerUI : 0.82413304
