DefaultPageChecker : 0.80990696
TextUtils : 0.8374868
