TK : 0.817795
MAction : 0.8358841
