Application : 0.71022856
SDK : 0.8293982
MSystemTray : 0.72385705
