SummaryData : 0.8389855
TodoEditorPlugin : 0.8403275
TaskSelection : 0.8444996
