Plugin : 0.6957826
PluginManager : 0.8149981
PluginInfo : 0.82270557
MetaInfo : 0.82682186
InternetSearchPlugin : 0.82463264
MAboutDialog : 0.67680746
PluginClassLoader : 0.80950737
InternetSearchPanel : 0.6930024
PluginSettings : 0.80806816
WikipediaInternetSearchPlugin : 0.8235479
PluginAction : 0.0
