Category : 0.83207524
MSearchPanel : 0.8319819
PluginSettings : 0.8216267
DefaultPageChecker : 0.82380134
