MApplication : 0.7321904
Version : 0.82027435
PluginManager : 0.8196999
PluginInfo : 0.8244755
Item : 0.8353571
PluginDownloader : 0.72488475
Armor : 0.71645343
PluginSettings : 0.80608284
TestOS : 0.71056163
InputMethodAction has been removed due to the repository version iteration
ProjectVersionValidator has been removed due to the repository version iteration
UpdateInfo : 0.7236298
