NoteWidget : 0.8349074
WidgetTitle : 0.8157262
