Text has been removed due to the repository version iteration
MTip : 0.8319821
MInfoBar : 0.8381467
TodoEditor : 0.82650596
FormPanel : 0.8239102
TagsEditor : 0.8288951
TestXML : 0.0
DesktopTab : 0.8299371
