MApplication : 0.70336074
About : 0.8218567
Args : 0.8263769
HelpGenerator : 0.69238013
Tester : 0.7033047
TodoEditorCore : 0.8070435
PluginDownloader : 0.7111846
Item : 0.8324822
TestVersion : 0.81459016
NotepadEditorCore : 0.81349796
SDK : 0.70573133
UpdatePanel : 0.0
