FeedsFS : 0.71119654
PrintPreviewPanel : 0.83663005
EditorQuickFind : 0.8422897
FeedViewer : 0.83561826
ScriptIDE : 0.71544397
Editor : 0.8296917
MouseGestures : 0.81972617
MActionInfo : 0.85599273
PluginSettings : 0.82928675
Page has been removed due to the repository version iteration
