MStatusBar : 0.86447227
Tabs : 0.84300315
MSwingWorker : 0.83122724
ImportExport : 0.8323125
MainView : 0.85218567
MMainWindow : 0.8260241
MApplication : 0.72081953
DefaultHelpSystem has been removed due to the repository version iteration
