MStatusBar : 0.846112
Tree : 0.82772815
MIconChooser : 0.83909106
IconTheme : 0.8327624
