SearchFS : 0.8481573
Main : 0.6983976
