MPanel : 0.8361942
MDialog : 0.8295131
ChartPanel : 0.83137196
MWizardDialog : 0.8295086
MToolBar : 0.827055
PropertiesPanel : 0.8272508
Filters : 0.81515646
Args : 0.82366925
MCheckBox : 0.8287211
NewFolderDialog : 0.82786363
MRadioButton : 0.8289856
TreeStatsPanel : 0.81563336
SearchPanel has been removed due to the repository version iteration
