PrintDialog : 0.7163451
PrintPreviewPanel : 0.7170435
TodoWidget : 0.69464505
