Editor : 0.83093107
PrintBuilder : 0.7228788
PrintDialog : 0.8223943
SwingWebBrowser : 0.8280618
MainWindow : 0.71732795
FeedViewer : 0.8253692
TodoEditor : 0.8268756
CalendarTab : 0.8421266
ImageEditor : 0.82518524
PrintAction has been removed due to the repository version iteration
AbstractTextEditor : 0.8282663
WebBrowserTab : 0.82813066
SummaryTree : 0.81196856
DocumentPrint : 0.82130814
