WebService : 0.82763404
TrashFS : 0.8542302
PluginManager : 0.84159994
WebPanel : 0.83068544
AbstractFS : 0.8334751
AbstractFileCache : 0.8444988
FileScanner has been removed due to the repository version iteration
