TaskPanel : 0.7348682
ArchiveChannel : 0.7207805
ImageEditor : 0.71295273
CalendarTab : 0.72067237
ArchiveItem : 0.7500996
StuffRenderer : 0.73293155
GroupTree : 0.7112641
TodoEditorCore : 0.7152034
PluginDownloader : 0.8222246
ByCategory has been removed due to the repository version iteration
