CategoryListRenderer : 0.82269603
MetaInfo : 0.82899266
View has been removed due to the repository version iteration
TaskTable : 0.8261131
MSimpleLayout : 0.81713
QueryMenu : 0.83936036
TreeFS : 0.68208724
FeedThread : 0.8213239
SummaryData : 0.82881355
SummaryRenderer : 0.8179478
