FSHelper : 0.8221575
AdvancedProperties : 0.8453623
AbstractFS : 0.82034284
ImportExport : 0.8292338
PropertiesPanel : 0.8301575
