DT : 0.8316122
Property : 0.85153806
PropertyPanel : 0.82544816
MDateTimePanel : 0.8396338
BackupDialog : 0.8185741
VersionControl : 0.83952004
ListWriter has been removed due to the repository version iteration
VersionInfo : 0.0
DateTimeProperty : 0.8575196
