MApplication : 0.6824791
Config : 0.81898004
FS : 0.81674266
GHNSDialog : 0.81164616
HelpGenerator : 0.67929065
MCalendarPanel : 0.8169377
PluginSettings : 0.68620676
Param has been removed due to the repository version iteration
