Item : 0.8546466
ListActionsLayerUI : 0.82252026
ActionGroup : 0.8475696
MComboBox : 0.8454315
PluginSettings : 0.70627135
PriorityEditor : 0.0
