MountPanel : 0.82955277
NewFolderDialog : 0.82701445
PropertiesPanel : 0.81832474
