MMessage : 0.8384185
TagsEditor : 0.8445967
