Args : 0.81858313
MountManager : 0.8434776
