Editor : 0.82976395
AbstractFS : 0.828345
Query : 0.8336987
