MPainter : 0.8262624
MDateTimePanel : 0.835374
ScriptIDE : 0.7196634
