LinkEditor : 0.85372424
MPanel : 0.8414532
TodoEditorCore : 0.828449
FeedsFS : 0.70528936
HTMLAutodiscovery : 0.6823121
LinkEditorPlugin : 0.8443667
TestRepeatRule : 0.8186257
