TK : 0.81727004
Property : 0.83066314
Builder has been removed due to the repository version iteration
MRenderer : 0.8153693
BooleanRenderer : 0.80713606
TaskTable : 0.82526916
MToolBar : 0.82639754
SelectionTool : 0.8320994
MTextField : 0.8429356
HelpGenerator : 0.6968242
SummaryRenderer : 0.824659
MFontComboBox : 0.0
