Reflect : 0.8138692
MDialog : 0.82088476
QueryMenu : 0.81255996
MSplashScreen : 0.82729924
PropertiesBar : 0.8220852
MColor : 0.8219155
MWizardDialog : 0.81540126
FSException : 0.0
PopupWindow has been removed due to the repository version iteration
