Index : 0.8387832
MProperties : 0.84023565
Ico : 0.8244117
MIcon : 0.82324475
Editor : 0.8307299
Info : 0.0
DefaultPreview : 0.72254795
ConfigFile : 0.8369076
Projects : 0.84000856
Armor : 0.6957881
RunAction has been removed due to the repository version iteration
ImportExport : 0.8352639
NotepadEditor : 0.8326857
TodoEditor : 0.83016354
LinkEditor : 0.84140474
Checksum : 0.8184186
EditorCrypto : 0.7060107
EditorExport : 0.7844736
Main : 0.6865776
FaviconRequestManager has been removed due to the repository version iteration
