UI : 0.82962227
Tabs : 0.8393613
MApplet : 0.8416581
