FeedsFS : 0.69670933
ImportExport : 0.86088276
