MMessage : 0.8329698
FSHelper : 0.8322894
FilterDialog : 0.84689087
