ImageEditor : 0.8551623
MTip : 0.8359863
