LookAndFeelSettings : 0.8475565
MFileChooser : 0.86143255
Main : 0.7112538
SimpleListCellRenderer : 0.81045794
