CompleteRenderer : 0.792208
PriorityRenderer : 0.84828836
