ItemRenderer : 0.8423805
LookAndFeelSettings : 0.8581102
