MainWindow : 0.69381535
Tabs : 0.83470803
ImageEditor : 0.8349608
Backup : 0.83380145
