ImageEditor : 0.85541785
TodoEditor : 0.8493982
