VersionDialog : 0.84609336
PluginSettings : 0.84413946
ScriptIDE : 0.8421987
TaskSummary : 0.81650156
