MList : 0.82830614
VersionDialog : 0.8255682
PluginRenderer : 0.8307446
FeedThread : 0.8189023
