LinkEditor : 0.8414008
FeedsFS : 0.7034798
VersionControl : 0.79807603
VersionInfo : 0.8130929
VersionDialog : 0.83928967
MountPanel : 0.8462222
CustomAdvancedPanel has been removed due to the repository version iteration
GeneralSettings : 0.8310484
