Index : 0.8324467
TextEditor : 0.8433695
TextEditorDesigner : 0.84968734
ActionGroup : 0.8433143
VersionControl : 0.8217454
