MAction : 0.8218047
MTextPane : 0.8142328
Tree : 0.82445353
TextEditor : 0.8197049
MSmallColorButton : 0.84000325
MSplitPane : 0.8117145
ToggleButton has been removed due to the repository version iteration
