MSmallColorButton : 0.8227017
FilterDialog : 0.81314224
TreePanel : 0.8174143
