FileScanner : 0.82699186
Tree : 0.8384855
TrashFS : 0.85035825
