FileScanner : 0.8259061
DnDTransferHandler : 0.8429982
