MDocumentAdapter : 0.7038236
MNotification : 0.7046843
ControlPanel : 0.708643
MSplashScreen : 0.69994485
Main : 0.8368459
ScriptIDE : 0.6930403
MWindow : 0.7004717
ClearAction has been removed due to the repository version iteration
