MainWindow : 0.69413
MMenu : 0.83435905
MToolBar : 0.82745945
Main : 0.7118306
