MTextFieldPanel : 0.8484692
CoolHeader : 0.8064593
