TabIcon : 0.8697155
MSmallButton : 0.86584973
MProgressBar : 0.87046593
