Tree : 0.845353
MPasswordField : 0.8390356
