SortComparator : 0.8227861
SearchBar : 0.8363627
