TodoEditorCore : 0.7345707
TextUtils : 0.756105
Browser : 0.77956283
TextEditor : 0.76708806
NotepadEditor : 0.7732512
TodoEditor : 0.75366056
FeedViewer : 0.7688999
EditorQuickFind : 0.7620694
SearchHighlighter has been removed due to the repository version iteration
