MTextField : 0.8658048
MComboBox : 0.85572153
MLabeledTextField : 0.86822164
