MList : 0.86318344
CompleteRenderer : 0.82840145
PriorityRenderer : 0.83171767
LookAndFeelSettings : 0.83941025
PluginRenderer : 0.8187554
