TreePanel : 0.69890434
VersionDialog : 0.69715405
ImageInfo : 0.6720926
