TreeFS : 0.6969042
Widget : 0.7115247
ImportExport : 0.6911764
