Console : 0.79147434
ModManager : 0.858387
