OPMLWriter : 0.847276
FeedsFS : 0.7048443
MTreeScanner : 0.81523615
