MAbout : 0.70149857
MTree : 0.850905
TaskInfoButton : 0.84998524
