OPMLReader : 0.834073
Net : 0.7057652
FeedsFS : 0.71721286
