ImportExport : 0.8652248
Desktop : 0.87001354
