TextEditor : 0.8552617
NotepadEditor : 0.84339625
