PluginManager : 0.84950703
Console : 0.84794074
EditorPlugin : 0.83417255
PluginSettings : 0.8483869
MainWindow : 0.69629663
PluginDownloader : 0.8500614
InternetSearch : 0.86094093
ImportExport : 0.8550821
LookAndFeelSettings : 0.8462006
TreeFS : 0.85665673
NewFileDialog : 0.8481022
NoteWidgetPlugin : 0.86491793
AbstractPlugin : 0.82270616
DesktopPanel : 0.8576117
CustomSearch has been removed due to the repository version iteration
QueryEditor : 0.86586046
PluginSettingsPage has been removed due to the repository version iteration
PluginComboBox : 0.8757027
