Config : 0.84268934
SessionManager : 0.8524328
Tree : 0.841612
Tabs : 0.8389418
MainWindow : 0.6892126
Bookmarks : 0.85203594
FSHelper : 0.8391731
ItemRenderer : 0.827491
SearchBar : 0.8414597
FeedThread : 0.8421872
