Widget2Help : 0.8435955
NotepadEditorCore : 0.86056644
