SessionManager : 0.85513794
MainWindow : 0.700161
FeedsFS : 0.69780165
