ArchiveItem : 0.81855804
FeedsFS : 0.70116943
Enclosure : 0.8120134
ArchiveChannel : 0.84242344
Net : 0.6764027
