FSHelper : 0.8735474
AdvancedProperties : 0.8532932
FeedThread : 0.83929694
