RSSChannel : 0.8589129
ArchiveChannel : 0.82389563
Atom10Channel : 0.7508072
AbstractChannel : 0.83039206
Atom0xChannel : 0.7532257
Info has been removed due to the repository version iteration
