AbstractMarkupBuilder : 0.7315163
OPMLWriter : 0.7481366
XMLBuilder : 0.0
