Backup : 0.6795101
TodoEditor : 0.7054323
MAbout : 0.82118577
ProxySettings : 0.6605216
EnumProperty : 0.6862478
BackupPlugin : 0.7271458
AboutAction has been removed due to the repository version iteration
