PrintPreview : 0.86048615
MTogglePanel : 0.8322956
Wizard has been removed due to the repository version iteration
RenameEditor : 0.83379096
MSystemTray : 0.85340345
NoteBorder : 0.83163774
PluginComboBox : 0.8750708
