Archive : 0.70413595
ArchiveChannel : 0.72354573
FeedThread : 0.6963812
