TodoEditorCore : 0.8440853
XMLHandler : 0.8518518
