AdvancedProperties : 0.8486492
PluginMenu : 0.7247568
TagsMenu : 0.8615955
