MetaInfo : 0.8234737
Preloader : 0.8272808
PluginMenu : 0.72247803
Feed : 0.6698066
Widget2Help : 0.82905304
MouseGestures : 0.80092144
FeedsFS : 0.6850837
MColorChooser : 0.70082116
Desktop : 0.8336125
XMLHelper : 0.8150556
Gesture has been removed due to the repository version iteration
MSplashScreen : 0.8364643
DesktopPanel : 0.82825154
