FeedsFS : 0.7115075
ArchiveChannel : 0.83595675
