MetaInfo : 0.84024864
XMLHandler : 0.8286487
ItemRenderer : 0.8300366
