Application : 0.8650049
SDK : 0.7234904
Main : 0.72606695
