MetaInfo : 0.8221276
FeedsFS : 0.71741545
FSProperties : 0.7914256
Tabs : 0.81259084
Archive : 0.81921005
