Widget : 0.8170613
FeedThread : 0.84606135
FeedViewer : 0.8287214
NoteWidget : 0.83573097
LookAndFeelSettings : 0.83126426
Expired has been removed due to the repository version iteration
ArchiveChannel : 0.8460806
FeedsFS : 0.7021495
AbstractItem : 0.81732076
