TodoEditorCore : 0.8225911
DateTimeRenderer : 0.82157916
