TodoEditor : 0.8260245
NotepadEditor : 0.81975806
InternetSearch : 0.82999873
PluginComboBox : 0.8280358
