PropertiesPanel : 0.83533907
MSmallColorButton : 0.8134778
FeedThread : 0.84526914
