MMenu : 0.83600503
MMessage : 0.8288883
MainWindow : 0.69100577
Feed : 0.67542964
ControlPanel : 0.84328884
SearchBar : 0.8418763
LookAndFeelSettings : 0.83395946
