MouseGestures : 0.8206804
Widget2Help : 0.84220743
