FeedsFS : 0.70137805
FeedDownloader : 0.84355795
