TaskManager : 0.6386798
TaskSummary : 0.6848616
