Summary : 0.8435798
TaskSummary : 0.8449813
Tracker : 0.83701897
TaskManager : 0.85479105
