TaskInfo : 0.8043805
TaskModel : 0.84196806
TaskManager : 0.85361886
