Summary : 0.84361255
TaskManager : 0.85173386
CalendarWidget : 0.83502394
