MDialog : 0.7122982
PropertiesPanel : 0.6920161
PropertiesDialog : 0.719198
