FeedViewer : 0.83762294
MURLButton : 0.7061778
