FSProperties : 0.7716462
VersionPanel : 0.82924324
VersionDialog : 0.0
MButton : 0.8359376
PropertiesPanel : 0.82691455
PropertiesBar : 0.82877433
