MDialog : 0.8452159
ScriptPlugin : 0.84492624
Mnemonic : 0.84891826
MButton : 0.8538097
