FS : 0.8301347
MMouseAdapter : 0.80127877
Size : 0.85122985
Config : 0.8253855
MList : 0.8244988
MWebBrowser : 0.8221292
MAction : 0.8119099
MTree : 0.8206354
Application : 0.8120158
MNotification : 0.8234147
CoolHeader : 0.8351989
Mnemonic : 0.8210411
MTreeItem : 0.81763345
FileScanner : 0.78299755
XMLHelper : 0.81626344
MAbout : 0.70051825
ScriptError : 0.8272454
MMenuBar : 0.82494116
