MIcon : 0.84892714
TangoIconLoader : 0.8268005
