Desktop : 0.7002876
Vars : 0.0
NoteWidgetPlugin : 0.7158167
LiveTutorial : 0.68170094
GeneralSettings : 0.6987527
