MURLButton : 0.7132931
TreeFS : 0.8412453
NoteWidget : 0.8489749
