Tabs : 0.84122443
TrashFS : 0.8551251
PropertiesBar : 0.8485178
MetaInfoAction : 0.8364336
