VersionPanel : 0.86939865
VersionInfo : 0.8372052
PropertiesPanel : 0.83403796
