PropertiesPanel : 0.86328393
PreviewPanel : 0.8734643
PropertiesDialog : 0.86705893
DefaultPreview : 0.90222234
