MPanel : 0.84284276
TagsEditor : 0.8565567
InternetSearch : 0.85656095
EditorQuickFind : 0.86118513
MSmallButton : 0.8785462
