Tabs : 0.8528178
MTip : 0.84232396
ClipboardException : 0.0
