Watermark : 0.8406571
MTextField : 0.8376801
MButton : 0.83645964
MMessage : 0.8297457
MCheckBox : 0.8161291
Output has been removed due to the repository version iteration
MToggleButton : 0.83360153
