FeedsFSPlugin : 0.7295932
PluginInfo : 0.7162408
