Style : 0.7922139
MLabel : 0.8515789
TaskInfoButton : 0.8331636
MToolBar : 0.83362526
ResizeDialog : 0.8499957
ImageInfo : 0.80960727
StyleSupport : 0.7755545
