Style : 0.8294707
MTextArea : 0.84089154
ScriptIDE : 0.8233572
