MTable : 0.8266801
Style : 0.8285502
MTextPane : 0.83633405
PropertiesPanel : 0.8295011
TodoEditor : 0.83200413
FeedViewer : 0.8314399
NotepadEditor : 0.8293439
MDialog : 0.8237386
