Style : 0.8267976
MNotification : 0.8241079
MAbout : 0.69634587
MDialog : 0.8234904
MPanel : 0.83813125
CoolLabel : 0.84249735
Desktop : 0.8322768
MTextArea : 0.84050494
MFontComboBox : 0.8247865
