Style : 0.8244817
MCalendar : 0.8174518
PrintPreview : 0.83109885
Desktop : 0.83187515
MTextFieldPanel : 0.8315612
MNotification : 0.82398933
CoolHeader : 0.8342879
TagsEditor : 0.8258581
DayButton has been removed due to the repository version iteration
Bookmarks : 0.8337001
MTip : 0.81923485
PropertiesBar : 0.8324517
ItemRenderer : 0.8334349
MButton : 0.8387156
MTextField : 0.84235054
PluginRenderer : 0.82106525
TaskInfoButton : 0.8319369
MMenuItem : 0.85347503
