MDialog : 0.8209705
ImageEditorCore : 0.8335541
PropertiesPanel : 0.8250071
MCalendar : 0.82478356
MDateSpinner : 0.83595175
MTextLabel : 0.8493923
