ImageEditorCore : 0.8361241
MStatusBar : 0.8351782
ItemRenderer : 0.8336147
NoteWidget : 0.8410686
MSplashScreen : 0.8367549
MenuButton has been removed due to the repository version iteration
MFontComboBox : 0.82439905
