MLabel : 0.83497566
CoolHeader : 0.82607657
MStatusBar : 0.8378837
PrintPreview : 0.82395834
TextEditorDesigner : 0.83767945
MAbout : 0.7174699
Presentation : 0.81855184
TaskSummary : 0.8136572
ItemRenderer : 0.8166249
ImageInfo : 0.79372084
TabComponent : 0.84130234
