Summary : 0.81002814
TaskSummary : 0.8050579
MSmallButton : 0.8360526
