MLabel : 0.8317716
MStatusBar : 0.8325005
MainWindow : 0.7150622
MTextArea : 0.8419443
MAbout : 0.7218634
BackgroundTaskManager : 0.80795443
Sidebar : 0.81206983
ItemRenderer : 0.8096502
Presentation : 0.80934656
ScriptError : 0.808407
TabComponent : 0.83787763
MenuButton has been removed due to the repository version iteration
TaskInfoButton : 0.80682826
