MMainWindow : 0.8265524
MURLButton : 0.7349611
