AutoCompletion : 0.85734993
Item has been removed due to the repository version iteration
MountPanel : 0.8570713
RenameEditor : 0.8530486
AbstractSpinner : 0.8720302
EditorQuickFind : 0.86991596
InternetSearch : 0.8728687
InternetBrowserSettings : 0.8798188
