MainWindow : 0.7115423
TaskManager : 0.8571714
