PropertiesPanel : 0.842287
ArchiveChannel : 0.83217007
SDK : 0.69098973
