PluginManager : 0.8404321
VersionProperty : 0.8117147
PluginSettings : 0.8331235
PluginRenderer : 0.7942198
