DeskletLoader : 0.84821975
PluginInstaller : 0.8595353
