PropertiesBar : 0.853344
MTextFieldPanel : 0.8552789
MToolBar : 0.8523828
