MButton : 0.71590966
TreePanel : 0.7242184
