MetaInfo : 0.84339964
DefaultPreview : 0.8566135
PreviewPanel : 0.83914053
PropertiesPanel : 0.8321962
ItemRenderer : 0.82621634
IntegerProperty : 0.8529526
