Desktop : 0.8409187
MInternalFrame : 0.82634646
MDesktopPane : 0.0
