CoolHeader : 0.83629304
MButton : 0.8347169
TextEditorCore : 0.7087588
SimpleListCellRenderer : 0.8225135
MColorIcon : 0.82490313
CoolLabel : 0.84531605
MSplashScreen : 0.83864385
MenuButton has been removed due to the repository version iteration
