MetaInfo : 0.8264184
FileCache : 0.8242336
DefaultPreview : 0.83568597
ImageEditorCore : 0.8375814
ItemRenderer : 0.8349797
