MainWindow : 0.68853736
SummaryEditor : 0.8318083
