DeskletWidget : 0.72875553
DeskletWidgetDockingContainer : 0.835437
