NoteWidget : 0.84764767
DeskletLoader : 0.70403504
