Archive : 0.8215684
FeedsFS : 0.70849305
