Index : 0.8581609
ImagePreloader : 0.850235
IconCache has been removed due to the repository version iteration
Fade : 0.82977617
Benchmark : 0.8475498
Feed : 0.6797883
DefaultPreview : 0.8545159
ImageEditorCore : 0.84218854
ArchiveChannel : 0.843367
VersionControl : 0.8587212
Tracker : 0.8484994
DeskletLoader : 0.6947645
Database has been removed due to the repository version iteration
