Checksum : 0.822263
Backup : 0.8059258
