Style : 0.81387067
SimpleListCellRenderer : 0.82287455
MColorIcon : 0.82594556
Net : 0.68545943
MTextFieldPanel : 0.8317007
MButton : 0.8341707
MToolBar : 0.8380653
MAbout : 0.6998337
MTip : 0.8191221
LinearGradientPainter has been removed due to the repository version iteration
SimpleTableCellRenderer : 0.8285039
MetalTitle has been removed due to the repository version iteration
