Tabs : 0.83146185
EditorPassword : 0.8105319
VersionControl : 0.81880987
FSHelper : 0.8082955
