VersionPanel : 0.8331283
EditorPassword : 0.8112676
