Widget : 0.8343021
DeskletLoader : 0.705606
AutoCompletionData : 0.8498285
