CalendarDesklet : 0.7311498
MToolBar : 0.8359744
