DeskletWidgetContainer : 0.8307392
CalendarDesklet : 0.72706276
