DeskletInfo : 0.8172226
MDownloadDialog : 0.8394286
