DeskletWidget : 0.84752566
DeskletWidgetDockingContainer : 0.8338235
