Main : 0.7237502
Desktop : 0.8363841
