Desktop : 0.8340662
DeskletWidget : 0.6676183
Bookmarks : 0.84482956
SortComparator : 0.83180696
