TK : 0.8402797
MStatusBar : 0.83740795
EditorQuickFind : 0.85433406
TabIcon has been removed due to the repository version iteration
RenameEditor : 0.82594055
