MColorIcon : 0.8268445
MCheckBox : 0.8190566
MToggleButton : 0.8416254
MButton : 0.83515394
MTextField : 0.84597087
