TextEditorCore : 0.73193955
NoteWidget : 0.86783063
