MText : 0.8336284
Tabs : 0.8312799
ImageEditor : 0.8344408
MTextPane : 0.846578
ScriptIDE : 0.8254714
TodoEditorCore : 0.8090003
NoteWidget : 0.8356998
LinkEditor : 0.8326384
ImageEditorCore : 0.8293569
NotepadEditor : 0.830436
NotepadEditorCore : 0.84044415
EditorPreview has been removed due to the repository version iteration
Modifiable has been removed due to the repository version iteration
