TextEditor : 0.8671777
NoteWidget : 0.8656039
NotepadEditor : 0.84458274
ScriptIDE : 0.8542986
TextEditorCore : 0.7287915
