MNotification : 0.82387286
MCalendar : 0.81670433
MColorIcon : 0.8111766
ImageSelection : 0.84363335
RoundedBackgroundPainter has been removed due to the repository version iteration
PreviewPanel : 0.83053315
LogFile : 0.84308666
MURLAction : 0.8326683
TaskSelection : 0.8439805
