MainWindow : 0.6970548
TodoEditor : 0.8157627
MTable : 0.82061166
Tree : 0.8171518
TodoEditorCore : 0.8055316
MTree : 0.8187617
MList : 0.8297733
