ScriptExecutor : 0.851432
MMenu : 0.84486634
MToolBar : 0.8339045
