Summary : 0.847854
PreviewPanel : 0.8397499
