TagsEditor : 0.8520475
PropertiesPanel : 0.838685
