MIcon : 0.82802796
Model : 0.8287755
MetaInfo : 0.8423804
MainWindow : 0.6940669
PluginInfo : 0.82927346
