MainWindow : 0.6932995
MStatusBar : 0.8439437
Main : 0.6943513
Sidebar : 0.85725856
Tabs : 0.8579635
MFrame : 0.83377874
PropertiesBar : 0.8578551
SearchBar : 0.8505958
EditorQuickFind : 0.85480183
DesktopPanel : 0.85327005
