MainWindow : 0.6871416
TodoEditor : 0.8356025
ChartDialog : 0.8377138
ChartView : 0.8226372
