CoolLabel : 0.8479362
MDialog : 0.82250065
MCellTip : 0.828585
MButton : 0.8352431
PopupContent has been removed due to the repository version iteration
TaskSummary : 0.8229186
