AbstractFS : 0.8496651
FeedsFS : 0.70031005
ImportExport : 0.86082333
