Tabs : 0.7148327
TextEditor : 0.7228908
ImageEditor : 0.7145435
MTextFieldPanel : 0.7327337
MouseGestures : 0.6938539
