Browser : 0.8233496
Archive : 0.8197724
PrintDialog : 0.80335397
LinkEditor : 0.81768286
AbstractTextEditor : 0.8122422
ArchiveChannel : 0.83551973
FeedViewer : 0.81628823
ImageEditor : 0.81966585
TodoEditor : 0.8119965
UpdateDialog : 0.79259247
