OS : 0.82852316
MProcess : 0.84253454
MDownloadDialog : 0.83858055
PropertiesBar : 0.8359567
