MWebBrowser : 0.76976585
FeedViewer : 0.77337724
PropertiesBar : 0.7597006
QueryEditor : 0.7531355
