Browser : 0.7021775
EditorSearch : 0.7089936
TodoEditor : 0.6891947
WebBrowserEditor : 0.69816935
FeedViewer : 0.687319
EditorQuickFind : 0.6794408
AbstractTextEditor : 0.68372864
