MToolBar : 0.83154076
AutoCompletion : 0.8378284
ActionGroup : 0.82244337
AbstractFS : 0.82570463
AbstractSettings : 0.8234501
NoteWidget : 0.8420943
Archive : 0.82847935
MTogglePanel : 0.82371294
Property : 0.84726197
SDK : 0.6786791
Replace has been removed due to the repository version iteration
Summary : 0.8259015
HTMLColorChooserPanel has been removed due to the repository version iteration
EditorQuickFind : 0.8477698
VersionPanel : 0.8389076
PropertiesBar : 0.8377738
Pair : 0.838887
AnnotationBar : 0.8320928
