MMainWindow : 0.82632613
TextEditorDesigner : 0.8472499
PropertiesDialog : 0.8686062
MFrame : 0.812784
MStatusBar : 0.83851635
