TodoEditorCore : 0.8172587
XMLHelper : 0.83587074
