PluginSettings : 0.68716246
AppSettings : 0.69777346
