UI : 0.8225381
MDate : 0.82805604
PluginManager : 0.84352016
TextEditorCore : 0.7021506
