FS : 0.8262912
MIcon : 0.8239083
MMessage : 0.8270347
Title has been removed due to the repository version iteration
MColorIcon : 0.82874566
MFileChooser : 0.83712876
MNotification : 0.8240538
CoolHeader : 0.8396515
MRating : 0.8371017
MStatusBar : 0.8393031
MAbout : 0.6981647
MSmallButton : 0.85555017
Net : 0.6746721
BackgroundTaskManager : 0.8293139
MThrobber : 0.84780633
MDesktopPane : 0.0
DefaultIconLoader : 0.8319591
Cache has been removed due to the repository version iteration
