ImportExport : 0.8618127
InternetSearchPlugin : 0.8543318
