MButton : 0.83491254
MPanel : 0.83967805
MTextPane : 0.8297373
MTextField : 0.8452965
MTextArea : 0.83729243
MLabel : 0.8516922
MTable : 0.8251958
MToggleButton : 0.8385199
MMenuItem : 0.85542834
StyleSupport : 0.8172917
