ImageEditor : 0.69715226
EditorAnnotation : 0.7282021
AnnotationBar : 0.6936042
AnnotationInfo : 0.0
