DesktopToolBar : 0.8719804
DeskletWidget : 0.7287479
