DeskletWidgetContext : 0.82220924
DeskletWidgetContainer : 0.84691215
MDownloadDialog : 0.8305777
AbstractDeskletContainer : 0.82751966
ConfigurationContainer : 0.8509271
