PluginManager : 0.86298895
DeskletLoader : 0.71578515
LookAndFeelPlugin : 0.8582795
