Task : 0.82158756
DateTimeRenderer : 0.8573201
