Filter : 0.8735133
Sorter : 0.8308551
