PrintPreview : 0.8335827
PrintDialog : 0.8487679
PropertiesPanel : 0.8325229
