ImageEditorCore : 0.8569973
ImagePrintInfo : 0.82786584
