ImagePrintInfo : 0.84940976
ChartDialog : 0.8730485
