MDialog : 0.8249558
FSHelper : 0.839849
