Title has been removed due to the repository version iteration
MainWindow : 0.69698834
MDateSpinner : 0.8550351
MTree : 0.84418225
Tabs : 0.85335314
Bookmarks : 0.85174954
CalendarWidgetPlugin : 0.85002995
DeskletWidget : 0.70188904
MSystemTray : 0.8517518
ImageInfo : 0.81890935
