Filter : 0.8554239
TodoEditorCore : 0.8324441
