Links : 0.68383884
PropertiesBar : 0.6885148
