MWizard : 0.69994164
FeedDownloader : 0.6996175
