RequestSource : 0.77676505
DefaultPreview : 0.8406756
TaskManager : 0.84676343
Summary : 0.8359684
Tracker : 0.83312386
AbstractRequestManager : 0.8226603
TaskReader has been removed due to the repository version iteration
