FeedsFS : 0.7076604
QueryEditor : 0.8433483
TrashFS : 0.8651928
