DeskletWidgetContext : 0.8331747
CalendarDesklet : 0.7266583
DeskletDialog : 0.84629816
