MWebBrowser : 0.7724219
ChartDialog : 0.7784817
