EditorConfig : 0.7922064
ImageEditor : 0.8367604
TodoEditor : 0.82995164
Tabs : 0.8332681
FeedViewer : 0.8252976
NotepadEditor : 0.83362687
EditorPreview has been removed due to the repository version iteration
