Tester : 0.77285445
TestGHNSDownload : 0.7850699
TestStuff : 0.78112125
