DefaultPreview : 0.85181653
ConfigureAction has been removed due to the repository version iteration
ConsoleConfig : 0.86024106
DeskletLoader : 0.68205875
SummaryRenderer : 0.879132
StatsDialog : 0.8680089
NoteWidgetPlugin : 0.88406664
GeneralSettings : 0.8906257
