AbstractPreview : 0.8585848
LinkEditorPlugin : 0.86405444
