TodoEditorPlugin : 0.8299087
TaskInfoButton : 0.8322067
