ChartView : 0.82532763
FeedViewer : 0.8286016
ChartDialog : 0.8413814
StatsDialog : 0.8240521
ConsolePlugin : 0.8258118
