MIcon : 0.7868159
ChartDialog : 0.79151505
MURLButton : 0.7761672
MTextFieldPanel : 0.80337656
TodoEditor : 0.7756824
DoneComponent : 0.8180623
Browser : 0.7749537
FeedViewer : 0.7749561
LookAndFeelSettings : 0.7535736
DefaultIconLoader : 0.83735657
TangoIconLoader : 0.7873861
IconSizePreview has been removed due to the repository version iteration
StatsDialog : 0.7580869
IconTheme : 0.81318355
