StatsPlugin : 0.8151002
IconTheme : 0.8386523
