MNotification : 0.71176505
TagsMenu : 0.70427305
