Info has been removed due to the repository version iteration
DefaultPreview : 0.84934044
Feed : 0.7002825
Index : 0.850747
SDK : 0.70171666
