Feed : 0.66710657
MSlider : 0.82180923
TreeSettings : 0.83295614
