SearchFS : 0.8526899
MCalendar : 0.83446085
StatsDialog : 0.8591487
