IconLoader : 0.92783546
MIcon : 0.78113997
AbstractPreview : 0.84887564
DefaultPreview : 0.7975152
FeedViewer : 0.7751381
FeedComponent : 0.7943423
DefaultIconLoader : 0.8342175
PropertiesPanel : 0.752263
MMultiPanel : 0.80118716
AddRemovePanel has been removed due to the repository version iteration
LinkEditorPlugin : 0.783644
MColorButton : 0.79651815
AbstractItem : 0.83710676
TodoEditorPlugin : 0.7801079
LinkButton has been removed due to the repository version iteration
