UI : 0.7802394
DefaultPreview : 0.80180407
ImageEditorCore : 0.78432983
MIcon : 0.78244674
LinkEditorPlugin : 0.78248906
PreviewPanel : 0.7893784
TodoEditorPlugin : 0.7828912
