MLogger : 0.83723575
PluginInfo : 0.85231656
MainWindow : 0.6937701
TodoEditor : 0.83303046
PluginManager : 0.8352018
DefaultPreview : 0.8378134
TaskModel : 0.8562853
TaskTable : 0.83469146
LinkEditorPlugin : 0.8381364
