CompleteRenderer : 0.818243
FSRenderer : 0.82334876
CompleteEditor : 0.88767594
