MetaInfo : 0.7495983
DefaultPreview : 0.75997853
AbstractPreview : 0.78667796
ItemRenderer : 0.737531
PreviewPanel : 0.7489849
TodoEditorPlugin : 0.7553991
LinkEditorPlugin : 0.7480089
Result has been removed due to the repository version iteration
