Config : 0.8541074
DefaultPreview : 0.84205455
Gettext : 0.8288436
LinkEditorPlugin : 0.85688096
