MainWindow : 0.68302107
MTogglePanel : 0.8267059
FilterDialog : 0.8358575
Sidebar : 0.8285373
SelectionItem has been removed due to the repository version iteration
ToolManager : 0.8158492
