Tree : 0.84946275
MCellTip : 0.85540205
DeskletWidget : 0.8565153
