FilterDialog : 0.8313502
ImageEditor : 0.8373476
NotepadEditor : 0.83448416
