ChartModel : 0.8358947
TodoEditorCore : 0.8465005
