TodoEditor : 0.8405308
AbstractListTableModel : 0.8332158
DefaultPreview : 0.8408018
