AbstractListTableModel : 0.83606976
TaskTable : 0.8438414
