RequestInfo : 0.8197412
TaskTable : 0.83750856
ItemRenderer : 0.8426907
TodoEditorCore : 0.836936
AbstractRequestManager : 0.8232588
