Editor : 0.828095
TaskList : 0.83323896
MTree : 0.8367564
TaskManager : 0.8435122
TreeSettings : 0.83424944
DeskletLoader : 0.67902064
AlarmManager : 0.8390719
Action has been removed due to the repository version iteration
