Vars : 0.0
DefaultPreview : 0.8403664
ItemRenderer : 0.8430022
TreeSettings : 0.8335108
LinkEditorPlugin : 0.8663219
