Net : 0.6713714
Filters : 0.82879543
