Editor : 0.82822806
Tree : 0.84191364
ItemRenderer : 0.842941
AbstractRequestManager : 0.8244796
FeedThread : 0.84054047
