TaskModel : 0.8143245
AlarmManager : 0.81678534
TodoEditorCore : 0.82037467
TaskManager : 0.8173054
ToolManager : 0.8142136
