MAbout : 0.7034576
ItemRenderer : 0.8378795
TaskInfoButton : 0.830186
