MCalendar : 0.75554264
FeedViewer : 0.7650103
MWebBrowser : 0.77031666
