ArchiveChannel : 0.84410256
FeedViewer : 0.8319547
AbstractChannel : 0.82822955
