TodoEditor : 0.76975167
FeedViewer : 0.77553135
ChartDialog : 0.7869274
StatsPlugin : 0.75350255
StatsDialog : 0.740973
