PluginSettings : 0.85954297
ScriptCommand : 0.86880594
