ItemRenderer : 0.8433672
FSHelper : 0.84093946
