Tree : 0.8388678
MTreeModel : 0.8701477
