AbstractFS : 0.84139484
MTreeItem : 0.8402417
MTreeModel : 0.84024435
