AbstractFS : 0.8423422
FSHelper : 0.8489851
TreeFS : 0.84516025
