AbstractFS : 0.8410737
FSHelper : 0.84133095
PropertiesPanel : 0.8371691
TreeFS : 0.8483029
