Tree : 0.84213686
FSHelper : 0.8417532
AdvancedProperties : 0.84109294
MainWindow : 0.68257755
FeedsFS : 0.70325327
PropertiesPanel : 0.8370433
MetaInfoMenu : 0.84204984
ImportExport : 0.8472222
QueryEditor : 0.84038454
Presentation : 0.8345408
FeedThread : 0.8417331
TrashFS : 0.8547279
