FSHelper : 0.85186195
TreeFS : 0.8540932
