AbstractFS : 0.841338
FeedsFS : 0.7037462
