MMenu : 0.84407175
ScriptExecutor : 0.83342326
MToolBar : 0.8420446
DeskletWidgetContext : 0.82776606
DeskletLoader : 0.6846037
Widget : 0.8301658
ScriptIDE : 0.72957236
PluginDownloader : 0.79653037
