ScriptExecutor : 0.7427263
VersionPanel : 0.7246368
