GHNSDialog : 0.8398345
PluginRenderer : 0.8467561
