StuffRenderer : 0.84865075
PluginRenderer : 0.8460477
PluginDownloader : 0.82677174
