GHNSDialog : 0.844228
PluginDownloader : 0.8355468
PluginRenderer : 0.8451643
