StuffRenderer : 0.8302447
GHNSDialog : 0.81685495
PluginDownloader : 0.7829225
