GHNSDialog : 0.6993299
PluginManager : 0.6990105
PluginDownloader : 0.7849035
