PluginManager : 0.8310535
GHNSDialog : 0.8353418
PluginDownloader : 0.70812196
