ScriptExecutor : 0.6946654
ScriptPlugin : 0.7031692
