ScriptYourself : 0.8419086
ScriptIDE : 0.7340717
