MCalendar : 0.85533994
ScriptIDE : 0.7299637
CalendarWidget : 0.8637398
