MURLButton : 0.70201635
PreviewPanel : 0.8442004
MCalendar : 0.817608
LinkEditor : 0.8320264
MAbout : 0.6941559
TagCloud : 0.81856555
FeedComponent : 0.80723053
MThrobber : 0.8615166
PlayAction has been removed due to the repository version iteration
TaskInfoButton : 0.82531214
