Style : 0.8164873
PriorityRenderer : 0.8450335
