Tabs : 0.82832825
AbstractSettings : 0.82268715
MTextLabel : 0.8513192
