Factory : 0.8266913
StuffRenderer : 0.8386007
Content : 0.8198785
