Factory : 0.83298665
Content : 0.83432823
Blend : 0.81982493
