MSplashScreen : 0.8355019
MAbout : 0.70585537
MainWindow : 0.69619757
TextEditor : 0.82307756
MCalendar : 0.81983256
CoolLabel : 0.8487818
MDateSpinner : 0.8317099
MTogglePanel : 0.80434597
