MainWindow : 0.7133612
Button : 0.0
ScriptError : 0.794645
BackgroundTaskManager : 0.8030294
MAbout : 0.72749126
Presentation : 0.80511457
ItemRenderer : 0.8144658
TaskInfoButton : 0.802151
TabComponent : 0.8461504
