Size : 0.830361
MMessage : 0.83710074
Factory : 0.8398864
InternetSearch : 0.84608907
Backup : 0.82648134
NoteWidget : 0.85383236
PluginSettings : 0.841709
MAbout : 0.71159005
NewFileDialog : 0.8423927
AbstractSettings : 0.8370356
MColorChooser : 0.70954853
ImportExport : 0.8295287
NewFolderDialog : 0.8362277
AppSettings : 0.84361464
PropertiesDialog : 0.8705328
PlayAction has been removed due to the repository version iteration
FeedUtils : 0.8160831
