Tabs : 0.8430457
InternetSearch : 0.8517156
Gettext : 0.8242585
