PluginInstaller : 0.8490335
MDownloadDialog : 0.8558629
PluginDownloader : 0.6927176
