StuffRenderer : 0.8443664
PropertiesPanel : 0.8340824
