Stuff : 0.71874714
PluginDownloader : 0.7089938
GHNSDialog : 0.8211561
VersionProperty : 0.8109753
