ImageEditorCore : 0.8568036
TodoEditor : 0.85366786
TaskTable : 0.84408987
