TodoEditor : 0.847257
AbstractListTableModel : 0.83754635
