ImageEditorCore : 0.82071286
SelectionTool : 0.8168689
