Content : 0.82843196
Factory : 0.83107615
