MText : 0.850635
ImageEditor : 0.8493705
TodoEditor : 0.8460156
