MText : 0.8530408
TodoEditor : 0.8503302
ImageEditor : 0.85296786
ConsoleConfig : 0.8464391
