MText : 0.85768944
ImageEditor : 0.8579616
TodoEditor : 0.85564166
Console : 0.8573029
