BrushTool : 0.8486008
ImageEditor : 0.862668
ImageEditorDesigner : 0.8599313
ToolButton : 0.8808875
SelectionTool : 0.8569729
AbstractTool : 0.82102734
ToolManager : 0.82252234
ToolPanel : 0.8650773
CropAction has been removed due to the repository version iteration
