MButton : 0.8360846
MRadioButton : 0.8415749
