BackgroundTask : 0.8170571
MTextArea : 0.8378281
