FilterDialog : 0.80111337
InternetSearch : 0.7955697
ModManager : 0.85555714
ModSupport : 0.9314673
