StateEvent : 0.8464332
AddFeedDialog : 0.7406621
