MainWindow : 0.7096815
MDialog : 0.8353062
MWebBrowser : 0.8306843
