Item : 0.8367744
Property : 0.8485118
MTreeItem : 0.8339327
