PropertiesPanel : 0.8478889
PropertiesBar : 0.85427654
MIndicator : 0.8323506
