Main : 0.83688134
MApplication : 0.8311043
