MainWindow : 0.7602898
Tabs : 0.8192968
TextEditorDesigner : 0.8052346
ImageEditorDesigner : 0.79982966
