SearchFS : 0.8030261
PropertiesDialog : 0.7754312
