MColorPicker : 0.8494498
MColorButton : 0.83617264
TextEditorDesigner : 0.84552956
Button : 0.0
ImageEditorDesigner : 0.8506288
MFontButton : 0.83271694
MSmallColorChooser : 0.8570144
