Button : 0.0
TextEditorDesigner : 0.87112117
Factory : 0.8494965
