MainWindow : 0.7228173
TodoEditor : 0.8322753
ImageEditor : 0.8365683
AbstractTextEditor : 0.8274802
