ImageEditorCore : 0.8295403
Tabs : 0.8323584
TodoEditor : 0.8310675
LinkEditor : 0.83537793
TextEditor : 0.843993
ImageEditor : 0.83563226
