TreeSettings : 0.6973037
ItemRenderer : 0.707793
