TodoEditorCore : 0.8380191
Filters : 0.8288979
