InternetSearch : 0.85748774
GHNSDialog : 0.8355713
FilterDialog : 0.8416535
MFontChooser : 0.8455261
VersionPanel : 0.85862404
MIconChooser : 0.8484685
QuickOpen : 0.8585946
PluginList : 0.0
