Kiosk : 0.0
AutoCompletionData : 0.8406693
MURLButton : 0.7217738
