DeskletWidgetContext : 0.82476526
AbstractRequestManager : 0.825779
