DeskletWidgetContext : 0.83247846
Desktop : 0.8342845
DeskletWidget : 0.8416993
CalendarDesklet : 0.7004766
