AbstractFS : 0.85070944
ImportExport : 0.86380374
FeedsFS : 0.70750695
