TextEditor : 0.85600185
TodoEditor : 0.86648095
NotepadEditor : 0.8544259
ImportExport : 0.86637664
TaskSummary : 0.84049034
