PropertiesPanel : 0.8335031
MLayout : 0.8636453
StuffRenderer : 0.843854
ItemRenderer : 0.8478703
