Preview : 0.69569963
ItemRenderer : 0.70900244
