PrintDialog : 0.84644514
ChartDialog : 0.8487678
PropertiesPanel : 0.83588314
