BrushTool : 0.84737283
AbstractRectangleTool : 0.8524493
ToolManager : 0.83427936
ImageEditorDesigner : 0.85785705
SelectionTool : 0.8431442
RectangleTool : 0.8556905
