FeedsFS : 0.7338051
SearchFS : 0.7998956
PropertiesDialog : 0.77383393
