MThrobber : 0.85634506
ItemRenderer : 0.8505036
