LookAndFeelSettings : 0.8358008
PluginDownloader : 0.6697452
