LookAndFeelSettings : 0.6721597
ChartDialog : 0.69040287
AppSettings : 0.67152035
