NewFileDialog : 0.8128915
Backup : 0.82867336
InternetSearch : 0.829902
NewFolderDialog : 0.8165492
