PluginSettings : 0.8582807
PluginEvent : 0.8360459
