MApplication : 0.8191716
MNotification : 0.8238926
