MainWindow : 0.7145407
AppInfo : 0.85782623
MMessage : 0.8221508
Args : 0.83451146
Main : 0.8493774
MMainWindow : 0.84003365
MAbout : 0.7183114
TodoEditorCore : 0.8197445
Help : 0.82321686
MSystemTray : 0.8470612
NotepadEditorCore : 0.8368336
UpdateDialog : 0.8171257
