MApplication : 0.8217317
AppInfo : 0.84702194
Main : 0.85197103
SDK : 0.6943665
MetaVersion : 0.7659898
