Index : 0.8512425
LinkEditor : 0.8482165
DesktopFile : 0.8329314
TodoEditorCore : 0.83544743
