RegExp : 0.8335026
FS : 0.84891236
Index : 0.8483451
Help : 0.82844085
FileCache : 0.8499228
Filters : 0.8300686
MFileChooser : 0.84570694
VersionControl : 0.8426892
