SecureProperty : 0.8570956
TestProperty : 0.82709384
