PluginInfo : 0.82388455
Editor : 0.82598764
PluginManager : 0.8489454
InternetSearch : 0.8620749
AbstractPlugin : 0.81360024
PluginSettings : 0.8577167
LookAndFeelPlugin : 0.83454686
PluginComboBox : 0.87347955
TreeFS : 0.841611
NoteWidgetPlugin : 0.8699259
DeskletWidget : 0.87722087
NewWidgetAction has been removed due to the repository version iteration
NewFileAction has been removed due to the repository version iteration
StatsDialog : 0.85321695
