AbstractPlugin : 0.8365266
PluginManager : 0.836308
ScriptPlugin : 0.8299615
AppletWidget : 0.8514109
LookAndFeelPlugin : 0.84755474
