MButton : 0.8701747
PluginSettings : 0.8677597
FeedViewer : 0.8662312
MDialog : 0.85703486
FSHelper : 0.8364856
MFileChooser : 0.8808887
Backup : 0.86143833
TabIcon : 0.8805229
PrintDialog : 0.8560592
MAbout : 0.72449255
PropertiesDialog : 0.8550451
CalendarWidget : 0.8304414
