SecureProperty : 0.873654
TestProperty : 0.84127796
TestSecureProperty : 0.82911146
