BrushTool : 0.825446
AbstractRectangleTool : 0.81192654
ToolButton : 0.81815493
SelectionTool : 0.81648606
ToolManager : 0.8237788
RectangleTool : 0.80792993
