DesktopFile : 0.85978925
ProxySettings : 0.8332046
