MInternalFrame : 0.83789474
MToolBar : 0.84256715
