Args : 0.8457369
MainWindow : 0.694449
Main : 0.83656394
