SafeBrowsing : 0.80376077
Tester : 0.8162696
