ImageEditor : 0.83355945
QueryEditor : 0.83607656
