MURLButton : 0.734822
Desktop : 0.81263
ItemRenderer : 0.8343186
