EnumProperty : 0.829648
DeskletWidget : 0.8748424
ConsoleConfig : 0.8450888
MDesktopPane : 0.8342181
