Desktop : 0.82035655
DeskletWidget : 0.8414655
ConsoleConfig : 0.8481541
