FeedThread : 0.8352712
PluginInstaller : 0.83908606
