Editor : 0.7242282
TaskTable : 0.69842005
MNotification : 0.71575177
CloseAction has been removed due to the repository version iteration
MTip : 0.6821089
BooleanRenderer : 0.71369207
