QuickOpen : 0.7334189
MetaInfoList : 0.70015025
