TK : 0.8451838
MetaInfo : 0.82634634
TodoEditorCore : 0.8251381
HTMLBuilder : 0.7097228
HTMLColorChooserPanel has been removed due to the repository version iteration
MColorPicker : 0.85865146
