TK : 0.8346388
MText : 0.83723277
TextEditorCore : 0.7310382
ImageEditor : 0.84300256
AbstractTextEditor : 0.82879823
ImportExport : 0.8366662
ClipboardException : 0.0
