ImageEditor : 0.83761984
MText : 0.8234944
