FSHelper : 0.8597686
DefaultPreview : 0.7044308
