MGraphics : 0.8368991
MWhatsThis : 0.8543568
ChartView : 0.8426244
