MList : 0.8602072
MPanel : 0.84176886
BooleanRenderer : 0.8225468
