PropertiesPanel : 0.8457841
IconTheme : 0.844561
MAuthenticator : 0.7165432
