MWizard : 0.83317536
FeedThread : 0.8340232
