Tree : 0.83653784
Item : 0.83411074
