TagsEditor : 0.851003
SearchBar : 0.86422634
