ScriptYourself : 0.7065032
FeedViewer : 0.7060738
