QueryEditor : 0.84542716
InternetSearch : 0.85571295
