Property : 0.8436068
MAction : 0.83405936
ArchiveChannel : 0.8318299
FileSelection : 0.85013866
TaskTable : 0.83794516
ItemRenderer : 0.8450057
BrushTypeAction has been removed due to the repository version iteration
StatsDialog : 0.8381589
