Wizard has been removed due to the repository version iteration
Backup : 0.82313985
FilterDialog : 0.8324813
PropertiesPanel : 0.8361519
GHNSDialog : 0.8235227
MFontChooser : 0.8453948
InternetSearch : 0.8384078
TreeFS : 0.8310867
FeedComponent : 0.8149064
ResizeDialog : 0.8483484
FeedUtils : 0.81185365
VersionPanel : 0.8359132
QuickOpen : 0.8382914
ActionProperties has been removed due to the repository version iteration
