GHNSDialog : 0.8354113
InternetSearch : 0.8572411
VersionPanel : 0.8571752
QuickOpen : 0.8567423
