Style : 0.81584084
MText : 0.8231319
MComboBox : 0.8299867
MPanel : 0.8365474
MList : 0.82963943
MTextLabel : 0.84653395
MColor : 0.84278107
