AppInfo : 0.85640067
PluginInfo : 0.8379293
PluginManager : 0.83824384
Net : 0.6944793
Main : 0.84521735
