FS : 0.84750336
MApplication : 0.8305893
Args : 0.8414073
Backup : 0.83178675
Tester : 0.8432183
AppInfo : 0.0
MFormatter has been removed due to the repository version iteration
