MApplication : 0.8108103
Main : 0.8537081
Args : 0.8221612
Wizard has been removed due to the repository version iteration
Help : 0.8388546
MAbout : 0.7024158
SDK : 0.7027196
