MAbout : 0.7218093
Main : 0.8327876
NotepadEditor : 0.8257838
TaskList : 0.8127864
