ChartModel : 0.8400304
ChartDialog : 0.8565738
Item : 0.8389545
