TaskModel : 0.83780426
AbstractListTableModel : 0.8239415
TodoEditorPlugin : 0.8516708
ChartUtils : 0.83383316
