SimpleXMLReader : 0.82349783
Item : 0.8346754
ChartPainter : 0.8189939
TaskModel : 0.8371307
