Vars : 0.0
Bookmarks : 0.85713553
FlatPainter : 0.85790205
