AbstractFS : 0.85097295
FSDelete : 0.796496
FeedsFS : 0.7014388
