MMessage : 0.8171381
MAuthenticator : 0.7139219
