ChartPainter : 0.6949468
StatsDialog : 0.6947924
