TodoEditorCore : 0.84842056
DateTimeEditor : 0.8570302
SummaryEditor : 0.85270786
