PluginSettings : 0.85768926
MSettingsPage : 0.8246854
