MToolBar : 0.84323084
MDialog : 0.84347904
MRating : 0.8497964
MTip : 0.8367243
ActionGroup : 0.8364092
