Reflection : 0.8083477
CoolLabel : 0.83387405
TaskSummary : 0.8322393
MRating : 0.84535587
