MSettingsDialog : 0.82162255
MMenu : 0.8344771
MFrame : 0.82418644
PluginSettings : 0.8240574
MDialog : 0.8250858
MWindow : 0.81642
MComboBox : 0.8299876
AppSettings : 0.8275195
