Archive : 0.8518312
AbstractCache : 0.8617187
