MComboBox : 0.85850155
MTabbedPane : 0.8423616
