Tracker : 0.8528041
TabIcon : 0.84093225
