MTextFieldPanel : 0.8425238
MCalendar : 0.82963264
MStatusBar : 0.8469533
