TaskManager : 0.8315458
AlarmManager : 0.83440083
