Index : 0.85052234
Archive : 0.8367343
AbstractFileCache : 0.8438194
FileCache : 0.8683396
