AdvancedProperties : 0.8307669
FeedsFS : 0.7031393
Browser : 0.85383505
