TodoEditorCore : 0.85454327
AbstractIterator : 0.81471753
