StuffRenderer : 0.837732
SimpleListCellRenderer : 0.82147807
AbstractRenderer : 0.81365585
ItemRenderer : 0.83652484
