MTabbedPane : 0.82579815
Tabs : 0.83150584
