AbstractFS : 0.85094917
DnDTransferHandler : 0.857206
