Tree : 0.8512186
VersionInfo : 0.81423306
