Net : 0.66276884
OS : 0.80987144
DefaultPreview : 0.71013117
