MFontChooser : 0.8227032
PrintableImage : 0.86804384
