ChartModel : 0.8259468
ChartDialog : 0.8341767
