ImageEditor : 0.8366451
TodoEditor : 0.83183146
TextEditor : 0.8445963
LinkEditor : 0.8339183
NotepadEditor : 0.8346167
Main : 0.82660353
