ImageEditorCore : 0.77458984
ToolButton : 0.7707672
ToolManager : 0.78618765
AbstractTool : 0.81034213
ToolPanel : 0.76055616
