MainWindow : 0.7139267
FeedsFS : 0.70069706
