Property : 0.855531
Query : 0.8343122
ChartModel : 0.8369504
QueryEditor : 0.83638686
