PluginSettings : 0.84213555
SearchBar : 0.8418038
