Tabs : 0.8316838
MNotification : 0.8257734
