NewFileDialog : 0.7340056
MURLButton : 0.8385104
FeedsFSPlugin : 0.7679182
