PrintDialog : 0.834141
ImagePrintInfo : 0.80961025
