ChartDialog : 0.8339133
ChartUtils : 0.82858986
