PropertiesPanel : 0.85032517
PropertiesBar : 0.8564613
MIndicator : 0.84516805
