MTogglePanel : 0.82497746
TaskPanel : 0.830956
