MDialog : 0.82623464
LookAndFeelSettings : 0.8389732
