MLabel : 0.8494251
MButton : 0.8285442
MCalendar : 0.81749487
