MMainWindow : 0.8215606
MAbout : 0.6929773
MouseGestures : 0.8030793
MButtonPanel : 0.85118973
