MColorPicker : 0.85329115
MDateSpinner : 0.8585777
Button : 0.0
