TaskPanel : 0.8459258
ImageEditorDesigner : 0.8370881
AbstractBeanInfo : 0.82412446
MTogglePanelBeanInfo : 0.80333537
