MToolBar : 0.8315385
ScriptYourself : 0.8220646
