TaskSummary : 0.82637644
Desktop : 0.8215427
