AbstractFileCache : 0.8578174
Main : 0.8425304
