TextEditor : 0.8604986
MFontButton : 0.8561391
