FeedViewer : 0.8363214
ActionGroup : 0.84657913
PropertiesBar : 0.8376505
AnnotationBar : 0.8382675
