LinkEditor : 0.8596459
DesktopPanel : 0.84237444
