MDialog : 0.8263196
MainWindow : 0.6909664
MFileChooser : 0.8483395
CoolHeader : 0.8396694
MColorChooser : 0.83880204
SearchBar : 0.8172433
MAuthenticator : 0.8574757
PrintDialog : 0.83797145
