Backup : 0.84698266
InternetSearch : 0.8420509
PrintDialog : 0.8399687
