TodoEditorCore : 0.8234678
Filter : 0.83980435
