TextEditorCore : 0.86702365
TextEditorKit : 0.85033053
TextEditorDocument : 0.85105354
TextEditorWriter : 0.0
