MApplication : 0.8150505
LookAndFeelSettings : 0.83875257
SDK : 0.69608676
