TaskPanel : 0.86765844
ItemRenderer : 0.8470796
