CoolHeader : 0.8264538
PrintPreview : 0.8152922
MCalendar : 0.81506085
PreviewPanel : 0.83318865
