ProxyInfo : 0.8061188
ProxySettings : 0.859167
GeneralSettings : 0.8650587
