ProxyPanel : 0.83110327
ProxyModel : 0.8060518
