Main : 0.8262633
ProxyManager : 0.83428264
GeneralSettings : 0.8175379
