AbstractMarkupBuilder : 0.8096346
SimpleXMLReader : 0.8110065
ProxyInfo : 0.7992378
