ProxyModel : 0.80272347
Main : 0.80500025
