ImageEditor : 0.83805186
AbstractTextEditor : 0.82318616
