TodoEditorCore : 0.82809263
DateTimeRenderer : 0.84346074
