MFileChooser : 0.83830047
DesktopFile : 0.8465273
SafeBrowsing : 0.8229495
Sidebar : 0.82963413
AbstractBeanInfo : 0.8326884
EnumItem has been removed due to the repository version iteration
DeskletLoader : 0.667343
