MAbout : 0.7951452
SDK : 0.8334455
