TK : 0.8310293
CoolHeader : 0.8436794
CoolLabel : 0.84852946
MDialog : 0.8218021
HTMLBuilder : 0.710463
TodoEditorCore : 0.81858623
Config : 0.82546484
PluginVersion : 0.81284714
SimpleTableCellRenderer : 0.8395647
