AbstractFS : 0.81562376
MLabel : 0.8451728
MInternalFrame : 0.81213045
MButton : 0.8246359
MToggleButton : 0.84342295
