TaskSummary : 0.87853897
TextPrintInfo : 0.84333396
Summary : 0.8642306
