ImageEditorDesigner : 0.8396178
LookAndFeelSettings : 0.82409275
