FS : 0.84219056
MetaInfo : 0.83744127
Console : 0.84526485
ScriptYourself : 0.8288207
DeskletLoader : 0.67118824
StatsDialog : 0.83786595
Wizard has been removed due to the repository version iteration
