Content : 0.84636325
ActionProperties has been removed due to the repository version iteration
PluginManager : 0.83863163
MAbout : 0.69390655
Factory : 0.8486004
