MComboBox : 0.85942215
GHNSDialog : 0.83625525
PriorityEditor : 0.86486787
PluginList : 0.0
