StuffRenderer : 0.83235586
AbstractRenderer : 0.82204974
