TaskSummary : 0.876942
TaskListComponent : 0.8778743
TaskInfoButton : 0.8860531
