FeedUtils : 0.818502
ScriptComboBox : 0.8177201
PluginComboBox : 0.8491266
