RenameEditor : 0.71784526
PropertiesPanel : 0.69893414
