Tester : 0.8473529
TestBooleanProperty : 0.85220116
