MScrollPane : 0.84239674
MSlider : 0.84993166
