GHNSDialog : 0.8364756
MountPanel : 0.8455006
MSettingsDialog : 0.84257823
InternetSearch : 0.8576458
FilterDialog : 0.8417889
TaskListComponent : 0.84396327
MFontChooser : 0.8473514
MIconChooser : 0.8501897
MetaInfoList : 0.8599349
PluginList : 0.0
