TK : 0.80278885
MFontButton : 0.83220416
MIconButton : 0.83875555
ValueEvent : 0.8853399
Factory : 0.78709865
