MSmallColorChooser : 0.8517803
MColorPicker : 0.851682
MSmallColorButton : 0.8552057
