ImageEditorDesigner : 0.82582635
RectangleTool : 0.85459256
