Main : 0.83423716
MSystemTray : 0.84044355
