ItemRenderer : 0.8476275
FeedsFS : 0.70550334
FeedDownloader : 0.83397
