ImageEditorDesigner : 0.8432189
TextEditorDesigner : 0.84464616
ToolManager : 0.8289722
ToolPanel : 0.0
