MainWindow : 0.71195936
TodoEditorPlugin : 0.8456394
