PluginManager : 0.8435934
Help : 0.83199084
TreeFS : 0.84910536
PluginSettingsPage has been removed due to the repository version iteration
PluginSettings : 0.8423083
Desktop : 0.8476171
