AbstractFileCache : 0.823584
PluginSettings : 0.8449868
