WebServicePanel : 0.8414982
WebService : 0.83620137
