EditorCrypto : 0.8383622
Index : 0.82570565
EditorPassword : 0.8128691
VersionControl : 0.82024294
PropertiesPanel : 0.81961715
TaskManager : 0.81609
ItemRenderer : 0.8259665
