EditorCrypto : 0.82590127
EditorPassword : 0.8136698
