EditorPassword : 0.8208388
EditorCrypto : 0.8238986
