EditorPassword : 0.822247
EditorCrypto : 0.82047427
