Main : 0.830361
Help : 0.8195864
