ImportExport : 0.8371129
PropertiesPanel : 0.84118295
NewFolderDialog : 0.8482391
NewFileDialog : 0.8653755
