Desktop : 0.83049774
WidgetDesktopPaneUI : 0.8241394
