MPasswordField : 0.84054196
CalendarDesklet : 0.72565114
