EditorCrypto : 0.8229774
EditorPassword : 0.8311009
PropertiesPanel : 0.81942713
