PBEInfo : 0.82250214
EditorCrypto : 0.82280767
EditorPassword : 0.83241653
MasterKey : 0.82216936
