EditorCrypto : 0.81798846
PBEInfo : 0.8265665
CryptoUtils : 0.8218709
MasterKey : 0.8227999
