PBEInfo : 0.8350809
EditorCrypto : 0.8178601
EditorPassword : 0.8294466
MasterKey : 0.8323176
