MColor : 0.8463363
ItemRenderer : 0.8379239
GlassPainter : 0.8150717
