EditorCrypto : 0.81852597
SessionManager : 0.8405769
NotepadEditorPlugin : 0.8588743
TodoEditorPlugin : 0.8424785
