DeskletWidget : 0.8702804
Main : 0.8452908
