LinkEditorPlugin : 0.8787791
NotepadEditorPlugin : 0.90954554
ImageEditorPlugin : 0.8995645
