ImageEditorCore : 0.83154684
ImageEditor : 0.83899444
