Summary : 0.8264542
PreviewPanel : 0.82603973
