InternetSearch : 0.83560014
Armor : 0.8171907
MAuthenticator : 0.81882375
