Config : 0.8554865
ChartModel : 0.84334165
