ChartPainter : 0.82231647
Designer : 0.84617114
