Desktop : 0.8510175
Tree : 0.85550404
Bookmarks : 0.8649149
MColorChooser : 0.69817793
TaskModel : 0.831715
Links : 0.7071565
AbstractFileCache : 0.8327311
