MSystemTray : 0.8312456
AlarmManager : 0.8244279
