PluginManager : 0.8402451
MInternalFrame : 0.8089911
Main : 0.8212784
