PropertyPanel : 0.81967103
ChartPainter : 0.8194218
