MSmallColorChooser : 0.84518623
PropertyPanel : 0.8372263
MSettingsPage : 0.8175916
MStatusBar : 0.84183073
MMultiPanel : 0.84311986
MountPanel : 0.8372235
MTogglePanel : 0.84511447
TaskSummary : 0.8356736
AdvancedProperties : 0.8186744
ProxyPanel : 0.85343456
Designer : 0.84253496
LocationBar : 0.8507273
AbstractPanel has been removed due to the repository version iteration
OptionsPanel has been removed due to the repository version iteration
TaskInfoButton : 0.8459291
