MPanel : 0.8410927
MButtonPanel : 0.8520248
