MMessage : 0.80531865
MAbout : 0.70512646
Args : 0.83614856
Console : 0.8322195
