TodoEditorCore : 0.8387344
TodoEditorPlugin : 0.84849435
