PropertiesBar : 0.85091245
TodoEditor : 0.839905
MainWindow : 0.70688903
Desktop : 0.8426936
TreePanel : 0.8383117
Tabs : 0.8482234
ImportExport : 0.8565941
TagsMenu : 0.8598897
TodoEditorPlugin : 0.8568826
