UpdateDialog : 0.8035854
UpdatePlugin : 0.8373255
