FeedComponent : 0.82820106
MSplitPane : 0.85081047
