Reflection : 0.81019485
Filter : 0.81912106
FilterDialog : 0.83291024
