MURLButton : 0.71095324
Tabs : 0.8476795
NoteWidgetPlugin : 0.8598085
