GHNSDialog : 0.83402765
PluginDownloader : 0.70960146
PluginInstaller : 0.82438
UpdateDialog : 0.80205023
