PluginDownloader : 0.6798785
PluginSettings : 0.85031396
GHNSDialog : 0.83307517
