ChartView : 0.82485604
ChartDialog : 0.8348494
