ColumnManager : 0.83266115
TaskTable : 0.8582986
