ImageTransition : 0.8196514
MFlipPanel : 0.826699
PBEInfo : 0.8035048
