XMLHelper : 0.69509953
Preloader : 0.82759273
