TreeFS : 0.8252407
TreePanel : 0.7751796
