NotepadEditor : 0.83638525
ImageEditor : 0.836162
TodoEditor : 0.83304495
