MWizard : 0.84347105
Backup : 0.82617515
TaskPanel : 0.84984136
