Tree : 0.7077179
Sidebar : 0.7240489
TaskTable : 0.7054402
TagsUtils : 0.7195472
Tags : 0.67428493
Query : 0.7089406
Criterium has been removed due to the repository version iteration
