MMessage : 0.818697
MLoginPanel : 0.84323967
