MFrame : 0.82141024
MMainWindow : 0.8358247
LookAndFeelSettings : 0.8294325
