MLabel : 0.84265095
MList : 0.8308178
PreviewPanel : 0.83777773
PluginDownloader : 0.68623185
PrintPreview : 0.8184892
ItemRenderer : 0.82694876
CoolHeader : 0.822995
CalendarComponent has been removed due to the repository version iteration
