MButton : 0.8485724
MColorButton : 0.83667463
