IconLoader : 0.7937114
DefaultIconLoader : 0.83987445
