MColorChooser : 0.7707677
Item : 0.73523647
Preloader : 0.7088964
