TextEditorCore : 0.85725677
TextEditorDocument : 0.84770435
