MFontButton : 0.8332632
ColorEditor : 0.83130926
MColorButton : 0.8268788
