Widget : 0.83767945
MPanel : 0.8457941
MInternalFrame : 0.8351536
