MTaskPanel : 0.8366726
AddFeedDialog : 0.7470628
