CalendarDesklet : 0.7372577
CalendarWidget : 0.87457615
