MCalendar : 0.82518774
AbstractFS : 0.83808386
FeedsFSPlugin : 0.8342933
AbstractPlugin : 0.81516016
TaskTable : 0.8373383
PluginManager : 0.8455059
