NotepadEditor : 0.8342759
MLabeledTextField : 0.8534457
NotepadEditorCore : 0.83658224
MLabel : 0.83067065
SelectionTool : 0.81921506
TodoEditor : 0.8276259
PropertiesDialog : 0.8215084
EditorQuickFind : 0.841753
Title has been removed due to the repository version iteration
Gettext : 0.80689967
TreeFS : 0.83337027
TextUtils : 0.8159274
InternetSearch : 0.82584995
SimpleTableCellRenderer : 0.81435746
History has been removed due to the repository version iteration
