DiskFreeSettings : 0.84689075
DiskFreeDialog : 0.8407439
Main : 0.82907003
