MToolBar : 0.83514285
EditorQuickFind : 0.83876365
