MDialog : 0.8467018
MCheckBox : 0.86148584
PrintPreview : 0.84776205
