SearchFS : 0.8496732
SearchBar : 0.8695179
