FeedsFS : 0.7221188
TreeFS : 0.8332412
AbstractFS : 0.83233106
SearchFS : 0.83276683
SearchFSPlugin : 0.8408075
FeedsFSPlugin : 0.84693694
TrashFS : 0.8287561
