ColorRenderer : 0.807787
MSettingsDialog : 0.8323128
MFontChooser : 0.8324579
ConsoleConfig : 0.8297963
PriorityRenderer : 0.80167806
MetaInfoList : 0.8450769
ScriptComboBox : 0.832737
CompleteEditor : 0.8583381
