ColorRenderer : 0.84126276
ConsoleConfig : 0.82963127
DateTimeRenderer : 0.8435035
