EditorZoom : 0.80126333
TextUtils : 0.8456248
MainWindow : 0.7180243
NotepadEditor : 0.8386592
ZoomAction has been removed due to the repository version iteration
FeedViewer : 0.8402065
