ImageEditor : 0.8433711
ImageEditorCore : 0.8457539
SelectionTool : 0.859348
AbstractTool : 0.8187392
