TodoEditorCore : 0.82030326
AbstractRenderer : 0.8481188
