StuffRenderer : 0.8372325
GHNSDialog : 0.817377
PluginRenderer : 0.8084604
