ConsoleConfig : 0.8311532
SummaryRenderer : 0.8555806
