Tabs : 0.8370864
TodoEditorCore : 0.8203103
