LinkEditor : 0.8528605
Browser : 0.84373266
