MURLButton : 0.7247627
OS : 0.8281449
PluginSettings : 0.8360976
MTip : 0.83068156
PluginDownloader : 0.6819486
MTextPane : 0.8423796
DeskletWidgetContext : 0.8288591
InternetSearchPlugin : 0.85046285
MURLAction : 0.8470186
