ImageSelection : 0.84591234
SelectionTool : 0.83683676
