MMainWindow : 0.8365338
MURLButton : 0.7305353
ScriptIDE : 0.7268586
