NoteWidget : 0.84434783
DeskletWidgetContext : 0.83234286
