PluginManager : 0.836551
MApplication : 0.829529
MainWindow : 0.6895376
