Main : 0.8581857
MSystemTray : 0.8400855
