LookAndFeelSettings : 0.87909657
AbstractPlugin : 0.8309705
