Tabs : 0.85182494
MainWindow : 0.7078161
PropertiesBar : 0.8519046
Desktop : 0.8479571
PluginList : 0.0
TagsMenu : 0.860549
