MMessage : 0.8277211
PrintDialog : 0.83686376
