MainWindow : 0.7186816
Main : 0.858402
