TaskManager : 0.8331585
CalendarWidget : 0.8646551
MDateSpinner : 0.872162
