MainWindow : 0.71984637
Main : 0.85851973
