Tracker : 0.85427654
Preloader : 0.855297
