MainWindow : 0.7169101
Main : 0.858235
