MButton : 0.8329242
MPanel : 0.84159845
MAction : 0.83149403
ChartPanel : 0.8329434
MFontButton : 0.8372135
MDialog : 0.82863045
ScriptYourself : 0.82950556
SearchFS : 0.8307295
MountPanel : 0.8265402
MIconButton : 0.83672595
MPasswordPanel : 0.7158999
PopupContent has been removed due to the repository version iteration
