VersionControl : 0.84985644
NewFolderDialog : 0.8360243
SessionManager : 0.847342
Slideshow : 0.8600867
NewFileDialog : 0.8492718
