SearchFS : 0.8406388
Links : 0.7213335
ResizeDialog : 0.8282965
Filters : 0.82690173
TreeFS : 0.8454442
PluginSettings : 0.83338875
FilterDialog : 0.8311047
