Console : 0.8413619
NoteWidget : 0.8451469
DeskletWidget : 0.8447462
