FeedViewer : 0.72175926
MSettingsDialog : 0.70895904
