TextEditorCore : 0.8497073
ImageEditor : 0.8538825
FeedViewer : 0.83881766
TextEditorDesigner : 0.8472515
InsertHRAction has been removed due to the repository version iteration
ImageEditorCore : 0.8431837
TodoEditor : 0.8485379
NotepadEditor : 0.84634274
CompleteRenderer : 0.8137231
EditorZoom : 0.80081874
