MDialog : 0.8285585
ScriptIDE : 0.6903195
