MMainWindow : 0.7157971
MFrame : 0.71199614
