MURLButton : 0.73533875
LinkEditor : 0.84817725
DefaultPageChecker : 0.81957245
Browser : 0.8399774
MURLAction : 0.8492402
