DefaultPageChecker : 0.8358329
MMainWindow : 0.7990099
