Title has been removed due to the repository version iteration
Editor : 0.8114864
Text has been removed due to the repository version iteration
MButton : 0.83037895
Tabs : 0.8323061
MainWindow : 0.7006414
MToolBar : 0.8467383
LookAndFeelSettings : 0.82566625
MSmallButton : 0.0
MURLButton : 0.7218112
NoteWidget : 0.83703357
TabIcon : 0.8343062
