AbstractFileCache : 0.8470685
Archive : 0.843888
FileCache : 0.8651919
Content : 0.84712404
