TodoEditor : 0.8427426
MTableHeader : 0.84604096
