LookAndFeelSettings : 0.8193653
GeneralSettings : 0.84029967
TreeSettings : 0.80534744
