Main : 0.71404654
InternetSearch : 0.70834196
Output has been removed due to the repository version iteration
TreePanel : 0.7119145
MDateSpinner : 0.70043534
