MainWindow : 0.6909014
ScriptIDE : 0.7143072
ScriptPlugin : 0.84493333
