MInternalFrame : 0.8260512
MDialog : 0.83507454
MFrame : 0.8263294
MWindow : 0.8070701
