AbstractIndicator : 0.8433563
MButtonPanel : 0.87975115
