Button : 0.0
MURLButton : 0.7221978
WidgetDesktopIconUI : 0.85054636
