TodoEditorPlugin : 0.8900302
TextEditorPlugin : 0.87844527
