SummaryData : 0.8466045
SummaryTree : 0.8445331
