CoolHeader : 0.8646388
PrintPreview : 0.85481757
TaskSummary : 0.84638816
ItemRenderer : 0.8594753
PluginRenderer : 0.86898965
