TodoEditorCore : 0.8366175
SummaryData : 0.8543517
SummaryPanel : 0.84736615
