Pluggable : 0.75307286
PluginSettings : 0.8597766
