MirrorDialog : 0.844587
SummaryTree : 0.797733
