Tree : 0.85210115
MirrorDialog : 0.8454085
