Tree : 0.8501581
MirrorDialog : 0.8388644
