MTree : 0.8113217
ItemRenderer : 0.80339557
