AbstractPlugin : 0.80778956
NoteWidgetPlugin : 0.8635555
