Reminder : 0.82023865
SummaryPanel : 0.8391879
