MCalendarPanel : 0.8406373
CalendarDesklet : 0.7352055
