SummaryData : 0.8291324
CalendarWidget : 0.8637782
