MMainWindow : 0.73076314
NoteWidgetPlugin : 0.71130586
