PropertiesPanel : 0.83823234
MWizardDialog : 0.8452395
MToggleButton : 0.8365949
