MNotification : 0.82561845
Main : 0.8359181
MDialog : 0.82854855
MSplashScreen : 0.83384275
