Reminder : 0.8431763
SummaryPanel : 0.8421484
