MTextField : 0.8543327
InternetSearch : 0.85900736
Console : 0.84600544
