TreeFS : 0.84967226
TreePanel : 0.81979084
