Item : 0.8400487
MetaInfo : 0.82849056
