AbstractListTableModel : 0.82418454
PropertyPanel : 0.83774424
ArchiveChannel : 0.8177233
PluginManager : 0.83809257
MIconChooser : 0.83697
