TaskList : 0.84666824
TodoEditorCore : 0.82748735
TaskSelection : 0.8334517
