SummaryData : 0.82726914
Reminder : 0.8470726
