AbstractMarkupBuilder : 0.85176307
XMLHelper : 0.85834765
