MAction : 0.84190226
MDialog : 0.83410335
