MDialog : 0.84412384
Content : 0.841033
PluginManager : 0.8390944
MDateSpinner : 0.8558697
LocationBar : 0.8485738
PropertiesPanel : 0.83627105
MainWindow : 0.7155902
