MTextFieldPanel : 0.81821436
PropertiesPanel : 0.837893
