PropertiesBar : 0.84159803
TagsMenu : 0.8412145
