MCalendarPanel : 0.8255933
MToolBar : 0.83301455
