PropertiesPanel : 0.69612086
Links : 0.83002555
PropertiesBar : 0.7040747
