WidgetInternalFrame : 0.8831203
NoteWidget : 0.8550534
