TodoEditorCore : 0.83776224
TextEditor : 0.8541753
TextEditorCore : 0.85317075
TodoEditor : 0.8590929
NotepadEditor : 0.8493175
NotepadEditorCore : 0.8543318
