TextEditorCore : 0.8580421
TextEditorDesigner : 0.8484873
