MComboBox : 0.83609307
MTable : 0.819332
AppAction : 0.82575476
MLabeledTextField : 0.84841967
MList : 0.8251544
MCalendar : 0.82874817
Button has been removed due to the repository version iteration
MTextField : 0.83589005
MIndicator : 0.8378943
MColorPicker : 0.8898141
MSlider : 0.8532622
AbstractSpinner : 0.8436868
MSmallColorChooser : 0.8996797
MRadioButton : 0.8511796
MSmallColorButton : 0.85365546
MCheckBox : 0.8558351
DayButton has been removed due to the repository version iteration
