MCalendarPanel : 0.84638274
TrashFS : 0.8447537
SummaryData : 0.8372441
