FeedsFS : 0.6938311
Slideshow : 0.8532186
