MDialog : 0.8197273
TreePanel : 0.6957016
TextWriter : 0.8501456
LookAndFeelSettings : 0.82467645
SpreadsheetWriter : 0.8353512
Tabs : 0.8418206
TabComponent : 0.83795017
DocumentWriter : 0.8227304
LocalSearchAction has been removed due to the repository version iteration
AppSettings : 0.0
AbstractSettings : 0.82012904
LookAndFeelPlugin : 0.8180529
