MMessage : 0.8435836
TodoEditor : 0.8432833
PluginSettings : 0.8545618
TagsEditor : 0.8325074
LookAndFeelSettings : 0.85032177
LinkEditor : 0.8602746
DesktopPanel : 0.8510813
