BackgroundTaskManager : 0.83819634
Armor : 0.8411203
