Archive : 0.84078175
TreeFS : 0.843144
