Index : 0.85635155
Preview : 0.84306586
FeedsFS : 0.6996451
SearchFS : 0.85702807
SearchBar : 0.840715
Tabs : 0.8435686
