MText : 0.84891516
AutoCompletion : 0.8356031
MMessage : 0.82005423
MTextField : 0.872183
MPasswordField : 0.8388707
TextUtils : 0.8234815
