NewFolderDialog : 0.83659476
NewFileDialog : 0.85563517
