TreePanel : 0.84133315
Armor : 0.8305629
