MetaInfo : 0.8422876
VersionInfo : 0.8316727
Tester : 0.84771997
VersionPanel : 0.84011024
FSHelper : 0.8522366
