MainWindow : 0.6560553
NotepadEditor : 0.7402641
ImageEditor : 0.7366533
Tabs : 0.73502535
TreePanel : 0.66445893
