ColumnManager : 0.8473657
PropertiesBar : 0.8500335
MDateSpinner : 0.8574999
