Designer : 0.8280195
SummaryData : 0.82987344
