TodoEditor : 0.83458024
ImageEditor : 0.8375401
TextEditor : 0.8476906
