Args : 0.83895296
Tester : 0.83256406
