Task : 0.82783186
TodoEditor : 0.844966
