ArchiveChannel : 0.83910084
FeedsFS : 0.71632844
