UI : 0.8310536
ImageEditorCore : 0.8334052
ImageSelection : 0.84500104
