DoubleProperty : 0.8353499
PropertyPanel : 0.83415556
