MTable : 0.82589304
MList : 0.8311247
