Tabs : 0.8564221
SearchBar : 0.85228795
