NoteWidget : 0.8447841
TextEditorCore : 0.7242156
NotepadEditorCore : 0.8414114
