GHNSDialog : 0.8125018
AbstractMarkupBuilder : 0.8281299
DesktopSettings : 0.7927255
