MButton : 0.8401445
MDialog : 0.8385223
MSmallButton : 0.8590355
MActionInfo : 0.83980215
