TodoEditor : 0.85636103
MainWindow : 0.7021659
