Main : 0.72119355
MTip : 0.68813705
InternetSearchPlugin : 0.72716284
