TrashFS : 0.8290216
Tabs : 0.83378774
