NoteWidget : 0.8423269
FeedViewer : 0.830512
