TagsEditor : 0.8426817
PropertiesPanel : 0.8374808
QuickOpenDialog : 0.8547512
