SearchFS : 0.8517471
Widget : 0.83472574
SearchBar : 0.86967
