EditorCrypto : 0.82277054
EditorPlugin : 0.8353189
VersionPanel : 0.8420403
PropertiesPanel : 0.82608896
