TodoEditorCore : 0.83905226
TaskTable : 0.8516841
TodoEditor : 0.8396504
