Elements : 0.0
MainWindow : 0.6903954
PropertiesDialog : 0.8471076
FeedsFS : 0.7033194
SearchFS : 0.85745573
ImageEditor : 0.83805084
NotepadEditor : 0.82943016
