MAbout : 0.69117785
PluginInfo : 0.83606946
