MTextFieldPanel : 0.8340505
AppletPanel : 0.8162376
