LookAndFeelSettings : 0.82900184
TreeSettings : 0.83259934
