MTip : 0.8284202
MainWindow : 0.6997706
FilterDialog : 0.83514225
LookAndFeelSettings : 0.8365354
TreePanel : 0.8234171
MMessage : 0.8245263
MTimer : 0.8313675
Vars : 0.0
MSmallColorButton : 0.8399708
DragAdapter has been removed due to the repository version iteration
TreeSettings : 0.83849394
