TodoEditorCore : 0.8158709
ImageEditor : 0.83231
TodoEditor : 0.82425153
TextEditor : 0.83371866
NotepadEditor : 0.8293089
ImportExport : 0.82879245
EditorExport : 0.80402046
