MetaInfo : 0.83612627
MTable : 0.8327134
