Config : 0.83614606
Args : 0.8391059
Tracker : 0.83058316
MWebBrowserPanel : 0.8423922
Preloader : 0.85054874
MGuardedObject : 0.8461673
Console : 0.8520753
