MUndoManager : 0.82543105
ProxyModel : 0.8233083
ProxyPanel : 0.8171123
