ImageEditor : 0.85606194
ImageEditorDesigner : 0.8589479
