MLayout : 0.8070551
MAboutDialog : 0.69993365
