PrintPreview : 0.842996
TreePanel : 0.8456803
