Console : 0.855845
AutoCompletionData : 0.8492253
