Net : 0.7652471
XMLRPCClient : 0.7857518
