WebPanel : 0.8320905
WebResult : 0.8676517
WebDialog : 0.81265783
