WebService : 0.8263664
WebDialog : 0.86738324
