MURLButton : 0.7286693
ToggleButton has been removed due to the repository version iteration
MTextPane : 0.8595532
MTogglePanel : 0.8513423
MToggleButton : 0.85237986
MTimer : 0.8247682
