MTextFieldPanel : 0.8411903
MIconChooser : 0.8429562
GHNSDialog : 0.83346516
MFontChooser : 0.8455548
EditorQuickFind : 0.8596272
SearchBar : 0.8628451
QuickOpenDialog : 0.8485284
