SearchBar : 0.8431479
Fade : 0.84549373
DnDTransferHandler : 0.83206546
