TodoEditor : 0.84163606
MArrayList : 0.8329891
Item : 0.8242508
