AbstractPainter : 0.83461624
RoundedBackgroundPainter : 0.845536
GlassPainter : 0.8305054
