AbstractFS : 0.73360896
SearchFS : 0.72387284
FeedsFSPlugin : 0.7677452
DnDTransferHandler : 0.7067817
