AbstractFS : 0.84376657
SearchFS : 0.86020774
TrashFS : 0.8539247
FeedsFS : 0.705023
FSHelper : 0.84187084
