Desktop : 0.84302354
Widget : 0.8408702
MText : 0.83480793
InputMethodAction has been removed due to the repository version iteration
Console : 0.8525281
DeskletWidget : 0.8501576
DeskletWidgetContext : 0.8404417
MWebBrowserPanel : 0.84261304
PluginManager : 0.8475624
Item : 0.8411601
