DeskletLoader : 0.7045682
Tester : 0.84595835
InternetSearchPlugin : 0.85352296
