SessionManager : 0.851437
Widget : 0.82584924
