MCalendarPanel : 0.8413856
Sidebar : 0.8514195
MFontChooser : 0.8566879
