MFileChooser : 0.8415638
BackupDialog : 0.8312155
ImportExport : 0.8310681
