GHNSDialog : 0.83160746
MIconChooser : 0.846393
