PluginCache : 0.82655734
PluginManager : 0.8387405
PluginSettings : 0.8335199
AbstractSettings : 0.8289968
PluginInstaller : 0.80722445
