MCheckBox : 0.8389377
PrintDialog : 0.8471473
ChartPanel : 0.84372824
MRadioButton : 0.8397526
