MMessage : 0.79660463
FSHelper : 0.7906055
LookAndFeelSettings : 0.80683506
DeskletLoader : 0.6890147
