MetaInfo : 0.8370883
FSHelper : 0.8805317
MountPanel : 0.8363817
PropertiesDialog : 0.8388088
AdvancedProperties : 0.8778334
