MIcon : 0.81984097
OpenSearchDescription : 0.6919718
TestTK : 0.8358279
Item : 0.8380896
