Backup : 0.8355859
MWizard : 0.8120027
