WebBrowserEditor : 0.769625
MainWindow : 0.7074269
