MMenu : 0.8387985
TodoEditor : 0.8479535
EditorQuickFind : 0.8667478
TextEditor : 0.8461004
NotepadEditor : 0.8348991
FeedViewer : 0.8403371
EditorSearch : 0.76573926
