Tags : 0.8453979
TagsEditor : 0.82901686
PropertiesPanel : 0.8392926
