Tags : 0.8415922
PropertiesBar : 0.85739213
