TextEditor : 0.8758568
NotepadEditor : 0.8494096
