PluginManager : 0.7007181
ScriptPlugin : 0.7056647
