Tree : 0.8434452
ItemRenderer : 0.8394455
