MTextFieldPanel : 0.83051157
CoolHeader : 0.83398134
MTogglePanel : 0.83277744
Watermark : 0.85458714
ColorRenderer : 0.82235724
MButtonPanel : 0.85193455
