DesktopPanel : 0.8541359
AbstractPlugin : 0.84931487
WidgetPlugin : 0.0
