MApplication : 0.85076714
ConsoleTab : 0.85544616
