OS : 0.8300373
Desktop : 0.82854605
Mnemonic : 0.81902015
MDate : 0.8276386
ScriptError : 0.835815
Query : 0.83050865
ConfigFile : 0.8392186
TagsMenu : 0.8329877
