ScriptExecutor : 0.8482495
ScriptPlugin : 0.8563635
ScriptIDE : 0.8469226
ScriptUtils : 0.8524116
