MSplashScreen : 0.8431816
Main : 0.8395822
