MButton : 0.8513729
MTree : 0.85416424
ChartView : 0.8438621
MLabel : 0.84939355
MScrollPane : 0.8528041
DragScroller has been removed due to the repository version iteration
