Tree : 0.84665745
PropertiesDialog : 0.84857434
MainWindow : 0.68682003
FeedsFS : 0.7067297
FSHelper : 0.84187573
TrashFS : 0.85390013
