AbstractFS : 0.85120606
PluginInstaller : 0.8672331
