ConsoleTab : 0.83275324
ConsoleCommand : 0.8166443
