Console : 0.8375596
Query : 0.83026856
TestTK : 0.8349541
