OS : 0.8103805
MText : 0.8285625
MButtonPanel : 0.8513974
