Favicon : 0.70680374
TestOpenSearchDescription : 0.68183625
