PluginVersion : 0.8427597
ImportExport : 0.85164577
