DefaultPreview : 0.7231336
Index : 0.8490367
LinkEditorPlugin : 0.84748447
