Net : 0.67055815
HTMLAutodiscovery : 0.81675655
MTextPane : 0.8309829
FileSelection : 0.8319976
TestTK : 0.8356125
