CategoryList : 0.8983862
CategoryManager : 0.8433521
CategoryListRenderer : 0.8336979
