Console : 0.843516
AbstractPlugin : 0.82947147
InternetSearchPlugin : 0.84100056
BackupDialog : 0.84541625
CategoryManager : 0.84394366
Desktop : 0.8288072
AutoCompletion : 0.8264564
AbstractFileCache : 0.8453756
DeskletLoader : 0.6906497
