Tree : 0.7074378
Application : 0.71239394
Main : 0.7121305
