Archive : 0.81304157
ArchiveChannel : 0.83651245
