FSProperties : 0.7190846
FeedThread : 0.71134806
PropertiesPanel : 0.69971365
