MMessage : 0.81037223
MApplication : 0.8310078
LinkEditor : 0.82243806
ImportExport : 0.8139666
CategoryManager : 0.82829237
MainWindow : 0.7214406
PrintDialog : 0.81027466
