XMLHandler : 0.71157944
MWizard : 0.6944179
