MStatusBar : 0.8338136
TestMButton : 0.836319
