AbstractMarkupBuilder : 0.824571
OpenSearchDescription : 0.7411817
TagsUtils : 0.8481256
Content : 0.8153617
