AppletWidget : 0.8564154
AbstractClockWidget : 0.84984016
Main : 0.83927536
