FeedFactory : 0.69351375
Console : 0.85451406
Backup : 0.86321247
Main : 0.85116035
