OS : 0.81390524
FileCache : 0.85216725
MCalendar : 0.8204645
FSHelper : 0.84179103
ImageEditorCore : 0.83566904
FeedDownloader : 0.83336383
ScriptIDE : 0.84187996
HTMLPreviewAction has been removed due to the repository version iteration
