TaskTable : 0.84060097
TodoEditorCore : 0.8463411
TodoEditorPlugin : 0.8546524
Sorter : 0.82008207
TaskComparator : 0.8224226
