CategoryListRenderer : 0.82735336
ItemRenderer : 0.83492273
Query : 0.8294997
PropertiesPanel : 0.83835053
