WidgetInternalFrame : 0.8795034
NoteWidget : 0.8517245
