TextEditor : 0.87136793
NotepadEditor : 0.86564
AbstractTextEditor : 0.84762055
