TextEditor : 0.86723584
AbstractTextEditor : 0.8467373
