MSettingsPage : 0.8260411
Designer : 0.8556481
