MDialog : 0.81025386
Tester : 0.8050554
MStatusBar : 0.8276298
DownloadInfo has been removed due to the repository version iteration
PrintDialog : 0.79457265
