MTextPane : 0.847397
MTextField : 0.86298084
