TaskList : 0.8124034
LogFile : 0.8259449
TodoEditorCore : 0.81015474
Links : 0.7205888
ColumnManager : 0.8113735
AbstractMarkupBuilder : 0.8249132
CryptoUtils : 0.82247317
StatsPanel : 0.8010506
TodoEditorPlugin : 0.8174382
TypeSelection has been removed due to the repository version iteration
