TextEditorCore : 0.8540235
TextEditor : 0.8415413
OS : 0.8213675
TextEditorKit : 0.84653986
Gettext : 0.84347105
PluginManager : 0.8506637
AbstractPlugin : 0.84133524
InsertLinkAction has been removed due to the repository version iteration
MAuthenticator : 0.8161676
LookAndFeelPlugin : 0.8521116
FeedDownloader : 0.8409796
