AbstractMarkupBuilder : 0.7338089
XMLBuilder : 0.7617018
