MTip : 0.8331626
PropertiesBar : 0.835721
