MDialog : 0.8108687
PrintDialog : 0.79611826
EditorQuickFind : 0.81747
