FeedsFSPlugin : 0.73183954
TodoEditorPlugin : 0.71061736
