MLabel : 0.8434459
BackgroundTask : 0.83378106
Backup : 0.8403001
Browser : 0.84159017
ImageEditorCore : 0.8322233
TextDocumentFilter : 0.8343778
TaskSummary : 0.835513
MTextArea : 0.84208584
MSystemTray : 0.8248716
ScriptExecutor : 0.84092164
ScriptPlugin : 0.8472826
