MMessage : 0.83150244
Console : 0.8494836
DeletePrivateDataPlugin : 0.83592725
