TaskList : 0.83895165
AbstractMarkupBuilder : 0.8470884
SummaryData : 0.8224678
