CategoryManager : 0.8366876
ProxyPanel : 0.83241004
