MActionInfo : 0.8473907
CategoryListEditor : 0.83305126
