UI : 0.8311882
MURLButton : 0.6921283
MText : 0.8425507
ImageSelection : 0.84778166
