PropertiesBar : 0.8437709
InternetSearchPanel : 0.731794
