PluginSettings : 0.6911068
Desktop : 0.68870807
InternetSearchPanel : 0.82803315
LookAndFeelSettings : 0.68972236
