TextEditor : 0.8372806
MTreeScanner : 0.80676514
