FeedThread : 0.82213753
TestTK : 0.8361541
