MRenderer : 0.805255
MPanel : 0.8257817
OctTreeQuantizer : 0.7960494
Item : 0.83649176
