MApplication : 0.8421006
MTree : 0.8383582
MTreeItem : 0.84751356
MText : 0.8384542
