AnnotationBar : 0.82750034
ScriptCommand : 0.8248475
AppletWidget : 0.84695286
