FeedsFS : 0.7172128
DnDTransferHandler : 0.82820654
ArchiveChannel : 0.8385506
