PluginSettings : 0.6899891
GHNSDialog : 0.69520676
LookAndFeelSettings : 0.68669325
AppletPanel : 0.6931375
