MStatusBar : 0.82709837
MainWindow : 0.6957184
MTextPane : 0.8299007
MToolBar : 0.8368401
ImportExport : 0.82857347
PropertiesDialog : 0.8213266
TextUtils : 0.8326351
Content : 0.81715083
MenuButton has been removed due to the repository version iteration
