XMLHelper : 0.69216627
Gettext : 0.8233736
