ChartPanel : 0.83521944
BackgroundTaskManager : 0.81105804
FileSelection : 0.8180856
