SummaryData : 0.8352982
Index : 0.84934294
TreeFS : 0.84562135
SummaryPanel : 0.8470123
