MainWindow : 0.7179386
AnnotationBar : 0.8333919
Archive : 0.8249249
