SearchFS : 0.8510101
QueryEditor : 0.8548696
SearchBar : 0.8553634
