BackgroundTaskManager : 0.6804309
DesktopPanel : 0.6854933
ScriptError : 0.67732984
ProxyManager : 0.65862167
