TreePanel : 0.83494246
PropertiesBar : 0.8393873
