TaskInfoButton : 0.70202434
ItemRenderer : 0.68910205
