MainWindow : 0.6951392
MSplashScreen : 0.81713814
