Desktop : 0.8452616
Button : 0.0
WidgetInternalFrame : 0.87610316
DesktopPanel : 0.84295493
