PluginCache : 0.82544315
PluginManager : 0.83839536
