MThrobber : 0.8231987
MTaskPanel : 0.8206968
