CalendarWidget : 0.84755754
AppletWidget : 0.85665476
WidgetPlugin : 0.85565066
