Pager : 0.8439876
DesktopPanel : 0.87143505
