MPanel : 0.83308625
AbstractPainter : 0.82626843
