MSettingsPage : 0.8415049
PluginManager : 0.8396683
