MSettingsDialog : 0.8396964
Validator : 0.80359083
MComponent : 0.85087436
