MountPanel : 0.8163782
ListSelectionValidator : 0.8253605
TextComponentValidator : 0.83906066
