MMessage : 0.8363366
Validator : 0.8036747
ValidatorSupport : 0.85728514
TextComponentValidator : 0.8471133
ListSelectionValidator : 0.8498058
