Validator : 0.8037159
ValidatorMessage : 0.83915555
