ConfigFile : 0.81250346
OpenSearchDescription : 0.7020564
Mnemonic : 0.8132267
MouseGestures : 0.7969126
