MLabel : 0.83960825
Content : 0.82161856
Sidebar : 0.8309971
MMultiPanel : 0.82528424
ValidatorMessage : 0.8246675
