FeedsFS : 0.70633316
FeedUtils : 0.8643643
