MMainWindow : 0.7166571
TodoEditor : 0.71307623
DesktopToolBar : 0.7096484
MTextPane : 0.7120225
MTextFieldPanel : 0.72707474
ScriptPlugin : 0.70381665
MAbout : 0.82752675
SearchBar : 0.69932806
InternetSearchPlugin : 0.6973575
