MMessage : 0.8349929
ImportExport : 0.8181402
TextEditor : 0.84579057
LinkEditor : 0.8334693
Slideshow : 0.823927
ShowHTMLAction has been removed due to the repository version iteration
MLoginPanel : 0.84406465
