Content : 0.8396812
MMessage : 0.835547
PropertyPanel : 0.840731
MLoginPanel : 0.83065426
Factory : 0.8346265
