PluginSettings : 0.8612764
MSettingsDialog : 0.84009707
