MainWindow : 0.6741519
Style : 0.8048171
StatsPanel : 0.81909364
