FS : 0.83918285
Armor : 0.8339648
Impl has been removed due to the repository version iteration
TestTK : 0.8359848
