TextComponentValidator : 0.8957985
NotEmptyValidator : 0.8954369
