PropertyPanel : 0.8158286
ColumnManager : 0.82183766
NoteWidget : 0.8383027
FilterDialog : 0.82634985
MSmallColorChooser : 0.8352978
MColorChooser : 0.72319704
ResizeDialog : 0.82778984
OptionsPanel has been removed due to the repository version iteration
MTableHeader : 0.8452225
