SearchBar : 0.8394885
MFontChooser : 0.82266796
TreePanel : 0.8170234
