BackupDialog : 0.8589106
DesktopSettings : 0.81092876
