EditorPlugin : 0.8311143
TodoEditorCore : 0.81134117
Tabs : 0.82861406
FeedViewer : 0.82368034
NotepadEditor : 0.82904047
TextEditor : 0.8327112
ImageEditorCore : 0.823897
PrintDialog : 0.8144743
Preview : 0.8061703
TodoEditor : 0.8234418
FeedsFS : 0.7296931
ImageEditor : 0.82833105
EditorQuickFind : 0.8328655
QueryEditor : 0.81527966
ImportExport : 0.8209002
LookAndFeelSettings : 0.80264574
Base has been removed due to the repository version iteration
HTMLPreviewAction has been removed due to the repository version iteration
QueryAction has been removed due to the repository version iteration
