Tabs : 0.83762
WebBrowserEditor : 0.8320376
