MDocumentAdapter : 0.845271
Factory : 0.83523756
