Factory : 0.8280157
MDocumentAdapter : 0.8125512
