MApplet : 0.8258453
MAbout : 0.7166479
CalendarWidget : 0.81709933
