PropertyPanel : 0.8293111
PluginSettings : 0.8337619
ScriptIDE : 0.72891873
