Preview : 0.8494428
ItemRenderer : 0.83028215
Vars : 0.0
