TaskPanel : 0.8645655
TodoEditorDesigner : 0.8598926
