FileScanner : 0.82608473
MetaInfoComparator : 0.82895476
