GHNSDialog : 0.8290655
PluginDownloader : 0.6949356
