Slideshow : 0.8215228
Presentation : 0.8268219
