ValidatorSupport : 0.8715605
TextComponentValidator : 0.88533723
