MWebBrowserPanel : 0.77194273
Browser : 0.7545748
WebBrowserEditor : 0.7689811
