MPasswordPanel : 0.7198888
Console : 0.83705574
EditorCrypto : 0.8226484
