PrintPreview : 0.83530563
FSHelper : 0.84112275
TaskInfoButton : 0.8440441
