Tree : 0.8248403
Button : 0.0
Pager : 0.832287
