MouseGestures : 0.81525755
MPasswordField : 0.84173733
MSizeGrip : 0.83120644
MSettingsPage : 0.83364683
MWhatsThis : 0.8482613
