FSHelper : 0.8073301
MNotification : 0.8390019
XMLHelper : 0.80527735
TextEditor : 0.8365388
ScriptPlugin : 0.83686996
PropertiesDialog : 0.8354261
