OS : 0.8325267
Args : 0.8384616
