MText : 0.8279503
Modifiable : 0.8137913
FeedsFS : 0.7327093
Tabs : 0.82844347
TodoEditorCore : 0.81149006
ImageEditor : 0.8285329
Preview : 0.8187183
NoteWidget : 0.8265264
MTextArea : 0.8435847
