AbstractFileCache : 0.84028274
Benchmark : 0.864193
