Tree : 0.81762236
ItemRenderer : 0.80441886
