NewFileDialog : 0.8541571
NewFolderDialog : 0.8327158
