PluginSettings : 0.8463884
PropertiesDialog : 0.8362573
Backup : 0.8290412
