FeedsFS : 0.73539907
TreePanel : 0.82640666
