NoteWidget : 0.85276926
WidgetInternalFrame : 0.85842764
CalendarWidget : 0.8500391
