TaskTable : 0.8463074
NotepadEditor : 0.85316926
