MFileChooser : 0.8492837
MainWindow : 0.68104345
Button : 0.0
