MainWindow : 0.69444895
MApplication : 0.8290707
