Index : 0.8372215
SessionManager : 0.8472867
VersionControl : 0.83294284
ImageEditorCore : 0.82604146
ItemRenderer : 0.8240473
DeletePrivateDataPlugin : 0.82017845
LinkMetaInfo : 0.8122766
