EditorCrypto : 0.8306523
PropertiesPanel : 0.82518995
