Editor : 0.72344893
EditorCrypto : 0.7127566
FSHelper : 0.7025162
