ColumnManager : 0.86366504
TaskTable : 0.84983075
