TaskTable : 0.850294
ConsoleConfig : 0.8528689
