WebBrowserEditor : 0.8411004
Validator : 0.8158068
