ImportExport : 0.6936224
KeyNote : 0.7083544
