Tabs : 0.8284004
MainWindow : 0.7242852
Backup : 0.8136378
TaskSummary : 0.8044793
