MRenderer : 0.81773514
MTreeItem : 0.83893085
MetaInfoList : 0.83869904
Renderable has been removed due to the repository version iteration
LinkMetaInfo : 0.81210864
