FSHelper : 0.831648
ImageEditorCore : 0.83572525
Button has been removed due to the repository version iteration
Console : 0.85049266
FileCache : 0.8401749
TabComponent : 0.8371911
QueryEditor : 0.83939946
XMLHelper : 0.82624966
