Console : 0.67579746
CategoryManager : 0.6873467
InternetSearchPlugin : 0.7038124
