ScriptCommand : 0.8701189
ConsoleCommand : 0.812731
