MetaInfo : 0.82314765
Category : 0.8242163
MIconChooser : 0.8331047
