PluginMenu : 0.7213733
Tabs : 0.8635122
ImageEditor : 0.847823
TrashFS : 0.8647684
AbstractSettings : 0.84494317
MenuButton has been removed due to the repository version iteration
