BrushTool : 0.83843446
RectangleTool : 0.82514864
AbstractRectangleTool : 0.8134147
SelectionTool : 0.81348604
LineTool : 0.81934875
RedRectangleTool : 0.8589641
