ImageEditorCore : 0.8350125
ImageEditor : 0.8352743
RectangleTool : 0.85335356
ToolManager : 0.82228315
LineTool : 0.8638848
ImageEditorDesigner : 0.8364725
BrushTypeAction has been removed due to the repository version iteration
RedRectangleTool : 0.84890413
