ImageEditorCore : 0.8281835
BrushTool : 0.84678644
LineTool : 0.82780993
SelectionTool : 0.8171487
