AbstractListTableModel : 0.8163489
MTree : 0.8455766
Armor : 0.8241072
ArticleList : 0.8431832
