MComboBox : 0.8473525
MLabel : 0.8524212
MTogglePanel : 0.8440853
AbstractSpinner : 0.8536597
MFileChooser : 0.8414909
MFlipPanel : 0.8514918
AbstractIndicator : 0.8403502
MTextPane : 0.84213215
MToggleButton : 0.8313758
MTextField : 0.86397415
MSmallColorChooser : 0.8442015
MSlider : 0.8320477
MSmallButton : 0.88002104
MTextLabel : 0.8667373
