Widget : 0.8296403
TodoEditorPlugin : 0.83915573
