Content : 0.8329903
Presentation : 0.8441016
ItemRenderer : 0.83751416
