Scanner has been removed due to the repository version iteration
FeedsFS : 0.7128282
FSHelper : 0.8568337
Query : 0.8364416
SearchBar : 0.8597166
