MFontButtonBeanInfo : 0.84469044
MDateSpinnerBeanInfo : 0.85821325
