MDateSpinner : 0.8646602
MNumberSpinner : 0.8753918
