MFrame : 0.8292977
AppletTab : 0.8313919
