MApplication : 0.82925034
AbstractRequestManager : 0.80883545
