Editor : 0.8381125
AppletTab : 0.8451871
