AppletTab : 0.8326484
ConsoleTab : 0.8375569
Browser : 0.8358638
