FileSelection : 0.82748854
AbstractSelection : 0.82974184
TaskSelection : 0.8365261
MetaInfoSelection : 0.85947514
ImageSelection : 0.8314028
