TodoEditorCore : 0.8522928
CompleteRenderer : 0.7985482
