ValueEvent : 0.8216878
TestValueEvent : 0.8370666
