EnumProperty : 0.8374444
MDownloadDialog : 0.82258624
