PrintDialog : 0.8115283
TestOS : 0.69558185
