Tabs : 0.83682865
ItemRenderer : 0.8158253
