PluginSettings : 0.8464737
PluginInstaller : 0.83321023
PluginDownloader : 0.68791705
