TaskModel : 0.8235993
TaskTable : 0.8275317
TaskSelection : 0.8455463
