MProcess : 0.8300863
Preloader : 0.85095
