HelpContext : 0.82360625
PropertiesPanel : 0.7221227
