MMessage : 0.809667
MAboutDialog : 0.6955578
