Config : 0.8358702
PluginManager : 0.84623075
PropertiesCompiler : 0.7026981
PropertiesResourceBundle : 0.8555313
