SimpleListCellRenderer : 0.8265375
MList : 0.8259082
SimpleTableCellRenderer : 0.82607657
PluginRenderer : 0.8304026
CompleteRenderer : 0.7857642
DoneComponent : 0.78589517
