PrintPreviewPanel : 0.8428491
PrintDialog : 0.8440094
