TextEditorDesigner : 0.84441155
LookAndFeelSettings : 0.82779187
MSystemTray : 0.8239849
CompleteEditor : 0.86187726
