CategoryManager : 0.8344649
SessionManager : 0.834111
