Tags : 0.67307657
TreePanel : 0.6950346
ImportExport : 0.68952245
Submenu has been removed due to the repository version iteration
StatsPanel : 0.67503464
