MAboutDialog : 0.6790133
UpdateDialog : 0.8540839
UpdatePanel : 0.0
UpdatePlugin : 0.84226334
