PropertiesPanel : 0.7170156
UpdatePlugin : 0.84488446
