MMessage : 0.69986707
EditorCrypto : 0.7104788
