NewFolderDialog : 0.8404926
NewFileDialog : 0.86081153
