FeedsFS : 0.73414654
PluginDownloader : 0.6994925
StatsPanel : 0.81215054
TreeFS : 0.84735733
