MCalendar : 0.86433685
DateTimeEditor : 0.87037414
