Console : 0.86182755
PropertiesCompiler : 0.71011233
