Feed : 0.6819862
ScriptError : 0.8462583
Console : 0.84197605
FeedUtils : 0.835858
