Tabs : 0.84887683
LinkEditor : 0.85696465
Backup : 0.8437412
