ImageEditor : 0.83848643
ImagePrintInfo : 0.83873165
