MDateSpinner : 0.8933682
Incollector : 0.82534224
DateTimeEditor : 0.8563965
MCalendar : 0.84317803
