Console : 0.82983816
TreePanel : 0.8297169
ImageEditor : 0.83960223
PluginSettings : 0.83461535
CalendarWidgetPlugin : 0.8385946
