ImportExport : 0.8221899
FeedFactory : 0.6993104
MAuthenticator : 0.8103792
