Index : 0.831159
ImageEditor : 0.8371643
