ImageEditorCore : 0.83191985
Watermark : 0.8319336
TodoEditorCore : 0.8168386
