SessionManager : 0.8591998
Main : 0.85710824
