EditorPlugin : 0.83510065
MMessage : 0.8261118
MComboBox : 0.8478527
ItemRenderer : 0.828317
