MetaInfo : 0.821664
MFileChooser : 0.8358415
Preview : 0.84472156
Watermark : 0.8323793
