MetaInfoAction : 0.8988773
CategoryAction : 0.9646634
MDataAction : 0.92623633
