AppInfo : 0.8479744
VersionProperty : 0.824386
PluginManager : 0.8379799
Main : 0.83505
UpdatePlugin : 0.8273849
