SummaryData : 0.82304496
StatsPanel : 0.8293268
TaskModel : 0.8283344
