ImageEditorCore : 0.77534497
ToolManager : 0.779699
AbstractTool : 0.81593055
ToolPanel : 0.0
