MClipboard : 0.84926826
NoteWidgetPlugin : 0.8348833
TaskTable : 0.8255612
ImportExport : 0.85020304
Links : 0.7006584
