NoteWidgetPlugin : 0.8501165
MDataTransfer : 0.82036996
