HTMLSelection : 0.8258503
LinkEditor : 0.8236878
ImageInfo : 0.81119144
