MDialog : 0.8450213
MWizardDialog : 0.8467362
PropertiesPanel : 0.72405416
