MTable : 0.82860136
DBTableModel : 0.81967795
DeletePrivateDataPlugin : 0.8367229
