PropertyPanel : 0.8444568
MSmallColorChooserBeanInfo : 0.8625895
