MSmallColorChooser : 0.84625524
MCheckBox : 0.8252653
BeanProperty : 0.83266026
Content : 0.8408707
MPanelBeanInfo : 0.8434991
