PropertyPanel : 0.8331424
DesktopSettings : 0.84283143
