MSettingsDialog : 0.83465123
MSettingsPage : 0.83992857
