MSettingsPage : 0.8412449
CustomColorSettings : 0.83278936
DesktopSettings : 0.84104025
