Info : 0.0
MTextFieldPanel : 0.85202694
TextEditorCore : 0.72369206
MWhatsThis : 0.84362996
MSplashScreen : 0.8421818
