MAboutDialog : 0.6955704
PluginSettings : 0.82902664
