Desktop : 0.835934
CalendarWidget : 0.847299
