MButtonPanel : 0.83126074
MSettingsDialog : 0.83720547
