AbstractClockWidget : 0.8463595
DesktopSettings : 0.86258847
