OS : 0.8137082
MMainWindow : 0.82006806
InternetBrowserSettings : 0.84327185
