Factory : 0.8338458
NoteWidget : 0.8401969
