TestMLabel : 0.85169077
UITest : 0.842299
