ImportExport : 0.85699004
TextEditorCore : 0.8545186
ScriptIDE : 0.84520453
AbstractMarkupBuilder : 0.8523687
NotepadEditorCore : 0.87193066
