AbstractItem : 0.82587445
FeedViewer : 0.8329713
FeedDownloader : 0.81619537
Atom10Item : 0.77584064
RSSItem : 0.81971854
