Help : 0.82977194
EditorCrypto : 0.8383057
DeletePrivateDataPlugin : 0.84698856
