MDialog : 0.8321148
Desktop : 0.8203348
InternetSearchPanel : 0.73286176
SummaryTree : 0.80618745
