MMessage : 0.8374732
MAbout : 0.71664625
PrintPreview : 0.83441657
PluginSettings : 0.84691316
PluginDownloader : 0.83267695
