Button : 0.0
MainWindow : 0.7306441
TextEditorDesigner : 0.8408389
ImageEditorDesigner : 0.84318346
TodoEditorDesigner : 0.83704
NotepadEditorDesigner : 0.84252435
