MApplication : 0.84985864
MMenu : 0.83802724
MMessage : 0.83699906
MDialog : 0.83191335
Editor : 0.83898866
MPasswordField : 0.8348154
OpenSearchDescription : 0.6974669
ChartPanel : 0.8420141
FeedViewer : 0.8386752
Console : 0.710111
PluginSettings : 0.8512535
Gettext : 0.847562
