Button : 0.0
MSmallColorButton : 0.8402094
StatsPlugin : 0.8369547
