MActionInfo : 0.83220536
MNotification : 0.8376093
TodoEditor : 0.83857596
InternetSearchPanel : 0.71130335
MDateSpinner : 0.8556941
