Mods : 0.8039026
MDialog : 0.83995456
DefaultIconLoader : 0.82631004
MNotification : 0.83413386
