MApplication : 0.82899785
MStatusBar : 0.8281056
MMainWindow : 0.8426949
