MainWindow : 0.7242628
ScriptExecutor : 0.81986624
