MList : 0.8269165
Gettext : 0.8234065
MComponent : 0.8498043
