EditorPlugin : 0.8378044
MainWindow : 0.70449024
Tabs : 0.8425552
Tracker : 0.8300933
Plugin has been removed due to the repository version iteration
Sidebar : 0.8353891
AbstractPlugin : 0.83154136
