MFileChooser : 0.84104145
ScriptYourself : 0.8268215
