PluginManager : 0.84839994
NotepadEditorDesigner : 0.83785456
