MAboutDialog : 0.67497075
PluginSettings : 0.8654808
License : 0.826438
