OS : 0.83273226
Help : 0.82611865
