Tree : 0.84308505
MainWindow : 0.7099704
DocumentList : 0.8768448
