NotepadEditorDesigner : 0.8576392
CodePreviewProvider : 0.7911258
