Archive : 0.81031966
FeedsFS : 0.6780376
FeedViewer : 0.8147351
FeedDownloader : 0.81130165
ArchiveChannel : 0.82982963
