ScriptIDE : 0.725773
NotepadEditorDesigner : 0.8561393
ConsoleOutput : 0.84566027
