MTextFieldPanel : 0.87268436
MTextFieldBeanInfo : 0.8412609
