FeedsFS : 0.7132543
MMainWindow : 0.8311754
TreePanel : 0.8339762
Main : 0.84358287
FeedDownloader : 0.83119553
MTextArea : 0.8407932
MSystemTray : 0.8261791
