ConsoleCommand : 0.830432
ConsolePlugin : 0.87480265
Script : 0.87617135
