MNotification : 0.82364625
MDialog : 0.82726324
