IconLoader : 0.7877874
LookAndFeelSettings : 0.84030443
Plugin : 0.85049206
DefaultIconLoader : 0.8259826
TangoIconLoader : 0.829336
LookAndFeelPlugin : 0.8293652
