PluginSettings : 0.83918303
ChartPanel : 0.84234244
