Tabs : 0.83358836
Bookmarks : 0.8352712
SessionManager : 0.8506216
FeedsFS : 0.7146943
LinkMetaInfo : 0.8114522
