MButton : 0.8429919
MToolBar : 0.843883
DefaultIconLoader : 0.8351121
MSmallButton : 0.0
