UITest : 0.8453971
AbstractTest : 0.8766636
AbstractEnumTest : 0.0
