MNotification : 0.823454
MTextFieldPanel : 0.8353112
MTextField : 0.84686303
MSearchPanel : 0.0
