MTextFieldPanel : 0.84516996
LookAndFeelSettings : 0.8401045
