MetaInfo : 0.8219135
TextEditorCore : 0.8378672
Gettext : 0.80040604
AdvancedProperties : 0.8092538
FeedFactory : 0.6692517
FSHelper : 0.80633837
DT : 0.8208784
PluginCache : 0.8081197
PluginManager : 0.8160724
FeedViewer : 0.8234649
ImportExport : 0.82699984
Browser : 0.8236473
