CalendarComponent : 0.8457794
CalendarWidgetPlugin : 0.8407199
