Desktop : 0.8677539
Main : 0.8874362
