Widget : 0.83361363
PluginManager : 0.8282892
