BooleanRenderer : 0.81103057
CompleteRenderer : 0.81049526
