PluginCache : 0.8135462
MAbout : 0.71932966
