AbstractItem : 0.81832784
FeedViewer : 0.8143373
RSSItem : 0.8058216
