Tabs : 0.83050406
MainWindow : 0.8278542
DocumentList : 0.8264725
