Button : 0.0
MColorPicker : 0.8271437
MSmallButton : 0.8483716
