MDialog : 0.82729363
MAboutDialog : 0.6741919
GHNSDialog : 0.8197081
MIconChooser : 0.83592564
