MFrame : 0.8279337
MMainWindow : 0.82626915
Wizard has been removed due to the repository version iteration
ChartPanel : 0.83477384
SDK : 0.7075962
