MColorPicker : 0.8481288
MSmallColorChooser : 0.8447647
