ImageEditorDesigner : 0.8783229
ToolButton : 0.8887958
