MTree : 0.85448915
ItemRenderer : 0.85777724
