FeedDownloader : 0.71230865
FeedThread : 0.70347816
