Widget : 0.8204798
MFrame : 0.8199996
ResizeDialog : 0.83061355
PrintDialog : 0.8286331
