FeedsFSPlugin : 0.8094071
MColorPicker : 0.876618
