FSQuery : 0.8025962
FeedsFS : 0.71183515
Archive : 0.82647043
ScriptPlugin : 0.8196466
