MDialog : 0.82742727
MMenuBar : 0.834305
