GlassPainter : 0.8274422
CategoryListRenderer : 0.8308028
