CompoundFilter : 0.810725
BeanProperty : 0.8384394
