CompleteRenderer : 0.8115553
DoneComponent : 0.8103763
PriorityRenderer : 0.8342071
