PriorityEditor : 0.86790854
CompleteEditor : 0.8785746
