MTip : 0.82942134
Flags : 0.7953054
MTimer : 0.8254462
