VCalendar : 0.8278152
TodoEditorCore : 0.83107936
PIMProperty : 0.8409273
VCalendarTodo : 0.0
