MMessage : 0.83167475
SummaryEditor : 0.85412866
DateTimeEditor : 0.85114574
