PluginDownloader : 0.67911464
NotepadEditorDesigner : 0.85264826
