PluginManager : 0.8195946
ArchiveItem : 0.83410627
TodoEditorCore : 0.8312837
