FeedsFSPlugin : 0.80921644
EraserTool : 0.8358398
