MApplication : 0.8335061
MStatusBar : 0.8457705
MMainWindow : 0.8414413
MProperties : 0.82274073
