Tabs : 0.8420342
FeedDownloader : 0.83632594
