DefaultPreview : 0.71663713
Mods : 0.8002312
