UI : 0.8217363
MWebBrowserPanel : 0.83093077
PluginClassLoader : 0.8314194
