PluginManager : 0.8145792
UpdatePlugin : 0.82017416
