MSettingsDialog : 0.81434375
MColorIcon : 0.8163163
