HistoryCommand : 0.7018592
ConsoleCommand : 0.7559111
