CommandOptions : 0.8392177
Args : 0.8406008
