HistoryCommand : 0.6979765
ConsoleCommand : 0.7528261
