TreePanel : 0.70956916
ImportExport : 0.69468784
MSystemTray : 0.71451145
