ImportExport : 0.6963625
MMainWindow : 0.71629083
MSystemTray : 0.7182257
