Icon has been removed due to the repository version iteration
Tabs : 0.8333898
MetaInfoAction : 0.84729236
Reminder : 0.822806
MetaInfoMenu : 0.8388926
MetaInfoList : 0.8393389
