Vars : 0.0
BooleanProperty : 0.8149612
TreeSettingsButton : 0.88283217
TestBooleanProperty : 0.80979633
