MSplashScreen : 0.8446935
CompleteRenderer : 0.84553754
SessionManager : 0.8043043
