Console : 0.708109
TestUI : 0.83874303
Editor : 0.82084805
