TodoEditor : 0.827823
TodoEditorCore : 0.8311701
TodoEditorPlugin : 0.8316749
