FeedDownloader : 0.8095764
VersionControl : 0.8064677
VersionDialog : 0.83607304
