MetaInfo : 0.8252093
PluginInfo : 0.82007015
MIconChooser : 0.83282906
MToolBar : 0.826371
StuffRenderer : 0.8268547
ArticleList : 0.8147097
