ConsoleOutput : 0.87880576
SDK : 0.6944762
