Sidebar : 0.84389734
NewFolderDialog : 0.8365564
Button : 0.0
MoveTransition : 0.8171011
FadeTransition : 0.83217895
