ImageView : 0.8196744
MoveTransition : 0.83380216
