MSettingsDialog : 0.8363138
FormPanel : 0.8402727
MFontChooser : 0.8366687
