MRenderer : 0.82166857
MFontChooser : 0.8467246
