MRating : 0.67324764
MWizardDialog : 0.67914057
MButtonPanel : 0.6385568
Main : 0.6688038
