MMessage : 0.8344525
Blend : 0.82321614
MAboutDialog : 0.68139243
PopupWindow has been removed due to the repository version iteration
MNotification : 0.83861035
