MSettingsDialog : 0.83563215
MSeparator : 0.8618199
