BeanProperty : 0.8407848
TestTK : 0.8371114
