Console : 0.722795
ImageEditorCore : 0.84491765
