AbstractIterator : 0.8145498
TodoEditorCore : 0.8331746
