Desktop : 0.84415555
NoteWidget : 0.8464724
