TodoEditorCore : 0.84046453
HTMLBuilder : 0.7208382
AbstractMarkupBuilder : 0.83437294
