MainWindow : 0.84418225
Info : 0.0
MToolBar : 0.8438737
