BrushTool : 0.8345259
SelectionTool : 0.8195272
RectangleTool : 0.82608205
ToolButton : 0.85703194
EraserTool : 0.79904294
