MNotification : 0.82524866
ItemRenderer : 0.8362633
