MDate : 0.8103449
FSHelper : 0.8415546
