AbstractFS : 0.83315635
FSHelper : 0.8322733
