AbstractSettings : 0.80596894
PluginSettings : 0.8012241
AppSettings : 0.85770535
ScriptPlugin : 0.8239443
LookAndFeelSettings : 0.76363915
