Property : 0.8687638
PropertyPanel : 0.8364083
