AbstractTextEditor : 0.838005
PrintPreviewPanel : 0.84712154
PropertiesPanel : 0.7149669
NoteWidget : 0.84456944
MWebBrowserPanel : 0.8384946
FeedComponent : 0.82282907
MAboutDialog : 0.6747862
