MDialog : 0.827473
Validator : 0.78680825
