PluginInfo : 0.8204695
WebPanel : 0.83311844
