MButton : 0.8377466
MCellTip : 0.83481246
