MTextArea : 0.8482934
Editor : 0.8308092
