TextEditorCore : 0.8633671
PluginManager : 0.83948547
TextDocumentFilter : 0.8245408
TextEditorDocument : 0.85185367
MStatusBar : 0.8435456
PluginRenderer : 0.83465105
Desktop : 0.8427268
