Vars : 0.0
Tabs : 0.82857156
TodoEditor : 0.82553244
MToolBar : 0.8283035
MNotification : 0.8255927
Console : 0.8272026
