MSettingsDialog : 0.8337533
FormPanel : 0.8402356
