FeedComponent : 0.8112925
MTaskPanel : 0.82662296
WebPanel : 0.8341801
