MainWindow : 0.83434314
ConsoleTab : 0.83774334
ImageEditor : 0.8342138
