TodoEditor : 0.8371453
LinkEditor : 0.8407022
AbstractTextEditor : 0.8318153
WebBrowserEditor : 0.8319525
