MainWindow : 0.84448284
SummaryPanel : 0.83376837
TreePanel : 0.83440435
