Widget : 0.8290428
WidgetInternalFrameUI : 0.846483
WidgetInternalFrame : 0.8464902
