MainWindow : 0.72635454
FeedsFSPlugin : 0.7171967
TreePanel : 0.7154414
