Help : 0.8126191
DocumentList : 0.84828144
