MStatusBar : 0.8393082
Console : 0.7218697
