FeedFactory : 0.6842023
MTable : 0.8381548
TreePanel : 0.8412109
PropertiesDialog : 0.8439399
FeedDownloader : 0.8353117
TagsUtils : 0.8502512
NewFolderDialog : 0.8327313
NewFileDialog : 0.8496368
