PropertiesBar : 0.85495406
MToolBar : 0.8375101
EditorQuickFind : 0.86897975
