ImageEditorDesigner : 0.8475186
ImageEditor : 0.8369827
