Sidebar : 0.86924404
LookAndFeelSettings : 0.84879655
