MainWindow : 0.8655935
ConsoleTab : 0.8671749
AppletTab : 0.83867174
