MainWindow : 0.8604648
DesktopPanel : 0.8611973
DesktopTab : 0.8349611
