WidgetDesktopIconUI : 0.83571875
Query : 0.830923
SummaryData : 0.8422109
ProxyPanel : 0.8476679
