MText : 0.8395142
MButton : 0.8362104
InternetSearch : 0.834765
MTextPane : 0.8296972
MPasswordField : 0.8017009
MToggleButton : 0.8291808
MTextArea : 0.83013076
