ColorPalette : 0.83743244
BrushTool : 0.8621609
Style : 0.8328968
MLineBorder : 0.850744
