TextEditorCore : 0.70678
ImportExport : 0.8568308
