ImportExport : 0.85826415
TextEditorCore : 0.70769215
DnDTransferHandler : 0.848666
