MDataTransfer : 0.8497693
EditorPlugin : 0.83371425
TextEditorCore : 0.7098354
ImportExport : 0.8540504
TodoEditorPlugin : 0.85288644
