ImageEditorPlugin : 0.8611926
LinkEditorPlugin : 0.879764
