DnDTransferHandler : 0.8604602
LinkEditorPlugin : 0.88101023
