LookAndFeelSettings : 0.8294244
TestMButton : 0.83360606
TestMLabel : 0.80461746
