ImportExport : 0.85210705
TextEditorCore : 0.71006423
