TextEditorCore : 0.7450769
TextEditorKit : 0.84476316
RichTextPane : 0.8492851
RichText : 0.85394055
