MPasswordField : 0.8403251
TestCryptoUtils : 0.86792535
