TreeFS : 0.7018203
StuffRenderer : 0.6915591
GHNSDialog : 0.68222725
