RSSItem : 0.78907686
RSSChannel : 0.8433482
