MArrayList : 0.8612456
TestTK : 0.8368225
