NotepadEditorDesigner : 0.8707073
AppletTab : 0.83564925
