Mods : 0.72604895
ConsoleTab : 0.72583336
