MainWindow : 0.75241446
MWebBrowserPanel : 0.76997805
