QuickOpenDialog : 0.8548251
Mods : 0.8123512
MHTMLViewer : 0.85288966
ConsoleTab : 0.8632855
