MSwingWorker : 0.8405836
ImageEditorCore : 0.84575444
