FilterDialog : 0.7042878
MStatusBar : 0.7225148
ResizeDialog : 0.6891865
