MMessage : 0.8404636
MSwingWorker : 0.8332941
ScriptYourself : 0.8440412
AnnotationBar : 0.8427666
