MColor : 0.80637157
Main : 0.8537832
MCalendarPanel : 0.8336687
Help : 0.83732736
SummaryData : 0.8296202
SessionManager : 0.8529861
Slideshow : 0.8455978
