MTab : 0.875737
MAboutDialog : 0.69435513
