Desktop : 0.8331349
NoteWidget : 0.84006286
