MAboutDialog : 0.6840375
SummaryEditor : 0.84433055
