MFileChooser : 0.84906083
MToolBar : 0.82773924
ImageEditor : 0.83850354
PropertiesBar : 0.8470114
