MMessage : 0.83555394
MAboutDialog : 0.6952219
SummaryEditor : 0.8539422
