AbstractFS : 0.83279914
AdvancedProperties : 0.84554076
PropertiesPanel : 0.7146074
