MDataTransfer : 0.83453166
TestTK : 0.83685076
