MUndoManager : 0.8293106
TestTK : 0.8370149
