ColorPalette : 0.69289666
CategoryManager : 0.70827323
