MAboutDialog : 0.7928381
Globals : 0.67648363
