Mods : 0.6935818
ConsoleTab : 0.71922606
