HistoryCommand : 0.84914243
InternetSearchPanel : 0.7059253
