MAboutDialog : 0.67935187
DropShadowBorder : 0.83028066
PluginManager : 0.82788265
