PluginInstaller : 0.81768847
PluginManager : 0.83027416
