ImageEditor : 0.84624
MColorChooser : 0.73299676
ImageEditorDesigner : 0.8614113
