ColorPalette : 0.82993954
EditorPlugin : 0.8422895
PluginClassLoader : 0.8449516
