Armor : 0.81763494
MTip : 0.82342947
