Linkify : 0.69109344
DocumentLinks : 0.788919
TodoEditor : 0.69560766
TextEditor : 0.70623344
AbstractTextEditor : 0.6910344
