MTextField : 0.8344629
MCheckBox : 0.8084765
