VersionControl : 0.85208225
FSHelper : 0.8538352
TestFS : 0.8651008
