Index : 0.83452743
MTogglePanel : 0.8319664
