Index : 0.84911644
Armor : 0.8436786
