TodoEditor : 0.8354289
MainWindow : 0.69374114
TodoEditorCore : 0.82894224
TextEditor : 0.8326611
PropertiesDialog : 0.83884555
NotepadEditor : 0.82261455
ImageEditor : 0.8436527
PrintPreview : 0.8492366
FeedViewer : 0.8195193
MAbout : 0.69645786
TreePanel : 0.84143996
CompletionWindow has been removed due to the repository version iteration
NoteWidget : 0.84364814
