FeedsFS : 0.6997787
TagsMenu : 0.85336655
