PluginClassLoader : 0.69705546
Tabs : 0.7070686
