TaskModel : 0.8362731
CircleRenderer : 0.79335034
TaskComparator : 0.8228719
Sorter : 0.82665074
CircleEditor : 0.8329935
