MouseGestures : 0.822912
Widget2Help : 0.8030122
