TodoEditorCore : 0.82679635
DoneComponent : 0.81105924
CompleteRenderer : 0.8126088
PriorityRenderer : 0.808647
SummaryRenderer : 0.8177088
TaskInfoButton : 0.8205636
TaskSummary : 0.8299478
DateTimeRenderer : 0.82226396
