Console : 0.70402557
DBView : 0.8334889
DateTimeEditor : 0.85491496
CategoryListEditor : 0.8313709
CompleteEditor : 0.83137614
