AddFeedDialog : 0.711327
FeedsFSPlugin : 0.72983384
