MSettingsPage : 0.8358942
PluginSettings : 0.84494835
LookAndFeelSettings : 0.8348229
