TestTK : 0.83723235
WikiPanel : 0.6719397
