Feed : 0.7016567
Template : 0.8765958
