WidgetInternalFrame : 0.84685206
TreePanel : 0.829086
