MFontButton : 0.8011224
MFontChooser : 0.75723356
AbstractBeanInfo : 0.7783617
MFontButtonBeanInfo : 0.7747759
