FeedThread : 0.8428892
ImageEditorCore : 0.83938843
FeedsFS : 0.6893128
MToolBar : 0.82864016
FeedDownloader : 0.8339862
LinkEditor : 0.8481248
