ImageEditorDesigner : 0.8412573
EraserTool : 0.85659486
