MainWindow : 0.7162903
FeedViewer : 0.82878447
ConsoleTab : 0.83724713
