MainWindow : 0.71328396
FeedViewer : 0.703966
