MDataInputStream : 0.8882557
TestDataType : 0.8397204
TestMDataOutputStream : 0.8584674
