SessionManager : 0.84927696
Links : 0.6848037
