MMenuAdapter : 0.85755354
TreePanel : 0.8590522
MainWindow : 0.7025922
QueryEditor : 0.8673829
MText : 0.8627601
CalendarWidget : 0.8533409
Submenu has been removed due to the repository version iteration
