MDate : 0.8415291
MIcon : 0.82085127
Stuff : 0.8226987
VersionInfo : 0.83282626
Permission has been removed due to the repository version iteration
