PropertyPanel : 0.8368237
Archive : 0.81481797
FileCache : 0.83126295
Template : 0.8260975
