VersionProperty : 0.8306351
NumberProperty : 0.0
BooleanProperty : 0.86932755
IntegerProperty : 0.8662227
StringProperty : 0.8646479
DoubleProperty : 0.84635764
FloatProperty : 0.84659207
ColorProperty : 0.8301618
