Flags : 0.8229101
LookAndFeelSettings : 0.8388471
