MToggleButton : 0.84282744
MCheckBox : 0.85008824
MRadioButton : 0.8543018
