Tree : 0.8315972
Tags : 0.8341533
Links : 0.7037492
TodoCommand : 0.8212304
Bookmarks : 0.8358836
ImportExport : 0.8313495
MetaInfoList : 0.8560875
StatsPanel : 0.81824094
CalendarWidgetPlugin : 0.82979393
Submenu has been removed due to the repository version iteration
