MainWindow : 0.7133671
TodoEditor : 0.8341136
TodoEditorCore : 0.82118964
