MAction : 0.8454152
OS : 0.8302306
AbstractClockWidget : 0.8493689
MSystemTray : 0.8434309
