ReferenceCount : 0.8409814
StatsPanel : 0.83225566
