Desktop : 0.85638523
MainWindow : 0.7037636
MSmallColorChooser : 0.85121673
Bookmarks : 0.8584594
ColumnManager : 0.8541429
Links : 0.69405115
TaskTable : 0.84218067
TagsEditor : 0.8310688
FeedViewer : 0.6918584
InternetSearchPanel : 0.70222163
InternetSearchPlugin : 0.8397102
MetaInfoMenu : 0.8449268
ImportMenu has been removed due to the repository version iteration
CalendarWidgetPlugin : 0.84589547
Submenu has been removed due to the repository version iteration
TaskPanel : 0.85320264
DocumentList : 0.86843127
TreePanel : 0.84370774
CalendarComponent : 0.84989196
TagsMenu : 0.8481625
