LinkEditor : 0.8537353
TodoEditor : 0.8440377
Factory : 0.842144
Slideshow : 0.8402553
MLoginPanel : 0.8380711
