Factory : 0.8289163
Content : 0.8388688
Tester : 0.8412824
