GHNSDialog : 0.82752264
MSettingsDialog : 0.8350444
MFlipPanel : 0.841304
