SimpleXMLReader : 0.82037216
Index : 0.81815714
Attributes : 0.8155696
