TodoEditorCore : 0.8339679
NotepadEditorCore : 0.8505038
NotepadEditor : 0.84677523
TodoEditorPlugin : 0.84547204
NotepadEditorPlugin : 0.84702194
