StatsPanel : 0.8571944
EditorQuickFind : 0.89414394
