AbstractItem : 0.79984057
FeedViewer : 0.8264194
PrintDialog : 0.84182566
PluginRenderer : 0.8509751
MAuthenticator : 0.8450765
