PluginManager : 0.7119306
Panel has been removed due to the repository version iteration
PluginEvent : 0.8442489
PluginSettings : 0.8311246
EditorPlugin : 0.83259547
LookAndFeelSettings : 0.8282612
Desktop : 0.8246739
AbstractFS : 0.82345587
Console : 0.72320706
InternetSearchPanel : 0.719826
