EnumProperty : 0.85254776
BooleanProperty : 0.8559817
VersionProperty : 0.835697
DoubleProperty : 0.850414
FloatProperty : 0.85073525
ColorProperty : 0.83586836
DateProperty : 0.85339636
FontProperty : 0.8393021
