TridentConfig : 0.82412654
MRatingBeanInfo : 0.81890726
