PluginInfo : 0.8325658
PluginManager : 0.72831976
Panel has been removed due to the repository version iteration
WidgetPlugin : 0.82202727
Desktop : 0.8297805
InternetSearchPlugin : 0.8403138
PropertiesPanel : 0.72585595
PluginSettings : 0.8391162
NoteWidgetPlugin : 0.83168364
BackupPlugin : 0.82545227
