Plugin : 0.83594596
PluginManager : 0.71732664
ScriptPlugin : 0.83843225
ImageEditorPlugin : 0.84478956
LookAndFeelPlugin : 0.85118943
WikipediaInternetSearchPlugin : 0.8407035
LinkEditorPlugin : 0.84422857
TodoEditorPlugin : 0.8357584
NotepadEditorPlugin : 0.8471289
TextEditorPlugin : 0.8462839
