PluginInfo : 0.8143715
StuffRenderer : 0.8331407
Flags : 0.82826114
ItemRenderer : 0.8165577
TaskModel : 0.8012706
Archive : 0.8056934
RatingSelection has been removed due to the repository version iteration
PluginRenderer : 0.8238081
