Reflection : 0.81278485
Blend : 0.83142823
