MainWindow : 0.800184
WikiTab : 0.6957571
WebBrowserTab : 0.72213084
