MTextPane : 0.84305716
FeedViewer : 0.70271856
SwingWebBrowser : 0.84023243
MHTMLViewer : 0.84344614
TextEditor : 0.845188
TextEditorCore : 0.7242804
StaticHandler has been removed due to the repository version iteration
