FeedViewer : 0.70932335
MTextPane : 0.83926046
SwingWebBrowser : 0.82862973
WebBrowserTab : 0.83026874
WikiPanel : 0.7076414
MainWindow : 0.7193087
StaticHandler has been removed due to the repository version iteration
