Editor : 0.8363837
WebBrowserTab : 0.84711456
MainWindow : 0.7212006
