TodoEditor : 0.81972796
TaskTable : 0.8319554
TodoEditorPlugin : 0.8536494
