MSystemTray : 0.71988666
MMainWindow : 0.71961683
SummaryData : 0.69268876
GeneralSettings : 0.7098406
