FeedThread : 0.8298645
AbstractFileCache : 0.82203424
