TransitionPanel : 0.8400058
GHNSDialog : 0.82862407
FeedComponent : 0.8358743
WebPanel : 0.8441795
PreviewPanel : 0.8440767
SwingToolkitHandler : 0.85124934
