EnumProperty : 0.86424077
TestProperty : 0.84046376
VersionProperty : 0.8361982
TestBooleanProperty : 0.8419739
TestDoubleProperty : 0.83492345
TestFloatProperty : 0.83894306
