Desktop : 0.8381713
MZip : 0.81313825
