FeedsFS : 0.7084601
FeedFactory : 0.69184935
MThrobber : 0.83896726
AbstractPlugin : 0.82155204
InternetSearch : 0.849145
MTreeItem : 0.82814467
