Feed : 0.74402
FeedsFS : 0.7464062
FeedThread : 0.8209572
