Archive : 0.8275741
SessionManager : 0.84622115
PluginClassLoader : 0.82346374
ImageEditorDesigner : 0.83628833
Bookmarks : 0.84486675
