MLabel : 0.8434844
MSearchPanel : 0.0
MTextFieldPanel : 0.8507414
Presentation : 0.83944565
SearchBar : 0.83948135
QuickOpenDialog : 0.83391136
ChartPanel : 0.8426393
PrintPreviewPanel : 0.8377445
SummaryPanel : 0.8273502
InternetSearchPanel : 0.71033937
ControlPanel : 0.8532992
MainWindow : 0.7070891
VersionPanel : 0.83951175
