FeedsFS : 0.69512534
ArchiveChannel : 0.8417835
Archive : 0.8203628
UpdateDialog : 0.6935926
