PropertiesResourceBundle : 0.86336327
PropertiesCompiler : 0.7143105
