MMultiPanel : 0.8312821
Net : 0.680555
