FeedViewer : 0.8548601
MTextPane : 0.8735127
PropertiesDialog : 0.8467089
Content : 0.86928314
UpdateDialog : 0.7316661
