Editor : 0.8201269
MURLButton : 0.8220604
ImportExport : 0.8390571
Attributes : 0.8230023
