Dialog has been removed due to the repository version iteration
MMessage : 0.8359404
MAboutDialog : 0.6875539
TaskTable : 0.83220655
WikiPanel : 0.7045541
InternetSearchPanel : 0.71695584
PrintDialog : 0.8361815
FSHelper : 0.8158254
NewFileDialog : 0.84654945
FormPanel : 0.84150827
TreeFS : 0.836509
MIconChooser : 0.8422986
ScriptIDE : 0.72369576
AddFeedDialog : 0.84486544
