FeedComponent : 0.8324367
GHNSDialog : 0.8253064
PreviewPanel : 0.84000206
