EditorPlugin : 0.8335542
MainWindow : 0.7153103
