MZip : 0.85909504
MMainWindow : 0.8351471
PluginInstaller : 0.851459
BackupDialog : 0.84991753
BufferedFileOutput has been removed due to the repository version iteration
PropertiesPanel : 0.6994104
TreePanel : 0.8278619
