MLogger : 0.8142571
MPasswordField : 0.8110433
Info : 0.0
UpdatePlugin : 0.8070606
Benchmark : 0.82586014
ImageBorder : 0.8415271
MasterKey : 0.7945056
HTMLBuilder : 0.71193486
MColorChooser : 0.7345807
ConsoleConfig : 0.817025
EditorCrypto : 0.7908903
MenuButton has been removed due to the repository version iteration
TextEditorKit : 0.83936185
PluginPermission : 0.8029406
NoteBorder : 0.86676574
PasswordValidator has been removed due to the repository version iteration
