Presentation : 0.84598714
AnnotationBar : 0.8350857
