NoteWidget : 0.8265567
DesktopPanel : 0.83040243
CalendarWidget : 0.8162204
LookAndFeelSettings : 0.81102043
