MSmallColorChooser : 0.8450923
DesktopSettings : 0.8413142
