Input : 0.851025
Console : 0.7040269
VersionPanel : 0.85362524
MColorChooser : 0.69452107
QueryEditor : 0.831536
EditorCrypto : 0.8348549
SummaryEditor : 0.8426083
NotepadEditorDesigner : 0.85150146
AddLinkAddressAction has been removed due to the repository version iteration
