MSystemTray : 0.72005546
MMainWindow : 0.7167894
