FeedsFS : 0.7103998
MAboutDialog : 0.70513374
