Presentation : 0.7061283
PluginMenu : 0.6559673
TreePanel : 0.70879763
