AbstractMarkupBuilder : 0.8223536
MSmallColorChooser : 0.84414923
HTMLBuilder : 0.7172244
BrushTool : 0.8277192
PropertiesPanel : 0.7083996
MColorPicker : 0.8435743
MButton : 0.8352252
MDate : 0.8296107
RedRectangleTool : 0.8292011
XMLBuilder : 0.83315104
MSmallColorButton : 0.8360321
ResizeDialog : 0.8440777
MNumberSpinner : 0.8358114
ColorEditor : 0.8273861
RectangleTool : 0.8417948
