MProperties : 0.85110015
MSplitPane : 0.8202806
MSplitPaneBeanInfo : 0.0
