VersionControl : 0.82324976
AdvancedProperties : 0.82467777
DeletePrivateDataPlugin : 0.82895947
VersionInfo : 0.8298801
VersionPanel : 0.83762693
