PrintPreview : 0.8356981
UpdateDialog : 0.8153322
