SummaryData : 0.83695376
BackupDialog : 0.8188019
Main : 0.82709473
StatsPanel : 0.81733996
Checksum : 0.83850074
