MHTMLViewer : 0.83905065
Info : 0.0
LinkEditor : 0.849999
ColorProperty : 0.8216112
TextPrintInfo : 0.8207856
HTMLViewFactory : 0.83131903
HTMLSelection : 0.8513208
