MMessage : 0.81902456
MApplication : 0.8386144
OS : 0.83115256
Main : 0.85140365
MFileChooser : 0.8459365
ScriptExecutor : 0.85140234
AbstractFileCache : 0.84275544
ChartPanel : 0.827139
AbstractMarkupBuilder : 0.843441
PluginManager : 0.7006086
ScriptYourself : 0.8368294
Tester : 0.84721035
ScriptIDE : 0.7038591
Wizard has been removed due to the repository version iteration
ProxyModel : 0.8232211
Template : 0.87245417
StandaloneApplication has been removed due to the repository version iteration
PluginInstaller : 0.85086095
BufferedFileInput has been removed due to the repository version iteration
