ScriptPlugin : 0.8489641
ScriptCommand : 0.7358606
