MAboutDialog : 0.68338794
PluginInfo : 0.8374802
AbstractTest : 0.8506991
TodoEditorDesigner : 0.84142303
NotepadEditorCore : 0.8580251
TestLinkify : 0.84155065
