MTextPane : 0.8545789
MHTMLViewer : 0.8521133
AbstractPainter : 0.84977245
