MainWindow : 0.70529944
MSplashScreen : 0.853942
SessionManager : 0.84832203
Main : 0.8772751
