Desktop : 0.8334784
Widget : 0.8263474
MainWindow : 0.7039831
WidgetInternalFrame : 0.83970374
LazyLoader has been removed due to the repository version iteration
DesktopPanel : 0.8296483
