MFrame : 0.83423287
MSystemTray : 0.8396441
GeneralSettings : 0.84407604
LookAndFeelPlugin : 0.8434491
MRating : 0.8196584
MCellTip : 0.8295948
MTextLabel : 0.84956634
