ConsoleIO : 0.7133342
ConsoleCommandLine : 0.727909
Projects : 0.6894877
SDK : 0.8164116
