MText : 0.8518493
TaskTable : 0.84705955
Console : 0.72691876
ImageEditor : 0.8531593
Model has been removed due to the repository version iteration
