MDialog : 0.8482161
MTogglePanel : 0.8450589
TestTriBoolean : 0.85264945
ToggleButton has been removed due to the repository version iteration
ChartView : 0.8457139
Desktop : 0.85053194
PropertiesPanel : 0.71007705
MSlider : 0.8356537
TestMLabel : 0.8552907
