MProcess : 0.8431044
Projects : 0.82705367
