ImageEditor : 0.8543464
ToolManager : 0.8317931
