FileSelection : 0.85823303
ImageSelection : 0.8641084
MProgressBarBeanInfo : 0.0
