Widget : 0.8098841
DesktopPanel : 0.8246985
LookAndFeelSettings : 0.82687575
WidgetTitle : 0.8447235
