MComboBox : 0.83074623
ArchiveChannel : 0.82912964
MComponent : 0.80294013
