Config : 0.83587927
MTip : 0.82340455
