AbstractFS : 0.81733185
TreeFS : 0.82933617
FeedsFS : 0.70440745
FSNewFile : 0.78971165
TreePanel : 0.8140675
