EditorQuickFind : 0.69221234
Sidebar : 0.72515315
TaskSummary : 0.6645614
