TodoEditor : 0.8087715
ImageEditor : 0.8180169
NoteWidget : 0.83295196
TodoEditorPlugin : 0.8011035
SessionManager : 0.80397713
SummaryData : 0.80085355
StatsPanel : 0.8046105
BrushTypeAction has been removed due to the repository version iteration
