MDownloadDialog : 0.84395206
PluginDownloader : 0.6984156
GHNSDialog : 0.8282975
MFrame : 0.8301842
