AbstractFS : 0.83462685
FSHelper : 0.8361186
PropertiesPanel : 0.7099737
LinkMetaInfo : 0.81121933
TreePanel : 0.82850534
Tabs : 0.8353171
