FSHelper : 0.8404909
FeedsFS : 0.73386025
ItemRenderer : 0.8093279
