MRenderer : 0.8141847
Item : 0.8350139
FSHelper : 0.81658745
MMessage : 0.823903
