AbstractTextEditor : 0.8409196
NotepadEditorDesigner : 0.8630583
TodoEditorDesigner : 0.85637033
