PrintInfo : 0.7665522
PrintDialog : 0.865187
AbstractPrintInfo : 0.84421
ComponentPrintInfo : 0.8555898
ImagePrintInfo : 0.83995515
