InternetBrowserSettings : 0.872968
Main : 0.8277873
MNumberSpinner : 0.83182245
AppSettings : 0.8456933
