VCalendar : 0.8371991
PIMData : 0.83769727
TestICalendar : 0.848644
TestVCalendar : 0.8465856
ICalendar : 0.8599015
