InternetSearchWidget : 0.8403482
WidgetInternalFrameUI : 0.8276982
CalendarWidget : 0.83220625
