Desktop : 0.83568674
NoteWidget : 0.841505
TodoWidget : 0.8309858
