PropertiesDialog : 0.8461156
Summary : 0.85960805
MStatusBar : 0.8421067
MToolBar : 0.8473823
