MIcon : 0.81431663
TestIntegerProperty : 0.82955205
Config : 0.84108746
Console : 0.6954424
Task : 0.8257559
ColorPalette : 0.824617
ItemRenderer : 0.8179077
MStatusBar : 0.82785904
BrushTool : 0.8091255
ProxyInfo : 0.81333095
StuffRenderer : 0.82034636
TestTK : 0.838884
FeedDownloader : 0.8318505
IntegerProperty : 0.8424776
Autosave : 0.841064
