PropertiesPanel : 0.70476794
WebBrowserTab : 0.83401805
