Net : 0.6985684
Feed : 0.68518513
DeletePrivateDataPlugin : 0.83206284
MLoginPanel : 0.7005615
LinkEditorPlugin : 0.8463727
BackupPlugin : 0.82482266
