Help : 0.8247333
PluginManager : 0.7080958
CategoryManager : 0.83790374
Gettext : 0.8513918
AppletTab : 0.81431544
FileExtensionFilter has been removed due to the repository version iteration
