Desktop : 0.84835804
DesktopPanel : 0.85991764
PluginSettings : 0.8468948
LookAndFeelSettings : 0.8409855
