CoolHeader : 0.83297807
SimpleButtonUI : 0.82429236
