OS : 0.81591797
EditorNavigation : 0.7558274
FeedViewer : 0.6956579
Args : 0.83607656
PrintDialog : 0.866379
NavigationUtils : 0.8332191
