MetaInfo : 0.82684016
TaskTable : 0.8269818
Tabs : 0.833743
TodoEditorCore : 0.819357
TodoEditor : 0.8298836
LinkMetaInfo : 0.7951573
TaskSelection : 0.8271428
