FileCache : 0.83383465
DefaultPreview : 0.713769
MApplication : 0.8273527
FeedsFS : 0.7073047
CacheGroup : 0.85142684
Action has been removed due to the repository version iteration
MDownloadDialog : 0.81493324
CacheIndex : 0.80140233
CacheEntry : 0.84243697
CacheException : 0.0
