AbstractFS : 0.8137827
Query : 0.83089757
FSHelper : 0.83430076
AbstractTest : 0.8562811
ImportExport : 0.83971643
