ImageEditorCore : 0.77077925
TaskTable : 0.765816
Tester : 0.7718325
PropertiesPanel : 0.71846354
