MetaInfo : 0.8410038
Index : 0.8530142
EditorPlugin : 0.8372122
ImportExport : 0.85828215
Enclosure : 0.8223041
MFileChooser : 0.8448263
Tracker : 0.828608
Archive : 0.84214336
TrashFS : 0.8518143
ScriptPlugin : 0.8370792
VersionInfo : 0.84100235
VersionPanel : 0.84091383
DnDTransferHandler : 0.84604996
AbstractIconLoader : 0.8374167
PropertiesCompiler : 0.7290969
ImageTransferHandler : 0.8462866
