TodoEditor : 0.8421972
CircleEditor : 0.8301677
