CacheEntry : 0.8169443
MSettingsPage : 0.8219117
