VersionControl : 0.83594626
LockButton has been removed due to the repository version iteration
LinkEditor : 0.84203506
MCheckBoxTable : 0.8309497
Projects : 0.8356147
LinkMetaInfo : 0.81199735
