TodoEditor : 0.83177483
EditorExport : 0.7943755
LinkEditor : 0.83978134
PropertiesPanel : 0.7030513
TodoEditorPlugin : 0.82936245
ImageEditorPlugin : 0.84548026
ImportExport : 0.8440365
TextEditor : 0.8370295
NotepadEditor : 0.83092856
ImageEditor : 0.8302834
LinkEditorPlugin : 0.84527045
NotepadEditorPlugin : 0.84783894
TextEditorPlugin : 0.8467141
