AbstractTextEditor : 0.83059454
LinkEditor : 0.8379925
TodoEditor : 0.83171815
NotepadEditor : 0.8289502
TextEditor : 0.8376031
FeedViewer : 0.7137976
ImageEditor : 0.82982355
ConsoleTab : 0.83485407
ImportExport : 0.8327454
EditorExport : 0.79515415
EditorStats : 0.7832946
