Widget : 0.82774067
MTextPane : 0.8304808
SwingWebBrowser : 0.83246225
MTabbedPane : 0.8358158
WidgetPeer : 0.775956
StaticHandler has been removed due to the repository version iteration
