Widget : 0.7178766
SearchBar : 0.6955975
QueryEditor : 0.6964963
SearchFS : 0.69666487
RatingAction has been removed due to the repository version iteration
PropertiesDialog : 0.6955055
UpdatePlugin : 0.7274654
FeedThread : 0.6793734
