ProxyModel : 0.72903883
FeedViewer : 0.8220926
AbstractMarkupBuilder : 0.76314497
ImageInfo : 0.69965684
