MTextFieldPanel : 0.84776497
NotepadEditorDesigner : 0.8547843
Net : 0.6730868
UITest : 0.82853425
LookAndFeelPlugin : 0.8380085
AbstractTest : 0.83456874
ImportExport : 0.84514636
CodePreviewProvider : 0.81589425
