InternetSearchPlugin : 0.6969518
Main : 0.6774335
