ChartModel : 0.83254236
ScriptYourself : 0.8331065
BooleanProperty : 0.87033826
FontProperty : 0.84064734
ChartPanel : 0.83476007
IntegerProperty : 0.85758454
StringProperty : 0.8639793
DoubleProperty : 0.84169203
FloatProperty : 0.8430962
ScriptIDE : 0.69254756
EnumProperty : 0.86978036
ColorProperty : 0.8379622
StatsPanel : 0.8236865
