ImageEditorCore : 0.82829946
ToolManager : 0.8370607
Filter : 0.8052937
RedRectangleTool : 0.8551079
ImageEditor : 0.8249615
ImageEditorDesigner : 0.82197946
