AbstractFS : 0.8319124
FSHelper : 0.83653665
LinkMetaInfo : 0.8123665
TreeFS : 0.8436198
FeedsFS : 0.7102939
TrashFS : 0.8477821
