Editor : 0.83190525
LinkMetaInfo : 0.81263995
ItemRenderer : 0.82528895
EditorCrypto : 0.82843953
