PropertyPanel : 0.83854884
MCalendarPanel : 0.83198655
MDateSpinner : 0.84417653
DateProperty : 0.84609514
