PluginManager : 0.83981234
PluginSettings : 0.8342988
Main : 0.83505
PluginInstaller : 0.8085252
