MPanel : 0.8403668
FormPanel : 0.83339006
PropertyPanel : 0.83743024
TagsEditor : 0.8315104
MMessage : 0.828898
TodoEditorPlugin : 0.8332014
MComponent : 0.83554316
FileInfoPanel has been removed due to the repository version iteration
GeneralSettings : 0.8422353
