Editor : 0.83687514
Index : 0.7983119
BrushTool : 0.8363519
AdvancedProperties : 0.83500934
AbstractFileCache : 0.82704914
FSHelper : 0.7894162
Panel has been removed due to the repository version iteration
LineTool : 0.8303349
PropertiesPanel : 0.7449765
AbstractFS : 0.82076705
AbstractRectangleTool : 0.8189523
ImportExport : 0.8042735
SelectionTool : 0.832512
RectangleTool : 0.82265955
