FeedFactory : 0.7208684
ArchiveChannel : 0.8528784
FeedComponent : 0.82942635
