AutoCompletion : 0.8440618
MTextField : 0.86491317
TagsEditor : 0.8381316
HistoryCommand : 0.83620894
InternetSearchPanel : 0.71906334
MPasswordField : 0.84151626
MComboBox : 0.84701127
MTextFieldPanel : 0.85346407
MFormattedTextField : 0.86942804
SummaryEditor : 0.8520675
SearchBar : 0.8533256
ConsoleCommandLine : 0.8518471
AbstractSpinner : 0.85562176
NewFileDialog : 0.8668406
ComponentBeanInfo : 0.0
