ImageEditor : 0.82745063
MText : 0.8231364
ImageEditorDesigner : 0.8415314
InternetSearchWidgetPlugin : 0.81645936
