FeedComponent : 0.82554406
FeedViewer : 0.8389836
FeedThread : 0.8461829
UpdateDialog : 0.8013874
Vars : 0.0
