Dialog has been removed due to the repository version iteration
PrintDialog : 0.83459145
Input : 0.84097993
MButtonPanel : 0.83231163
MWizardDialog : 0.8416838
ScriptIDE : 0.72316337
