AutoCompletion : 0.6916635
ImageEditorCore : 0.6896555
MFrame : 0.7016248
InternetSearchPanel : 0.81330985
