MGraphics2D : 0.8457072
MMessageLabel : 0.83011675
PropertiesBar : 0.83111453
PluginSettings : 0.82763714
MTextFieldPanel : 0.8381593
MSliderBeanInfo : 0.0
MNumberSpinnerBeanInfo : 0.0
