CategoryManager : 0.7079183
AddFeedDialog : 0.70823085
