MProperties : 0.8455513
ImportExport : 0.8494078
ArchiveChannel : 0.83170766
TodoEditorCore : 0.81793493
HistoryCommand : 0.82564443
DefaultPreview : 0.69673586
PluginInstaller : 0.8624077
HTMLEntities : 0.86545986
