RichTextPane : 0.8444513
NoteWidget : 0.8531256
Editor : 0.83045125
