PrintPreviewPanel : 0.85031337
PrintDialog : 0.85688794
