InternetSearchWidget : 0.837565
LinkEditor : 0.85773945
