FeedsFS : 0.7024439
FeedDownloader : 0.8368707
