ImportExport : 0.8550603
ChartPanel : 0.8437557
Gettext : 0.84740853
VersionPanel : 0.86220044
