FileCache : 0.8375166
Property : 0.8465559
