Config : 0.82365197
MAction : 0.8368822
Window has been removed due to the repository version iteration
Armor : 0.8172946
ImportExport : 0.82996935
