MetaInfo : 0.82332855
GeneralSettings : 0.81440043
MMenuItem : 0.8320412
MMenu : 0.83542824
PropertiesDialog : 0.8238729
MColorPicker : 0.843624
