TaskTable : 0.8449804
ArticleList : 0.8377475
