MIcon : 0.82468754
DefaultIconLoader : 0.83886194
