Tester : 0.8596443
TestSimpleXMLReader : 0.70012283
