WindowDragAdapter : 0.83204806
MNotification : 0.83722466
