WidgetInternalFrame : 0.81819594
SummaryRenderer : 0.83175117
