MScrollPane : 0.84663194
DesktopPanel : 0.8326896
MLayerUI : 0.84981066
BrowseLayerUI : 0.8428686
