MPanel : 0.823507
MainWindow : 0.6856532
FeedComponent : 0.8248985
Sidebar : 0.83601034
MCalendar : 0.8188737
MText : 0.84103376
DesktopToolBar : 0.83326006
MSystemTray : 0.8270128
