MDate : 0.8390531
ItemRenderer : 0.82694197
