LocationBar : 0.8553531
MDataInputStream : 0.8384405
