Style : 0.81840193
CircleRenderer : 0.79635894
MToolBar : 0.828286
