OS : 0.8174152
MNotification : 0.818449
HTMLRichTextEditorKit : 0.83315796
