AbstractFS : 0.8359835
AdvancedProperties : 0.8430059
ImportExport : 0.86464727
NewFolderDialog : 0.8299776
