PluginSettings : 0.71573347
VersionProperty : 0.68417734
StuffRenderer : 0.70453113
PluginDownloader : 0.82068914
TreePanel : 0.707299
