MProcess : 0.8404127
OS : 0.82908666
