OS : 0.8190452
AbstractFS : 0.8113668
