FeedsFS : 0.729373
QueryEditor : 0.8160381
