SearchBar : 0.8590957
MSearchPanel : 0.0
MFontChooser : 0.84480923
