Config : 0.8489615
MGuardedObject : 0.84993994
