MMenuAdapter : 0.8439454
MainWindow : 0.703467
TagsMenu : 0.8795382
