AbstractFS : 0.8322354
FeedsFS : 0.71114963
