Main : 0.8486179
Reminder : 0.8475313
MTreeScanner : 0.8093377
