MTreeItem : 0.8477346
Query : 0.83439225
MTreeModel : 0.8480656
SummaryPanel : 0.84651434
Renderer has been removed due to the repository version iteration
SummaryData : 0.8416944
