Main : 0.8198162
MMainWindow : 0.8080855
