SessionManager : 0.6920006
Autosave : 0.69002104
Reminder : 0.67345923
