MetaInfo : 0.83143806
Tree : 0.85136086
TrackerEvent : 0.808609
FSHelper : 0.84254086
MainWindow : 0.67901343
TrackerItem : 0.8578958
