MFrame : 0.82173914
PrintDialog : 0.8288239
MSettingsDialog : 0.8281411
