MetaInfo : 0.83013743
OS : 0.8178878
Item : 0.83394027
Style : 0.8087338
MFileChooser : 0.83393604
Query : 0.8315187
TestTK : 0.8383777
UpdateInfo : 0.68865436
SummaryCategory : 0.80822074
