Tracker : 0.8404482
CalendarWidget : 0.84176266
