OS : 0.8170998
MSystemTray : 0.8344214
WidgetInternalFrame : 0.8392668
