ArchiveChannel : 0.84102106
FeedViewer : 0.7132373
