MFrame : 0.8398169
MMainWindow : 0.8341305
MNumberSpinner : 0.8308732
