OS : 0.80074507
MTogglePanel : 0.8258799
TodoEditorCore : 0.8187126
MNotification : 0.8261922
ToggleButton has been removed due to the repository version iteration
LookAndFeelSettings : 0.82607037
Main : 0.8220025
MainWindow : 0.6892943
