ImageInfo : 0.8217476
MDataTransfer : 0.8376999
ImageEditorCore : 0.81971055
Index : 0.84093165
ImageEditorDesigner : 0.8246888
ImageEditor : 0.8210857
