MList : 0.83898187
MComboBox : 0.8448133
MTabbedPane : 0.8510206
MMenuBar : 0.8509321
