TagsEditor : 0.70906234
TaskPanel : 0.7157542
TagsMenu : 0.69054925
SummaryPanel : 0.69799566
Submenu has been removed due to the repository version iteration
BookmarksMenu : 0.7003174
