MAboutDialog : 0.7080679
MSettingsDialog : 0.8369306
