MDialog : 0.8289976
MMenu : 0.8355726
MDate : 0.8289853
ImageEditor : 0.8337775
DateTimeDialog has been removed due to the repository version iteration
MSystemTray : 0.8338427
