MPanel : 0.8367201
MToolBar : 0.8284554
MFileChooser : 0.8350307
ItemRenderer : 0.8287755
MMenuBar : 0.8365309
