MLinkAction : 0.8187238
MAboutDialog : 0.7003866
MLinkButton : 0.832552
