MSettingsDialog : 0.83706784
AbstractClockWidget : 0.8438322
