PluginManager : 0.84376246
ScriptIDE : 0.6940972
