MTree : 0.8476022
SummaryData : 0.8433603
