Tabs : 0.8347773
FeedsFS : 0.7133793
CalendarTab : 0.8423636
ReferenceCount : 0.83553934
