MWhatsThis : 0.83132595
NoteWidget : 0.8431724
InternetSearchWidget : 0.85118747
