MList : 0.8518843
FilterItem has been removed due to the repository version iteration
ResizeDialog : 0.84282213
Filters : 0.83445954
BackupDialog : 0.82932806
