MTextLabel : 0.84895796
MEditorPane : 0.84622675
