NotepadEditor : 0.8441491
NotepadEditorPlugin : 0.86694574
