MAboutDialog : 0.70846826
ColorPalette : 0.8170077
MSystemTray : 0.83980286
