MLogger : 0.83225584
ImageEditor : 0.8223696
Console : 0.8298941
