MScrollPane : 0.83174294
ImageEditor : 0.834005
Console : 0.70804524
SwingWebBrowser : 0.8335441
FeedComponent : 0.81633705
MAboutDialog : 0.6984352
SummaryPanel : 0.8240085
MColorPicker : 0.8434667
AbstractTextEditor : 0.83160454
TreePanel : 0.8262166
PluginSettingsTab : 0.83488643
