MSystemTray : 0.8486327
GeneralSettings : 0.8523638
UpdatePlugin : 0.8380934
