DefaultPreview : 0.83032197
Mods : 0.8360745
Editor : 0.8191673
PluginManager : 0.83447385
Wizard has been removed due to the repository version iteration
Main : 0.8205189
GeneralSettings : 0.82319355
MainWindow : 0.6752874
