FS : 0.8562461
FSHelper : 0.8457441
MTreeScanner : 0.81399226
AbstractFS : 0.8396895
SearchBar : 0.8356688
DnDTransferHandler : 0.842412
ItemRenderer : 0.8371395
