OS : 0.8180018
FeedViewer : 0.83427197
MAuthenticator : 0.84226847
