TodoEditorCore : 0.81059587
Tabs : 0.82873887
