PluginDownloader : 0.6960787
FeedComponent : 0.71294063
Sidebar : 0.71906394
Summary : 0.70058507
