InternetSearchPlugin : 0.703657
InternetSearchPanel : 0.8029117
