LinkEditor : 0.8445299
Index : 0.8303594
LinkEditorPlugin : 0.85240483
