Filters : 0.83154535
MSmallColorChooser : 0.842672
PropertiesBar : 0.83588105
