FileSelection : 0.86844796
ImageTransferHandler : 0.8537424
DnDTransferHandler : 0.85145485
