DefaultPreview : 0.72105944
ItemRenderer : 0.81593394
TextEditor : 0.8361981
