Main : 0.8599915
MStatusBar : 0.846209
ImportExport : 0.84269357
