TodoEditorCore : 0.83253115
MWebBrowser : 0.8370555
MAbout : 0.6774944
Summary : 0.85578406
