MFrame : 0.8397777
MTextFieldPanel : 0.84847164
CircleRenderer : 0.8131592
CompleteRenderer : 0.815606
BooleanRenderer : 0.81435555
ContentPane has been removed due to the repository version iteration
ColorRenderer : 0.82297724
