PluginManager : 0.83640516
MCalendar : 0.8203383
AbstractTest : 0.853803
