PropertyPanel : 0.8322133
MNumberSpinner : 0.82703006
ScriptIDE : 0.72275436
