BackupDialog : 0.81810474
InternetSearchPanel : 0.7057167
