MainWindow : 0.6918535
FeedViewer : 0.8365839
