PropertyPanel : 0.82676274
TestTK : 0.83777714
