PluginManager : 0.84031695
MTip : 0.83500946
MSettingsDialog : 0.82918733
AnnotationBar : 0.8350809
TridentConfig : 0.8246208
PluginClassLoader : 0.82727784
MainWindow : 0.68264604
StaticHandler has been removed due to the repository version iteration
