MDialog : 0.82929313
MMessage : 0.8259041
OS : 0.8161176
MCalendarPanel : 0.8288259
MSettingsDialog : 0.82899815
CalendarTab : 0.8410299
DateTimeDialog has been removed due to the repository version iteration
