FSHelper : 0.70479584
Index : 0.6911726
SecurityDialog has been removed due to the repository version iteration
FeedThread : 0.69649917
Armor : 0.8022387
MAccessController : 0.6549167
