MActionInfo : 0.85102266
StatsPanel : 0.8106473
Reminder : 0.8078736
FeedThread : 0.82561094
