Armor : 0.69452006
MColorChooserDialog : 0.7016293
MHTMLViewer : 0.83663094
