MCalendarPanel : 0.83617806
SummaryCategory : 0.82384485
CollectionMap : 0.82657707
Day has been removed due to the repository version iteration
MStringBuilder : 0.8494401
SummaryData : 0.82832664
CalendarComponent : 0.8302404
