MainWindow : 0.6993021
FeedsFS : 0.7056728
FeedsFSPlugin : 0.8313072
MMainWindow : 0.8308195
Favicon : 0.8323655
UpdatePlugin : 0.83834237
ToggleOfflineAction has been removed due to the repository version iteration
