TodoEditorCore : 0.6856913
UpdateDialog : 0.7099662
