IconLoader : 0.72778887
Armor : 0.8261354
