MLabel : 0.8448379
MLabeledTextField : 0.836774
MMessage : 0.8276366
PropertiesDialog : 0.8229438
SelectionToolPanel has been removed due to the repository version iteration
FilterDialog : 0.8345574
PrintPreview : 0.8297937
TreeFS : 0.825369
FeedComponent : 0.8034445
InternetSearch : 0.83346313
EditorQuickFind : 0.82995874
LinkEditor : 0.835917
PluginDownloader : 0.8283659
ProxySettings : 0.81304735
FeedUtils : 0.82403934
MNumberSpinner : 0.8449069
