ItemRenderer : 0.83138895
MCalendarPanel : 0.82869506
TaskModel : 0.80512327
AppletTab : 0.822909
MFrame : 0.83338535
