ImportExport : 0.85905814
Designer : 0.8439683
