Armor : 0.6832773
MainWindow : 0.69963056
ConsoleIO : 0.8261471
