ImageEditor : 0.8508294
ResizeDialog : 0.85586476
CompleteEditor : 0.8787835
