MSettingsDialog : 0.8341036
RepeatPanel : 0.8376003
