PluginInfo : 0.82998806
MTable : 0.8262611
BackupDialog : 0.8473087
ScriptPlugin : 0.84009856
PickerColorChooserPanel has been removed due to the repository version iteration
StatsPanel : 0.8220998
MFileChooser : 0.8482795
