LinkEditor : 0.8393011
TodoEditor : 0.8320214
AbstractTextEditor : 0.8316698
