Main : 0.8211505
Armor : 0.69181854
Plugin : 0.7161345
PropertiesCompiler : 0.7121572
Args : 0.83743834
