MTogglePanel : 0.8219114
MPanel : 0.8357424
