Model has been removed due to the repository version iteration
MainWindow : 0.7081388
ProxyPanel : 0.81088275
TreeFS : 0.7263613
ImportExport : 0.83857787
