Widget : 0.7153746
SearchBar : 0.69783247
EditorQuickFind : 0.69154364
PluginSettings : 0.7025025
NoteWidget : 0.69642687
