MMenu : 0.83361375
ColumnManager : 0.83072895
ImageEditor : 0.8337886
InternetSearchPlugin : 0.69388956
MText : 0.8299556
Pager : 0.830959
TreePanel : 0.82602876
CalendarComponent : 0.8248168
ColorPaletteMenu has been removed due to the repository version iteration
