Task : 0.8294498
TodoEditorCore : 0.8314958
Index : 0.84027874
TextUtils : 0.8286018
StaticHighlighterHandler has been removed due to the repository version iteration
Filter : 0.832942
