Console : 0.71752685
BackupDialog : 0.8141143
UpdatePlugin : 0.8215944
VersionPanel : 0.83140945
