MNotification : 0.8395298
Desktop : 0.839424
MRegexPanel : 0.7210865
Criteria has been removed due to the repository version iteration
TrashFS : 0.8330176
Filters : 0.8227341
FeedUtils : 0.7172248
