MText : 0.83124024
CategoryList : 0.81860054
Day has been removed due to the repository version iteration
SummaryCategory : 0.8219033
TodoEditorCore : 0.8199896
TextUtils : 0.8284282
