Config : 0.8343478
AbstractTest : 0.8172349
