TaskModel : 0.809205
SummaryEditor : 0.8320302
ImageEditorCore : 0.8299539
TodoEditor : 0.8314834
