Archive : 0.8168957
ArchiveChannel : 0.84104085
