Console : 0.7085943
NoteWidget : 0.843787
TagsEditor : 0.82361585
