Tracker : 0.8479582
TrackerEvent : 0.8283007
LinkEditor : 0.85951656
SummaryData : 0.8441301
