MTable : 0.706332
TaskTable : 0.7015534
