MTimer : 0.8305745
PluginOptions : 0.7684626
