LinkEditorPlugin : 0.7180589
TreePanel : 0.71082884
