MFileChooser : 0.8332956
TodoEditorCore : 0.81882024
Tree : 0.8280308
ItemRenderer : 0.8196897
