SummaryTree : 0.8344793
SummaryPanel : 0.8423931
