FeedThread : 0.8604426
TaskList : 0.8467068
