MText : 0.8302946
PrintPreviewPanel : 0.8323063
Plugin : 0.70357555
SummaryEditor : 0.8328077
Cache : 0.80978286
