MCalendarPanel : 0.83521456
FeedComponent : 0.82490736
InternetSearchWidget : 0.84071857
LinkEditor : 0.8510513
Action has been removed due to the repository version iteration
CategoryMenu : 0.8222013
Blend : 0.8374482
