MComponent : 0.83103013
AppletTab : 0.8284117
