MText : 0.83057743
MList : 0.8275032
MFontChooser : 0.84103
Input : 0.83298254
MMessage : 0.8264635
TagsEditor : 0.82365835
DateTimeDialog has been removed due to the repository version iteration
Editor : 0.8219577
MFontButton : 0.83417386
