RSSItem : 0.7838152
Atom10Item : 0.7510826
AbstractItem : 0.8488215
RDFItem : 0.7579561
Atom0xItem : 0.74299985
