Armor : 0.6946356
MStringBuilder : 0.84906125
TodoEditorCore : 0.83472085
