ConsoleIO : 0.8317804
MAboutDialog : 0.69355136
FeedsFSPlugin : 0.8248287
