Browser : 0.8429672
XMLHelper : 0.83028203
ImageEditor : 0.84565216
TextEditor : 0.8450529
TodoEditor : 0.8452424
NotepadEditor : 0.8363766
EditorPrint : 0.77217966
FeedViewer : 0.84329265
