FSHelper : 0.8374091
EnumProperty : 0.8457457
ItemRenderer : 0.83110785
ImportExport : 0.8419041
