MMessage : 0.8190185
GHNSDialog : 0.8153919
ListView has been removed due to the repository version iteration
TestTK : 0.837728
WebPanel : 0.82169765
MStringBuilder : 0.8449633
