Armor : 0.67765915
PropertiesBar : 0.83205324
CategoryMenu : 0.81242955
Blend : 0.8386354
MTextLabel : 0.8503803
