Archive : 0.8166615
FeedsFS : 0.69399685
FSProperties : 0.7834876
TreePanel : 0.8190509
FeedThread : 0.81824034
ArchiveChannel : 0.83531755
SearchFS : 0.8205958
