FeedsFS : 0.6957722
FSProperties : 0.7613728
ArchiveItem : 0.8140114
TreePanel : 0.83030236
FeedThread : 0.8351087
FeedComponent : 0.83053154
