FeedsFS : 0.70413816
FeedViewer : 0.6949997
MColorPicker : 0.8169518
TreeSettingsButton : 0.834518
