TasksSettings : 0.82316697
PluginClassLoader : 0.8149308
