Armor : 0.69672036
WebPanel : 0.8300851
PluginClassLoader : 0.8325043
MFontChooser : 0.8326007
