MRenderer : 0.82827365
MTip : 0.8239613
MMessageLabel : 0.82117707
Title has been removed due to the repository version iteration
MTextLabel : 0.8363836
MSeparator : 0.8296285
