Net : 0.67946017
MMessage : 0.82630557
InternetSearchPlugin : 0.83551407
HTMLAutodiscovery : 0.8077991
Feed : 0.67355996
