MText : 0.83080524
ToggleButton has been removed due to the repository version iteration
MFontChooser : 0.841629
MRating : 0.81885016
PluginManager : 0.8289266
MTextLabel : 0.8455413
