SortAction has been removed due to the repository version iteration
TaskTable : 0.84011006
CategoryMenu : 0.81931907
SummaryPanel : 0.8442634
TaskPanel : 0.8475183
MFileChooser : 0.84286153
TreePanel : 0.84317654
InternetSearchPanel : 0.70124537
DocumentListButton : 0.8635643
