Tree : 0.82124007
MMouseAdapter : 0.80412304
ItemRenderer : 0.8391974
