MDate : 0.68709993
MMessage : 0.67690516
