TodoEditorCore : 0.83116996
TridentConfig : 0.8357513
