MMouseAdapter : 0.8095507
FeedViewer : 0.8375414
TextEditorKit : 0.84687
