MUndoManager : 0.696526
MColorChooserDialog : 0.7809231
