Index : 0.66986305
MList : 0.69531465
MColorChooserDialog : 0.7916119
TaskModel : 0.66284114
FeedViewer : 0.81488776
Sidebar : 0.70070183
MetaInfoList : 0.68978345
