Widget : 0.82681936
Desktop : 0.82138413
AbstractClockWidget : 0.8334087
NoteWidget : 0.83848643
TodoWidget : 0.83162624
InternetSearchPlugin : 0.8388206
UpdatePlugin : 0.8216319
