CategoryMenu : 0.820243
Links : 0.69858897
TagsEditor : 0.8296412
SummaryCategory : 0.84084475
TagsMenu : 0.8324076
