SDK : 0.8180885
MAboutDialog : 0.8064283
ScriptIDE : 0.84482193
