Query : 0.8300329
SearchBar : 0.86284524
