Task : 0.829237
SummaryPanel : 0.82033384
