Benchmark : 0.68564403
SecurityDialog : 0.66595054
Tester : 0.6847454
MPermission : 0.754769
PluginPermission : 0.71229106
Permission has been removed due to the repository version iteration
