TaskInfoButton : 0.7085063
TaskPanel : 0.72504735
TaskSummary : 0.66706014
