GHNSDialog : 0.8252287
WebPanel : 0.8437057
