Vars : 0.0
Application : 0.71719027
FeedViewer : 0.71425337
Tabs : 0.7206698
Tree : 0.7012437
ConfigureAction has been removed due to the repository version iteration
