HelpGenerator : 0.81268054
DnDTransferHandler : 0.8456185
ModelIO : 0.8265325
ScriptExecutor : 0.8108247
