WindowDragAdapter : 0.65637857
TestPBEInfo : 0.6951377
MDialog : 0.69879335
ItemStatus : 0.7146109
MDate : 0.71419126
MainWindow : 0.79053456
MNotification : 0.70579827
WebPermission : 0.0
