ControlPanel : 0.8665308
MFrame : 0.82720345
MSplashScreen : 0.8369808
Presentation : 0.84993386
MWindow : 0.82867825
