MSettingsDialog : 0.8267134
MFrame : 0.833517
