ConsoleCommand : 0.7507916
ConsoleCommandLine : 0.7266492
Item : 0.73156726
ScriptCommand : 0.8409093
