FormPanel : 0.7134274
ItemRenderer : 0.69279224
