MFontChooser : 0.83423877
SwingWebBrowser : 0.82811594
