SummaryEditor : 0.8267515
LabelLayerUI : 0.7857037
CategoryListRenderer : 0.8145552
