PluginSettings : 0.8454415
MFontChooser : 0.8415247
FontRenderer : 0.8432699
MCellTip : 0.84703845
PluginList : 0.0
