TestProperty : 0.83448666
AbstractTest : 0.84827894
TestMSeparator : 0.8459968
TestAbstractBeanInfo : 0.8420507
