MTree : 0.84356797
PriorityRenderer : 0.8156596
SummaryRenderer : 0.82530224
SummaryTree : 0.83260715
