NavigationUtils : 0.82719344
ListActionsLayerUI : 0.8284958
