FeedsFS : 0.6954821
MetaInfoMenu : 0.8416684
