OS : 0.82936686
Args : 0.839337
MAboutDialog : 0.69427055
MFileChooser : 0.84400094
AbstractFS : 0.82382107
