PluginManager : 0.8309079
TestTK : 0.8173866
Main : 0.835309
PluginInstaller : 0.81191975
