MDate : 0.85736656
NotepadEditorPlugin : 0.8287156
TodoEditorCore : 0.8284811
TodoEditor : 0.8259803
TodoEditorPlugin : 0.83032954
TaskSelection : 0.8422997
SummaryRenderer : 0.83181876
