SummaryData : 0.834045
SummaryRenderer : 0.8256045
