MLinkButton : 0.8317453
Feed : 0.719423
LinkEditor : 0.84475976
HTMLSelection : 0.829595
StaticDragHandler has been removed due to the repository version iteration
Globals : 0.828765
ImageInfo : 0.82075465
TestHTMLAutodiscovery : 0.7200893
