MMessage : 0.8525449
MNotification : 0.846183
Widget : 0.83252704
MText : 0.8623105
Tree : 0.85962147
MTabbedPane : 0.8596136
MTree : 0.84128076
MMenu : 0.8578877
ImageEditor : 0.85591626
TodoEditor : 0.8549354
TodoEditorCore : 0.84911025
Desktop : 0.8572472
DesktopPanel : 0.866112
PluginSettingsPage has been removed due to the repository version iteration
