SelectionTool : 0.85700774
Filter : 0.82217664
