HTMLBuilder : 0.7180848
TableColumn has been removed due to the repository version iteration
MetaInfo : 0.8293013
Task : 0.8288573
MTable : 0.82696116
TaskModel : 0.8226759
GHNSDialog : 0.81429166
MMessage : 0.81741315
Editor : 0.82021034
