MCalendarPanel : 0.8292648
GHNSDialog : 0.8173136
MIconChooser : 0.8341581
MainWindow : 0.69935495
MFontChooser : 0.83616495
CalendarWidget : 0.84028393
MFontComboBox : 0.0
