Main : 0.834125
Gettext : 0.8229141
Plugin : 0.70337087
