VersionProperty : 0.81624484
TestOS : 0.70159554
