OS : 0.8291838
PluginManager : 0.8350557
