Editor : 0.8356979
MTabbedPane : 0.85658103
MTab : 0.85270727
DesktopTab : 0.85041994
HelpAction has been removed due to the repository version iteration
