CircleRenderer : 0.8103199
DateTimeEditor : 0.83531636
