OS : 0.8160553
ListActionsLayerUI : 0.8376024
MCellTip : 0.84464884
StaticHandler has been removed due to the repository version iteration
NotepadEditorPlugin : 0.8356562
MSeparator : 0.83147126
DateTimeRenderer : 0.8616411
