Armor : 0.68781817
PluginManager : 0.8324797
Gettext : 0.8457759
