Task : 0.82257015
Tabs : 0.8327146
MColorPicker : 0.8429942
TextEditor : 0.83349717
ColorComponent has been removed due to the repository version iteration
