OpenSearchDescription : 0.7072969
InternetSearchPlugin : 0.8573127
InternetSearchPanel : 0.706035
