MFrame : 0.8329303
MWindow : 0.8140578
