MWindow : 0.81779975
WindowDragAdapter : 0.82158124
