PrintPreviewPanel : 0.8246778
MNotification : 0.8305301
SwingWebBrowser : 0.8269919
TaskModel : 0.805014
