MTextField : 0.8680591
MLabel : 0.8586359
MLabeledTextField : 0.8687857
MTextPane : 0.8485373
MMessage : 0.86041
ImageEditorCore : 0.8543595
MComboBox : 0.8598842
TodoEditor : 0.8566365
ProxySettings : 0.8383171
LinkEditor : 0.8714776
DateTimeEditor : 0.86004907
AbstractSpinner : 0.8736453
SummaryEditor : 0.87284255
FeedsConfigPanel has been removed due to the repository version iteration
