MDate : 0.8339001
Pager : 0.83727443
FeedViewer : 0.7128047
TaskList : 0.8339762
AbstractItem : 0.82704055
Button has been removed due to the repository version iteration
MRegexPanel : 0.7096147
GuessLocationAction : 0.8173857
