FeedViewer : 0.8366489
MFileChooser : 0.837765
