TextEditor : 0.8604873
SearchBar : 0.86351454
