FSHelper : 0.8457214
Tree : 0.84716713
SearchFS : 0.8546789
SearchBar : 0.8420171
AbstractFS : 0.83971983
FeedsFS : 0.7061295
Query : 0.8340222
CustomPanel has been removed due to the repository version iteration
