OS : 0.81565356
MFrame : 0.83337176
