Vars : 0.0
Reminder : 0.8319971
TasksSettings : 0.84610385
