MSystemTray : 0.7160158
DiskFreePanel : 0.70571893
