MTaskAction : 0.8435341
UpdatePlugin : 0.83388996
GuessLocationAction : 0.82521373
