TodoEditor : 0.85531265
SearchBar : 0.8638776
Backup : 0.832567
QueryEditor : 0.8525804
