Editor : 0.82146525
TrackerEvent : 0.8183574
SummaryData : 0.8416384
