Vars : 0.0
Tabs : 0.83690166
MMainWindow : 0.824267
WebBrowserTab : 0.8306984
DesktopTab : 0.8373574
Action has been removed due to the repository version iteration
CalendarTab : 0.8434652
PluginSettingsTab : 0.8316483
