TestItem : 0.8468552
TodoEditor : 0.83478826
TextEditorDesigner : 0.8333882
MTogglePanel : 0.82071096
ToolManager : 0.81200546
AbstractSettings : 0.8229696
ImageEditorDesigner : 0.8366881
AutoCompletion : 0.83759874
SelectionToolPanel has been removed due to the repository version iteration
ToolPanel : 0.0
