MTextField : 0.84603304
FSHelper : 0.83033746
MIconChooser : 0.85154307
RepeatPanel : 0.84742874
