ArchiveChannel : 0.8134039
ImagePreviewPanel : 0.82964003
