Console : 0.70121676
QueryCategorySelection has been removed due to the repository version iteration
PropertiesBar : 0.83278745
TaskTable : 0.828923
MFontChooser : 0.8364728
LookAndFeelPlugin : 0.843317
TextEditorDesigner : 0.8430632
MRegexPanel : 0.6912856
ConsoleTab : 0.84557956
