PluginManager : 0.83484036
MCellTip : 0.8152256
PropertiesPanel : 0.7044505
