Armor : 0.79754555
LoupeLayerUI : 0.72240466
