ImageEditor : 0.8259136
MTable : 0.8170399
WikiPanel : 0.70039845
