Console : 0.69499654
MainWindow : 0.69809026
SwingWebBrowser : 0.8292478
