MDialog : 0.8240152
MainWindow : 0.6955253
MDownloadDialog : 0.83369964
AbstractFS : 0.8161309
MTree : 0.8243394
SearchBar : 0.8357023
TreeFS : 0.7061654
ImportExport : 0.82646734
