FSHelper : 0.85913277
ImportExport : 0.8641224
