MetaInfo : 0.8301203
MToggleButton : 0.82817316
MRegexPanel : 0.68969476
WikiPanel : 0.69535345
Pager : 0.8397403
PropertiesBar : 0.8458412
PropertiesPanel : 0.8438119
InternetSearchPanel : 0.7059638
