BackupDialog : 0.82970333
TaskTable : 0.8449592
MTreeItem : 0.84757835
