DiskFreeModel : 0.82827234
TaskPanel : 0.83595574
Main : 0.6932997
