MetaInfo : 0.83093405
ImageEditor : 0.8161735
TodoEditor : 0.81949407
NotepadEditor : 0.82548326
TextEditor : 0.82801014
Query : 0.8307033
ImportExport : 0.81480074
LinkEditor : 0.82759583
DnDTransferHandler : 0.8238478
