Info : 0.0
MSimpleLayout : 0.83227164
MComponent : 0.8320885
CalendarWidget : 0.8653988
