FeedsFS : 0.704534
ArticleList : 0.8383266
FeedViewer : 0.8369877
FeedThread : 0.8458553
