MainWindow : 0.6873475
Query : 0.8203563
FSHelper : 0.84012806
