MStatusBar : 0.8540923
FeedsFS : 0.7004863
TextEditor : 0.8434724
Tabs : 0.847242
MFileChooser : 0.842272
ScriptPlugin : 0.8444735
NavigationUtils : 0.83076894
MToolBar : 0.8363618
DayButton has been removed due to the repository version iteration
SearchBar : 0.84540534
HTMLRichTextPane : 0.7317628
ConsoleConfig : 0.84186226
ImageEditorCore : 0.84325224
Reminder : 0.8309818
FeedViewer : 0.8388035
RectangleTool : 0.8571078
Undo has been removed due to the repository version iteration
AnnotationBar : 0.8527805
