ScriptExecutor : 0.7001301
ScriptIDE : 0.8086773
