CalendarWidget : 0.8392275
MAccessController : 0.8073284
