MCalendarPanel : 0.8357931
TaskPropertiesPanel : 0.84465784
TodoEditorDesigner : 0.83971
GradientPainter : 0.8047565
