Index : 0.846741
TextEditorDesigner : 0.835734
PluginManager : 0.84863645
Tracker : 0.82341003
Widget : 0.83010006
FileCache : 0.85463613
FileScanner : 0.818644
TrashFS : 0.85092795
ScriptIDE : 0.8438661
DesktopPanel : 0.83135724
