PluginSettingsTab : 0.8402622
PluginInstaller : 0.8186737
