Console : 0.69892687
TaskTable : 0.8288309
TodoEditorPlugin : 0.8350927
MainWindow : 0.6822507
