TodoEditorCore : 0.8266132
TodoWidget : 0.82723993
MHighlighter : 0.82694244
