CategoryManager : 0.8326847
Task : 0.82308364
PluginManager : 0.82821167
MNotification : 0.8270202
Desktop : 0.83355916
TaskTable : 0.8285516
GroupTree : 0.8146786
TreeFS : 0.6976428
PropertiesPanel : 0.83160466
PropertiesBar : 0.834545
InternetSearchPanel : 0.7093425
TodoEditorCore : 0.81819093
Submenu has been removed due to the repository version iteration
TagsMenu : 0.82045346
