MIcon : 0.8273462
Kiosk : 0.0
MDialog : 0.8113566
MFrame : 0.8148133
ImageEditorCore : 0.8185641
ResizeDialog : 0.8308845
SummaryRenderer : 0.8247424
HelpMenu : 0.779028
