MSmallColorChooser : 0.84852135
SummaryPanel : 0.83752406
MCalendarPanel : 0.8404355
PluginDownloader : 0.6863048
TaskPanel : 0.84534025
ColumnManager : 0.83691925
FeedViewer : 0.8389808
MTextFieldPanel : 0.8455627
TextEditorDesigner : 0.84704983
MFileChooser : 0.8424359
MColorChooserDialog : 0.7129986
TreePanel : 0.83991027
InternetSearchPanel : 0.71530724
NotepadEditorDesigner : 0.8489243
DesktopPanel : 0.834277
PropertiesBar : 0.8478668
ImageInfo : 0.8389085
HTMLColorChooserPanel has been removed due to the repository version iteration
