GroupTree : 0.8258028
MZip : 0.8223895
SummaryData : 0.829701
DocumentListButton : 0.82023805
ColorPalette : 0.82422644
CommandOptions : 0.83515364
AutoCompletionData : 0.84139603
LineIterator has been removed due to the repository version iteration
