MAboutDialog : 0.69708276
XMLRPCClient : 0.8047833
