Item : 0.8365711
Property : 0.84394103
MProcess : 0.8403266
MFileChooser : 0.84717464
OS : 0.825092
PluginManager : 0.8427797
