ImageEditor : 0.8319178
AbstractTextEditor : 0.83055097
WebBrowserTab : 0.8308382
ImageEditorCore : 0.83056194
TodoEditor : 0.83226246
MTable : 0.8272318
