TextEditor : 0.84155333
MDateSpinner : 0.84717405
Sidebar : 0.8326664
Tracker : 0.82345176
