ScriptYourself : 0.84836286
DocumentListButton : 0.8501212
