Archive : 0.819333
MAbout : 0.699997
FeedThread : 0.84119356
DateTimeEditor : 0.8414147
