MFontChooser : 0.8211524
MAccessController : 0.79665375
