Item : 0.84261817
MAboutDialog : 0.7076268
UpdateInfo : 0.6753144
UpdatePanel : 0.0
