MMessage : 0.81671214
MRenderer : 0.80561215
Input : 0.8199397
GetTextBuilder has been removed due to the repository version iteration
StuffRenderer : 0.8169796
WordCountPreviewProvider : 0.8499646
ValidatorSupport : 0.8494595
