Index : 0.85041493
PluginDownloader : 0.8402642
Backup : 0.8342857
OS : 0.82593143
Archive : 0.84178334
ImportExport : 0.8458088
