ImageEditor : 0.7078519
WebBrowserTab : 0.7190241
Dialog has been removed due to the repository version iteration
TodoEditor : 0.712696
MTextFieldPanel : 0.72906035
PrintPreviewPanel : 0.7039255
MComponent : 0.6910112
MIconChooser : 0.69910395
TodoEditorDesigner : 0.69747055
SecurityDialog : 0.69866675
DesktopSettings : 0.6822958
