PluginSettingsTab : 0.8504759
MRegexPanel : 0.6892953
MTextFieldPanel : 0.83929616
Location : 0.69538784
LookAndFeelSettings : 0.83428603
