GHNSDialog : 0.82513016
Reminder : 0.8154988
MComboBox : 0.85191554
RepeatPanel : 0.8367078
FilterDialog : 0.8400385
