Console : 0.71257657
MComboBox : 0.834956
MRenderer : 0.8137362
ScriptCommand : 0.6973856
