InternetSearchPlugin : 0.8396449
AbstractFS : 0.8110344
MSettingsPage : 0.82062227
MSettingsDialog : 0.8337832
HelpGenerator : 0.82892966
MComboBox : 0.8416316
Preview : 0.8139231
PluginComboBox : 0.8532372
