MainWindow : 0.6808927
AppAction : 0.8271848
MSlider : 0.8114166
MScrollPane : 0.8270385
MouseGestures : 0.7976676
AbstractSpinner : 0.8231536
