MSettingsDialog : 0.8316775
MTextPreviewPanel : 0.8480166
MText : 0.83657646
PagerSettings : 0.84588504
