MainWindow : 0.72766185
Test : 0.8414282
Main : 0.7333983
MFileChooser : 0.83275133
LookAndFeelSettings : 0.80752754
AbstractTest : 0.8531674
EditorTest : 0.8599581
WidgetTest : 0.8502367
ConsoleCommandTest : 0.8502367
