OS : 0.8160087
MFrame : 0.83465487
