ConsoleIO : 0.7134131
ScriptPlugin : 0.717632
ScriptCommand : 0.8368335
HistoryCommand : 0.707054
MProperties : 0.7235354
Args : 0.728951
DebugCommand : 0.7155403
