PluginManager : 0.82831895
PluginInfo : 0.82221043
