MButtonPanel : 0.8205489
DeletePrivateDataPlugin : 0.832089
