MCalendarPanel : 0.83553815
MText : 0.84296054
CalendarComponent : 0.82464296
CalendarTab : 0.84913576
CalendarWidget : 0.8445909
