ScriptIDE : 0.7158211
Armor : 0.70446026
ScriptYourself : 0.8465213
ScriptCommand : 0.7270608
