PluginInfo : 0.8205188
ScriptError : 0.8438018
ScriptPlugin : 0.8477932
