FeedViewer : 0.8351828
FeedComponent : 0.83293504
