SDK : 0.7923909
MRegexPanel : 0.78077793
