ConsoleIO : 0.82933503
Armor : 0.6990447
ScriptIDE : 0.7013957
