NotepadEditorDesigner : 0.83062667
CodePreviewProvider : 0.8034332
