UpdatePlugin : 0.84488183
PluginDownloader : 0.69316965
NotepadEditorCore : 0.83951855
