MSettingsDialog : 0.80869985
NoteWidget : 0.826538
MSettingsPage : 0.83793044
