MTip : 0.83377886
Tabs : 0.85261214
TodoEditor : 0.8505447
TextEditorDesigner : 0.8578844
PluginSettings : 0.84563273
