Style : 0.8212962
MLineBorder : 0.82637465
