Style : 0.8210261
AbstractSpinner : 0.84501606
MDateSpinner : 0.8370182
