Blend : 0.83577824
MApplication : 0.8389361
Preview : 0.82661426
