MMenu : 0.8395647
MNotification : 0.8348153
Tabs : 0.84647155
StaticHandler has been removed due to the repository version iteration
AbstractSpinner : 0.85756606
MEditorPane : 0.85435957
MFormattedTextField : 0.8714046
MTextPane : 0.84101444
MTextField : 0.8583086
HelpMenu : 0.79772097
StyleSupport : 0.7899715
