SyntaxException : 0.7980166
SyntaxLayerUI : 0.84227043
