AbstractSpinner : 0.71859485
Input : 0.7140426
AbstractClockWidget : 0.70501935
