FSHelper : 0.83727145
TagsUtils : 0.8448377
PropertiesBar : 0.84258306
TagsEditor : 0.8380848
