MRenderer : 0.820712
MTableFilterPanel : 0.8457333
