MScrollPane : 0.839061
MTable : 0.83779943
TaskTable : 0.84004575
TodoEditorCore : 0.82868713
TodoEditorPlugin : 0.83757496
ColumnManager : 0.83889085
ProxyPanel : 0.8304716
MTextPane : 0.8412908
TextUtils : 0.85059685
