FeedViewer : 0.8181663
FeedsFS : 0.7003168
Favicon : 0.83220613
Info : 0.0
RSSChannel : 0.8254208
Atom10Channel : 0.74578637
TestFavicon : 0.7666859
