IconLoader : 0.8218904
DefaultPreview : 0.7125535
