MActionInfo : 0.83162034
Tester : 0.8383599
Style : 0.81233644
FeedViewer : 0.823388
InternetSearchPanel : 0.6858856
MLinkAction : 0.8244048
FSHelper : 0.8278818
HTMLAutodiscovery : 0.6841878
MIconChooser : 0.8308436
PluginInstaller : 0.82349086
TestTK : 0.69674563
