Item : 0.842533
ChartPainter : 0.82158
StatsPanel : 0.83108443
