Sidebar : 0.84788877
TextEditorDesigner : 0.8390398
ImageEditorDesigner : 0.8421969
