PluginInfo : 0.84167653
PluginSettings : 0.85448784
Args : 0.84676695
PluginRenderer : 0.8234501
Main : 0.7181027
