AdvancedProperties : 0.8414768
FSHelper : 0.84348655
Tabs : 0.84396374
MainWindow : 0.68938655
AbstractFS : 0.8404875
TreeFS : 0.8479535
PropertiesDialog : 0.84793544
ImportExport : 0.85267746
DnDTransferHandler : 0.84217405
