Projects : 0.8342943
PluginManager : 0.83133024
LookAndFeelPlugin : 0.8273747
ScriptIDE : 0.6873746
MPasswordField : 0.8254212
SDK : 0.6869156
