EditorExport : 0.8975738
PluginMenu : 0.76311356
