Benchmark : 0.8661087
Armor : 0.6783725
AbstractTest : 0.819298
Microbenchmark : 0.8349458
ElapsedTimer : 0.88242865
