MetaInfo : 0.826671
MFormat : 0.8249109
MText : 0.83127606
ItemRenderer : 0.8302058
ImageInfo : 0.827415
SummaryEditor : 0.8312608
Template : 0.8235431
SelectionTool : 0.8339877
