OS : 0.81535983
PluginManager : 0.8279518
MToolBar : 0.8286666
UITest : 0.8263436
