MRenderer : 0.8046722
View has been removed due to the repository version iteration
ColorRenderer : 0.8162348
CategoryListRenderer : 0.8435469
Syntax : 0.838006
DurationRenderer : 0.8633868
DateTimeRenderer : 0.87678623
