FeedDownloader : 0.8241197
Ico : 0.81298757
MLineBorder : 0.8041079
