TagsUtils : 0.82636744
Tester : 0.8457355
FontProperty : 0.8203763
StatsPanel : 0.84233814
CryptoUtils : 0.83194005
ColumnManager : 0.8454703
QueryMenu : 0.84700656
