Desktop : 0.8306358
MPasswordPanel : 0.7400151
