Pager : 0.8263668
MetaInfo : 0.82917994
MLabel : 0.82637495
StaticMenuAdapter has been removed due to the repository version iteration
PagerSettings : 0.83316314
DebugOutputStream : 0.8358728
