TaskPanel : 0.83478504
TodoEditorPlugin : 0.8283792
TaskModel : 0.8243658
SummaryTree : 0.81736267
Renderer has been removed due to the repository version iteration
SummaryRenderer : 0.81648844
TagsMenu : 0.82488227
