MIcon : 0.823339
CompleteRenderer : 0.8046324
MWizardDialog : 0.8324155
MToolBar : 0.828386
Page has been removed due to the repository version iteration
MProgressBar : 0.83622515
