ConsoleIO : 0.7145171
ScriptCommand : 0.8402143
HistoryCommand : 0.70875007
