Config : 0.83836454
FeedViewer : 0.8239278
WikipediaInternetSearchPlugin : 0.81527776
