Tester : 0.81746686
TreeFS : 0.68923175
MDataTransfer : 0.8195874
MLineBorder : 0.82056475
