FormPanel : 0.8253409
PluginManager : 0.81964815
TestOS : 0.6989377
