CircleRenderer : 0.7802799
StatsPanel : 0.8334151
