MMessage : 0.8397878
PropertyPanel : 0.8323986
MountPanel : 0.8323057
InternetSearchPanel : 0.7299509
DayButton has been removed due to the repository version iteration
SyntaxProvider : 0.831433
MIconChooser : 0.8434767
FSHelper : 0.8199107
MDialog : 0.84236145
MSpinnerPanel : 0.8528794
