ResizeDialog : 0.8337049
IconTheme : 0.8364248
NotepadEditor : 0.82990235
ScriptCommand : 0.70166034
NoteWidget : 0.83614296
SyntaxButton : 0.8047642
SnippetsButton has been removed due to the repository version iteration
