Tester : 0.84177923
Main : 0.68299866
ImportExport : 0.8496959
