MDate : 0.8271469
PropertyPanel : 0.8223752
MNumberSpinner : 0.8328977
