FeedViewer : 0.6979344
MainWindow : 0.8167204
DesktopTab : 0.712115
NotepadEditor : 0.7094215
ConsoleTab : 0.72011876
PluginSettingsTab : 0.6804968
PluginMenu : 0.64935243
