Links : 0.69672817
BookmarksMenu : 0.84901094
TodoEditorPlugin : 0.85368973
Submenu has been removed due to the repository version iteration
MetaInfoMenu : 0.83329505
TagsMenu : 0.8403018
