Config : 0.8446388
MText : 0.832405
Widget : 0.8238237
HistoryCommand : 0.8414763
ScriptExecutor : 0.8379652
HelpAction has been removed due to the repository version iteration
