MainWindow : 0.69834787
MDialog : 0.8409494
AdvancedProperties : 0.8187817
AbstractSettingsPage : 0.81801426
MAbout : 0.7189075
CoolLabel : 0.8467751
MWizard : 0.83251536
PrintPreview : 0.84366786
MTextFieldPanel : 0.8438333
LinkEditor : 0.84456444
Backup : 0.8253715
MNotification : 0.84087974
PropertiesDialog : 0.839568
ProxySettings : 0.81655574
MContentPane has been removed due to the repository version iteration
EditorQuickFind : 0.8399216
NewFolderDialog : 0.8247239
SearchBar : 0.8346751
GeneralSettings : 0.8318416
CustomGeneralPanel has been removed due to the repository version iteration
CustomAdvancedPanel has been removed due to the repository version iteration
