MButton : 0.8438794
MWizardDialog : 0.84087664
GHNSDialog : 0.8224348
NewFolderDialog : 0.83537537
NewFileDialog : 0.8522019
VersionPanel : 0.83654004
StaticButtonHandler has been removed due to the repository version iteration
