MActionInfo : 0.8166338
Globals : 0.80029976
MainWindow : 0.68638706
ChartPanel : 0.82491076
MAboutDialog : 0.6808174
ChartView : 0.82369405
PluginMenu : 0.6982861
