PropertiesPanel : 0.84721905
MainWindow : 0.7037349
