Console : 0.6991684
SummaryData : 0.82610303
FeedsFS : 0.695364
ChartView : 0.82533437
ChartPanel : 0.82904977
MTreeScanner : 0.8133607
