MText : 0.83951324
Tabs : 0.84504855
ImageEditor : 0.8395411
ColumnManager : 0.840776
Links : 0.70691514
MainWindow : 0.7073158
TaskStateMenu has been removed due to the repository version iteration
ScriptIDE : 0.71412474
DocumentListButton : 0.85430074
CalendarComponent : 0.8266106
TreeSettingsButton : 0.848413
