UI : 0.81820434
AbstractTest : 0.8354339
MFontChooser : 0.8277891
Gettext : 0.8338409
Config : 0.83844745
MAboutDialog : 0.66400486
PluginInstaller : 0.82297117
TagsMenu : 0.82225627
TestTK : 0.6916464
