MText : 0.83711183
NoteWidgetPlugin : 0.8440128
Desktop : 0.83644634
