SummaryData : 0.82978487
MPasswordField : 0.8413361
MSpinnerPanel : 0.8488924
DesktopTab : 0.8376846
DT : 0.81996775
