UI : 0.8304626
MProcess : 0.8248492
