MFontChooser : 0.84511477
ConfigFile : 0.82516515
ImageInfo : 0.87757975
ColorProperty : 0.82263845
