ScriptExecutor : 0.8276023
Tracker : 0.82696164
TrackerEvent : 0.834765
LinkEditor : 0.84105384
ScriptIDE : 0.6933663
ScriptYourself : 0.8376959
ScriptCommand : 0.70100844
PlayAction has been removed due to the repository version iteration
