Server:0.12293166
WebServer:0.07757795
ServerConfiguration:0.07157197
HsqlServerFactory:0.032972075
