Server:0.2567496
ServerProperties:0.19372115
WebServer:0.16475378
ServerConstants:0.03374548
