Editor:0.51
MainWindow:0.43666666666666665
Test:0.31333333333333335
Main:0.23666666666666666
MFileChooser:0.20694444444444446
LookAndFeelSettings:0.19444444444444445
AbstractTest:0.14
EditorTest:0.03333333333333333
WidgetTest:0.006666666666666667
ConsoleCommandTest:0.006666666666666667
