MList:0.9
GHNSDialog:0.2833333333333333
InternetSearch:0.2733333333333333
VersionPanel:0.2
QuickOpen:0.15333333333333332
