InGameController:0.6566666666666666
NewLandNameMessage:0.4066666666666667
NewRegionNameMessage:0.25333333333333335
