UnitLabel:0.26342103
InfoPanel:0.13134797
MiniMap:0.0798821
