MapEditorTransformPanel:0.123202294
MapControls:0.10095232
FreeColPanel:0.06046461
ImageProvider:0.02273917
