MMainWindow:0.5
FeedViewer:0.4266666666666667
SDK:0.3377777777777778
MLinkAction:0.25333333333333335
EnclosureAction:0.17777777777777778
