TransportMission:0.5966666666666667
AIColony:0.5766666666666667
TilePopup:0.22
