Figure:0.6033333333333334
BezierFigure:0.25666666666666665
AbstractFigure:0.21666666666666667
ConnectorHandle:0.19
SVGRectFigure:0.18666666666666668
SVGEllipseFigure:0.18666666666666668
ConnectionTool:0.18666666666666668
SVGTextAreaFigure:0.18666666666666668
SVGImageFigure:0.18666666666666668
SVGTextFigure:0.18666666666666668
ODGEllipseFigure:0.18666666666666668
ODGRectFigure:0.18666666666666668
AbstractConnectionHandle:0.18333333333333332
LineConnectionFigure:0.18333333333333332
ODGPathFigure:0.17666666666666667
SVGPathFigure:0.17666666666666667
LineFigure:0.043333333333333335
GroupFigure:0.016666666666666666
