ColonyPanel:0.5466666666666666
OutsideColonyPanel:0.3333333333333333
UnitLabel:0.32666666666666666
FreeColDragHandler:0.23333333333333334
CargoPanel:0.22
DefaultTransferHandler:0.18844444444444444
