SegmentBuilder:0.68
SpellCheckerMarker:0.3414761904761904
MarkerController:0.32
CalcMarkersThread:0.3
IMarker:0.2581785714285714
