Modifier:0.6066666666666667
FoundingFather:0.33666666666666667
Scope:0.23333333333333334
FreeColGameObjectType:0.21666666666666667
