Type:0.518888888888889
JDBCDatabaseMetaData:0.32
BitType:0.3
DatabaseInformationFull:0.2733333333333333
BooleanType:0.2698888888888889
HsqlDatabaseProperties:0.24333333333333335
HsqlProperties:0.24333333333333335
Routine:0.21261111111111114
DatabaseInformationMain:0.18
DatabaseInformation:0.13642857142857143
