AbstractRequestManager:0.6844444444444445
TrackerItem:0.6837777777777778
