Session:0.5966666666666667
StatementTypes:0.5040555555555557
StatementCommand:0.2966666666666667
ParserDML:0.19666666666666666
ParserCommand:0.19583333333333333
SortAndSlice:0.17
