UI:0.6966666666666667
MTextFieldPanel:0.2597222222222222
MSmallColorChooser:0.22583333333333333
MenuButton:0.20666666666666667
LocationBar:0.17111111111111113
