MMessage:0.0723046
MText:0.0706157
TK:0.01912007
UI:0.01177098
MDocumentAdapter:0.008030075
