MetaInfo:0.8633333333333333
MDate:0.5033333333333333
ItemRenderer:0.25333333333333335
