PluginManager:0.5466666666666666
PluginInstaller:0.49666666666666665
