FreeColDialog:0.16255894
FreeColPanel:0.14751387
