FreeColTestUtils:0.10571106
MockPseudoRandom:0.012090946
