DockableWindowManager:0.4266666666666667
Entry:0.37666666666666665
FloatingWindowContainer:0.27
PanelWindowContainer:0.2683333333333333
KeyHandler:0.2511111111111111
MouseHandler:0.16333333333333333
