TaskTable:0.5822222222222222
TaskPanel:0.47333333333333333
ItemRenderer:0.47
