FreeColActionUI:0.31
InGameMenuBar:0.17333333333333334
ActionManager:0.17
MoveNorthEastAction:0.04666666666666667
MoveNorthAction:0.04666666666666667
MoveWestAction:0.04666666666666667
MoveSouthWestAction:0.04666666666666667
MoveSouthEastAction:0.04666666666666667
MoveNorthWestAction:0.04666666666666667
MoveSouthAction:0.04666666666666667
MoveEastAction:0.04666666666666667
