MIcon:0.57
MLabel:0.32666666666666666
Title:0.24666666666666667
FormPanel:0.2275
MSpinnerPanel:0.22333333333333333
MButton:0.21216666666666667
Tabs:0.21216666666666667
XMLRPCClient:0.19666666666666666
TestMLabel:0.16666666666666666
WordCountPreviewProvider:0.14333333333333334
MSearchPanel:0.13666666666666666
