DefaultDrawingView:0.5633333333333334
TextInputFormat:0.49666666666666665
EditableComponent:0.32166666666666666
SVGDrawingPanel:0.29333333333333333
CopyAction:0.25666666666666665
PasteAction:0.25666666666666665
SVGDrawingPanelBeanInfo:0.24
SVGApplet:0.20333333333333334
SVGProject:0.2
PertApplet:0.18333333333333332
DrawApplet:0.18
NetApplet:0.18
NetProject:0.17666666666666667
CutAction:0.16333333333333333
DrawProject:0.15
DrawingViewTransferHandler:0.135
