AIUnit:0.18223797
AIColony:0.17828889
AIGoods:0.090360016
AIMain:0.0698963
WorkerWish:0.06459527
TileImprovement:0.058349
GoodsWish:0.05559005
AIInGameInputHandler:0.049562447
Transportable:0.041286275
Wish:0.040531956
AIObject:0.023077551
