UnitSeekAndDestroyMission:0.47013986
PioneeringMission:0.40112504
ScoutingMission:0.38381544
CashInTreasureTrainMission:0.37621325
BuildColonyMission:0.32738647
TransportMission:0.26356122
DefendSettlementMission:0.2629781
IndianBringGiftMission:0.22762232
UnitWanderHostileMission:0.22136384
WishRealizationMission:0.21561104
IndianDemandMission:0.19765137
UnitWanderMission:0.17289384
WorkInsideColonyMission:0.104521744
