TableOfContents:0.5366666666666666
ParserInput:0.49666666666666665
ServletUtil:0.32
