ColonyTile:0.29480043
Building:0.28549457
Tile:0.23481378
Unit:0.2319319
IndianSettlement:0.21474835
Player:0.20717382
Settlement:0.1951379
Europe:0.17726271
Market:0.15933065
GoodsContainer:0.15698189
Goods:0.13556308
GoodsType:0.12373152
TileImprovement:0.119090825
BuildingType:0.115823634
BuildableType:0.114843115
SimpleCombatModel:0.11059412
ModelMessage:0.110084236
WorkLocation:0.089595735
ExportData:0.08830707
UnitType:0.08687549
FreeColGameObject:0.086204425
AbstractGoods:0.078734286
TileType:0.0724781
ModelController:0.07031077
Map:0.062421635
Game:0.05938325
Location:0.054722108
FreeColGameObjectType:0.052266065
Modifier:0.039056588
FreeColObject:0.03375833
FeatureContainer:0.031801995
ColonyTradeItem:0.031599693
GameOptions:0.03026628
Ability:0.028077241
CombatModel:0.0185013
Feature:0.017400816
Locatable:0.013157106
Nameable:0.0060652373
Turn:0.004511396
