Unit:0.36473745
IndianSettlement:0.31097463
Tile:0.30869356
Colony:0.30749467
Player:0.26424286
GoodsContainer:0.24278598
ColonyTile:0.2230642
Goods:0.19966651
Map:0.17067885
Building:0.1573851
Location:0.13726714
SimpleCombatModel:0.104529686
ModelMessage:0.08599672
AbstractGoods:0.081490226
EquipmentType:0.07557656
GoodsTradeItem:0.075201266
FreeColGameObject:0.071246214
Game:0.06513584
GoodsType:0.060401414
DefaultCostDecider:0.059519205
BuildableType:0.05673845
FeatureContainer:0.055209503
ColonyTradeItem:0.04806342
Locatable:0.048039593
FreeColObject:0.040599626
Modifier:0.039928857
Ownable:0.0373975
FreeColGameObjectListener:0.019971607
