DisplayManager:0.53
JEditTextArea:0.4
TextAreaPainter:0.38
BufferChangeHandler:0.2644444444444445
ScrollLineCount:0.25666666666666665
