Session:0.78
IndexAVL:0.26666666666666666
TransactionManagerMVCC:0.24916666666666668
RowStoreAVLDiskData:0.23333333333333334
TransactionManagerMV2PL:0.22666666666666666
TransactionManagerCommon:0.22111111111111115
ReadWriteLockDummy:0.050833333333333335
