ChartView:0.06678874
ChartModel:0.035225756
ChartPainter:0.0267916
