TK:0.89
BeanProperty:0.39666666666666667
TestTK:0.26166666666666666
