MMessage:0.49
GHNSDialog:0.3433333333333333
Builder:0.30666666666666664
Stuff:0.2966666666666667
Author:0.18
License:0.05944444444444445
