MButton:0.7266666666666667
MDialog:0.4266666666666667
MWizardDialog:0.30333333333333334
PropertiesPanel:0.22333333333333333
