MainWindow:0.11902737
MainWindowMenu:0.11728097
ProjectUICommands:0.10707736
MainWindowUI:0.097241975
