JAMWikiServlet:0.39420095
EditServlet:0.3462506
MoveServlet:0.2994506
ImportTiddlyWikiServlet:0.2958033
WikiPageInfo:0.29242718
ManageServlet:0.28843683
AdminServlet:0.27816418
UploadServlet:0.2766197
AdminVirtualWikiServlet:0.273472
TopicServlet:0.26736218
WatchlistServlet:0.26493105
ImportServlet:0.26165676
UpgradeServlet:0.2598377
BlockServlet:0.24648345
SetupServlet:0.24196504
ItemsServlet:0.23781501
TranslationServlet:0.23677641
HistoryServlet:0.23580655
RegisterServlet:0.22740728
PrintableServlet:0.20905425
SearchServlet:0.17998564
ViewSourceServlet:0.15435962
CategoryServlet:0.1538532
RolesServlet:0.15026984
ContributionsServlet:0.13734388
BlockListServlet:0.13612331
RecentChangesServlet:0.11769878
LogServlet:0.11157437
LoginServlet:0.10402744
StylesheetServlet:0.07667115
JAMWikiLocaleInterceptor:0.05728636
JAMWikiFilter:0.0430955
