Message:0.050613005
Connection:0.021861006
