Message:0.052439615
Connection:0.0219816
