MainWindow:0.9366666666666666
TodoEditorPlugin:0.2866666666666667
SelectWidgetAction:0.23666666666666666
