UI:0.8833333333333333
MLabel:0.26
Content:0.24
Sidebar:0.23555555555555557
MMultiPanel:0.19333333333333333
ValidatorMessage:0.15333333333333332
