PluginSettings:0.54
LookAndFeelSettings:0.24
TreePanel:0.21333333333333335
CalendarComponent:0.14666666666666667
