Log:0.48333333333333334
Trace:0.48333333333333334
Database:0.36666666666666664
TriggerDef:0.29
Cache:0.2866666666666667
TextCache:0.2733333333333333
FileUtil:0.2633333333333333
HsqlName:0.25666666666666665
HsqlProperties:0.22
TextTable:0.21666666666666667
Logger:0.20666666666666667
Parser:0.20666666666666667
ReverseTextCache:0.13
EchoProperty:0.10083333333333333
HsqlDatabaseProperties:0.08166666666666667
ScriptRunner:0.07305555555555555
