MAboutDialog:0.3566666666666667
MRating:0.3433333333333333
MWizardDialog:0.31666666666666665
MButtonPanel:0.25666666666666665
Main:0.24666666666666667
