EditorSettings:0.58
EditorController:0.41333333333333333
IEditor:0.3233333333333333
ProjectUICommands:0.2966666666666667
