Unit:0.64
InGameController:0.3433333333333333
ClearSpecialityMessage:0.3433333333333333
UnitTest:0.29333333333333333
ColonialAIPlayer:0.22
InGameInputHandler:0.20333333333333334
StandardAIPlayer:0.19333333333333333
ServerPlayerTest:0.08333333333333333
