Style:0.73
MainWindow:0.36
Button:0.2833333333333333
ScriptError:0.22055555555555556
BackgroundTaskManager:0.22055555555555556
MAbout:0.21666666666666667
Presentation:0.19333333333333336
ItemRenderer:0.16333333333333333
TaskInfoButton:0.13333333333333333
TabComponent:0.12333333333333334
