MainWindow:0.44666666666666666
Preferences:0.44666666666666666
ProjectFilesListController:0.2833333333333333
AlphabeticalMarkers:0.28
OConsts:0.03333333333333333
