Desktop:0.15936835
Widget:0.037474666
