PluginType:0.086916156
PluginInfo:0.03944092
PluginRenderer:0.028106123
