AIGoods:0.3297927
AIPlayer:0.25463018
Transportable:0.1982946
TileImprovement:0.17044468
AIColony:0.16274746
AIObject:0.14877394
AIMain:0.123667344
