ActionManager:0.18332915
FreeColAction:0.18147267
MapboardAction:0.13531755
