ColonyPlan:0.38481006
AIColony:0.378307
TileImprovement:0.17049947
AIMain:0.08817704
