Unit:0.61
Europe:0.4033333333333333
Tile:0.38866666666666666
IndianSettlement:0.31333333333333335
ColonyTile:0.28833333333333333
InGameController:0.25
ServerPlayer:0.23666666666666666
ColonyPanel:0.22
PrivateerMission:0.18333333333333332
TilePopup:0.17666666666666667
EditSettlementDialog:0.1
