UI:0.7133333333333334
StuffRenderer:0.30333333333333334
SimpleListCellRenderer:0.27166666666666667
AbstractRenderer:0.27
ItemRenderer:0.2346666666666667
