TradeItem:0.47953802
DiplomaticTrade:0.4280255
Player:0.13715665
Game:0.08575535
