MText:0.53
MainWindow:0.38333333333333336
MDialog:0.37333333333333335
MWebBrowser:0.21333333333333335
