MainWindow:0.5433333333333333
IMainWindow:0.4988888888888889
ProjectUICommands:0.3
ConsoleWindow:0.27666666666666667
RealProject:0.24333333333333335
SVNRemoteRepository:0.1866666666666667
SegmentBuilder:0.18
TestCore:0.13
