JAMWikiServlet:0.7660714285714285
EditServlet:0.5866666666666667
