TagsEditor:0.59
PropertiesBar:0.38333333333333336
TagsMenu:0.17833333333333334
