TextCache:0.4866666666666667
TextFileReader:0.4166666666666667
DataFileCache:0.41
TextTable:0.25666666666666665
RowStoreAVLDiskData:0.25666666666666665
