MClipboard:0.13833973
MText:0.06368313
FS:0.039232016
TK:0.033922713
OS:0.020197026
MLogger:0.013779767
ClipboardException:0.0013247166
