MediaWikiXmlImporter:0.16250505
MediaWikiXmlExporter:0.057954676
