Expression:0.555
QuerySpecification:0.38
ExpressionLogical:0.2875
QueryExpression:0.2866666666666667
ExpressionAggregate:0.27738888888888896
ExpressionOp:0.26111111111111107
ExpressionArithmetic:0.23
ParserRoutine:0.22666666666666666
ParserDML:0.17666666666666667
