IndianSettlementPanel:0.22830005
FreeColDialog:0.15609923
