MonarchPanel:0.20652327
GameOptionsDialog:0.17904936
ClientOptionsDialog:0.15874663
EmigrationPanel:0.15685417
QuitDialog:0.14858244
EventPanel:0.14217784
ChooseFoundingFatherDialog:0.13658462
EuropePanel:0.13573718
IndianSettlementPanel:0.13128518
ErrorPanel:0.12286756
TilePanel:0.122271754
DeclarationDialog:0.10478109
CaptureGoodsDialog:0.09914137
FreeColPanel:0.030716809
ChoiceItem:0.027751653
