FreeColDialog:0.31197926
FreeColPanel:0.20184058
