ParserOutput:0.36
TableOfContents:0.3333333333333333
WikiLink:0.32
ParserInput:0.28
AbstractJAMWikiCustomTagLexer:0.22
HtmlTagItem:0.21333333333333335
AbstractJAMWikiHtmlTagLexer:0.08666666666666667
