OptionsDialog:0.20718414
FreeColPanel:0.09098106
