MColor:0.5833333333333334
MIcon:0.45
Kiosk:0.36083333333333334
MDialog:0.31666666666666665
MFrame:0.30666666666666664
ImageEditorCore:0.27
ResizeDialog:0.24
SummaryRenderer:0.13333333333333333
HelpMenu:0.07555555555555554
