MetaInfo:0.6166666666666667
OS:0.2611111111111111
FileCache:0.23833333333333337
MCalendar:0.21833333333333332
FSHelper:0.20666666666666667
ImageEditorCore:0.19
FeedDownloader:0.18
ScriptIDE:0.1511111111111111
HTMLPreviewAction:0.14
