Expression:0.2215965
Table:0.18870181
User:0.18493237
TriggerDef:0.14853297
View:0.13156587
DatabaseCommandInterpreter:0.11479584
Grantee:0.08858152
Library:0.074426815
SchemaManager:0.07141798
Result:0.06321897
Token:0.06227443
Types:0.057195105
Index:0.053839833
Session:0.047860775
Constraint:0.04725536
Database:0.046712764
GranteeManager:0.042424362
SessionManager:0.026523406
Column:0.022261344
ConstraintCore:0.020738147
NumberSequence:0.017004756
HsqlException:0.0057633757
Collation:0.0052732723
