MTable:0.7566666666666667
TaskTable:0.44666666666666666
ArticleList:0.37
