Buffer:0.7433333333333333
Remove:0.30333333333333334
BufferIORequest:0.2633333333333333
BrowserIORequest:0.18666666666666668
DirectoryMenu:0.13666666666666666
