MInternalFrame:0.4666666666666667
Widget:0.4666666666666667
WidgetInternalFrameUI:0.31666666666666665
WidgetInternalFrame:0.30666666666666664
