RepositoriesMappingController:0.5683333333333334
ProjectPropertiesDialog:0.4533333333333333
ProjectUICommands:0.4066666666666667
DialogsTest:0.4033333333333333
