Unit:0.73
InGameController:0.3566666666666667
InGameInputHandler:0.29
UnitLabel:0.2511111111111111
DragListener:0.14666666666666667
