HelpGenerator:0.5933333333333334
Projects:0.4166666666666667
RunAction:0.32
SDK:0.13111111111111112
