UI:0.7466666666666667
TK:0.64
Info:0.31
HelpGenerator:0.21
MButton:0.21
MPasswordField:0.20333333333333334
EditorQuickFind:0.2
InternetSearchPanel:0.19666666666666666
TestTK:0.17583333333333334
Shortcut:0.16666666666666666
MWhatsThis:0.16333333333333333
TestUI:0.11
ToolButton:0.10333333333333333
