MFileChooser:0.92
MountPanel:0.25666666666666665
ImportExport:0.23666666666666666
Backup:0.17555555555555558
PluginInstaller:0.13333333333333333
ImportAction:0.12
ExportAction:0.12
