JFlexParser:0.57
JFlexTagItem:0.4216666666666667
JFlexLexer:0.11333333333333333
