SimpleNode:0.49
Parser:0.43333333333333335
Primitive:0.41
NameSpace:0.36
Interpreter:0.36
Reflect:0.3566666666666667
EvalError:0.3433333333333333
CallStack:0.3333333333333333
Name:0.32
TargetError:0.31333333333333335
BshClassManager:0.2966666666666667
StringUtil:0.29444444444444445
This:0.27666666666666667
UtilEvalError:0.25
LHS:0.22
BSHAmbiguousName:0.21666666666666667
JThis:0.20666666666666667
ParseException:0.205
BSHType:0.20333333333333334
ReflectManager:0.1877777777777778
BSHCastExpression:0.18333333333333332
BSHAllocationExpression:0.16666666666666666
BSHArrayDimensions:0.16444444444444445
TypedVariable:0.16333333333333333
BSHPrimarySuffix:0.16
BSHIfStatement:0.16
BshMethod:0.15333333333333332
Handler:0.15333333333333332
UtilTargetError:0.15
BSHLHSPrimarySuffix:0.14666666666666667
BSHBinaryExpression:0.14
BSHThrowStatement:0.14
BSHImportDeclaration:0.13333333333333333
XThis:0.13
BSHUnaryExpression:0.12333333333333334
BSHArrayInitializer:0.12333333333333334
BSHReturnStatement:0.12
BSHTypedVariableDeclaration:0.12
BSHSwitchStatement:0.11333333333333333
BlockNameSpace:0.11
BSHFormalParameter:0.1
BSHMethodInvocation:0.1
BSHTryStatement:0.1
ReturnControl:0.07
BSHReturnType:0.07
BSHAssignment:0.06666666666666667
BSHFormalParameters:0.06666666666666667
SignatureKey:0.04666666666666667
BSHLHSPrimaryExpression:0.04
BSHMethodDeclaration:0.03
