Stuff:0.5333333333333334
StuffRenderer:0.4533333333333333
GHNSDialog:0.37333333333333335
PluginDownloader:0.16666666666666666
