Type:0.4666666666666667
ParserDDL:0.44666666666666666
CharacterType:0.43666666666666665
Table:0.38666666666666666
TableWorks:0.35333333333333333
ColumnSchema:0.3466666666666667
NumberType:0.2633333333333333
IntervalType:0.24333333333333335
SessionData:0.21
StatementSchema:0.20666666666666667
RowStoreAVL:0.2
BinaryType:0.19333333333333333
BooleanType:0.19
ArrayType:0.19
DateTimeType:0.19
StatementTypes:0.16333333333333333
JDBCDriver:0.13833333333333334
