Unit:0.5533333333333333
Tile:0.5266666666666666
Player:0.4266666666666667
Map:0.42
InGameController:0.3
Settlement:0.27
InGameInputHandler:0.22
ServerModelController:0.20333333333333334
MapTest:0.19333333333333333
DefendSettlementMission:0.17666666666666667
SettlementTest:0.14
