EditorController:0.6755555555555556
ProjectUICommands:0.5308333333333334
IEditor:0.44333333333333336
