JEditTextArea:0.5555555555555555
PosBottomHalf:0.3433333333333333
BufferChangeHandler:0.26666666666666666
PositionManager:0.21
