PluginManager:0.7233333333333334
PropertiesBar:0.3122222222222222
TodoEditor:0.2692777777777778
MainWindow:0.25
Desktop:0.22111111111111115
TreePanel:0.21777777777777782
Tabs:0.20666666666666667
ImportExport:0.18333333333333332
TagsMenu:0.12
TodoEditorPlugin:0.11333333333333333
