MTextFieldPanel:0.17010978
MIconChooser:0.0870264
MList:0.051666137
MFontChooser:0.050547607
WTFError:0.009878463
