MSearchPanel:0.059348922
MText:0.05872829
MTextField:0.05412814
MPanel:0.050207574
MSmallButton:0.026039243
MButton:0.024002958
MMessage:0.02337815
MMenu:0.021044906
MFontChooser:0.020856893
MLabel:0.01711928
MHighlighter:0.014806648
MIconChooser:0.012075725
MList:0.01205059
UI:0.01186381
TK:0.008379274
MActionInfo:0.0067349356
MTimer:0.006138997
MIcon:0.0055802404
Property:0.003929222
BooleanProperty:0.0032603825
WTFError:0.0031201115
