AnsiDataHandler:0.5833333333333334
JAMWikiAuthenticationConfiguration:0.37666666666666665
AdminServlet:0.2633333333333333
UpgradeServlet:0.20666666666666667
SetupServlet:0.20666666666666667
