Utilities:0.8183333333333334
ParserTest:0.39666666666666667
MagicWordUtil:0.2633333333333333
