UI:0.7666666666666667
Style:0.32666666666666666
CircleRenderer:0.30666666666666664
MToolBar:0.27
