Connector:0.57
Geom:0.5266666666666666
OffsetConnector:0.48333333333333334
LineConnection:0.34
ConnectionTool:0.2633333333333333
ChangeConnectionHandle:0.25
AbstractConnector:0.24
NodeFigure:0.13333333333333333
ChangeConnectionEndHandle:0.11444444444444445
MyFigure:0.09666666666666666
MyEllipseFigure:0.09666666666666666
ConnectorApp:0.023333333333333334
