UI:0.022433558
MIcon:0.017760452
MApplication:0.012980496
TK:0.006764827
MLogger:0.0020806273
