ValidatorMessage:0.5766666666666667
MDialog:0.5166666666666667
Validator:0.4166666666666667
