Utilities:0.45
JAMWikiServlet:0.37
DatabaseHandler:0.32666666666666666
WikiBase:0.2966666666666667
DefaultQueryHandler:0.25
LinkUtil:0.24666666666666667
EditServlet:0.21333333333333335
QueryHandler:0.20226190476190478
LuceneSearchEngine:0.17333333333333334
UploadServlet:0.17
ManageServlet:0.15333333333333332
TemplateHandler:0.13666666666666666
MoveServlet:0.13
JFlexParser:0.12666666666666668
TranslationServlet:0.12666666666666668
HistoryServlet:0.10333333333333333
PrintableServlet:0.08333333333333333
