Canvas:0.66
InGameController:0.4033333333333333
DeclarationDialog:0.37666666666666665
FreeColLookAndFeel:0.2866666666666667
FAFile:0.09666666666666666
