MetaInfo:0.47333333333333333
Node:0.3933333333333333
MTreeItem:0.27666666666666667
Note:0.19444444444444445
