Tree:0.47333333333333333
MTreeItem:0.38
MTree:0.37
MirrorDialog:0.24333333333333335
Server:0.22666666666666666
