IntervalType : 0.8483783
RowOutputBase : 0.8053858
RowInputTextLog : 0.8323006
RowInputBase : 0.8186825
RowOutputText : 0.8279692
RowOutputTextLog : 0.82565916
RowInputBinary : 0.8362951
Types : 0.77469933
RowInputText : 0.81759757
Scanner : 0.8070683
RowOutputBinary : 0.84350544
DateTimeType : 0.8444265
Type : 0.8230961
DTIType : 0.85547227
IntervalMonthData : 0.88183206
FunctionCustom : 0.7471888
PgType : 0.78374344
TimestampData : 0.8806482
HsqlDateTime : 0.8358401
SetFunction : 0.818763
TimeData : 0.8803733
NumberType : 0.82896614
Tokens : 0.71917725
ParserDQL : 0.78191525
JDBCResultSetMetaData : 0.80150974
Result : 0.8207721
RowSetNavigatorDataChange : 0.7800689
FunctionSQL : 0.78912884
ParserBase : 0.80485976
TestOdbcTypes : TestOdbcTypes is not exist in project code
HsqlDatabaseProperties : 0.7500499
ArrayCounter : 0.82411456
ExpressionOp : 0.80382645
JDBCCommonDataSource : 0.8249342
ClientConnection : 0.80311054
Session : 0.71643347
TestPreparedStatements : 0.76673126
RowOutputBinary180 : 0.8641933
TestAllTypes : 0.7872597
TestCacheSize : 0.79692495
Task : Task is not exist in project code
