TypeInvariants : 0.8445121
DatabaseInformationMain : 0.8313134
Type : 0.836049
IntervalType : 0.84160644
BinaryType : 0.8544974
JDBCParameterMetaData : 0.8515287
JDBCResultSetMetaData : 0.83230317
Tokens : 0.7435782
BooleanType : 0.84311426
NumberType : 0.8609377
BitType : 0.85482204
DateTimeType : 0.8423479
ParserDQL : 0.8302019
ExpressionLogical : 0.841322
ExpressionArithmetic : 0.8547215
DatabaseInformationFull : 0.6891512
Types : 0.80771744
ResultMetaData : 0.8532513
Token : 0.81455314
DatabaseInformation : 0.7484194
SAX2DOMBuilder : SAX2DOMBuilder is not exist in project code
FunctionCustom : 0.76231986
TestOdbcTypes : TestOdbcTypes is not exist in project code
FunctionSQL : 0.81577605
ClobType : 0.8677309
SortAndSlice : 0.831874
ExpressionOrderBy : 0.84457666
ClosableCharArrayWriter : 0.8269562
StatementTypes : 0.7815574
Scanner : 0.835842
Expression : 0.8349947
Tokenizer : 0.84349257
PgType : 0.8047736
Like : 0.83641636
TarEntrySupplicant : TarEntrySupplicant is not exist in project code
JDBCPreparedStatement : 0.82427734
JDBCClobFile : 0.8441993
SqlFileScanner : 0.8083768
Logger : 0.82051456
StatementResultUpdate : 0.84579194
SetFunction : 0.836948
