Logger : 0.84147877
Tokens : 0.73670745
Statement : 0.8270516
DatabaseManagerSwing : 0.69377977
FrameworkLogger : 0.8460473
SimpleLog : 0.8543656
TableBase : 0.8205613
JDBCCommonDataSource : 0.8505354
Session : 0.71786463
HsqlDatabaseProperties : 0.8007365
RowOutputTextLog : 0.8303788
StatementTypes : 0.77421385
OdbcUtil : 0.82340765
Preprocessor : 0.83289456
Option : 0.81182355
BasicTextJdkLogFormatter : 0.85302824
TestAllTypes : 0.8478452
ScriptReaderBase : 0.83928496
RowInputTextLog : 0.8311882
ScriptWriterBase : 0.85011345
Server : 0.0
ScriptReaderText : 0.85354984
ScriptWriterText : 0.8382667
SessionManager : 0.858392
ScriptRunner : 0.8659487
SqlTool : 0.82745856
AuthUtils : 0.8326634
AuthBeanMultiplexer : 0.83446646
JaasAuthBean : 0.82757336
SqlFile : 0.81558514
LdapAuthBean : 0.6752501
HsqldbSlaveAuthBean : 0.84738976
SqlFileScanner : 0.805485
JavaSystem : 0.8442262
DataFileCache : 0.8570795
TestUtil : 0.6994376
TestScripts : 0.8672466
JavaObjectData : 0.83546066
ScaledRAFileNIO : ScaledRAFileNIO is not exist in project code
ScriptReaderDecode : 0.8642913
JDBCDriver : 0.8404042
