TransferCommon : 0.8626962
TransferHelper : 0.81056666
DataAccessPoint : 0.7951825
InformixTransferHelper : 0.82769823
PostgresTransferHelper : 0.8227156
HsqldbTransferHelper : 0.7890916
SQLStatements : 0.0
ErrorCode : 0.76876867
McKoiTransferHelper : 0.8052577
SqlServerTransferHelper : 0.8395956
OracleTransferHelper : 0.8206992
ScaledRAFileNIO : ScaledRAFileNIO is not exist in project code
HelperFactory : 0.8404405
DatabaseManager : 0.8217814
DatabaseManagerSwing : 0.70256054
TransferTable : 0.8456988
TransferResultSet : 0.8338051
TransferDb : 0.8252087
TransferSQLText : 0.8465318
InOutUtil : 0.78672945
JDBCPreparedStatement : 0.7817662
DbBackup : 0.8306651
DataFileDefrag : 0.8280085
TestOdbcTypes : TestOdbcTypes is not exist in project code
DatabaseInformationMain : 0.8104678
