CompileContext : CompileContext is not exist in project code
Session : 0.7030632
FunctionSQLInvoked : 0.8307987
TriggerDef : 0.81032676
StatementDMQL : 0.8488341
Routine : 0.83355665
Tokens : 0.7533167
StatementProcedure : 0.86888325
RoutineSchema : 0.82360494
DatabaseInformation : 0.7520942
ParserCommand : 0.88287926
ParserDML : 0.87180465
ParserDDL : 0.8722527
StatementSchemaDefinition : 0.8368506
SchemaObject : 0.7290174
StatementTypes : 0.7463952
Statement : 0.8144995
Defines : 0.8287522
Parser : 0.8405962
ParserBase : 0.84543896
UserManager : 0.8277321
StatementCompound : 0.8345327
ParserDQL : 0.86897224
GrantConstants : 0.73597455
Schema : 0.830602
SAX2DOMBuilder : SAX2DOMBuilder is not exist in project code
DatabaseInformationFull : 0.68639857
SchemaObjectSet : 0.8269975
SessionContext : 0.84178585
TriggerDefSQL : 0.82475525
SAX2XMLStreamWriter : SAX2XMLStreamWriter is not exist in project code
StatementSchema : 0.84277856
GranteeManager : 0.8223062
SchemaManager : 0.8509461
SqlTool : 0.81273633
DatabaseInformationMain : 0.828751
StatementExpression : 0.829677
JDBCSQLXML : 0.82068974
RowInputBinary : 0.8218964
Grantee : 0.81706786
StatementQuery : 0.825933
