ClobInputStream : 0.80032927
JDBCClobClient : 0.7878821
ClientConnection : 0.76904243
CharacterType : 0.76906997
SessionInterface : 0.84955025
RowOutputBase : 0.8175662
RowInputBase : 0.7555649
RowInputBinary : 0.7737713
LobManager : 0.75303906
RowOutputBinary : 0.78579897
ClobType : 0.7910878
JDBCNClob : 0.0
SessionData : 0.76872003
Tokens : 0.6804206
RowInputTextLog : 0.7783696
JDBCClob : 0.78058994
ClobDataID : 0.82088697
RowOutputTextLog : 0.7835701
RowOutputText : 0.7873931
Session : 0.7458848
TestLobs : 0.751828
JDBCConnection : 0.7453154
JDBCResultSetBasic : JDBCResultSetBasic is not exist in project code
JDBCResultSet : 0.76116514
RowInputText : 0.772696
Type : 0.7479327
Like : 0.7912057
Types : 0.72056717
JDBCTypes : 0.7438654
JDBCPreparedStatement : 0.7659492
JDBCCallableStatement : 0.77333045
JDBCClobFile : 0.77671444
FunctionSQL : 0.74702305
JDBCArray : 0.77932835
JDBCArrayBasic : 0.7687847
FunctionCustom : 0.7018187
JavaObjectData : 0.8161123
BinaryData : 0.82148147
ParserRoutine : 0.7330328
PgType : 0.72615707
BinaryType : 0.77054965
