DataFileCache : 0.86848164
Tokens : 0.7595208
TestBatchExecution : TestBatchExecution is not exist in project code
TestBatchBug : TestBatchBug is not exist in project code
RowStoreAVLDisk : 0.86767715
RowStoreAVL : 0.84852254
RowStoreAVLHybrid : 0.8624866
RowStoreAVLMemory : 0.8414712
PersistentStore : 0.77588284
Log : 0.8532832
DataFileDefrag : 0.8742052
TableBase : 0.839587
HsqlDatabaseProperties : 0.80041456
RowOutputBase : 0.79910654
TextCache : 0.8600813
PersistentStoreCollectionSession : 0.867946
CachedObjectComparator : CachedObjectComparator is not exist in project code
TestAllTypes : 0.8623891
ScaledRAFile : ScaledRAFile is not exist in project code
TextTable : 0.8535662
Logger : 0.84240025
TestCacheSize : 0.8508135
ScriptWriterBase : 0.85070646
Index : 0.76649046
StatementTypes : 0.7832752
RowStoreAVLDiskData : 0.8632395
DatabaseInformationMain : 0.8324756
ObjectCacheHashMap : ObjectCacheHashMap is not exist in project code
CachedObject : 0.7663773
TransactionManager : 0.7746762
TransactionManager2PL : 0.84227085
ErrorCode : 0.7756153
RowAVLDisk : 0.85656285
DataFileCacheSession : 0.8640741
RowAVLDiskData : 0.868965
DatabaseInformationFull : 0.6758114
ScriptWriterText : 0.8421395
Database : 0.8310254
ReusableObjectCache : 0.8039344
TransactionManagerMVCC : 0.7144162
RowStoreAVLHybridExtended : 0.87377614
