TransferHelper : 0.83478427
SqlServerTransferHelper : 0.85202116
OracleTransferHelper : 0.85978717
InformixTransferHelper : 0.84478027
McKoiTransferHelper : 0.84297615
HsqldbTransferHelper : 0.83266675
PostgresTransferHelper : 0.8560138
TransferTable : 0.8775151
Transfer : 0.8252087
TransferCommon : 0.883684
DataAccessPoint : 0.8299046
SQLStatements : 0.0
ErrorCode : 0.74976635
TestScripts : 0.88796103
ScriptReaderText : 0.8564838
Server : 0.0
ServerConstants : 0.75995725
TestBatchExecution : TestBatchExecution is not exist in project code
ServerConnection : 0.8582979
Servlet : 0.8651525
DbBackup : 0.84758997
TransferSQLText : 0.8785007
TestHarness : 0.8725693
Log : 0.85361147
HsqlDatabaseProperties : 0.8116682
ScriptReaderBase : 0.828824
ScaledRAFileNIO : ScaledRAFileNIO is not exist in project code
DatabaseInformationFull : 0.67800945
TestBench : 0.85523015
Testdb : 0.8614024
Database : 0.8396836
JDBCBench : 0.8539753
DataFileCacheSession : 0.844221
HelperFactory : 0.86877984
DatabaseManager : 0.864092
SessionManager : 0.8653749
TransactionManager2PL : 0.83626616
DataFileCache : 0.84451437
ScriptWriterBase : 0.84663284
Collation : 0.8279997
ServerProperties : 0.83458406
