Database : 0.8365218
Session : 0.7192126
User : 0.86195743
GranteeManager : 0.8515306
Grantee : 0.8456162
StatementSchema : 0.8709773
ParserDQL : 0.84261435
Routine : 0.8402959
SessionManager : 0.8678651
DatabaseInformationMain : 0.86094743
HsqlNameManager : 0.8669345
Collation : 0.84008527
JaasAuthBean : 0.82914084
StatementManager : 0.87477106
StatementSchemaDefinition : 0.84923047
UserManager : 0.85628337
Tokens : 0.7531382
HsqlDatabaseProperties : 0.82018805
Log : 0.84985554
HsqldbSlaveAuthBean : 0.8486333
ParserDDL : 0.8676206
TableUtil : 0.87379944
DatabaseInformationFull : 0.7089647
HsqlName : HsqlName is not exist in project code
ScriptWriterBase : 0.8404117
ColumnBase : 0.8108764
SqlInvariants : 0.82583493
ExpressionColumn : 0.84750706
SubQuery : SubQuery is not exist in project code
ParserCommand : 0.857756
TransactionManager2PL : 0.8331666
TransactionManagerMVCC : 0.711126
TransactionManagerMV2PL : 0.7130522
ParserRoutine : 0.8509461
LobManager : 0.70015204
DatabaseManagerCommon : 0.7924289
TestStoredProcedure : 0.8535875
ScriptReaderText : 0.84443665
StatementTypes : 0.7599781
InformixTransferHelper : 0.85123444
TestSchemaParse : 0.8362483
