Result : 0.85352427
TestSchemaParse : 0.8179922
TestUpdatableResultSets : 0.83882844
Routine : 0.8530906
TestTypeConversion : 0.84328145
StatementHandler : 0.84679693
StatementCompound : 0.83991766
TestLobs : 0.8244647
Tokens : 0.7463422
TestMerge : 0.80721563
ScriptReaderBase : 0.88605726
TestJDBCSavepoints : 0.7248216
TestGroupByHaving : 0.8224751
TestBatchExecution : TestBatchExecution is not exist in project code
TestMultiInsert : 0.8296991
TestSql : 0.82090276
View : 0.84895706
TestBug785429 : TestBug785429 is not exist in project code
TestSqlPersistent : 0.8474814
StatementSchemaDefinition : 0.83911556
DatabaseManager : 0.8310087
SessionContext : 0.84372455
TestAllTypes : 0.82701063
DatabaseManagerSwing : 0.7122354
Session : 0.7410477
TransferDb : 0.83208936
TestCacheSize : 0.8252297
TestTextTable : 0.8129248
JDBCPreparedStatement : 0.81015056
TestViewAsterisks : 0.8103394
TestCollation : 0.83612317
TableBase : 0.8415147
StatementManager : 0.84613466
HsqlException : 0.85219157
JDBCResultSet : 0.8196342
HsqlName : HsqlName is not exist in project code
RowInputTextLog : 0.8317916
StatementCommand : 0.84693587
LobManager : 0.72815096
Logger : 0.8263034
StatementSchema : 0.83334035
