Tokens : 0.75260943
TriggerSample : 0.8387101
SchemaManager : 0.8791024
StatementTypes : 0.7700249
JDBCSQLXML : 0.8308559
TestTextTable : 0.83518076
SqlFile : 0.81198287
TextCache : 0.8401094
TriggerDef : 0.82790637
StatementSchema : 0.8680019
Transfer : 0.8258343
TestDbBackup : 0.8274939
Routine : 0.84223306
StatementCompound : 0.8384686
SessionContext : 0.8484094
ColumnBase : 0.8152035
PopupListener : PopupListener is not exist in project code
RowSetNavigatorClient : 0.86409223
TestSchemaParse : 0.83756274
RowSetNavigatorDataTable : 0.86556506
StatementDMQL : 0.8651401
View : 0.85181963
IndexAVL : 0.8497967
ConstraintCore : 0.86309445
ScriptReaderBase : 0.82400614
SubQuery : SubQuery is not exist in project code
QuerySpecification : 0.8661243
RowAction : 0.86114997
RangeVariable : 0.8638195
Row : 0.81130236
RowStoreAVL : 0.8343037
JDBCBench : 0.84552497
StatementSession : 0.81922
JDBCXAResource : 0.8118831
AuthBeanMultiplexer : 0.8265836
StatementDML : 0.73413855
TestMultipleConnections : TestMultipleConnections is not exist in project code
RowAVLDisk : 0.84366965
DatabaseInformationMain : 0.87323475
HSQLBug : HSQLBug is not exist in project code
RangeVariableJoined : 0.8491892
