CompileContext : CompileContext is not exist in project code
Session : 0.70779747
StatementTypes : 0.7454875
ColumnSchema : 0.8292519
ScriptReaderBase : 0.8084635
StatementSchema : 0.86013794
StatementSchemaDefinition : 0.8509653
ParserCommand : 0.88796055
ParserRoutine : 0.87225276
ParserDML : 0.86919206
ScriptWriterBase : 0.8321181
Defines : 0.8226895
Parser : 0.83317393
SchemaManager : 0.86762065
ParserBase : 0.8379563
Expression : 0.82495964
TriggerSample : 0.83215594
View : 0.8306642
Schema : 0.8385738
ParserDQL : 0.86256546
SAX2DOMBuilder : SAX2DOMBuilder is not exist in project code
SAX2XMLStreamWriter : SAX2XMLStreamWriter is not exist in project code
TestBug778213 : TestBug778213 is not exist in project code
Routine : 0.8299255
DataFileCache : 0.8239634
JDBCStatement : 0.8194919
TestSql : 0.83323234
JDBCDatabaseMetaData : 0.8231268
TestCascade : 0.8222235
SqlTool : 0.8111486
JDBCSQLXML : 0.8227995
JDBCXAConnectionWrapper : 0.8180495
User : 0.8521298
TextTable : 0.8470142
TestDatabaseMetaData : 0.82850933
StatementSession : 0.8175347
StatementCommand : 0.85328335
JDBCPreparedStatement : 0.8185089
StatementManager : 0.8597249
Logger : 0.8150955
TestHSQLDB : TestHSQLDB is not exist in project code
