Type : 0.8294704
DTIType : 0.8481778
IntervalSecondData : 0.8483783
IntervalMonthData : 0.8417711
RowOutputBase : 0.77949697
RowInputTextLog : 0.8302653
Scanner : 0.8187856
HsqlDateTime : 0.8300984
RowInputBinary : 0.8231009
RowInputBase : 0.8140666
JDBCResultSetMetaData : 0.803493
JDBCParameterMetaData : 0.8268959
PgType : 0.79881835
RowOutputTextLog : 0.81129044
RowOutputText : 0.8129202
RowInputText : 0.8224921
Tokens : 0.7439223
RowOutputBinary : 0.8189628
Types : 0.80087954
DateTimeType : 0.8538185
ParserDQL : 0.8144677
NumberType : 0.86104494
ParserBase : 0.8164543
SetFunction : 0.82584834
HsqlDatabaseProperties : 0.7790319
ParserCommand : 0.8112272
ExpressionArithmetic : 0.8426376
FunctionCustom : 0.7658119
TestCacheSize : 0.8024417
Task : Task is not exist in project code
TestAllTypes : 0.80793965
Result : 0.8197343
DatabaseInformationFull : 0.6761523
LockFile : 0.81756866
ParserRoutine : 0.8063868
DatabaseInformationMain : 0.8064802
ExpressionOp : 0.8398519
FunctionSQL : 0.8031937
TypedComparator : TypedComparator is not exist in project code
StatementResultUpdate : 0.8275578
TestOdbcTypes : TestOdbcTypes is not exist in project code
