Scanner : 0.83202595
RowInputText : 0.8439476
StatementSchema : 0.8094311
ParserBase : 0.8295323
SessionContext : 0.8425176
HsqlProperties : 0.8556539
StatementDMQL : 0.8345078
NumberSequence : 0.8435244
JDBCStatement : 0.80952954
RowInputBinary : 0.83908576
LobManager : 0.735649
ExpressionOp : 0.82906085
JDBCConnection : 0.81957304
ClientConnection : 0.827485
RangeIteratorBase : RangeIteratorBase is not exist in project code
JDBCPreparedStatement : 0.82578516
NumberType : 0.8439941
LineGroupReader : 0.8395845
DITableInfo : 0.84309596
RowInputTextLog : 0.8393007
ExpressionAggregate : 0.8172182
ValuePoolHashMap : 0.8342755
Session : 0.7305964
JDBCDataSourceFactory : 0.8189028
FunctionCustom : 0.7773497
PersistentStoreCollectionSession : 0.83691704
ExpressionTable : 0.8329379
JDBCSQLXML : 0.82896847
Result : 0.8376447
BaseHashMap : 0.82812977
DatabaseInformationFull : 0.6793155
DatabaseInformationMain : 0.82058406
JDBCPooledDataSource : 0.8390928
FunctionSQL : 0.82754713
StatementSet : 0.8212209
MultiValueHashMap : 0.8624784
HashMap : 0.86375165
LongKeyHashMap : 0.85447395
IntKeyHashMap : 0.8627846
OrderedLongKeyHashMap : 0.85508823
IntKeyHashMapConcurrent : 0.85592496
