Log : 0.8007364
Database : 0.81232905
Logger : 0.81568694
Session : 0.71859556
JDBCConnection : 0.8328947
ServerConfiguration : 0.82078063
TextCache : 0.7900792
DatabaseInformationMain : 0.80930036
StatementTypes : 0.7232379
ClientConnection : 0.80362827
SessionInterface : 0.71804047
DataFileCache : 0.8003028
JDBCDriver : 0.85200363
JDBCDatabaseMetaData : 0.7816521
JDBCResultSetMetaData : 0.7694763
Server : 0.0
ParserCommand : 0.80207056
DatabaseManager : 0.81067544
HsqlProperties : 0.82385653
ErrorCode : 0.72276145
Types : 0.8220279
DatabaseInformationFull : 0.6946913
WebServer : 0.7898028
HsqlServerFactory : 0.8471776
ServerProperties : 0.86080974
JDBCParameterMetaData : 0.7936283
TestScriptRunner : 0.8010034
StatementCommand : 0.803545
ScaledRAFile : ScaledRAFile is not exist in project code
AbstractTestOdbc : AbstractTestOdbc is not exist in project code
DatabaseURL : 0.7064306
TestSubselect : 0.7948534
Tokens : 0.8188091
LockFile : 0.79763925
ClearTests : 0.8437292
Result : 0.7922618
JDBCDataSource : 0.80594134
HsqlNameManager : 0.7979169
JDBCPreparedStatement : 0.8325563
TableUtil : 0.78888017
TestScripts : 0.8380204
