Row : 0.8302919
RowActionBase : 0.86824524
RowStoreAVLHybrid : 0.8581326
TransactionManagerMVCC : 0.7434619
TransactionManagerMV2PL : 0.74694633
TransactionManager2PL : 0.85612404
TransactionManagerCommon : 0.87246567
RowStoreAVLMemory : 0.8325973
RowStoreAVLDisk : 0.8560634
TransactionManager : 0.7794002
RowStoreAVLDiskData : 0.85648626
Session : 0.7241775
PersistentStore : 0.76556176
Tokens : 0.7515754
DatabaseInformationFull : 0.683426
StatementResultUpdate : 0.87195134
TriggerDef : 0.83557224
TestHarness : 0.8342496
PersistentStoreCollectionSession : 0.865894
ReferentialAction : ReferentialAction is not exist in project code
IndexAVL : 0.84824497
FunctionCustom : 0.7710613
ConstraintCore : 0.851317
SqlFileScanner : 0.80681276
StatementDML : 0.7188067
Trigger : 0.80286765
NodeAVL : 0.8247144
TriggerSample : 0.8305611
Server : 0.0
DatabaseInformationMain : 0.8347445
Result : 0.84879106
PopupListener : PopupListener is not exist in project code
DatabaseManagerSwing : 0.68719953
GridSwing : 0.83724165
IndexRowIterator : IndexRowIterator is not exist in project code
RowSetNavigator : 0.85235584
RowSetNavigatorDataTable : 0.867368
RangeIteratorBase : RangeIteratorBase is not exist in project code
GrantConstants : 0.7755296
Transfer : 0.82540077
RowIterator : 0.74939245
