QueryExpression : 0.8422416
SubQuery : SubQuery is not exist in project code
TableDerived : 0.85403895
Tokens : 0.7504757
StatementTypes : 0.8020029
DatabaseInformation : 0.76405483
TableBase : 0.83976114
SchemaObject : 0.7802124
TableSorter : 0.8408273
Statement : 0.84895706
TestViewAsterisks : 0.8181578
DatabaseManagerSwing : 0.7008921
DatabaseInformationFull : 0.6937627
DatabaseInformationMain : 0.8343203
ParserDQL : 0.82010245
RangeVariable : 0.8472686
DITableInfo : 0.85176986
QuerySpecification : 0.8474602
TableModelHandler : TableModelHandler is not exist in project code
SchemaManager : 0.84218794
StatementSchema : 0.8412652
MouseHandler : MouseHandler is not exist in project code
JDBCDatabaseMetaData : 0.8387651
TestSchemaParse : 0.8174339
SchemaObjectSet : 0.8264163
JDBCResultSetMetaData : 0.8273194
StatementDML : 0.71835816
Schema : 0.82929796
TransferTable : 0.83939475
ParserDDL : 0.83066434
Logger : 0.8281611
TransferDb : 0.83558106
TransferSQLText : 0.8315602
ParserDML : 0.8327274
Expression : 0.83604753
JDBCResultSet : 0.81770736
StatementCommand : 0.8465997
DatabaseManager : 0.8383796
StatementSchemaDefinition : 0.83798385
Grantee : 0.83257496
SqlFile : 0.80536443
