Expression : 0.84800315
ParserDQL : 0.84884995
RangeVariable : 0.85646415
RangeVariableResolver : 0.8553586
StatementSession : 0.8090159
StatementExpression : 0.8295955
StatementSet : 0.8480053
RangeVariableConditions : RangeVariableConditions is not exist in project code
StatementProcedure : 0.8607806
Token : 0.81277406
ParserRoutine : 0.8412409
ColumnSchema : 0.82700324
UserTypeModifier : 0.8339481
QuerySpecification : 0.8548183
TriggerDef : 0.8156789
StatementDML : 0.712836
View : 0.8280472
SubQuery : SubQuery is not exist in project code
Parser : 0.8393382
StatementDMQL : 0.84029263
ExpressionArrayAggregate : 0.86337274
FunctionSQLInvoked : 0.8411715
FunctionSQL : 0.8087447
ExpressionAggregate : 0.8559684
ExpressionLike : 0.8594037
ParserDML : 0.8551163
RowSetNavigatorData : 0.8333411
QueryExpression : 0.8361939
TableDerived : 0.84343344
BasicResolver : 0.8168956
ExpressionColumnAccessor : 0.815621
ExpressionAccessor : 0.8633766
StatementCompound : 0.83086634
SortAndSlice : 0.8321813
FunctionCustom : 0.7560983
RangeVariableJoined : 0.83613366
IResolver : 0.7691879
CompileContext : CompileContext is not exist in project code
DatabaseManagerCommon : 0.7803351
ExpressionColumn : 0.855734
ExpressionOrderBy : 0.8574495
