SqlFileEmbedder : 0.82467073
JDBCBlobFile : 0.81132317
JDBCClobFile : 0.81944424
Logger : 0.8121408
LobManager : 0.70735663
DatabaseManagerCommon : 0.79641235
TestTextTables : 0.81771886
Tokens : 0.7630654
DatabaseURL : 0.7041168
TransferSQLText : 0.83319294
SqlFileScanner : 0.80030227
TarFileOutputStream : 0.7974831
DbBackup : 0.82249373
ServerAcl : 0.81451696
DBMPrefs : DBMPrefs is not exist in project code
SqlTool : 0.83353883
JDBCDatabaseMetaData : 0.807663
FindFile : 0.82791984
TestScripts : 0.8484873
TestUtil : 0.7154491
HsqlDatabaseProperties : 0.8104154
ScaledRAFile : ScaledRAFile is not exist in project code
ScaledRAFileSimple : ScaledRAFileSimple is not exist in project code
LobStoreRAFile : 0.817002
ScaledRAFileNIO : ScaledRAFileNIO is not exist in project code
TarEntrySupplicant : TarEntrySupplicant is not exist in project code
IResolver : 0.7829662
Log : 0.81558514
ErrorCode : 0.7649903
JavaSystem : 0.80883193
ScriptWriterBase : 0.8187297
TestDbBackup : 0.80870044
FileUtil : 0.8090767
Preprocessor : 0.81407124
Testdb : 0.80050075
DataFileCache : 0.8122826
TextCache : 0.8109741
StatementTypes : 0.7673185
TarEntryHeader : TarEntryHeader is not exist in project code
Cache : 0.81442726
BaseException : BaseException is not exist in project code
