Session : 0.71552986
JDBCCommonDataSource : 0.85736376
Tokens : 0.7483734
TestJDBCSavepoints : 0.7128514
TestCacheSize : 0.82822156
ServerConnection : 0.8317845
TestAllTypes : 0.8425652
TestSqlPersistent : 0.85545635
JDBCDataSourceFactory : 0.82776886
ConnectionSetting : 0.8631425
TestBase : 0.70879835
StatementTypes : 0.78104097
DatabaseInformation : 0.7642139
TestScripts : 0.86534834
FunctionSQL : 0.80629677
Type : 0.80995214
Database : 0.8323729
UserManager : 0.86902106
OdbcUtil : 0.8207766
Types : 0.7911823
DatabaseManagerSwing : 0.6904886
TestSubselect : 0.8233215
StatementInsert : 0.84713244
TestGroupByHaving : 0.83993655
DatabaseManager : 0.85324097
SqlFile : 0.81428754
JDBCPooledConnection : 0.8248979
FunctionCustom : 0.7643978
SqlInvariants : 0.8092175
GranteeManager : 0.85447454
HsqldbSlaveAuthBean : 0.8654448
JDBCXAResource : 0.8085674
SessionManager : 0.86281586
SchemaManager : 0.86195743
DatabaseInformationMain : 0.84791726
ScriptWriterBase : 0.83303285
SqlFileScanner : 0.805203
JDBCDatabaseMetaData : 0.83636594
SharedFields : SharedFields is not exist in project code
Grantee : 0.84929216
SqlTool : 0.8287493
