RowInputBinary : 0.86101234
Servlet : 0.8084282
WebServerConnection : 0.82408243
RowOutputBinaryEncode : 0.86649686
RowOutputBinary180 : 0.8652065
DataFileCache : 0.83362013
ClientConnection : 0.81183904
RowOutputBase : 0.83836913
RowOutputInterface : 0.8121435
NodeAVL : 0.8301102
CachedObject : 0.7853013
Row : 0.83701915
ServerConnection : 0.817742
ScriptWriterText : 0.81365126
RowStoreAVLDisk : 0.83922184
BlobData : 0.78952706
BlobDataID : 0.853237
BinaryData : 0.85605866
RowInputBinary180 : 0.84090966
Scanner : 0.8185504
RowOutputTextLog : 0.8652093
RowOutputText : 0.8641806
JDBCSQLXML : 0.8167657
Like : 0.82302696
RowAVLDisk : 0.8457431
RowAVLDiskData : 0.8615254
RowSetNavigator : 0.8470473
RowInputBinaryDecode : 0.8656995
Tokens : 0.7154008
NodeAVLDisk : 0.8319425
TextCache : 0.8426934
ClientConnectionHTTP : 0.74900204
JDBCPreparedStatement : 0.8125319
JDBCBlobClient : 0.8325933
SqlFile : 0.78863364
ResultLob : 0.8470102
LobData : 0.7855067
ExpressionLike : 0.7997816
ClobDataID : 0.8450479
Expression : 0.81921214
Type : 0.8183194
