TestTextTable : 0.848992
ErrorCode : 0.77380264
RowInputText : 0.8718539
ScaledRAFile : ScaledRAFile is not exist in project code
Database : 0.8568796
Log : 0.8553266
TestHarness : 0.85897344
StatementTypes : 0.7844085
Logger : 0.8600799
TextCache : 0.8594645
ConnectionDialogCommon : 0.73935914
TextTable : 0.8653048
TransferSQLText : 0.88008994
DatabaseManagerSwing : 0.7140697
TextTableDescriptor : TextTableDescriptor is not exist in project code
DatabaseManager : 0.8624643
ScriptWriterText : 0.8707761
DatabaseManagerCommon : 0.81149435
Tokens : 0.796835
DbBackup : 0.86024237
RowInputTextQuoted : 0.8574256
DatabaseInformationFull : 0.6923724
Line : 0.7461337
JavaSystem : 0.84912866
ParserCommand : 0.86675644
RowStoreAVLDiskData : 0.85123646
ConnectionDialogSwing : 0.84937745
SqlTool : 0.8775912
JavaObjectData : 0.8430473
HsqlProperties : 0.8788428
RowStoreAVL : 0.836484
RowStoreAVLMemory : 0.82817096
PersistentStore : 0.7602876
Transfer : 0.849553
RowAVLDiskData : 0.8599086
SqlFile : 0.84658736
PopupListener : PopupListener is not exist in project code
ConnectionDialog : 0.8538577
ScriptReaderText : 0.8626609
StatementCommand : 0.85457116
TableBase : 0.85050726
