QueryExpression : 0.86505294
ParserDQL : 0.8416064
RowSetNavigatorDataTable : 0.86697453
StatementDML : 0.7345158
JDBCStatement : 0.8237588
JDBCPreparedStatement : 0.8229203
RangeVariableJoined : 0.8585103
Tokens : 0.7685499
OdbcPreparedStatement : 0.84228134
JDBCResultSetMetaData : 0.83137065
DatabaseManagerSwing : 0.69879097
SubQuery : SubQuery is not exist in project code
TableDerived : 0.8561372
RowSetNavigatorData : 0.85660195
Expression : 0.85662925
View : 0.8474602
JDBCStatementBase : 0.8200444
Servlet : 0.83032453
StatementPortal : 0.84107745
Result : 0.84552085
SchemaObject : 0.7652359
DatabaseInformation : 0.77660793
JDBCConnection : 0.8192892
SqlFile : 0.8161703
TestStoredProcedure : 0.83416015
StatementDMQL : 0.8681818
StatementProcedure : 0.87440646
ClientThread : ClientThread is not exist in project code
StatementSet : 0.8689853
StatementExpression : 0.84025985
JDBCDatabaseMetaData : 0.83282185
StatementCursor : 0.8096073
ClientThreadProcedure : ClientThreadProcedure is not exist in project code
OdbcUtil : 0.80841106
ParsedSection : ParsedSection is not exist in project code
StatementCompound : 0.85241634
TestPreparedSubQueries : 0.8307504
RoutineSchema : 0.83311486
TestOdbcService : TestOdbcService is not exist in project code
ParserDML : 0.87382203
Routine : 0.8520318
