TypedComparator : TypedComparator is not exist in project code
StatementResultUpdate : 0.8200571
SetFunction : 0.8138876
Tokens : 0.7471167
Routine : 0.822368
Statement : 0.8157898
RowOutputBase : 0.822976
HsqlName : HsqlName is not exist in project code
SchemaObjectSet : 0.8125555
ResultMetaData : 0.83359295
Token : 0.78955704
Line : 0.73129505
RowActionBase : 0.8174368
TypeInvariants : 0.8355388
StatementSet : 0.8076735
RowType : 0.841139
NumberSequence : 0.8200056
JDBCArrayBasic : 0.80915385
UserTypeModifier : 0.8296699
Like : 0.8141058
ArrayType : 0.8416464
ColumnBase : 0.8132842
PgType : 0.801192
IndexAVL : 0.8082488
Expression : 0.81687456
QuerySpecification : 0.81742996
TableBase : 0.8068566
ExpressionArrayAggregate : 0.80731905
JDBCArray : 0.8147516
ColumnSchema : 0.8219119
JDBCResultSetMetaData : 0.80910647
JDBCParameterMetaData : 0.8293702
TransferHelper : 0.8154325
NullType : 0.83534175
OtherType : 0.8380734
BitType : 0.8317572
RowOutputBinary : 0.8183195
Result : 0.817811
JDBCPreparedStatement : 0.80489403
Scanner : 0.80594975
DatabaseURL : 0.7088077
