SubQuery : SubQuery is not exist in project code
Result : 0.84826887
JDBCResultSet : 0.8153613
RowSetNavigator : 0.85973936
SessionData : 0.8520101
RowSetNavigatorDataChange : 0.7990865
QueryExpression : 0.84254426
Session : 0.72610795
RowSetNavigatorDataTable : 0.8752274
LobManager : 0.7313099
StatementProcedure : 0.84768647
TestJavaFunctions : 0.81040514
QuerySpecification : 0.85660195
Expression : 0.8397584
StatementInsert : 0.8476413
StatementDML : 0.725907
SessionInterface : 0.77875596
ExpressionTable : 0.85468405
StatementResultUpdate : 0.85430753
ScriptWriterBase : 0.8473158
JDBCArray : 0.8371657
RowSetNavigatorClient : 0.873839
JDBCArrayBasic : 0.8289366
ClientConnection : 0.83024126
RowAVLDiskData : 0.87228775
RowAVLDisk : 0.8602604
RowStoreAVLDiskData : 0.8564725
ResultConstants : 0.8016659
JDBCStatement : 0.815147
JDBCPreparedStatement : 0.81596184
DataAccessPoint : 0.8194829
Row : 0.8369593
ScriptReaderBase : 0.8488295
HsqlDatabaseProperties : 0.7847017
TextTableDescriptor : TextTableDescriptor is not exist in project code
DataFileCache : 0.84751797
StatementCursor : 0.81485265
RowStoreAVL : 0.8485709
RowOutputBinary : 0.8400079
RowStoreAVLHybrid : 0.8533403
IndexAVLMemory : 0.8359557
