RowAVLDisk : 0.8148334
SubQuery : SubQuery is not exist in project code
StatementDML : 0.7557506
RowSetNavigatorData : 0.7990865
Result : 0.7908316
JDBCResultSet : 0.76956064
RowSetNavigator : 0.8152857
SessionData : 0.76994735
QueryExpression : 0.7653794
Session : 0.76184094
RowSetNavigatorDataTable : 0.7929588
StatementResultUpdate : 0.7750867
LobManager : 0.76305777
StatementProcedure : 0.7531435
TestJavaFunctions : 0.76287496
RowAVLDiskData : 0.81409836
QuerySpecification : 0.7782267
Expression : 0.7794598
StatementInsert : 0.76742053
SessionInterface : 0.86403966
ExpressionTable : 0.7748147
ResultConstants : 0.8741687
RowStoreAVLDiskData : 0.796159
ScriptWriterBase : 0.79468024
JDBCArray : 0.7790655
RowSetNavigatorClient : 0.7914203
JDBCArrayBasic : 0.78261745
Row : 0.82981646
ClientConnection : 0.7671025
RowStoreAVLHybrid : 0.78958064
RowStoreAVLMemory : 0.8076958
RowStoreAVL : 0.81066126
StatementTypes : 0.87111276
ScriptReaderText : 0.7820109
RowStoreAVLDisk : 0.78955895
JDBCDatabaseMetaData : 0.79961485
SchemaManager : 0.74688095
Cache : 0.7776342
ServerConnection : 0.75360227
Database : 0.75961107
TableModelHandler : TableModelHandler is not exist in project code
