Logger : 0.8308191
Log : 0.853395
ErrorCode : 0.7796263
TextTable : 0.85486245
RowStoreAVLDiskData : 0.8591699
Database : 0.8222139
DataFileCache : 0.8544196
RowOutputText : 0.84134334
ScriptWriterText : 0.8369794
Tokens : 0.73675275
DITableInfo : 0.8393283
Line : 0.71357995
RowInputText : 0.84763503
TestBatchExecution : TestBatchExecution is not exist in project code
TestBatchBug : TestBatchBug is not exist in project code
DatabaseInformationFull : 0.6744552
RowStoreAVLDisk : 0.8560022
RowStoreAVL : 0.83615685
RowStoreAVLHybrid : 0.8491704
RowStoreAVLMemory : 0.8367589
PersistentStore : 0.7746728
TableBase : 0.8209457
TypeInvariants : 0.8156778
SqlFile : 0.810974
PgType : 0.78547823
DataFileDefrag : 0.8512037
DatabaseManagerCommon : 0.7923759
HsqlDatabaseProperties : 0.7900792
RowOutputBase : 0.8107636
TestHarness : 0.83419114
DatabaseManagerSwing : 0.6945191
ScaledRAFile : ScaledRAFile is not exist in project code
Cache : 0.86008126
PersistentStoreCollectionSession : 0.85272294
CachedObjectComparator : CachedObjectComparator is not exist in project code
TestAllTypes : 0.8345345
ServerProperties : 0.8188111
BasicTextJdkLogFormatter : 0.847087
StatementTypes : 0.78340274
Tree : 0.81759506
TestTextTable : 0.8255732
