TextCache : 0.839831
TriggerDef : 0.8398265
TableWorks : 0.86671644
Routine : 0.8450569
Tokens : 0.7415544
StatementCompound : 0.8367868
SessionContext : 0.84101367
ColumnBase : 0.829101
PopupListener : PopupListener is not exist in project code
RowSetNavigatorClient : 0.8562935
RowSetNavigatorDataTable : 0.8593956
StatementDMQL : 0.8514951
View : 0.8489667
IndexAVL : 0.8485288
SchemaManager : 0.8558082
ConstraintCore : 0.83490425
ScriptReaderBase : 0.8503609
SubQuery : SubQuery is not exist in project code
QuerySpecification : 0.85744226
RowAction : 0.8517035
RangeVariable : 0.85952127
Row : 0.8331947
RowStoreAVL : 0.84189016
RowAVLDisk : 0.8506075
DatabaseInformationMain : 0.8509768
RangeVariableJoined : 0.8572004
DITableInfo : 0.8496615
Index : 0.7826137
QueryExpression : 0.8358609
TriggerDefSQL : 0.8432263
RowSetNavigatorData : 0.85088503
DatabaseInformation : 0.7542032
StatementTypes : 0.80020285
TableBase : 0.84055394
GridSwing : 0.848995
SchemaObject : 0.78396803
ExpressionTable : 0.85564804
DatabaseManagerCommon : 0.80325234
TableSorter : 0.8468032
TriggerSample : 0.8319058
SortableHeaderRenderer : SortableHeaderRenderer is not exist in project code
