Database : 0.769203
TransactionManagerCommon : 0.77249324
Session : 0.770979
DataFileDefrag : 0.7698128
Logger : 0.76191
TransactionManager2PL : 0.8115847
RowStoreAVLDisk : 0.78967386
Tokens : 0.69319904
TransactionManagerMVCC : 0.7621416
JDBCBench : 0.7674292
JDBCXAResource : 0.7746613
RowStoreAVLMemory : 0.8099196
RowStoreAVLDiskData : 0.79636693
IndexAVL : 0.77235585
TransactionManagerMV2PL : 0.76380324
TestBench : 0.7634358
TableBase : 0.77872163
StatementTypes : 0.87948316
RowStoreAVL : 0.81103486
Row : 0.8252192
Statement : 0.81984913
HsqlName : HsqlName is not exist in project code
FunctionCustom : 0.71326035
ClientConnection : 0.77572787
SessionInterface : 0.8651535
RowAction : 0.7794002
ScriptRunner : 0.7625226
McKoiTransferHelper : 0.79340017
TransferHelper : 0.7869558
DITableInfo : 0.78705525
UserManager : 0.7685934
User : 0.77008104
DatabaseManagerCommon : 0.7633479
HsqlNameManager : 0.77420086
TestStoredProcedure : 0.75949526
JDBCXAConnectionWrapper : 0.7789252
RCData : 0.78819484
ParserCommand : 0.7357164
StatementCommand : 0.7788463
Grantee : 0.76118875
JDBCConnection : 0.7640366
