JDBCResultSet : 0.8613497
JDBCStatementBase : 0.850776
JDBCDatabaseMetaData : 0.8662193
Result : 0.8340531
TestSchemaParse : 0.83228445
TestUpdatableResultSets : 0.85262537
Routine : 0.82095605
TestTypeConversion : 0.8522891
StatementHandler : 0.8255187
StatementCompound : 0.8121408
TestLobs : 0.8470668
TestSubselect : 0.8262315
JDBCConnection : 0.86855257
JDBCPreparedStatement : 0.8694939
Tokens : 0.71068543
RCData : 0.8471416
JDBCParameterMetaData : 0.86608887
TestCacheSize : 0.8162159
TestAllTypes : 0.8304936
TestMerge : 0.8273672
ScriptReaderBase : 0.8258351
TestJDBCSavepoints : 0.7388517
TestGroupByHaving : 0.8327578
TestBatchExecution : TestBatchExecution is not exist in project code
TestMultiInsert : 0.84627664
TestSql : 0.8281468
View : 0.82426274
TestBug785429 : TestBug785429 is not exist in project code
TestSqlPersistent : 0.8446495
StatementSchemaDefinition : 0.83509827
DatabaseManager : 0.82673955
SessionContext : 0.81589323
DatabaseManagerSwing : 0.6965083
Session : 0.7396403
TransferDb : 0.86061513
SqlFile : 0.788879
Type : 0.7993164
TestDima : TestDima is not exist in project code
SharedFields : SharedFields is not exist in project code
TestStoredProcedure : 0.85054255
JDBCCallableStatement : 0.86305815
