TableBase : 0.8399774
ErrorCode : 0.7804482
Logger : 0.8368906
DatabaseManagerSwing : 0.70273095
TestTextTables : 0.8440849
Log : 0.85537755
TableUtil : 0.8484604
TestTextTable : 0.83686215
DITableInfo : 0.8529291
Database : 0.84416616
Tokens : 0.74677414
RowStoreAVLDiskData : 0.8609608
TransferSQLText : 0.8606359
Transfer : 0.8257514
Line : 0.7150985
RowInputText : 0.84219664
DatabaseInformationMain : 0.85186976
TextCache : 0.85486245
JavaObjectData : 0.84881574
RowAVLDiskData : 0.86761355
DatabaseInformationFull : 0.7002074
TypeInvariants : 0.8396338
SqlFile : 0.820188
PgType : 0.79682744
DatabaseManagerCommon : 0.8041004
TextTableDescriptor : TextTableDescriptor is not exist in project code
RowStoreAVL : 0.84396565
TestHarness : 0.8497078
ScaledRAFile : ScaledRAFile is not exist in project code
ScriptWriterText : 0.83987385
TriggerDef : 0.83154804
TableWorks : 0.86498994
NumberSequence : 0.835319
SchemaManager : 0.8624645
ParserDDL : 0.8470142
ServerProperties : 0.82904035
BasicTextJdkLogFormatter : 0.8518227
StatementTypes : 0.7950549
Tree : 0.8107488
ServerConstants : 0.79540515
BinaryData : 0.8368637
