Log : 0.85579294
StatementTypes : 0.788568
Tokens : 0.76567215
DataFileCache : 0.8662266
Cache : 0.8742052
HsqlDatabaseProperties : 0.80213606
ScaledRAFile : ScaledRAFile is not exist in project code
ErrorCode : 0.78387475
Logger : 0.84728014
ScaledRAFileInJar : ScaledRAFileInJar is not exist in project code
RowStoreAVLDisk : 0.8559193
RowStoreAVLHybrid : 0.84935296
LobStoreInJar : 0.84600365
JDBCConnection : 0.81015193
DatabaseManagerCommon : 0.7858077
DataFileCacheSession : 0.8558946
RowStoreAVL : 0.8454761
RowStoreAVLMemory : 0.8365411
PersistentStore : 0.7720952
PersistentStoreCollectionSession : 0.8632624
CSVWriter : 0.8445218
LobStoreRAFile : 0.8636781
TextCache : 0.85120356
JavaObjectData : 0.83880913
ScriptWriterText : 0.8367754
RowAVLDiskData : 0.8673905
TestCacheSize : 0.84694904
TransactionManager : 0.7698128
SessionData : 0.85568416
TestScriptRunner : 0.8271177
TransferSQLText : 0.85679513
ParserCommand : 0.8241943
RAShadowFile : 0.8768765
JDBCClobFile : 0.8431635
Database : 0.84135264
StatementCommand : 0.8253545
ScriptWriterBase : 0.8491888
TarEntrySupplicant : TarEntrySupplicant is not exist in project code
TransactionManagerMV2PL : 0.7310133
TransactionManagerMVCC : 0.72405595
HsqlProperties : 0.8523054
