Server : 0.0
JDBCCommonDataSource : 0.83216774
ServerConfiguration : 0.84929234
WebServer : 0.8109767
TestBase : 0.70715827
ServerConnection : 0.84700197
TestJDBCSavepoints : 0.7091722
AbstractTestOdbc : AbstractTestOdbc is not exist in project code
HsqlServerFactory : 0.87418956
DatabaseManager : 0.84070045
Tokens : 0.8283332
JDBCConnection : 0.81010956
WebServerConnection : 0.87151486
ErrorCode : 0.7253261
SchemaObject : 0.71513635
StatementTypes : 0.733507
ServerConstants : 0.74731094
Log : 0.8263393
Logger : 0.8432883
Database : 0.83651084
DatabaseInformation : 0.81735635
HsqlDatabaseProperties : 0.86080974
HsqlProperties : 0.8557312
ClientConnection : 0.83203804
SessionInterface : 0.7224715
Session : 0.69331676
JDBCResultSet : 0.7847352
Result : 0.81820685
DatabaseURL : 0.7040637
LdapAuthBean : 0.6894971
ServerThread : ServerThread is not exist in project code
TestAcl : 0.8244728
SqlServerTransferHelper : 0.82878315
HsqlSocketRequestHandler : 0.7293186
HsqlSocketFactorySecure : 0.8478475
ValidatingResourceBundle : 0.8017668
IResolver : 0.7499853
JDBCDriver : 0.8393409
StatementQuery : 0.7922189
BundleHandler : BundleHandler is not exist in project code
Statement : 0.8059662
