Statement : 0.830127
SqlFileScanner : 0.81952846
SimpleLog : 0.8495374
ErrorCode : 0.791247
SqlFile : 0.8204636
HsqlProperties : 0.853235
Result : 0.8409778
RecoverableOdbcFailure : 0.87850404
Scanner : 0.8257092
Servlet : 0.85177934
ConnectionDialog : 0.8354835
OdbcUtil : 0.8405691
LobStoreInJar : 0.8303226
ParsedSection : ParsedSection is not exist in project code
Server : 0.0
SqlToolError : 0.8813021
RowSetNavigatorData : 0.8240103
Type : 0.81928754
TriggerSample : 0.83994913
HsqlException : 0.8713123
RowInputTextLog : 0.8319272
Expression : 0.82195365
DateTimeType : 0.82798904
RowSetNavigatorClient : 0.8362918
ParserDQL : 0.8191343
RangeIteratorBase : RangeIteratorBase is not exist in project code
NullType : 0.82694685
RowError : RowError is not exist in project code
HsqlRuntimeMemoryError : HsqlRuntimeMemoryError is not exist in project code
ScaledRAFileNIO : ScaledRAFileNIO is not exist in project code
HsqlDatabaseProperties : 0.81253475
LobStoreRAFile : 0.8489407
ResultConstants : 0.7901017
JDBCStatementBase : 0.82095593
Util : Util is not exist in project code
GranteeManager : 0.82328653
RowOutputText : 0.82988316
RowStoreAVLMemory : 0.8150772
SchemaObjectSet : 0.83403313
RowInputBase : 0.8226639
ParserBase : 0.82871455
