Database : 0.84069616
FrameworkLogger : 0.82645833
SqlTool : 0.8402778
AuthBeanMultiplexer : 0.8099306
SqlFile : 0.8121408
AuthUtils : 0.8009341
JaasAuthBean : 0.8246438
LdapAuthBean : 0.6744357
HsqldbSlaveAuthBean : 0.8417157
SqlFileScanner : 0.81232995
JDBCDriver : 0.83718497
JDBCCommonDataSource : 0.8550128
Log : 0.84147877
HsqlDatabaseProperties : 0.81568694
DataFileCache : 0.84400123
RowStoreAVLDiskData : 0.83130145
Session : 0.71502995
ScaledRAFileNIO : ScaledRAFileNIO is not exist in project code
ScriptRunner : 0.84042424
RowStoreAVLMemory : 0.8158417
DataFileDefrag : 0.84728014
ScriptReaderDecode : 0.8409178
PersistentStoreCollectionSession : 0.84349763
StatementSession : 0.79941404
RAShadowFile : 0.84319544
StatementCommand : 0.8232675
TableBase : 0.83462584
RowStoreAVLDisk : 0.8313279
ScaledRAFileHybrid : ScaledRAFileHybrid is not exist in project code
StatementSchema : 0.81574154
LobManager : 0.7065119
ScriptWriterBase : 0.8400126
SessionData : 0.8339404
LobStoreRAFile : 0.8370281
ScaledRAFile : ScaledRAFile is not exist in project code
TransactionManagerCommon : 0.8387715
DataFileCacheSession : 0.8302323
TextCache : 0.83081913
ScriptReaderText : 0.83336407
ScriptWriterEncode : 0.8247946
AuthFunctionBean : 0.7455173
