RowStoreAVLDisk : 0.8569534
RowStoreAVLHybrid : 0.84817564
Log : 0.8570795
DataFileDefrag : 0.8662266
Cache : 0.86848176
RowStoreAVL : 0.84229445
RowStoreAVLMemory : 0.83682144
PersistentStore : 0.77136636
PersistentStoreCollectionSession : 0.8596488
ErrorCode : 0.77678347
Logger : 0.84400123
DataFileCacheSession : 0.8587117
ScriptWriterText : 0.8380552
TextCache : 0.8544196
StatementTypes : 0.7819578
TextTable : 0.85107803
Database : 0.8354259
HsqlDatabaseProperties : 0.8003028
ScriptWriterBase : 0.8491038
DatabaseInformationFull : 0.6725026
ScaledRAFile : ScaledRAFile is not exist in project code
ScaledRAFileInJar : ScaledRAFileInJar is not exist in project code
LobStoreInJar : 0.8448822
RowAVLDisk : 0.8490511
RowStoreAVLDiskData : 0.8555088
TestStressInsert : TestStressInsert is not exist in project code
RowAVLDiskData : 0.86117554
Tokens : 0.7604921
CSVWriter : 0.8494729
JDBCConnection : 0.82149523
LobStoreRAFile : 0.8688024
JavaObjectData : 0.8378079
TestCacheSize : 0.83988905
TestBatchExecution : TestBatchExecution is not exist in project code
TestBatchBug : TestBatchBug is not exist in project code
LockFile : 0.8500406
RowSetNavigatorDataTable : 0.8548145
TestCascade : 0.81166536
SessionData : 0.8527138
DatabaseInformationMain : 0.8251014
ScriptWriterEncode : 0.85039014
