SortAndSlice : 0.7896456
Tokens : 0.68085355
RowSetNavigatorDataTable : 0.78268355
TableBase : 0.77259713
QueryExpression : 0.75965637
ConstraintCore : 0.72890127
RowSetNavigatorData : 0.7872902
IndexRowIterator : IndexRowIterator is not exist in project code
PersistentStore : 0.85690504
RangeVariableConditions : RangeVariableConditions is not exist in project code
QuerySpecification : 0.7722106
Row : 0.81725985
RowStoreAVL : 0.8022746
StatementTypes : 0.86558104
BaseList : 0.7833754
HsqlList : 0.85413617
SchemaObject : 0.8594186
DatabaseManagerCommon : 0.75782204
RangeVariableJoined : 0.7932248
StatementDML : 0.74676925
BaseHashMap : 0.7303682
Tokenizer : 0.77197444
RowSetNavigatorClient : 0.77682906
HsqlProperties : 0.76448077
TestCacheSize : 0.7595612
Session : 0.7568548
ServerConnection : 0.7384134
HsqlDeque : 0.77529246
DTIType : 0.7523172
IndexAVL : 0.76875
ResultMetaData : 0.7708
TestAllTypes : 0.74623215
StatementSet : 0.74973375
LongDeque : 0.77528244
StatementSimple : 0.7642158
TextTable : 0.7764896
OrderedIntHashSet : 0.78813654
OrderedLongKeyHashMap : 0.7971225
Expression : 0.77367216
RowStoreAVLHybrid : 0.77928644
RowStoreAVLDisk : 0.7767662
