RowOutputBase : 0.8281883
Like : 0.8328409
RowInputBase : 0.8299634
RowInputText : 0.8359717
RowInputBinary : 0.8515953
RowOutputText : 0.8434371
RowOutputBinary : 0.85605866
BitType : 0.84537476
Tokens : 0.72260106
RowInputTextLog : 0.83483076
OdbcPacketInputStream : 0.8515215
BinaryType : 0.84087116
Result : 0.83876485
Scanner : 0.822535
BlobType : 0.8538365
Types : 0.77870023
LobData : 0.80779874
ExpressionLike : 0.80234855
ClobDataID : 0.8643531
BlobDataID : 0.8704889
Expression : 0.82164127
Type : 0.812443
JDBCBlobFile : 0.83518803
RowOutputTextLog : 0.84105414
ExpressionLogical : 0.8151508
JDBCBlob : 0.8538105
FunctionSQL : 0.7997488
SqlFile : 0.79403394
JDBCPreparedStatement : 0.8148937
JDBCSQLXML : 0.81995904
JDBCResultSet : 0.8049667
ExpressionOp : 0.8181898
ErrorCode : 0.8162074
PgType : 0.786771
JDBCBlobClient : 0.8480966
JDBCStatement : 0.8046974
JDBCCallableStatement : 0.8099081
TestStressInsert : TestStressInsert is not exist in project code
JDBCConnection : 0.8003546
ExpressionArithmetic : 0.8104766
Servlet : 0.8114845
