RowInputTextLog : 0.8209701
RowInputBinary180 : 0.84012437
Server : 0.0
DateTimeType : 0.84312904
RowOutputBinary180 : 0.8548405
Scanner : 0.80792964
Type : 0.804212
ClientConnection : 0.8115196
Session : 0.71447223
JDBCCallableStatement : 0.77512777
TestDateTime : 0.828376
JDBCResultSet : 0.781768
SimpleLog : 0.81575453
JDBCPreparedStatement : 0.8012083
DTIType : 0.8364965
JDBCDatabaseMetaData : 0.78797793
LockHeldExternallyException : LockHeldExternallyException is not exist in project code
HsqlTimer : 0.8245076
JDBCResultSetMetaData : 0.78429466
JDBCParameterMetaData : 0.8084721
JDBCResultSetBasic : JDBCResultSetBasic is not exist in project code
Tokens : 0.74822736
ExpressionOp : 0.8072787
ServerConnection : 0.81848323
ExpressionLogical : 0.7996291
ParserBase : 0.8026757
LockFile : 0.8207081
TestPreparedStatements : 0.7999895
FunctionCustom : 0.7669662
ParserDQL : 0.79591876
PgType : 0.7833902
TestBench : 0.8226554
Types : 0.7856951
DatabaseInformationMain : 0.7968748
CharacterType : 0.81529266
TestOdbcTypes : TestOdbcTypes is not exist in project code
SqlFile : 0.7993105
DatabaseManagerCommon : 0.77297145
PIFGenerator : 0.7875425
OdbcUtil : 0.8101159
FunctionSQL : 0.7943435
