DoubleIntIndex : 0.86384296
RowStoreAVLMemory : 0.81131434
RowStoreAVLDisk : 0.82924247
RowStoreAVLDiskData : 0.8281102
RowStoreAVLHybrid : 0.828861
Tokenizer : 0.84124714
TestTriggers : 0.80201167
StatementDMQL : 0.8193958
RowSetNavigatorData : 0.8390694
MainInvoker : 0.8219091
UserTypeModifier : 0.8205192
RoutineSchema : 0.8163905
Result : 0.8267883
BinaryData : 0.83883566
JDBCPreparedStatement : 0.8075754
HsqlArrayList : 0.8540826
RowSetNavigatorDataTable : 0.84437853
JDBCArrayBasic : 0.81068516
JDBCArray : 0.8156207
ResultMetaData : 0.8436382
ExpressionArrayAggregate : 0.8256612
WebServerConnection : 0.8292281
IntervalType : 0.82238007
QueryExpression : 0.81192863
HsqlProperties : 0.8366539
TestDataStructures : 0.83272743
Tokens : 0.73365027
SessionContext : 0.82681715
QuerySpecification : 0.835247
LobManager : 0.72837466
JDBCBlobClient : 0.82156163
RangeVariableResolver : 0.83626294
TableBase : 0.8147065
CharacterType : 0.8379479
JDBCConnection : 0.7927486
JDBCBlobFile : 0.8270454
FileUtil : 0.8186979
JDBCSQLXML : 0.8139523
JDBCClobFile : 0.82979614
StringConverter : 0.8698399
TableDerived : 0.82112795
