StatementResultUpdate : 0.86266345
JDBCResultSet : 0.8259001
Tokens : 0.7523506
SessionInterface : 0.78400886
JDBCStatementBase : 0.8335568
ClientConnection : 0.84094715
OdbcPreparedStatement : 0.84697896
RecoverableOdbcFailure : 0.87647057
SessionData : 0.8524088
Session : 0.740306
StatementPortal : 0.84839714
JDBCPreparedStatement : 0.8267537
StatementDMQL : 0.8496938
StatementSchemaDefinition : 0.84069717
StatementSimple : 0.8456942
TableBase : 0.83850795
StatementTypes : 0.80692357
ResultMetaData : 0.8621772
Statement : 0.8535243
TestBench : 0.8388863
StatementQuery : 0.8477865
StatementSession : 0.8239178
StatementCommand : 0.85146606
FunctionSQLInvoked : 0.83524513
JDBCSQLXML : 0.8379454
StatementProcedure : 0.85305333
JDBCResultSetMetaData : 0.8311315
ResultLob : 0.8543857
QueryExpression : 0.83792853
DatabaseManager : 0.8459442
TestQuotes : 0.8228828
DBMPrefs : DBMPrefs is not exist in project code
Error : 0.8409778
ParsedSection : ParsedSection is not exist in project code
StatementHandler : 0.8469145
ResultConstants : 0.80833566
ClientConnectionHTTP : 0.7531489
StatementSet : 0.8408288
StatementExpression : 0.83541113
StatementSchema : 0.83236355
StatementCompound : 0.83765805
