ParserDQL : 0.7668445
JDBCDatabaseMetaData : 0.7459987
Tokens : 0.86895555
TestJavaFunctions : 0.7506631
SchemaObject : 0.71410626
TableBase : 0.78965044
UserManager : 0.7658504
JDBCConnection : 0.79264516
FunctionSQL : 0.8320778
CompileContext : CompileContext is not exist in project code
Routine : 0.7753389
DatabaseManagerCommon : 0.7366265
AuthBeanMultiplexer : 0.73343956
Schema : 0.7826991
TestTextTable : 0.7593735
View : 0.7636824
Expression : 0.7607636
FunctionSQLInvoked : 0.74249697
ExpressionLogical : 0.7560984
ExpressionAggregate : 0.7462543
Types : 0.8570467
DatabaseManager : 0.7644569
AuthFunctionBean : 0.6987965
JDBCParameterMetaData : 0.7635827
RCData : 0.77449095
ParserRoutine : 0.7672209
StatementProcedure : 0.77235764
ParserCommand : 0.7695059
TestDatabaseMetaData : 0.78350717
JDBCArrayBasic : 0.72957647
TableDerived : 0.7654487
SchemaManager : 0.7627011
OpTypes : 0.73662657
JDBCCallableStatement : 0.71981096
JDBCArray : 0.7358158
JDBCResultSet : 0.738789
RowInputText : 0.78516763
SqlFile : 0.77531624
JDBCResultSetMetaData : 0.74086213
SchemaObjectSet : 0.76285386
TestGroupByHaving : 0.7486927
