CharacterType : 0.8333038
Database : 0.82378554
SortAndSlice : 0.82916963
Expression : 0.8220956
Tokens : 0.7487066
Type : 0.8093461
SchemaObject : 0.76672804
StatementTypes : 0.78379023
DatabaseInformation : 0.75446856
Like : 0.8232279
TestCollation : 0.8487217
ExpressionOrderBy : 0.83775634
Schema : 0.82489073
DatabaseInformationFull : 0.69617844
ParserDQL : 0.8118113
ColumnSchema : 0.8338744
ClobType : 0.83440626
DatabaseManagerCommon : 0.79034096
UserTypeModifier : 0.8383198
SchemaObjectSet : 0.8255615
StatementSession : 0.79983854
ResultMetaData : 0.83674616
SchemaManager : 0.84008527
ExpressionArithmetic : 0.8173868
ParserDDL : 0.8214509
ParserCommand : 0.8163314
LobManager : 0.7146179
StatementSchema : 0.82504207
StatementSchemaDefinition : 0.8170806
FunctionSQL : 0.8033679
ParserRoutine : 0.8133587
Logger : 0.8183566
StatementCommand : 0.82712525
DatabaseInformationMain : 0.82391745
