Scanner : 0.8181311
Type : 0.82789856
RowInputTextLog : 0.83322006
JDBCResultSetMetaData : 0.8068683
JDBCParameterMetaData : 0.8300009
DTIType : 0.8449398
RowInputBinary180 : 0.8455556
ExpressionOp : 0.84046626
ExpressionLogical : 0.8284485
JDBCResultSetBasic : JDBCResultSetBasic is not exist in project code
PgType : 0.7976315
RowOutputBinary180 : 0.85815907
ParserBase : 0.8144314
JDBCCallableStatement : 0.7979518
ParserDQL : 0.81614393
TypeInvariants : 0.83428794
TestDateTime : 0.8277516
Session : 0.71138537
SqlFile : 0.79584116
JDBCResultSet : 0.80061835
JDBCPreparedStatement : 0.8040223
DatabaseInformationMain : 0.8126251
Types : 0.80200386
HsqlDateTime : 0.84312904
SimpleLog : 0.8179234
JDBCDatabaseMetaData : 0.8106676
HsqlTimer : 0.8183309
Server : 0.0
DatabaseManagerCommon : 0.7754964
CharacterType : 0.84234804
TestOdbcTypes : TestOdbcTypes is not exist in project code
IntervalType : 0.8538185
FunctionSQL : 0.7995558
RowInputBinary : 0.82278955
RowInputBase : 0.8169521
RowOutputBase : 0.77324015
ExpressionArithmetic : 0.84164375
ParserRoutine : 0.81108755
ClientConnection : 0.8186869
Tokens : 0.74056375
RowOutputBinary : 0.81879586
