TransactionManagerMVCC : 0.70629686
TransactionManagerMV2PL : 0.7150331
SessionContext : 0.8424544
TransactionManagerCommon : 0.83952165
HsqlTaskQueue : 0.83330303
HsqlDeque : 0.903814
Session : 0.709275
TriggerDef : 0.82240117
PersistentStoreCollectionSession : 0.83766735
ParserDQL : 0.811685
ParserRoutine : 0.8074229
ParserDML : 0.81796336
Tokens : 0.7331517
ClobDataID : 0.8439461
Tokenizer : 0.8474478
LockHeldExternallyException : LockHeldExternallyException is not exist in project code
BlobDataID : 0.8470968
Result : 0.8369382
IntervalSecondData : 0.831753
TimestampData : 0.8386435
SetFunction : 0.85116875
IntervalMonthData : 0.82392126
Type : 0.8105745
NumberSequence : 0.8468223
RowStoreAVL : 0.8415194
WrongLengthException : WrongLengthException is not exist in project code
RowSetNavigator : 0.86155117
ReaderInputStream : 0.8626595
BinaryData : 0.8453305
TestDataStructures : 0.846989
ValuePool : 0.85716856
RowOutputInterface : 0.7827809
BaseHashMap : 0.8338801
MemoryWatcherThread : MemoryWatcherThread is not exist in project code
TestBench : 0.8338136
JDBCBench : 0.82971466
CountdownInputStream : 0.8559567
JDBCClob : 0.83506346
JDBCBlob : 0.843927
ArrayUtil : 0.8649399
InOutUtil : 0.83225
