ReusableObjectCache : 0.8370154
TestLibSpeed : 0.8459764
Server : 0.0
RangeVariableResolver : 0.8450868
Right : 0.8435453
TableWorks : 0.8464742
QuerySpecification : 0.8510824
RangeIteratorMain : RangeIteratorMain is not exist in project code
Statement : 0.8399162
TriggerDefSQL : 0.845165
Routine : 0.84421146
OrderedIntHashSet : 0.89279115
RoutineSchema : 0.83720684
UserTypeModifier : 0.84687686
Charset : 0.82098466
NumberSequence : 0.8433746
Grantee : 0.83686745
StatementHandler : 0.8459874
Collation : 0.8368321
TriggerDef : 0.83264744
DatabaseManagerSwing : 0.6990638
Schema : 0.8214306
IndexAVL : 0.8496061
ColumnSchema : 0.8405051
JDBCPooledConnection : 0.8306576
ServerProperties : 0.8148632
Session : 0.71945256
Expression : 0.8433669
Scanner : 0.8334966
FunctionSQL : 0.80799645
HsqlDatabaseProperties : 0.78129643
SetFunction : 0.84885806
StatementCompound : 0.8377476
OrderedHashSet : 0.887431
RangeVariable : 0.8523262
View : 0.8435533
SchemaObject : 0.77990514
Types : 0.7779157
QueryExpression : 0.8359373
DatabaseInformationMain : 0.823052
ExpressionColumnAccessor : 0.83070856
