DataFileBlockManager : DataFileBlockManager is not exist in project code
TestLibSpeed : 0.84911114
DataFileDefrag : 0.8586619
TransactionManager2PL : 0.8295583
ArrayUtil : 0.86384296
Tokens : 0.75056237
Types : 0.7901455
NumberType : 0.83692497
TransactionManager : 0.76970714
Expression : 0.83853203
SqlFileScanner : 0.8153442
ValuePoolHashMap : 0.8739063
TransactionManagerMVCC : 0.709126
TransactionManagerMV2PL : 0.7155733
JDBCCallableStatement : 0.7990031
JDBCPreparedStatement : 0.8136144
JDBCResultSet : 0.80819434
TransactionManagerCommon : 0.84761685
ExpressionColumn : 0.83563715
Tokenizer : 0.8468054
TestHashStructures : 0.8646726
SetFunction : 0.8636048
BaseList : 0.8662516
SchemaObject : 0.766211
HsqlList : 0.77630115
StatementTypes : 0.7888683
Index : 0.7699828
Row : 0.8293826
JavaSystem : 0.8508966
TextCache : 0.84399307
ValuePool : 0.8545396
HsqlProperties : 0.8527405
Session : 0.7115955
ServerConnection : 0.83057714
ResultMetaData : 0.8607383
StatementSet : 0.83537006
StatementSimple : 0.8274015
DTIType : 0.82685685
IndexAVL : 0.8494
SortAndSlice : 0.8567474
TableBase : 0.8392791
