RowAVLDiskData : 0.80610293
IndexRowIterator : IndexRowIterator is not exist in project code
RowAction : 0.76556176
RowSetNavigatorDataTable : 0.7845056
RangeIteratorBase : RangeIteratorBase is not exist in project code
TableBase : 0.7739312
Row : 0.81858826
RowStoreAVL : 0.808282
PersistentStoreCollectionDatabase : 0.7798172
Index : 0.85690504
PersistentStoreCollection : 0.8676607
ScriptReaderBase : 0.82967323
SessionData : 0.7683203
Database : 0.7581278
DataFileCache : 0.7713664
TextTable : 0.78289044
DatabaseInformation : 0.6811454
PersistentStoreCollectionSession : 0.7684158
NodeAVL : 0.8027283
NodeAVLDisk : 0.7882128
RowStoreAVLDiskData : 0.79444265
DatabaseInformationFull : 0.70511526
IndexAVL : 0.76844686
ExpressionTable : 0.7707749
TransactionManager : 0.87006426
RowAVL : 0.77584726
Session : 0.7497391
TextCache : 0.7746728
IndexAVLMemory : 0.72154754
DatabaseInformationMain : 0.7633998
RowStoreAVLHybridExtended : 0.7894104
RowAVLDisk : 0.80544317
RowStoreAVLMemory : 0.8042882
TransactionManager2PL : 0.79341006
Logger : 0.75498295
TransactionManagerMV2PL : 0.7386421
SubQuery : SubQuery is not exist in project code
ExpressionColumn : 0.7619857
StatementDML : 0.7318766
RowStoreAVLDisk : 0.7882261
ExpressionLogical : 0.7437691
