StatementSession : 0.8080338
StatementExpression : 0.8274392
StatementSet : 0.84296376
StatementProcedure : 0.84983766
ColumnSchema : 0.84220403
UserTypeModifier : 0.8469789
RangeVariableResolver : 0.85294974
Token : 0.825762
StatementDML : 0.72341913
TriggerDef : 0.8273781
QuerySpecification : 0.85662925
View : 0.83604753
SubQuery : SubQuery is not exist in project code
StatementDMQL : 0.8462458
ExpressionArrayAggregate : 0.8491844
FunctionSQLInvoked : 0.84144527
FunctionSQL : 0.8110631
ExpressionAggregate : 0.8409442
RowSetNavigatorData : 0.8397584
QueryExpression : 0.842789
BasicResolver : 0.8219521
TableDerived : 0.8446184
ExpressionColumnAccessor : 0.8338402
ParserDQL : 0.82914567
RangeVariable : 0.8590747
ExpressionAccessor : 0.8408339
RangeVariableConditions : RangeVariableConditions is not exist in project code
StatementCompound : 0.8369282
SortAndSlice : 0.8473619
ExpressionLogical : 0.84800315
FunctionCustom : 0.7607635
RangeVariableJoined : 0.84639764
IResolver : 0.8001805
CompileContext : CompileContext is not exist in project code
ExpressionColumn : 0.8519726
DatabaseManagerCommon : 0.7863731
ExpressionOrderBy : 0.8538319
ExpressionArithmetic : 0.84528446
Statement : 0.83853537
ExpressionOp : 0.85000706
Defines : 0.8282151
