DatabaseManager : 0.8634868
DatabaseURL : 0.68406844
