Session : 0.69658726
CompileContext : CompileContext is not exist in project code
View : 0.82010245
ParserRoutine : 0.86897224
ParserCommand : 0.87653196
ParserDML : 0.8645285
ParserDDL : 0.86256546
Defines : 0.82543945
Parser : 0.8474449
ParserBase : 0.8454533
SAX2DOMBuilder : SAX2DOMBuilder is not exist in project code
SAX2XMLStreamWriter : SAX2XMLStreamWriter is not exist in project code
Routine : 0.82217604
StatementSchemaDefinition : 0.82563716
SqlTool : 0.80689186
JDBCSQLXML : 0.81880546
StatementSchema : 0.8290044
Expression : 0.82914567
StatementSession : 0.7978093
