Database : 0.84069616
FrameworkLogger : 0.82645833
SqlFile : 0.8121408
JaasAuthBean : 0.8246438
AuthUtils : 0.8009341
AuthBeanMultiplexer : 0.8099306
LdapAuthBean : 0.6744357
SqlTool : 0.8402778
HsqldbSlaveAuthBean : 0.8417157
SqlFileScanner : 0.81232995
JDBCDriver : 0.83718497
JDBCCommonDataSource : 0.8550128
JDBCPool : 0.8275348
Log : 0.84147877
HsqlDatabaseProperties : 0.81568694
Table : 0.8264363
DataFileCache : 0.84400123
RowStoreAVLDiskData : 0.83130145
Session : 0.71502995
ScaledRAFile : ScaledRAFile is not exist in project code
ScaledRAFileSimple : ScaledRAFileSimple is not exist in project code
CheckpointRunner : CheckpointRunner is not exist in project code
ScaledRAFileNIO : ScaledRAFileNIO is not exist in project code
ScriptRunner : 0.84042424
RowStoreAVLMemory : 0.8158417
DataFileDefrag : 0.84728014
TableBase : 0.83462584
ScriptReaderDecode : 0.8409178
StatementCommand : 0.8232675
InputStreamShadow : InputStreamShadow is not exist in project code
PersistentStoreCollectionSession : 0.84349763
StatementSession : 0.79941404
RAShadowFile : 0.84319544
RowStoreAVLDisk : 0.8313279
ScaledRAFileHybrid : ScaledRAFileHybrid is not exist in project code
LobStoreRAFile : 0.8370281
StatementSchema : 0.81574154
ScriptWriterBase : 0.8400126
SessionData : 0.8339404
TransactionManagerCommon : 0.8387715
LobManager : 0.7065119
