SchemaManager : 0.83652174
Log : 0.83164674
RowStoreAVL : 0.8236814
SessionData : 0.83089787
LobStoreRAFile : 0.82424486
ScaledRAFile : ScaledRAFile is not exist in project code
DataFileDefrag : 0.8413525
LobStoreInJar : 0.81333965
TableBase : 0.8449336
DataFileCache : 0.835426
ScriptWriterBase : 0.8360314
ScaledRAFileSimple : ScaledRAFileSimple is not exist in project code
Session : 0.7276073
TableWorks : 0.83740145
HsqlDatabaseProperties : 0.81232905
ParserDQL : 0.80954194
ScriptReaderBase : 0.867287
TextFileSettings : 0.8568797
RowStoreAVLMemory : 0.8117323
TransactionManagerCommon : 0.8367621
LobManager : 0.7114111
ScaledRAFileHybrid : ScaledRAFileHybrid is not exist in project code
Logger : 0.84069616
ScaledRAFileNIO : ScaledRAFileNIO is not exist in project code
RAShadowFile : 0.8318956
DatabaseURL : 0.7065629
Tokens : 0.788854
DatabaseInformation : 0.79550576
ClientConnection : 0.8361539
ScaledRAFileInJar : ScaledRAFileInJar is not exist in project code
JDBCDataSourceFactory : 0.8199233
ErrorCode : 0.7681901
JDBCCommonDataSource : 0.87474537
StatementTypes : 0.7843621
FunctionCustom : 0.79762745
ServerConstants : 0.7868008
DatabaseManager : 0.8350923
Result : 0.83835405
ServerProperties : 0.8365109
DatabaseManagerCommon : 0.77796596
TestGroupByHaving : 0.8155153
