TypeInvariants : 0.8445121
DatabaseInformationMain : 0.8313134
Type : 0.836049
IntervalType : 0.84160644
BinaryType : 0.8544974
JDBCParameterMetaData : 0.8515287
JDBCResultSetMetaData : 0.83230317
Tokens : 0.7435782
BooleanType : 0.84311426
NumberType : 0.8609377
BitType : 0.85482204
DateTimeType : 0.8423479
DatabaseInformationFull : 0.6891512
ExpressionArithmetic : 0.8547215
Types : 0.80771744
ResultMetaData : 0.8532513
ExpressionLogical : 0.841322
FunctionCustom : 0.76231986
Token : 0.81455314
DatabaseInformation : 0.7484194
SAX2DOMBuilder : SAX2DOMBuilder is not exist in project code
Expression : 0.8349947
TestOdbcTypes : TestOdbcTypes is not exist in project code
ClobType : 0.8677309
SortAndSlice : 0.831874
ExpressionOrderBy : 0.84457666
ClosableCharArrayWriter : 0.8269562
StatementTypes : 0.7815574
Scanner : 0.835842
ExpressionAggregate : 0.8279112
Tokenizer : 0.84349257
ExpressionOp : 0.85473657
Like : 0.83641636
JDBCClobFile : 0.8441993
JDBCPreparedStatement : 0.82427734
TarEntrySupplicant : TarEntrySupplicant is not exist in project code
SqlFileScanner : 0.8083768
Table : 0.84381384
TypedComparator : TypedComparator is not exist in project code
SetFunction : 0.836948
StatementResultUpdate : 0.84579194
