Session : 0.71552986
JDBCCommonDataSource : 0.85736376
Tokens : 0.7483734
TestCacheSize : 0.82822156
TestAllTypes : 0.8425652
TestJDBCSavepoints : 0.7128514
ServerConnection : 0.8317845
TestSqlPersistent : 0.85545635
JDBCPool : 0.82640666
ConnectionSetting : 0.8631425
JDBCDataSourceFactory : 0.82776886
TestBase : 0.70879835
DatabaseInformation : 0.7642139
StatementTypes : 0.78104097
FunctionSQL : 0.80629677
TestScripts : 0.86534834
Type : 0.80995214
UserManager : 0.86902106
Database : 0.8323729
OdbcUtil : 0.8207766
TestSubselect : 0.8233215
StatementInsert : 0.84713244
Types : 0.7911823
DatabaseManager : 0.85324097
TestGroupByHaving : 0.83993655
DatabaseManagerSwing : 0.6904886
JDBCPooledConnection : 0.8248979
HsqldbSlaveAuthBean : 0.8654448
GranteeManager : 0.85447454
SqlInvariants : 0.8092175
FunctionCustom : 0.7643978
JDBCXAResource : 0.8085674
TriggerClass : 0.82571375
SessionManager : 0.86281586
SqlFile : 0.81428754
SchemaManager : 0.86195743
DatabaseInformationMain : 0.84791726
JDBCDatabaseMetaData : 0.83636594
SharedFields : SharedFields is not exist in project code
SqlFileScanner : 0.805203
ParserDDL : 0.8521298
