StatementPortal : 0.7906968
TableWorks : 0.74566734
ParserDQL : 0.7223602
PersistentStoreCollectionSession : 0.75950474
OdbcPreparedStatement : 0.76621574
RowActionBase : 0.8046003
IndexRowIterator : IndexRowIterator is not exist in project code
SessionContext : 0.7653475
SessionData : 0.76110154
RowSetNavigatorData : 0.77875596
RangeVariableResolver : 0.74228
RowSetNavigatorDataTable : 0.77189726
TypedComparator : TypedComparator is not exist in project code
RowStoreAVL : 0.79650146
RowSetNavigatorDataChangeMemory : 0.800072
Statement : 0.80887145
StatementSimple : 0.7671196
StatementHandler : 0.7680516
ServerConnection : 0.75106674
TransactionManager : 0.8651535
BlobInputStream : 0.7688803
ClobInputStream : 0.771469
StatementResultUpdate : 0.7655348
Tokens : 0.68979084
StatementCompound : 0.7585288
Table : 0.7770194
RowSetNavigator : 0.8012801
JDBCBlobClient : 0.7788661
JDBCClobClient : 0.77123654
JDBCPreparedStatement : 0.7633237
PersistentStore : 0.8561983
ClientConnection : 0.76644224
TransactionManagerCommon : 0.749177
StatementSession : 0.7622478
StatementSchema : 0.749865
SessionManager : 0.7807039
StatementCommand : 0.7655328
Result : 0.78400886
Session : 0.760301
ParserDDL : 0.72583425
BlobData : 0.8540913
