TableWorks : 0.86671644
TextCache : 0.839831
TriggerDef : 0.8398265
Routine : 0.8450569
Tokens : 0.7415544
SessionContext : 0.84101367
StatementCompound : 0.8367868
Expression : 0.84232706
ColumnBase : 0.829101
RowSetNavigatorClient : 0.8562935
PopupListener : PopupListener is not exist in project code
SchemaManager : 0.8558082
IndexAVL : 0.8485288
View : 0.8489667
RangeVariable : 0.85952127
Row : 0.8331947
QuerySpecification : 0.85744226
RangeGroupSimple : RangeGroupSimple is not exist in project code
RowAction : 0.8517035
ScriptReaderBase : 0.8503609
RowDiskDataChange : 0.85305434
ConstraintCore : 0.83490425
SortAndSlice : 0.8499212
RowSetNavigatorDataTable : 0.8593956
RowStoreAVL : 0.84189016
StatementDMQL : 0.8514951
RowAVLDisk : 0.8506075
DatabaseInformationMain : 0.8509768
DITableInfo : 0.8496615
Index : 0.7826137
RowSetNavigatorData : 0.85088503
TriggerDefSQL : 0.8432263
TableBase : 0.84055394
StatementTypes : 0.80020285
ExpressionTable : 0.85564804
QueryExpression : 0.8358609
DatabaseInformation : 0.7542032
SchemaObject : 0.78396803
GridSwing : 0.848995
DatabaseManagerCommon : 0.80325234
TableSorter : 0.8468032
