IndexRowIterator : IndexRowIterator is not exist in project code
RowSetNavigatorDataTable : 0.7845056
RowAction : 0.76556176
RowAVLDiskData : 0.80610293
TableBase : 0.7739312
Row : 0.81858826
RowStoreAVL : 0.808282
PersistentStoreCollectionDatabase : 0.7798172
Index : 0.85690504
ScriptReaderBase : 0.82967323
PersistentStoreCollection : 0.8676607
Table : 0.7825123
SessionData : 0.7683203
Database : 0.7581278
TextTable : 0.78289044
DatabaseInformation : 0.6811454
PersistentStoreCollectionSession : 0.7684158
NodeAVL : 0.8027283
NodeAVLDisk : 0.7882128
NodeAVLDiskLarge : 0.78868276
DatabaseInformationFull : 0.70511526
RowStoreAVLDiskData : 0.79444265
IndexAVL : 0.76844686
ExpressionTable : 0.7707749
RowAVL : 0.77584726
RowStoreDataChange : 0.78306264
TransactionManager : 0.87006426
Session : 0.7497391
IndexAVLMemory : 0.72154754
TableWorks : 0.75551873
DatabaseInformationMain : 0.7633998
RowStoreAVLHybridExtended : 0.7894104
TextCache : 0.7746728
RowAVLDisk : 0.80544317
RowDiskDataChange : 0.7844017
RowAVLDiskLarge : 0.7709378
DataFileCache : 0.7713664
RowStoreAVLMemory : 0.8042882
TransactionManager2PL : 0.79341006
Logger : 0.75498295
TableDerived : 0.77338743
