TypeInvariants : 0.85826945
DatabaseInformationMain : 0.82053345
Type : 0.84400535
ParserBase : 0.825134
Types : 0.8332466
IntervalType : 0.86104494
Token : 0.8077372
DTIType : 0.8448348
Scanner : 0.8292379
NumberSequence : 0.83661836
Tokens : 0.7678883
HsqlName : HsqlName is not exist in project code
ExpressionColumn : 0.8371979
RowInputTextLog : 0.8403636
SetFunction : 0.8477244
BooleanType : 0.83871055
JDBCParameterMetaData : 0.8440212
TransferHelper : 0.8176925
RowOutputBinary : 0.82963705
FunctionCustom : 0.7874508
JDBCResultSetMetaData : 0.81963193
DatabaseInformationFull : 0.6764004
ParserDDL : 0.82447195
JDBCResultSet : 0.80615777
ScriptReaderBase : 0.8097815
ExpressionArrayAggregate : 0.8269629
RowOutputBase : 0.7781377
ColumnSchema : 0.8184342
TestDataStructures : 0.82623553
HsqlNameManager : 0.8194088
DateTimeType : 0.85695714
ExpressionLogical : 0.84285873
ExpressionArithmetic : 0.86444366
Defines : 0.81772417
Server : 0.0
TarEntryHeader : TarEntryHeader is not exist in project code
TypedComparator : TypedComparator is not exist in project code
StatementResultUpdate : 0.83715314
ServerProperties : 0.8083071
JDBCXID : 0.8285633
TestBench : 0.831545
