RowAVLDiskData : 0.8715513
NodeAVLDiskLarge : 0.8443644
NodeAVLDisk : 0.840452
RowAVLDisk : 0.8594479
RowStoreAVLHybridExtended : 0.87660915
RowAVLDiskLarge : 0.86605793
NodeAVL : 0.83748186
Logger : 0.83130145
RowStoreAVLHybrid : 0.864107
RowStoreAVLDisk : 0.872325
RowStoreDataChange : 0.8730165
RowDiskDataChange : 0.852364
RowAVL : 0.85068476
IndexAVL : 0.84122354
DataFileCacheSession : 0.8532423
IndexAVLMemory : 0.8341641
TableBase : 0.8337611
Table : 0.85177135
RowSetNavigatorDataTable : 0.86339206
RowStoreAVLMemory : 0.85479206
TextTable : 0.8609607
IndexRowIterator : IndexRowIterator is not exist in project code
Index : 0.78276116
DataFileCache : 0.855509
RowOutputBinary : 0.8422449
RowOutputBinaryEncode : 0.84869945
StatementResultUpdate : 0.8566265
ExpressionTable : 0.8506739
ScaledRAFile : ScaledRAFile is not exist in project code
SessionData : 0.85595936
TableDerived : 0.84648305
RowStoreAVL : 0.85414946
DatabaseInformationFull : 0.6955175
SchemaManager : 0.85281265
PersistentStoreCollectionSession : 0.866871
TextCache : 0.85917
ExpressionLogical : 0.8287948
Row : 0.8429174
ScriptReaderBase : 0.85561335
DatabaseInformationMain : 0.8334059
Constraint : 0.84039414
