Tokens : 0.68683827
DataFileCache : 0.7697972
CharacterType : 0.7625393
Line : 0.7588554
FunctionCustom : 0.7102949
Collation : 0.76924247
HsqlDatabaseProperties : 0.72045213
ValuePool : 0.796103
DatabaseInformationFull : 0.7301941
RowStoreAVLDiskData : 0.7916407
Scanner : 0.75644946
Database : 0.7586193
RowStoreDataChange : 0.78044313
ParserDDL : 0.72854286
ClobData : 0.8501353
ClosableByteArrayOutputStream : 0.78835374
DatabaseManagerSwing : 0.74286103
FontDialogSwing : 0.7520997
DatabaseManager : 0.7623859
BlobType : 0.79303735
SessionData : 0.7663267
IndexAVL : 0.76798165
DatabaseManagerCommon : 0.7680982
ClobType : 0.78785753
Logger : 0.7576576
RowStoreAVLDisk : 0.78589386
StringUtil : 0.76631224
RowOutputBinary : 0.7910032
JDBCXAResource : 0.75352263
HsqlName : HsqlName is not exist in project code
Session : 0.76816463
StatementCommand : 0.7680073
DataFileCacheSession : 0.7726997
UserManager : 0.7572458
User : 0.76211476
Types : 0.7238092
HsqlNameManager : 0.7763597
TableWorks : 0.75893265
TestTextTable : 0.7523541
TextCache : 0.7722125
TextTable : 0.7808133
