RangeGroupEmpty : RangeGroupEmpty is not exist in project code
RangeGroupSimple : RangeGroupSimple is not exist in project code
QuerySpecification : 0.76996696
ParserRoutine : 0.7224735
Expression : 0.7780475
ParserDML : 0.741414
ExpressionColumnAccessor : 0.8137584
ExpressionAccessor : 0.73894244
ExpressionAggregate : 0.76204395
ExpressionArithmetic : 0.72486675
ExpressionLike : 0.7341212
ExpressionArrayAggregate : 0.7433618
FunctionSQLInvoked : 0.77207536
ExpressionOp : 0.73585683
Tokens : 0.6887685
ColumnSchema : 0.7824468
ExpressionColumn : 0.76800126
Statement : 0.8106805
Charset : 0.7583038
RowSetNavigatorData : 0.7808843
ParserCommand : 0.71173793
Routine : 0.7832015
RowSetNavigatorDataTable : 0.7696561
Table : 0.77526766
RangeVariable : 0.7817479
TriggerDef : 0.7893275
ExpressionLogical : 0.7414009
ArrayCounter : 0.729395
Server : 0.0
StatementTypes : 0.88181466
HsqlException : 0.77645284
StatementDMQL : 0.7694257
RangeVariableResolver : 0.7495541
Constraint : 0.7831802
SessionContext : 0.77196336
RangeVariableJoined : 0.7965407
RowSetNavigator : 0.8076543
StatementCompound : 0.76518637
FunctionSQL : 0.75657064
Type : 0.7567273
HsqlProperties : 0.76330507
