IndexAVL : 0.83876157
View : 0.83976114
Row : 0.8220509
QuerySpecification : 0.85123706
RowAction : 0.83892494
RowSetNavigatorDataTable : 0.8464096
RowStoreAVL : 0.8383889
StatementDMQL : 0.8471909
Table : 0.840554
Index : 0.77259713
RowAVLDisk : 0.8443408
PersistentStore : 0.7739312
QueryExpression : 0.8447168
DITableInfo : 0.8497916
TableDerived : 0.8375826
SchemaManager : 0.82971877
RangeGroupSimple : RangeGroupSimple is not exist in project code
DatabaseInformationMain : 0.8298637
Logger : 0.83462584
SortAndSlice : 0.86079895
RowAVL : 0.8286798
RowStoreAVLHybridExtended : 0.8433068
RowStoreDataChange : 0.84475297
ColumnBase : 0.8411942
PersistentStoreCollectionSession : 0.8465672
StatementResultUpdate : 0.84601843
RowOutputBase : 0.8196734
RowSetNavigatorClient : 0.8457482
ParserRoutine : 0.8085283
RowStoreAVLHybrid : 0.83138245
ValuesIterator : ValuesIterator is not exist in project code
IntValueHashMap : 0.837029
LongValueHashMap : 0.8340005
SessionData : 0.83190626
DataFileDefrag : 0.8442853
RowDiskDataChange : 0.84783196
ParserDDL : 0.8145805
MultiValueHashMap : 0.83578795
TableWorks : 0.8428022
BaseHashMap : 0.83480775
PersistentStoreCollectionDatabase : 0.84877044
