RAShadowFile : 0.8515204
AclEntry : AclEntry is not exist in project code
Scanner : 0.83354616
StringConverter : 0.8676823
Tokens : 0.72416633
BitType : 0.8315047
Tokenizer : 0.84563005
BinaryData : 0.84613276
DataFileCache : 0.83236426
BlobData : 0.76286733
BlobDataID : 0.83959407
PgType : 0.78305155
Types : 0.77588105
Type : 0.79981434
FunctionSQL : 0.8023209
OdbcPreparedStatement : 0.81309164
StatementPortal : 0.7994596
SchemaObjectSet : 0.8059366
BooleanType : 0.8128103
RowOutputBase : 0.7920871
Calculator : 0.82973665
RowOutputText : 0.824737
Waiter : 0.78468645
RowInputBase : 0.8247001
FrameworkLogger : 0.8052247
DatabaseInformationFull : 0.6523826
RowSetNavigatorData : 0.8401866
SessionData : 0.8323344
JDBCXADataSource : 0.8023929
IndexAVL : 0.82939154
SharedFields : SharedFields is not exist in project code
TableSorter : 0.8217613
ServerProperties : 0.7946793
StatementDMQL : 0.81424946
StatementTypes : 0.7800355
HashMap : 0.85233593
RowDiskDataChange : 0.83530855
DatabaseManager : 0.8211653
Table : 0.82723385
QuerySpecification : 0.82943565
ReusableObjectCache : 0.79247004
