Result : 0.85206425
Error : 0.8713124
ClientConnection : 0.8322525
SessionInterface : 0.7843421
RowInputBase : 0.8286242
HsqlSocketFactory : 0.8351942
Session : 0.7250245
DatabaseURL : 0.7091288
RowStoreAVLDiskData : 0.8377717
Expression : 0.8349021
NumberSequence : 0.8411161
RowStoreDataChange : 0.8398344
RowStoreAVLHybrid : 0.8323254
HsqlArrayHeap : 0.834289
TestTextTables : 0.81841475
JDBCDatabaseMetaData : 0.834918
JDBCClobClient : 0.8406262
ParserBase : 0.83088547
Database : 0.83780277
RowSetNavigatorDataTable : 0.8345614
HsqlSocketFactorySecure : 0.8324347
Util : Util is not exist in project code
JDBCConnection : 0.8153286
JDBCBlobClient : 0.83857834
JDBCPreparedStatement : 0.81924874
TableBase : 0.83662534
InOutUtil : 0.804319
RowInputBinary180 : 0.79404116
OdbcPacketInputStream : 0.825427
PersistentStoreCollectionSession : 0.8420244
Collation : 0.8300782
RowStoreAVLDisk : 0.83215386
TestSubselect : 0.81034607
TestMultipleConnections : TestMultipleConnections is not exist in project code
Types : 0.79804
TextCache : 0.83512163
ParserDDL : 0.8183543
TestInstantiation : 0.8388971
HsqlServerFactory : 0.8457637
PgType : 0.80628407
MD5 : MD5 is not exist in project code
