TypedComparator : TypedComparator is not exist in project code
SetFunction : 0.8138876
StatementResultUpdate : 0.8200571
Tokens : 0.7471167
Routine : 0.822368
Statement : 0.8157898
RowOutputBase : 0.822976
ResultMetaData : 0.83359295
Token : 0.78955704
HsqlName : HsqlName is not exist in project code
Line : 0.73129505
SchemaObjectSet : 0.8125555
RowActionBase : 0.8174368
TypeInvariants : 0.8355388
TableBase : 0.8068566
JDBCArray : 0.8147516
Like : 0.8141058
ArrayType : 0.8416464
ExpressionArrayAggregate : 0.80731905
NumberSequence : 0.8200056
RowType : 0.841139
IndexAVL : 0.8082488
JDBCArrayBasic : 0.80915385
ColumnBase : 0.8132842
UserTypeModifier : 0.8296699
StatementSet : 0.8076735
PgType : 0.801192
Expression : 0.81687456
ColumnSchema : 0.8219119
JDBCResultSetMetaData : 0.80910647
JDBCParameterMetaData : 0.8293702
NullType : 0.83534175
TransferHelper : 0.8154325
BitType : 0.8317572
Result : 0.817811
JDBCPreparedStatement : 0.80489403
RowOutputBinary : 0.8183195
RowOutputText : 0.81410974
DatabaseURL : 0.7088077
DatabaseInformationMain : 0.81305295
RowOutputTextLog : 0.8130221
