RangeVariableResolver : 0.8868913
TableDerived : 0.8561372
RowSetNavigatorDataTable : 0.86697453
JDBCPreparedStatement : 0.8229203
JDBCStatement : 0.8237588
Tokens : 0.7685499
OdbcPreparedStatement : 0.84228134
JDBCResultSetMetaData : 0.83137065
QueryExpression : 0.86505294
Table : 0.85744226
RowSetNavigatorData : 0.85660195
JDBCStatementBase : 0.8200444
Result : 0.84552085
Servlet : 0.83032453
StatementPortal : 0.84107745
DatabaseManagerSwing : 0.69879097
JDBCCallableStatement : 0.80939436
SqlFile : 0.8161703
Expression : 0.85662925
SortAndSlice : 0.86991096
SchemaObject : 0.7652359
DatabaseInformation : 0.77660793
JDBCConnection : 0.8192892
StatementDMQL : 0.8681818
ClientThread : ClientThread is not exist in project code
TestStoredProcedure : 0.83416015
Constraint : 0.8456236
OdbcUtil : 0.80841106
ClientThreadProcedure : ClientThreadProcedure is not exist in project code
StatementCompound : 0.85241634
TestPreparedSubQueries : 0.8307504
ParsedSection : ParsedSection is not exist in project code
View : 0.8474602
TestOdbcService : TestOdbcService is not exist in project code
JDBCDatabaseMetaData : 0.83282185
ParserDML : 0.87382203
RoutineSchema : 0.83311486
TestJavaFunctions : 0.81476843
Routine : 0.8520318
JDBCBench : 0.84679216
TestDatetimeSimple : 0.81028986
