StatementExpression : 0.8274392
StatementSession : 0.8080338
StatementSet : 0.84296376
StatementProcedure : 0.84983766
UserTypeModifier : 0.8469789
ColumnSchema : 0.84220403
Token : 0.825762
StatementDML : 0.72341913
Constraint : 0.8393842
RangeVariableResolver : 0.85294974
TriggerDef : 0.8273781
TableDerived : 0.8446184
QuerySpecification : 0.85662925
StatementDMQL : 0.8462458
FunctionSQLInvoked : 0.84144527
Table : 0.84232706
ExpressionArrayAggregate : 0.8491844
QueryExpression : 0.842789
RowSetNavigatorData : 0.8397584
ExpressionColumnAccessor : 0.8338402
BasicResolver : 0.8219521
ExpressionAccessor : 0.8408339
StatementCompound : 0.8369282
SortAndSlice : 0.8473619
ExpressionLogical : 0.84800315
FunctionCustom : 0.7607635
IResolver : 0.8001805
ExpressionAggregate : 0.8409442
DatabaseManagerCommon : 0.7863731
ExpressionColumn : 0.8519726
ExpressionTable : 0.8527172
ExpressionOrderBy : 0.8538319
RangeVariable : 0.8590747
ExpressionArithmetic : 0.84528446
ExpressionOp : 0.85000706
View : 0.83604753
Statement : 0.83853537
Defines : 0.8282151
ExpressionLike : 0.83721375
Testdb : 0.79986495
ExpressionValue : 0.8348424
