JDBCResultSet : 0.83009624
JDBCConnection : 0.83238524
