TestDbBackup : 0.8186282
Tokens : 0.73950094
FindFile : 0.822018
FileUtil : 0.8334701
CommonSwing : 0.8149456
Server : 0.0
SqlInvariants : 0.7530786
ServerProperties : 0.8133227
Collation : 0.82138205
TestBug1191815 : TestBug1191815 is not exist in project code
TestBug785429 : TestBug785429 is not exist in project code
CharacterType : 0.84387505
Transfer : 0.81846833
TestBench : 0.8402846
ConnectionDialogCommon : 0.72567344
JDBCClobFile : 0.8426173
ServerAcl : 0.8345934
TestTextTable : 0.820176
HsqlDatabaseProperties : 0.78747636
Grantee : 0.81880933
TriggerDef : 0.8152085
SqlTool : 0.83245593
TestNitin : TestNitin is not exist in project code
TestStoredProcedure : 0.81794083
ScriptWriterBase : 0.83530366
DatabaseManager : 0.84852797
TestDatabaseMetaData : 0.82116264
JDBCBlobFile : 0.84352154
DatabaseInformation : 0.7488353
TableBase : 0.81611055
ServerConstants : 0.78563714
SimpleLog : 0.84427273
CodeSwitcher : 0.69282776
FrameworkLogger : 0.84084404
SqlToolSprayer : 0.8207846
RowAVL : 0.8375605
RowOutputBinary : 0.83845395
TestCacheSize : 0.82734823
JDBCBench : 0.8390758
Routine : 0.83054054
JDBCTypes : 0.8159005
