TriggerDef : 0.8385865
FunctionSQLInvoked : 0.84174895
StatementDMQL : 0.8559353
StatementProcedure : 0.8518957
Tokens : 0.762476
RoutineSchema : 0.84785783
DatabaseInformation : 0.7700379
Statement : 0.8530906
SchemaObject : 0.7849277
StatementTypes : 0.80606854
UserManager : 0.83266914
ParserDDL : 0.8299255
StatementCompound : 0.84306586
Schema : 0.8342922
GrantConstants : 0.79627615
ParserRoutine : 0.83355665
DatabaseInformationFull : 0.699449
SchemaObjectSet : 0.824692
TriggerDefSQL : 0.8484341
SessionContext : 0.85375726
GranteeManager : 0.8203705
SchemaManager : 0.8402959
DatabaseInformationMain : 0.831873
ParserDML : 0.83940834
RowInputBinary : 0.8266017
StatementSchema : 0.834926
Grantee : 0.82691896
HsqlNameManager : 0.8452559
Expression : 0.8431694
RowInputBase : 0.8300274
JDBCConnection : 0.8178227
ScriptReaderText : 0.8388911
ParserBase : 0.8312645
ExpressionColumn : 0.84499896
OpTypes : 0.80515593
ExpressionTable : 0.84606624
JDBCDatabaseMetaData : 0.8386861
StatementCommand : 0.845576
StatementSchemaDefinition : 0.8344203
