StatementResultUpdate : 0.86266345
JDBCResultSet : 0.8259001
Tokens : 0.7523506
SessionInterface : 0.78400886
JDBCStatementBase : 0.8335568
OdbcPreparedStatement : 0.84697896
ClientConnection : 0.84094715
RecoverableOdbcFailure : 0.87647057
SessionData : 0.8524088
Session : 0.740306
StatementPortal : 0.84839714
StatementDMQL : 0.8496938
JDBCPreparedStatement : 0.8267537
StatementSimple : 0.8456942
StatementSchemaDefinition : 0.84069717
TestBench : 0.8388863
ResultMetaData : 0.8621772
StatementTypes : 0.80692357
TableBase : 0.83850795
Statement : 0.8535243
StatementCommand : 0.85146606
StatementSession : 0.8239178
FunctionSQLInvoked : 0.83524513
ResultLob : 0.8543857
QueryExpression : 0.83792853
StatementProcedure : 0.85305333
JDBCResultSetMetaData : 0.8311315
JDBCSQLXML : 0.8379454
JDBCClobClient : 0.8469249
JDBCBlobClient : 0.84732133
TestQuotes : 0.8228828
DatabaseManager : 0.8459442
DBMPrefs : DBMPrefs is not exist in project code
ParsedSection : ParsedSection is not exist in project code
Error : 0.8409778
ResultConstants : 0.80833566
StatementHandler : 0.8469145
ClientConnectionHTTP : 0.7531489
StatementSchema : 0.83236355
StatementCompound : 0.83765805
BlobDataID : 0.8533269
