SortAndSlice : 0.7896456
IndexUse : IndexUse is not exist in project code
Tokens : 0.68085355
ConstraintCore : 0.72890127
PersistentStore : 0.85690504
QueryExpression : 0.75965637
TableBase : 0.77259713
RowSetNavigatorDataTable : 0.78268355
IndexRowIterator : IndexRowIterator is not exist in project code
RowSetNavigatorData : 0.7872902
QuerySpecification : 0.7722106
Row : 0.81725985
RowStoreAVL : 0.8022746
Table : 0.7826137
DatabaseManagerCommon : 0.75782204
StatementTypes : 0.86558104
HsqlList : 0.85413617
Constraint : 0.7825926
BaseList : 0.7833754
SchemaObject : 0.8594186
BaseHashMap : 0.7303682
RowSetNavigatorClient : 0.77682906
Tokenizer : 0.77197444
StatementDML : 0.74676925
LongDeque : 0.77528244
Session : 0.7568548
ResultMetaData : 0.7708
StatementSet : 0.74973375
ServerConnection : 0.7384134
TestCacheSize : 0.7595612
DTIType : 0.7523172
JDBCBlobClient : 0.7773401
JDBCClobClient : 0.76826954
HsqlDeque : 0.77529246
HsqlProperties : 0.76448077
TestAllTypes : 0.74623215
IndexAVL : 0.76875
TextTable : 0.7764896
StatementSimple : 0.7642158
OrderedLongHashSet : 0.7865606
OrderedLongKeyHashMap : 0.7971225
