DoubleIntIndex : 0.86384296
RowStoreAVLDiskData : 0.8281102
RowStoreAVLDisk : 0.82924247
RowStoreAVLMemory : 0.81131434
Table : 0.83501256
TestTriggers : 0.80201167
Tokenizer : 0.84124714
StatementDMQL : 0.8193958
RowSetNavigatorData : 0.8390694
MainInvoker : 0.8219091
Logger : 0.810858
RoutineSchema : 0.8163905
UserTypeModifier : 0.8205192
Result : 0.8267883
BinaryData : 0.83883566
RowStoreAVLHybrid : 0.828861
JDBCPreparedStatement : 0.8075754
HsqlArrayList : 0.8540826
RowSetNavigatorDataTable : 0.84437853
JDBCArray : 0.8156207
JDBCArrayBasic : 0.81068516
ResultMetaData : 0.8436382
WebServerConnection : 0.8292281
IntervalType : 0.82238007
HsqlProperties : 0.8366539
TestDataStructures : 0.83272743
Tokens : 0.73365027
SessionContext : 0.82681715
LobManager : 0.72837466
ExpressionArrayAggregate : 0.8256612
JDBCBlobClient : 0.82156163
Constraint : 0.81730556
TableBase : 0.8147065
CharacterType : 0.8379479
JDBCConnection : 0.7927486
JDBCBlobFile : 0.8270454
FileUtil : 0.8186979
JDBCClobFile : 0.82979614
JDBCSQLXML : 0.8139523
HashSet : 0.8629692
StringConverter : 0.8698399
