RowStoreAVLHybrid : 0.84817564
Log : 0.8570795
RowStoreAVLDisk : 0.8569534
Cache : 0.86848176
PersistentStore : 0.77136636
RowStoreAVLMemory : 0.83682144
RowStoreAVL : 0.84229445
DataFileDefrag : 0.8662266
PersistentStoreCollectionSession : 0.8596488
ErrorCode : 0.77678347
Logger : 0.84400123
ScriptWriterText : 0.8380552
DataFileCacheSession : 0.8587117
TextCache : 0.8544196
StatementTypes : 0.7819578
Database : 0.8354259
HsqlDatabaseProperties : 0.8003028
ScriptWriterBase : 0.8491038
TextTable : 0.85107803
DatabaseInformationFull : 0.6725026
Table : 0.8375496
RowStoreAVLDiskData : 0.8555088
ScaledRAFile : ScaledRAFile is not exist in project code
TextFileSettings : 0.85898757
ScaledRAFileInJar : ScaledRAFileInJar is not exist in project code
LobStoreInJar : 0.8448822
TestStressInsert : TestStressInsert is not exist in project code
RowAVLDiskData : 0.86117554
Tokens : 0.7604921
TextFileReader : 0.85204685
JDBCConnection : 0.82149523
CSVWriter : 0.8494729
LobStoreRAFile : 0.8688024
JavaObjectData : 0.8378079
TestBatchExecution : TestBatchExecution is not exist in project code
TestBatchBug : TestBatchBug is not exist in project code
TestCacheSize : 0.83988905
LockFile : 0.8500406
RowSetNavigatorDataTable : 0.8548145
RowAVLDisk : 0.8490511
TestCascade : 0.81166536
