JDBCClobClient : 0.85330397
JDBCBlobClient : 0.8454397
RowType : 0.82758874
JDBCStatementBase : 0.82955974
JDBCPreparedStatement : 0.86358637
JDBCConnection : 0.84270203
JDBCResultSetBasic : JDBCResultSetBasic is not exist in project code
JDBCResultSetMetaData : 0.8587951
JDBCDatabaseMetaData : 0.85221475
JDBCStatement : 0.8613497
JDBCArrayBasic : 0.83362824
ErrorCode : 0.7693619
JDBCArray : 0.8426489
SessionInterface : 0.75897264
TestJavaFunctions : 0.8344657
JDBCCallableStatement : 0.8665509
JDBCSQLXML : 0.8300963
TestSubselect : 0.81677604
Result : 0.8259001
TestStoredProcedure : 0.83981323
Routine : 0.81570274
StatementSimple : 0.8137692
StatementSchemaDefinition : 0.8188663
StatementTypes : 0.77797574
ClientConnection : 0.81689394
Session : 0.7244617
ResultConstants : 0.7778277
HsqldbSlaveAuthBean : 0.82264805
RCData : 0.834095
DatabaseManagerSwing : 0.6879024
StatementCommand : 0.8261253
StatementSession : 0.7991924
JDBCPool : 0.81704485
SqlFile : 0.7849917
Database : 0.8091169
TestUpdatableResultSets : 0.84471923
StatementSchema : 0.8170558
JDBCCommonDataSource : 0.8271513
ResultProperties : 0.78659225
ResultLob : 0.8197791
JDBCBlob : 0.8636926
