Logger : 0.84147877
Tokens : 0.73670745
Statement : 0.8270516
DatabaseManagerSwing : 0.69377977
FrameworkLogger : 0.8460473
SimpleLog : 0.8543656
TableBase : 0.8205613
HsqlDatabaseProperties : 0.8007365
JDBCCommonDataSource : 0.8505354
Session : 0.71786463
OdbcUtil : 0.82340765
RowOutputTextLog : 0.8303788
StatementTypes : 0.77421385
DataFileCache : 0.8570795
Preprocessor : 0.83289456
DatabaseFilenameFilter : DatabaseFilenameFilter is not exist in project code
Option : 0.81182355
ScriptReaderBase : 0.83928496
TestAllTypes : 0.8478452
Cache : 0.8532832
BasicTextJdkLogFormatter : 0.85302824
RowInputTextLog : 0.8311882
ScriptWriterText : 0.8382667
ScriptReaderText : 0.85354984
ScriptWriterBase : 0.85011345
Server : 0.0
JDBCPool : 0.8342698
SessionManager : 0.858392
ScriptRunner : 0.8659487
JaasAuthBean : 0.82757336
SqlFile : 0.81558514
AuthUtils : 0.8326634
AuthBeanMultiplexer : 0.83446646
SqlTool : 0.82745856
LdapAuthBean : 0.6752501
SqlFileScanner : 0.805485
HsqldbSlaveAuthBean : 0.84738976
JavaSystem : 0.8442262
ScaledRAFileSimple : ScaledRAFileSimple is not exist in project code
CheckpointRunner : CheckpointRunner is not exist in project code
DataFileCacheSession : 0.8568303
