Tokens : 0.70486116
RowSetNavigatorDataTable : 0.8245231
RAShadowFile : 0.8128546
IndexAVL : 0.81310517
SimpleName : SimpleName is not exist in project code
IndexRowIterator : IndexRowIterator is not exist in project code
RowAction : 0.8137613
RowAVLDiskData : 0.84839046
TableBase : 0.8101309
LobStoreRAFile : 0.8118027
Session : 0.74769247
QuerySpecification : 0.80671704
Expression : 0.8110617
OdbcUtil : 0.77857304
ResultMetaData : 0.81580627
StatementDML : 0.73662585
RowSetNavigatorData : 0.82831687
IndexAVLMemory : 0.77236867
Row : 0.8545604
Constraint : 0.8229306
ExpressionLogical : 0.7913043
Table : 0.8265608
DatabaseInformation : 0.71201444
TextTable : 0.8230547
TestOdbcService : TestOdbcService is not exist in project code
HsqlDateTime : 0.77698606
ParserBase : 0.80287695
SessionData : 0.81255203
LobManager : 0.74114287
Index : 0.8294285
ScriptReaderBase : 0.8675508
PersistentStoreCollection : 0.8238443
RowOutputBinary : 0.8280461
PersistentStore : 0.8318595
ScaledRAFileHybrid : ScaledRAFileHybrid is not exist in project code
ScaledRAFile : ScaledRAFile is not exist in project code
DataFileCache : 0.8117743
RowStoreAVL : 0.8430098
LdapAuthBean : 0.7031485
HsqlNameManager : 0.811741
RangeVariable : 0.81314594
