ClientThreadProcedure : ClientThreadProcedure is not exist in project code
JDBCConnection : 0.8457744
JDBCPreparedStatement : 0.8748052
JDBCDatabaseMetaData : 0.8588315
JDBCResultSet : 0.8665509
ResultConstants : 0.78571516
JDBCStatementBase : 0.82117856
JDBCStatement : 0.86305803
Result : 0.82084906
JDBCBlobFile : 0.84363073
JDBCBlob : 0.86522514
JDBCClob : 0.86659306
TestTypeConversion : 0.83846086
TestLobs : 0.83632916
TestCollation : 0.8161407
TestUpdatableResultSets : 0.83721995
Routine : 0.81668663
StatementCompound : 0.7977194
TestSchemaParse : 0.81836635
StatementHandler : 0.8015326
TestSubselect : 0.81937224
TestStoredProcedure : 0.8331464
Tokens : 0.70034635
TestAllTypes : 0.80679816
SqlFile : 0.7831818
RCData : 0.8361629
TestGroupByHaving : 0.82220274
TestHTTPKeepAlive : 0.8063496
TestBug785429 : TestBug785429 is not exist in project code
View : 0.81087416
TestJDBCSavepoints : 0.7282857
ScriptReaderBase : 0.8177813
TestSqlPersistent : 0.8320747
TestMerge : 0.81312084
TestBatchExecution : TestBatchExecution is not exist in project code
TestSql : 0.81776184
TestMultiInsert : 0.8257154
JDBCParameterMetaData : 0.8681331
TestCacheSize : 0.79837847
StatementSchemaDefinition : 0.81507486
Session : 0.73214215
