StatementExpression : 0.8274392
StatementSession : 0.8080338
StatementSet : 0.84296376
StatementProcedure : 0.84983766
RangeVariableResolver : 0.85294974
ColumnSchema : 0.84220403
UserTypeModifier : 0.8469789
TriggerDef : 0.8273781
Constraint : 0.8393842
Token : 0.825762
StatementDML : 0.72341913
QuerySpecification : 0.85662925
TableDerived : 0.8446184
StatementDMQL : 0.8462458
ExpressionArrayAggregate : 0.8491844
FunctionSQL : 0.8110631
Table : 0.84232706
FunctionSQLInvoked : 0.84144527
QueryExpression : 0.842789
RowSetNavigatorData : 0.8397584
BasicResolver : 0.8219521
RangeVariableConditions : RangeVariableConditions is not exist in project code
RangeVariable : 0.8590747
ParserDQL : 0.82914567
ExpressionAccessor : 0.8408339
StatementCompound : 0.8369282
SortAndSlice : 0.8473619
ExpressionLogical : 0.84800315
FunctionCustom : 0.7607635
RangeVariableJoined : 0.84639764
ExpressionAggregate : 0.8409442
IResolver : 0.8001805
CompileContext : CompileContext is not exist in project code
ExpressionColumnAccessor : 0.8338402
ExpressionColumn : 0.8519726
DatabaseManagerCommon : 0.7863731
ExpressionTable : 0.8527172
ExpressionOrderBy : 0.8538319
Statement : 0.83853537
ExpressionOp : 0.85000706
ExpressionArithmetic : 0.84528446
