Database : 0.8365218
Session : 0.7192126
User : 0.86195743
GranteeManager : 0.8515306
Grantee : 0.8456162
StatementSchema : 0.8709773
TableWorks : 0.87910235
ParserDQL : 0.84261435
ParserDDL : 0.8676206
Routine : 0.8402959
SessionManager : 0.8678651
DatabaseInformationMain : 0.86094743
HsqlNameManager : 0.8669345
JaasAuthBean : 0.82914084
StatementSchemaDefinition : 0.84923047
UserManager : 0.85628337
HsqlDatabaseProperties : 0.82018805
Tokens : 0.7531382
Log : 0.84985554
StatementManager : 0.87477106
SimpleStore : 0.7964927
StatementCommand : 0.85763866
DatabaseInformationFull : 0.7089647
Collation : 0.84008527
TableUtil : 0.87379944
Table : 0.8558081
ScriptWriterBase : 0.8404117
HsqlName : HsqlName is not exist in project code
ColumnBase : 0.8108764
SqlInvariants : 0.82583493
ExpressionColumn : 0.84750706
RowStoreAVL : 0.8302721
ParserCommand : 0.857756
TransactionManager2PL : 0.8331666
TransactionManagerMV2PL : 0.7130522
TransactionManagerMVCC : 0.711126
HsqldbSlaveAuthBean : 0.8486333
ParserRoutine : 0.8509461
LobManager : 0.70015204
TestStoredProcedure : 0.8535875
PersistentStore : 0.7463545
