SetFunction : 0.81331724
TriggerDef : 0.82092106
Tokens : 0.76666766
StatementTypes : 0.76289207
StatementSet : 0.83285195
SchemaObject : 0.7470459
Preprocessor : 0.8206595
DatabaseInformation : 0.7620949
View : 0.82098794
Table : 0.83190584
GrantConstants : 0.7581264
SessionContext : 0.8224479
Right : 0.82061255
Routine : 0.8184801
Testdb : 0.8418292
Trigger : 0.77187544
ParserBase : 0.80965185
TestHashStructures : 0.8474673
TableDerived : 0.8266017
TestScript : 0.847521
Schema : 0.82201105
TestTriggers : 0.8473235
TestSchemaParse : 0.8442196
DatabaseInformationFull : 0.686058
ConnectionTypesSample : 0.0
Constraint : 0.8160693
StatementDML : 0.6993292
DatabaseManagerSwing : 0.7008653
FindFile : 0.8633104
Type : 0.80137664
ParserDQL : 0.8129071
SqlFile : 0.8245421
TriggerData : TriggerData is not exist in project code
ParserDDL : 0.83215594
StatementInsert : 0.836644
SchemaManager : 0.843161
TriggerDefSQL : 0.81486714
Grantee : 0.8105419
SchemaObjectSet : 0.8277056
ParserRoutine : 0.8228047
LdapAuthBean : 0.68033564
