TestTextTables : 0.84247434
TableBase : 0.8057166
ErrorCode : 0.75831854
DatabaseManagerSwing : 0.7073002
DatabaseManager : 0.8377116
TriggerSample : 0.8373896
TestBatchExecution : TestBatchExecution is not exist in project code
TextTableDescriptor : TextTableDescriptor is not exist in project code
Table : 0.82903695
Logger : 0.8134182
TestQuotes : 0.82713133
TestBatchBug : TestBatchBug is not exist in project code
DITableInfo : 0.82818055
TestScriptRunner : 0.8208504
Database : 0.81192166
Tokens : 0.7442145
TestCacheSize : 0.8257319
DatabaseManagerCommon : 0.80682325
RowStoreAVLDiskData : 0.8263089
DatabaseInformation : 0.7540497
TextTable : 0.836862
TransferSQLText : 0.84073424
TestDateTime : 0.8482471
TestSchemaParse : 0.83090043
Line : 0.71538675
RowInputText : 0.8196343
Transfer : 0.81199205
DatabaseInformationFull : 0.6952866
TestCollation : 0.8468247
DatabaseInformationMain : 0.8259429
StatementExecRunnable : StatementExecRunnable is not exist in project code
TextCache : 0.8255732
JavaObjectData : 0.8175592
TestKarl : 0.8505257
ParserDDL : 0.82743937
SqlFile : 0.81096226
PgType : 0.7826789
Charset : 0.81541365
TestHarness : 0.84658355
ExpressionLogical : 0.8077778
TableWorks : 0.83518076
