RowAction : 0.86824524
TransactionManagerCommon : 0.8372717
TransactionManagerMVCC : 0.74953437
TransactionManagerMV2PL : 0.7524703
TransactionManager2PL : 0.8445067
StatementResultUpdate : 0.8555473
Row : 0.8452672
PersistentStore : 0.8098933
SimpleStore : 0.83339036
RowStoreAVLHybrid : 0.8376066
RowStoreAVLHybridExtended : 0.84188414
RowStoreAVL : 0.8500571
RowStoreAVLMemory : 0.83491886
RowInputBase : 0.8425101
RowStoreAVLDisk : 0.8356249
RowStoreAVLDiskData : 0.8373259
Session : 0.72379947
TransactionManager : 0.82434857
DatabaseInformationMain : 0.8255713
StatementCompound : 0.84019804
Tokens : 0.7937229
RowOutputBase : 0.7671889
DatabaseInformationFull : 0.68202907
ResultConstants : 0.82997096
RowAVLDisk : 0.8531425
TriggerDef : 0.8543387
TestHarness : 0.7991709
RowAVL : 0.8324596
StatementDML : 0.72283673
PersistentStoreCollectionSession : 0.8406105
ScriptRunner : 0.8376109
Logger : 0.8415797
ReferentialAction : ReferentialAction is not exist in project code
Table : 0.84023464
RowAVLDiskData : 0.85890085
DatabaseManagerSwing : 0.68358034
PersistentStoreCollectionDatabase : 0.83946896
Index : 0.80584145
RowSetNavigatorClient : 0.8468045
IndexAVL : 0.8432208
ConstraintCore : 0.86638147
