DoubleIntIndex : 0.86384296
Table : 0.83501256
RangeVariable : 0.8375258
RowStoreAVLDisk : 0.82924247
Tokenizer : 0.84124714
RowStoreAVLMemory : 0.81131434
RowStoreAVLDiskData : 0.8281102
TestTriggers : 0.80201167
StatementDMQL : 0.8193958
RowSetNavigatorData : 0.8390694
MainInvoker : 0.8219091
Logger : 0.810858
UserTypeModifier : 0.8205192
RowStoreAVLHybrid : 0.828861
Result : 0.8267883
RoutineSchema : 0.8163905
BinaryData : 0.83883566
JDBCPreparedStatement : 0.8075754
HsqlArrayList : 0.8540826
RowSetNavigatorDataTable : 0.84437853
ResultMetaData : 0.8436382
JDBCArrayBasic : 0.81068516
JDBCArray : 0.8156207
WebServerConnection : 0.8292281
IntervalType : 0.82238007
QueryExpression : 0.81192863
RAFile : 0.8418934
HsqlProperties : 0.8366539
TestDataStructures : 0.83272743
Tokens : 0.73365027
QuerySpecification : 0.835247
SessionContext : 0.82681715
ResultSetParsedSection : ResultSetParsedSection is not exist in project code
ExpressionArrayAggregate : 0.8256612
JDBCBlobClient : 0.82156163
Constraint : 0.81730556
RangeVariableResolver : 0.83626294
TableBase : 0.8147065
CharacterType : 0.8379479
FileUtil : 0.8186979
JDBCConnection : 0.7927486
