DatabaseManagerCommon : 0.79606044
LobManager : 0.7073142
Database : 0.8350923
StatementManager : 0.8661415
Grantee : 0.8343601
CommonSwing : 0.82047284
DatabaseManagerSwing : 0.69585633
ErrorCode : 0.76720965
GranteeManager : 0.8397988
TransactionManager2PL : 0.834637
TransactionManagerCommon : 0.8626394
UserManager : 0.85636866
Session : 0.72043055
RowStoreAVLDisk : 0.85213566
TransactionManagerMVCC : 0.7076639
TestGroupByHaving : 0.8405176
TestSubselect : 0.8294802
RowStoreAVLMemory : 0.8301086
User : 0.85324097
RowStoreAVLDiskData : 0.8538765
TableWorks : 0.8554763
SchemaManager : 0.8663448
LockFile : 0.8524328
Logger : 0.8347796
DataSpaceManagerBlocks : 0.84569484
DataSpaceManagerSimple : 0.84118325
StatementSchema : 0.8428636
TransactionManagerMV2PL : 0.71178937
SessionManager : 0.87220746
ParserCommand : 0.8373172
CheckpointRunner : CheckpointRunner is not exist in project code
TimeoutRunner : TimeoutRunner is not exist in project code
ScriptWriterBase : 0.8423057
Log : 0.856815
Server : 0.0
ScriptRunner : 0.86285967
ClobType : 0.8444498
BlobType : 0.8381172
IndexAVL : 0.8327383
SimpleStore : 0.8070263
DatabaseInformationMain : 0.83978724
