StatementDMQL : 0.85362476
QuerySpecification : 0.8618629
ColumnSchema : 0.84624267
RangeVariableJoined : 0.8509759
RangeVariable : 0.8671141
Statement : 0.8352436
ExpressionColumnAccessor : 0.8389202
DatabaseManagerCommon : 0.7956707
QueryExpression : 0.8404325
RowSetNavigatorData : 0.8380037
ExpressionLogical : 0.855734
View : 0.8394111
TableDerived : 0.8498207
ParserDQL : 0.844837
StatementExpression : 0.835792
StatementSession : 0.81359905
StatementSet : 0.85491604
StatementProcedure : 0.8618915
Constraint : 0.8456074
Expression : 0.8519725
CompileContext : CompileContext is not exist in project code
ExpressionOrderBy : 0.85336024
TableWorks : 0.8550715
ParserDML : 0.85838825
UserTypeModifier : 0.8511256
RangeVariableResolver : 0.8549369
Table : 0.8508975
RangeVariableConditions : RangeVariableConditions is not exist in project code
StatementCompound : 0.8413556
StatementInsert : 0.86014736
Token : 0.83139044
TriggerDef : 0.82799083
StatementDML : 0.7197496
RowSetNavigatorDataTable : 0.8459001
SortAndSlice : 0.84213173
ExpressionArrayAggregate : 0.85294145
FunctionSQLInvoked : 0.8439406
FunctionSQL : 0.8159565
ParserCommand : 0.84576786
ParserRoutine : 0.84410137
ParserDDL : 0.8465522
