ParserBase : 0.8290167
Parser : 0.8205178
Scanner : 0.8382393
Tokenizer : 0.83877033
StatementSchema : 0.79683894
SqlFile : 0.80818516
ErrorCode : 0.7633571
TokenList : 0.82334894
ParserDDL : 0.8189503
SharedFields : SharedFields is not exist in project code
Tokens : 0.7963212
FunctionSQL : 0.8267249
ParserDQL : 0.82536495
Right : 0.8199419
ScriptWriterBase : 0.8178538
Defines : 0.8111771
ExpressionColumn : 0.83139044
TokenSource : 0.72550154
Atom : Atom is not exist in project code
ParserCommand : 0.82081336
DTIType : 0.8025937
FunctionCustom : 0.7967285
BooleanType : 0.79089266
NullType : 0.7938971
OtherType : 0.79568017
DateTimeType : 0.7877698
DatabaseInformation : 0.78288436
Constraint : 0.8127896
ExpressionTable : 0.8156326
TriggerDef : 0.8018918
ParserRoutine : 0.82658863
Routine : 0.83016115
RowInputTextLog : 0.81396204
HsqlDateTime : 0.77962464
TransferSQLText : 0.82097775
BinaryType : 0.79291624
ClobType : 0.810214
BlobType : 0.81042564
NumberType : 0.80773705
ParserDML : 0.8411947
Session : 0.7112261
