SqlFileEmbedder : 0.82467073
JDBCBlobFile : 0.81132317
JDBCClobFile : 0.81944424
FileRecordReader : 0.81780934
Logger : 0.8121408
LobManager : 0.70735663
TestTextTables : 0.81771886
DatabaseManagerCommon : 0.79641235
Tokens : 0.7630654
DatabaseURL : 0.7041168
TransferSQLText : 0.83319294
SqlFileScanner : 0.80030227
TestUtil : 0.7154491
RAStorageWrapper : 0.797391
DatabaseFilenameFilter : DatabaseFilenameFilter is not exist in project code
DbBackup : 0.82249373
TarFileOutputStream : 0.7974831
ServerAcl : 0.81451696
DBMPrefs : DBMPrefs is not exist in project code
JDBCDatabaseMetaData : 0.807663
FindFile : 0.82791984
SqlTool : 0.83353883
SimpleLog : 0.82330036
IResolver : 0.7829662
RAFileNIO : 0.80872935
LobStoreRAFile : 0.817002
RAFile : 0.81741756
HsqlDatabaseProperties : 0.8104154
RAFileSimple : 0.80461305
TarEntrySupplicant : TarEntrySupplicant is not exist in project code
ErrorCode : 0.7649903
ScriptWriterBase : 0.8187297
Testdb : 0.80050075
TestDbBackup : 0.80870044
DatabaseInformationFull : 0.6760958
FileUtil : 0.8090767
Preprocessor : 0.81407124
Log : 0.81558514
TestScriptRunner : 0.8182536
SqlToolSprayer : 0.825206
DataFileDefrag : 0.815955
