TextCache : 0.839831
TriggerDef : 0.8398265
TableWorks : 0.86671644
Routine : 0.8450569
Tokens : 0.7415544
StatementCompound : 0.8367868
Expression : 0.84232706
SessionContext : 0.84101367
ColumnBase : 0.829101
PopupListener : PopupListener is not exist in project code
RowSetNavigatorClient : 0.8562935
IndexAVL : 0.8485288
StatementDMQL : 0.8514951
RowStoreAVL : 0.84189016
RangeVariable : 0.85952127
RowDiskDataChange : 0.85305434
View : 0.8489667
SortAndSlice : 0.8499212
Row : 0.8331947
RangeGroupSimple : RangeGroupSimple is not exist in project code
SchemaManager : 0.8558082
ConstraintCore : 0.83490425
RowAction : 0.8517035
QuerySpecification : 0.85744226
ScriptReaderBase : 0.8503609
RowSetNavigatorDataTable : 0.8593956
RowAVLDisk : 0.8506075
DatabaseInformationMain : 0.8509768
Index : 0.7826137
RangeVariableJoined : 0.8572004
DITableInfo : 0.8496615
TriggerDefSQL : 0.8432263
QueryExpression : 0.8358609
RowSetNavigatorData : 0.85088503
DatabaseInformation : 0.7542032
StatementTypes : 0.80020285
TableBase : 0.84055394
SchemaObject : 0.78396803
GridSwing : 0.848995
DatabaseManagerCommon : 0.80325234
ExpressionTable : 0.85564804
