DataFileCache : 0.8540161
TableSpaceManagerBlocks : 0.87679076
DataSpaceManagerBlocks : 0.8763525
TableSpaceManagerSimple : 0.8592516
TableBase : 0.83491254
RowStoreAVLDiskData : 0.8572084
SimpleStore : 0.8334927
RowStoreAVL : 0.8477882
DataFileCacheSession : 0.84846383
PersistentStore : 0.786945
PersistentStoreCollectionDatabase : 0.8664479
TextCache : 0.8517993
DataSpaceManager : 0.8038305
Logger : 0.8353735
RowStoreAVLDisk : 0.8574502
Table : 0.84632146
BlockObjectStore : 0.867379
TableWorks : 0.840783
Collation : 0.82441485
RowStoreAVLHybrid : 0.8524607
RowSetNavigatorDataTable : 0.8550877
RowSetNavigatorData : 0.8531367
DataFileDefrag : 0.8631864
ExpressionColumn : 0.83251387
ParserDQL : 0.8113053
Tokens : 0.73431647
DatabaseInformationFull : 0.6904527
Log : 0.8458036
QuerySpecification : 0.83879215
CharacterType : 0.8338105
FunctionCustom : 0.7627875
TableSpaceManager : 0.799797
Line : 0.72890615
StatementCommand : 0.83300656
IndexAVLMemory : 0.8315955
Database : 0.82395
HsqlDatabaseProperties : 0.7876632
ValuePool : 0.85146064
DirectoryBlockCachedObject : 0.877587
ResultMetaData : 0.8505639
ParserCommand : 0.8139173
