TestOdbcService : TestOdbcService is not exist in project code
Tokens : 0.7354897
AllSimpleTests : AllSimpleTests is not exist in project code
DateTimeType : 0.82241577
Types : 0.78402114
PgType : 0.7772379
DTIType : 0.80188495
TestViewAsterisks : 0.8371076
LdapAuthBean : 0.6984023
IndexAVL : 0.79698586
SimpleName : SimpleName is not exist in project code
Expression : 0.7940065
Collation : 0.8104351
Session : 0.7304374
TriggerSample : 0.8505456
ServerConstants : 0.75324416
AbstractTestOdbc : AbstractTestOdbc is not exist in project code
QuerySpecification : 0.8102899
OdbcUtil : 0.82157105
RowSetNavigatorData : 0.8039472
StatementDML : 0.70116216
RowSetNavigatorDataTable : 0.8192323
ResultMetaData : 0.8109095
TestDima : TestDima is not exist in project code
TestHashStructures : 0.8448768
TestScriptRunner : 0.82819843
TestMerge : 0.8520603
TestCacheSize : 0.8349334
TestMultipleConnections : TestMultipleConnections is not exist in project code
TestDataStructures : 0.8258847
TestSchemaParse : 0.84267145
TestScript : 0.8536591
TestSubQueriesInPreparedStatements : 0.8562604
TestQuotes : 0.8326238
Option : 0.7730597
TestTextTable : 0.8322739
ClearTests : 0.8337847
ClientConnection : 0.8208395
SessionInterface : 0.7487523
HsqlDateTime : 0.8303713
ParserBase : 0.80158836
