Index : 0.7699411
Tokens : 0.74409634
SchemaObject : 0.7671035
BaseList : 0.86364067
HsqlList : 0.7764401
StatementTypes : 0.79023194
Row : 0.8290159
Table : 0.84610397
SortAndSlice : 0.8529342
Session : 0.70805526
ServerConnection : 0.82625526
StatementSet : 0.83042985
Constraint : 0.8308944
Tokenizer : 0.8461831
JDBCBlobClient : 0.8320171
ResultMetaData : 0.85818595
IndexAVL : 0.8463354
DTIType : 0.8223238
JDBCClobClient : 0.83433384
HsqlProperties : 0.8479277
StatementSimple : 0.8241832
OrderedIntHashSet : 0.8874956
TableBase : 0.8365373
RowSetNavigatorClient : 0.8695491
StatementDML : 0.7068397
LongDeque : 0.8809081
HsqlDeque : 0.8815049
CompileContext : CompileContext is not exist in project code
OrderedLongHashSet : 0.88240606
OrderedLongKeyHashMap : 0.86398375
Expression : 0.8346743
RangeVariableConditions : RangeVariableConditions is not exist in project code
RangeVariableResolver : 0.85046273
QuerySpecification : 0.84909314
RangeVariable : 0.8486699
RangeIteratorJoined : RangeIteratorJoined is not exist in project code
RangeIteratorMain : RangeIteratorMain is not exist in project code
BlockAccessor : BlockAccessor is not exist in project code
DataSpaceManagerSimple : 0.8559765
TableSpaceManagerBlocks : 0.86350983
BaseHashMap : 0.84084415
