TableSpaceManagerBlocks : 0.7810815
DataFileCache : 0.7697972
TableSpaceManagerSimple : 0.8279834
TableBase : 0.7764598
DataSpaceManagerBlocks : 0.76685566
RowStoreAVLDiskData : 0.7916407
SimpleStore : 0.8405894
RowStoreAVL : 0.80969214
DataSpaceManagerSimple : 0.8038305
PersistentStore : 0.8614407
PersistentStoreCollectionDatabase : 0.78597885
RowStoreAVLDisk : 0.78589386
Table : 0.78759515
Logger : 0.7576576
BlockObjectStore : 0.79427963
TableWorks : 0.75893265
DataFileCacheSession : 0.7726997
RowStoreAVLHybrid : 0.7851979
TextCache : 0.7722125
Tokens : 0.68683827
DatabaseInformationFull : 0.7301941
Log : 0.76435256
CharacterType : 0.7625393
TableSpaceManager : 0.869463
Line : 0.7588554
FunctionCustom : 0.7102949
StatementCommand : 0.7680073
Database : 0.7586193
Collation : 0.76924247
HsqlDatabaseProperties : 0.72045213
DirectoryBlockCachedObject : 0.80124533
ValuePool : 0.796103
DatabaseManagerSwing : 0.74286103
FontDialogSwing : 0.7520997
DatabaseManager : 0.7623859
BlobType : 0.79303735
SessionData : 0.7663267
Scanner : 0.75644946
LobManager : 0.7686544
StatementTypes : 0.8765409
RowStoreDataChange : 0.78044313
