Log : 0.8570795
RowStoreAVLDiskData : 0.8555088
TableSpaceManagerSimple : 0.83019525
RowStoreAVLDisk : 0.8569534
SimpleStore : 0.8117743
RowStoreAVLHybrid : 0.84817564
DataSpaceManagerBlocks : 0.8653342
DataSpaceManagerSimple : 0.8540162
Cache : 0.86848176
RowStoreAVLMemory : 0.83682144
RowStoreAVL : 0.84229445
PersistentStore : 0.77136636
DataFileDefrag : 0.8662266
PersistentStoreCollectionSession : 0.8596488
ErrorCode : 0.77678347
Logger : 0.84400123
ScriptWriterText : 0.8380552
DataFileCacheSession : 0.8587117
TextCache : 0.8544196
StatementTypes : 0.7819578
ScriptWriterBase : 0.8491038
Database : 0.8354259
HsqlDatabaseProperties : 0.8003028
TextTable : 0.85107803
PersistentStoreCollectionDatabase : 0.8577442
DatabaseInformationFull : 0.6725026
Table : 0.8375496
RAFile : 0.865022
TextFileSettings : 0.85898757
BlockObjectStore : 0.8600305
RowStoreAVLHybridExtended : 0.85554135
RAFileInJar : 0.84277457
TestStressInsert : TestStressInsert is not exist in project code
RowAVLDiskData : 0.86117554
TextFileReader : 0.85204685
CSVWriter : 0.8494729
Tokens : 0.7604921
JDBCConnection : 0.82149523
LobStoreRAFile : 0.8688024
JavaObjectData : 0.8378079
BlockAccessor : BlockAccessor is not exist in project code
