RangeGroupSimple : RangeGroupSimple is not exist in project code
Expression : 0.8446184
StatementDMQL : 0.8517725
QueryExpression : 0.84500146
Tokens : 0.74734193
ParserDQL : 0.8329745
View : 0.85403895
StatementExpression : 0.8437962
StatementSet : 0.85035884
QuerySpecification : 0.8561372
CompileContext : CompileContext is not exist in project code
TableUtil : 0.8421952
Routine : 0.8461604
StatementProcedure : 0.86402225
StatementDML : 0.7240348
RangeVariable : 0.8558721
ExpressionLogical : 0.84343344
SchemaManager : 0.84904104
ExpressionColumn : 0.8498207
ParserRoutine : 0.82918686
TextCache : 0.83420587
TableWorks : 0.8555284
TriggerDef : 0.83760566
DatabaseInformationMain : 0.8395123
JDBCDatabaseMetaData : 0.84169286
SessionContext : 0.8401718
StatementCompound : 0.8361435
ColumnBase : 0.8319506
RowSetNavigatorClient : 0.84743786
PopupListener : PopupListener is not exist in project code
SortAndSlice : 0.8454464
RowSetNavigatorDataTable : 0.8538768
ConstraintCore : 0.83143973
RowStoreAVL : 0.83445007
IndexAVL : 0.8397084
ScriptReaderBase : 0.85661125
Row : 0.8306484
RowDiskDataChange : 0.84768116
RowAction : 0.85054797
FontDialogSwing : 0.81099015
RangeVariableResolver : 0.84402883
