NodeAVL : 0.83776367
IndexAVL : 0.83644813
NodeAVLDiskLarge : 0.8367992
NodeAVLDisk : 0.8347289
RowAVLDisk : 0.85470945
RowAVLDiskData : 0.8620067
RowStoreAVLHybridExtended : 0.8565664
RowStoreAVLMemory : 0.8458111
RowAVL : 0.83959645
RowStoreAVLHybrid : 0.8474807
IndexRowIterator : IndexRowIterator is not exist in project code
RowAVLDiskLarge : 0.8554598
Logger : 0.82536995
IndexAVLMemory : 0.81813824
RowStoreAVLDisk : 0.85206497
RowStoreAVLDiskData : 0.85414946
Index : 0.8022746
TableBase : 0.8383889
Table : 0.84189016
DataFileDefrag : 0.8454761
SessionData : 0.8397863
RowSetNavigatorDataTable : 0.85034794
PersistentStoreCollectionDatabase : 0.85739243
PersistentStoreCollectionSession : 0.8499416
TextTable : 0.84396565
TransactionManager : 0.81103486
Session : 0.7351601
TransactionManager2PL : 0.8400778
Row : 0.8434165
RowOutputBinaryEncode : 0.8335167
ExpressionTable : 0.83773774
BitMapCachedObject : 0.8514559
DirectoryBlockCachedObject : 0.8523322
IntArrayCachedObject : 0.84956443
TransactionManagerMV2PL : 0.73662674
TransactionManagerMVCC : 0.73216134
StatementResultUpdate : 0.84189445
RowAction : 0.8410051
TransactionManagerCommon : 0.84025025
RowDiskDataChange : 0.84336305
RowOutputBinary : 0.8312616
