Database : 0.84069616
FrameworkLogger : 0.82645833
JaasAuthBean : 0.8246438
AuthBeanMultiplexer : 0.8099306
SqlTool : 0.8402778
LdapAuthBean : 0.6744357
AuthUtils : 0.8009341
SqlFile : 0.8121408
SqlFileScanner : 0.81232995
HsqldbSlaveAuthBean : 0.8417157
JDBCDriver : 0.83718497
JDBCPool : 0.8275348
JDBCCommonDataSource : 0.8550128
Log : 0.84147877
HsqlDatabaseProperties : 0.81568694
DataFileCache : 0.84400123
CheckpointRunner : CheckpointRunner is not exist in project code
Session : 0.71502995
RowStoreAVLDiskData : 0.83130145
RAFileNIO : 0.83642286
RAFile : 0.8452152
ScriptRunner : 0.84042424
RowStoreAVLMemory : 0.8158417
DataFileDefrag : 0.84728014
RowStoreAVLDisk : 0.8313279
StatementCommand : 0.8232675
RAShadowFile : 0.84319544
TableBase : 0.83462584
StatementSession : 0.79941404
PersistentStoreCollectionSession : 0.84349763
PersistentStoreCollectionDatabase : 0.8433924
RAFileSimple : 0.8233215
InputStreamShadow : InputStreamShadow is not exist in project code
ScriptReaderDecode : 0.8409178
RAFileHybrid : 0.83946174
StatementSchema : 0.81574154
TextCache : 0.83081913
ScriptWriterBase : 0.8400126
LobStoreRAFile : 0.8370281
SessionData : 0.8339404
LobManager : 0.7065119
