DoubleIntIndex : 0.86384296
Table : 0.83501256
RangeVariable : 0.8375258
TestTriggers : 0.80201167
Tokenizer : 0.84124714
RowStoreAVLMemory : 0.81131434
RowStoreAVLDisk : 0.82924247
RowStoreAVLDiskData : 0.8281102
StatementDMQL : 0.8193958
RowSetNavigatorData : 0.8390694
MainInvoker : 0.8219091
Logger : 0.810858
Result : 0.8267883
RoutineSchema : 0.8163905
RowStoreAVLHybrid : 0.828861
BinaryData : 0.83883566
UserTypeModifier : 0.8205192
JDBCPreparedStatement : 0.8075754
HsqlArrayList : 0.8540826
RowSetNavigatorDataTable : 0.84437853
JDBCArrayBasic : 0.81068516
JDBCArray : 0.8156207
ResultMetaData : 0.8436382
WebServerConnection : 0.8292281
QueryExpression : 0.81192863
RAFile : 0.8418934
IntervalType : 0.82238007
HsqlProperties : 0.8366539
TestDataStructures : 0.83272743
Tokens : 0.73365027
QuerySpecification : 0.835247
SessionContext : 0.82681715
ResultSetParsedSection : ResultSetParsedSection is not exist in project code
ExpressionArrayAggregate : 0.8256612
Constraint : 0.81730556
JDBCBlobClient : 0.82156163
RangeVariableResolver : 0.83626294
CharacterType : 0.8379479
FileUtil : 0.8186979
JDBCConnection : 0.7927486
JDBCBlobFile : 0.8270454
