TextCache : 0.839831
TableWorks : 0.86671644
TriggerDef : 0.8398265
Tokens : 0.7415544
Routine : 0.8450569
SessionContext : 0.84101367
Expression : 0.84232706
StatementCompound : 0.8367868
ColumnBase : 0.829101
RowSetNavigatorClient : 0.8562935
PopupListener : PopupListener is not exist in project code
RangeGroupSimple : RangeGroupSimple is not exist in project code
View : 0.8489667
SortAndSlice : 0.8499212
RowSetNavigatorDataTable : 0.8593956
ConstraintCore : 0.83490425
StatementDMQL : 0.8514951
RowStoreAVL : 0.84189016
IndexAVL : 0.8485288
SchemaManager : 0.8558082
ScriptReaderBase : 0.8503609
RangeVariable : 0.85952127
Row : 0.8331947
RowDiskDataChange : 0.85305434
QuerySpecification : 0.85744226
RowAction : 0.8517035
RowAVLDisk : 0.8506075
DatabaseInformationMain : 0.8509768
Index : 0.7826137
RangeVariableJoined : 0.8572004
DITableInfo : 0.8496615
RowSetNavigatorData : 0.85088503
TriggerDefSQL : 0.8432263
QueryExpression : 0.8358609
TableBase : 0.84055394
DatabaseInformation : 0.7542032
SchemaObject : 0.78396803
DatabaseManagerCommon : 0.80325234
ExpressionTable : 0.85564804
GridSwing : 0.848995
StatementTypes : 0.80020285
