NodeAVLDiskLarge : 0.85095847
RowAVLDisk : 0.85324264
RowAVLDiskLarge : 0.8673283
RowAVLDiskData : 0.86085707
IndexRowIterator : IndexRowIterator is not exist in project code
NodeAVL : 0.8448407
RowStoreAVLHybridExtended : 0.8439697
RowAVL : 0.8502859
IndexAVL : 0.8303648
RowStoreAVLHybrid : 0.8375837
RowStoreAVLDisk : 0.8401314
IndexAVLMemory : 0.83586437
RowStoreAVL : 0.8347289
RowStoreAVLDiskData : 0.840452
DataFileCache : 0.8303876
Logger : 0.8116232
Expression : 0.8224213
SAX2DOMBuilder : SAX2DOMBuilder is not exist in project code
DataFileDefrag : 0.8373831
RowStoreAVLMemory : 0.8294953
ExpressionLogical : 0.8244122
DatabaseManagerSwing : 0.7056607
HashIndex : 0.8379941
FunctionSQL : 0.79454625
FunctionSQLInvoked : 0.8168201
FunctionCustom : 0.7473724
ExpressionAggregate : 0.8193047
TableWorks : 0.82133687
RowStoreDataChange : 0.8348919
ExpressionColumn : 0.820556
ExpressionOp : 0.8212706
ExpressionArithmetic : 0.82015854
ExpressionTable : 0.8333772
ExpressionAccessor : 0.83104247
ExpressionOrderBy : 0.8393637
Index : 0.7843417
QuerySpecification : 0.82218444
ExpressionLike : 0.81167436
ExpressionArrayAggregate : 0.8163567
RowDiskDataChange : 0.836604
JDBCDatabaseMetaData : 0.8152445
