RowInputBinary : 0.86101234
Servlet : 0.8084282
WebServerConnection : 0.82408243
RowOutputBinaryEncode : 0.86649686
RowOutputBinary180 : 0.8652065
ClientConnection : 0.81183904
DataFileCache : 0.83362013
RowDiskDataChange : 0.8479675
RowOutputInterface : 0.8121435
RowOutputBase : 0.83836913
ServerConnection : 0.817742
Row : 0.83701915
CachedObject : 0.7853013
NodeAVL : 0.8301102
RowStoreAVLDiskData : 0.84224486
RowStoreAVLDisk : 0.83922184
ScriptWriterText : 0.81365126
NodeAVLDiskLarge : 0.83653766
RowInputBinary180 : 0.84090966
Scanner : 0.8185504
RowOutputText : 0.8641806
RowOutputTextLog : 0.8652093
JDBCSQLXML : 0.8167657
Like : 0.82302696
IntArrayCachedObject : 0.86999214
RowAVLDiskData : 0.8615254
BitMapCachedObject : 0.8709056
RowSetNavigator : 0.8470473
RowAVLDisk : 0.8457431
RowSetNavigatorDataChange : 0.7968032
DirectoryBlockCachedObject : 0.86137366
RowInputBinaryDecode : 0.8656995
Tokens : 0.7154008
NodeAVLDisk : 0.8319425
RowSetNavigatorDataChangeMemory : 0.84278053
JDBCPreparedStatement : 0.8125319
SqlFile : 0.78863364
ClientConnectionHTTP : 0.74900204
JDBCBlobClient : 0.8325933
ResultLob : 0.8470102
BlobDataID : 0.853237
