ScriptReaderText : 0.84795594
RowInputTextLog : 0.8591633
TextCache : 0.84763503
TextFileReader : 0.86450785
ScriptReaderDecode : 0.8628672
RowStoreAVLDiskData : 0.8364889
Row : 0.8147881
CachedObject : 0.75944406
NodeAVL : 0.81272525
DataFileCache : 0.84060663
DatabaseManagerSwing : 0.6859994
RowInputBase : 0.8514645
ScriptWriterText : 0.8402282
TextTable : 0.84219664
ServerConnection : 0.849053
Servlet : 0.84167624
RowAVLDisk : 0.8349857
ClientConnection : 0.82967585
WebServerConnection : 0.8607282
RowInputTextQuoted : 0.85923475
RowInputBinary180 : 0.8362805
PersistentStore : 0.7636345
RowStoreAVL : 0.8251171
RowInputBinary : 0.85793257
Result : 0.8379089
ClientConnectionHTTP : 0.7302506
Tokens : 0.7703715
RowSetNavigatorDataChange : 0.77025396
RowSetNavigatorDataTable : 0.84319293
RowInputBinaryDecode : 0.8715952
RowSetNavigatorDataChangeMemory : 0.83934236
RowSetNavigatorData : 0.83863354
RowSetNavigator : 0.8472446
SimpleStore : 0.7984656
ScriptRunner : 0.8459756
RefCapablePropertyResourceBundle : 0.8048117
Line : 0.7216346
RowOutputText : 0.8442942
RowOutputTextLog : 0.8340204
Tree : 0.8208339
RowStoreAVLMemory : 0.8177105
