DataFileCache : 0.865022
RAShadowFile : 0.885464
RAFileHybrid : 0.8749939
LobStoreRAFile : 0.8805326
RAStorageWrapper : 0.85952544
TextCache : 0.8560395
RAFileInJar : 0.8651732
DataFileCacheSession : 0.8556675
RAFileSimple : 0.8669913
RAFileNIO : 0.87481236
FileRecordReader : 0.8599113
Logger : 0.8452153
DatabaseURL : 0.6905284
Tokens : 0.7692423
JDBCClobFile : 0.86813277
JDBCBlobFile : 0.8654399
LobManager : 0.72684026
TestUtil : 0.7001312
DatabaseFilenameFilter : DatabaseFilenameFilter is not exist in project code
DBMPrefs : DBMPrefs is not exist in project code
TarFileOutputStream : 0.86061966
DbBackup : 0.86069757
ServerAcl : 0.8382281
HsqlDatabaseProperties : 0.8040337
IResolver : 0.7908938
TarEntrySupplicant : TarEntrySupplicant is not exist in project code
ErrorCode : 0.7815481
FileUtil : 0.8418186
Preprocessor : 0.8334985
Cache : 0.865543
StatementTypes : 0.78274876
TarEntryHeader : TarEntryHeader is not exist in project code
BaseException : BaseException is not exist in project code
TextFileReader : 0.8659769
ScriptWriterBase : 0.85272133
DataFileDefrag : 0.8669001
SqlFile : 0.81741744
SimpleLog : 0.85042536
ConnectionDialogCommon : 0.7251601
Log : 0.8539354
HsqlProperties : 0.8547936
