TriggerDef : 0.8385865
FunctionSQLInvoked : 0.84174895
StatementDMQL : 0.8559353
Tokens : 0.762476
StatementProcedure : 0.8518957
RoutineSchema : 0.84785783
DatabaseInformation : 0.7700379
StatementTypes : 0.80606854
SchemaObject : 0.7849277
Statement : 0.8530906
TableBase : 0.8424031
SessionContext : 0.85375726
CompileContext : CompileContext is not exist in project code
UserManager : 0.83266914
ParserDDL : 0.8299255
StatementCompound : 0.84306586
GrantConstants : 0.79627615
ParserRoutine : 0.83355665
Schema : 0.8342922
DatabaseInformationFull : 0.699449
SchemaObjectSet : 0.824692
PersistentStoreCollectionSession : 0.84586537
TriggerDefSQL : 0.8484341
GranteeManager : 0.8203705
SchemaManager : 0.8402959
DatabaseInformationMain : 0.831873
StatementExpression : 0.8315204
RowInputBinary : 0.8266017
StatementSchema : 0.834926
RowInputBase : 0.8300274
Grantee : 0.82691896
StatementQuery : 0.8413337
HsqlNameManager : 0.8452559
ParserDML : 0.83940834
ParserDQL : 0.822176
Expression : 0.8431694
StatementSet : 0.8460179
JDBCConnection : 0.8178227
StatementDML : 0.7147802
ScriptReaderText : 0.8388911
ParserBase : 0.8312645
