RangeVariableResolver : 0.8868913
QueryExpression : 0.86505294
RangeVariable : 0.8845306
ParserDQL : 0.8416064
TableDerived : 0.8561372
JDBCPreparedStatement : 0.8229203
JDBCStatement : 0.8237588
RowSetNavigatorDataTable : 0.86697453
StatementDML : 0.7345158
RangeVariableJoined : 0.8585103
Tokens : 0.7685499
OdbcPreparedStatement : 0.84228134
JDBCResultSetMetaData : 0.83137065
Constraint : 0.8456236
DatabaseManagerSwing : 0.69879097
JDBCCallableStatement : 0.80939436
Table : 0.85744226
RowSetNavigatorData : 0.85660195
JDBCStatementBase : 0.8200444
Servlet : 0.83032453
Result : 0.84552085
StatementPortal : 0.84107745
Expression : 0.85662925
SqlFile : 0.8161703
SchemaObject : 0.7652359
DatabaseInformation : 0.77660793
SortAndSlice : 0.86991096
JDBCConnection : 0.8192892
TestStoredProcedure : 0.83416015
StatementDMQL : 0.8681818
ClientThread : ClientThread is not exist in project code
JDBCDatabaseMetaData : 0.83282185
StatementCursor : 0.8096073
ClientThreadProcedure : ClientThreadProcedure is not exist in project code
StatementCompound : 0.85241634
ParsedSection : ParsedSection is not exist in project code
TestPreparedSubQueries : 0.8307504
View : 0.8474602
StatementExpression : 0.84025985
StatementSet : 0.8689853
RoutineSchema : 0.83311486
