SqlFileScanner : 0.7936984
Error : 0.791247
Result : 0.7994155
HsqlException : 0.80808645
Type : 0.78005534
RowSetNavigatorData : 0.7957837
TriggerSample : 0.759318
SchemaObjectSet : 0.7584729
HsqlProperties : 0.78253967
RowInputTextLog : 0.79771125
ParserDQL : 0.73801523
RangeIteratorBase : RangeIteratorBase is not exist in project code
Expression : 0.7866763
JDBCClobClient : 0.77948236
LobStoreRAFile : 0.7748953
LobStoreInJar : 0.8012213
JDBCUtil : 0.80023575
ParserBase : 0.78646386
Table : 0.7935943
OtherType : 0.81682235
JDBCDatabaseMetaData : 0.8063509
JDBCBlobClient : 0.7896242
GranteeManager : 0.7559416
RowOutputText : 0.8005606
RowSetNavigator : 0.8202598
ColumnSchema : 0.796546
RowStoreAVLMemory : 0.81733465
Grantee : 0.7650621
SqlInvariants : 0.6921583
RowInputText : 0.77326524
RowStoreAVL : 0.81443435
BlobType : 0.8089391
RowStoreAVLHybrid : 0.79130024
View : 0.7927843
BinaryType : 0.7832222
Session : 0.77361137
RowSetNavigatorClient : 0.7898519
Like : 0.8005788
RowInputBase : 0.76565254
Routine : 0.79839015
Logger : 0.7641602
