Statement : 0.83991766
ParserRoutine : 0.8345327
StatementSimple : 0.8376875
ParserDDL : 0.8300987
Result : 0.8376581
TestCollation : 0.83398575
Routine : 0.84306586
TestSchemaParse : 0.8118584
StatementHandler : 0.8481435
TestTypeConversion : 0.8414729
TestLobs : 0.8308372
TestUpdatableResultSets : 0.84181625
Tokens : 0.7441419
TestSqlPersistent : 0.831495
TestMultiInsert : 0.82124835
TestGroupByHaving : 0.811179
TestJDBCSavepoints : 0.70404214
TestMerge : 0.8026426
TestBatchExecution : TestBatchExecution is not exist in project code
View : 0.83230907
TestBug785429 : TestBug785429 is not exist in project code
TestHTTPKeepAlive : 0.8240983
ScriptReaderBase : 0.8337176
TestSql : 0.8166651
DatabaseManagerSwing : 0.6840773
TestAllTypes : 0.8300536
TransferDb : 0.83174884
TestCacheSize : 0.8239106
StatementSchemaDefinition : 0.83290786
SessionContext : 0.85214776
DatabaseManager : 0.8278238
Session : 0.7180954
JDBCPreparedStatement : 0.81029755
TestViewAsterisks : 0.80839044
TestTextTable : 0.8112701
TableBase : 0.8298537
StatementManager : 0.84779644
StatementCommand : 0.83989006
JDBCResultSet : 0.8035264
HsqlName : HsqlName is not exist in project code
JDBCPool : 0.81227344
