Cache : 0.8443239
Values : Values is not exist in project code
KeySet : KeySet is not exist in project code
LongValueHashMap : 0.84189564
HashMap : 0.83144397
LongKeyIntValueHashMap : 0.83928496
IntKeyIntValueHashMap : 0.8415606
IntKeyHashMapConcurrent : 0.83295995
IntKeyHashMap : 0.82977885
OrderedLongKeyHashMap : 0.82101154
IntValueHashMap : 0.8383553
OrderedIntKeyHashMap : 0.8307563
IntKeyLongValueHashMap : 0.8388611
LongKeyHashMap : 0.83374506
LongKeyLongValueHashMap : 0.83905655
HashSet : 0.8290787
OrderedLongHashSet : 0.8301251
OrderedIntHashSet : 0.83152443
ValuesIterator : ValuesIterator is not exist in project code
SchemaObjectSet : 0.78846717
MultiValueHashMap : 0.8281791
ValuePoolHashMap : 0.8497232
JDBCXADataSource : 0.7911775
ServerProperties : 0.82611024
ReusableObjectCache : 0.7726131
BaseHashIterator : BaseHashIterator is not exist in project code
StatementDMQL : 0.82003474
SchemaManager : 0.80517644
DatabaseManagerSwing : 0.68127084
RangeVariableResolver : 0.84352696
SessionManager : 0.80188584
ArrayUtil : 0.8158103
Waiter : 0.7527209
SharedFields : SharedFields is not exist in project code
DatabaseInformationFull : 0.6776982
FrameworkLogger : 0.79084903
SessionData : 0.8147344
RowSetNavigatorData : 0.8250314
TableSorter : 0.80840856
HashMappedList : 0.8368145
SessionContext : 0.8371669
