SqlFileScanner : 0.7936984
Result : 0.7994155
Error : 0.791247
HsqlException : 0.80808645
Type : 0.78005534
RowSetNavigatorData : 0.7957837
TriggerSample : 0.759318
SchemaObjectSet : 0.7584729
HsqlProperties : 0.78253967
RangeIteratorBase : RangeIteratorBase is not exist in project code
ParserDQL : 0.73801523
ParserBase : 0.78646386
Expression : 0.7866763
JDBCClobClient : 0.77948236
LobStoreRAFile : 0.7748953
LobStoreInJar : 0.8012213
JDBCUtil : 0.80023575
Table : 0.7935943
OtherType : 0.81682235
JDBCDatabaseMetaData : 0.8063509
GranteeManager : 0.7559416
JDBCBlobClient : 0.7896242
BlockObjectStore : 0.7953245
RowInputText : 0.77326524
RowInputTextLog : 0.79771125
Logger : 0.7641602
Like : 0.8005788
RowStoreAVL : 0.81443435
RowOutputText : 0.8005606
RowSetNavigator : 0.8202598
BlobType : 0.8089391
RowStoreAVLHybrid : 0.79130024
RowInputBase : 0.76565254
RowStoreAVLMemory : 0.81733465
RowSetNavigatorClient : 0.7898519
SqlInvariants : 0.6921583
NullType : 0.83114064
View : 0.7927843
Routine : 0.79839015
Grantee : 0.7650621
RowOutputTextLog : 0.8059646
