RowInputTextLog : 0.8412143
RowInputText : 0.85031605
ParserBase : 0.8483785
ClientConnection : 0.81755066
Session : 0.6948044
SessionInterface : 0.7539831
ParserDML : 0.83274776
ParserTable : 0.8437878
ParserDDL : 0.83043426
SqlFile : 0.8119842
ParserRoutine : 0.838236
ParserCommand : 0.8414334
SqlFileScanner : 0.8131546
Constraint : 0.81803566
ParserDQL : 0.83848196
Token : 0.8382393
View : 0.8156585
Routine : 0.826414
Table : 0.82476014
TableDerived : 0.820928
BlobType : 0.8296012
BinaryType : 0.8187587
IntervalType : 0.8187856
BitType : 0.8210904
NumberType : 0.8292379
DateTimeType : 0.818131
