Type : 0.8294704
DTIType : 0.8481778
IntervalSecondData : 0.8483783
IntervalMonthData : 0.8417711
RowOutputBase : 0.77949697
RowInputBase : 0.8140666
JDBCResultSet : 0.7943912
RowInputTextLog : 0.8302653
Scanner : 0.8187856
HsqlDateTime : 0.8300984
RowInputBinary : 0.8231009
JDBCParameterMetaData : 0.8268959
JDBCResultSetMetaData : 0.803493
PgType : 0.79881835
RowOutputTextLog : 0.81129044
RowOutputText : 0.8129202
RowInputText : 0.8224921
Tokens : 0.7439223
RowOutputBinary : 0.8189628
Types : 0.80087954
DateTimeType : 0.8538185
ParserDQL : 0.8144677
NumberType : 0.86104494
SetFunction : 0.82584834
ParserBase : 0.8164543
ExpressionArithmetic : 0.8426376
HsqlDatabaseProperties : 0.7790319
ParserCommand : 0.8112272
FunctionCustom : 0.7658119
DatabaseInformationFull : 0.6761523
TestCacheSize : 0.8024417
TestAllTypes : 0.80793965
Task : Task is not exist in project code
ExpressionOp : 0.8398519
Result : 0.8197343
LockFile : 0.81756866
DatabaseInformationMain : 0.8064802
ParserTable : 0.8133617
FunctionSQL : 0.8031937
TypedComparator : TypedComparator is not exist in project code
StatementResultUpdate : 0.8275578
