StatementResultUpdate : 0.86266345
JDBCResultSet : 0.8259001
Tokens : 0.7523506
SessionInterface : 0.78400886
JDBCStatementBase : 0.8335568
OdbcPreparedStatement : 0.84697896
RecoverableOdbcFailure : 0.87647057
ClientConnection : 0.84094715
SessionData : 0.8524088
Session : 0.740306
StatementPortal : 0.84839714
HsqlDatabaseProperties : 0.7922618
JDBCPreparedStatement : 0.8267537
StatementDMQL : 0.8496938
StatementSchemaDefinition : 0.84069717
StatementSimple : 0.8456942
StatementSignal : 0.8495676
Database : 0.8383541
TestBench : 0.8388863
Statement : 0.8535243
ResultMetaData : 0.8621772
TableBase : 0.83850795
SimpleLog : 0.83748084
StatementTypes : 0.80692357
StatementQuery : 0.8477865
StatementCommand : 0.85146606
StatementSession : 0.8239178
FunctionSQLInvoked : 0.83524513
JDBCSQLXML : 0.8379454
QueryExpression : 0.83792853
StatementProcedure : 0.85305333
JDBCResultSetMetaData : 0.8311315
JDBCClobClient : 0.8469249
JDBCBlobClient : 0.84732133
ResultLob : 0.8543857
DatabaseManager : 0.8459442
TestQuotes : 0.8228828
DBMPrefs : DBMPrefs is not exist in project code
ParsedSection : ParsedSection is not exist in project code
ResultConstants : 0.80833566
Error : 0.8409778
