Constraint : 0.8317526
CompileContext : CompileContext is not exist in project code
Session : 0.70779747
StatementTypes : 0.7454875
ColumnSchema : 0.8292519
ScriptReaderBase : 0.8084635
StatementSchema : 0.86013794
StatementSchemaDefinition : 0.8509653
ParserDML : 0.86919206
ParserRoutine : 0.87225276
ParserCommand : 0.88796055
ParserTable : 0.884791
ScriptWriterBase : 0.8321181
Parser : 0.83317393
Defines : 0.8226895
SchemaManager : 0.86762065
ParserBase : 0.8379563
View : 0.8306642
Expression : 0.82495964
TriggerSample : 0.83215594
Schema : 0.8385738
ParserDQL : 0.86256546
SAX2DOMBuilder : SAX2DOMBuilder is not exist in project code
DataFileCache : 0.8239634
SAX2XMLStreamWriter : SAX2XMLStreamWriter is not exist in project code
TableDerived : 0.83661467
Routine : 0.8299255
CheckpointRunner : CheckpointRunner is not exist in project code
TestSql : 0.83323234
JDBCStatement : 0.8194919
JDBCDatabaseMetaData : 0.8231268
Table : 0.83952415
TestCascade : 0.8222235
SqlTool : 0.8111486
TextTable : 0.8470142
JDBCXAConnectionWrapper : 0.8180495
User : 0.8521298
TestDatabaseMetaData : 0.82850933
Logger : 0.8150955
JDBCSQLXML : 0.8227995
StatementSession : 0.8175347
