HsqlSocketRequestHandler : 0.76507777
Server : 0.0
WebServerConnection : 0.8751706
ServerProperties : 0.84700197
JDBCConnection : 0.8277115
TestJDBCSavepoints : 0.720983
TestBase : 0.7192255
Tokens : 0.77288985
WebServer : 0.82439494
TestMultiInsert : 0.8396688
TestHTTPKeepAlive : 0.84464633
TestTypeConversion : 0.8556474
TestUpdatableResultSets : 0.8579007
TestCollation : 0.8474413
TestLobs : 0.8628272
TestMerge : 0.83619964
TestSql : 0.8400017
TestSqlPersistent : 0.8479695
DatabaseManager : 0.8506667
ErrorCode : 0.76102024
HsqlSocketFactory : 0.8324073
ClientConnection : 0.8424437
TestInstantiation : 0.8157052
StatementTypes : 0.76121324
SchemaObject : 0.7430221
ServerConfiguration : 0.8515598
ServerConstants : 0.76518816
JDBCCommonDataSource : 0.84097713
HsqlServerFactory : 0.8942883
SqlFileEmbedder : 0.857158
TestCascade : 0.8279457
ClientThread : ClientThread is not exist in project code
TestPreparedSubQueries : 0.83865047
Testdb : 0.8291357
ClientThreadProcedure : ClientThreadProcedure is not exist in project code
TransferDb : 0.8582979
TestPreparedStatements : 0.835217
ScriptRun : ScriptRun is not exist in project code
TestGroupByHaving : 0.8285308
TestTriggers : 0.8345611
TestSchemaParse : 0.8339343
