Log : 0.83164674
RowStoreAVL : 0.8236814
ScriptReaderBase : 0.867287
RowStoreAVLMemory : 0.8117323
HsqlDatabaseProperties : 0.81232905
PersistentStoreCollectionDatabase : 0.8404457
SessionData : 0.83089787
DataFileDefrag : 0.8413525
LobStoreRAFile : 0.82424486
SchemaManager : 0.83652174
Session : 0.7276073
ScriptWriterBase : 0.8360314
TableBase : 0.8449336
LobManager : 0.7114111
TableWorks : 0.83740145
ParserDQL : 0.80954194
DataFileCache : 0.835426
RAFileHybrid : 0.82979167
TextFileSettings : 0.8568797
TransactionManagerCommon : 0.8367621
LobStoreInJar : 0.81333965
RAShadowFile : 0.8318956
Logger : 0.84069616
DatabaseURL : 0.7065629
Tokens : 0.788854
DatabaseInformation : 0.79550576
ClientConnection : 0.8361539
RAFileInJar : 0.8103089
RAFileNIO : 0.82138133
RAFileSimple : 0.810395
JDBCDataSourceFactory : 0.8199233
ErrorCode : 0.7681901
FunctionCustom : 0.79762745
DatabaseManager : 0.8350923
JDBCCommonDataSource : 0.87474537
StatementTypes : 0.7843621
ServerConstants : 0.7868008
Result : 0.83835405
ServerProperties : 0.8365109
DatabaseManagerCommon : 0.77796596
DataAccessPoint : 0.80384094
