StatementDMQL : 0.8559353
TriggerDef : 0.8385865
FunctionSQLInvoked : 0.84174895
Tokens : 0.762476
StatementProcedure : 0.8518957
RoutineSchema : 0.84785783
DatabaseInformation : 0.7700379
Statement : 0.8530906
SchemaObject : 0.7849277
SessionContext : 0.85375726
TableBase : 0.8424031
StatementTypes : 0.80606854
ParserRoutine : 0.83355665
CompileContext : CompileContext is not exist in project code
UserManager : 0.83266914
ParserDDL : 0.8299255
StatementCompound : 0.84306586
Schema : 0.8342922
GrantConstants : 0.79627615
DatabaseInformationFull : 0.699449
SchemaObjectSet : 0.824692
TriggerDefSQL : 0.8484341
PersistentStoreCollectionSession : 0.84586537
GranteeManager : 0.8203705
SchemaManager : 0.8402959
ParserDML : 0.83940834
DatabaseInformationMain : 0.831873
StatementExpression : 0.8315204
RowInputBinary : 0.8266017
RowInputBase : 0.8300274
StatementSchema : 0.834926
Grantee : 0.82691896
HsqlNameManager : 0.8452559
StatementQuery : 0.8413337
ParserDQL : 0.822176
StatementSet : 0.8460179
Expression : 0.8431694
StatementDML : 0.7147802
JDBCConnection : 0.8178227
TransactionManagerMV2PL : 0.714192
TransactionManager2PL : 0.82810444
