SqlFileScanner : 0.81952846
Statement : 0.830127
ErrorCode : 0.791247
HsqlProperties : 0.853235
SqlFile : 0.8204636
SimpleLog : 0.8495374
RecoverableOdbcFailure : 0.87850404
Result : 0.8409778
Servlet : 0.85177934
Scanner : 0.8257092
OdbcUtil : 0.8405691
SqlToolError : 0.8813021
TriggerSample : 0.83994913
ConnectionDialog : 0.8354835
Server : 0.0
ParsedSection : ParsedSection is not exist in project code
Type : 0.81928754
RowSetNavigatorData : 0.8240103
RangeIteratorBase : RangeIteratorBase is not exist in project code
ParserDQL : 0.8191343
ParserBase : 0.82871455
Expression : 0.82195365
HsqlException : 0.8713123
RowError : RowError is not exist in project code
LobStoreRAFile : 0.8489407
RowInputBinary : 0.8325276
RAFileNIO : 0.8326533
HsqlDatabaseProperties : 0.81253475
LobStoreInJar : 0.8303226
HsqlRuntimeMemoryError : HsqlRuntimeMemoryError is not exist in project code
JDBCStatementBase : 0.82095593
ResultConstants : 0.7901017
RAFileSimple : 0.8355946
RAFile : 0.8417727
ClientConnection : 0.83064616
JDBCUtil : 0.87586904
GranteeManager : 0.82328653
BlockObjectStore : 0.84873605
RowInputText : 0.83757776
RowInputTextLog : 0.8319272
Logger : 0.8226484
