CompileContext : CompileContext is not exist in project code
Schema : 0.74292445
SchemaManager : 0.74442077
SchemaObjectSet : 0.7451885
UserTypeModifier : 0.7847712
View : 0.7802124
ParserDQL : 0.7240516
Collation : 0.7667281
Expression : 0.7748045
IndexAVL : 0.7638502
Table : 0.7839681
NumberSequence : 0.78395104
TriggerDef : 0.7958511
Charset : 0.76387906
Grantee : 0.7565957
ColumnBase : 0.7982183
Constraint : 0.7904202
RoutineSchema : 0.7912036
TriggerDefSQL : 0.7903978
Session : 0.77031523
Type : 0.7644849
ExpressionValue : 0.7798512
StatementSchema : 0.7504475
Routine : 0.7849277
SqlInvariants : 0.68369883
ParserDDL : 0.7288831
GranteeManager : 0.74672025
TableWorks : 0.74957776
DatabaseInformationMain : 0.77178454
ParserTable : 0.72042245
Tokens : 0.6951643
HsqlDatabaseProperties : 0.7124483
JDBCConnection : 0.7515205
ParserRoutine : 0.7290173
ColumnSchema : 0.7874441
ExpressionColumn : 0.76644814
DatabaseInformationFull : 0.7352471
HsqlName : HsqlName is not exist in project code
HsqlNameManager : 0.7755705
JDBCDatabaseMetaData : 0.79912204
Token : 0.74864876
