Type : 0.82832867
BlobType : 0.8607806
Types : 0.796405
Tokens : 0.7263315
RowInputTextLog : 0.8328815
BinaryData : 0.84087116
BitType : 0.85384643
Like : 0.82312
ExpressionAggregate : 0.81755954
Scanner : 0.8187587
BlobDataID : 0.84186393
ClobDataID : 0.8385666
LobData : 0.7652352
Expression : 0.8246013
ResultMetaData : 0.8402083
ExpressionLogical : 0.829647
ExpressionArithmetic : 0.83768183
ExpressionOp : 0.8397174
FunctionSQL : 0.8014587
RowDiskDataChange : 0.8332495
RowInputBase : 0.8168675
RowOutputBase : 0.797613
SqlFile : 0.7929159
Result : 0.82961005
RowOutputBinary : 0.83832455
NumberType : 0.8496807
PgType : 0.7943625
JDBCPreparedStatement : 0.8173223
BooleanType : 0.8426599
RowInputBinary : 0.83669037
Table : 0.83093977
ErrorCode : 0.7832222
RowInputText : 0.82676566
JDBCResultSetMetaData : 0.81995445
JDBCResultSet : 0.81000847
ParserTable : 0.8120961
CharacterType : 0.85449743
JDBCSQLXML : 0.8116925
ExpressionLike : 0.81589746
JDBCParameterMetaData : 0.83848864
FunctionCustom : 0.7477463
