Log : 0.8007364
Database : 0.81232905
Logger : 0.81568694
Session : 0.71859556
ServerConfiguration : 0.82078063
TextFileSettings : 0.8424209
JDBCConnection : 0.8328947
DatabaseInformationMain : 0.80930036
StatementTypes : 0.7232379
Table : 0.79441404
ClientConnection : 0.80362827
SessionInterface : 0.71804047
JDBCDriver : 0.85200363
JDBCDatabaseMetaData : 0.7816521
Server : 0.0
DataFileCache : 0.8003028
ParserCommand : 0.80207056
DatabaseManager : 0.81067544
HsqlProperties : 0.82385653
ErrorCode : 0.72276145
JDBCResultSet : 0.7636889
Types : 0.8220279
DatabaseInformationFull : 0.6946913
WebServer : 0.7898028
ServerProperties : 0.86080974
HsqlServerFactory : 0.8471776
JDBCResultSetMetaData : 0.7694763
JDBCParameterMetaData : 0.7936283
TestScriptRunner : 0.8010034
StatementCommand : 0.803545
RAFile : 0.8040337
DatabaseURL : 0.7064306
Tokens : 0.8188091
TestSubselect : 0.7948534
LockFile : 0.79763925
JDBCDataSource : 0.80594134
Result : 0.7922618
ClearTests : 0.8437292
JDBCPreparedStatement : 0.8325563
StatementManager : 0.8185215
ClientConnectionHTTP : 0.73320293
