PgType : 0.7977134
Tokens : 0.72854316
FunctionCustom : 0.752883
Type : 0.82977784
StringConverter : 0.8430404
BinaryType : 0.8541215
BlobType : 0.8653511
Types : 0.79567295
RowInputTextLog : 0.8392139
BinaryData : 0.8510381
BitType : 0.8552653
Like : 0.83080506
ExpressionAggregate : 0.82281303
Scanner : 0.82292795
BlobDataID : 0.8537019
ClobDataID : 0.84875023
LobData : 0.78312063
Expression : 0.8306273
ResultMetaData : 0.8464888
ExpressionLogical : 0.83109117
ExpressionArithmetic : 0.8347649
ExpressionOp : 0.837951
FunctionSQL : 0.8043958
RowDiskDataChange : 0.8412665
RowInputBase : 0.824401
RowOutputBase : 0.8123454
SqlFile : 0.79773706
Result : 0.8381985
RowOutputBinary : 0.84542054
NumberType : 0.84481543
JDBCPreparedStatement : 0.8182686
BooleanType : 0.8471119
RowInputBinary : 0.84494907
Table : 0.83772284
ErrorCode : 0.7980189
RowInputText : 0.83355725
JDBCResultSetMetaData : 0.82126486
JDBCResultSet : 0.81238335
ParserTable : 0.81199193
CharacterType : 0.8545317
JDBCSQLXML : 0.81926185
