ParserBase : 0.7436324
Parser : 0.73850673
Scanner : 0.74935955
Tokenizer : 0.75329256
StatementSchema : 0.7320565
SqlFile : 0.76306534
TokenList : 0.7349474
ErrorCode : 0.70888555
ParserDQL : 0.7500384
ParserDDL : 0.74708223
SharedFields : SharedFields is not exist in project code
Token : 0.7963212
FunctionSQL : 0.81980413
Right : 0.7579798
ScriptWriterBase : 0.757313
ParserTable : 0.7591281
ExpressionColumn : 0.74675065
TokenSource : 0.6548693
Defines : 0.7360594
ParserRoutine : 0.7533167
Atom : Atom is not exist in project code
ParserCommand : 0.75092465
DTIType : 0.76748157
FunctionCustom : 0.8689557
BooleanType : 0.71484786
NullType : 0.7232796
OtherType : 0.72698504
DateTimeType : 0.74056363
ExpressionTable : 0.7461114
Constraint : 0.7375998
DatabaseInformation : 0.85892797
TriggerDef : 0.7424085
Routine : 0.762476
RowInputTextLog : 0.74973136
HsqlDateTime : 0.74822736
TransferSQLText : 0.7647759
BinaryType : 0.72633135
NumberType : 0.7678883
ClobType : 0.7375625
BlobType : 0.73889375
ParserDML : 0.74881226
