Canvas:0.49333333333333335
ClientOptions:0.48333333333333334
FreeColPanel:0.4033333333333333
