Session:0.4066666666666667
SessionData:0.2966666666666667
QuerySpecification:0.25916666666666666
ResultMetaData:0.25333333333333335
LobManager:0.23383333333333337
ColumnBase:0.23333333333333334
Log:0.224
Logger:0.20666666666666667
