MDialog:0.49333333333333335
ImageEditorCore:0.46
FeedListDialog:0.4266666666666667
FeedUtils:0.31
