TextAreaPainter:0.5683333333333334
SearchDialog:0.29
ChunkCache:0.27
BufferIORequest:0.25333333333333335
TextAreaTransferHandler:0.19
CompleteWord:0.18966666666666665
