LookAndFeelSettings:0.14405344
PluginSettings:0.1182566
GeneralSettings:0.025920628
TreeSettings:0.0051325085
