CargoPanel:0.47
DefaultTransferHandler:0.38
ColonyPanel:0.3566666666666667
EuropePanel:0.31333333333333335
WorkProductionPanel:0.13666666666666666
