ImageEditor:0.13072743
ImageEditorCore:0.051846143
ImageInfo:0.006683271
