UI:0.064595066
MColorIcon:0.044022873
MURLButton:0.028388865
ItemStatus:0.028124932
MHighlighter:0.027339319
MRenderer:0.020275071
MSizeGrip:0.019297136
MSeparator:0.018813124
MPanel:0.01771395
MCalendarPanel:0.016028203
HTMLBuilder:0.015097483
MMenu:0.014883714
MList:0.014574323
MLabel:0.011079422
MLogger:0.010718625
MApplication:0.010344859
MButton:0.009639992
MTip:0.009410616
MTableHeader:0.006874813
MDateSpinner:0.005912024
