RangeVariable:0.7233333333333334
QueryExpression:0.47333333333333333
RowSetNavigatorDataTable:0.41
