Unit:0.67
Player:0.6533333333333333
Monarch:0.23666666666666666
InGameInputHandler:0.23
InGameController:0.225
IndianBringGiftMission:0.20333333333333334
NewAIPlayer:0.2
ColonialAIPlayer:0.19
StandardAIPlayer:0.19
TensionTest:0.18333333333333332
ContactTest:0.14
StanceTradeItemPanel:0.13666666666666666
