ResourceBundleUtil:0.7066666666666667
AttributeKey:0.44333333333333336
UndoableAttributeEdit:0.24
SVGRectRadiusHandle:0.23666666666666666
FillToolBar:0.2
