Game:0.7666666666666667
FreeColObject:0.37666666666666665
InGameController:0.37
