SelectableAction:0.33536118
MiniMapZoomInAction:0.16283867
MiniMapZoomOutAction:0.16283865
ActionManager:0.07854639
