jEdit:0.9266666666666666
Macros:0.4066666666666667
DraggedURLLoader:0.26
