Editor:0.4
MDialog:0.285
PermissionKey:0.2833333333333333
Index:0.25333333333333335
MText:0.24666666666666667
EditorPlugin:0.23333333333333334
Armor:0.20333333333333334
AbstractTextEditor:0.19333333333333333
AccessMap:0.17333333333333334
SecurityDialog:0.12444444444444443
