ChipResource:0.5133333333333333
ImageLibrary:0.4633333333333333
FreeColDataFile:0.21333333333333335
ResourceManager:0.21
ResourceFactory:0.14777777777777779
