TextCache:0.6033333333333334
DataFileCache:0.5133333333333333
TextTable:0.2866666666666667
RowStoreAVLDiskData:0.2733333333333333
