jEdit:0.7066666666666667
ActionHandler:0.4066666666666667
FloatingWindowContainer:0.21333333333333335
OptionsDialog:0.20666666666666667
CompletionPopup:0.18333333333333332
GrabKeyDialog:0.16333333333333333
FontSelectorDialog:0.16333333333333333
SplashScreen:0.15
FilesChangedDialog:0.14666666666666667
HelpViewer:0.14666666666666667
CompleteWord:0.14666666666666667
StyleEditor:0.14333333333333334
SelectLineRange:0.14333333333333334
CloseDialog:0.14
PluginManager:0.13333333333333333
TipOfTheDay:0.13333333333333333
ErrorListDialog:0.12666666666666668
SwingInstall:0.12333333333333334
EditAbbrevDialog:0.11666666666666667
VFSFileChooserDialog:0.11666666666666667
PasteFromListDialog:0.11666666666666667
ToolBarEditDialog:0.11666666666666667
TextAreaDialog:0.11666666666666667
ContextAddDialog:0.10666666666666667
BufferOptions:0.1
AboutDialog:0.1
PluginManagerProgress:0.1
ViewRegisters:0.1
AddAbbrevDialog:0.07
