TransportMission:0.26412654
Mission:0.23807529
WorkInsideColonyMission:0.19925977
