MapboardAction:0.12649795
ActionManager:0.10231651
