EuropePanel:0.24781767
ColonyPanel:0.19918525
CargoPanel:0.13490798
TradeRouteInputDialog:0.1277256
UnitLabel:0.09348265
GoodsLabel:0.05606003
DropListener:0.052636027
MarketLabel:0.045786526
ImageSelection:0.044501748
FreeColPanel:0.00724408
