Mission:0.32826948
TransportMission:0.21839018
