Mission:0.2415118
TransportMission:0.19563182
