TransportMission:0.4414078
WorkInsideColonyMission:0.36649892
Mission:0.2566279
