Buffer:0.17893355
MiscUtilities:0.14531359
JEditTextArea:0.14230195
CompleteWord:0.14128993
KeywordMap:0.122718275
Abbrevs:0.12220638
TokenMarker:0.112526014
DefaultTokenHandler:0.050769188
SearchAndReplace:0.041550975
Token:0.027375478
