ColorPalette:0.4066666666666667
MSmallColorChooser:0.3233333333333333
MColorPicker:0.2833333333333333
MSmallColorButton:0.22666666666666666
Button:0.18666666666666668
ApplicationPalette:0.18444444444444444
Web20Palette:0.18444444444444444
DefaultColorPalette:0.18083333333333335
ColorAction:0.18022222222222226
