FreeColDialog:0.6783333333333333
MainPanel:0.25333333333333335
ChatPanel:0.25333333333333335
