UI:0.7433333333333333
Factory:0.44
StuffRenderer:0.2866666666666667
Content:0.21333333333333335
