PluginManager:0.15160269
Pluggable:0.10193653
PluginClassLoader:0.09904378
PluginInfo:0.09163756
ScriptPlugin:0.08986709
PluginException:0.08403936
PluginAction:0.045423474
LookAndFeelSettings:0.042458046
LookAndFeelPlugin:0.04131749
PluginType:0.03668569
PluginPermission:0.022043811
LocalePlugin:0.017203873
