TodoWidgetPlugin:0.06194588
Todo:0.04249336
