GUI:0.04811753
FreeColMenuBar:0.047185726
TilePopup:0.031366393
ImageLibrary:0.023984885
CanvasMouseListener:0.012234671
CanvasMouseMotionListener:0.010109072
FullScreenFrame:0.008946379
CanvasKeyListener:0.005468845
GUIMessage:0.005291147
WindowedFrame:0.0047673294
WindowedFrameListener:0.0020980604
