Colony:0.20953529
IndianSettlement:0.17609292
Building:0.17278929
Unit:0.15125854
Europe:0.14833678
ColonyTile:0.14596613
Tile:0.13966386
Player:0.13504477
Location:0.1264556
FreeColGameObject:0.12243901
Goods:0.12009804
Settlement:0.11151778
Game:0.106815584
ModelMessage:0.07031142
