Player:0.11361878
FreeColGameObject:0.10930407
Goods:0.10029504
Colony:0.09698215
Unit:0.09166519
Game:0.08578564
ModelMessage:0.052614346
Turn:0.0073186574
