Tabs:0.5766666666666667
EditorZoom:0.35
TextUtils:0.2966666666666667
MainWindow:0.25666666666666665
NotepadEditor:0.21666666666666667
ZoomAction:0.18
FeedViewer:0.13666666666666666
