HyperSearchResults:0.16550538
SearchAndReplace:0.123870164
Buffer:0.085137844
HyperSearchResult:0.050486874
Selection:0.049734857
jEdit:0.042327967
WorkRequest:0.03543438
SearchMatcher:0.031623617
WorkThread:0.026157588
GUIUtilities:0.023955414
View:0.022699948
VFSManager:0.01995716
SearchFileSet:0.018969342
Log:0.014348374
CharIndexedSegment:0.01126267
