JDBCPreparedStatement:0.6328574
JDBCResultSet:0.60187894
JDBCConnection:0.54905474
JDBCDatabaseMetaData:0.54902554
JDBCStatementBase:0.42412427
JDBCResultSetMetaData:0.40522584
Util:0.21108973
