ResultConstants:0.10829987
ResultLob:0.07935486
ResultMetaData:0.071180016
