ScriptReaderDecode:0.30820382
ScriptReaderBase:0.28930303
ScriptWriterText:0.056311317
