Log:0.11511123
HsqlDatabaseProperties:0.029948818
Crypto:0.010823351
