PgType:1.0
StatementPortal:0.95136976
Server:0.9453066
OdbcPacketOutputStream:0.5942296
OdbcPreparedStatement:0.45115563
OdbcPacketInputStream:0.37032577
RecoverableOdbcFailure:0.36435416
OdbcUtil:0.0
