MSettingsDialog:0.23148409
MIcon:0.05471972
MPanel:0.051387936
