MLabel:0.38
MDialog:0.3466666666666667
Content:0.2627777777777778
PluginManager:0.25333333333333335
MDateSpinner:0.24333333333333335
LocationBar:0.24111111111111108
PropertiesPanel:0.23666666666666666
MainWindow:0.21333333333333335
