MActionInfo:0.6266666666666667
ImageEditor:0.38333333333333336
MComponent:0.30333333333333334
TextEditor:0.19666666666666666
MSmallColorButton:0.13333333333333333
SimpleXMLReader:0.11666666666666667
SetColorAction:0.08666666666666667
MColorPickerBeanInfo:0.08666666666666667
MSmallColorChooserBeanInfo:0.08666666666666667
MColorButtonBeanInfo:0.08666666666666667
FlipAction:0.02238095238095238
