AbstractItem:0.10579671
Feed:0.0655541
FeedComponent:0.04710332
