LanguageToolWrapper:0.5252777777777777
FontFallbackMarker:0.49666666666666665
TransTipsMarker:0.30666666666666664
ProtectedPartsMarker:0.22333333333333333
