EditServlet:0.565
JAMWikiServlet:0.5133333333333333
UploadServlet:0.23666666666666666
