Colony:0.26538324
Consumer:0.24091992
ProductionCache:0.19439708
Ability:0.080916464
BuildableType:0.07336145
ProductionInfo:0.073220566
BuildingType:0.07148501
Settlement:0.06649298
Specification:0.059476264
GoodsType:0.04931262
AbstractGoods:0.043547265
FreeColObject:0.019483117
FreeColGameObject:0.019026624
Modifier:0.015158047
GameOptions:0.009612576
