ServerColony:0.3362847
ServerPlayer:0.13187163
ServerModelObject:0.118358016
