HyperSearchRequest:0.07559524
View:0.03982376
HyperSearchResult:0.034195986
jEdit:0.030389972
GUIUtilities:0.028036704
Buffer:0.022924379
SearchAndReplace:0.019338783
EditBus:0.017561445
BufferUpdate:0.013867929
EBComponent:0.009734733
EBMessage:0.00859208
OperatingSystem:0.0067602023
DefaultFocusComponent:0.00534947
RolloverButton:0.004257808
