Utilities:0.6933333333333334
EditServlet:0.31333333333333335
ServletUtil:0.2906666666666667
WatchlistTag:0.22333333333333333
WatchlistServlet:0.14
