ExpressionColumn:0.09037223
Expression:0.061281804
ColumnSchema:0.04764485
Routine:0.04405123
ParserDQL:0.038929693
RangeVariable:0.03779472
ParserRoutine:0.03675584
ParserDDL:0.032273125
ParserBase:0.027862955
ParserDML:0.020529946
ParserCommand:0.017334122
Scanner:0.015623117
StatementSchemaDefinition:0.0144975865
StatementSchema:0.0134150265
SchemaObject:0.0049415627
OpTypes:0.0016111431
Tokens:0.0
