Table:0.6066666666666667
Token:0.57
Schema:0.36666666666666664
SchemaManager:0.32
SQLFunction:0.27
BaseHashMap:0.26920634920634917
DDLParser:0.25666666666666665
Parser:0.25166666666666665
TableWorks:0.23666666666666666
OrderedHashSet:0.23666666666666666
OrderedIntHashSet:0.22
Grantee:0.20666666666666667
HashMappedList:0.19666666666666666
DomainType:0.155
BaseHashIterator:0.09
