UnitType:0.27079993
FreeColObject:0.07523973
Scope:0.06603765
BuildableType:0.056133043
Player:0.023306383
