UnitTypeChange:0.19025274
Unit:0.1132112
TileType:0.096248776
Europe:0.08980676
Monarch:0.086104855
AbstractUnit:0.085929476
IndianNationType:0.082353055
TileImprovementType:0.08051396
FoundingFather:0.080370925
Colony:0.077216804
Resource:0.0757376
EquipmentType:0.07283411
Tile:0.071507834
ResourceType:0.06810355
GoodsType:0.064364985
IndianSettlement:0.0641658
ColonyTile:0.06259642
PlayerExploredTile:0.06184705
Building:0.061477505
Player:0.0608667
SimpleCombatModel:0.05399281
BuildableType:0.05276381
TileItemContainer:0.050736476
BuildingType:0.050263006
FreeColObject:0.039977256
ModelController:0.036587123
FreeColGameObjectType:0.035981897
FeatureContainer:0.0326469
