Preferences:0.8966666666666666
HelpFrame:0.6166666666666667
