EditPane:0.6608333333333334
JEditTextArea:0.33666666666666667
PositionChanging:0.32
