Trace:0.261842
Result:0.19879732
HsqlInternalException:0.14764327
Index:0.14499322
Session:0.122458495
GranteeManager:0.12114159
DatabaseInformationFull:0.119391
UserManager:0.11516385
Library:0.11396711
Server:0.10871945
User:0.10554332
Parser:0.100319475
DatabaseInformationMain:0.099982016
TextTable:0.099850684
HsqlServerFactory:0.09126649
Column:0.090953104
HsqlDateTime:0.08938047
Grantee:0.08765251
Database:0.08673756
Tokenizer:0.08622424
Table:0.08449085
HSQLClientConnection:0.083221644
MemoryNode:0.078990564
Function:0.07853534
DINameSpace:0.07829028
CompiledStatement:0.07643509
DatabaseCommandInterpreter:0.07357621
DatabaseInformation:0.073330835
SessionInterface:0.0692678
Select:0.068435274
Expression:0.06603803
PointerNode:0.06565561
Node:0.06519954
HTTPClientConnection:0.064701766
DatabaseManager:0.06463435
Types:0.06294542
DiskNode:0.062201757
CachedRow:0.060067058
View:0.059915654
Constraint:0.05853993
SchemaManager:0.05745706
SequenceManager:0.055974238
ServerConnection:0.05375304
DIProcedureInfo:0.05368245
WebServerConnection:0.053642362
TableFilter:0.05283012
CompiledStatementExecutor:0.052823715
BaseMemoryNode:0.05197001
Row:0.047587704
TableWorks:0.04629589
Servlet:0.045226023
TriggerDef:0.041305408
DatabaseObjectNames:0.038236003
CachedDataRow:0.036765385
TransactionManager:0.035651162
SessionManager:0.033714846
SubQuery:0.030101487
DatabaseScript:0.027747333
Collation:0.022494644
SetFunction:0.020987809
BaseTable:0.019394513
Transaction:0.017105093
