BaseList:0.26253676
HsqlList:0.02334939
HsqlTaskQueue:0.014834101
