Table:0.12493282
Session:0.10436664
Select:0.089581415
ResultConstants:0.08181034
Column:0.07459697
DatabaseInformationMain:0.069920816
DatabaseInformationFull:0.06991132
CompiledStatement:0.058928244
Servlet:0.058327563
HSQLClientConnection:0.056485213
Expression:0.054282114
DatabaseCommandInterpreter:0.05258874
WebServerConnection:0.047944922
HTTPClientConnection:0.04565071
ServerConnection:0.044216134
CompiledStatementExecutor:0.04316629
Trace:0.042221103
Server:0.041043293
TableWorks:0.036097817
Database:0.03560587
View:0.032384694
Types:0.027610566
DatabaseScript:0.027321726
SessionInterface:0.020546569
SubQuery:0.019707419
HsqlException:0.015939655
GroupedResult:0.014553677
Collation:0.008645119
Record:0.0054552825
