OperatingSystem:0.93
EnhancedMenuItem:0.24333333333333335
EnhancedCheckBoxMenuItem:0.19333333333333333
