GUIUtilities:0.6833333333333333
PluginTableModel:0.3333333333333333
VFSFileChooserDialog:0.15666666666666668
ManagePanel:0.13055555555555556
InstallPanel:0.09666666666666666
StringMapHandler:0.0875
ChoosePluginSet:0.08666666666666667
SaveButton:0.08
ClearPluginSet:0.025833333333333333
