Player:0.6433333333333333
Europe:0.43666666666666665
Colony:0.37083333333333335
TransportMission:0.29
