Unit:0.6833333333333333
Settlement:0.42
IndianSettlement:0.39
Colony:0.31333333333333335
GoodsLocation:0.2
ServerColony:0.19111111111111112
UnitTest:0.17666666666666667
ServerIndianSettlement:0.14333333333333334
HighSeasTest:0.016999999999999998
