MainWindow:0.8266666666666667
TreePanel:0.4166666666666667
ImportExport:0.31666666666666665
MSystemTray:0.2544444444444445
