FreeCol:0.5366666666666666
Player:0.5
Connection:0.29333333333333333
FreeColMenuBar:0.16
