HTTPClientConnection:0.2113294
Result:0.16544288
Session:0.12825419
SessionInterface:0.10101018
Trace:0.039351337
ResultConstants:0.032372754
HsqlSocketFactory:0.028497282
HsqlException:0.02370388
Types:0.016498491
Record:5.2191317E-4
