jdbcStatement:0.50720906
jdbcDatabaseMetaData:0.45256737
jdbcResultSet:0.44022766
jdbcCallableStatement:0.438679
jdbcPreparedStatement:0.41062734
jdbcSavepoint:0.16400248
jdbcUtil:0.102932535
