jdbcCallableStatement:0.6461574
jdbcStatement:0.44285044
jdbcConnection:0.4054496
jdbcResultSet:0.3998607
jdbcDatabaseMetaData:0.36747164
jdbcResultSetMetaData:0.31069037
jdbcClob:0.25189307
jdbcBlob:0.23868696
jdbcParameterMetaData:0.1968941
jdbcUtil:0.1175646
