jdbcPreparedStatement:0.58189887
jdbcResultSet:0.57666683
jdbcConnection:0.5597556
jdbcCallableStatement:0.48312584
jdbcResultSetMetaData:0.39759874
jdbcUtil:0.13029063
