Table:0.106949866
Session:0.096355036
Select:0.07409416
ResultConstants:0.070122965
DatabaseInformationMain:0.064628266
Column:0.061456345
DatabaseInformationFull:0.05551451
Trace:0.055266574
DatabaseCommandInterpreter:0.052856058
CompiledStatement:0.051610038
HSQLClientConnection:0.05053087
Expression:0.04989856
Servlet:0.047456753
Server:0.04350319
WebServerConnection:0.043018032
HTTPClientConnection:0.03954158
CompiledStatementExecutor:0.035759114
ServerConnection:0.032477558
TableWorks:0.02482307
ScriptRunner:0.023705494
DatabaseScript:0.02334797
View:0.022512263
HsqlException:0.014424895
SessionInterface:0.013598162
GroupedResult:0.013050457
Record:0.006478271
