ScriptReaderBase:0.1776871
ScriptWriterBase:0.12884663
ScriptReaderZipped:0.0991122
