FeedThread:0.5516666666666666
LocationBar:0.5266666666666666
MDataInputStream:0.33666666666666667
