CalendarWidget:0.5383333333333333
ImportExport:0.39
LabelMenuAction:0.22222222222222218
