Index:0.6433333333333333
Table:0.6083333333333333
ParserDQL:0.29
Constraint:0.27
IndexAVL:0.25
TriggerDef:0.24
SchemaManager:0.22333333333333333
StatementDML:0.21
CompileContext:0.20333333333333334
