AbstractView:0.39191374
Application:0.3903622
OSXApplication:0.19106235
AbstractApplication:0.18864988
ApplicationModel:0.18347307
SDIApplication:0.15191531
MDIApplication:0.14393148
AbstractApplicationModel:0.11644054
DefaultApplicationModel:0.080909535
AppletApplication:0.07659205
PrintableView:0.06462991
EmptyApplicationModel:0.05810083
Disposable:0.010383563
