EuropePanel:0.08749106
ColonyPanel:0.083664574
CargoPanel:0.074517205
UnitLabel:0.06618625
TradeRouteInputDialog:0.032487903
MarketLabel:0.025058426
ColopediaPanel:0.02252874
WorkProductionPanel:0.022143384
GoodsLabel:0.01924913
FreeColPanel:0.015789995
