MainWindow:0.44333333333333336
MNotification:0.4
LiveTutorial:0.254
DesktopPanel:0.24666666666666667
ResizeDialog:0.24
MSmallColorButton:0.22666666666666666
ResizeAction:0.18
