DocumentWriter:0.035539534
ValueType:0.0252655
