Manifest:0.14990379
Content:0.14272131
SpreadsheetWriter:0.12580147
TextWriter:0.124526404
