Desktop:0.7516111111111111
XMLRPCResponse:0.4486111111111111
