CategoryList:0.3829106
CategoryManager:0.22995377
CategoryAction:0.046402138
Category:0.006492727
