MTogglePanel:0.09722536
MTip:0.09277636
MColorChooser:0.08872216
MStatusBar:0.08660576
MPanel:0.06523156
MHighlighter:0.061762083
MLabel:0.052535526
MWizardDialog:0.05120085
MCalendarPanel:0.050711002
MIcon:0.0447323
UI:0.044655513
TK:0.009820889
Property:0.004540171
BooleanProperty:0.0043475837
