Table:0.63
Index:0.38777777777777783
Constraint:0.37666666666666665
StatementDMQL:0.21
Session:0.19916666666666666
ParserCommand:0.19555555555555557
JDBCDatabaseMetaData:0.19333333333333333
ParserDDL:0.18666666666666668
ConstraintCore:0.04
