jEdit:0.13278654
Buffer:0.09336518
BufferUpdate:0.0636631
View:0.041901093
Log:0.02989902
ViewUpdate:0.016086264
EBMessage:0.011880464
OptionsDialog:0.008455465
EBPlugin:0.005113747
AboutDialog:0.0020596397
