TaskTable:0.5966666666666667
TodoEditor:0.5833333333333334
