WebBrowser:0.5466666666666666
SwingWebBrowser:0.35388888888888886
WikiPanel:0.29333333333333333
HistoryItem:0.23333333333333334
