JFlexParser:0.64
JFlexParserUtil:0.5333333333333333
WikiLinkTag:0.26666666666666666
