WikiUser:0.54
Environment:0.49
AnsiQueryHandler:0.28
WikiLogger:0.26
WikiEmailService:0.25666666666666665
RegisterServlet:0.24666666666666667
WikiMail:0.22666666666666666
AnsiDataHandler:0.19
AdminServlet:0.17333333333333334
EmailServlet:0.1
SetupServlet:0.07
LoginServlet:0.013333333333333334
