BezierPath:0.10492346
Geom:0.043615133
