ImageLibrary:0.89
EuropePanel:0.21444444444444447
BuildingPanel:0.21
BuildingSitePanel:0.19333333333333333
FreeColButtonUI:0.16
InformationDialog:0.15833333333333333
FreeColMenuBar:0.14666666666666667
FreeColListUI:0.14333333333333334
FreeColTextFieldUI:0.14333333333333334
FreeColTextAreaUI:0.14333333333333334
FreeColProgressBar:0.14
FreeColPanelUI:0.11333333333333333
FreeColMenuBarUI:0.09333333333333334
FreeColPopupMenuUI:0.09333333333333334
FreeColBrightPanelUI:0.09333333333333334
FreeColToolTipUI:0.09333333333333334
