Table:0.5466666666666666
Result:0.38
TableBase:0.3433333333333333
PersistentStoreCollectionSession:0.32
RowStoreAVLHybridExtended:0.2611111111111111
RowStoreAVL:0.22666666666666666
