MSlider:0.6266666666666667
LookAndFeelSettings:0.34
TextEditorDesigner:0.32
ImageEditorDesigner:0.2966666666666667
IntegerControlPanel:0.17722222222222223
