UI:0.87
Console:0.4166666666666667
TestUI:0.19
Editor:0.13333333333333333
