InternetSearchPanel:0.2043679
OpenSearchDescription:0.0598926
