PluginInfo:0.17466547
ScriptPlugin:0.15058501
AbstractPlugin:0.15009399
PluginSettings:0.1263719
PluginClassLoader:0.112360045
LookAndFeelSettings:0.099181175
PluginDownloader:0.09644222
PluginType:0.07603772
PluginInstaller:0.069556065
PluginEvent:0.06867356
PluginException:0.060555592
PluginList:0.048805125
LookAndFeelPlugin:0.047406927
