Colony:0.8
AIColony:0.36333333333333334
AIColonyTest:0.23666666666666666
