UnitAction:0.29897007
ActionManager:0.26751757
