ActionManager:0.2262863
MapboardAction:0.20353964
