QuerySpecification:0.5266666666666666
RangeVariable:0.48333333333333334
View:0.45666666666666667
ParserDML:0.25666666666666665
