Unit:0.71
InGameController:0.49666666666666665
InGameInputHandler:0.36666666666666664
