Unit:0.8766666666666667
UnitSeekAndDestroyMission:0.19333333333333333
DefendSettlementMission:0.19333333333333333
DefaultCostDecider:0.16611111111111113
