MapboardAction:0.26196823
ActionManager:0.19476706
