PluginJAR:0.23687136
ServiceListHandler:0.19560894
EditPlugin:0.16686709
FoldHandler:0.15106441
jEdit:0.13214533
BeanShell:0.11816061
VFS:0.10908839
VFSManager:0.08899838
XmlParser:0.049251486
Log:0.042835712
XmlException:0.02041649
