JEditTextArea:0.8566666666666667
Buffer:0.5166666666666667
TextAreaPainter:0.32
