ImageEditor:0.53
InternetSearchPanel:0.3933333333333333
ResizeDialog:0.3
ResizeAction:0.1211111111111111
