MMultiPanel:0.45666666666666667
Pager:0.3933333333333333
Action:0.31666666666666665
Button:0.21666666666666667
PagerSettings:0.19666666666666666
LazyLoader:0.15
DateTimeDialog:0.13
ButtonPanel:0.11666666666666667
MoveToDesktopAction:0.10666666666666667
