MTabbedPane:0.4033333333333333
StaticHandler:0.3433333333333333
MTextPane:0.2966666666666667
MTimer:0.15916666666666668
