MTextFieldPanel:0.6433333333333333
InternetSearch:0.31333333333333335
TodoEditor:0.2833333333333333
Links:0.25333333333333335
StatsDialog:0.195
RemoveAllLinksAction:0.1811111111111111
