Unit:0.6933333333333334
UnitType:0.49
InGameController:0.27666666666666667
InGameInputHandler:0.23333333333333334
ReportUnitPanel:0.19666666666666666
DemotionTest:0.15666666666666668
Upgrade:0.14166666666666666
DragListener:0.13
Downgrade:0.12333333333333334
