VCalendar:0.7366666666666667
DebugOutputStream:0.19666666666666666
TestVCalendar:0.14666666666666667
VCalendarEntry:0.13
