OStrings:0.66
OConsts:0.45111111111111113
TransFrame:0.39666666666666667
CommandThread:0.37666666666666665
StringEntry:0.2733333333333333
FontSelectionDialog:0.25666666666666665
TextFileHandler:0.23166666666666666
StaticUtils:0.21666666666666667
GlossaryManager:0.21
SaveThread:0.20333333333333334
SearchWindow:0.19666666666666666
ResourceBundleFileHandler:0.17
MMx:0.14333333333333334
HandlerMaster:0.13444444444444445
SearchThread:0.12333333333333334
FuzzyMatcher:0.08666666666666667
LegacyTM:0.04
