Widget:0.18147653
WidgetInternalFrame:0.15147914
DesktopPanel:0.037818175
WidgetPlugin:0.02989021
DesktopSettings:0.016477766
