DeskletWidget:0.051022306
DeskletWidgetDockingContainer:0.049427167
DeskletWidgetContainer:0.019406881
DeskletDialog:0.018430734
