ScriptPlugin:0.23482625
PluginInfo:0.20075479
PluginSettings:0.1501662
AbstractPlugin:0.14687438
PluginInstaller:0.102924675
PluginType:0.101101674
PluginDownloader:0.10073667
PluginEvent:0.09830643
PluginException:0.09320488
Pluggable:0.07987565
LookAndFeelPlugin:0.054208446
PluginClassLoader:0.022441577
