Location:0.7644444444444445
Unit:0.5166666666666667
UnitContainer:0.33
Building:0.2833333333333333
Colony:0.25333333333333335
Europe:0.24333333333333335
Tile:0.18
ColonyTile:0.17666666666666667
IndianSettlement:0.17666666666666667
