Number:0.44104734
NumberRules:0.27875134
Rule:0.10061028
