Number:0.44138563
NumberRules:0.1852631
