ZeroOneNumberRule:0.5030626
DualNumberRule:0.49997696
OtherNumberRule:0.4626192
DefaultNumberRule:0.45696127
PluralNumberRule:0.45639127
Selector:0.2721583
NumberRules:0.16833754
Messages:0.05598224
