Number:0.3935472
NumberRules:0.09995686
