Number:0.43097416
NumberRules:0.16593377
