Number:0.35089633
NumberRules:0.17538814
