OptionGroup:0.30236644
Option:0.29396766
FileOption:0.23777972
SelectOption:0.23053427
IntegerOption:0.20176737
BooleanOption:0.19964044
RangeOption:0.19436096
LanguageOption:0.16559015
