OptionGroupUI:0.17372982
OptionMapUI:0.16235588
OptionUpdater:0.08837174
