FreeColDialog:0.22541983
FreeColPanel:0.12533739
