OptionGroupUI:0.20866984
OptionMapUI:0.13728394
OptionUpdater:0.05697299
