OptionGroupUI:0.19961034
OptionUpdater:0.008970598
