MapboardAction:0.46514887
ActionManager:0.19567448
BuildColonyAction:0.13745168
ChatAction:0.13074464
WaitAction:0.1305305
AboutAction:0.12748037
FortifyAction:0.12707031
SkipUnitAction:0.12505321
DisbandUnitAction:0.12442998
SentryAction:0.12244306
ShowMainAction:0.12175554
QuitAction:0.11813247
MiniMapZoomOutAction:0.1171331
MiniMapZoomInAction:0.11573011
ZoomOutAction:0.1042951
ZoomInAction:0.10379802
ImprovementAction:0.09936096
MiniMapChangeBackgroundAction:0.098211356
DeclareIndependenceAction:0.09052953
DetermineHighSeasAction:0.072702065
ScaleMapAction:0.07047767
