FreeColDialog:0.31072342
FreeColPanel:0.06387677
