OptionGroupUI:0.25613332
OptionMapUI:0.24349844
OptionUpdater:0.13651814
