OptionMapUI:0.20199989
OptionGroupUI:0.19536689
OptionUpdater:0.08454056
