SelectOptionUI:0.26021653
LanguageOptionUI:0.25945663
BooleanOptionUI:0.25940385
IntegerOptionUI:0.22539902
OptionMapUI:0.2070835
OptionGroupUI:0.20390901
RangeOptionUI:0.18906082
FileOptionUI:0.18694964
FreeColActionUI:0.117467366
