AbstractOption:0.43370086
OptionGroup:0.19826914
OptionMap:0.15517867
RangeOption:0.14495109
IntegerOption:0.14265686
BooleanOption:0.13937901
FileOption:0.121184595
SelectOption:0.11641618
LanguageOption:0.09426331
