OptionGroupUI:0.40908363
RangeOptionUI:0.11907015
LanguageOptionUI:0.094206266
BooleanOptionUI:0.07852158
SelectOptionUI:0.078375496
IntegerOptionUI:0.06756061
FileOptionUI:0.06261537
OptionUpdater:0.045697547
