Tokens:0.5433333333333333
DatabaseURL:0.40222222222222226
CharacterType:0.37
Session:0.35333333333333333
NumberType:0.2833333333333333
FunctionSQL:0.2633333333333333
TestStoredProcedure:0.25333333333333335
FunctionSQLInvoked:0.25
DataFileCache:0.24666666666666667
StatementProcedure:0.24
Routine:0.21333333333333335
ExpressionOp:0.21333333333333335
ParserRoutine:0.20333333333333334
DatabaseManager:0.19666666666666666
JDBCDriver:0.155
FunctionCustom:0.14
