MapControls:0.49555555555555564
InfoPanel:0.43333333333333335
MapControlsAction:0.3466666666666667
