ArchiveChannel:0.2776588
ArchiveException:0.07744255
ArchiveItem:0.049404304
