Building:0.44333333333333336
Player:0.36388888888888893
FreeColGameObjectType:0.29333333333333333
