Set:0.21947712
OrderedHashSet:0.21364422
Collection:0.19347319
Iterator:0.10113731
ObjectComparator:0.04703178
