DropShadowBorder:0.5991666666666666
QuotedPrintableCodec:0.4766666666666667
LinkButton:0.30666666666666664
