BufferIORequest:0.3370741
FileVFS:0.30131835
VFSManager:0.25108284
BrowserIORequest:0.19439083
BeanShell:0.19310132
UrlVFS:0.18435104
Buffer:0.18364255
FileRootsVFS:0.17013544
VFSBrowser:0.16354133
MiscUtilities:0.1449372
FavoritesVFS:0.13973187
View:0.10548227
BrowserPopupMenu:0.06852512
BrowserView:0.065122515
VFSFileChooserDialog:0.057553574
RecentFilesMenu:0.035100605
FileCellRenderer:0.024582634
BrowserListener:0.011811817
