Canvas:0.59
Region:0.45666666666666667
ReportExplorationPanel:0.28
InGameMenuBar:0.27666666666666667
ReportCargoAction:0.27444444444444444
ReportExplorationAction:0.23333333333333334
ActionManager:0.12666666666666668
