MPasswordField:0.1463393
MMessage:0.034495752
MDialog:0.023642616
MLayout:0.023059279
TK:0.010391684
MPanel:0.008327051
MNumberSpinner:0.006681993
Flags:0.0064246813
MCheckBox:0.0048662885
MLabel:0.0047553307
MTextField:0.0029861832
MButton:0.0028262495
MURLButton:0.0025548385
