Rule:0.5433333333333333
SRX:0.48333333333333334
MapRule:0.38
