ConvexHull:0.44333333333333336
SVGPathFigure:0.40888888888888886
DefaultDrawingView:0.38666666666666666
Polygon2D:0.14
Main:0.13444444444444442
ConvexHullOutlineHandle:0.1
