Main:0.48333333333333334
RealProject:0.4633333333333333
IProject:0.3669444444444444
NotLoadedProject:0.24666666666666667
ProjectUICommands:0.21
