Database:0.4666666666666667
ScriptReaderBase:0.42333333333333334
RAShadowFile:0.3994444444444445
HsqlDatabaseProperties:0.38
ScaledRAFile:0.3
Logger:0.2966666666666667
DataFileCache:0.28
ScaledRAFileNIO:0.25333333333333335
DataFileCacheSession:0.25333333333333335
Log:0.21666666666666667
ScriptReaderText:0.21
StatementCommand:0.13333333333333333
ScriptRunner:0.12
