Expression:0.7633333333333333
Parser:0.39666666666666667
CompiledStatement:0.38666666666666666
DDLParser:0.23333333333333334
