Buffer:0.5066666666666667
JEditTextArea:0.42
DisplayManager:0.33
FirstLine:0.26666666666666666
ChunkCache:0.26
BufferChangeHandler:0.24666666666666667
ScrollLineCount:0.20666666666666667
EBMessage:0.16333333333333333
