IDictionary:0.07334571
DictionariesManager:0.06735582
