MatchesTextArea:0.2091896
GlossaryTextArea:0.051110853
SegmentHistory:0.033633754
DocumentSegment:0.025129465
DockableScrollPane:0.0070380084
EditorTextArea:0.0
