AbstractOption:0.2808529
OptionGroup:0.27975082
Option:0.14911015
