InstallPanel:0.11151854
PluginManagerProgress:0.109044366
jEdit:0.100004934
ErrorListDialog:0.096927084
ManagePanel:0.077915065
GUIUtilities:0.06620323
EditBus:0.057108484
PluginList:0.047041308
PluginUpdate:0.043673396
VFSManager:0.038523927
PluginOptions:0.0343209
EBComponent:0.032467395
EBMessage:0.030301394
Log:0.028692808
PropertiesChanged:0.023843879
GlobalOptions:0.020665163
XmlException:0.007677067
WorkRequest:0.00666303
