MetaInfo:0.71
ExtraKiosk:0.275
PropertiesPanel:0.22666666666666666
MenuButton:0.15333333333333332
