MPasswordField:0.08142885
MMessage:0.07732423
MDialog:0.018162295
MLayout:0.016040174
MPanel:0.011840171
MLabel:0.008873938
MNumberSpinner:0.006198045
MURLButton:0.004665139
MIcon:0.003955333
MTextField:0.0036679022
MButton:0.0034409966
MCheckBox:0.0033672983
Flags:0.0033282712
