MainWindow:0.54
Armor:0.5366666666666666
LoupeLayerUI:0.38333333333333336
