NumberType:0.37333333333333335
TransactionManagerMVCC:0.3433333333333333
TransactionManagerMV2PL:0.3433333333333333
TransactionManagerCommon:0.31666666666666665
TransactionManager2PL:0.30333333333333334
Logger:0.29
StatementCommand:0.2227777777777778
FunctionSQL:0.21666666666666667
