ActionManager:0.23716955
MapboardAction:0.17842272
FreeColAction:0.16865651
