FreeColAction:0.11270929
MapboardAction:0.1006611
ActionManager:0.053812195
