Limit:0.21506348
FreeColObject:0.18707243
FoundingFather:0.17303485
FreeColGameObjectType:0.15636797
Specification:0.07953536
