WikiPageInfo:0.61
JAMWikiServlet:0.43666666666666665
EditServlet:0.2
UploadServlet:0.17666666666666667
UpgradeServlet:0.16
AdminServlet:0.15666666666666668
SetupServlet:0.15333333333333332
TranslationServlet:0.15
RegisterServlet:0.12333333333333334
DeleteServlet:0.11333333333333333
SearchServlet:0.10333333333333333
HistoryServlet:0.09666666666666666
LoginServlet:0.09666666666666666
TopicServlet:0.09333333333333334
ImportServlet:0.09333333333333334
ContributionsServlet:0.07333333333333333
DiffServlet:0.07333333333333333
LinkToServlet:0.07333333333333333
RecentChangesServlet:0.07333333333333333
