TextEditor:0.55
TextEditorDesigner:0.5266666666666666
StyleButton:0.21333333333333335
Clear:0.14444444444444443
CharacterAction:0.14333333333333334
