jEdit:0.53
GUIUtilities:0.4266666666666667
EditAction:0.33666666666666667
ActionContext:0.29
JEditTextArea:0.26
ActionSet:0.24
Wrapper:0.22666666666666666
Model:0.20666666666666667
VFSBrowser:0.20333333333333334
PluginJAR:0.195
MacrosMenu:0.17
BrowserCommandsMenu:0.14833333333333334
ActionHandler:0.14
BeanShellAction:0.13333333333333333
EnhancedMenuItem:0.08333333333333333
PluginCacheEntry:0.07
EnhancedButton:0.06333333333333334
EnhancedMenu:0.05
EnhancedCheckBoxMenuItem:0.04666666666666667
