Figure:0.58
Handle:0.5766666666666667
SimpleDrawingView:0.42
LineConnectionFigure:0.23
MoveHandle:0.21
PointHandle:0.1577777777777778
ConnectionPointHandle:0.15166666666666667
LineFigure:0.15
BoundsInLocalHandle:0.12333333333333334
LineWireframeHandle:0.11444444444444443
BoundsInParentHandle:0.09666666666666666
HandleType:0.08333333333333333
