MClipboard:0.4166666666666667
MDataTransfer:0.37333333333333335
EditorPlugin:0.25333333333333335
TextEditorCore:0.24583333333333332
ImportExport:0.18666666666666668
TodoEditorPlugin:0.043333333333333335
