FreeColObject:0.42396915
Feature:0.4223151
FreeColGameObjectType:0.40647548
BuildableType:0.21986245
FeatureContainer:0.16354847
Colony:0.1347139
Player:0.116072685
Unit:0.10238882
