Feature:0.09761799
FreeColObject:0.06759199
UnitTypeChange:0.056413066
