Property:0.6666666666666666
PropertyPanel:0.4166666666666667
BeanProperty:0.36
TabComponent:0.2966666666666667
