FreeColDialog:0.7033333333333334
MapGeneratorOptions:0.6866666666666666
StartGamePanel:0.25
MapGeneratorTest:0.16
