ParserDQL:0.5588888888888889
Logger:0.44333333333333336
JDBCTypes:0.36
