SearchAndReplace:0.55
SearchDialog:0.43666666666666665
View:0.37
HistoryTextArea:0.32305555555555554
