Game:0.6733333333333333
IndianSettlement:0.32
Goods:0.2966666666666667
UnitContainer:0.2888888888888889
TileItem:0.2
Resource:0.19527777777777777
TileImprovement:0.18833333333333332
