AbstractFS:0.5975
MDate:0.47333333333333333
FSHelper:0.37666666666666665
