FSProperties:0.6827777777777778
FeedsFS:0.5383333333333333
SearchFS:0.3283333333333333
PropertiesDialog:0.2866666666666667
