FreeColDataFile:0.12577152
Mods:0.052674856
FreeColModFile:0.048892155
