TileImprovement:0.1969365
TileType:0.18877712
TileItemContainer:0.14606199
Tile:0.14455886
GoodsType:0.09405511
Specification:0.09296391
UnitType:0.08991279
EquipmentType:0.07536892
Unit:0.061782774
FreeColGameObjectType:0.061421685
FreeColObject:0.056225915
Modifier:0.05419971
Scope:0.048331376
FeatureContainer:0.020283084
TypeCountMap:0.008394864
