QueryHandler:0.8933333333333333
DatabaseHandler:0.37666666666666665
MySqlQueryHandler:0.3
AnsiQueryHandler:0.2733333333333333
