EditorPlugin:0.64
MainWindow:0.46388888888888885
TodoEditorPlugin:0.43333333333333335
