jEdit:0.14929733
PluginJAR:0.14421599
EditPlugin:0.08990137
MiscUtilities:0.07309382
Roster:0.07198968
JARClassLoader:0.059805475
PluginManager:0.04489709
HelpViewer:0.038082257
