UI:0.66
CalendarWidget:0.23666666666666666
CalendarDesklet:0.23277777777777775
HiddenTabsUI:0.19666666666666666
MTabbedPane:0.19666666666666666
WidgetInternalFrameUI:0.16666666666666666
MTextLabel:0.16
SimpleButtonUI:0.09333333333333334
