Figure:0.5666666666666667
Handle:0.5066666666666667
SimpleDrawingView:0.2833333333333333
Converter:0.24111111111111114
LineConnectionFigure:0.23111111111111116
CssSample:0.19333333333333333
MoveHandle:0.15
CSSConverterFactory:0.14
CSSFontConverter:0.04666666666666667
CSSSizeListConverter:0.03333333333333333
