MiscUtilities:0.49666666666666665
FileVFS:0.33666666666666667
BeanShellAction:0.25333333333333335
DownloadThread:0.1375
WindowHandler:0.12666666666666668
ActionHandler:0.1
