Plugin:0.51
Main:0.43666666666666665
MainWindow:0.42
Sidebar:0.27
Button:0.19
ConfigureAction:0.17500000000000002
WidgetPlugin:0.17
