MMessage:0.6438888888888888
ArchiveChannel:0.47333333333333333
ImagePreviewPanel:0.28833333333333333
