ItemRenderer:0.4533333333333333
Vars:0.36577777777777787
BooleanProperty:0.29333333333333333
TreeSettingsButton:0.20333333333333334
TestBooleanProperty:0.06833333333333333
