JEditTextArea:0.48
RegexpIndentRule:0.3566666666666667
View:0.3333333333333333
IndentRuleFactory:0.22666666666666666
KeyEventWorkaround:0.18611111111111112
TextAreaPainter:0.13333333333333333
