Buffer:0.8366666666666667
VFSBrowser:0.4666666666666667
Abbrevs:0.30333333333333334
