Map:0.6366666666666667
TileItemContainer:0.49666666666666665
ReportRequirementsPanel:0.35333333333333333
