MiscUtilities:0.7033333333333334
Buffer:0.49666666666666665
DocumentHandler:0.34944444444444445
ActionBar:0.25666666666666665
ActionTextField:0.235
CompleteWord:0.197
