Goods:0.49759313
TileType:0.4609577
GoodsContainer:0.45045105
BuildableType:0.38503343
Building:0.35402164
UnitType:0.32756355
ColonyTile:0.32605255
GoodsType:0.31829846
Market:0.3161772
Europe:0.30615446
Settlement:0.30502704
EquipmentType:0.28660318
FreeColObject:0.28334102
GoodsLocation:0.28249085
Tile:0.2727267
IndianSettlement:0.25947332
ProductionMap:0.2594485
TradeRouteStop:0.24200007
Colony:0.2220479
ProductionInfo:0.21990432
ProductionCache:0.19263582
Specification:0.16983287
BuildQueue:0.14457956
Player:0.14040232
Unit:0.124704756
Consumer:0.09024343
