UnitTypeChange:0.21770875
IndianNationType:0.16773868
BuildingType:0.14116842
FoundingFather:0.13367069
Unit:0.12945281
TileType:0.12730351
Colony:0.12724984
Europe:0.12420808
Resource:0.116558045
TileImprovementType:0.11303073
EquipmentType:0.108614124
AbstractUnit:0.10734161
IndianSettlement:0.10548271
Building:0.10481108
ResourceType:0.10372418
Tile:0.103028186
WorkLocation:0.10085793
Monarch:0.09796774
GoodsType:0.09724622
Settlement:0.09605953
Specification:0.09320187
ColonyTile:0.08788526
PlayerExploredTile:0.08466705
BuildableType:0.08022061
AbstractGoods:0.07902958
FreeColObject:0.07826056
Ability:0.07337048
TileItemContainer:0.06902899
Player:0.066577524
Modifier:0.063962914
FreeColGameObjectType:0.060157422
LostCityRumour:0.05749515
UnitTradeItem:0.05390669
UnitWas:0.045930605
SimpleCombatModel:0.04214763
Consumer:0.037705485
FeatureContainer:0.019989328
TypeCountMap:0.016610058
