FeedsFS:0.5733333333333334
PrintPreviewPanel:0.30666666666666664
ItemRenderer:0.23333333333333334
Renderer:0.20111111111111113
FetchFeedsAction:0.17111111111111113
