MComboBox:0.38666666666666666
MList:0.38666666666666666
MPanel:0.38166666666666665
BooleanRenderer:0.3333333333333333
