Globals:0.57
MURLButton:0.35333333333333333
LinkEditor:0.2633333333333333
PluginSettings:0.23666666666666666
StaticHandler:0.09333333333333334
StaticMouseHandler:0.09122222222222222
ValidatorMessage:0.06
PluginSettingsTab:0.05333333333333334
