MCheckBoxTable:0.6105555555555556
DeletePrivateDataPlugin:0.5366666666666666
