Console:0.62
ConsoleIO:0.5466666666666666
ConsoleCommandLine:0.20333333333333334
Projects:0.19
SDK:0.12777777777777777
