FeedViewer:0.71
MarkAllAsReadAction:0.29333333333333333
FaviconRequestManager:0.22333333333333333
