WikiBase:0.52
JAMWikiServlet:0.4266666666666667
VQWikiParser:0.22666666666666666
AbstractParser:0.22398412698412695
EditServlet:0.17333333333333334
PrintableServlet:0.12333333333333334
HistoryServlet:0.11333333333333333
JAMWikiParser:0.09333333333333334
