ScriptingWindow:0.3566666666666667
IScriptLogger:0.3453333333333334
Main:0.3433333333333333
ScriptRunner:0.34
ScriptsMonitor:0.25666666666666665
FileUtil:0.21666666666666667
FileUtilTest:0.04
