PluginClassLoader:0.5433333333333333
PluginManager:0.5022222222222222
Armor:0.26666666666666666
AppletPanel:0.21555555555555558
TestPermission:0.08
