Geom:0.7
ConnectionPointHandle:0.26
BoundsInLocalOutlineHandle:0.21666666666666667
ChopRectangleConnector:0.16666666666666666
ChopEllipseConnector:0.10666666666666667
LineConnectionTool:0.09916666666666667
