MainWindow:0.45666666666666667
LookAndFeelSettings:0.26666666666666666
ColumnManager:0.24666666666666667
TreePanel:0.21666666666666667
NoteWidget:0.1991666666666667
Advanced:0.19777777777777777
PropertiesBar:0.17666666666666667
ConfigureAction:0.13777777777777778
PropertiesAction:0.11666666666666667
