Tabs:0.11098907
Sidebar:0.07037451
Main:0.025372539
Vars:0.010412083
