Map:0.77
StandardAIPlayer:0.31333333333333335
BaseCostDeciderTest:0.27666666666666667
BaseCostDecider:0.20333333333333334
