InputHandler:0.15309687
GrabKeyDialog:0.14303651
KeyEventWorkaround:0.08872587
View:0.045763675
jEdit:0.03636329
StatusBar:0.016623426
EditAction:0.015602434
Log:0.012080642
OperatingSystem:0.0032915678
