View:0.368618
jEdit:0.266975
Buffer:0.23866338
Gutter:0.21473034
JEditTextArea:0.18788415
TextAreaPainter:0.17969885
BeanShell:0.1730242
BufferUpdate:0.1578206
StatusBar:0.121925585
Java14:0.11402791
FoldVisibilityManager:0.11344813
EBComponent:0.09972272
VFSBrowser:0.09384136
EditBus:0.09353136
EditPaneUpdate:0.09035671
BufferSwitcher:0.08778392
GUIUtilities:0.08420589
SearchBar:0.07232845
QuickNotepad:0.069240995
VFSManager:0.056016788
PropertiesChanged:0.0370905
EBMessage:0.03349045
GlobalOptions:0.016439788
