Task:0.7866666666666666
TodoEditor:0.34
TodoEditorCore:0.31666666666666665
TodoEditorPlugin:0.2549444444444445
Renderer:0.20333333333333334
HTMLOptionsForm:0.014285714285714285
