Building:0.72
GameOptions:0.5036666666666667
SpecificationTest:0.32666666666666666
SchoolTest:0.15666666666666668
