MDialog:0.7566666666666667
PluginManager:0.45
PluginInfo:0.39666666666666667
