Unit:0.4432441
ModelController:0.25156596
FreeColObject:0.25097525
FreeColGameObjectType:0.17755832
GoodsType:0.15383363
Location:0.0629438
Ownable:0.04248054
Player:0.0
Game:0.0
FreeColGameObject:0.0
