Namespace:0.44333333333333336
AnsiDataHandler:0.38
WikiLink:0.37666666666666665
AnsiQueryHandler:0.3466666666666667
LinkUtil:0.19333333333333333
