FS:0.74
EditorQuickFind:0.38
CancelAction:0.13333333333333333
LinkButton:0.12666666666666668
