WikiDatabase:0.4866666666666667
WikiBase:0.4
DatabaseConnection:0.30916666666666665
SetupServlet:0.22666666666666666
DatabaseUserHandler:0.19
UpgradeServlet:0.16333333333333333
DatabaseUpgrades:0.14888888888888888
