FS:0.8066666666666666
Widget:0.3
DeskletLoader:0.2833333333333333
AutoCompletionData:0.26666666666666666
