DatabaseManagerSwing:0.6655555555555556
HsqlDateTime:0.43
FunctionCustom:0.25666666666666665
