TaskTable:0.6466666666666666
TodoEditor:0.4633333333333333
CircleEditor:0.24666666666666667
