Unit:0.5633333333333334
GoodsContainer:0.31333333333333335
AIPlayer:0.31333333333333335
Connection:0.29333333333333333
InGameController:0.2633333333333333
