ScaledRAFileNIO:0.3095393
ScaledRAFile:0.26202658
ScaledRAInterface:0.0818235
