DefaultPreview:0.69
NotepadEditor:0.5866666666666667
NotepadEditorPlugin:0.37666666666666665
