MTable:0.47
Model:0.38333333333333336
Console:0.36666666666666664
ConsoleConfig:0.20333333333333334
