Tool:0.6533333333333333
ImageEditorCore:0.4266666666666667
RectangleTool:0.37
Panel:0.27
SelectionTool:0.2038888888888889
AbstractRectangleTool:0.18
RedRectangleTool:0.016666666666666666
