TestBench:0.5433333333333333
StringConverter:0.5216666666666666
RoutineSchema:0.44333333333333336
