IProject:0.6483333333333333
RealProject:0.48333333333333334
LoadFilesCallback:0.30333333333333334
Pair:0.19333333333333333
NotLoadedProject:0.18666666666666668
