ImageUtil:0.19844016
InterWikiHandler:0.12741174
PseudoTopicHandler:0.07490453
NamespaceHandler:0.035420496
WikiUtil:0.0
WikiLink:0.0
Utilities:0.0
WikiLogger:0.0
