Controller:0.36410812
InputHandler:0.25153574
