PreGameInputHandler:0.3403783
InGameInputHandler:0.2742204
