AnsiDataHandler:0.6
AnsiQueryHandler:0.49833333333333335
WikiUser:0.295
DatabaseUpgrades:0.17333333333333334
