SchemaManager:0.2529471
ParserDDL:0.19142318
SqlInvariants:0.16035977
Routine:0.15909788
RoutineSchema:0.15843278
Schema:0.15416428
Table:0.15234654
TriggerDef:0.143509
ParserTable:0.13459507
TableUtil:0.13302366
SchemaObject:0.1316148
ParserRoutine:0.12693228
TableWorks:0.10954186
ExpressionColumn:0.096870966
StatementCompound:0.09433341
Database:0.07981317
TextTable:0.076077856
QueryExpression:0.07391987
QuerySpecification:0.06811148
ParserDQL:0.06618983
TypeInvariants:0.058427747
TriggerDefSQL:0.029535275
Tokens:0.0
