JDBCCallableStatement:0.6529427
JDBCStatement:0.3643737
JDBCResultSet:0.35393998
JDBCConnection:0.353569
JDBCDatabaseMetaData:0.3262031
JDBCClob:0.2861983
JDBCArray:0.2550305
JDBCBlob:0.24555327
JDBCResultSetMetaData:0.2436239
JDBCParameterMetaData:0.22275424
JDBCUtil:0.19095264
JDBCClobClient:0.183237
JDBCBlobClient:0.17178698
JDBCStatementBase:0.15739316
