Table:0.45578477
Constraint:0.3767664
SchemaManager:0.34211814
ParserTable:0.22325501
StatementSchema:0.21911258
SchemaObject:0.14752413
ConstraintCore:0.13764416
ColumnSchema:0.13095315
TriggerDef:0.09902177
TableBase:0.09258841
Database:0.090212665
StatementCommand:0.08471977
Expression:0.08385571
HsqlNameManager:0.083826885
TriggerDefSQL:0.060287055
Session:0.045008108
ExpressionLogical:0.036350742
SessionData:0.027098719
SessionManager:0.024612354
ColumnBase:0.021021537
Row:0.014466972
HsqlException:0.011039255
