FreeColDialog:0.16082811
FreeColPanel:0.117190436
