FreeColDialog:0.2192503
FreeColPanel:0.09536533
