FreeColDialog:0.1142379
FreeColPanel:0.100504525
