FreeColPanel:0.051679242
FreeColDialog:0.04861125
UnitLabel:0.03444799
