TK:0.6066666666666667
MFontChooser:0.3877777777777778
MActionInfo:0.35111111111111115
MApplication:0.32666666666666666
Database:0.16
FindNextAction:0.10333333333333333
