DefaultDrawingView:0.72
SVGInputFormat:0.42333333333333334
PaletteLookAndFeel:0.2733333333333333
JDisclosureToolBarBeanInfo:0.22
ViewToolBar:0.19333333333333333
