OptionGroup:0.21762982
OptionsDialog:0.1824961
PluginManager:0.08056764
EditPlugin:0.07303035
jEdit:0.05346357
AbstractOptionPane:0.045970947
Log:0.012984614
