Expression:0.13756716
SequenceManager:0.037996035
SchemaManager:0.026606638
Table:0.025934448
DatabaseCommandInterpreter:0.022804886
Parser:0.021699494
DatabaseScript:0.019756837
View:0.017253406
DatabaseInformationMain:0.013053833
DITableInfo:0.010702839
Types:0.008788975
