Core:0.7291666666666666
TestCore:0.30333333333333334
SearchWindowTest:0.15
