OptionsDialog:0.04648312
FreeColPanel:0.033665773
