StartGamePanel:0.12841725
OptionsDialog:0.07462553
