OptionsDialog:0.25052398
FreeColPanel:0.03620761
