ServerColony:0.24964139
ServerPlayer:0.24909927
ServerBuilding:0.20086765
ServerIndianSettlement:0.14472969
ServerEurope:0.12350101
ServerModelObject:0.022755163
