Unit:0.49333333333333335
TradeRoute:0.4266666666666667
InGameController:0.33
InGameInputHandler:0.2733333333333333
TradeRouteDialog:0.26
