HyperSearchOperationNode:0.7666666666666667
RedoSearchAction:0.3473333333333333
