PluginManager:0.44
PrintPreview:0.3933333333333333
TreePanel:0.30333333333333334
