GUI:0.66
ProductionLabel:0.24444444444444446
UnitLabel:0.24444444444444446
ProductionMultiplesLabel:0.23
