Tile:0.44666666666666666
IndianSettlement:0.38
Connection:0.3233333333333333
InGameController:0.27666666666666667
PlayerExploredTile:0.23333333333333334
InGameInputHandler:0.22333333333333333
