Unit:0.28841597
Player:0.26439714
Colony:0.2547479
Tile:0.24486287
Goods:0.21891409
Market:0.21030433
Monarch:0.18218596
Game:0.1676218
GoodsContainer:0.15652423
Map:0.15168019
ModelMessage:0.14513479
FreeColObject:0.13761568
UnitType:0.12966004
FreeColGameObject:0.124987595
Location:0.09249907
GoodsType:0.074829265
AbstractGoods:0.07202661
EquipmentType:0.06550659
BuildableType:0.051042244
Locatable:0.046240788
Ownable:0.0378681
Named:0.012466415
