ActionManager:0.30179507
MapboardAction:0.20441529
FreeColAction:0.19829774
