ActionManager:0.5318334
MapboardAction:0.40053278
