FoldPainter:0.63
Gutter:0.45
EditPane:0.4033333333333333
GutterOptionPane:0.14666666666666667
SquareFoldPainter:0.07
CircleFoldPainter:0.07
TriangleFoldPainter:0.02666666666666667
