Query:0.6066666666666667
MCalendar:0.45
QueryEditor:0.2733333333333333
TreeSettingsButton:0.14333333333333334
DateSelection:0.14
SelectionItem:0.13444444444444442
Criterium:0.11666666666666667
