HsqlSocketRequestHandler:0.18414891
Server:0.1464855
HsqlProperties:0.046119064
ServerConstants:0.030750996
Trace:0.023888333
HsqlException:0.0065279333
