WebServer:0.13081375
ServerConfiguration:0.12417642
ServerConstants:0.0971273
DatabaseManager:0.071050726
Trace:0.06420196
WebServerConnection:0.06192476
HsqlProperties:0.05106189
ServerConnection:0.050764766
HsqlDatabaseProperties:0.045122255
Result:0.040933944
HsqlSocketFactory:0.03990577
Session:0.03349147
HsqlServerFactory:0.024852771
ResultConstants:0.022574347
HsqlSocketRequestHandler:0.008738464
HsqlException:0.005798719
Record:1.6246173E-4
