Server:0.47007707
ServerConfiguration:0.2622672
WebServerConnection:0.16545013
ServerConstants:0.1314458
HsqlProperties:0.09768074
