UI:0.57
ImageEditorCore:0.35333333333333333
Watermark:0.30666666666666664
TodoEditorCore:0.25333333333333335
