Drawing:0.6666666666666666
UndoableAdapter:0.3233333333333333
UndoManager:0.23444444444444448
UndoableCommand:0.20666666666666667
FigureEnumerator:0.18
HandleAndEnumerator:0.17
FigureEnumeration:0.16922222222222222
SingleFigureEnumerator:0.16333333333333333
HandleEnumerator:0.11333333333333333
HandleEnumeration:0.11
FigureAndEnumerator:0.06
ReverseFigureEnumerator:0.056666666666666664
