Project:0.7
Preferences:0.6566666666666666
ProjectProperties:0.39666666666666667
ProjectPropertiesDialog:0.22333333333333333
GlossaryTextArea:0.16416666666666666
ProjectFileStorage:0.08777777777777777
OConsts:0.016666666666666666
