Table:0.43
HsqlDateTime:0.4066666666666667
Constraint:0.3566666666666667
Library:0.3416666666666667
Column:0.3
