Player:0.6427777777777778
UnitWanderHostileMission:0.37333333333333335
UnitWanderMission:0.37333333333333335
