FormPanel:0.42
ImportExport:0.36666666666666664
TreePanel:0.33666666666666667
QuickPasteAction:0.29333333333333333
AbstractImportExportAction:0.08666666666666667
