QueryHandler:0.7
AnsiQueryHandler:0.5566666666666666
AnsiDataHandler:0.47333333333333333
DB2400QueryHandler:0.19333333333333333
DB2QueryHandler:0.19333333333333333
OracleQueryHandler:0.19333333333333333
