Task:0.395
RepeatRule:0.3433333333333333
OpenSearchDescription:0.2361111111111111
GroupTree:0.22666666666666666
Action:0.21666666666666667
FieldsPanel:0.20444444444444446
SummaryPanel:0.19333333333333333
RepeatPanel:0.18494444444444444
TestOpenSearchDescription:0.10666666666666667
