MList:0.6966666666666667
PluginDownloader:0.3433333333333333
PluginSettings:0.3433333333333333
GHNSDialog:0.2733333333333333
