MButton:0.5522222222222223
MFontButton:0.3933333333333333
ColorEditor:0.33666666666666667
MColorButton:0.31666666666666665
