JAMWikiServlet:0.75
AdminServlet:0.36666666666666664
LinkTag:0.2866666666666667
LoginServlet:0.17666666666666667
