Editor:0.6
ImageEditor:0.28
Action:0.26
StatsPanel:0.16333333333333333
TodoEditorDesigner:0.16333333333333333
PlayAction:0.15333333333333332
EditorQuickFind:0.15333333333333332
ToolBarButton:0.14
Base:0.11666666666666667
ShowGridAction:0.11333333333333333
StatsPlugin:0.10666666666666667
StaticCoreHandler:0.07333333333333333
