StyleEditor:0.2260245
GUIUtilities:0.1537014
TextAreaPainter:0.116327934
ChunkCache:0.07807164
StyleTableModel:0.045273773
BufferPrintable:0.030154224
StyleOptionPane:0.018955005
