OpenXMLOptions:0.6255555555555555
EditOpenXMLOptionsDialog:0.4266666666666667
OpenXMLDialect:0.37666666666666665
