MActionInfo:0.49416666666666664
HTMLSelection:0.43666666666666665
LinkEditor:0.36333333333333334
ImageInfo:0.26
