Mode:0.45
VFSBrowser:0.4166666666666667
RolloverButton:0.24
MouseOverHandler:0.20777777777777778
