StartGamePanel:0.48
AdvantageCellRenderer:0.2866666666666667
PlayersTableModel:0.20166666666666666
PlayerCellEditor:0.04416666666666667
HeaderRenderer:0.043333333333333335
AvailableCellEditor:0.018333333333333333
HeaderListener:0.016666666666666666
AvailableCellRenderer:0.013055555555555556
