MDateSpinner:0.5933333333333334
CalendarDesklet:0.4930158730158731
CalendarWidget:0.28778571428571426
