Buffer:0.26175886
EditServer:0.17824984
MiscUtilities:0.15937191
VFS:0.15627803
GUIUtilities:0.15016577
Macros:0.14928634
FileVFS:0.14554615
View:0.13487172
EditPlugin:0.12961608
DockableWindowManager:0.12359875
Mode:0.12329585
VFSBrowser:0.12165072
BeanShell:0.11964908
EditPane:0.11710915
Log:0.10600572
JARClassLoader:0.10540654
VFSManager:0.10529402
Abbrevs:0.104773924
SearchAndReplace:0.09997158
HistoryModel:0.09976443
JEditTextArea:0.0899243
BufferIORequest:0.089468904
AllBufferSet:0.08592242
EditAction:0.08519198
BufferHistory:0.08334241
PluginList:0.07335445
GeneralOptionPane:0.068878554
EditorExitRequested:0.06769627
SettingsReloader:0.06722422
BufferUpdate:0.06637198
SearchDialog:0.0658905
HelpViewer:0.065479055
ActionSet:0.0643329
ModeCatalogHandler:0.06288334
GrabKeyDialog:0.061993938
BrowserView:0.061187193
MacOSPlugin:0.060889076
InputHandler:0.06068738
Gutter:0.05779445
Roster:0.056402504
QuickNotepad:0.054893125
StatusBar:0.054891016
EditBus:0.05327127
FoldVisibilityManager:0.049744476
CloseDialog:0.04688663
OptionsDialog:0.045333575
XmlParser:0.044765994
DefaultInputHandler:0.042881366
BrowserCommandsMenu:0.0409133
HyperSearchResults:0.040267017
LatestVersionPlugin:0.040263034
ActionListHandler:0.038704496
BufferOptions:0.036833376
VFSFileChooserDialog:0.036087293
InstallPluginsDialog:0.035145205
HistoryTextField:0.035142876
XModeHandler:0.034961246
EnhancedCheckBoxMenuItem:0.032665815
Selection:0.032299254
HyperSearchRequest:0.031773873
PluginManager:0.031562254
RecentFilesMenu:0.031343143
LoadSaveOptionPane:0.030155594
Marker:0.030136522
CurrentDirectoryMenu:0.029731667
EnhancedMenuItem:0.029320996
PanelWindowContainer:0.028790344
Java14:0.028623194
BufferPrinter:0.027609108
ViewUpdate:0.026660336
OperatingSystem:0.026004642
TokenMarker:0.024868082
SearchBar:0.024191873
FileCellRenderer:0.02324184
BrowserIORequest:0.023238845
ToolBarEditDialog:0.023097211
EditorStarted:0.023082843
AbstractOptionPane:0.02299217
FavoritesVFS:0.022774996
MarkersMenu:0.022426562
ParserRuleSet:0.020469403
TipOfTheDay:0.019284772
RecentDirectoriesMenu:0.01920635
AppearanceOptionPane:0.018386971
LogViewer:0.018140664
PastePrevious:0.017899752
ToolBarOptionPane:0.017761385
ContextOptionPane:0.017754
PluginResURLConnection:0.017711509
PropertiesChanged:0.017306352
ShortcutsOptionPane:0.016652634
ColorTableModel:0.016648116
HyperSearchResult:0.016623454
QuickNotepadOptionPane:0.016607052
OpenWithEncodingMenu:0.016287984
Autosave:0.016207378
BrowserOptionPane:0.016080027
EditorExiting:0.015816376
BufferPrintable:0.015754811
PluginListDownloadProgress:0.015285595
AboutDialog:0.015259858
JEditMetalTheme:0.014999741
StyleTableModel:0.014835176
AddAbbrevDialog:0.0136316335
ContextAddDialog:0.013466292
ErrorListDialog:0.012921519
ViewRegisters:0.012820621
WindowTableModel:0.0125349425
ModeOptionPane:0.012311764
EditingOptionPane:0.012083053
PluginManagerProgress:0.011525287
FontSelectorDialog:0.011106602
BrowserColorsModel:0.010356525
SelectLineRange:0.010163681
QuickNotepadToolPanel:0.010125741
AbbrevsOptionPane:0.009717578
AbbrevsModel:0.008236628
BufferSwitcher:0.0075505143
GutterOptionPane:0.0074397884
XmlException:0.007164174
TextAreaOptionPane:0.007153551
AbbrevEditor:0.007135791
StyleEditor:0.006710923
IOProgressMonitor:0.006278224
DockingOptionPane:0.0062371814
FontSelector:0.0062112627
BeanShellErrorDialog:0.0059366324
EnhancedMenu:0.004580232
FirewallOptionPane:0.0044607264
BrowserColorsOptionPane:0.0042579575
EditAbbrevDialog:0.0040881145
PrintOptionPane:0.003252666
ColorOptionPane:0.0025593708
