CachedRow:0.18642406
DataFileCache:0.17831689
TextCache:0.10287871
DataFileDefrag:0.067699604
Trace:0.055363573
Log:0.05201225
Table:0.05091953
DatabaseInformationFull:0.04307629
Database:0.036424726
HsqlDatabaseProperties:0.028539268
CacheFree:0.01756803
DITableInfo:0.014901763
ScaledRAFile:0.01259976
HsqlException:0.009278753
