WikiUser:0.6966666666666667
DatabaseHandler:0.56
SetupServlet:0.17333333333333334
RegisterServlet:0.15333333333333332
