OptionGroup:0.57
AudioMixerOption:0.49666666666666665
ClientOptions:0.23
OptionReader:0.12666666666666668
