MainWindow:0.6366666666666667
MActionInfo:0.55
Autosave:0.24333333333333335
