XMLBlock:0.6666666666666666
XMLStreamReader:0.44666666666666666
XMLAbstractFilter:0.30666666666666664
