jEdit:0.5366666666666666
Buffer:0.41333333333333333
FoldVisibilityManager:0.4061111111111111
TokenMarker:0.3333333333333333
JEditTextArea:0.33
Abbrevs:0.25777777777777783
MiscUtilities:0.24333333333333335
FileVFS:0.19666666666666666
OffsetManager:0.19333333333333333
