jEdit:0.48333333333333334
MiscUtilities:0.45666666666666667
JEditTextArea:0.3933333333333333
View:0.3933333333333333
Buffer:0.38333333333333336
Rect:0.37333333333333335
GUIUtilities:0.3433333333333333
DockableWindowManager:0.31
BeanShell:0.31
DefaultInputHandler:0.27
EditPane:0.26
FoldVisibilityManager:0.25333333333333335
OffsetManager:0.23583333333333334
TextAreaPainter:0.21333333333333335
Registers:0.20333333333333334
ActionTextField:0.19666666666666666
EditServer:0.19333333333333333
Autosave:0.1577777777777778
BufferHistory:0.15666666666666668
CompleteWord:0.15666666666666668
StyleTableModel:0.14666666666666667
ActionBar:0.14
ExplicitFoldHandler:0.11333333333333333
PerspectiveManager:0.08388888888888889
ViewConfig:0.05
CompletionPopup:0.04
LogViewer:0.03916666666666667
PaintLineBackground:0.03
