Unit:0.71
WorkLocation:0.31166666666666665
ColonyTile:0.3
UnitLocation:0.23
UnitLabel:0.21555555555555558
InGameControllerTest:0.21333333333333335
DragListener:0.15333333333333332
IndividualFatherTest:0.11
