Index:0.6366666666666667
Node:0.5066666666666667
Row:0.4633333333333333
BaseMemoryNode:0.4033333333333333
CachedRow:0.31666666666666665
DiskNode:0.25
RowStoreText:0.21722222222222223
RowStoreMemory:0.17666666666666667
RowStoreCached:0.17333333333333334
RowStoreHybrid:0.16
CachedDataRow:0.07
PointerNode:0.032777777777777774
MemoryNode:0.01
