MiscUtilities:0.6466666666666666
VFSFile:0.5133333333333333
VFSDirectoryEntryTableModel:0.25333333333333335
VFSDirectoryEntryTable:0.24666666666666667
VFSManager:0.24333333333333335
MouseHandler:0.19
VFSFileNameField:0.17
GetFileTypeRequest:0.11333333333333333
