Editor:0.7033333333333334
MainWindow:0.6633333333333333
