MetaInfo:0.8833333333333333
ImageInfo:0.2966666666666667
LinkButton:0.16333333333333333
InsertImageAction:0.16
