ManageMissionariesGoal:0.33607104
GotoAdjacentGoal:0.26874423
Goal:0.25084212
