FreeColMenuBar:0.06836069
InGameMenuBar:0.03048754
