GoodsLocation:0.3592613
IndianSettlement:0.25702342
Goods:0.23356979
Colony:0.2148747
AbstractGoods:0.18275239
UnitLocation:0.15267004
Unit:0.1448388
GoodsType:0.13836533
Specification:0.123603135
Player:0.11510166
FreeColGameObject:0.11459026
Game:0.110574655
Map:0.10948532
UnitWas:0.106393136
FreeColObject:0.102141336
Location:0.096014135
SettlementType:0.048953336
FreeColGameObjectType:0.04591367
Ownable:0.022195576
ColonyWas:0.009914976
