Table:0.4722222222222222
Trace:0.41333333333333333
Session:0.31
Function:0.20444444444444446
Logger:0.20333333333333334
