ClientOptions:0.49333333333333335
Canvas:0.43333333333333335
Connection:0.3933333333333333
Server:0.39
MapGenerator:0.30333333333333334
TransportMission:0.24
LandGenerator:0.235
ConnectController:0.19666666666666666
CircleIterator:0.18
InGameInputHandler:0.17666666666666667
DummyConnection:0.16
ReportUnitPanel:0.15
GoodsItem:0.13
ReportTurnPanel:0.12666666666666668
