TK:0.75
TodoEditorCore:0.3433333333333333
TodoWidget:0.24444444444444446
MHighlighter:0.24444444444444446
