FreeColMenuBar:0.6
FreeColMenuTest:0.30333333333333334
InGameMenuBar:0.29
MapEditorMenuBar:0.25333333333333335
