ColonyPanel:0.37666666666666665
EuropePanel:0.32
MarketPanel:0.29
CargoPanel:0.2748333333333333
DragListener:0.2518333333333333
DefaultTransferHandler:0.1375
