UnitLabel:0.1316578
DefaultTransferHandler:0.12754308
EuropePanel:0.09942896
DragListener:0.098815106
ReportTradePanel:0.09260225
CargoPanel:0.09133872
AbstractGoodsLabel:0.08386457
