Connection:0.45666666666666667
InGameController:0.3433333333333333
ReceivingThread:0.2911111111111111
ServerAPI:0.26666666666666666
Client:0.23333333333333334
AIMessage:0.22555555555555556
DummyConnection:0.22122222222222224
ConnectController:0.21
FreeColServer:0.205
