Unit:0.535
Tile:0.4533333333333333
TileImprovementType:0.3466666666666667
TileType:0.33
Player:0.32
IndianSettlement:0.32
ColonyTile:0.2966666666666667
Resource:0.28
TileItemContainer:0.2733333333333333
TileTest:0.27
ResourceType:0.21333333333333335
InGameController:0.2
ColonyPlan:0.19666666666666666
WorkLocationPlan:0.19
MapGenerator:0.18666666666666668
InformationDialog:0.17
TilePanel:0.14333333333333334
TileInfoPanel:0.13666666666666666
ColonyTileProductionPanel:0.12333333333333334
