Tree:0.61
WidgetDesktopIconUI:0.27666666666666667
Query:0.26
SummaryData:0.26
ProxyPanel:0.23666666666666666
