MainWindow:0.52
Main:0.48333333333333334
MTip:0.2966666666666667
InternetSearchPlugin:0.20333333333333334
