DrawingEditor:0.5561111111111111
AbstractTool:0.41333333333333333
DrawingEditorProxy:0.23666666666666666
DefaultDrawingEditor:0.11666666666666667
