RecentChange:0.3905506
WikiUser:0.012472158
