DefaultPageChecker:0.5266666666666666
LinkEditor:0.43
SwingWebBrowser:0.3035555555555556
InternetSearchPlugin:0.24
NotepadEditorDesigner:0.18333333333333332
LinkEditorPlugin:0.13666666666666666
NoObjectView:0.13666666666666666
StaticHandler:0.13666666666666666
DefaultHelpSystem:0.11666666666666667
TestDefaultPageChecker:0.1
