SqlFile:0.47
FrameworkLogger:0.41
AuthUtils:0.27
DbBackup:0.25333333333333335
AuthBeanMultiplexer:0.2277777777777778
