MTaskPanel:0.5533333333333333
FeedComponent:0.4066666666666667
GHNSDialog:0.38666666666666666
PreviewPanel:0.31
