Player:0.7666666666666667
IndianSettlement:0.5633333333333334
ServerPlayer:0.39
