GUI:0.10231963
Canvas:0.03663323
