ValuePoolHashMap:0.20250063
HashIndex:0.1321688
ObjectCacheHashMap:0.10929755
ValuePool:0.017654272
