Session:0.42333333333333334
jdbcPreparedStatement:0.37666666666666665
CompiledStatement:0.3433333333333333
jdbcStatement:0.26666666666666666
Parser:0.25666666666666665
CompiledStatementExecutor:0.18
DatabaseCommandInterpreter:0.17333333333333334
jdbcConnection:0.17333333333333334
Tokenizer:0.17
TestSubQueriesInPreparedStatements:0.15333333333333332
