TodoEditorCore:0.0703506
Column:0.057523824
Priority:0.023115287
