MLabel:0.6133333333333333
ItemRenderer:0.2833333333333333
LinkButton:0.18333333333333335
TestMLabel:0.17333333333333334
Renderer:0.17111111111111113
MenuButton:0.15333333333333332
TimeZoneLabel:0.15
NoObjectView:0.12666666666666668
SelectionItem:0.12
