AIPlayer:0.22708665
NewAIPlayer:0.1604863
AIMain:0.11399789
StandardAIPlayer:0.11387024
ColonialAIPlayer:0.10397462
EuropeanAIPlayer:0.066915564
REFAIPlayer:0.053446192
IndianAIPlayer:0.028107177
