NewAIPlayer:0.5050595
StandardAIPlayer:0.43592203
EuropeanAIPlayer:0.4357884
ColonialAIPlayer:0.41195554
REFAIPlayer:0.28877565
AIUnit:0.19511008
IndianAIPlayer:0.18680553
AIInGameInputHandler:0.16581051
AIColony:0.15541543
AIMain:0.13075848
TileImprovementPlan:0.10953065
AIObject:0.06188701
Wish:0.057140604
ValuedAIObject:0.018374188
