Message:0.049546253
Connection:0.023366263
