FreeColGameObject:0.31952474
Player:0.17019652
Game:0.16845745
Colony:0.14505374
Market:0.13166116
Europe:0.122525625
FreeColGameObjectType:0.10783252
FreeColObject:0.10568407
GoodsContainer:0.09722861
Tile:0.08592098
Unit:0.08385304
Building:0.06880424
Settlement:0.046265896
SimpleCombatModel:0.04583775
Location:0.03359947
Ownable:0.016660113
