ColonialAIPlayer:0.47249606
EuropeanAIPlayer:0.22647914
NewAIPlayer:0.1523118
AIPlayer:0.15164529
AIUnit:0.13990955
AIColony:0.07960459
WorkerWish:0.069124304
Wish:0.026532298
AIInGameInputHandler:0.024984002
AIObject:0.010210906
ValuedAIObject:0.0012549224
