UI:0.8433333333333334
MText:0.38
ToggleButton:0.27666666666666667
MFontChooser:0.22333333333333333
MRating:0.21555555555555558
PluginManager:0.20222222222222225
MTextLabel:0.13
