Tabs:0.11489982
Sidebar:0.069595814
Main:0.03763964
Vars:0.010561453
