JAMWikiServlet:0.20956858
ServletUtil:0.20419957
WikiPageInfo:0.13033754
