DefaultPreview:0.069878355
Preview:0.042429164
