MTextField:0.5266666666666666
SearchBar:0.24666666666666667
InternetSearchPanel:0.24333333333333335
MFormattedTextField:0.24
MComboBox:0.22916666666666666
MPasswordField:0.21861111111111114
MTextFieldPanel:0.21
AbstractSpinner:0.19666666666666666
TaskPanel:0.19333333333333333
EditorQuickFind:0.19333333333333333
TextFieldExtensions:0.18365079365079365
ConsoleCommandLine:0.17333333333333334
ComponentBeanInfo:0.15666666666666668
MTextFieldBeanInfo:0.1
