NotepadEditorCore:0.14329192
NotepadEditorPlugin:0.07603671
NotepadEditorDesigner:0.07285559
