Table:0.5266666666666666
Log:0.4066666666666667
HsqlDatabaseProperties:0.33666666666666667
TextCache:0.24333333333333335
DataFileCache:0.19333333333333333
