QuerySpecification:0.8033333333333333
StatementDMQL:0.48
StatementQuery:0.25666666666666665
StatementInsert:0.22333333333333333
