OptionGroupUI:0.35333333333333333
OptionGroupButton:0.3143888888888889
StanceTradeItemPanel:0.31105555555555553
GoldTradeItemPanel:0.31105555555555553
NewEmptyMapAction:0.23888888888888885
NegotiationDialog:0.17833333333333334
ReportLabourDetailPanel:0.17
TradeRouteDialog:0.16333333333333333
MapEditorTransformPanel:0.15333333333333332
CanvasMapEditorMouseMotionListener:0.013333333333333334
