Colony:0.7166666666666667
Player:0.44
FoundingFather:0.3566666666666667
Building:0.32
GoodsLabel:0.27222222222222225
ColonyPanel:0.2111111111111111
GoodsContainer:0.2
WarehousePanel:0.19666666666666668
InGameController:0.15333333333333332
DragListener:0.1
