Task:0.7033333333333334
TodoEditorPlugin:0.24297619047619046
TaskInfoButton:0.12333333333333334
