MLogger:0.59
FeedComponent:0.38
FeedViewer:0.30333333333333334
FeedThread:0.20333333333333334
UpdateDialog:0.17333333333333334
Vars:0.0
