PreGameInputHandler:0.33367348
InGameInputHandler:0.31271064
Controller:0.041582316
FreeColServerHolder:0.030954437
