OSXApplication:0.4066666666666667
AbstractViewAction:0.30083333333333334
SDIApplication:0.2866666666666667
MDIApplication:0.26666666666666666
AbstractSaveUnsavedChangesAction:0.20333333333333334
LoadRecentFileAction:0.15
