IndianSettlement:0.25958103
Unit:0.21261746
Player:0.18946072
Europe:0.14321142
Colony:0.14078407
Map:0.14008452
UnitContainer:0.12376777
Goods:0.12257333
ColonyTile:0.1169253
Building:0.11497813
Game:0.10056413
Settlement:0.08910954
GoodsContainer:0.0779309
FreeColGameObject:0.0775736
Location:0.045829076
DefaultCostDecider:0.03201961
GameOptions:0.030696549
PathNode:0.027788047
Tension:0.026090994
CostDecider:0.024322651
Locatable:0.021237912
TileType:0.016754173
FoundingFather:0.0068322993
