Grantee:0.8466666666666667
GranteeManager:0.49666666666666665
ExpressionOp:0.32666666666666666
