Table:0.6133333333333333
Node:0.4116666666666667
Row:0.3193333333333333
Constraint:0.2866666666666667
