MTogglePanel:0.4066666666666667
Widget:0.4033333333333333
MPanel:0.4033333333333333
MInternalFrame:0.3466666666666667
