Canvas:0.6366666666666667
CanvasMouseListener:0.39
FreeColClient:0.36333333333333334
