Buffer:0.45666666666666667
JEditTextArea:0.35333333333333333
Recorder:0.2723333333333333
