ClientOptions:0.54
ServerPlayer:0.45555555555555555
FreeColServer:0.39666666666666667
ConnectController:0.21666666666666667
ReportColonyPanel:0.2
