Preferences:0.7466666666666667
PatternConsts:0.33226190476190476
ViewOptionsDialog:0.32666666666666666
ProtectedPartsMarker:0.24
