StatementDML:0.44666666666666666
StatementDMQL:0.3933333333333333
HsqlDatabaseProperties:0.39
Logger:0.3566666666666667
DatabaseInformationFull:0.25333333333333335
ExpressionLogical:0.21388888888888885
StatementResultUpdate:0.2
StatementInsert:0.1925
StatementManager:0.14333333333333334
