Table:0.5266666666666666
Cache:0.48333333333333334
DbBackup:0.35111111111111115
Log:0.34
TransactionManager2PL:0.31333333333333335
SessionContext:0.24666666666666667
RAShadowFile:0.22388888888888892
DataFileCache:0.22
SchemaManager:0.22
Logger:0.22
TransactionManager:0.21
ParserRoutine:0.17
DataFileDefrag:0.13666666666666666
