StaticUtils:0.32
StaticUtilsTest:0.31333333333333335
XLIFFDialect:0.2808333333333333
DefaultXMLDialect:0.27666666666666667
ProtectedParts:0.26666666666666666
Shortcuts:0.24
SourceTextEntry:0.23444444444444448
XLIFFFilterTest:0.16333333333333333
