Config:0.85
HTMLRichTextPane:0.2866666666666667
MFrame:0.27666666666666667
MenuButton:0.15666666666666668
