PrintPreviewPanel:0.47
PrintInfo:0.4236111111111111
PrintDialog:0.35
AbstractPrintInfo:0.24666666666666667
ComponentPrintInfo:0.21
ImagePrintInfo:0.18333333333333332
