DrawingView:0.33905217
DefaultDrawingViewTransferHandler:0.28446624
GridConstrainer:0.22388807
Figure:0.18579528
DrawingEditor:0.11424028
Drawing:0.08986559
CompositeFigure:0.07208936
Constrainer:0.05477027
AttributeKey:0.030248333
