Vars:0.51
FS:0.4666666666666667
MLayout:0.4033333333333333
MetaInfo:0.37666666666666665
StringUtils:0.31666666666666665
AbstractListTableModel:0.2833333333333333
EnumProperty:0.28
MTextField:0.215
Query:0.21
ChartModel:0.21
PropertiesPanel:0.20333333333333334
QuotedPrintableCodec:0.2
BufferedFileOutput:0.18333333333333332
