WikiUtil:0.49666666666666665
WikiLink:0.4166666666666667
AnsiDataHandler:0.31
JFlexParser:0.30666666666666664
WikiUtilTest:0.25333333333333335
LinkUtil:0.24666666666666667
TemplateTag:0.24
ServletUtil:0.21
JAMWikiModel:0.19666666666666666
WikiLinkTag:0.18
