Progress:0.45666666666666667
Install:0.44333333333333336
InstallThread:0.3311111111111111
ChooseDirectory:0.21333333333333335
DirVerifier:0.20333333333333334
ConsoleProgress:0.18
SwingProgress:0.13666666666666666
SwingInstall:0.13
ConsoleInstall:0.12333333333333334
