Session:0.5033333333333333
Log:0.43333333333333335
IndexAVL:0.2833333333333333
Logger:0.25666666666666665
