FreeCol:0.5233333333333333
Colony:0.4508333333333333
WindowedFrame:0.36333333333333334
FreeColClient:0.2866666666666667
