Index:0.56
Expression:0.38333333333333336
Library:0.31666666666666665
HsqlDateTime:0.31
Function:0.22444444444444447
TransferSQLText:0.21333333333333335
TableFilter:0.18444444444444444
