PropertyPanel:0.8666666666666667
MSettingsPage:0.3383333333333333
Factory:0.26
DeletePrivateDataPlugin:0.20444444444444446
CreateReflectionAction:0.18333333333333332
