Chunk:0.16363715
DefaultTokenHandler:0.11050182
BufferPrintable:0.06083578
ChunkCache:0.05417004
TokenMarker:0.036535397
Token:0.014238222
SyntaxStyle:0.008586233
ParserRuleSet:0.006784035
