jEdit:0.3005812
BeanShell:0.117880166
View:0.109989494
Buffer:0.09480143
PerspectiveManager:0.0668806
Log:0.065620825
FileVFS:0.05772249
NameSpace:0.050135046
OperatingSystem:0.025038008
UtilEvalError:0.008381126
