MetaInfo:0.6933333333333334
FeedsFS:0.42333333333333334
FeedDownloader:0.33666666666666667
