MWizardDialog:0.13235502
MMessage:0.1238361
MButtonPanel:0.11079992
MSettingsDialog:0.086481325
MPanel:0.07733721
MPasswordPanel:0.06463501
MIconChooser:0.058833566
MAboutDialog:0.053654686
MSettingsPage:0.051333975
MButton:0.050781786
MColorChooser:0.048724137
MDownloadDialog:0.04502344
MFontChooser:0.043363195
UI:0.039753266
Args:0.03864237
MURLButton:0.037305765
MFrame:0.0369155
MApplication:0.034307916
MToolBar:0.034022965
MMenu:0.03183156
MActionInfo:0.031794418
MLabel:0.031316187
MWhatsThis:0.03102374
MAction:0.02916795
MLoginPanel:0.0219063
MLogger:0.02171586
Flags:0.017006151
MIcon:0.015665814
TK:0.014102638
Mnemonic:0.011653771
MSplashScreen:0.0105204005
WindowDragAdapter:0.007570403
TriBoolean:0.0066219755
BooleanProperty:0.003497636
Property:0.003082168
