FreeColDialog:0.21480617
FreeColPanel:0.060861778
