FreeColDialog:0.18628189
FreeColPanel:0.063057736
