ProjectProperties:0.6133333333333333
RealProject:0.3883333333333333
ProjectFileStorage:0.22333333333333333
ProjectPath:0.07
ProjectPropertiesTest:0.02
