BezierNodeHandle:0.21117574
TextOverflowHandle:0.19727854
BezierControlPointHandle:0.18293276
AbstractRotateHandle:0.18282723
ResizeHandleKit:0.17483453
RoundRectangleRadiusHandle:0.17042075
TransformHandleKit:0.16224866
ConnectorHandle:0.15821059
TriangleRotationHandler:0.1494055
Handle:0.14431305
CloseHandle:0.14407922
BezierScaleHandle:0.13165519
FontSizeHandle:0.13093577
HandleListener:0.09870254
AbstractConnectionHandle:0.09841854
BoundsOutlineHandle:0.085506484
LocatorHandle:0.08318309
Figure:0.07917785
MoveHandle:0.07341411
FigureListener:0.07039461
BezierOutlineHandle:0.06452663
DrawingView:0.06315525
DragHandle:0.05596766
HandleEvent:0.047806602
NullHandle:0.041581355
DrawingEditor:0.03143445
FigureEvent:0.028149659
HandleAttributeKeys:0.02250941
RotateHandle:0.012686902
AttributeKey:0.006091454
