jEdit:0.69
DockableWindowManager:0.25666666666666665
SearchAndReplace:0.23333333333333334
EditServer:0.20055555555555554
MouseHandler:0.19
PluginList:0.17555555555555558
