Market:0.6166666666666667
FeatureContainer:0.55
MarketTest:0.25333333333333335
UnitTest:0.24666666666666667
