FilterMaster:0.46
BreakPosition:0.30666666666666664
SegmenterTest:0.30666666666666664
Segmenter:0.2833333333333333
