Tension:0.5
Unit:0.47
IndianSettlement:0.4166666666666667
Game:0.41
Tile:0.35333333333333333
Mission:0.33
Player:0.2966666666666667
AIPlayer:0.22666666666666666
ImageLibrary:0.21666666666666667
GUI:0.2
InGameInputHandler:0.19333333333333333
IndianBringGiftMission:0.16
UnitSeekAndDestroyMission:0.15666666666666668
IndianDemandMission:0.10333333333333333
ReportIndianPanel:0.09666666666666666
