jEdit:0.59
Buffer:0.5833333333333334
FoldVisibilityManager:0.28444444444444444
OffsetManager:0.2802777777777778
ContentManager:0.2544444444444445
BufferIORequest:0.22166666666666668
StatusBar:0.16666666666666666
ReadWriteLock:0.14444444444444446
MarkerHighlight:0.12333333333333334
IntegerArray:0.09666666666666666
