Player:0.5866666666666667
ServerPlayerTest:0.37
ServerPlayer:0.35
PlayerTest:0.32666666666666666
InGameController:0.2816666666666667
