InGameController:0.57
SetDestinationMessage:0.2966666666666667
BuildColonyMessage:0.2966666666666667
RenameMessage:0.2966666666666667
