SummaryData:0.6066666666666667
MainWindow:0.5733333333333334
Reminder:0.3566666666666667
Action:0.29
