TMXReader2:0.076244734
TMXWriter2:0.06875008
Preferences:0.064981915
WikiGet:0.059481308
InlineTagHandler:0.05845942
ProjectFileStorage:0.02960492
RecentProjects:0.016908733
