PositionManager:0.42
LineManager:0.39494444444444443
Buffer:0.38666666666666666
