Topic:0.6266666666666667
Utilities:0.46
WikiResultSet:0.29333333333333333
DatabaseHandler:0.21666666666666667
AdminController:0.17666666666666667
DatabaseConnection:0.14666666666666667
ConvertVQWiki:0.11
