Geom:0.5566666666666666
DrawingView:0.47583333333333333
LineConnectionFigure:0.38
PropertyAt:0.16861111111111113
ConnectionFigure:0.06333333333333334
ConnectingFiguresSample:0.05
CenterConnector:0.035055555555555555
ChopRectangleConnector:0.015833333333333335
AbstractConnector:0.0
