MApplication:0.24384417
UI:0.11873506
MMainWindow:0.07567104
MMenu:0.07373675
MAction:0.037576243
MIcon:0.03715456
MMouseAdapter:0.027414616
MFrame:0.019556085
MActionInfo:0.01687752
MLogger:0.014298248
PropertyAccess:0.013725238
Property:0.012526601
OS:0.007947701
BooleanProperty:0.0016564204
