ColopediaPanel:0.5033333333333333
ColonyPanel:0.3466666666666667
EuropePanel:0.25733333333333336
FreeColClient:0.25
ReportPanel:0.23666666666666666
FreeColPanel:0.17
