ChunkCache:0.5616666666666666
JEditTextArea:0.4533333333333333
LogListModel:0.37333333333333335
