LinkUtil:0.44
JAMWikiServlet:0.424
LinkTag:0.2428888888888889
ImageLinkTag:0.22955555555555557
ParserUtil:0.21222222222222223
