Player:0.62
InGameController:0.4
IndianSettlement:0.4
IndianSettlementTest:0.26
NewAIPlayer:0.22
AIPlayer:0.19555555555555557
InGameInputHandler:0.18333333333333332
AllTests:0.18
InGameControllerTest:0.08666666666666667
