ParserCommand:0.5991666666666666
AbstractTestOdbc:0.34833333333333333
TestStressInsert:0.34833333333333333
