TK:0.6933333333333334
UI:0.54
MWebBrowserPanel:0.22666666666666666
PluginClassLoader:0.1811111111111111
