EuropeanAIPlayer:0.5833333333333334
PlayerExploredTile:0.49
NativeAIPlayer:0.36666666666666664
