FreeColPanel:0.0731589
ReportPanel:0.04576701
