ReportPanel:0.29740086
FreeColPanel:0.12696096
