ReportPanel:0.2312078
ReportLabourDetailPanel:0.09255845
FreeColPanel:0.06563852
