ReportPanel:0.18431388
FreeColPanel:0.09005894
MarketLabel:0.077929884
