ReportPanel:0.21077603
BuildingPanel:0.08980976
FreeColProgressBar:0.07857381
