MetaInfo:0.43
MCalendar:0.2866666666666667
AbstractFS:0.28
FeedsFSPlugin:0.24666666666666667
AbstractPlugin:0.24333333333333335
TaskTable:0.21833333333333332
PluginManager:0.20638888888888887
