UnitImageAnimation:0.12815647
UnitMoveAnimation:0.033689458
