SimpleCombatModel:0.38360748
Tile:0.083127655
Unit:0.082958885
Colony:0.08286377
IndianSettlement:0.06155583
Location:0.047333427
Game:0.043278567
Modifier:0.04264966
