AIPlayer:0.6116666666666667
IndianAIPlayer:0.3383333333333333
MissionAssignmentTest:0.10333333333333333
