Task:0.53
GroupTree:0.4033333333333333
Vars:0.39166666666666666
Node:0.3233333333333333
SummaryPanel:0.3
Action:0.2644444444444445
SummaryData:0.16
Renderer:0.12666666666666668
DateTimeRenderer:0.10666666666666667
