MApplication:0.07497316
MWhatsThis:0.071470164
MCellTip:0.065468244
MMenu:0.063959405
Config:0.06302709
MDialog:0.06286511
MGraphics2D:0.06275306
MLabel:0.058148973
MComponent:0.05801479
MTabbedPane:0.05525701
MColorIcon:0.054153826
MIcon:0.053609036
MGraphics:0.04981782
MPanel:0.047938522
MTextField:0.046074092
MToolBar:0.044979118
MButton:0.04429251
MSizeGrip:0.04409701
MLogger:0.043527197
MList:0.0402544
TK:0.039011214
MRenderer:0.037747912
MHighlighter:0.037275802
MColorChooser:0.03690705
Property:0.035816822
ImageBorder:0.034750704
MSeparator:0.034621384
MAction:0.034571707
MFontChooser:0.032906894
MText:0.032902014
MDesktopPane:0.032671507
MCalendarPanel:0.032587353
MAboutDialog:0.032237012
MColor:0.03219183
MComboBox:0.031120585
MLayout:0.030671777
OS:0.030368421
MLineBorder:0.03018563
BooleanProperty:0.029951032
MColorPicker:0.029435027
MMessage:0.028487338
MURLButton:0.028176181
MSplashScreen:0.027916834
ImageSelection:0.027766492
Watermark:0.027642783
MActionInfo:0.027442845
AbstractSpinner:0.026742043
MWindow:0.026719552
MouseGestures:0.02660982
MSettingsDialog:0.026514495
MScrollPane:0.026087018
MFrame:0.025650144
MTogglePanel:0.025321081
MTable:0.024954576
MStatusBar:0.024209041
ColorProperty:0.024111396
MSmallColorChooser:0.024068274
MNotification:0.024063673
MRating:0.023702664
MMenuBar:0.02337201
MInternalFrame:0.021853268
CoolHeader:0.021442581
MPasswordField:0.021040434
MTip:0.020776572
MWizardDialog:0.019906474
MWebBrowserPanel:0.01919589
MIconChooser:0.018572733
MMainWindow:0.018161334
MTextFieldPanel:0.017528353
MSmallColorButton:0.01746887
MTextPane:0.01598816
MMultiPanel:0.015419368
MFileChooser:0.014740735
MTree:0.014562734
MButtonPanel:0.014478701
Flags:0.01447812
MSplitPane:0.014219212
MSystemTray:0.0139366165
IntegerProperty:0.013653708
MMouseAdapter:0.013370346
MApplet:0.01301669
MFontButton:0.012667733
Item:0.0125489775
MTextLabel:0.012269899
MTextArea:0.011709631
MCheckBoxTable:0.011606386
MSwingWorker:0.011562601
MColorButton:0.0114847645
EnumProperty:0.011431738
Preloader:0.011366888
FontProperty:0.0112703005
MSmallButton:0.010714718
WindowDragAdapter:0.009744143
MArrayList:0.009164481
AbstractListTableModel:0.008255545
MSlider:0.007917918
SimpleButtonUI:0.0074103065
MSearchPanel:0.0070680394
MFormattedTextField:0.006646366
MToggleButton:0.006637195
MainView:0.0064904406
Gettext:0.0057735606
MColorChooserPanel:0.005170007
MCheckBox:0.0050190208
MEditorPane:0.004481272
MAuthenticator:0.0044784923
MTab:0.004079548
MMenuItem:0.003352427
MRadioButton:0.0032212313
WTFError:0.0029079602
MProgressBar:0.0012980334
