ColorTableModel:0.0417874
OptionsDialog:0.034022316
AbstractOptionPane:0.01022109
jEdit:0.005252384
