ModelMessage:0.4633333333333333
Player:0.42
Unit:0.3933333333333333
FreeColGameObject:0.39
Europe:0.36333333333333334
GoodsContainer:0.35
Tile:0.3333333333333333
Market:0.31
Building:0.30333333333333334
Colony:0.30333333333333334
ClientOptions:0.245
InGameController:0.23
IndianSettlement:0.22333333333333333
InGameInputHandler:0.22166666666666668
SchoolTest:0.19333333333333333
PreGameController:0.18666666666666668
SimpleCombatModel:0.17666666666666667
ReportTurnPanel:0.15
ModelMessageTest:0.12333333333333334
SoLTest:0.08666666666666667
