ImageEditorCore:0.47
MStatusBar:0.36333333333333334
Tree:0.35
MIconChooser:0.22
IconTheme:0.18416666666666667
