UI:0.6066666666666667
Style:0.27666666666666667
AbstractSpinner:0.23333333333333334
MDateSpinner:0.21777777777777782
