ImageLibrary:0.1023419
Canvas:0.08142004
CanvasMouseMotionListener:0.07446903
CanvasMapEditorMouseMotionListener:0.066696234
CanvasMouseListener:0.04445922
TilePopup:0.043753568
CanvasMapEditorMouseListener:0.03759762
ViewMode:0.026964605
CanvasKeyListener:0.025130674
TerrainCursor:0.022979809
GUIMessage:0.004857997
