MButton:0.5
SafeActionHandler:0.2866666666666667
MTimer:0.28
StaticRolloverTimer:0.15333333333333332
