MText:0.36333333333333334
MCalendarPanel:0.3233333333333333
FeedComponent:0.27
InternetSearchWidget:0.22444444444444447
LinkEditor:0.20916666666666667
Action:0.19666666666666666
CategoryMenu:0.1577777777777778
Blend:0.135
