Core:0.5166666666666667
GlossaryTextArea:0.2833333333333333
MatchesTextArea:0.25333333333333335
DictionariesTextArea:0.22333333333333333
GlossaryTextAreaTest:0.18333333333333332
NotesTextAreaTest:0.14333333333333334
NotesTextArea:0.11666666666666667
MultipleTransPane:0.09333333333333334
MachineTranslateTextArea:0.08333333333333333
CommentsTextArea:0.08
