LinkEditorPlugin:0.032313675
Link:0.01611677
