ServletUtil:0.455459
AdminServlet:0.38691083
WatchlistServlet:0.3565315
UpgradeServlet:0.3333686
ImportTiddlyWikiServlet:0.33144423
EditServlet:0.32329828
ItemsServlet:0.31094953
AdminVirtualWikiServlet:0.31069174
CategoryServlet:0.30858293
MoveServlet:0.30817312
RegisterServlet:0.29948902
ImportServlet:0.29495004
PrintableServlet:0.29142642
LinkToServlet:0.28939807
SearchServlet:0.28680456
TopicServlet:0.2865347
SpecialPagesServlet:0.27940556
ContributionsServlet:0.2681514
ManageServlet:0.26577878
HistoryServlet:0.2622265
TranslationServlet:0.26045698
RecentChangesServlet:0.253813
UploadServlet:0.24785897
WikiPageInfo:0.24728304
SetupServlet:0.24630393
LogServlet:0.23181774
RolesServlet:0.230696
ExportServlet:0.21663734
DiffServlet:0.1732659
LoginServlet:0.15671821
StylesheetServlet:0.14930382
JAMWikiLocaleInterceptor:0.02441689
