UnitLabel:0.28202626
DefaultTransferHandler:0.19194095
DragListener:0.12852709
EuropePanel:0.12254231
ReportTradePanel:0.11150646
CargoPanel:0.10062136
