Colony:0.8572222222222221
InGameController:0.21333333333333335
