Table:0.6566666666666666
Routine:0.42
Result:0.36666666666666664
Expression:0.3433333333333333
Types:0.3
StatementCompound:0.24
ParserDQL:0.22
ParserRoutine:0.21333333333333335
RowSetNavigatorDataTable:0.21
StatementDML:0.20666666666666667
StatementSet:0.2
SubQuery:0.18
FunctionSQLInvoked:0.17
StatementExpression:0.15666666666666668
ParserDML:0.14333333333333334
