DatabaseInformationMain:0.20479257
Database:0.06896772
Table:0.057127606
Session:0.051334605
SchemaManager:0.03287547
HsqlException:0.010558362
