SchemaManager:0.07897398
DatabaseCommandInterpreter:0.07529859
TableWorks:0.073232464
Table:0.07216988
DatabaseInformationMain:0.06397009
TriggerDef:0.050513156
Parser:0.047337234
Database:0.03257658
TextTable:0.031782065
Token:0.018499339
