Settlement:0.7766666666666666
InGameController:0.39
AbandonColonyMessage:0.30666666666666664
