Building:0.7266666666666667
BuildingPanel:0.38666666666666666
BuildingToolTip:0.3333333333333333
ReportProductionPanel:0.13333333333333333
ReportReligiousPanel:0.13333333333333333
