DataOutputStream:0.49333333333333335
StatementTypes:0.45111111111111113
Result:0.41
Database:0.35
HsqlDatabaseProperties:0.3466666666666667
RowSetNavigatorClient:0.31833333333333336
Session:0.25333333333333335
SchemaManager:0.20666666666666667
ParserDDL:0.20333333333333334
StatementCommand:0.19666666666666666
ClientConnection:0.19666666666666666
JDBCPreparedStatement:0.19333333333333333
StatementQuery:0.18
ServerConnection:0.17833333333333334
StatementDMQL:0.15333333333333332
ParserCommand:0.14333333333333334
AllTests:0.049166666666666664
ResultConstants:0.02
