SqlFile:0.14448059
SqlTool:0.10045961
