AbstractUnit:0.16687506
Player:0.13673149
UnitType:0.10984323
Specification:0.08089562
Game:0.08048762
FreeColObject:0.07097734
FreeColGameObject:0.067391686
FreeColGameObjectType:0.043069225
Nation:0.023965375
Turn:0.009350072
Named:0.002275014
