InGameController:0.5588888888888889
ClientOptions:0.42333333333333334
ReceivingThread:0.32
InGameInputHandler:0.26666666666666666
