Colony:0.30172506
GoodsContainer:0.03403714
GoodsLocation:0.030971752
BuildableType:0.029337712
FreeColObject:0.027880808
