Mission:0.6366666666666667
AIPlayer:0.6033333333333334
UnitSeekAndDestroyMission:0.41
