BSHArrayDimensions:0.2992572
BSHVariableDeclarator:0.12975979
Interpreter:0.062792376
Reflect:0.05427474
SimpleNode:0.04436127
Types:0.042950425
UtilEvalError:0.04021205
Primitive:0.02875114
EvalError:0.027482767
CallStack:0.024919605
Parser:0.021669976
