NameSpace:0.21664622
Name:0.16802628
Interpreter:0.15330368
Reflect:0.118515104
ClassGeneratorUtil:0.10609517
ClassGeneratorImpl:0.10134971
Capabilities:0.07331268
BeanShell:0.070354864
ClassGenerator:0.054492425
BSHType:0.052557375
Primitive:0.048869606
SimpleNode:0.038876347
CallStack:0.031839583
UtilEvalError:0.020713488
EvalError:0.011598458
InterpreterError:0.0045557623
