DelayedEvalBshMethod:0.19232015
This:0.18077016
Name:0.17405057
NameSpace:0.15559067
ClassGeneratorUtil:0.15260284
BSHMethodDeclaration:0.13496044
Reflect:0.12156
Interpreter:0.10755201
BSHFormalParameters:0.09855529
XThis:0.09802188
BSHBlock:0.08832833
UtilEvalError:0.07500688
CallStack:0.06668514
BlockNameSpace:0.060005926
SimpleNode:0.05782853
EvalError:0.057136174
BeanShell:0.046545707
TargetError:0.044534124
JThis:0.03868072
Types:0.034514423
Primitive:0.024353417
BeanShellAction:0.017627614
Modifiers:0.017268188
ReturnControl:0.015517152
SearchAndReplace:0.012515966
StringUtil:0.00516541
InterpreterError:0.0028939487
ReflectError:0.0013154547
ParserConstants:7.847005E-5
