BSHAmbiguousName:0.17878549
TargetError:0.161976
BSHArguments:0.13430311
ClassGeneratorUtil:0.13339281
Interpreter:0.13031842
Name:0.11337654
UtilEvalError:0.09901802
NameSpace:0.09842033
EvalError:0.08970642
SimpleNode:0.080102116
CallStack:0.053904068
Parser:0.030228674
Primitive:0.01634861
ReflectError:0.0054053557
