BSHPrimaryExpression:0.48521048
BSHAmbiguousName:0.24460374
Reflect:0.20737699
NameSpace:0.18784581
Interpreter:0.18742278
BSHType:0.13558054
UtilEvalError:0.13162783
BSHArguments:0.11170811
SimpleNode:0.096577115
LHS:0.0939007
TargetError:0.08141211
EvalError:0.07468151
Primitive:0.06780402
Types:0.0560116
CallStack:0.048687946
CollectionManager:0.043633483
Parser:0.028040309
ReflectError:0.008032882
InterpreterError:0.004979769
