BshClassManager:0.18154958
Reflect:0.09147955
This:0.06121164
ReflectManager:0.056757763
ClassGeneratorImpl:0.04806707
ClassGenerator:0.03442957
Types:0.031976398
UtilEvalError:0.019058123
TargetError:0.0142047
CollectionManager:0.01082826
