ClassGeneratorUtil:0.2676433
BSHMethodDeclaration:0.15976219
ClassGenerator:0.15408619
NameSpace:0.15323001
BSHClassDeclaration:0.14171842
BSHBlock:0.13050078
DelayedEvalBshMethod:0.11695524
BSHTypedVariableDeclaration:0.116516925
Reflect:0.11152425
Interpreter:0.089153074
BshClassManager:0.083949536
This:0.08194109
SimpleNode:0.07486835
BSHFormalParameters:0.06335231
BSHVariableDeclarator:0.049148258
BSHReturnType:0.047600877
UtilEvalError:0.033544388
CallStack:0.032541074
LHS:0.030639017
EvalError:0.029509226
Types:0.02384723
Variable:0.0225557
Modifiers:0.014454591
Capabilities:0.013869914
InterpreterError:0.006112079
ReflectError:0.0038707508
