Interpreter:0.019002318
ParserTokenManager:0.015864613
Parser:0.008455893
