Variable:0.07579158
ClassGeneratorImpl:0.049096957
ClassGeneratorUtil:0.035776976
BshMethod:0.0345322
NameSpace:0.023115965
Parser:0.017245412
BSHAllocationExpression:0.011155629
BSHClassDeclaration:0.010714958
BSHMethodDeclaration:0.009566207
BSHTypedVariableDeclaration:0.008867684
DelayedEvalBshMethod:0.0068847802
ClassGenerator:0.006449289
