Name:0.3099071
This:0.2727559
BlockNameSpace:0.22355828
Reflect:0.19724403
BshClassManager:0.18821253
Interpreter:0.18002278
ClassGeneratorImpl:0.15778507
BshMethod:0.15577559
ClassGeneratorUtil:0.14215986
LHS:0.13238993
XThis:0.117732644
BSHAllocationExpression:0.114128925
BSHMethodDeclaration:0.10078724
BSHPrimarySuffix:0.100535855
BeanShell:0.09558872
ClassGenerator:0.09100028
BSHTryStatement:0.08751977
CallStack:0.08165756
BSHAmbiguousName:0.07965212
BSHImportDeclaration:0.076847345
SimpleNode:0.07653984
BSHCastExpression:0.07480779
Variable:0.07086699
BSHEnhancedForStatement:0.069814116
Primitive:0.0682598
BSHTypedVariableDeclaration:0.06768383
BSHMethodInvocation:0.06046674
BSHBlock:0.059443824
DelayedEvalBshMethod:0.058061898
jEdit:0.057675894
BeanShellAction:0.05503577
UtilEvalError:0.05412512
BSHForStatement:0.053920373
JThis:0.051487435
VFSBrowser:0.049611337
EvalError:0.03998934
SearchAndReplace:0.03990273
DockableWindowManager:0.039336566
NameSource:0.03818297
EditServer:0.038040455
BSHPackageDeclaration:0.037848275
Modifiers:0.02110612
ActionBar:0.018951962
ClassIdentifier:0.01338613
InterpreterError:0.0030326745
