ParserConstants:0.012028449
TokenMgrError:0.009101724
JavaCharStream:0.0049896305
Token:0.002276314
Parser:0.0017581654
