Parser:0.1845658
BSHClassDeclaration:0.008924496
SimpleNode:0.0033942915
