JJTParserState:0.025527148
ParseException:0.02509148
Interpreter:0.019885704
ParserTreeConstants:0.01390994
ParserConstants:0.009245568
BSHBinaryExpression:0.008542698
Primitive:0.005670429
BSHUnaryExpression:0.0049839383
BSHAssignment:0.0048669423
BSHAllocationExpression:0.003917512
BSHEnhancedForStatement:0.0036848777
BSHPrimarySuffix:0.0034867204
BSHPrimaryExpression:0.0034852936
BSHMethodDeclaration:0.003335632
BSHType:0.003171126
SimpleNode:0.0029548733
BSHTryStatement:0.002885326
BSHForStatement:0.0028579002
ParserTokenManager:0.0027712744
BSHLiteral:0.0023980595
BSHCastExpression:0.0023606557
JavaCharStream:0.0022881378
BSHTernaryExpression:0.0021495665
BSHVariableDeclarator:0.0021295443
BSHWhileStatement:0.0021090049
BSHClassDeclaration:0.0020215907
BSHArrayDimensions:0.0019137773
BSHBlock:0.0018935689
BSHSwitchStatement:0.0017849295
BSHArrayInitializer:0.0017647245
BSHTypedVariableDeclaration:0.0016038874
BSHMethodInvocation:0.0015417238
BSHIfStatement:0.0015035197
BSHReturnStatement:0.001264964
Token:0.0012140697
Modifiers:0.0010825591
BSHThrowStatement:9.508121E-4
BSHAmbiguousName:8.8311714E-4
BSHImportDeclaration:8.167541E-4
BSHStatementExpressionList:7.9127337E-4
BSHSwitchLabel:7.644049E-4
BSHReturnType:7.4119575E-4
BSHFormalParameters:6.493053E-4
BSHFormalParameter:6.3413783E-4
BSHPackageDeclaration:4.8984867E-4
BSHArguments:3.858895E-4
BSHPrimitiveType:3.5796486E-4
BSHFormalComment:3.0409457E-4
Node:4.023939E-5
