ParseException:0.17260307
SimpleNode:0.07113297
Parser:0.0500549
ParserTokenManager:0.027355496
