Primitive:0.4153277
BSHCastExpression:0.17866151
BSHBinaryExpression:0.074593045
Variable:0.059106935
Name:0.055490017
Reflect:0.05374595
ClassGeneratorUtil:0.052547395
BSHArrayInitializer:0.048523888
BSHPrimarySuffix:0.04286481
BshMethod:0.032865416
This:0.032547887
BSHTryStatement:0.027608782
ClassGeneratorImpl:0.02155386
UtilTargetError:0.0103415325
Capabilities:0.00704614
UtilEvalError:0.0066502243
InterpreterError:0.0013031625
