This:0.20907636
NameSpace:0.1277704
BshMethod:0.09115692
Interpreter:0.08396112
CallStack:0.08046302
JThis:0.05480759
TargetError:0.046976894
Primitive:0.03250062
EvalError:0.02206744
UtilEvalError:0.017662214
