Canvas:0.67
FreeColPanel:0.3591666666666667
NewPanel:0.3566666666666667
TilePanel:0.22
ServerListPanel:0.21444444444444447
TilePopup:0.18666666666666668
StartGamePanel:0.18
DebugMenu:0.16
VictoryPanel:0.14333333333333334
AboutAction:0.09333333333333334
ShowVictoryPanelSwingTask:0.08333333333333333
AboutPanel:0.07333333333333333
