AbstractListTableModel:0.6957777777777778
TestTK:0.412781746031746
