WikiUtil:0.4633333333333333
Utilities:0.43
UtilitiesTest:0.3466666666666667
Environment:0.234
SpamFilter:0.22111111111111115
WikiConfiguration:0.22
