JDBCDatabaseMetaDataTest:0.57
JDBCCallableStatementTest:0.44333333333333336
BaseSection:0.3233333333333333
BaseTestCase:0.295
JDBCDatabaseMetaDataSupportsConvertTest:0.17
