StandardAIPlayer:0.19127582
ColonialAIPlayer:0.19053762
Wish:0.18960932
AIUnit:0.18626781
AIColony:0.16565078
AIObject:0.1475885
AIMain:0.14336684
REFAIPlayer:0.12885925
ValuedAIObject:0.10991156
Transportable:0.031865343
