TextHolderFigure:0.5505555555555556
TextTool:0.36
FloatingTextField:0.31
DefaultFontChooserModel:0.2733333333333333
FloatingTextArea:0.27
TextFigure:0.26
JFontChooser:0.26
SVGTextAreaFigure:0.23333333333333334
SVGTextFigure:0.21333333333333335
TextAreaFigure:0.20333333333333334
PaletteFontChooserUI:0.20333333333333334
TextAreaTool:0.18333333333333332
FontChooserHandler:0.055
UIResource:0.023888888888888887
