Widget:0.62
Main:0.44333333333333336
Desktop:0.35333333333333333
