StringUtil:0.48
SqlFile:0.4266666666666667
TarEntrySupplicant:0.30333333333333334
TarGenerator:0.22444444444444447
