MMenu:0.5741666666666667
MNotification:0.375
MTip:0.36
FeedThread:0.25916666666666666
StaticHandler:0.11333333333333333
