IMainWindow:0.21049567
MainWindowMenuHandler:0.07248107
ProjectUICommands:0.06259139
MainWindowUI:0.057680108
MainWindowMenu:0.032799542
IMainMenu:0.002647188
