PlayerExploredTile:0.08932673
TileItemContainer:0.076063305
Tile:0.06571247
FreeColObject:0.05369232
FreeColGameObject:0.045469183
Game:0.042716056
Player:0.032964073
Unit:0.032956775
UnitType:0.030740421
TileItem:0.024110984
