Buffer:0.5533333333333333
JEditTextArea:0.49
ChunkCache:0.2833333333333333
BrowserView:0.27
BufferChangeHandler:0.24166666666666667
OffsetManager:0.23583333333333334
SearchDialog:0.18666666666666668
VFSBrowser:0.18666666666666668
ActionHandler:0.1715
ButtonActionHandler:0.14833333333333334
BrowserOptionPane:0.043333333333333335
