Desktop:0.56
Pager:0.35333333333333333
MainWindow:0.28
Button:0.25
NoteWidgetPlugin:0.23333333333333334
DesktopPanel:0.22
Action:0.20333333333333334
DesktopSettings:0.2
PasteAsStickyNoteAction:0.11
