Pager:0.7166666666666667
Renderer:0.43666666666666665
DesktopPanel:0.32
