FreeColPanel:0.6516666666666666
ColopediaPanel:0.36
ReportTurnPanel:0.3433333333333333
NegotiationDialog:0.23666666666666666
ReportUnitPanel:0.23666666666666666
ReportRequirementsPanel:0.21
ReportColonyPanel:0.2
ReportProductionPanel:0.14666666666666667
