BezierPath:0.5433333333333333
BezierFigure:0.43
HandleTracker:0.30333333333333334
DefaultFontChooserModel:0.28
DelegationSelectionTool:0.2633333333333333
SVGPathFigure:0.22916666666666666
BezierNodeHandle:0.2277777777777778
SVGTextFigure:0.20583333333333337
SVGBezierFigure:0.15
