MDialog:0.15183003
MLayout:0.13743012
MCalendarPanel:0.13303043
MMultiPanel:0.122858696
MToolBar:0.12097746
MLabel:0.11635929
MTextFieldPanel:0.10702616
MSettingsDialog:0.10651447
MWizardDialog:0.10564183
MAboutDialog:0.1022092
MMessage:0.100260474
MTogglePanel:0.096251674
MTabbedPane:0.09579447
MMenu:0.09295331
MNotification:0.092133224
MSeparator:0.090889715
MButtonPanel:0.08441278
MRenderer:0.08319831
MComponent:0.08107858
MInternalFrame:0.07711577
MSmallColorChooser:0.0763579
UI:0.07506378
MFontChooser:0.070432134
MPasswordPanel:0.07029555
MColorChooser:0.06591209
MColorPicker:0.063341245
MStatusBar:0.06325925
MScrollPane:0.058933645
MColorChooserPanel:0.052445162
MFlipPanel:0.044572722
MDownloadDialog:0.044184413
MFileChooser:0.043246504
TK:0.036537968
MCheckBoxTable:0.03461135
MIconChooser:0.033748858
MWebBrowserPanel:0.03358933
CoolHeader:0.032254048
MRating:0.026438368
MArrayList:0.023121163
MTab:0.023092987
MHighlighter:0.019714182
AbstractIndicator:0.018731238
MColor:0.010871794
WTFError:0.003762557
MPanelBeanInfo:0.0024006013
Pair:0.0023352718
