PluginType:0.62971246
PluginSettings:0.30760822
PluginAction:0.22967927
PluginClassLoader:0.21230033
PluginComboBox:0.19190699
PluginRenderer:0.17141858
PluginList:0.16773942
ScriptPlugin:0.13749982
PluginEvent:0.10230883
LookAndFeelPlugin:0.09625819
AbstractPlugin:0.0
PluginManager:0.0
Pluggable:0.0
PluginDownloader:0.0
LookAndFeelSettings:0.0
