WebService:0.20941123
WebResult:0.118025765
WebDialog:0.10369457
WebProperties:0.026287155
WebException:0.004942131
