ColumnManager:0.4266666666666667
FS:0.4033333333333333
PBEInfo:0.36666666666666664
MScrollPane:0.24
MColorChooserDialog:0.20916666666666667
GHNSDialog:0.20583333333333334
Sidebar:0.20583333333333334
NewFolderDialog:0.18833333333333332
NewFileDialog:0.17
ColorPaletteMenu:0.13383333333333333
SortAction:0.13383333333333333
NotepadEditorCore:0.13
Core:0.13
