jEdit:0.6066666666666667
HistoryModel:0.31333333333333335
Registers:0.25
Abbrevs:0.24277777777777781
UndoManager:0.23888888888888885
Remove:0.16333333333333333
BufferHistory:0.14
Insert:0.13
KillRing:0.10666666666666667
KillRingHandler:0.056666666666666664
