Application:0.8666666666666667
AbstractApplication:0.34
JAttributeSlider:0.25333333333333335
SVGApplicationModel:0.24333333333333335
SDIApplication:0.21666666666666667
DefaultDragTracker:0.19666666666666666
FocusWindowAction:0.14666666666666667
NewFileAction:0.14333333333333334
