Tags:0.5733333333333334
FSHelper:0.3566666666666667
TagsUtils:0.31
PropertiesBar:0.21666666666666667
TagsEditor:0.21
