Colony:0.8166666666666667
InGameController:0.3333333333333333
ClientOptions:0.16666666666666666
