SearchAndReplace:0.11062223
SearchMatcher:0.092867784
CharIndexed:0.027371006
