ConsoleInstall:0.11976429
InstallThread:0.118657984
Install:0.091204956
NonInteractiveInstall:0.088672034
SwingInstall:0.07734521
