PluginListHandler:0.22069123
InstallPanel:0.17061003
PluginJAR:0.15720259
jEdit:0.14661631
Roster:0.14267708
EditPlugin:0.11862793
MiscUtilities:0.100721896
PluginManager:0.03772392
MirrorList:0.03649383
Log:0.025909876
XmlParser:0.023029845
