ToolBarEditDialog:0.3020178
GUIUtilities:0.14555626
EditAction:0.07225161
jEdit:0.048111595
RolloverButton:0.034186598
AbstractOptionPane:0.032022588
MiscUtilities:0.031991694
