Products:0.09701425
PluginSettings:0.08701399
