EquipmentType:0.43302745
FoundingFather:0.3487846
EuropeanNationType:0.3222229
Monarch:0.28642964
UnitType:0.21164048
FreeColObject:0.21030135
StringTemplate:0.17116256
Specification:0.15265165
FreeColGameObjectType:0.13617127
Player:0.08830416
