AbstractUnit:0.14670517
UnitType:0.13595913
Player:0.13361743
Game:0.08776569
FreeColObject:0.0826745
Specification:0.08094643
FreeColGameObject:0.07297381
Ability:0.055838052
FreeColGameObjectType:0.045509025
Nation:0.03221883
Turn:0.008424807
Named:0.00242057
