MapGeneratorOptions:0.6266666666666667
OptionGroup:0.39
Canvas:0.36666666666666664
Game:0.33
MapGenerator:0.2866666666666667
OptionMap:0.22333333333333333
TerrainGenerator:0.22333333333333333
MapGeneratorOptionsDialog:0.21333333333333335
PreGameController:0.21
ConnectController:0.20666666666666667
LandGenerator:0.17666666666666667
MapGeneratorTest:0.16833333333333333
MapEditorController:0.15
MapEditorMenuBar:0.14666666666666667
SaveLoadTest:0.1
