InternetSearchPanel:0.43333333333333335
MNotification:0.39
InternetSearchPlugin:0.3433333333333333
MouseGestures:0.28
InternetSearchAction:0.1577777777777778
