FeedViewer:0.3466666666666667
FeedComponent:0.30666666666666664
FeedUtils:0.2733333333333333
MHTMLViewer:0.18
BlockImageFactory:0.09666666666666666
