ConsoleCommandLine:0.16282386
ConsoleCommand:0.12990595
HistoryCommand:0.1254051
JVisualVMCommand:0.093204096
ScriptCommand:0.08435354
DebugCommand:0.082149714
ConsolePlugin:0.07201734
ConsoleConfig:0.04955075
ConsoleOutput:0.039975982
