MCalendarPanel:0.4766666666666667
PropertyPanel:0.31333333333333335
AbstractSpinner:0.2833333333333333
DateTimeDialog:0.23111111111111116
Input:0.21
NewPasswordDialog:0.11333333333333333
WeekLabel:0.10861111111111109
