JDBCResultSet:0.4033333333333333
Session:0.36666666666666664
JDBCBlobClient:0.3408333333333333
ErrorCode:0.2911111111111111
JDBCPreparedStatement:0.27666666666666667
LobManager:0.22666666666666666
BlobInputStream:0.1588888888888889
JDBCStatementBase:0.1588888888888889
ClobInputStream:0.12333333333333334
