Console:0.66
HistoryCommand:0.33666666666666667
ConsoleCommand:0.31666666666666665
