Table:0.59
Column:0.42
Expression:0.4
Index:0.36333333333333334
Tokenizer:0.31333333333333335
DatabaseManager:0.3
Logger:0.25
ScriptWriterBase:0.22833333333333333
DITableInfo:0.22666666666666666
NIOScaledRAFile:0.22337301587301586
DataFileCache:0.22333333333333333
DatabaseInformationFull:0.20666666666666667
CompiledStatement:0.20666666666666667
DatabaseCommandInterpreter:0.19666666666666666
DatabaseInformationMain:0.18666666666666668
ScaledRAFile:0.17333333333333334
DataFileDefrag:0.16666666666666666
ScriptRunner:0.08
