WikiConfiguration:0.85
NamespaceHandler:0.30333333333333334
RegisterServlet:0.24777777777777776
