Expression:0.52
SubQuery:0.43666666666666665
RangeVariable:0.37333333333333335
ParserDDL:0.2966666666666667
ParserDQL:0.29333333333333333
ParserBase:0.26
CompileContext:0.24666666666666667
AllSimpleTests:0.14555555555555555
