ParserDQL:0.475
Database:0.43666666666666665
SessionData:0.39666666666666667
