Buffer:0.49333333333333335
View:0.43333333333333335
EditingOptionPane:0.36666666666666664
Factory:0.18444444444444444
BeanShellAction:0.17111111111111113
ModeProperties:0.16
KeyEventWorkaround:0.12666666666666668
