FileUtil:0.36
StaticUtils:0.35
Platform:0.2783333333333333
FileUtilTest:0.11666666666666667
