FeedComponent:0.35333333333333333
FeedViewer:0.3233333333333333
DefaultPageChecker:0.31666666666666665
BackupDialog:0.2633333333333333
Links:0.23666666666666666
EnclosureAction:0.09333333333333334
TestDefaultPageChecker:0.056666666666666664
