Mission:0.37812063
TransportMission:0.24572696
