Result:0.6433333333333333
Routine:0.6366666666666667
SessionContext:0.30333333333333334
