Tile:0.5366666666666666
Building:0.3
Resource:0.2633333333333333
Market:0.2588888888888889
ColonyTile:0.25333333333333335
Map:0.24
BuildableType:0.20666666666666667
IndianSettlement:0.16
