TestMNumberSpinner:0.7316666666666667
TestXMLRPCClient:0.31666666666666665
