GUI:0.6566666666666666
InGameController:0.37666666666666665
BuildQueuePanel:0.24666666666666667
ColonyPanel:0.24666666666666667
ShowInformationMessageSwingTask:0.14333333333333334
