DiffUtil:0.72
WikiDiff:0.4766666666666667
DiffUtilTest:0.35333333333333333
