SearchAndReplace:0.5366666666666666
JARClassLoader:0.30666666666666664
MacOSPlugin:0.26666666666666666
ChunkCache:0.26
RESearchMatcher:0.24
