Unit:0.30245543
Player:0.2877572
Tile:0.2530601
Colony:0.22819723
Goods:0.22121543
Market:0.20513661
ModelMessage:0.17752714
Map:0.16844057
Monarch:0.16248901
FreeColGameObject:0.13206135
Game:0.1196546
UnitType:0.117347896
GoodsContainer:0.11183116
FreeColObject:0.11151286
GoodsType:0.077979505
EquipmentType:0.07379989
Location:0.072295204
AbstractGoods:0.06402412
Locatable:0.04458204
Ownable:0.042221878
BuildableType:0.039289594
Named:0.011956129
