ColonyTile:0.32705107
Unit:0.2995361
Building:0.23307878
Tile:0.1705584
Player:0.16124302
GoodsContainer:0.14991012
Goods:0.09556908
Map:0.082945995
FreeColGameObject:0.0723014
Game:0.0687351
Location:0.064235836
WorkLocation:0.06287504
Settlement:0.05042879
ModelController:0.046341777
Locatable:0.010408805
Turn:0.005820041
FoundingFather:0.00493564
