FreeColMenuBar:0.06528483
FullScreenFrame:0.035217978
InGameMenuBar:0.030883962
ImageLibrary:0.026248826
