Buffer:0.67
MiscUtilities:0.37
DisplayManager:0.20333333333333334
BeanShell:0.2
BufferHistory:0.17333333333333334
CompleteWord:0.16666666666666666
RecentFilesProvider:0.15
EditBusStub:0.13666666666666666
PasteFromListDialog:0.13
GeneralOptionPane:0.09
