UI:0.8166666666666667
MButton:0.32666666666666666
MCellTip:0.23666666666666666
