FreeColServer:0.84
NewEmptyMapAction:0.2577777777777778
MapEditorController:0.21666666666666667
MapEditorMenuBar:0.20444444444444446
