SchemaManager:0.555
DatabaseInformationFull:0.37666666666666665
DatabaseInformationMain:0.3288888888888889
