FreeColPanel:0.10268826
UnitLabel:0.09171141
ReportContinentalCongressPanel:0.067020625
ReportPanel:0.059497908
ReportReligiousPanel:0.05742423
GoodsLabel:0.037287135
