Tile:0.7066666666666667
TileImprovementType:0.27666666666666667
GUI:0.2733333333333333
TileItemContainer:0.27
TileType:0.2633333333333333
ColopediaPanel:0.19666666666666666
