Progress:0.6695283
ConsoleInstall:0.1716523
NonInteractiveInstall:0.14332762
