InstallThread:0.32991034
OperatingSystem:0.2486419
Install:0.08495979
ConsoleProgress:0.045826115
