ConsoleInstall:0.34237733
NonInteractiveInstall:0.33154193
SwingInstall:0.19992568
OperatingSystem:0.18947512
Install:0.059528127
TarInputStream:0.05605607
Progress:0.032855794
TarEntry:0.023443555
CBZip2InputStream:0.017646268
