OperatingSystem:0.16735734
NonInteractiveInstall:0.15660354
ConsoleInstall:0.1453168
InstallThread:0.13644817
SwingInstall:0.06174354
Progress:0.013067787
