ConsoleProgress:0.31270897
SwingInstall:0.034154583
InstallThread:0.014873038
Install:0.011798285
