InstallThread:0.06635317
OperatingSystem:0.04976037
VariableGridLayout:0.03915592
Install:0.0148209715
Progress:0.0061984607
