Settlement:0.5116666666666667
Colony:0.45
IndianSettlement:0.3308333333333333
PlayerExploredTile:0.31
ImageLibrary:0.2488888888888889
