UI:0.6466666666666666
MRenderer:0.33666666666666667
Tabs:0.30583333333333335
Renderer:0.2866666666666667
SummaryRenderer:0.28
TabComponent:0.2633333333333333
