Utilities:0.9466666666666667
Environment:0.5166666666666667
WikiBase:0.29333333333333333
AdminServlet:0.23666666666666666
