MiscUtilities:0.7283333333333334
DockableLayout:0.3233333333333333
FontSelectorDialog:0.2608333333333333
LogViewer:0.26
