BrushTool:0.20180123
AbstractRectangleTool:0.19836973
RectangleTool:0.18729918
SelectionTool:0.07058241
ToolPanel:0.053201485
ToolManager:0.053176448
ToolButton:0.04432863
