ToolManager:0.26437384
Tool:0.23744707
