GUI:0.0609462
TilePopup:0.04737228
FreeColMenuBar:0.04116554
ImageLibrary:0.027106712
InGameMenuBar:0.024352882
CanvasMapEditorMouseListener:0.02125369
MapEditorMenuBar:0.020881731
CanvasMouseListener:0.011789007
CanvasMouseMotionListener:0.010864363
CanvasKeyListener:0.008188835
FullScreenFrame:0.00779689
GUIMessage:0.0053679096
WindowedFrame:0.004385079
ViewMode:0.0024274741
WindowedFrameListener:0.0016310035
