FreeColDialog:0.20105715
FreeColPanel:0.11238404
