Building:0.5041666666666667
ColonyTile:0.42333333333333334
InGameController:0.37666666666666665
InGameInputHandler:0.2833333333333333
