JDBCDatabaseMetaDataTest:0.61
JDBCResultSetTest:0.4533333333333333
DatabaseURLTest:0.22
JDBCDriverTest:0.19666666666666666
JDBCResultSetMetaDataTest:0.19333333333333333
