PluginManager:0.030751934
PluginInfo:0.015763393
PluginRenderer:0.014488454
