UI:0.049199015
MDialog:0.026529662
MLabel:0.025983457
MWindow:0.02557278
MApplication:0.021061322
Property:0.00243979
BooleanProperty:0.0019835066
