TextCache:0.3521927
ScaledRAFile:0.12586565
Cache:0.124582015
DataFileDefrag:0.109047204
Log:0.108384795
Logger:0.08549834
HsqlDatabaseProperties:0.07358721
HsqlProperties:0.06415381
PersistentStore:0.061041746
ScaledRAFileInJar:0.059412442
CachedObject:0.028905904
DataFileBlockManager:0.020828092
