Message:0.06889797
Connection:0.03093947
