Message:0.088604964
Connection:0.025122797
