FeedsFS:0.034144547
FeedThread:0.025966153
