Player:0.5366666666666666
ServerPlayer:0.49
FreeColServer:0.3233333333333333
UserConnectionHandler:0.24777777777777782
