Buffer:0.62
Autosave:0.3433333333333333
SaveBackupOptionPane:0.2833333333333333
