Tokens:0.7133333333333334
OpTypes:0.5876666666666667
ErrorCode:0.3765555555555556
Routine:0.37
FunctionSQLInvoked:0.27666666666666667
Expression:0.27
QuerySpecification:0.24444444444444446
ExpressionColumn:0.23
SetFunction:0.22333333333333333
ParserDDL:0.19666666666666666
ExpressionAggregate:0.19333333333333333
ParserRoutine:0.18
RoutineSchema:0.17
