LinkUtil:0.5433333333333333
AnsiDataHandler:0.4866666666666667
MediaWikiXmlMigrator:0.2833333333333333
MigrationUtil:0.19
WikiLinkTag:0.17666666666666667
