AutoCompleter:0.5833333333333334
AutoCompleterItem:0.41333333333333333
AutoCompleterTableView:0.2733333333333333
AutoCompleterListView:0.20666666666666667
CharTableAutoCompleterView:0.19722222222222224
AutotextAutoCompleterView:0.17
TagAutoCompleterView:0.16
GlossaryAutoCompleterView:0.043333333333333335
