InGameController:0.39666666666666667
IndianSettlement:0.39
Game:0.38333333333333336
InGameInputHandler:0.3433333333333333
Canvas:0.3333333333333333
InciteMessage:0.2
InGameControllerTest:0.16
MissionaryMessage:0.13666666666666666
