MetaInfo:0.6466666666666666
Config:0.38333333333333336
SessionManager:0.2833333333333333
Tree:0.25666666666666665
Tabs:0.23
MainWindow:0.19666666666666666
Bookmarks:0.18666666666666668
FSHelper:0.17666666666666667
ItemRenderer:0.16333333333333333
SearchBar:0.15
FeedThread:0.13333333333333333
