Unit:0.5566666666666666
Location:0.4533333333333333
Tile:0.42333333333333334
InGameNetworkListener:0.21166666666666667
Colony:0.19333333333333333
Europe:0.17
LocationTest:0.13666666666666666
DefaultInGameNetworkListener:0.09
