SVNRemoteRepository2:0.5277777777777777
GITRemoteRepository2:0.44
RebaseAndCommit:0.12333333333333334
