jEdit:0.042228863
GUIUtilities:0.026448391
MiscUtilities:0.026190793
KeyEventWorkaround:0.024925273
EditServer:0.023783505
PanelWindowContainer:0.021803984
FileVFS:0.01817376
VFSManager:0.018109988
StatusBar:0.016277844
Log:0.015728947
JEditTextArea:0.015153607
HyperSearchResults:0.01412122
VFSBrowser:0.013905407
BrowserView:0.013851136
FileRootsVFS:0.01375079
ColorWellButton:0.012127276
SettingsReloader:0.011270358
SearchDialog:0.010857445
JARClassLoader:0.009947968
HelpTOCPanel:0.009732282
DefaultInputHandler:0.009124003
OptionsDialog:0.0074726366
EnhancedMenu:0.006308149
EnhancedMenuItem:0.003941888
AppearanceOptionPane:0.00250709
