TextAreaHighlight:0.21028636
TextAreaPainter:0.18092401
EditPane:0.09809426
Buffer:0.08465697
JEditTextArea:0.05535523
jEdit:0.036968112
Marker:0.013228188
