Table:0.15845415
DatabaseCommandInterpreter:0.1564191
DatabaseInformationMain:0.12548454
DINameSpace:0.120040916
UserManager:0.102170855
DatabaseInformationFull:0.10202437
Log:0.10019864
Session:0.09862731
TableWorks:0.09138411
Trace:0.08802486
Parser:0.08801923
Logger:0.085490264
Function:0.08376204
DatabaseScript:0.082999445
Constraint:0.07282401
DatabaseInformation:0.06581218
DataFileDefrag:0.0652953
CompiledStatementExecutor:0.06451546
SessionManager:0.060847722
User:0.05970681
View:0.059607282
DatabaseManager:0.059376843
SequenceManager:0.054153252
TextTable:0.05395158
DataFileCache:0.050412156
Cache:0.048968848
HsqlDatabaseProperties:0.04814857
Library:0.041482992
HsqlNameManager:0.04081841
DatabaseObjectNames:0.037258603
ServerConnection:0.027540728
ScriptRunner:0.02712008
HsqlProperties:0.02513477
CompiledStatementManager:0.024356697
SubQuery:0.01951523
HsqlException:0.010257599
NumberSequence:0.009156743
