StringConverter:0.18312682
InOutUtil:0.092264436
