PersistentStore:0.6433333333333333
Table:0.6333333333333333
RowStoreAVL:0.43833333333333335
TableBase:0.39666666666666667
LobStoreInJar:0.32
RowStoreAVLHybrid:0.24333333333333335
RowStoreAVLDisk:0.21666666666666667
RowStoreAVLMemory:0.21666666666666667
TableDerived:0.21142857142857144
RowStoreAVLDiskData:0.19333333333333333
