Property:0.20649444
TK:0.12801
IntegerProperty:0.106130205
FS:0.09765623
ColorProperty:0.0880493
MFileChooser:0.081870206
OS:0.075543866
BooleanProperty:0.06405172
StringProperty:0.06278778
MLogger:0.058402956
EnumProperty:0.05648847
AppInfo:0.047306404
DateProperty:0.03925391
MTogglePanel:0.03795894
ConfigEntry:0.035756998
Flags:0.029266382
Application:0.022970995
