MMainWindow:0.06908467
MURLButton:0.05554939
TK:0.0520595
Gettext:0.048319645
MAbout:0.041749664
Args:0.03834388
Config:0.03817146
FS:0.037370853
MLogger:0.028053464
UI:0.027979393
MTip:0.023051254
StringProperty:0.021081649
Application:0.020633427
Property:0.01906782
MAction:0.017943349
MMessage:0.016753977
MouseGestures:0.015862048
MAuthenticator:0.013790549
MText:0.011133806
MMouseAdapter:0.008630328
ImageSelection:0.007975687
Item:0.007764028
Uninstantiable:3.5702504E-4
