LinkUtil:0.6033333333333334
TemplateTag:0.43333333333333335
ParserTest:0.37333333333333335
