Feed:0.5633333333333334
Preloader:0.30333333333333334
FeedThread:0.27666666666666667
FeedUtils:0.19333333333333333
Result:0.0575
