GlossaryTextArea:0.27666666666666667
GlossaryTextAreaTest:0.13333333333333333
FindGlossaryThread:0.07666666666666666
