Property:0.5333333333333333
MApplication:0.3933333333333333
MTree:0.31666666666666665
MTreeItem:0.2938888888888889
MText:0.2833333333333333
