UI:0.7033333333333334
MText:0.32666666666666666
PrintPreviewPanel:0.25777777777777783
Plugin:0.22083333333333333
SummaryEditor:0.2111111111111111
Cache:0.18333333333333332
