ProxyPanel:0.10997817
ProxyManager:0.03531971
