InGameController:0.5233333333333333
Turn:0.5033333333333333
InGameMenuBar:0.14666666666666667
ReportHighScoresPanel:0.14
ReportHistoryPanel:0.14
ReportExplorationPanel:0.1
GameTest:0.09666666666666666
