MAboutDialog:0.5333333333333333
MainWindow:0.53
MMainWindow:0.38
PluginSettings:0.19666666666666666
AboutAction:0.11777777777777776
