ProjectProperties:0.075924985
RealProject:0.034212697
