MainWindow:0.7716666666666666
Backup:0.5066666666666667
MWizard:0.32
