JFlexParserUtil:0.49
JFlexLexer:0.43666666666666665
JFlexTagItem:0.43
HtmlLinkTag:0.13
WikiBoldItalicTag:0.11333333333333333
JavascriptTag:0.10666666666666667
HtmlTagItem:0.07333333333333333
