UnitType:0.38
Consumer:0.3745
Colony:0.35
Unit:0.32666666666666666
ProductionInfo:0.31666666666666665
BuildQueue:0.24277777777777781
AbstractGoods:0.23333333333333334
ColonyProductionTest:0.22666666666666666
Building:0.16666666666666666
ProductionMap:0.12333333333333334
