FileUtil:0.65
StaticUtils:0.4866666666666667
StaticUtilsTest:0.36666666666666664
FileUtilTest:0.19333333333333333
