Mission:0.23120195
TransportMission:0.21693984
