DebugMenu:0.25
FreeColAction:0.23333333333333334
ReconnectAction:0.21333333333333335
MapControlsAction:0.21333333333333335
PreferencesAction:0.21333333333333335
QuitAction:0.19666666666666666
ToggleViewModeAction:0.19666666666666666
SaveAction:0.19
DisplayTileNamesAction:0.19
DisplayGridAction:0.19
ChatAction:0.19
OpenAction:0.19
DisplayTileOwnersAction:0.19
NewAction:0.19
