CostDecider:0.32639503
CostDeciders:0.1929543
