BaseCostDecider:0.34469864
CostDecider:0.2646721
