jEdit:0.5266666666666666
Buffer:0.43
Log:0.4
GUIUtilities:0.3933333333333333
StatusBar:0.32666666666666666
WorkThread:0.27
ColorTableModel:0.23666666666666666
TabbedPane:0.23
DockingOptionPane:0.22333333333333333
EditPane:0.21666666666666667
VFSBrowser:0.21
GeneralOptionPane:0.20444444444444443
PrintOptionPane:0.20333333333333334
GutterOptionPane:0.20333333333333334
FileVFS:0.2
VICaretStatus:0.1877777777777778
View:0.18333333333333332
WorkThreadPool:0.18
FontSelectorDialog:0.18
SearchDialog:0.17333333333333334
StyleEditor:0.16666666666666666
BufferHistory:0.16333333333333333
HistoryModel:0.16333333333333333
HelpViewer:0.1511111111111111
MouseHandler:0.14
OptionsDialog:0.14
TipPanel:0.13333333333333333
FoldHandler:0.10333333333333333
RecentFilesMenu:0.10333333333333333
StyleRenderer:0.08666666666666667
TextAreaOptionPane:0.08
AppearanceOptionPane:0.06
MemoryStatus:0.05333333333333334
WorkThreadProgressListener:0.03666666666666667
WorkThreadHandler:0.02666666666666667
