MButton:0.625
MThrobber:0.33666666666666667
ItemRenderer:0.30833333333333335
