UI:0.72
Title:0.25333333333333335
MToolBar:0.2388888888888889
MLinkButton:0.21333333333333335
MNotification:0.2088888888888889
ColumnManager:0.20333333333333334
WidgetInternalFrameUI:0.12666666666666668
StaticToolBarHandler:0.12
