ErrorCode:0.7266666666666667
Result:0.44333333333333336
JDBCDatabaseMetaData:0.4066666666666667
RangeVariableResolver:0.2733333333333333
Constraint:0.22666666666666666
JDBCPreparedStatement:0.21666666666666667
ExpressionColumn:0.19666666666666666
StatementInsert:0.14583333333333334
StatementResultUpdate:0.12
ExpressionValue:0.11333333333333333
