Utilities:0.9266666666666666
DatabaseConnection:0.2866666666666667
LocalDataSource:0.15
