MTable:0.43888888888888894
Renderer:0.35533333333333333
MTableHeader:0.32166666666666666
