ParserRule:0.181808
ParserRuleSet:0.15532303
DefaultTokenHandler:0.14485738
XModeHandler:0.10450228
TokenHandler:0.10034421
DummyTokenHandler:0.09665287
Buffer:0.06576
LineManager:0.051834535
DisplayTokenHandler:0.043335468
ChunkCache:0.040475216
RE:0.027785039
Token:0.026076837
REMatch:0.023102334
KeywordMap:0.018229874
jEdit:0.015294229
MiscUtilities:0.012784912
SyntaxUtilities:0.0110472115
CharIndexedSegment:0.009794739
Mode:0.005227525
