PreGameController:0.58
StartGamePanel:0.3566666666666667
PreGameInputHandler:0.31333333333333335
MapEditorController:0.26
MapEditorMenuBar:0.18444444444444444
