GUI:0.6266666666666667
Canvas:0.5266666666666666
TilePanel:0.3333333333333333
