UI:0.7272222222222222
TrashFS:0.4766666666666667
Tabs:0.3933333333333333
