MTreeModel:0.27721342
MTreeScanner:0.10294206
MTree:0.034861863
TK:0.02240983
MRenderer:0.017471205
MArrayList:0.015557348
MV:0.0041508656
