FullScreenFrame:0.34543726
WindowedFrameListener:0.093768366
Canvas:0.033487577
