Buffer:0.6966666666666667
BrowserView:0.4633333333333333
FirstLine:0.25333333333333335
VFSFileNameField:0.22666666666666666
VFSBrowser:0.22666666666666666
PluginsMenuButton:0.18
VFSDirectoryEntryTable:0.17666666666666667
PluginManagerOptionPane:0.16666666666666666
BrowserIORequest:0.15333333333333332
VFSFileChooserDialog:0.15
MirrorModel:0.14333333333333334
DownloadMirrorsThread:0.12333333333333334
BrowserHandler:0.12
MirrorList:0.1
ActionHandler:0.05222222222222222
VFSDirectoryEntryCellRenderer:0.04694444444444445
VFSDirectoryEntryTableModel:0.016666666666666666
