UnitType:0.855
AIColony:0.4066666666666667
AIColonyTest:0.19666666666666666
