AbstractSettings:0.27325088
PluginSettings:0.1115125
AppSettings:0.1039168
LookAndFeelSettings:0.10021129
GeneralSettings:0.064428344
InternetBrowserSettings:0.048049483
ProxySettings:0.03692869
