MDialog:0.1744776
MTabbedPane:0.10850486
MPanel:0.09067241
MButton:0.036968548
UI:0.029605554
CoolHeader:0.028144907
TK:0.0059037535
MHighlighter:0.0033208642
Property:0.0022354366
