Colony:0.5366666666666666
Canvas:0.36333333333333334
GameOptions:0.2866666666666667
GoodsContainer:0.2733333333333333
InGameInputHandler:0.23
InGameController:0.22333333333333333
ClientOptions:0.22
ColonyPanel:0.21
GoodsLabel:0.1522222222222222
DragListener:0.11333333333333333
