MapGenerator:0.17885454
River:0.124063894
LandGenerator:0.079393074
MapGeneratorOptions:0.068282075
RiverSection:0.013961845
