Figure:0.5933333333333334
RotateHandle:0.3433333333333333
MoveHandleKit:0.23
SimpleDragTracker:0.18666666666666668
