MonarchPanel:0.12729861
ColopediaPanel:0.12155706
ColonyPanel:0.09989494
ClientOptionsDialog:0.079945356
ChooseFoundingFatherDialog:0.0760179
FreeColDialog:0.07464816
InfoPanel:0.07407026
ReportPanel:0.06687361
VictoryPanel:0.06638873
EventPanel:0.063881435
EuropePanel:0.05994574
TradeRouteInputDialog:0.05835182
PurchaseDialog:0.057900958
ReportProductionPanel:0.056450542
StatusPanel:0.055428486
RecruitDialog:0.05518241
ReportTurnPanel:0.05402984
LoadingSavegameDialog:0.052602768
MainPanel:0.05256499
MapEditorTransformPanel:0.048278216
EmigrationPanel:0.046424314
TrainDialog:0.045702897
StartGamePanel:0.04490046
MapGeneratorOptionsDialog:0.043626606
NegotiationDialog:0.043347772
DefaultTransferHandler:0.04065515
ReportLabourPanel:0.039835516
ReportColonyPanel:0.038443975
ChatPanel:0.03617264
QuitDialog:0.0358444
ReportTradePanel:0.03556322
NewPanel:0.035157606
ServerListPanel:0.033360086
WarehouseDialog:0.033338275
ColorCellEditor:0.032775477
GameOptionsDialog:0.031611037
TradeRouteDialog:0.031204471
ReportUnitPanel:0.029260084
DragListener:0.025994048
ReportRequirementsPanel:0.021460418
FreeColImageBorder:0.012470708
