Widget:0.4166666666666667
DeskletWidgetDockingContainer:0.39
DeskletWidget:0.33666666666666667
Display:0.18333333333333332
