DirectoryListSet:0.43
OffsetManager:0.39666666666666667
InputHandler:0.22444444444444447
EditAction:0.22444444444444447
SearchDialog:0.17666666666666667
ActionBar:0.16333333333333333
