ChartPainter:0.51
Info:0.34
MColorIcon:0.30666666666666664
ComponentTransition:0.22666666666666666
WidgetGradientPainter:0.17
