Tile:0.62
TileImprovementType:0.37
TileType:0.33
TileItemContainer:0.2733333333333333
TileImprovementPlan:0.2633333333333333
AIPlayer:0.18666666666666668
