MDataTransfer:0.65
TextEditorCore:0.32666666666666666
ImportExport:0.24666666666666667
