WidgetPeer:0.42634046
WidgetInternalFrame:0.20531195
Desktop:0.05582246
Pager:0.03150212
AppletWidget:0.02162472
SessionEvent:0.0075127
WidgetPlugin:0.003944227
