MApplication:0.7566666666666667
MMainWindow:0.5033333333333333
Browser:0.2277777777777778
GlobalMouseService:0.17777777777777778
