Chunk:0.42
JEditTextArea:0.34
TextAreaPainter:0.2866666666666667
DisplayTokenHandler:0.2833333333333333
ChunkCache:0.23666666666666666
SyntaxStyle:0.09166666666666666
