Chunk:0.48
DisplayTokenHandler:0.36666666666666664
UndoManager:0.31333333333333335
Remove:0.21444444444444447
