ActionManager:0.5403721
FreeColAction:0.22289509
