WindowedFrame:0.27622893
FreeColMenuTest:0.07824247
Canvas:0.021709405
WindowedFrameListener:0.020195158
