ValidatorSupport:0.12513953
ValidatorMessage:0.07479253
TextComponentValidator:0.030830724
ListSelectionValidator:0.030422159
