TK:0.5733333333333334
MMenu:0.30666666666666664
AbstractIterator:0.2733333333333333
MComboBox:0.22333333333333333
MTabbedPane:0.21333333333333335
MMenuBar:0.2
MList:0.18666666666666668
TestAbstractIterator:0.07333333333333333
