Tokens:0.5533333333333333
ParserDQL:0.42333333333333334
BitMap:0.39
DateTimeType:0.38
OpTypes:0.29333333333333333
ExpressionOp:0.25666666666666665
TableSpaceManagerText:0.24166666666666667
TableSpaceManager:0.24166666666666667
TableSpaceManagerSession:0.24166666666666667
Scanner:0.22
FunctionCustom:0.22
DataFileCache:0.2075
DataFileBlockManager:0.14333333333333334
