MetaInfoMenu:0.25809553
AbstractFS:0.23854165
MetaInfo:0.21412374
MetaInfoAction:0.19097884
