GlossaryManager:0.46
SetSvnProperties:0.32666666666666666
GlossaryReaderCSV:0.2733333333333333
GlossaryReaderTSV:0.24333333333333335
GlossaryTextAreaTest:0.17333333333333334
GlossaryReaderTBXTest:0.04666666666666667
GlossaryReaderCSVTest:0.013333333333333334
GlossaryReaderTSVTest:0.01
GlossaryReaderTBX:0.006666666666666667
