UI:0.8
MTogglePanel:0.3933333333333333
MPanel:0.31666666666666665
