Preferences:0.5075
Autotext:0.39666666666666667
Core:0.37
AutotextItem:0.31666666666666665
AutotextTableModel:0.2733333333333333
AutotextAutoCompleterOptionsDialog:0.22583333333333333
AutotextComparator:0.1841666666666667
AutotextAutoCompleterView:0.18333333333333332
