Session:0.6566666666666666
SessionInterface:0.65
Tokens:0.65
JDBCXAResource:0.2866666666666667
QuerySpecification:0.24805555555555558
Logger:0.24583333333333332
DatabaseManager:0.22666666666666666
ClientConnection:0.21666666666666667
