VFS:0.4213654
MiscUtilities:0.3032245
jEdit:0.2158798
FileRootsVFS:0.20673448
VFSManager:0.19367376
Buffer:0.16344036
DirectoryMenu:0.08730354
EditServer:0.08694452
View:0.053100776
Log:0.047429927
OperatingSystem:0.038866356
