MText:0.6233333333333333
TextEditor:0.21333333333333335
NoteWidget:0.20555555555555557
NotepadEditor:0.20555555555555557
ScriptIDE:0.1788888888888889
TextEditorCore:0.17333333333333334
