InGameController:0.5033333333333333
InGameInputHandler:0.3233333333333333
NewLandNameMessage:0.26
ServerUnit:0.18444444444444444
NewLandNameSwingTask:0.18333333333333332
NewRegionNameSwingTask:0.06
