TaskPanel:0.7833333333333333
TaskSummary:0.3933333333333333
