jEdit:0.11012859
AbstractOptionPane:0.0848491
ColorWellButton:0.064279184
GlobalOptions:0.016704256
FontSelector:0.0036514166
