MTable:0.7266666666666667
TodoEditor:0.31666666666666665
TaskTable:0.29
RowIterator:0.15566666666666665
