NotepadEditorDesigner:0.7366666666666667
TodoEditorDesigner:0.6211111111111112
