CSSRule:0.21385655
CSSParser:0.1276754
