Drawing:0.14993583
Connector:0.121345274
ConnectionFigure:0.105372235
FigureAttributeConstant:0.093527995
DrawingView:0.0787994
Handle:0.06875599
FigureVisitor:0.04622496
FigureChangeListener:0.043010727
FigureEnumeration:0.03664783
FigureChangeEvent:0.036187015
Locator:0.021236256
HandleEnumeration:0.017127054
