FoldHandler:0.46
SearchDialog:0.45
DefaultInputHandler:0.3433333333333333
BufferHistory:0.31333333333333335
EBMessage:0.2502777777777778
BufferUpdate:0.09166666666666666
