Net:0.68
ImportExport:0.37333333333333335
FeedFactory:0.30666666666666664
MAuthenticator:0.19
