DiplomaticTrade:0.4009923
TradeItem:0.3528933
FreeColObject:0.18754314
Game:0.124797
Colony:0.11671797
Player:0.11577805
Settlement:0.086769804
