TradeItem:0.43997845
DiplomaticTrade:0.34871075
Game:0.10606563
Player:0.097943135
