DiplomaticTrade:0.4146247
TradeItem:0.32658446
Goods:0.28292444
FreeColObject:0.19790001
Settlement:0.15610945
Unit:0.15327893
Player:0.15245032
Game:0.10325357
Location:0.03800562
