DiplomaticTrade:0.43832284
TradeItem:0.37819698
FreeColObject:0.21306628
Player:0.12868513
Game:0.109080136
Unit:0.09305235
