JEditTextArea:0.6133333333333333
Buffer:0.55
FoldVisibilityManager:0.305
DefaultInputHandler:0.2916666666666667
SearchAndReplace:0.23
View:0.18833333333333332
