PropertiesPanel:0.1831915
TreePanel:0.14202602
