MLogger:0.5433333333333333
Property:0.43333333333333335
Armor:0.25
AccessMap:0.23
Advanced:0.13666666666666666
Searchable:0.09666666666666666
