StatementCursor:0.33571923
QueryExpression:0.32399592
StatementDMQL:0.31144735
SubQuery:0.30306956
ParserDDL:0.2192806
ParserDQL:0.20560054
Statement:0.12106993
ParserRoutine:0.09605263
Session:0.08910137
StatementCompound:0.08512699
StatementTypes:0.051692326
