MetaInfo:0.029880656
AbstractFS:0.029024106
MountManager:0.012283301
FSException:0.0021750217
