HsqlDatabaseProperties:0.6666666666666666
ParserDQL:0.5238888888888888
Logger:0.3616666666666667
