Table:0.6066666666666667
Column:0.53
UserManager:0.3933333333333333
UnifiedTable:0.38333333333333336
Session:0.3333333333333333
DatabaseScript:0.3233333333333333
Database:0.30333333333333334
TriggerDef:0.2783333333333333
DatabaseObjectNames:0.23333333333333334
PrimObjectCellComparator:0.22666666666666666
Parser:0.22
PrimByteCellComparator:0.2
PrimIntCellComparator:0.2
PrimShortCellComparator:0.2
PrimDoubleCellComparator:0.2
PrimCharCellComparator:0.2
PrimLongCellComparator:0.2
DatabaseScriptWriter:0.2
PrimFloatCellComparator:0.2
TestCacheSize:0.18
