UI:0.7166666666666667
TaskModel:0.23555555555555557
AlarmManager:0.23
TodoEditorCore:0.22555555555555556
TaskManager:0.17166666666666666
ToolManager:0.17
