BrushTool:0.56
ImageEditorCore:0.3466666666666667
ImageEditor:0.30666666666666664
RectangleTool:0.27666666666666667
ToolManager:0.26
LineTool:0.19333333333333333
ImageEditorDesigner:0.13
BrushTypeAction:0.11333333333333333
RedRectangleTool:0.085
