Unit:0.6533333333333333
IndianSettlement:0.3448333333333333
Europe:0.29333333333333333
InGameController:0.25666666666666665
