Session:0.6055555555555555
NullType:0.4066666666666667
StatementResultUpdate:0.24
