ArchiveItem:0.4766666666666667
DT:0.43333333333333335
ArchiveChannel:0.42333333333333334
AbstractItem:0.41
Result:0.32022222222222224
Archive:0.31333333333333335
Feed:0.3
FeedViewer:0.27
Atom0xItem:0.26666666666666666
Atom10Item:0.26666666666666666
FeedThread:0.25333333333333335
RSSItem:0.25333333333333335
Filters:0.24166666666666667
AbstractChannel:0.195
FeedDownloader:0.18944444444444444
Atom10Channel:0.17166666666666666
RSSChannel:0.12333333333333334
Model:0.12
Expired:0.07
OffsetDateTimeAdapter:0.03666666666666667
DateRenderer:0.03333333333333333
AutoDateTimeAdapter:0.0033333333333333335
RFC822DateTimeAdapter:0.0
RFC3339DateTimeAdapter:0.0
