Game:0.6633333333333333
FreeCol:0.44333333333333336
FreeColServer:0.42333333333333334
DifficultyDialog:0.3466666666666667
FreeColModFile:0.27666666666666667
ConnectController:0.25666666666666665
NewPanel:0.19
MapEditorController:0.17
ShowDifficultyAction:0.11333333333333333
