MetaInfo:0.86
Index:0.2833333333333333
SessionManager:0.27
VersionControl:0.2555555555555556
ImageEditorCore:0.22666666666666666
ItemRenderer:0.21333333333333335
DeletePrivateDataPlugin:0.17666666666666667
LinkMetaInfo:0.14333333333333334
