Utilities:0.4066666666666667
WikiBase:0.38333333333333336
FileHandler:0.3433333333333333
Environment:0.2733333333333333
PersistencyHandler:0.25666666666666665
DatabaseHandler:0.25666666666666665
DatabaseInit:0.19
AdminWikiController:0.18
SaveAttachmentServlet:0.11
AdministrationServlet:0.08666666666666667
EditServlet:0.08666666666666667
SaveTopicServlet:0.07666666666666666
ImportServlet:0.07666666666666666
