UI:0.8633333333333333
MList:0.4533333333333333
VersionDialog:0.29444444444444445
PluginRenderer:0.16666666666666666
FeedThread:0.16
