ImageEditorCore:0.5391666666666667
Server:0.4866666666666667
MirrorDialog:0.36666666666666664
PluginDownloader:0.23
