GHNSDialog:0.5255555555555556
MDownloadDialog:0.4266666666666667
DownloadInfo:0.21666666666666667
