OConsts:0.5040555555555557
MainWindowMenuHandler:0.38
FileUtil:0.33
MainWindowMenu:0.30666666666666664
LicenseDialog:0.26666666666666666
LastChangesDialog:0.21333333333333335
