Topic:0.6666666666666666
QueryHandler:0.63
UploadServlet:0.49333333333333335
EditServlet:0.26666666666666666
DefaultQueryHandler:0.26666666666666666
PersistencyHandler:0.2633333333333333
FileHandler:0.24
DatabaseHandler:0.18
OracleQueryHandler:0.12
MySqlQueryHandler:0.09333333333333334
