ServerUnit:0.27992874
ServerPlayer:0.23866937
ServerBuilding:0.21311441
ServerColonyTile:0.20235598
ServerModelObject:0.032546867
