TerrainGenerator:0.18174075
LandGenerator:0.08057733
MapGenerator:0.07212682
River:0.050093636
