LinkUtil:0.6433333333333333
ImageUtil:0.55
HtmlLinkTag:0.11444444444444445
