Category:0.6533333333333333
CategoryManagerHolder:0.6201507936507936
CategoryManager:0.38333333333333336
Categories:0.21666666666666667
CategoryMenu:0.21
Action:0.12
CategoryManagerDialog:0.08833333333333333
