MainWindow:0.36333333333333334
MatchesTextArea:0.29333333333333333
MatchesVarExpansion:0.27444444444444444
NearString:0.23
FindMatchesThread:0.1991666666666667
VarExpansion:0.13333333333333333
Scores:0.03
