Buffer:0.5
JEditTextArea:0.49
MouseHandler:0.3055555555555555
ChunkCache:0.24666666666666667
Gutter:0.23444444444444448
TextAreaPainter:0.22833333333333333
DisplayTokenHandler:0.20944444444444443
OffsetManager:0.17
FocusHandler:0.11666666666666667
