jEdit:0.64
Buffer:0.5566666666666666
MarkersSaveRequest:0.24666666666666667
BufferSaveRequest:0.10666666666666667
