IconTheme:0.36333333333333334
MDownloadDialog:0.3433333333333333
FeedThread:0.25333333333333335
FetchFeedsAction:0.16333333333333333
FetchAllFeedsAction:0.14
