MainWindow:0.5
SessionManager:0.4666666666666667
Vars:0.39533333333333337
