InGameController:0.51
EuropePanel:0.47
UnitLabel:0.25333333333333335
MarketPanel:0.23955555555555558
CargoPanel:0.234
InPortPanel:0.21333333333333335
InGameInputHandler:0.20416666666666666
FreeColLookAndFeel:0.16
FreeColTransparentPanelUI:0.14333333333333334
FreeColButtonUI:0.10666666666666667
