Screen:0.5066666666666667
UI:0.4522222222222222
MProcess:0.35333333333333333
