OptionsDialog:0.48
AnimatedIcon:0.4033333333333333
HelpIndex:0.3566666666666667
