View:0.19062307
Interpreter:0.17605755
EditServer:0.15703797
jEdit:0.14881863
Macros:0.1482147
Buffer:0.1368544
DockableWindowManager:0.12379308
SearchAndReplace:0.12193244
EditPane:0.11407115
NameSpace:0.109683916
VFS:0.08637266
BshClassManager:0.080357514
BeanShellAction:0.07815165
ActionSet:0.075561605
InputHandler:0.075010955
GUIUtilities:0.06865175
JEditTextArea:0.057541423
JARClassLoader:0.0539895
BshMethod:0.052889697
Log:0.048689816
VFSManager:0.045089126
TargetError:0.043668903
CallStack:0.043061927
BoyerMooreSearchMatcher:0.03702951
RESearchMatcher:0.036495406
Selection:0.024694439
BeanShellErrorDialog:0.016925247
EvalError:0.016112916
Primitive:0.012845049
