MLabel:0.073816724
UI:0.07104396
MMenu:0.06868072
MAction:0.06658373
MButton:0.057334557
MPanel:0.05278656
MWindow:0.03381104
MSmallButton:0.032888725
MApplication:0.03284691
TK:0.022130964
MIcon:0.02110907
MMouseAdapter:0.020680772
Property:0.009326707
