MapViewer:0.15504555
GUI:0.08011397
