jEdit:0.61
Entry:0.5283333333333333
BufferHistory:0.30333333333333334
EditPane:0.20333333333333334
RecentHandler:0.17
