Widget:0.5833333333333334
DeskletWidgetContext:0.35333333333333333
Desktop:0.31333333333333335
DeskletWidget:0.31
CalendarDesklet:0.25333333333333335
