TMXReader:0.13490176
StaticUtils:0.10185499
OStrings:0.039433505
