BeanShell:0.046647333
View:0.046481885
jEdit:0.029726816
BeanShellAction:0.024260955
EnhancedDialog:0.01721429
