Buffer:0.20601097
SearchBar:0.19375782
BeanShell:0.18211287
SearchDialog:0.1729066
RESearchMatcher:0.170783
jEdit:0.15714124
View:0.14980108
BoyerMooreSearchMatcher:0.14393854
JEditTextArea:0.13801286
HyperSearchRequest:0.13165882
Macros:0.104167745
SearchMatcher:0.10348598
GUIUtilities:0.0861833
MiscUtilities:0.08389513
DockableWindowManager:0.08108207
HyperSearchResults:0.08001363
EditBus:0.07098408
SearchFileSet:0.06691972
VFSBrowser:0.063789606
TextUtilities:0.063032076
StatusBar:0.061957195
AllBufferSet:0.056370165
Selection:0.054048605
VFSManager:0.050261457
SearchSettingsChanged:0.0489764
CurrentBufferSet:0.04763672
Log:0.038296267
CharIndexedSegment:0.027527558
SettingsReloader:0.02469042
DirectoryListSet:0.018953001
BshMethod:0.015246594
