Logger:0.52
Crypto:0.46166666666666667
ExpressionColumn:0.31
FunctionCustom:0.20444444444444446
DataFileDefrag:0.18
RowInputBinaryDecode:0.13666666666666666
