MStatusBar:0.5
MSwingWorker:0.49333333333333335
ImageEditorCore:0.32666666666666666
