Topic:0.6305555555555555
TopicVersion:0.44166666666666665
VirtualWiki:0.4166666666666667
RecentChange:0.41
LogItem:0.41
RoleMap:0.2
Category:0.13333333333333333
