FS:0.6533333333333333
Index:0.42333333333333334
Archive:0.28777777777777774
AbstractFileCache:0.25666666666666665
FileCache:0.25
