ScriptIDE:0.05107277
ScriptYourself:0.038842328
