PluginManager:0.11883122
PluginSettings:0.07514872
AbstractPlugin:0.06276187
PluginException:0.024892213
PluginInfo:0.015097393
