ReceivingThread:0.2428356
Message:0.09890451
NetworkReplyObject:0.072994836
MessageHandler:0.053185266
StreamedMessageHandler:0.039287597
