PlayersTableModel:0.10069725
ColorCellEditor:0.08775892
NationCellRenderer:0.041657906
FreeColPanel:0.028652146
ColorCellRenderer:0.027967038
NationCellEditor:0.007136038
