Validator:0.5533333333333333
ValidatorSupport:0.3233333333333333
TextComponentValidator:0.24333333333333335
CategoryPropertiesPanel:0.21666666666666667
NewFileDialog:0.21666666666666667
ListSelectionValidator:0.2
NotEmptyValidator:0.04
