SVNAuthenticationManager:0.38
RebaseAndCommit:0.27
SVNRemoteRepository2:0.26666666666666666
GITCredentialsProvider:0.23666666666666666
GITUserPassDialog:0.13
TeamSettings:0.11666666666666667
SVNUserPassDialog:0.10666666666666667
