VFSBrowser:0.3955716
VFSFileNameField:0.34667096
VFS:0.23180582
BrowserView:0.20378503
FileVFS:0.15026096
VFSManager:0.14752051
jEdit:0.14550494
BrowserListener:0.13905042
GUIUtilities:0.123810545
Buffer:0.10725563
MiscUtilities:0.06815461
View:0.06440188
HistoryTextField:0.043436565
WorkThreadPool:0.034314282
EnhancedDialog:0.03395736
Log:0.018977001
WorkThreadProgressListener:0.014052158
