WikiBase:0.113054104
Environment:0.031479467
