View:0.6566666666666666
PanelWindowContainer:0.34
BufferChangeHandler:0.2966666666666667
SplashScreen:0.2866666666666667
KeyEventWorkaround:0.17111111111111113
