InGameMenuBar:0.862948
FreeColMenuBar:0.28476015
Canvas:0.05596182
