PrintDialog:0.5566666666666666
TextPrintInfo:0.3433333333333333
PrintAction:0.13
