MiscUtilities:0.49
View:0.4266666666666667
InputHandler:0.39666666666666667
DefaultInputHandler:0.38
FileVFS:0.2966666666666667
TextAreaTransferHandler:0.16666666666666666
ActionTextField:0.14
