DynamicMenuProvider:0.06508099
Macros:0.059050657
MiscUtilities:0.050223526
jEdit:0.044559978
EnhancedMenuItem:0.04174838
