VFSBrowser:0.1772092
GUIUtilities:0.09976959
DynamicMenuProvider:0.053905234
HistoryModel:0.051289532
jEdit:0.045030154
MiscUtilities:0.03910468
StatusBar:0.035489555
View:0.027189607
FileCellRenderer:0.011705798
