Unit:0.56
FoundingFather:0.33666666666666667
Specification:0.32666666666666666
SpecificationTest:0.14
