RealProject:0.07338089
CommandVarExpansion:0.0667902
ProjectTMX:0.033470046
IProject:0.031020645
ProjectException:0.022043923
ParseEntry:0.020143606
TranslateEntry:0.019356137
NotLoadedProject:0.018107994
ExternalTMX:0.013707948
ProjectFactory:0.0053131445
