Player:0.9133333333333333
ReportTurnPanel:0.24
PlayerCellRenderer:0.18333333333333332
