JEditTextArea:0.5866666666666667
View:0.4483333333333333
CompleteWord:0.3566666666666667
