MetaInfo:0.5566666666666666
Icon:0.38
Tabs:0.33666666666666667
MetaInfoAction:0.21
Reminder:0.1688888888888889
MetaInfoMenu:0.16333333333333333
MetaInfoList:0.11333333333333333
