MLabel:0.7966666666666666
WikiTab:0.24666666666666667
