ServerPlayer:0.7366666666666667
InGameController:0.3933333333333333
StanceChange:0.28
