PrivateerMission:0.57
TransportMission:0.56
Mission:0.33666666666666667
AllTests:0.3333333333333333
AIUnit:0.3106666666666667
CombatTest:0.30333333333333334
StandardAIPlayer:0.25333333333333335
PrivateerMissionTest:0.13333333333333333
ColonialAIPlayer:0.08333333333333333
