FreeColObject:0.5666666666666667
Specification:0.4033333333333333
StringOption:0.33
AbstractUnitOption:0.2833333333333333
UnitListOption:0.04
