Console:0.66
ConsoleIO:0.52
ScriptPlugin:0.21250000000000002
ScriptCommand:0.21000000000000002
HistoryCommand:0.18833333333333332
MProperties:0.18333333333333332
Args:0.17
DebugCommand:0.15000000000000002
