UI:0.7266666666666667
MTextFieldPanel:0.24666666666666667
PopupContent:0.20333333333333334
SimpleButtonUI:0.11666666666666667
