MColor:0.6033333333333334
MURLButton:0.5833333333333334
Desktop:0.24166666666666667
ItemRenderer:0.19333333333333333
