Table:0.17486846
DITableInfo:0.119329825
DITypeInfo:0.09539127
Expression:0.086875506
DatabaseInformation:0.0837486
Types:0.077839985
SchemaManager:0.07626004
Result:0.072049685
Constraint:0.06958333
Column:0.06770661
Database:0.066095404
Session:0.06560016
DINameSpace:0.06461127
User:0.047044765
GranteeManager:0.04604053
UserManager:0.038849045
HsqlNameManager:0.033688463
ConstraintCore:0.017285764
HsqlException:0.0115228435
NumberSequence:0.011230982
GrantConstants:0.0087905945
