UI:0.5833333333333334
MLabel:0.5733333333333334
MLabeledTextField:0.26
MMessage:0.22666666666666666
PropertiesDialog:0.21666666666666667
SelectionToolPanel:0.21333333333333335
FilterDialog:0.21333333333333335
PrintPreview:0.20333333333333334
TreeFS:0.17333333333333334
FeedComponent:0.17333333333333334
InternetSearch:0.17
EditorQuickFind:0.17
LinkEditor:0.16333333333333333
PluginDownloader:0.15666666666666668
ProxySettings:0.15333333333333332
FeedUtils:0.12
MNumberSpinner:0.095
