MIcon:0.49666666666666665
ConfigFile:0.38333333333333336
OpenSearchDescription:0.32
Mnemonic:0.24666666666666667
MouseGestures:0.19333333333333333
