ConsoleInstall:0.1623621
InstallThread:0.12955081
OperatingSystem:0.115904056
NonInteractiveInstall:0.11486775
SwingInstall:0.081156254
