ConsoleInstall:0.36735398
NonInteractiveInstall:0.31372875
OperatingSystem:0.26151544
SwingInstall:0.1915914
Install:0.040674634
Progress:0.0330024
