IntervalType:0.38333333333333336
NumberType:0.36
Cache:0.3433333333333333
ExpressionAggregate:0.34111111111111114
ScaledRAFile:0.27666666666666667
StatementDMQL:0.25666666666666665
RowAVLDisk:0.25333333333333335
ScriptWriterBase:0.24666666666666667
DataFileCache:0.24333333333333335
NodeAVLDisk:0.24333333333333335
ExpressionLogical:0.23333333333333334
ExpressionOp:0.21666666666666667
FunctionSQL:0.21
QuerySpecification:0.20666666666666667
Log:0.2025
RangeVariableConditions:0.18666666666666668
ScriptReaderText:0.18166666666666667
ExpressionLike:0.16666666666666666
ExpressionArithmetic:0.16666666666666666
