MatchesTextArea:0.46
Result:0.19061111111111112
MatchesVarExpansion:0.19
DiffDriver:0.15333333333333332
Render:0.14333333333333334
