AnsiDataHandler:0.45
WikiDatabase:0.43333333333333335
DatabaseConnection:0.38333333333333336
DatabaseUserHandler:0.155
LocalDataSource:0.14
DatabaseUpgrades:0.13666666666666666
