MetaInfo:0.8
PropertiesPanel:0.29
ArchiveChannel:0.27666666666666667
SDK:0.20111111111111113
