FindGlossaryThread:0.17153704
GlossaryReaderCSV:0.12501307
GlossaryReaderTSV:0.10087576
GlossaryAutoCompleterView:0.09984941
GlossaryReaderTBX:0.096702784
GlossaryTextArea:0.094304204
GlossaryManager:0.08334921
TransTips:0.072188266
TransTipsMarker:0.07080501
TransTipsPopup:0.04810618
