QueryHandler:0.5666666666666667
DatabaseHandler:0.45666666666666667
DefaultQueryHandler:0.38666666666666666
Watchlist:0.3333333333333333
WatchlistServlet:0.15333333333333332
