FreeColPanel:0.42333333333333334
InGameMenuBar:0.33666666666666667
ActionManager:0.29
ReportEducationPanel:0.28
ReportEducationAction:0.22388888888888892
ReportReligiousPanel:0.1617063492063492
