Stuff:0.6233333333333333
GHNSDialog:0.48333333333333334
AbstractMarkupBuilder:0.4066666666666667
DesktopSettings:0.19
