EditorCrypto:0.5416666666666666
VersionPanel:0.39666666666666667
InfoLabel:0.2633333333333333
ImageEditorPlugin:0.09
