Config:0.6033333333333334
ImageEditor:0.3933333333333333
MetaInfo:0.35333333333333333
MHTMLViewer:0.33666666666666667
GHNSDialog:0.2
DateTimeProperty:0.19666666666666666
UpdatePlugin:0.19666666666666666
VersionInfo:0.19666666666666666
MMenuBar:0.16333333333333333
Args:0.13666666666666666
PlayAction:0.13333333333333333
CreateReflectionAction:0.12
DefaultHelpSystem:0.09
