DiffUtil:0.6033333333333334
UpgradeServlet:0.3333333333333333
WikiDiff:0.28
