MIcon:0.5666666666666667
PropertyPanel:0.3933333333333333
ChartPainter:0.37083333333333335
