HsqlException:0.45
Result:0.41
ErrorCode:0.3765555555555556
JDBCResultSet:0.3433333333333333
Session:0.32666666666666666
JDBCPreparedStatement:0.2733333333333333
JDBCStatement:0.23666666666666666
JDBCCallableStatement:0.21
JDBCConnection:0.21
SessionData:0.20333333333333334
StatementCompound:0.18333333333333332
HsqlDeque:0.15333333333333332
JDBCStatementBase:0.11666666666666667
