DataFileCacheSession:0.40155986
TextCache:0.3165256
RowStoreAVLDisk:0.08822849
SimpleStore:0.080937974
DataFileDefrag:0.080475606
Logger:0.07869741
Cache:0.06517278
RowStoreAVLDiskData:0.06175983
PersistentStore:0.058466356
Log:0.058274914
RowStoreAVL:0.05081404
RowStoreAVLMemory:0.04792461
RAFile:0.045821477
DataSpaceManagerBlocks:0.04403586
BlockObjectStore:0.03861811
RowStoreAVLHybrid:0.037763726
CachedObject:0.03350511
RAShadowFile:0.033419777
DataSpaceManagerSimple:0.027371973
RAFileSimple:0.026746964
TableSpaceManagerSimple:0.02543765
HsqlDatabaseProperties:0.023421962
PersistentStoreCollectionDatabase:0.01744466
PersistentStoreCollectionSession:0.016328096
RowStoreAVLHybridExtended:0.014356607
RandomAccessInterface:0.009470446
DataSpaceManager:0.008212813
