LobManager:0.3986066
LobStore:0.2745415
RAFile:0.11805566
RAFileSimple:0.11551696
RandomAccessInterface:0.037621133
