RandomAccessInterface:0.5498634
RAShadowFile:0.26864627
LobStoreRAFile:0.112073876
DataFileCache:0.10207865
