RAFileNIO:0.3494447
RAFile:0.30680788
RandomAccessInterface:0.28919086
