RAFile:0.09071332
RAFileSimple:0.08267179
RandomAccessInterface:0.05747912
DataFileCache:0.036363147
Logger:0.01420522
