Unit:0.7366666666666667
Europe:0.45666666666666667
EmigrationPanel:0.35333333333333333
Canvas:0.3233333333333333
RecruitDialog:0.25
Stop:0.22
FreeColPanel:0.22
FreeColDialog:0.19777777777777777
TradeRouteInputDialog:0.19
CargoHandler:0.18333333333333332
ClientModelController:0.11
