Table:0.6166666666666667
RangeVariable:0.61
QuerySpecification:0.31666666666666665
