WikiUtil:0.5
TiddlyWiki2MediaWikiTranslator:0.31666666666666665
DiffUtil:0.2866666666666667
WikiVersion:0.2388888888888889
DiffUtilTest:0.21
WikiLinkTag:0.18333333333333332
SpamFilter:0.15411111111111112
RolesServlet:0.13666666666666666
