Utilities:0.5566666666666666
AnsiDataHandler:0.37
LinkUtil:0.3441666666666667
WikiUtil:0.3333333333333333
WikiPageInfo:0.2966666666666667
ServletUtil:0.23333333333333334
ImageUtil:0.20944444444444446
JAMWikiServlet:0.16333333333333333
UploadServlet:0.12333333333333334
WatchlistServlet:0.11
