MCalendarPanel:0.7482777777777778
DebugOutputStream:0.39499999999999996
