MenuItemTextComparator:0.8
VFSBrowser:0.48333333333333334
RecentDirectoriesProvider:0.15
MacrosProvider:0.14
PluginsProvider:0.14
BrowserCommandsMenu:0.14
MenuItemCompare:0.13
RecentFilesProvider:0.12666666666666668
