LinkUtil:0.63
ImageUtil:0.5533333333333333
HtmlLinkTag:0.24333333333333335
