VFSDirectoryEntryTable:0.8133333333333334
ParentDirectoryList:0.35333333333333333
BrowserView:0.31666666666666665
