TaskTable:0.41
ImageEditorCore:0.33
TextEditorCore:0.265
LinkEditor:0.265
SelectionTool:0.23366666666666666
MainPanel:0.19333333333333333
ImageInfo:0.19066666666666668
