Size:0.6333333333333333
NewFileDialog:0.25666666666666665
Backup:0.25333333333333335
InternetSearch:0.2502777777777778
NewFolderDialog:0.22
