LinkUtil:0.5
JFlexParserUtil:0.35
RecentChange:0.2966666666666667
AbstractButtonTag:0.27
TextTag:0.27
DiffUtil:0.25755555555555554
AuthMsgTag:0.24666666666666667
RoleMap:0.24333333333333335
WikiDatabase:0.21466666666666667
LoginServlet:0.15333333333333332
EditCommentTag:0.14333333333333334
WikiHeadingTag:0.14166666666666666
WikiReferencesTag:0.09333333333333334
