Result:0.85
ResultLob:0.25
StatementSet:0.23222222222222225
StatementResultUpdate:0.14666666666666667
StatementInsert:0.13333333333333333
ScriptRunner:0.13
