Environment:0.5533333333333333
DatabaseConnection:0.37666666666666665
LuceneSearchEngine:0.32666666666666666
WikiPreparedStatement:0.30333333333333334
JAMWikiParser:0.28277777777777774
