BufferChangeListener:0.97375256
Buffer:0.21588932
