Table:0.08285363
Session:0.07940692
HsqlException:0.0035515004
