PluginDownloader:0.58
PluginSettings:0.4766666666666667
GHNSDialog:0.31666666666666665
LookAndFeelSettings:0.19
AppletPanel:0.17333333333333334
