MainWindow:0.6966666666666667
MMainWindow:0.36666666666666664
NoteWidgetPlugin:0.22666666666666666
