WikiUserDetailsImpl:0.51
ServletUtil:0.38666666666666666
JAMWikiAuthenticationConfiguration:0.24
JAMWikiErrorMessageProvider:0.22583333333333333
JAMWikiPostAuthenticationFilter:0.18333333333333332
BlockServlet:0.13
JAMWikiDaoImpl:0.11333333333333333
JAMWikiLogoutSuccessHandler:0.08333333333333333
JAMWikiAuthenticationConstants:0.08333333333333333
JAMWikiAuthenticationProcessingFilter:0.02
