Canvas:0.89
StartGamePanel:0.2866666666666667
ServerListPanel:0.27666666666666667
