View:0.7566666666666667
Key:0.27
MyFocusManager:0.14666666666666667
