Unit:0.6566666666666666
Colony:0.47
GUI:0.36
UserInputHandler:0.21
ImageLibrary:0.19
Settlement:0.15
IndianSettlement:0.14
TilePanel:0.11333333333333333
