Option:0.6866666666666666
OptionUpdater:0.2848968253968253
ClientOptions:0.27666666666666667
FreeColAction:0.23333333333333334
FreeColActionUI:0.2105952380952381
AbstractOption:0.21
RangeOptionUI:0.20666666666666667
BooleanOptionUI:0.2
SelectOptionUI:0.19333333333333333
AudioMixerOptionUI:0.19333333333333333
LanguageOptionUI:0.19333333333333333
OptionMapUI:0.16666666666666666
ClientOptionsDialog:0.16
FileOptionUI:0.15333333333333332
IntegerOptionUI:0.15
PercentageOptionUI:0.15
OptionGroupUI:0.13
MapGeneratorOptionsDialog:0.12666666666666668
GameOptionsDialog:0.11666666666666667
OptionGroupButton:0.10333333333333333
