XMLUtil:0.6833333333333333
MediaWikiConstants:0.41031746031746036
MediaWikiXmlImporter:0.33
MediaWikiXmlExporter:0.23666666666666666
