Filters:0.4633333333333333
FilterItem:0.4
Criteria:0.36
FeedThread:0.2538888888888889
CustomAdvancedPanel:0.08666666666666667
