OptionGroup:0.4766666666666667
OptionGroupUI:0.36333333333333334
OptionMap:0.30333333333333334
AbstractOption:0.2866666666666667
OptionMapUI:0.21666666666666667
