ServerBuildingTest:0.6877777777777778
ServerIndianSettlementTest:0.3488888888888889
