Player:0.79
PlayerTest:0.27666666666666667
PreGameController:0.26
GameTest:0.25333333333333335
