FreeColPanel:0.12275656
FreeColDialog:0.12066678
