OptionMapUI:0.24271241
FreeColActionUI:0.118628114
ListOptionUI:0.067271076
AudioMixerOptionUI:0.062434975
SelectOptionUI:0.058696657
FileOptionUI:0.056769107
LanguageOptionUI:0.05675496
RangeOptionUI:0.056664668
BooleanOptionUI:0.056413576
IntegerOptionUI:0.05372487
PercentageOptionUI:0.051276036
OptionUpdater:0.034767684
