OptionGroupUI:0.48454878
RangeOptionUI:0.119497836
PercentageOptionUI:0.10973777
ListOptionUI:0.098766685
AudioMixerOptionUI:0.08385287
LanguageOptionUI:0.08045495
SelectOptionUI:0.07872323
IntegerOptionUI:0.07405328
BooleanOptionUI:0.073223375
FileOptionUI:0.06834
OptionUpdater:0.043594625
