Colony:0.5633333333333334
InGameController:0.41
InGameInputHandler:0.23666666666666666
