NoteWidgetPlugin:0.07682758
NoteBorder:0.0063664
