Index:0.20853955
Constraint:0.17474324
DatabaseInformationMain:0.16857827
TableWorks:0.16633482
DatabaseCommandInterpreter:0.1580693
DatabaseInformationFull:0.1426965
Result:0.13850883
Select:0.13007358
SchemaManager:0.12535885
Session:0.12390431
Expression:0.11902003
Parser:0.11752081
CompiledStatementExecutor:0.1170426
TableFilter:0.1125459
TransactionManager:0.11017957
DatabaseScript:0.10980598
TextTable:0.09722389
Column:0.089556485
Node:0.08865827
CompiledStatement:0.08649042
View:0.085622326
CachedRow:0.08305949
Row:0.082676455
DINameSpace:0.082319215
Trace:0.0800397
Tokenizer:0.07898649
DITableInfo:0.076773696
DiskNode:0.072332844
Database:0.0706011
TriggerDef:0.06934885
PointerNode:0.061603334
CachedDataRow:0.06134614
DatabaseInformation:0.055255078
HsqlNameManager:0.048518866
ConstraintCore:0.047644686
SubQuery:0.037909985
Types:0.037883654
BaseTable:0.035480928
Trigger:0.034168195
Transaction:0.025556069
DatabaseURL:0.016443992
NumberSequence:0.014491852
HsqlException:0.009468274
Record:0.0014068394
