Autosave:0.6433333333333333
LookAndFeelSettings:0.6033333333333334
Advanced:0.12333333333333334
