AIUnit:0.50590175
GoodsWish:0.33389583
Wish:0.27350608
Transportable:0.25392425
AIColony:0.2335453
AIPlayer:0.20884567
AIMain:0.1571429
AIObject:0.12272824
