AIMain:0.7927969
Wish:0.2700503
GoodsWish:0.25892928
AIGoods:0.25804788
TileImprovement:0.25451046
AIUnit:0.2477819
WorkerWish:0.22270967
AIPlayer:0.11093531
AIColony:0.11091839
