Goods:0.21603744
Colony:0.21026143
Unit:0.17514803
Europe:0.15885639
FreeColGameObject:0.15674144
Player:0.15646519
TransactionListener:0.13544014
Game:0.117275424
ModelMessage:0.075156875
Ownable:0.015915373
Turn:0.0074641895
