GoodsWish:0.53865933
AIUnit:0.52795815
AIGoods:0.5275464
WorkerWish:0.44503883
Transportable:0.2865761
AIMain:0.28239056
AIObject:0.25617898
AIPlayer:0.24532878
AIColony:0.21879666
