Wish:0.23287793
AIUnit:0.20942079
AIColony:0.19135714
AIPlayer:0.18774466
AIMain:0.18240005
AIObject:0.14576589
Transportable:0.04022694
