StaticUtils:0.1106668
TMXReader:0.061141405
WikiGet:0.050795257
TMXReader2:0.05017247
TMXWriter2:0.047664333
Preferences:0.043347348
TMXWriter:0.04152136
VarExpansion:0.028565763
OStrings:0.021111282
InlineTagHandler:0.018777426
ProjectFileStorage:0.014862214
LFileCopy:0.011875512
RecentProjects:0.0072876853
