LineConnectionFigure:0.38
BezierFigure:0.3333333333333333
DependencyFigure:0.3233333333333333
AbstractFigure:0.30333333333333334
TaskFigure:0.29333333333333333
AbstractConnectionHandle:0.27666666666666667
LineDecoration:0.24151587301587307
AbstractLineDecoration:0.17
ConnectorHandle:0.16666666666666666
