LinkUtil:0.31
WikiMessage:0.2761111111111111
XMLUtil:0.25333333333333335
HtmlLinkTag:0.18
HtmlTag:0.17633333333333334
CharacterTag:0.16333333333333333
WikiNowikiTag:0.14
LuceneSearchEngine:0.12
ContributionsServlet:0.10666666666666667
HtmlPreTag:0.10333333333333333
