QueryHandler:0.8319444444444444
DataHandler:0.5064285714285716
AnsiQueryHandler:0.46
AnsiDataHandler:0.35333333333333333
ImageProcessor:0.20777777777777778
