MDialog:0.16801722
MWizardDialog:0.11118312
MPanel:0.09716493
UI:0.05738698
TK:0.030686213
Flags:0.024975562
Property:0.003225284
