Result:0.5633333333333334
Session:0.44666666666666666
StatementDML:0.27666666666666667
StatementCompound:0.26
StatementHandler:0.23666666666666666
StatementSet:0.21666666666666667
TestBench:0.20333333333333334
StatementSchema:0.17666666666666667
JDBCPreparedStatement:0.17333333333333334
StatementProcedure:0.16333333333333333
StatementCommand:0.14833333333333334
JDBCStatementBase:0.14833333333333334
StatementSession:0.14333333333333334
FunctionSQLInvoked:0.13666666666666666
StatementResultUpdate:0.13666666666666666
StatementInsert:0.12333333333333334
ScriptRunner:0.09333333333333334
