MActionInfo:0.4766666666666667
MTextFieldPanel:0.36333333333333334
Tabs:0.36333333333333334
Output:0.1211111111111111
