AbstractCompositeFigure:0.19964099
AbstractFigure:0.117090166
CompositeFigure:0.10374845
Figure:0.09998112
ListFigure:0.09997319
AttributeKeys:0.084541224
AttributeKey:0.07312757
Drawing:0.06311599
