Property:0.18065609
Config:0.1224085
UI:0.07755735
TK:0.07661203
MTable:0.03387625
