Desktop:0.51
EnumProperty:0.2633333333333333
DeskletWidget:0.25666666666666665
ConsoleConfig:0.16666666666666666
MDesktopPane:0.16333333333333333
