MainWindow:0.51
MatchGlossaryPane:0.37666666666666665
Preferences:0.3323174603174603
MatchGlossaryWindow:0.13333333333333333
