OS:0.6233333333333333
MMessage:0.4633333333333333
MAboutDialog:0.32666666666666666
