ReportLabourPanel:0.46589684
ReportPanel:0.26808256
