ReportLabourDetailPanel:0.29524568
ReportPanel:0.08244717
FreeColPanel:0.060346197
