Unit:0.7166666666666667
TileImprovementType:0.2966666666666667
InGameController:0.26666666666666666
