BuildQueuePanel:0.55
ConstructionPanel:0.43333333333333335
ColonyPanel:0.35555555555555557
