WorkLocationPlan:0.48497638
AIColony:0.33100688
AIUnit:0.32870406
AIMain:0.27055883
AIPlayer:0.26725397
AIObject:0.21638148
