Building:0.44666666666666666
Colony:0.39
Ability:0.2633333333333333
AbstractUnit:0.23666666666666666
AbstractGoods:0.20944444444444446
