InGameController:0.8066666666666666
InGameInputHandler:0.44333333333333336
UnloadAction:0.24666666666666667
