FilterMaster:0.5966666666666667
AbstractFilter:0.24666666666666667
PoFilter:0.22666666666666666
OpenDocFilter:0.22
SearchCallback:0.200712962962963
ParseEntry:0.19666666666666666
OpenXMLFilter:0.18333333333333332
IParseCallback:0.16666666666666666
TestFilterBase:0.16333333333333333
SearchThread:0.13333333333333333
LoadFilesCallback:0.09
TranslateFilesCallback:0.023333333333333334
ITranslateCallback:0.0
