InGameInputHandler:0.15300052
InGameController:0.10361075
