OS:0.7933333333333333
VersionProperty:0.33666666666666667
TestOS:0.15616666666666668
