TextAreaPainter:0.6083333333333333
EditPane:0.43333333333333335
PaintCaret:0.22666666666666666
TextAreaOptionPane:0.21
