Buffer:0.5166666666666667
jEdit:0.48333333333333334
JEditTextArea:0.36
MouseHandler:0.27666666666666667
OffsetManager:0.26666666666666666
View:0.26666666666666666
FirstLine:0.26666666666666666
StatusBar:0.19666666666666666
Range:0.19305555555555554
EnhancedCheckBoxMenuItem:0.19
EnhancedMenuItem:0.16666666666666666
DisplayManager:0.15333333333333332
ScrollLineCount:0.12333333333333334
PaintLineBackground:0.09
InstallPanel:0.06333333333333334
