DatabaseUpgrades:0.6466666666666666
FileUpgrades:0.6383333333333333
VirtualWiki:0.5033333333333333
DefaultQueryHandler:0.3
QueryHandler:0.25670634920634916
FileHandler:0.24333333333333335
DatabaseHandler:0.22333333333333333
PersistencyHandler:0.22
AdminServlet:0.21
UpgradeServlet:0.07333333333333333
