UnitType:0.10851562
Goods:0.073953256
Tile:0.039566893
Unit:0.027748251
