Utilities:0.6833333333333333
AbstractParser:0.5803174603174603
JFlexParser:0.4
