Stuff:0.7266666666666667
GHNSDialog:0.43666666666666665
