WikiPageInfo:0.6133333333333333
ServletUtil:0.3466666666666667
UpgradeServlet:0.29833333333333334
