TextFilterTest:0.4266666666666667
HTMLFilter2Test:0.30333333333333334
ResourceBundleFilterTest:0.29
XLIFFFilterTest:0.26666666666666666
TMXReaderTest:0.20333333333333334
