HTMLBuilder:0.6183333333333333
LinkEditor:0.41333333333333333
