PluginInfo:0.14162052
PluginComboBox:0.11733784
PluginManager:0.10109991
AbstractPlugin:0.0870933
PluginList:0.05621264
