Specification:0.56
FeatureContainer:0.36666666666666664
FreeColGameObjectType:0.2566666666666667
ResourceType:0.24111111111111114
BuildableType:0.23916666666666667
EquipmentType:0.23444444444444448
ModifierTest:0.22
ColopediaPanel:0.20222222222222222
FoundingFatherTest:0.18666666666666668
TileImprovementType:0.1827777777777778
