Buffer:0.6333333333333333
jEdit:0.45
JEditTextArea:0.36666666666666664
ChunkCache:0.35
VFSBrowser:0.31666666666666665
Marker:0.3
RotatedTextIcon:0.23666666666666666
TextAreaPainter:0.21666666666666667
MouseHandler:0.20666666666666667
PanelWindowContainer:0.15666666666666668
ActionHandler:0.15
FileCellRenderer:0.13
BufferPrintable:0.11666666666666667
BrowserCommandsMenu:0.09666666666666666
