Buffer:0.4533333333333333
OffsetManager:0.41
IntegerArray:0.2833333333333333
BufferIORequest:0.20333333333333334
