RiverSection:0.22684072
TerrainGenerator:0.1743035
MapGenerator:0.045448247
