Node:0.7966666666666666
ClassVisitor:0.605
NameSpace:0.5533333333333333
ConsoleInterface:0.5533333333333333
Type:0.5466666666666666
Primitive:0.54
SimpleNode:0.52
Interpreter:0.51
Variable:0.5066666666666667
Parser:0.49
Types:0.49
EvalError:0.48333333333333334
Name:0.4266666666666667
CallStack:0.39666666666666667
Reflect:0.39
JJTParserState:0.38333333333333336
CodeVisitor:0.35642857142857143
ClassPathListener:0.3272804232804233
TargetError:0.32
ExternalNameSpace:0.31055555555555553
BshClassManager:0.30333333333333334
UtilEvalError:0.28
This:0.28
EditServer:0.27666666666666667
BSHAmbiguousName:0.2733333333333333
Modifiers:0.2633333333333333
ParserTokenManager:0.26111111111111107
BshMethod:0.25333333333333335
ClassWriter:0.25
Capabilities:0.23333333333333334
CodeWriter:0.23
ParseException:0.22666666666666666
BSHType:0.22666666666666666
BshClassPath:0.22333333333333333
ClassManagerImpl:0.22
ParserConstants:0.2063968253968254
Edge:0.2063968253968254
JThis:0.20333333333333334
StringUtil:0.19333333333333333
LHS:0.19
ClassGeneratorUtil:0.18666666666666668
JavaCharStream:0.165
UtilTargetError:0.15
ParserTreeConstants:0.1437301587301587
ClassGenerator:0.14333333333333334
BSHFormalParameter:0.14
ReturnControl:0.13942063492063492
CollectionManager:0.13333333333333333
ByteVector:0.13166666666666665
BshIterator:0.1302777777777778
BlockNameSpace:0.12333333333333334
BSHBlock:0.11444444444444445
Label:0.10666666666666667
ReflectManager:0.1
dir:0.09
Token:0.08916666666666667
BSHTernaryExpression:0.08833333333333333
BshClassLoader:0.08777777777777779
Item:0.08666666666666667
Remote:0.08166666666666667
Constants:0.08
ReflectError:0.07916666666666666
BSHArguments:0.07666666666666666
BSHIfStatement:0.07666666666666666
InterpreterError:0.07666666666666666
BSHPrimaryExpression:0.07666666666666666
BSHWhileStatement:0.07361111111111111
BSHReturnType:0.07333333333333333
ClassIdentifier:0.07
BSHVariableDeclarator:0.06833333333333333
BSHTryStatement:0.06361111111111112
BSHArrayInitializer:0.06333333333333334
BSHImportDeclaration:0.06166666666666667
BSHThrowStatement:0.06166666666666667
BSHReturnStatement:0.06166666666666667
BSHEnhancedForStatement:0.060277777777777784
BSHPackageDeclaration:0.05944444444444445
BSHLiteral:0.05944444444444444
BSHStatementExpressionList:0.058333333333333334
BSHAllocationExpression:0.056666666666666664
BSHFormalParameters:0.056666666666666664
ClassGeneratorImpl:0.056666666666666664
BSHTypedVariableDeclaration:0.05
BSHMethodDeclaration:0.04666666666666667
BSHPrimarySuffix:0.04666666666666667
CommandLineReader:0.04666666666666667
CollectionIterator:0.04666666666666667
XThis:0.04666666666666667
DelayedEvalBshMethod:0.043333333333333335
CollectionManagerImpl:0.043333333333333335
BSHSwitchLabel:0.04
BSHArrayDimensions:0.04
BSHCastExpression:0.03944444444444445
NameSource:0.03666666666666667
BSHForStatement:0.036111111111111115
TokenMgrError:0.03166666666666667
BSHUnaryExpression:0.03
BSHPrimitiveType:0.02666666666666667
BSHMethodInvocation:0.02666666666666667
BSHBinaryExpression:0.018333333333333333
BSHClassDeclaration:0.018333333333333333
BSHSwitchStatement:0.015
DiscreteFilesClassLoader:0.013333333333333334
BSHAssignment:0.011666666666666667
BSHFormalComment:0.0025
ReflectManagerImpl:0.0
ClassPathException:0.0
