Language:0.35333333333333333
EditorController:0.34
TMXReader:0.3233333333333333
Main:0.31333333333333335
HelpFrame:0.2866666666666667
PluginUtils:0.18333333333333332
