Player:0.8333333333333334
Tile:0.6033333333333334
ColonyTile:0.275
SimpleMapGenerator:0.24
SettlementTest:0.15333333333333332
