SearchEngine:0.8033333333333333
PersistencyHandler:0.44666666666666666
LuceneSearchEngine:0.27666666666666667
WikiBase:0.27222222222222225
AdminServlet:0.13
UpgradeServlet:0.13
SearchServlet:0.12
LinkToServlet:0.1
