CargoPanel:0.1644798
UnitLabel:0.15412265
DefaultTransferHandler:0.13686559
DragListener:0.13644183
BuildingPanel:0.10579215
WarehouseDialog:0.081979714
ConstructionPanel:0.0746938
BuildQueuePanel:0.065046206
RebelToolTip:0.04700087
FreeColPanel:0.04164897
ProductionLabel:0.04090342
GoodsLabel:0.034756962
DropListener:0.004785829
