ReportPanel:0.17105342
FreeColPanel:0.12831071
MarketLabel:0.07648551
