ColonyPanel:0.12366297
FreeColDialog:0.055401664
GoodsLabel:0.033240523
FreeColPanel:0.02997689
