InGameController:0.6566666666666666
LoadCargoMessage:0.3333333333333333
UnloadCargoMessage:0.2866666666666667
