PoFilter:0.38666666666666666
FilterVisitor:0.3466666666666667
Comments:0.28
CommentsTextArea:0.26666666666666666
HTMLFilter2:0.24666666666666667
AbstractFilter:0.23666666666666666
Core:0.2
