ResultConstants:0.10786243
ResultLob:0.07864354
ResultMetaData:0.07064251
