RowStoreAVLHybrid:0.7353903
RowStoreAVL:0.5560794
CachedObject:0.07488446
Logger:0.055116706
DataFileCache:0.05334117
TableSpaceManager:0.020465465
PersistentStoreCollection:0.007383397
