UI:0.7633333333333333
MPainter:0.48333333333333334
MPanel:0.4
CategoryListRenderer:0.30666666666666664
ImageBorder:0.25666666666666665
Renderer:0.22333333333333333
TagsEditor:0.22
ItemRenderer:0.21333333333333335
MWrapperPanel:0.19
Title:0.18666666666666668
ColorRenderer:0.18333333333333332
MTextFieldPanel:0.17
MRegexPanel:0.16
ValidatorMessage:0.016666666666666666
