RequestSource:0.11171567
RequestInfo:0.06423323
RequestProperties:0.0031653284
