RequestProperties:0.2315912
AbstractRequestManager:0.21252821
RequestSource:0.14838146
