Console:0.66
Armor:0.2771666666666667
Permission:0.26
ScriptExecutor:0.22050000000000003
