PluginInfo:0.5916666666666667
MAboutDialog:0.38166666666666665
PluginSettings:0.3
