Game:0.9133333333333333
ShowMapGeneratorOptionsAction:0.2833333333333333
PreGameController:0.25
InGameMenuBar:0.1988888888888889
MapEditorController:0.19666666666666666
ActionManager:0.18555555555555558
