Tile:0.5188888888888888
UnitLabel:0.34
ReportMilitaryPanel:0.2733333333333333
EuropePanel:0.26666666666666666
ReportNavalPanel:0.24666666666666667
