ReportTurnPanel:0.7052777777777778
ReportRequirementsPanel:0.5166666666666667
