ImageResource:0.100054234
ResourceMapping:0.09350727
SZAResource:0.08004101
VideoResource:0.028981049
Resource:0.016128771
