Tabs:0.08709874
Sidebar:0.07073349
Main:0.021628954
Vars:0.008093975
