AutotextAutoCompleterOptionsDialog:0.6166666666666667
FilenamePatternsEditor:0.45666666666666667
