Presentation:0.09114507
ControlPanel:0.035985112
