MDownloadDialog:0.5033333333333333
DownloadInfo:0.38
Enclosure:0.35333333333333333
EnclosureAction:0.13
