TilePopup:0.6033333333333334
GUI:0.4522222222222222
ShowMapGeneratorOptionsAction:0.21666666666666667
