Connection:0.1345979
ReceivingThread:0.092881694
GoodsForSaleMessage:0.0472953
LoadCargoMessage:0.042582136
SetGoodsLevelsMessage:0.042190194
MonarchActionMessage:0.042094942
LootCargoMessage:0.0406931
GetNationSummaryMessage:0.040360697
BuyPropositionMessage:0.039730098
SellPropositionMessage:0.038521215
UnloadCargoMessage:0.037534542
SetTradeRoutesMessage:0.037367076
UpdateTradeRouteMessage:0.036919776
BuyMessage:0.03638247
StatisticsMessage:0.0363333
SellMessage:0.036279563
DisembarkMessage:0.036275946
EmigrateUnitMessage:0.036116622
SetBuildQueueMessage:0.03577097
ChatMessage:0.034217224
PutOutsideColonyMessage:0.034002554
SpySettlementMessage:0.033849362
MoveMessage:0.033513784
DeliverGiftMessage:0.03350797
BuildColonyMessage:0.033477854
CashInTreasureTrainMessage:0.033451464
AskSkillMessage:0.033390686
DeclareIndependenceMessage:0.03330844
DiplomacyMessage:0.033173244
IndianDemandMessage:0.032821894
DeclineMoundsMessage:0.032712247
MoveToAmericaMessage:0.032324202
ChangeStateMessage:0.032197174
RenameMessage:0.03211341
JoinColonyMessage:0.032041807
DisbandUnitMessage:0.031717177
ClearSpecialityMessage:0.031717166
UpdateCurrentStopMessage:0.031532772
TrainUnitInEuropeMessage:0.031507205
SellGoodsMessage:0.031252526
ChangeWorkTypeMessage:0.031123206
NewLandNameMessage:0.030783698
EquipUnitMessage:0.030681906
EmbarkMessage:0.030658519
PayArrearsMessage:0.030458607
MissionaryMessage:0.030405138
BuyGoodsMessage:0.03037865
PayForBuildingMessage:0.03012696
NewRegionNameMessage:0.029924227
ClaimLandMessage:0.029884648
GetTransactionMessage:0.029281486
CloseTransactionMessage:0.029209837
MoveToEuropeMessage:0.028980264
SetDestinationMessage:0.028715283
AttackMessage:0.028518388
ChangeWorkImprovementTypeMessage:0.02848516
GiveIndependenceMessage:0.028471334
LearnSkillMessage:0.028326428
DemandTributeMessage:0.02830194
ScoutIndianSettlementMessage:0.028124271
AbandonColonyMessage:0.02805387
InciteMessage:0.02699844
AssignTeacherMessage:0.02649258
WorkMessage:0.025425453
AssignTradeRouteMessage:0.02437538
