Collection:0.032098033
Set:0.03165694
Iterator:0.022262443
