Iterator:0.055572864
ArrayUtil:0.04665248
Set:0.04447592
