jdbcPreparedStatement:0.5818694
jdbcResultSet:0.57664436
jdbcConnection:0.559728
jdbcCallableStatement:0.4830891
jdbcResultSetMetaData:0.39756876
jdbcUtil:0.13565238
