BaseHashMap:0.3282187
HashIndex:0.1393202
ValuePool:0.02582179
