Result:0.7033333333333334
Cache:0.43333333333333335
Select:0.29
GroupedResult:0.22666666666666666
ResultIterator:0.04
