TextAreaPainter:0.3167464
JEditTextArea:0.12280866
ChunkCache:0.11429645
TextAreaExtension:0.10217002
ExtensionManager:0.086470276
EditPane:0.076388635
View:0.06595956
Buffer:0.060642928
TextAreaHighlight:0.04901956
FoldVisibilityManager:0.03673034
jEdit:0.023575325
GUIUtilities:0.021565272
Log:0.010991486
Marker:0.0048454055
