VFSBrowser:0.3101697
VFS:0.16810705
BrowserView:0.15416627
jEdit:0.12973377
VFSManager:0.11156193
MiscUtilities:0.10484362
GUIUtilities:0.10329651
BrowserListener:0.09328733
View:0.06119427
WorkThreadPool:0.04775696
EnhancedDialog:0.04278535
WorkThreadProgressListener:0.026152013
