GoodsType:0.34
Nation:0.3233333333333333
Event:0.30333333333333334
FreeColObject:0.2833333333333333
TileType:0.2833333333333333
FreeColGameObjectType:0.23666666666666666
ResourceType:0.2227777777777778
TileImprovementType:0.21666666666666667
Limit:0.21333333333333335
IndianNationType:0.19666666666666666
FoundingFather:0.19666666666666666
EuropeanNationType:0.19
