MMainWindow:0.53
MURLButton:0.38666666666666666
OS:0.35
PluginSettings:0.2377777777777778
MTip:0.2111111111111111
PluginDownloader:0.20777777777777778
MTextPane:0.18666666666666668
DeskletWidgetContext:0.17666666666666667
InternetSearchPlugin:0.13666666666666666
MURLAction:0.12
