ImageLibrary:0.6766666666666666
InGameController:0.5066666666666667
ReportLabourPanel:0.22666666666666666
