Property:0.6933333333333334
TestProperty:0.46
Model:0.30666666666666664
DateProperty:0.16
TestBooleanProperty:0.13333333333333333
TestColorProperty:0.03666666666666667
TestStringProperty:0.03666666666666667
