MetaInfo:0.6833333333333333
ItemRenderer:0.23666666666666666
FeedsFS:0.21666666666666667
FeedDownloader:0.07333333333333333
