TaskModel:0.44
Node:0.42333333333333334
ColumnManager:0.32666666666666666
SummaryData:0.27
SummaryTree:0.19577777777777777
Renderer:0.19066666666666668
DeletePrivateDataPlugin:0.18000000000000002
MTableHeader:0.16333333333333333
