StringEntry:0.6883333333333334
GlossaryEntry:0.22
GlossaryManager:0.16333333333333333
