SearchBar:0.6566666666666666
PluginInstaller:0.5322222222222222
