Tag:0.5666666666666667
Handler:0.3233333333333333
Entry:0.25
OutOfTurnTag:0.22444444444444447
DefaultXMLDialect:0.14
XLIFFDialect:0.11333333333333333
XMLPseudoTag:0.09333333333333334
XMLContentBasedTag:0.08333333333333333
XMLIntactTag:0.06333333333333334
XMLTag:0.056666666666666664
AggregatedTag:0.023333333333333334
