MainWindow:0.22267494
Sidebar:0.08163052
Main:0.023307322
Vars:0.012200502
