MApplication:0.06367
MTabbedPane:0.04216849
MURLButton:0.03968423
MDialog:0.03850799
MLabel:0.032793194
MPanel:0.032002967
MMessage:0.026992897
UI:0.025524914
MLayout:0.02377784
MMainWindow:0.02268468
TK:0.01899909
MIcon:0.015935685
OS:0.015696768
MButton:0.012805538
MTab:0.01059329
FS:0.0103254495
MEditorPane:0.008589543
MScrollPane:0.008554821
MHTMLViewer:0.0085207345
Globals:0.0063475156
Gettext:0.0041138125
MTimer:0.0030571097
