NoteWidgetPlugin:0.08538586
NoteBorder:0.005617391
