PrintDialog:0.048808612
PrintInfo:0.04473891
