PropertiesBar:0.123007804
TreePanel:0.08812763
AdvancedProperties:0.06888531
Tree:0.057815608
