WikiBase:0.7766666666666666
AbstractNotify:0.4633333333333333
RegisterServlet:0.38
