Desktop:0.05580585
DesktopPanel:0.0537889
Widget:0.03198403
