Modifier:0.5833333333333334
SettlementType:0.5433333333333333
Settlement:0.43
SimpleCombatModel:0.37666666666666665
NationType:0.23111111111111116
