MainWindowMenuHandler:0.6466666666666666
MainWindowMenu:0.45666666666666667
TagValidationTool:0.32666666666666666
ProjectUICommands:0.31555555555555553
ITagValidation:0.06
