CalendarWidget:0.7133333333333334
CalendarComponent:0.38
CalendarWidgetPlugin:0.3433333333333333
