Tile:0.5933333333333334
FreeColGameObject:0.39
TileImprovementType:0.27666666666666667
PlayerExploredTile:0.2763730158730159
TileTest:0.23333333333333334
