TileItemContainer:0.7333333333333333
Tile:0.7233333333333334
RiverTransform:0.15666666666666668
ResourceTransform:0.11
