MapGenerator:0.4583333333333333
MapGeneratorOptions:0.4141666666666667
DifficultyLevel:0.4111111111111111
