TK:0.5
ImageInfo:0.2966666666666667
MDataTransfer:0.29
ImageEditorCore:0.25333333333333335
Index:0.24444444444444446
ImageEditorDesigner:0.19444444444444445
ImageEditor:0.17916666666666667
