LuceneChineseTokenizer:0.17425735
TinySegmenterJapaneseTokenizer:0.1721467
LuceneSmartChineseTokenizer:0.15857221
LuceneJapaneseTokenizer:0.15729049
ITokenizer:0.13950178
LuceneGermanTokenizer:0.13856095
LuceneCJKTokenizer:0.1350929
LuceneRussianTokenizer:0.13430946
LuceneGreekTokenizer:0.13430944
LuceneArabicTokenizer:0.12978917
LucenePersianTokenizer:0.12978916
LuceneHungarianTokenizer:0.12772618
LuceneSwedishTokenizer:0.12772617
LuceneHindiTokenizer:0.12772615
LucenePortugueseTokenizer:0.12772615
LuceneRomanianTokenizer:0.12772614
LuceneSpanishTokenizer:0.12772614
LuceneCatalanTokenizer:0.12772614
LuceneGalicianTokenizer:0.12772614
LuceneItalianTokenizer:0.12772612
LuceneDanishTokenizer:0.12772612
LuceneBulgarianTokenizer:0.12772612
LuceneLatvianTokenizer:0.12772612
LuceneArmenianTokenizer:0.12772612
LuceneIndonesianTokenizer:0.12772612
LuceneBasqueTokenizer:0.12772612
LuceneNorwegianTokenizer:0.12772612
LuceneFinnishTokenizer:0.12772612
LuceneTurkishTokenizer:0.1277261
LuceneFrenchTokenizer:0.1267803
LuceneThaiTokenizer:0.12525146
SnowballPortugueseTokenizer:0.12462576
SnowballPorterTokenizer:0.12462575
SnowballSpanishTokenizer:0.12462575
SnowballSwedishTokenizer:0.12462575
SnowballItalianTokenizer:0.12462574
SnowballRomanianTokenizer:0.12462574
SnowballFinnishTokenizer:0.124625735
SnowballNorwegianTokenizer:0.124625735
SnowballDutchTokenizer:0.12462573
SnowballHungarianTokenizer:0.12462573
SnowballGerman2Tokenizer:0.12462572
SnowballDanishTokenizer:0.12462572
SnowballRussianTokenizer:0.12462571
SnowballGermanTokenizer:0.12462571
SnowballFrenchTokenizer:0.12462568
SnowballTurkishTokenizer:0.12462567
SnowballEnglishTokenizer:0.11834241
LuceneIrishTokenizer:0.11331327
LuceneDutchTokenizer:0.1130695
LuceneCzechTokenizer:0.113069475
LuceneBrazilianTokenizer:0.11306946
LuceneEnglishTokenizer:0.10899976
HunspellTokenizer:0.10490408
LuceneKoreanTokenizer:0.100420944
WordIterator:0.03169829
Tokenizer:0.023911506
