View:0.096518464
QuickNotepadPlugin:0.080817804
QuickNotepadToolPanel:0.0712432
EditBus:0.06921378
jEdit:0.06859765
EditPane:0.05545869
QuickNotepadActions:0.043955788
DockableWindowManager:0.04269684
QuickNotepadOptionPane:0.03199514
GUIUtilities:0.030754415
MiscUtilities:0.02728631
JEditTextArea:0.023431145
EBMessage:0.021003988
EBComponent:0.020143967
Log:0.017859386
PropertiesChanged:0.014264344
DefaultFocusComponent:0.011031072
QuickNotepadTextArea:0.0055693095
