FS:0.5033333333333333
TextEditor:0.4033333333333333
MDateSpinner:0.30666666666666664
Sidebar:0.28
Tracker:0.22
