TreePanel:0.39
ImageEditorCore:0.36
ItemRenderer:0.3233333333333333
Renderer:0.23
DeletePrivateDataPlugin:0.19000000000000003
CutAction:0.16444444444444445
PasteAction:0.16444444444444445
CopyAction:0.16444444444444445
