jEdit:0.66
PluginJAR:0.46
ActionSet:0.35333333333333333
ActionContext:0.35111111111111115
JARClassLoader:0.24
DockableWindowManager:0.24
PluginCacheEntry:0.22333333333333333
ServiceListHandler:0.2
ServiceManager:0.18333333333333332
DockableListHandler:0.18
Factory:0.17
Deferred:0.12333333333333334
ShortcutsOptionPane:0.10416666666666667
Remove:0.09666666666666666
JAR:0.02
