Mission:0.72
Unit:0.6666666666666666
InGameController:0.26
ServerUnit:0.22
GUI:0.21
ImprovementMission:0.2
AbstractMission:0.17666666666666667
TilePopup:0.14333333333333334
GoToMission:0.10333333333333333
ServerUnitTest:0.09
CompoundMission:0.08333333333333333
MissionManager:0.07333333333333333
