SqlFile:0.7133333333333334
RefCapablePropertyResourceBundle:0.36083333333333334
SqlTool:0.23333333333333334
