Mod:0.7741666666666667
FilterDialog:0.5333333333333333
InternetSearch:0.35
ModManager:0.20666666666666667
ModSupport:0.07
