BaseResultSetMetaDataTestCase:0.46361111111111103
OdbcPacketOutputStreamTest:0.2683333333333333
FileAccessResTest:0.2683333333333333
HsqlTimerTest:0.19066666666666668
JDBCDriverTest:0.19066666666666668
HsqlArrayHeapTest:0.18533333333333335
