TestBench:0.5666666666666667
JDBCBench:0.5666666666666667
TestLikePredicateOptimizations:0.5133333333333333
