Application:0.20382647
OSXApplication:0.20252304
SDIApplication:0.19432302
MDIApplication:0.19003059
ApplicationModel:0.12786953
DefaultAppletApplication:0.09364433
View:0.08070949
