FiltersTableModel:0.04770315
PluginUtils:0.04566806
OneFilterTableModel:0.0417077
