AbstractHandle:0.13064905
Handle:0.096318856
LocatorHandle:0.062457245
HandleAttributeKeys:0.015403772
