MActionInfo:0.2916666666666667
ConsoleCommand:0.19666666666666666
Category:0.18666666666666668
PermissionKey:0.18666666666666668
HelpContext:0.1827777777777778
Info:0.18033333333333335
Entry:0.15944444444444444
Shortcut:0.15944444444444444
License:0.15944444444444444
Day:0.15944444444444444
