MMessage:0.09808847
MWizardDialog:0.09523419
MButtonPanel:0.0930582
MSettingsDialog:0.08000379
MPanel:0.060702767
MIconChooser:0.05932322
MPasswordPanel:0.057416685
MAboutDialog:0.050531287
MMenu:0.049922783
UI:0.04948612
MSettingsPage:0.04501489
MFontChooser:0.043602735
MButton:0.042147353
MColorChooser:0.041957676
MURLButton:0.040766865
MDownloadDialog:0.039872076
MCheckBoxTable:0.03957741
MAction:0.03839111
MToolBar:0.035328157
Args:0.032937113
MFrame:0.03267742
MSizeGrip:0.032171723
MLabel:0.029741839
MWhatsThis:0.029428897
MApplication:0.026598997
MActionInfo:0.024891606
MLoginPanel:0.020014226
MLogger:0.019364767
Flags:0.01535317
Mnemonic:0.01507511
MIcon:0.013000767
TK:0.0129392175
MSplashScreen:0.010184124
MLinkButton:0.008201601
MColorButton:0.0076378505
WindowDragAdapter:0.0068508685
TriBoolean:0.005376682
Property:0.004724483
