Player:0.69
HighScore:0.33
FreeColServer:0.30333333333333334
InGameController:0.30333333333333334
InGameInputHandler:0.24333333333333335
Canvas:0.24066666666666667
MainPanel:0.21944444444444447
FreeColClient:0.17666666666666667
ReportHighScoresAction:0.11
RetireAction:0.03333333333333333
ReportHighScoresPanel:0.02666666666666667
