Figure:0.9066666666666666
CompositeFigure:0.3433333333333333
AbstractFigure:0.31
BorderDecorator:0.2866666666666667
JavaDrawApp:0.2277777777777778
