SqlFile:0.6066666666666667
ValidatingResourceBundle:0.44
SqlTool:0.31333333333333335
