Preferences:0.4260634920634921
RealProject:0.3333333333333333
TMXEntry:0.29333333333333333
TMXReader2:0.25
TMXWriter2:0.23333333333333334
ProjectTMX:0.22333333333333333
Prop:0.22333333333333333
Core:0.21
ExternalTMX:0.18444444444444444
WorkflowOptionsDialog:0.17333333333333334
Loader:0.15
ComesFromAutoTMMarker:0.145
PrepareTMXEntry:0.12333333333333334
ParsedTu:0.11666666666666667
AutoTmxTest:0.043333333333333335
ImportFromAutoTMX:0.04
