Tokens:0.5239444444444444
ParserDQL:0.47
Session:0.3433333333333333
TransferHelper:0.27666666666666667
TransferDb:0.21
TransferTable:0.19944444444444445
