Statistics:0.51
CalcMatchStatistics:0.35333333333333333
CalcStandardStatistics:0.31333333333333335
StatisticsWindow:0.18333333333333332
