TodoEditorCore:0.7933333333333333
Vars:0.7016825396825397
