View:0.053093195
EditBus:0.04845689
ViewUpdate:0.04243637
Registers:0.035950754
jEdit:0.03540671
EBComponent:0.032349907
EBMessage:0.021843718
Log:0.01503073
JEditTextArea:0.013985451
