jEdit:0.29271358
VFSUpdate:0.10090253
Macros:0.060101256
OperatingSystem:0.054044593
EBComponent:0.0115910005
EBMessage:0.011214955
