HelpGenerator:0.55
MHTMLViewer:0.4866666666666667
HelpContext:0.24666666666666667
DefaultHelpSystem:0.035
