Resource:0.17371298
TileType:0.16285782
GoodsType:0.09891748
FreeColGameObjectType:0.07849814
Tile:0.07706196
UnitType:0.063454
TileItemContainer:0.056287274
FeatureContainer:0.046424706
Modifier:0.032276653
FreeColObject:0.030920222
