InGameController:0.69
Canvas:0.43666666666666665
DumpCargoDialog:0.4266666666666667
UnloadAction:0.23333333333333334
