IndianSettlement:0.5933333333333334
MapEditorTransformPanel:0.36666666666666664
SettlementTransform:0.26
MapEditorController:0.22333333333333333
NewEmptyMapAction:0.20333333333333334
