SearchResultEntry:0.13981569
SearchExpression:0.054311022
SearchMatch:0.0347684
