ClientOptions:0.20333333333333334
SelectOptionUI:0.12666666666666668
BooleanOptionUI:0.12666666666666668
IntegerOptionUI:0.12666666666666668
