GUI:0.5
ColonyPlan:0.34
AIColony:0.31333333333333335
DebugMenu:0.27066666666666667
ServerPlayer:0.26666666666666666
ActionManager:0.2288888888888889
InGameMenuBar:0.12333333333333334
