RealProject:0.39666666666666667
TMXWriter:0.3466666666666667
RuntimePreferences:0.2833333333333333
Main:0.23333333333333334
