GoodsWish:0.387062
AIUnit:0.37387374
WorkerWish:0.35282332
AIGoods:0.34488317
AIObject:0.23612471
EuropeanAIPlayer:0.23466969
AIColony:0.2325583
AIMain:0.21609446
Transportable:0.20828901
ValuedAIObject:0.1414363
NativeAIPlayer:0.10801675
