AIColony:0.25132972
EuropeanAIPlayer:0.1924094
Wish:0.18784045
AIUnit:0.16436736
AIMain:0.16390517
AIObject:0.1424398
ValuedAIObject:0.06331614
Transportable:0.028843807
