MButton:0.38
MCheckBox:0.35333333333333333
PrintDialog:0.30666666666666664
ChartPanel:0.2833333333333333
MRadioButton:0.17333333333333334
