MetaInfo:0.49666666666666665
Editor:0.38333333333333336
Console:0.25333333333333335
Globals:0.2
Mods:0.1811111111111111
Permission:0.14
MPermission:0.12666666666666668
MountManager:0.11333333333333333
FolderMetaInfo:0.03666666666666667
