Routine:0.57
TriggerDef:0.38333333333333336
UserManager:0.3088888888888889
ParserDDL:0.2633333333333333
DatabaseInformationFull:0.25
