MText:0.35333333333333333
Title:0.35
TodoEditor:0.31166666666666665
ColumnManager:0.2833333333333333
ComponentHighlight:0.23166666666666666
ConsoleIO:0.22694444444444448
CircleEditor:0.18333333333333332
StaticDragHandler:0.15666666666666668
