CompoundMission:0.2029105
ImprovementMission:0.19618404
GoToMission:0.17527926
Mission:0.069396414
