AbstractMission:0.26613382
Mission:0.1951887
MissionManager:0.12316086
