AbstractMission:0.15824421
Mission:0.093906626
MissionManager:0.046614278
