AbstractMission:0.2609327
Mission:0.16418013
MissionManager:0.0640873
