Filters:0.4747222222222222
ConsoleTab:0.425
ConsoleCommand:0.2866666666666667
