InGameController:0.69
FreeColClient:0.41
MapViewer:0.37
ColonyPanel:0.32666666666666666
InGameInputHandler:0.24111111111111114
TilePopup:0.20333333333333334
PreGameController:0.19666666666666666
CanvasMouseListener:0.18666666666666668
MapboardAction:0.11333333333333333
ChatAction:0.11
