Unit:0.5833333333333334
ImageLibrary:0.48333333333333334
ResourceManager:0.25
ImageResource:0.18
