ColonyPanel:0.3191818
EuropePanel:0.24308944
UnitLabel:0.11170998
ImageSelection:0.064725876
DropListener:0.05448781
GoodsLabel:0.053224042
MarketLabel:0.050447047
