jEdit:0.62
PluginJAR:0.38666666666666666
FavoritesVFS:0.25666666666666665
