InGameController:0.6066666666666667
InGameInputHandler:0.37166666666666665
PreGameInputHandler:0.21666666666666667
PreGameController:0.15333333333333332
