RecentChange:0.44
AnsiQueryHandler:0.3466666666666667
AnsiDataHandler:0.32
LogItem:0.29333333333333333
DatabaseUpgrades:0.2227777777777778
RecentChangesFeedServlet:0.16333333333333333
UpgradeServlet:0.15666666666666668
