InGameController:0.66
InGameInputHandler:0.35777777777777775
DebugMenu:0.22666666666666666
EndTurnPanel:0.15
