Message:0.08384769
Connection:0.024762915
