AddFeedDialog:0.5266666666666666
FeedsFS:0.51
MAboutDialog:0.4666666666666667
