HSQLClientConnection:0.35273015
Session:0.29459727
Result:0.08122734
HsqlException:0.07488973
