MRenderer:0.48333333333333334
StuffRenderer:0.2733333333333333
Renderer:0.25133333333333335
ItemRenderer:0.19333333333333333
ColorRenderer:0.18
