DockableWindowManager:0.5033333333333333
DocumentHandler:0.2861111111111111
BufferChangeHandler:0.25666666666666665
ChunkCache:0.25
PanelWindowContainer:0.25
ButtonLayout:0.22944444444444448
ActionBar:0.22
DockablePanel:0.17744444444444446
ActionTextField:0.11944444444444442
MenuMouseHandler:0.1
