MApplication:0.66
MFrame:0.39166666666666666
MMainWindow:0.3244444444444444
LookAndFeelSettings:0.25
