TextArea:0.6533333333333333
Gutter:0.37
JEditTextArea:0.2833333333333333
GutterOptionPane:0.24
EditPane:0.19666666666666666
