Preview:0.7
UI:0.5533333333333333
DefaultPreview:0.3933333333333333
ImageEditorCore:0.21666666666666667
MIcon:0.19666666666666666
LinkEditorPlugin:0.17666666666666667
PreviewPanel:0.13333333333333333
TodoEditorPlugin:0.11333333333333333
