ColonyPlan:0.24080062
WorkLocationPlan:0.19973308
AIPlayer:0.18433501
AIGoods:0.15052308
GoodsWish:0.12505332
AIUnit:0.088929035
TileImprovement:0.08478288
AIMain:0.082038365
WorkerWish:0.06647949
Wish:0.045016825
AIObject:0.021103287
Transportable:0.020045567
