AIGoods:0.34703162
Wish:0.31354493
AIColony:0.3080426
AIMain:0.23242517
AIObject:0.20346625
AIPlayer:0.17505738
Transportable:0.044340253
