FSHelper:0.37333333333333335
Renderer:0.27
Categories:0.25666666666666665
TodoEditorPlugin:0.21666666666666667
CategoryListEditor:0.21333333333333335
ItemRenderer:0.1852222222222222
CategoryListView:0.17666666666666667
CategoryMenu:0.14
