OpenXMLOptions:0.7166666666666667
EditOpenXMLOptionsDialog:0.38
OpenXMLFilter:0.33666666666666667
OpenXMLDialect:0.2
