MDateSpinner:0.08208795
MPanel:0.048895136
MDate:0.040958345
MLabel:0.023790127
MButton:0.022659661
UI:0.021461908
MRenderer:0.020592751
MMenu:0.016129464
MSmallButton:0.014165931
CoolHeader:0.013458359
MIcon:0.011915413
TK:0.010970844
MLogger:0.009670292
MActionInfo:0.009318299
MMouseAdapter:0.008253887
MColor:0.007870083
MAction:0.006562215
MArrayList:0.0057409196
MTimer:0.004536285
WTFError:0.0012574565
MDataAction:4.0997527E-4
