Widget:0.65
Title:0.3233333333333333
WidgetInternalFrameUI:0.3030952380952381
Pager:0.25666666666666665
WidgetInternalFrame:0.24666666666666667
DragAdapter:0.18333333333333332
StaticMenuAdapter:0.12333333333333334
MoveToDesktopAction:0.1225
