EuropePanel:0.073207535
ColonyPanel:0.06892786
CargoPanel:0.068101645
UnitLabel:0.060177673
TradeRouteInputDialog:0.031040171
ColopediaPanel:0.02267881
WorkProductionPanel:0.02018243
MarketLabel:0.017345726
GoodsLabel:0.015290737
FreeColPanel:0.015149931
