MClipboard:0.6166666666666667
ImageEditor:0.43055555555555564
AbstractTextEditor:0.25
