NIOLockFile:0.30401522
Logger:0.11499784
Trace:0.08340187
DatabaseManager:0.06066873
HsqlException:0.008121027
