MapEditorTransformPanel:0.11060599
FreeColDialog:0.049191218
FreeColPanel:0.04386918
