Table:0.45666666666666667
Expression:0.4
TableWorks:0.35
ArrayUtil:0.31833333333333336
Like:0.31
DatabaseCommandInterpreter:0.26666666666666666
Column:0.25666666666666665
Constraint:0.24
TableFilter:0.19
