LookAndFeelSettings:0.09820305
PluginException:0.02871701
AbstractPlugin:0.021188106
PluginManager:0.021051176
PluginInfo:0.007920675
