Preferences:0.9566666666666667
TagValidationFrame:0.32666666666666666
TagValidationTool:0.2733333333333333
PatternConsts:0.24
TagValidationOptionsDialog:0.22333333333333333
