SchoolTest:0.4866666666666667
SpecificationTest:0.31333333333333335
UnitTest:0.30333333333333334
BuildingTest:0.2733333333333333
FreeColTestCase:0.22
