MSettingsDialog:0.5888888888888889
Armor:0.43333333333333335
MTip:0.37666666666666665
