MText:0.33
MList:0.28
AutoCompletion:0.26666666666666666
Tabs:0.24
Pager:0.21
StyleButton:0.20666666666666667
TextEditorDesigner:0.19666666666666666
Button:0.19
MToggleButton:0.16333333333333333
SummaryEditor:0.16
MSearchPanel:0.15
