AbstractSelection:0.23384753
TK:0.09611119
UI:0.04610357
FS:0.012979734
OS:0.0079608895
MLogger:0.0027662802
