AbstractTool:0.14919826
ToolPanel:0.007402006
