Player:0.7466666666666667
FreeColComboBoxUI:0.4
StartGamePanel:0.20333333333333334
ComboBoxRenderer:0.19666666666666666
PreGameInputHandler:0.15333333333333332
FreeColLookAndFeel:0.15333333333333332
