GHNSDialog:0.09027042
LocalizedString:0.07965306
GHNSDownload:0.044697404
