HTMLBuilder:0.15529048
XMLBuilder:0.14619994
TK:0.112452686
FS:0.08141345
AbstractFileCache:0.030576611
Args:0.016669169
FileCache:0.015468867
MHTMLViewer:0.0012644993
