FS:0.09080468
TK:0.087436855
