Unit:0.6433333333333333
EquipmentType:0.4166666666666667
UnitType:0.3308333333333333
SchoolTest:0.2633333333333333
CombatTest:0.05
