UI:0.8366666666666667
MainWindow:0.40722222222222226
