Expression:0.41833333333333333
ExpressionLogical:0.37
ExpressionArithmetic:0.35333333333333333
ParserDQL:0.3233333333333333
Session:0.3233333333333333
QuerySpecification:0.30333333333333334
DatabaseInformationFull:0.20666666666666667
ParserRoutine:0.20666666666666667
TableWorks:0.16666666666666666
