Expression:0.45441106
ExpressionLogical:0.41545454
TableDerived:0.21345142
FunctionSQLInvoked:0.20832194
QueryExpression:0.18991522
ParserDQL:0.09072544
Routine:0.08255068
Session:0.0767805
Row:0.045158572
HsqlException:0.028719867
OpTypes:0.019906888
Tokens:0.0
