HsqlArrayList:0.023168098
HashMappedList:0.0230604
