ClientConnection:0.21447878
SessionInterface:0.18771686
SessionContext:0.1440437
Database:0.12495701
SessionData:0.09583695
StatementSession:0.08808665
StatementCommand:0.08707008
TransactionManagerMVCC:0.0782877
ParserCommand:0.06626426
StatementManager:0.064883456
Table:0.062161073
StatementSchema:0.061895456
StatementDML:0.06043676
Statement:0.05639276
TransactionManager2PL:0.056288335
SchemaManager:0.054096326
StatementSchemaDefinition:0.054044187
StatementDMQL:0.05390817
TransactionManagerMV2PL:0.052588884
Routine:0.052290704
StatementCompound:0.04812516
QuerySpecification:0.046440426
TextTable:0.046191674
Scanner:0.045758955
ParserDDL:0.045631196
HsqlException:0.04546789
Expression:0.044702012
TransactionManagerCommon:0.04426218
ParserBase:0.04380422
Constraint:0.043635163
SessionManager:0.04301138
QueryExpression:0.042925578
DatabaseManager:0.04206759
ParserRoutine:0.041230004
View:0.040303443
RowAction:0.040119667
NumberSequence:0.03936089
TriggerDef:0.039025728
StatementSimple:0.03802111
TransactionManager:0.037038274
FunctionCustom:0.036979113
HsqlDateTime:0.036611963
TableBase:0.033561457
StatementSet:0.03347428
StatementResultUpdate:0.032814167
TableWorks:0.032811247
ParserDML:0.032487534
ParserDQL:0.03220045
StatementExpression:0.03030996
RoutineSchema:0.029582527
ExpressionTable:0.029542567
StatementHandler:0.02946936
ExpressionColumn:0.029275237
TableDerived:0.0287343
ExpressionLogical:0.027586611
RangeVariable:0.027267214
FunctionSQL:0.027185814
StatementInsert:0.026971513
ColumnSchema:0.026052834
StatementProcedure:0.025421701
SetFunction:0.024481999
Schema:0.024170415
TriggerDefSQL:0.02379917
StatementQuery:0.023281548
FunctionSQLInvoked:0.022568582
ExpressionAccessor:0.021962522
RowActionBase:0.021732014
ExpressionArrayAggregate:0.021055762
StatementTypes:0.020753622
ExpressionOp:0.02053012
RangeVariableJoined:0.019990617
ExpressionAggregate:0.019385053
Like:0.018777344
ExpressionArithmetic:0.018442033
ExpressionOrderBy:0.017634813
SchemaObject:0.017101256
ExpressionLike:0.016681079
SortAndSlice:0.016654184
StatementCursor:0.015658725
Row:0.0151568325
ExpressionValue:0.014387859
DatabaseURL:0.011875729
RangeVariableResolver:0.011073393
RowDiskDataChange:0.010179397
ExpressionColumnAccessor:0.0098298
Tokens:0.0
