TransactionManager2PL:0.53427756
TransactionManagerMV2PL:0.42721394
TransactionManagerMVCC:0.33337593
RowAction:0.14769591
TransactionManagerCommon:0.092355385
Row:0.09020212
Session:0.07108794
StatementCommand:0.05469333
Database:0.043243244
Table:0.04071049
ParserCommand:0.035932906
Statement:0.03136987
StatementManager:0.030657947
FunctionCustom:0.028337926
SchemaManager:0.026138593
