ColonyPanel:0.7666666666666667
EuropePanel:0.3616666666666667
UnloadAction:0.2733333333333333
