LuceneEnglishTokenizer:0.5966666666666667
BaseTokenizer:0.51
TokenizerTest:0.26666666666666666
