FormPanel:0.7866666666666666
MWrapperPanel:0.5133333333333333
StaticFocusHandler:0.11444444444444445
