Widget:0.61
WidgetDesktopPaneUI:0.4866666666666667
Desktop:0.44666666666666666
Title:0.3
CalendarWidget:0.22333333333333333
MainWindow:0.21333333333333335
Action:0.1988888888888889
WallpaperUpdater:0.19833333333333333
WidgetDesktopIconUI:0.19333333333333333
DesktopPanel:0.18
Main:0.16666666666666666
WidgetBorder:0.15333333333333332
InternetSearchWidget:0.13333333333333333
DesktopSettings:0.08666666666666667
WidgetGradientPainter:0.06
WidgetFlatPainter:0.055
WidgetGlassPainter:0.055
Advanced:0.05
