JFlexParser:0.7433333333333333
TemplateTag:0.5233333333333333
OnlyIncludeTag:0.19333333333333333
IncludeOnlyTag:0.18
