BSHBinaryExpression:0.30362517
BSHAssignment:0.27957177
BSHUnaryExpression:0.27932036
NameSpace:0.25206393
Reflect:0.15985446
BSHCastExpression:0.1323903
BSHArrayInitializer:0.11180733
Name:0.11129118
Interpreter:0.108950295
BSHLHSPrimarySuffix:0.10033624
LHS:0.09164533
BSHPrimarySuffix:0.09013371
Parser:0.07211808
BSHTypedVariableDeclaration:0.064884506
BSHIfStatement:0.06160727
BSHArrayDimensions:0.049806233
BSHReturnType:0.04471661
BshMethod:0.043479826
BSHReturnStatement:0.041761577
BSHLiteral:0.03925193
BSHAllocationExpression:0.038567305
XThis:0.03734284
BSHImportDeclaration:0.036680046
BSHSwitchStatement:0.03095377
ParserConstants:0.030511998
BSHFormalParameter:0.030498018
BSHMethodDeclaration:0.029399257
BSHVariableDeclarator:0.028261494
BSHForStatement:0.022843162
BSHWhileStatement:0.022383071
BSHTryStatement:0.021571623
BSHBlock:0.021054704
JThis:0.02008425
TargetError:0.018450392
BSHStatementExpressionList:0.018392032
BeanShell:0.01833627
BSHFormalParameters:0.016418455
EvalError:0.01060223
InterpreterError:0.0025220031
