WikiUtilTest:0.5366666666666666
JAMWikiUnitTest:0.4633333333333333
TiddlyWiki2MediaWikiTranslatorTest:0.088
