UI:0.7233333333333334
MetaInfo:0.5022222222222222
DefaultPreview:0.4033333333333333
ItemRenderer:0.25333333333333335
Request:0.17666666666666667
PreviewPanel:0.15
