jEdit:0.55
JEditTextArea:0.36666666666666664
DockableWindowManager:0.34
FirstLine:0.33
MiscUtilities:0.32
ActionSet:0.2833333333333333
TextAreaPainter:0.2633333333333333
JARClassLoader:0.22333333333333333
View:0.21666666666666667
JAR:0.20333333333333334
DockableListHandler:0.17666666666666667
MouseHandler:0.17333333333333334
Factory:0.17
FileCellRenderer:0.11
ResourceCache:0.043333333333333335
PaintBracketHighlight:0.01
PaintCaret:0.01
PaintText:0.006666666666666667
PaintWrapGuide:0.006666666666666667
