PreGameController:0.13364114
InputHandler:0.124328636
