ConsoleIO:0.49
Armor:0.4
MColorChooserDialog:0.32111111111111107
MHTMLViewer:0.22666666666666666
