FormPanel:0.5933333333333334
MMessage:0.3555555555555555
ImportExport:0.26
TextEditor:0.21166666666666667
LinkEditor:0.21166666666666667
Slideshow:0.1788888888888889
ShowHTMLAction:0.17777777777777778
MLoginPanel:0.1688888888888889
