IMainWindow:0.22889875
MainWindowMenuHandler:0.11564183
MainWindowUI:0.07978563
ProjectUICommands:0.063868925
MainWindowMenu:0.041653886
IMainMenu:0.004527139
