HistoryTextField:0.8266666666666667
DefaultInputHandler:0.3616666666666667
BackspaceAction:0.22666666666666666
