SpreadsheetWriter:0.12193977
TextWriter:0.11638484
Manifest:0.073056124
Content:0.007765753
