Statement:0.5933333333333334
ResultMetaData:0.5833333333333334
ParserCommand:0.2833333333333333
StatementManager:0.26666666666666666
StatementCommand:0.21333333333333335
