MActionInfo:0.6988888888888889
IconTheme:0.41333333333333333
ShowGridAction:0.2
