AIObject:0.38
Player:0.37666666666666665
Market:0.37333333333333335
Mission:0.29
Wish:0.28
TileImprovementPlan:0.2633333333333333
TradeItem:0.25666666666666665
ModelMessage:0.24666666666666667
AIGoods:0.24
AIColony:0.20555555555555555
Feature:0.20333333333333334
GoodsWish:0.19444444444444445
WorkerWish:0.1811111111111111
FreeColObject:0.16
MarketData:0.15333333333333332
