Unit:0.7466666666666667
CargoPanel:0.42
LoadingListener:0.41511111111111115
ColonyPanel:0.33666666666666667
EuropePanel:0.3233333333333333
DocksPanel:0.2555555555555556
MarketPanel:0.2527777777777778
OutsideColonyPanel:0.20333333333333334
DefaultTransferHandler:0.19333333333333333
