ImageLibrary:0.4633333333333333
ResourceManager:0.41333333333333333
GUI:0.3466666666666667
TerrainGenerator:0.30666666666666664
FreeColTcFile:0.3
