AbstractCompositeFigure:0.5233333333333333
ChildHandler:0.5036666666666666
ConnectorHandle:0.3933333333333333
