Tile:0.31286234
TileItemContainer:0.27330035
ResourceType:0.18434282
FreeColGameObject:0.16530462
FreeColObject:0.1613824
Player:0.13940951
Game:0.10959413
GoodsType:0.10686245
Modifier:0.10226834
TileItem:0.076992944
