Ability:0.115020975
Modifier:0.10777228
FreeColObject:0.10756706
FreeColGameObjectType:0.09994488
Feature:0.0771311
