MDialog:0.18550079
MPasswordPanel:0.083943374
MAboutDialog:0.07900784
MSettingsDialog:0.07809012
MPanel:0.06653521
MMenu:0.0663627
MDownloadDialog:0.061415393
MActionInfo:0.059801944
MSettingsPage:0.05008086
UI:0.045682196
MFileChooser:0.044848867
MLabel:0.04399985
MText:0.043946575
MTextFieldPanel:0.04385902
MStatusBar:0.043415505
MApplication:0.040382173
MAction:0.03949091
MMultiPanel:0.037107937
MRenderer:0.032876678
MURLButton:0.029868487
MToolBar:0.029260525
MButton:0.028783627
FS:0.028604222
MTip:0.028226234
MLogger:0.02761697
MTable:0.02750322
MComponent:0.02491801
TK:0.024879156
MList:0.0182946
MMainWindow:0.018020906
MIcon:0.017722761
OS:0.015772857
LogFile:0.015711708
MEditorPane:0.01493862
MSwingWorker:0.01405086
MTaskPanel:0.012903367
MTextLabel:0.010701802
ContainerIterator:0.008126263
PassiveException:0.0063825846
MClipboard:0.0044661597
MDate:0.004250982
Watermark:0.004176582
MMouseAdapter:0.003938274
Property:0.003894146
BooleanProperty:0.0020196075
ClipboardException:0.0018856426
MFormat:0.001708513
