FeedViewer:0.49333333333333335
WebBrowserEditor:0.4377777777777777
Validator:0.33
