Syntax:0.5333333333333333
Tuple:0.37333333333333335
Armor:0.30333333333333334
Context:0.3016666666666667
WebDialog:0.15333333333333332
