CargoPanel:0.19621968
DefaultTransferHandler:0.13098706
DragListener:0.11160244
UnitLabel:0.071033746
TrainDialog:0.046054322
FreeColPanel:0.032783806
MarketLabel:0.012749425
GoodsLabel:0.007680222
DropListener:0.0033418576
