ChartPainter:0.4533333333333333
ImageTransition:0.4166666666666667
MFlipPanel:0.31333333333333335
PBEInfo:0.2633333333333333
