SVGTextFigure:0.44
LinearGradient:0.30666666666666664
RadialGradient:0.30666666666666664
DefaultAttributeAction:0.197
MultiIcon:0.19666666666666666
ImageInputFormat:0.17
AbstractTransferable:0.15333333333333332
