MSmallColorChooser:0.79
PropertyPanel:0.45388888888888884
MSmallColorChooserBeanInfo:0.2633333333333333
