Player:0.6966666666666667
InGameInputHandler:0.36333333333333334
InGameController:0.295
PreGameController:0.12
