Tracker:0.7733333333333333
SummaryData:0.5433333333333333
