ActionManager:0.1894027
UnitAction:0.1762569
