TextTable:0.6394444444444444
TestTextTables:0.5491666666666667
