Preferences:0.7233333333333334
EditorSettings:0.4633333333333333
SegmentBuilder:0.38
MainWindowMenuHandler:0.3333333333333333
MainWindowMenu:0.2
Styles:0.19026984126984126
PatternConsts:0.07788888888888888
