FileVFS:0.7533333333333333
BeanShell:0.39666666666666667
HelpIndex:0.3466666666666667
ActionHandler:0.20666666666666667
