TokenMarker:0.105347715
ParserRule:0.08346665
XModeHandler:0.07308416
KeywordMap:0.06758464
Token:0.0336369
Buffer:0.024100719
DefaultTokenHandler:0.01972915
Chunk:0.019584384
RE:0.003821115
DisplayTokenHandler:0.0028710393
