MText:0.5233333333333333
MainWindow:0.4533333333333333
MUndoManager:0.4266666666666667
StaticRedoAction:0.15333333333333332
StaticUndoAction:0.15333333333333332
StaticAction:0.09666666666666666
