SqlFile:0.7266666666666667
SqlFileScanner:0.4533333333333333
SqlTool:0.25666666666666665
