InGameController:0.7233333333333334
EuropePanel:0.2866666666666667
MarketPanel:0.23
DragListener:0.19777777777777777
TilePopup:0.16
