MSettingsDialog:0.18957168
MDialog:0.0708152
ImageBorder:0.06404761
MButton:0.063390434
MMessage:0.046577264
MIcon:0.04097464
MActionInfo:0.032679457
MSmallButton:0.030574197
MRenderer:0.025205377
MTimer:0.022106044
