UI:0.8366666666666667
MCalendarPanel:0.4166666666666667
MToolBar:0.2866666666666667
