GUI:0.6083333333333333
ChangeAction:0.19666666666666666
ZoomOutAction:0.18944444444444444
ZoomInAction:0.18944444444444444
UnitMoveAnimation:0.18
UnitAttackAnimation:0.17666666666666667
LoadAction:0.17666666666666667
AssignTradeRouteAction:0.17666666666666667
