MMainWindow:0.09149402
UI:0.06679594
OS:0.054754455
Config:0.05011521
MSystemTray:0.04644292
MAction:0.040877037
MAboutDialog:0.03696702
MActionInfo:0.034107756
MLogger:0.032586575
Args:0.030964324
Preloader:0.030267337
MDialog:0.029960787
MMessage:0.028375506
MNotification:0.026767263
MIcon:0.025605401
FS:0.024411833
TK:0.023090752
MFrame:0.020867674
MStatusBar:0.019253062
MFileChooser:0.016871504
Property:0.015945334
MInternalFrame:0.015201997
MTip:0.013560301
MPanel:0.012768512
VersionProperty:0.012693678
Kiosk:0.012500662
MSplashScreen:0.012330258
MSizeGrip:0.011383086
BooleanProperty:0.011301712
MSettingsDialog:0.011082229
PropertyAccess:0.01074312
Net:0.0103881275
FileCache:0.009799197
MWindow:0.00846416
IntegerProperty:0.0076760636
BackgroundTaskManager:0.006597189
StringProperty:0.00571981
