Unit:0.47333333333333333
Xml:0.46
Tile:0.44333333333333336
UnitType:0.2961111111111111
GoodsType:0.279
Goods:0.2658333333333333
Building:0.22
ColopediaPanel:0.22
TileType:0.13266666666666665
Level:0.12666666666666668
