MList:0.10782582
MFontButton:0.07486314
MPanel:0.040082045
UI:0.035302304
MDialog:0.03460695
MMenu:0.028968796
MTextField:0.022482099
MRenderer:0.02175546
MTextFieldPanel:0.021724857
MActionInfo:0.013032067
MAction:0.0121677285
MTimeline:0.011785131
TK:0.011556591
MNumberSpinner:0.011511823
MSmallButton:0.011082492
MButton:0.009643256
Config:0.009608699
ActionGroup:0.008790117
Property:0.006751853
MSearchPanel:0.0045229816
StringList:0.004077809
BooleanProperty:0.0012820744
