JEditTextArea:0.4866666666666667
Operation:0.34755555555555556
Install:0.33666666666666667
ChunkCache:0.31666666666666665
BufferChangeHandler:0.29555555555555557
Plugin:0.2833333333333333
PluginManagerProgress:0.22
OffsetManager:0.20666666666666667
Remove:0.20666666666666667
Roster:0.15944444444444442
KeyHandler:0.11333333333333333
SoftWrapTokenHandler:0.07
