MSystemTray:0.6833333333333333
AlarmManager:0.2966666666666667
