MSettingsPage:0.38666666666666666
MSettingsDialog:0.37666666666666665
AdvancedSettings:0.28065079365079365
PluginSettingsPage:0.22355555555555554
