Unit:0.6233333333333333
InGameController:0.3566666666666667
UnitTest:0.30666666666666664
ChangeWorkImprovementTypeMessage:0.25333333333333335
ServerUnitTest:0.23
PioneeringMission:0.21
AIMessage:0.19333333333333333
InGameInputHandler:0.18666666666666668
InGameControllerTest:0.11333333333333333
