Canvas:0.4172222222222222
ColopediaPanel:0.3566666666666667
TilePanel:0.35
