HsqlDateTime:0.20081252
Column:0.17556177
Function:0.108710006
Trace:0.10838409
DatabaseScript:0.0
Database:0.0
Expression:0.0
HsqlException:0.0
