Preferences:0.42333333333333334
MainWindowMenu:0.4033333333333333
MainWindowMenuHandler:0.4033333333333333
AutoCompleter:0.2866666666666667
HistoryPredictor:0.17666666666666667
HistoryCompleter:0.05
WordPredictor:0.04
WordCompleter:0.0033333333333333335
