MMouseAdapter:0.56
MCalendarPanel:0.28
MStatusBar:0.26666666666666666
Tabs:0.23666666666666666
MNotification:0.1811111111111111
ScriptError:0.18
ColorPanel:0.14333333333333334
ToggleButton:0.12
StaticThrobber:0.11666666666666667
StaticMouseHandler:0.0
StaticHandler:0.0
