Widget:0.56
WidgetInternalFrame:0.43
Desktop:0.25
Title:0.23733333333333334
WidgetDesktopPaneUI:0.23333333333333334
HelpAction:0.11333333333333333
