UI:0.8233333333333334
OS:0.43333333333333335
ColorRenderer:0.2633333333333333
