Mission:0.6766666666666666
AIPlayer:0.35
UnitWanderHostileMission:0.26666666666666666
UnitWanderMission:0.26666666666666666
IdleAtColonyMission:0.26666666666666666
