TextAreaPainter:0.5466666666666666
EditPane:0.41333333333333333
StandaloneTextArea:0.23
PaintSelectionText:0.22333333333333333
TextAreaOptionPane:0.14666666666666667
