WikiBase:0.04882844
SearchEngine:0.007276749
