Mission:0.28211504
TransportMission:0.28050014
WorkInsideColonyMission:0.15251105
