UnitSeekAndDestroyMission:0.53016305
CashInTreasureTrainMission:0.47097433
ScoutingMission:0.44629347
PioneeringMission:0.3508884
BuildColonyMission:0.31875578
UnitWanderHostileMission:0.27404144
TransportMission:0.26133007
DefendSettlementMission:0.26013565
IndianBringGiftMission:0.24804395
WishRealizationMission:0.23170899
IndianDemandMission:0.21833201
UnitWanderMission:0.16244863
WorkInsideColonyMission:0.10823306
