ServletUtil:0.75
JAMWikiExceptionMessageFilter:0.23666666666666666
JAMWikiLogoutFilter:0.15333333333333332
JAMWikiAuthenticationProcessingFilter:0.14333333333333334
