NoteWidget:0.37
PrintAction:0.3333333333333333
ChartDialog:0.31333333333333335
