Table:0.5533333333333333
Result:0.3933333333333333
Trace:0.38666666666666666
Select:0.36333333333333334
Index:0.3377777777777778
ArrayUtil:0.33666666666666667
Expression:0.29
Logger:0.23333333333333334
DatabaseCommandInterpreter:0.23
CompiledStatement:0.20333333333333334
Function:0.19666666666666666
DINameSpace:0.19333333333333333
TableFilter:0.16
TestCacheSize:0.06333333333333334
