Game:0.74
Colony:0.36666666666666664
ServerPlayer:0.3333333333333333
FreeColServer:0.25
AIInGameInputHandler:0.24
