FSHelper:0.5606877
MetaInfo:0.4109348
FSException:0.030792842
FSPlugin:0.026546834
FSAction:0.0045755967
