HelpMenu:0.5009523809523809
MainWindow:0.4483333333333333
