ConsoleCommand:0.09093313
ScriptCommand:0.080869
ConsolePlugin:0.04799627
ConsoleConfig:0.043431934
