StatementCompound:0.3939931
Statement:0.21093582
ParserRoutine:0.18301904
Session:0.10883249
StatementTypes:0.08151831
Tokens:0.0
