ParserRoutine:0.12021054
Expression:0.09512272
Statement:0.07400771
Session:0.07290865
HsqlException:0.054684833
StatementTypes:0.041510075
Tokens:0.0
