StatementDMQL:0.3341691
StatementDML:0.24874048
Expression:0.21830732
QueryExpression:0.21611863
RangeVariable:0.19862694
ParserRoutine:0.19728217
Table:0.16491887
TableDerived:0.14125022
TriggerDef:0.12094226
ExpressionAccessor:0.10863516
SessionContext:0.06808045
ColumnSchema:0.067652114
Statement:0.06645227
Session:0.06257878
SchemaObject:0.053392004
StatementTypes:0.02494162
HsqlException:0.0117867915
OpTypes:0.009109352
SqlInvariants:0.003767961
Tokens:0.0
