StatementDMQL:0.48937693
QueryExpression:0.25411195
Expression:0.232105
TableDerived:0.20304391
StatementCompound:0.1711532
ParserRoutine:0.11299065
Statement:0.10415813
Session:0.07518384
StatementTypes:0.046811074
Tokens:0.0
