StatementDMQL:0.28446048
StatementDML:0.2053634
SessionContext:0.11853685
Session:0.10535668
StatementQuery:0.104765534
QueryExpression:0.08266493
Table:0.082222946
TableBase:0.081664704
Statement:0.0683237
Row:0.061401792
StatementTypes:0.047331877
