StatementSet:0.34333158
StatementExpression:0.27977887
ParserDML:0.19215268
StatementDML:0.18370278
StatementInsert:0.17813267
Expression:0.17804712
QueryExpression:0.1771117
Table:0.16952829
StatementResultUpdate:0.16086614
StatementProcedure:0.15775044
StatementCompound:0.15723933
ExpressionColumn:0.1560579
Routine:0.15013902
RangeVariable:0.149603
StatementQuery:0.12363929
ParserRoutine:0.106268525
ColumnSchema:0.10374688
Statement:0.09139631
Session:0.08581164
ParserDQL:0.08375606
TableDerived:0.07606031
StatementSchema:0.06802492
StatementCursor:0.057512134
SchemaObject:0.051639054
StatementSession:0.044241656
SessionContext:0.041798078
StatementTypes:0.02754512
ColumnBase:0.011755802
HsqlException:0.010176683
SqlInvariants:0.0054797144
