Config:0.7266666666666667
Armor:0.30666666666666664
Permission:0.19333333333333333
