Tree:0.47822222222222216
MTree:0.36
FSNewFile:0.3186190476190476
AbstractFS:0.30666666666666664
FSHelper:0.28
NewFileDialog:0.23333333333333334
FeedsFS:0.22
Query:0.2
NewFileAction:0.17333333333333334
PropertiesDialog:0.14
TreePanel:0.13666666666666666
TreeFS:0.06666666666666667
