ColopediaPanel:0.61
Canvas:0.6066666666666667
FreeColMenuBar:0.2866666666666667
