Colony:0.76
Building:0.5144444444444445
ColonyPanel:0.2966666666666667
