TodoEditor:0.3933333333333333
MNotification:0.37333333333333335
Message:0.3
InsertImageAction:0.2966666666666667
Reminder:0.2733333333333333
InsertLinkAction:0.2633333333333333
InsertTableAction:0.2633333333333333
TextEditor:0.25666666666666665
InsertLineAction:0.25666666666666665
ShowHTMLAction:0.21666666666666667
TaskButton:0.16
