ImageEditor:0.36333333333333334
FeedsFS:0.28
NoteWidget:0.26666666666666666
CustomGeneralPanel:0.23111111111111116
PropertiesDialog:0.22333333333333333
FeedDownloader:0.2
