Unit:0.6833333333333333
UnitTest:0.2866666666666667
ColonyPlan:0.23333333333333334
DragListener:0.21666666666666667
