UtilTest:0.45
jdbcResultSetTest:0.43666666666666665
jdbcDatabaseMetaDataTest:0.42333333333333334
jdbcCallableStatementTest:0.36666666666666664
jdbcSavepointTest:0.34
jdbcDriverTest:0.33
jdbcConnectionTest:0.23
