QuerySpecification:0.24836534
ParserDQL:0.105247915
Expression:0.10320626
TableDerived:0.10292192
RangeVariable:0.07812325
ExpressionColumn:0.07451785
SortAndSlice:0.070152745
Table:0.065155245
StatementSet:0.0647697
ParserDML:0.05707028
RangeVariableResolver:0.054695677
StatementDMQL:0.0545663
StatementDML:0.051077276
StatementQuery:0.0474146
ParserDDL:0.042981613
ExpressionTable:0.03681574
StatementInsert:0.03617111
View:0.032162853
TableBase:0.031328555
StatementCursor:0.028594783
ColumnSchema:0.023860704
Session:0.022872781
Database:0.018910494
SchemaObject:0.014186183
HsqlNameManager:0.012494399
RangeGroup:0.009583038
ColumnBase:0.005078532
OpTypes:0.0010893579
Tokens:0.0
