RowSetNavigatorData:0.6802722
RowSetNavigator:0.10018726
RowIterator:0.07623419
