Table:0.27584
TableDerived:0.07139714
TableUtil:0.06122923
StatementDML:0.05678934
TableWorks:0.054326124
QueryExpression:0.05256868
Constraint:0.04642939
SortAndSlice:0.044133533
QuerySpecification:0.04260564
SessionData:0.04038565
TransactionManagerMV2PL:0.036748204
RowAVLDiskLarge:0.03569845
StatementCommand:0.034831464
RowAVLDiskData:0.034635805
RowAVLDisk:0.034013115
ExpressionLogical:0.03328606
TransactionManagerMVCC:0.032328233
SchemaManager:0.032222684
RangeVariable:0.031681553
ParserDDL:0.031345822
StatementSchema:0.031164989
TextTable:0.029781355
RowAVL:0.029214894
StatementResultUpdate:0.028536329
Database:0.028275417
Session:0.027840197
Routine:0.027711822
RangeVariableJoined:0.027457887
ParserDQL:0.026426977
RowDiskDataChange:0.024767203
TransactionManagerCommon:0.024660166
Row:0.0237119
ParserDML:0.022672134
RowAction:0.019020498
ParserRoutine:0.018696576
StatementSession:0.017603345
ParserCommand:0.017420944
View:0.016137008
HsqlException:0.005352791
