TableBase:0.22731027
Constraint:0.2253545
TableWorks:0.18448173
SchemaManager:0.17724827
StatementDML:0.16730753
ExpressionColumn:0.15425795
TriggerDef:0.14634031
QuerySpecification:0.14530012
ParserDDL:0.14200112
TableDerived:0.13473119
Routine:0.13159277
QueryExpression:0.13065054
StatementSet:0.12767744
RangeVariableJoined:0.11798278
RangeVariable:0.11763349
StatementSchema:0.116807885
View:0.10959715
StatementCompound:0.109340884
Expression:0.10931142
StatementDMQL:0.09891356
SchemaObjectSet:0.09481244
ColumnSchema:0.092033744
Schema:0.09187311
RangeVariableResolver:0.090850435
SchemaObject:0.08982407
StatementSchemaDefinition:0.08830829
HsqlNameManager:0.08614954
TextTable:0.08514898
SortAndSlice:0.08398726
ParserDML:0.08312916
ExpressionLogical:0.07520407
TableUtil:0.07450887
TriggerDefSQL:0.06996818
StatementCommand:0.06891092
ParserDQL:0.06881975
Database:0.06849816
ParserRoutine:0.06525079
NumberSequence:0.06454988
StatementInsert:0.061282493
Session:0.060668103
SessionContext:0.05413951
StatementResultUpdate:0.04742137
SessionData:0.046712987
ParserCommand:0.04426034
TransactionManagerMV2PL:0.043061733
TransactionManagerMVCC:0.039303225
StatementSession:0.039217252
Scanner:0.0370991
TransactionManager2PL:0.032315586
ParserBase:0.03070211
RowDiskDataChange:0.028308328
ConstraintCore:0.026726099
TransactionManager:0.024037834
Row:0.023854354
DatabaseURL:0.014891046
Trigger:0.011830166
HsqlException:0.011311815
ColumnBase:0.007840005
SqlInvariants:0.007484674
Tokens:0.0
