GUI:0.6033333333333334
InGameController:0.561111111111111
