PluginDownloader:0.45666666666666667
LookAndFeelSettings:0.3025
InternetSearch:0.29333333333333333
Desktop:0.27
PluginSettings:0.25
GHNSDialog:0.18
StuffRenderer:0.06416666666666666
