ImageView:0.415
MScrollPane:0.38
TransitionPanel:0.26666666666666666
ComponentHighlight:0.23333333333333334
