Handler:0.4866666666666667
ParseEntry:0.38666666666666666
TestFilterBase:0.29
XMLFilter:0.25333333333333335
Translator:0.24166666666666667
TmxComplianceBase:0.20666666666666667
AbstractFilter:0.20666666666666667
XHTMLFilter:0.17333333333333334
WiXFilter:0.15666666666666668
ResXFilter:0.15333333333333332
AndroidFilter:0.12666666666666668
