Logger:0.24606203
DataFileCache:0.18904953
HsqlDatabaseProperties:0.10776995
DataFileDefrag:0.07650488
ScriptRunner:0.07014885
HsqlProperties:0.057144057
DataFileBlockManager:0.008251636
Crypto:0.0024208461
