Unit:0.5944444444444443
Colony:0.5466666666666666
Player:0.39
SchoolTest:0.20666666666666667
MapGenerator:0.2
ColonyPlan:0.16666666666666666
BuildingTest:0.15666666666666668
ReportColonyPanel:0.14
BuildingsPanel:0.13666666666666666
DragListener:0.09
