ColonyPanel:0.39666666666666667
EuropePanel:0.33
FreeColDialog:0.32
RecruitDialog:0.19
TrainDialog:0.19
TilePanel:0.15666666666666668
EmigrationPanel:0.15333333333333332
FoundingFatherPanel:0.15
PurchaseDialog:0.13
MainPanel:0.11666666666666667
StartGamePanel:0.10333333333333333
CaptureGoodsDialog:0.09666666666666666
EventPanel:0.07
VictoryPanel:0.05333333333333334
NewPanel:0.03333333333333333
