Property:0.71
EnumProperty:0.3
TestProperty:0.27666666666666667
VersionProperty:0.26666666666666666
TestBooleanProperty:0.14
TestDoubleProperty:0.13666666666666666
TestFloatProperty:0.13666666666666666
