UI:0.06460965
MColorIcon:0.043956928
MURLButton:0.028351309
ItemStatus:0.028105013
MHighlighter:0.027306752
MRenderer:0.020251434
MSizeGrip:0.019258525
MSeparator:0.018783186
MPanel:0.017685894
MCalendarPanel:0.01617446
HTMLBuilder:0.015082363
MMenu:0.014858695
MList:0.014548304
MLabel:0.011050233
MLogger:0.010682666
MApplication:0.01032461
MButton:0.009615901
MTip:0.009392524
MTableHeader:0.0068671824
MDateSpinner:0.0059007662
