MSettingsPage:0.42333333333333334
LookAndFeelSettings:0.38
GeneralSettings:0.25666666666666665
TreeSettings:0.25
