TextEditorDesigner:0.112648964
TextEditorCore:0.09114814
TextEditorKit:0.018412104
TextEditorPlugin:0.017881006
TextEditorDocument:0.0073234253
