UI:0.7233333333333334
Config:0.45666666666666667
MAction:0.31333333333333335
Window:0.3
Armor:0.29333333333333333
ImportExport:0.18333333333333332
