Goods:0.45166666666666666
ModelMessage:0.41333333333333333
Unit:0.3675
GoodsContainer:0.30666666666666664
Player:0.2906666666666667
Market:0.285
Colony:0.27666666666666667
IndianSettlement:0.26666666666666666
Building:0.25666666666666665
InGameController:0.23333333333333334
ReportProductionPanel:0.14333333333333334
