FeedsFS:0.5433333333333333
ArticleMetaInfo:0.47333333333333333
FeedThread:0.2733333333333333
ItemRenderer:0.23833333333333334
