EditorPlugin:0.7633333333333333
MainWindow:0.4
ImportAction:0.12333333333333334
AbstractImportExportAction:0.09
