TK:0.1800436
FS:0.116899975
MArrayList:0.06278018
MObject:0.04582479
WTFError:0.022664905
ElementList:0.022379644
BooleanProperty:0.02007369
