MDateSpinner:0.24800521
DateProperty:0.14199848
MCalendarPanel:0.107779115
Config:0.0866713
MText:0.057902142
TK:0.046908766
MLogger:0.041156847
MTip:0.04048107
MMessage:0.017874265
