ScriptIDE:0.085885994
ScriptYourself:0.015224327
