Expression:0.6733333333333333
CompiledStatement:0.31666666666666665
jdbcPreparedStatement:0.27666666666666667
Parser:0.23
Function:0.21666666666666667
CompiledStatementExecutor:0.056666666666666664
