Session:0.47333333333333333
Statement:0.4216666666666667
SimpleLog:0.3782301587301587
Cache:0.2727777777777778
Logger:0.2633333333333333
StatementDMQL:0.24666666666666667
StatementSchema:0.23333333333333334
ClobType:0.22666666666666666
ParserDDL:0.22666666666666666
TransactionManagerCommon:0.1780952380952381
