TK:0.7766666666666666
FS:0.57
MetaInfo:0.39
Console:0.23333333333333334
ScriptYourself:0.23333333333333334
DeskletLoader:0.21333333333333335
StatsDialog:0.20666666666666667
Wizard:0.17333333333333334
