Token:0.37333333333333335
ErrorCode:0.33322222222222225
ParserDQL:0.29333333333333333
StatementDMQL:0.27666666666666667
Cache:0.2633333333333333
ParserDDL:0.24333333333333335
TableWorks:0.2111111111111111
DatabaseInformationFull:0.21
ParserDML:0.16333333333333333
