Map:0.7366666666666667
TilePanel:0.4266666666666667
ColonyPanel:0.25333333333333335
ServerGame:0.22
