Query:0.4766666666666667
Button:0.45
PopupAction:0.35444444444444445
DocumentListButton:0.24
SearchBar:0.2025
CustomMouseGestures:0.13333333333333333
