NotepadEditor:0.31833333333333336
NotepadEditorDesigner:0.31333333333333335
NoImageFactory:0.26
HTMLViewFactory:0.24333333333333335
HTMLPreviewAction:0.22444444444444447
BlockImageFactory:0.17
