Colony:0.73
InGameController:0.35333333333333333
InGameInputHandler:0.2966666666666667
OutsideColonyPanel:0.29
ColonyPanel:0.23666666666666666
DefaultTransferHandler:0.21333333333333335
