OS:0.8833333333333333
PluginCache:0.2833333333333333
MAbout:0.27
