MMessage:0.7066666666666667
OS:0.5866666666666667
ScriptYourself:0.3025
ActionProperties:0.21666666666666667
ScriptError:0.20333333333333337
MMainWindow:0.13333333333333333
