DiplomacyMessage:0.45
ColonyTradeItem:0.36
InGameInputHandler:0.31333333333333335
NegotiationDialog:0.2966666666666667
