ImageEditor:0.8133333333333334
PopupAdapter:0.2966666666666667
