AuthFunctionUtils:0.5333333333333333
AuthUtils:0.5233333333333333
AuthFunctionTest:0.4
AuthBeanMultiplexerTest:0.17666666666666667
