QueryEditor:0.064703785
Query:0.040029723
SortMethod:0.0030049782
