RE:0.2730869
RETokenRepeated:0.1893667
REMatchEnumeration:0.15641253
REFilterReader:0.1505016
REFilterInputStream:0.14540187
RETokenOneOf:0.13900203
RETokenStart:0.13270475
RESearchMatcher:0.13223337
RETokenBackRef:0.121598
RETokenEndSub:0.112558134
RETokenEnd:0.1106052
RETokenWordBoundary:0.100022234
REToken:0.09967004
RETokenAny:0.09297544
RETokenChar:0.086093165
RETokenRange:0.07650187
RETokenPOSIX:0.07554989
RETokenLookAhead:0.07293929
CharIndexed:0.068678424
TokenMarker:0.06654178
