ActionManager:0.3584545
MapboardAction:0.24912237
