ActionManager:0.34096915
MapboardAction:0.22881877
