ActionManager:0.34053403
MapboardAction:0.2283148
