ColonyPanel:0.20441884
DefaultTransferHandler:0.1207683
DragListener:0.10475779
EuropePanel:0.096893914
ColopediaPanel:0.08409548
CargoPanel:0.064833306
ReportColonyPanel:0.06422227
ProductionLabel:0.05372373
ReportUnitPanel:0.052054714
ReportProductionPanel:0.050441884
FreeColDialog:0.042761583
