FS:0.6166666666666667
OS:0.30333333333333334
Desktop:0.2966666666666667
Mnemonic:0.24666666666666667
MDate:0.22583333333333333
ScriptError:0.2116666666666667
Query:0.21000000000000002
ConfigFile:0.19333333333333333
TagsMenu:0.17
