ScriptsMonitor:0.049793817
ScriptItem:0.043206155
ScriptLogger:0.0063735424
