TestException:0.037919357
AbstractEnumTest:0.014525256
