ICalendar:0.23482636
CalendarEntry:0.027500289
