MainWindow:0.5066666666666667
PropertiesBar:0.45666666666666667
FindNextAction:0.2644444444444445
PropertiesPanel:0.20666666666666667
EditorQuickFind:0.185
FindAction:0.13666666666666666
Presentation:0.10666666666666667
ShowHidePropertiesBarAction:0.03
