ColonyPanel:0.4533333333333333
Canvas:0.4266666666666667
BuildingsPanel:0.35444444444444445
InGameController:0.3333333333333333
WarehousePanel:0.31833333333333336
FreeColDialog:0.31
UnitLabel:0.25
InGameInputHandler:0.2
BuildingBox:0.18333333333333332
FreeColPanel:0.17333333333333334
DragListener:0.15055555555555555
