Armor:0.7366666666666667
Vars:0.6994007936507937
