Colony:0.5953333333333333
ServerBuilding:0.37
BuildQueue:0.3333333333333333
ServerBuildingTest:0.2833333333333333
ServerColony:0.20666666666666667
ServerColonyTest:0.17333333333333334
