MapGeneratorOptions:0.36666666666666664
OptionGroupUI:0.26
OptionMap:0.23666666666666666
ClientOptions:0.23
GameOptions:0.19666666666666666
OptionMapUI:0.13666666666666666
