BrushTool:0.49
ImageEditor:0.4633333333333333
ImageEditorCore:0.39
SelectionTool:0.29
AbstractTool:0.26666666666666666
