InGameInputHandler:0.55
ModelController:0.5432777777777777
ServerModelController:0.25666666666666665
InGameController:0.195
ReceivingThread:0.1927777777777778
ClientModelController:0.18
