AbstractFS:0.5833333333333334
PluginInfo:0.5233333333333333
MainWindow:0.38333333333333336
InternetSearchAction:0.26666666666666666
NewWidgetAction:0.13666666666666666
NewFileAction:0.12666666666666668
CustomSearch:0.11666666666666667
