Widget:0.7033333333333334
NoteWidget:0.37
WidgetInternalFrame:0.21
CalendarWidget:0.17333333333333334
