PriorityRenderer:0.20357998
TaskTable:0.033373866
Priority:0.031226233
