Util:0.5233333333333333
MainWindowMenuHandler:0.44333333333333336
Preferences:0.3566666666666667
Aligner:0.32
MainWindowMenu:0.2733333333333333
EditingPanel:0.19
AlignPanelController:0.16
AlignFilePickerController:0.15666666666666668
PatternPanelController:0.11166666666666666
SplittingPanelController:0.05333333333333334
EditingPanelController:0.05
AlignPanel:0.05
AlignFilePicker:0.05
AlignMenuFrame:0.03666666666666667
