MainWindow:0.42111111111111116
TodoEditorCore:0.37
CalendarWidget:0.2866666666666667
Reminder:0.26
CalendarComponent:0.2511111111111111
