EditorController:0.4722222222222222
StringUtil:0.44
StringUtilTest:0.19666666666666666
