ColonialAIPlayer:0.60959226
REFAIPlayer:0.24233186
AIPlayer:0.21833171
AIColony:0.17310916
NewAIPlayer:0.1390471
AIUnit:0.1364837
AIGoods:0.07874894
AIMessage:0.06987813
GoodsWish:0.046103686
Transportable:0.04365753
TileImprovementPlan:0.030300017
Wish:0.02660267
AIInGameInputHandler:0.01602492
AIObject:0.0072926185
ValuedAIObject:0.0017979608
