AIGoods:0.2743087
Wish:0.20994925
AIColony:0.2052099
AIObject:0.15905732
AIMain:0.13496824
ValuedAIObject:0.116697505
EuropeanAIPlayer:0.114925675
Transportable:0.03365688
