WorkLocationPlan:0.32547584
AIUnit:0.28560808
AIColony:0.2769523
AIPlayer:0.2502342
StandardAIPlayer:0.22877426
ColonialAIPlayer:0.21735649
AIObject:0.1874918
AIMain:0.1859365
ValuedAIObject:0.12977463
EuropeanAIPlayer:0.10621688
