StandardAIPlayer:0.19574976
ColonialAIPlayer:0.19297558
AIUnit:0.1815535
Wish:0.18054493
AIColony:0.16013025
REFAIPlayer:0.15625313
AIObject:0.14494151
AIMain:0.13554363
ValuedAIObject:0.10108373
Transportable:0.030153729
