AIColony:0.36535147
ColonyPlan:0.33586362
TileImprovementPlan:0.15784341
AIObject:0.056656647
AIMain:0.051931284
ValuedAIObject:0.027926207
