ResourceMapping:0.1419119
ImageResource:0.10121658
SZAResource:0.082468644
FontResource:0.07448953
FAFileResource:0.058109187
ColorResource:0.04888634
VideoResource:0.0472103
ChipResource:0.045665763
AudioResource:0.038834758
Resource:0.03149982
