RowAVL:0.3566666666666667
SessionData:0.32666666666666666
CountdownInputStream:0.30744444444444446
TransactionManager:0.29333333333333333
RowStoreAVL:0.2833333333333333
TestLobs:0.21666666666666667
