LinkUtil:0.6533333333333333
AnsiDataHandler:0.37666666666666665
LinkUtilTest:0.17666666666666667
