Session:0.5566666666666666
Tokens:0.5266666666666666
StatementDML:0.2644444444444445
RangeVariableResolver:0.2544444444444445
ParserCommand:0.22444444444444447
StatementCompound:0.21777777777777782
StatementSession:0.21666666666666667
StatementTypes:0.21
Logger:0.1975
DatabaseInformationFull:0.19666666666666666
