ViewLabel:0.9966666666666667
ViewParagraph:0.17333333333333334
