WorkThreadPool:0.34045452
WorkRequest:0.2620193
IOProgressMonitor:0.09769868
BufferIORequest:0.061338704
HyperSearchRequest:0.046207443
BrowserIORequest:0.043558348
Log:0.033787645
