jEdit:0.6733333333333333
MouseHandler:0.38333333333333336
OperatingSystem:0.3233333333333333
HistoryModel:0.3233333333333333
UndoManager:0.25
Registers:0.2
KillRing:0.19666666666666666
SearchDialog:0.19666666666666666
DisplayManager:0.18333333333333332
KeyHandler:0.14833333333333334
HyperSearchRequest:0.14
PasteFromListDialog:0.13666666666666666
HyperSearchResults:0.12666666666666668
ResultCellRenderer:0.12
HyperSearchResult:0.11333333333333333
KeyEventTranslator:0.105
GoToNodeAction:0.09
HyperSearchFileNode:0.04666666666666667
HyperSearchNode:0.03666666666666667
MutableListModel:0.006666666666666667
