MDate:0.36943
MCalendar:0.07145839
TK:0.036306787
MLogger:0.015385919
Uninstantiable:8.631974E-6
