MainWindow:0.07282425
Tabs:0.031078147
Boot:0.018094674
Vars:0.01439779
