MDialog:0.14614828
MWizardDialog:0.10477578
UI:0.07439765
MPanel:0.067401096
MColorChooser:0.032573298
TK:0.029735772
MArrayList:0.027030753
Flags:0.0155693
