MSmallButton:0.03478803
AbstractIndicator:0.0320975
MButton:0.029199766
MRatingBeanInfo:0.0241036
MIcon:0.02196781
UI:0.017310465
TK:0.014427849
MMouseAdapter:0.013247803
MPanel:0.012945656
Property:0.009707467
WTFError:0.005066497
ContainerIterator:0.0042018853
