MDialog:0.13554972
MTabbedPane:0.11586865
MPanel:0.0905249
MButtonPanel:0.08508666
MLabel:0.05556245
MButton:0.028946714
CoolHeader:0.027064404
UI:0.021955062
TK:0.017946834
MHighlighter:0.017110864
MIcon:0.013955348
