Player:0.56
Server:0.3433333333333333
ServerMap:0.2633333333333333
DefaultInGameNetworkListener:0.23666666666666666
ClientGame:0.22
MapGenerator:0.2
