MDialog:0.6966666666666667
MMessage:0.38666666666666666
MainPanel:0.23666666666666672
AddFeedDialog:0.21
InternetSearchPanel:0.20333333333333334
NewFolderDialog:0.16
NewFileDialog:0.15666666666666668
ActionProperties:0.13666666666666666
CategoryPropertiesPanel:0.12333333333333334
