AIPlayer:0.20513614
AIUnit:0.17040542
AIColony:0.16188928
AIGoods:0.08599981
WorkerWish:0.060253695
GoodsWish:0.052341934
AIMain:0.048633475
TileImprovementPlan:0.045956146
Transportable:0.03817418
AIInGameInputHandler:0.037913557
Wish:0.0279117
AIObject:0.0161457
ValuedAIObject:0.0056541795
