ImageEditorCore:0.535
IconLoader:0.3487380952380953
LookAndFeelSettings:0.2833333333333333
Plugin:0.18666666666666668
DefaultIconLoader:0.18333333333333332
TangoIconLoader:0.13
LookAndFeelPlugin:0.09
