ReportPanel:0.13636975
FreeColPanel:0.0602875
FreeColProgressBar:0.04339412
