Unit:0.7433333333333333
IndianSettlement:0.56
SimpleCombatModel:0.2783333333333333
BuildableType:0.26
CombatTest:0.24
AIPlayer:0.22666666666666666
ScoutingMission:0.19142857142857145
MovementTest:0.17
InGameController:0.16333333333333333
DemotionTest:0.14333333333333334
IndianSettlementTest:0.06333333333333334
UnitTest:0.056666666666666664
