HsqlNameManager:0.43147984
SchemaManager:0.23183678
StatementSchema:0.16866072
SchemaObject:0.16823722
SchemaObjectSet:0.15954667
ParserDDL:0.12895261
Database:0.11365061
Table:0.10291543
Routine:0.10259203
ParserRoutine:0.07778289
StatementCommand:0.069642745
ParserDQL:0.06042298
StatementDMQL:0.049141105
TransactionManagerCommon:0.046963613
QuerySpecification:0.032414667
StatementSet:0.031404205
StatementDML:0.027520297
TransactionManagerMVCC:0.0055822646
