TriggerDefSQL:0.22802557
Table:0.13167821
View:0.11769965
ParserDDL:0.105223805
Routine:0.09604473
StatementSet:0.07156687
SchemaManager:0.07112876
HsqlNameManager:0.05849695
RangeVariable:0.057018712
ParserRoutine:0.056728605
ExpressionLogical:0.056443762
Expression:0.052264024
StatementDML:0.051957626
Trigger:0.049959064
StatementSchema:0.04060859
Session:0.036915675
SchemaObject:0.031997878
StatementTypes:0.013575835
Tokens:0.0
