MText:0.58
MUndoManager:0.34
NotepadEditor:0.30216666666666664
TextEditor:0.255
Listener:0.1811111111111111
