MText:0.08006632
MFontComboBox:0.04882202
SimpleListCellRenderer:0.043344475
AbstractIterator:0.042709008
Sortable:0.028344505
MAction:0.02206563
UI:0.017531164
Size:0.006274624
