ImageLibrary:0.5633333333333334
GUI:0.54
MiniMap:0.2833333333333333
MapControls:0.22666666666666666
MapControlsAction:0.15111111111111108
