ProxyInfo:0.2649539
ProxyManager:0.12807709
ProxyPanel:0.08659963
