PluginJAR:0.56
HistoryTextField:0.38333333333333336
EntryCompare:0.38
PluginTableModel:0.25666666666666665
HeaderMouseHandler:0.18
