Unit:0.61
Player:0.54
IndianSettlement:0.4066666666666667
Game:0.31
MapGenerator:0.29
Connection:0.2633333333333333
GUI:0.21666666666666667
ImageLibrary:0.18666666666666668
InGameInputHandler:0.17
Server:0.13
PreGameController:0.11333333333333333
ServerPlayer:0.08777777777777779
ServerUnit:0.04
DummyConnection:0.03
AIInGameInputHandler:0.016666666666666666
