ReportTradePanel:0.4766666666666667
ReportCargoPanel:0.42333333333333334
ReportCargoAction:0.26
ReportTradeAction:0.26
