IndexAVL:0.6066666666666667
RowSetNavigatorDataTable:0.36666666666666664
RangeIteratorMain:0.31166666666666665
