Mods:0.12648006
FreeColTcFile:0.11027896
FreeColDataFile:0.09133541
