ActionManager:0.34143075
FreeColAction:0.11737005
