ChartPainter:0.6466666666666666
ChartView:0.39
FeedViewer:0.31666666666666665
ChartDialog:0.23666666666666666
StatsDialog:0.16
ConsolePlugin:0.1
