WikiGet:0.76
GoogleTranslate:0.29333333333333333
Google2Translate:0.23666666666666666
ApertiumTranslate:0.22333333333333333
