MiscUtilities:0.8066666666666666
BufferIORequest:0.2833333333333333
GeneralOptionPane:0.16
