MonarchPanel:0.20478725
ConfirmDeclarationDialog:0.15859368
SelectAmountDialog:0.13670449
MapGeneratorOptionsDialog:0.13513188
GameOptionsDialog:0.13438207
RecruitDialog:0.12720993
EmigrationPanel:0.12683809
InformationDialog:0.120230995
ClientOptionsDialog:0.1061571
PreCombatDialog:0.106066555
EventPanel:0.10166504
WarehouseDialog:0.09853915
LoadingSavegameDialog:0.09763579
TradeRouteInputDialog:0.095806755
TrainDialog:0.089297034
RiverStylePanel:0.08608918
SelectDestinationDialog:0.0841792
ErrorPanel:0.08331829
FindSettlementDialog:0.07318461
FreeColPanel:0.07189074
EditSettlementDialog:0.071029134
DeclarationDialog:0.06675521
ChoiceItem:0.040867917
