NewPanel:0.10134994
FreeColPanel:0.09746937
