Animations:0.5997222222222222
InGameController:0.42333333333333334
UnitMoveAnimationCanvasSwingTask:0.21333333333333335
