InGameController:0.45666666666666667
InGameInputHandler:0.39
BuyLandMessage:0.365
StealLandMessage:0.34833333333333333
RenameMessage:0.29333333333333333
SetDestinationMessage:0.255
BuildColonyMessage:0.25333333333333335
