InGameController:0.5166666666666667
GUI:0.37666666666666665
ConnectController:0.29333333333333333
InputHandler:0.19444444444444445
ShowMainAction:0.18333333333333332
