WebBrowser:0.8021428571428572
MWebBrowser:0.42
ChartDialog:0.29333333333333333
