FreeColPanel:0.5177777777777778
NegotiationDialog:0.32666666666666666
ColonyTradeItemPanel:0.27
DebugMenu:0.21333333333333335
