InGameController:0.82
InGameInputHandler:0.5933333333333334
DisembarkMessage:0.27777777777777773
CashInTreasureTrainMessage:0.24277777777777781
BuildColonyMessage:0.20166666666666666
ClaimLandMessage:0.17833333333333334
