Session:0.4766666666666667
HsqlDatabaseProperties:0.4422222222222223
DatabaseInformationFull:0.2833333333333333
RowOutputBinary:0.2733333333333333
DatabaseInformationMain:0.19
JDBCResultSetMetaData:0.18666666666666668
JDBCParameterMetaData:0.17666666666666667
