MButton:0.5433333333333333
MToolBar:0.32
MDialog:0.28
MRating:0.2733333333333333
MTip:0.25
ActionGroup:0.23666666666666666
