ImageEditorCore:0.37666666666666665
TodoEditor:0.35
TaskTable:0.3333333333333333
Redo:0.33
RedoAction:0.16284523809523813
UndoAction:0.16284523809523813
Undoable:0.13666666666666666
