InGameController:0.7
UnloadCargoMessage:0.225
SellGoodsMessage:0.21166666666666667
BuyGoodsMessage:0.21166666666666667
DragListener:0.15333333333333332
