Unit:0.48333333333333334
TileImprovementType:0.41333333333333333
TileImprovement:0.3933333333333333
TileItemContainer:0.26666666666666666
