QueryHandler:0.44484523809523807
PersistencyHandler:0.43666666666666665
DatabaseHandler:0.39666666666666667
FileHandler:0.30666666666666664
DefaultQueryHandler:0.25
JAMWikiServlet:0.23
EditServlet:0.21666666666666667
