OS:0.3566666666666667
TaskList:0.31333333333333335
LogFile:0.26666666666666666
TodoEditorCore:0.25083333333333335
Links:0.24416666666666667
ColumnManager:0.22
AbstractMarkupBuilder:0.20333333333333334
CryptoUtils:0.16333333333333333
StatsPanel:0.16333333333333333
TodoEditorPlugin:0.11
TypeSelection:0.09
