Tabs:0.62
AdvancedProperties:0.38916666666666666
FeedsFS:0.27666666666666667
Browser:0.17111111111111113
