Buffer:0.44333333333333336
JEditTextArea:0.38
FoldVisibilityManager:0.3333333333333333
OffsetManager:0.24333333333333335
MiscUtilities:0.24066666666666667
FileVFS:0.23666666666666666
ChunkCache:0.21
