TextEditorKit:0.046817582
TextEditorCore:0.03732129
TextEditor:0.022847777
