Console:0.5066666666666667
ConsoleIO:0.48333333333333334
ScriptCommand:0.33666666666666667
HistoryCommand:0.23333333333333334
