Buffer:0.5433333333333333
JEditTextArea:0.5355555555555556
MiscUtilities:0.37666666666666665
TextPanel:0.16333333333333333
SwingInstall:0.16
BufferUpdate:0.14872222222222226
