Editor:0.71
FSHelper:0.42
AdvancedProperties:0.33666666666666667
AbstractFS:0.3233333333333333
ImportExport:0.22333333333333333
PropertiesPanel:0.22111111111111115
