SettingsXML:0.57
BufferHistory:0.30666666666666664
PerspectiveManager:0.19666666666666666
JEditRegisterSaver:0.18666666666666668
JEditKillRing:0.18
