Preferences:0.6266666666666667
RecentProjects:0.3933333333333333
MainWindowMenu:0.29
IMainMenu:0.2678730158730158
ProjectUICommands:0.21916666666666668
TestCore:0.13333333333333333
