Canvas:0.5633333333333334
HighScore:0.49666666666666665
InGameController:0.33666666666666667
FreeColClient:0.32666666666666666
ServerAPI:0.29
WindowedFrameListener:0.2
QuitAction:0.11
ReportHighScoresAction:0.11
VictoryPanel:0.08
ReportHighScoresPanel:0.07666666666666666
