MTextPreviewPanel:0.48
MFontChooser:0.33666666666666667
AbstractSpinner:0.27
TestMCalendar:0.23333333333333334
TextUtils:0.21666666666666667
NonePreview:0.1653174603174603
MLinkAction:0.16333333333333333
RandomPasswordGeneratorDialog:0.15
SyntaxButton:0.013333333333333334
