Colony:0.21998155
Unit:0.17398041
Europe:0.14545569
ColonyTile:0.14539146
Building:0.13433932
Tile:0.13364573
Goods:0.12845127
Location:0.11432196
Game:0.09453847
Player:0.09031098
FreeColGameObject:0.08952393
Settlement:0.08911551
