Preferences:0.6014444444444444
EditorSettings:0.43
MainWindowMenuHandler:0.36333333333333334
MainWindowMenu:0.29333333333333333
SegmentBuilder:0.23666666666666666
