IconTheme:0.69
QuickOpen:0.5955555555555556
QuickOpenAction:0.22222222222222218
OpenAction:0.15666666666666668
