Preferences:0.8083253968253968
SearchWindow:0.4666666666666667
SearchThread:0.39666666666666667
