FreeColGameObject:0.23214875
UnitContainer:0.16726892
ModelMessage:0.16445994
Player:0.1639058
Market:0.16355126
ModelController:0.15687388
GoodsContainer:0.15458281
Tile:0.13836886
Europe:0.13685355
Map:0.13012858
ColonyTile:0.12565833
Colony:0.117221564
Building:0.10461734
FreeColGameObjectListener:0.09554239
IndianSettlement:0.08902042
Unit:0.087127015
Settlement:0.086262025
Goods:0.07208027
GameOptions:0.06872778
Turn:0.007928437
