PreGameInputHandler:0.30828574
InGameInputHandler:0.18773368
Controller:0.16508974
