jEdit:0.67
TextUtilities:0.52
JEditTextArea:0.48333333333333334
BufferIORequest:0.19333333333333333
