ImageEditorCore:0.10940161
ImageEditorDesigner:0.071265705
FilterDialog:0.034290437
ResizeDialog:0.0286257
ImageInfo:0.027768854
ImageEditorPlugin:0.01712169
ImagePreloader:0.0019497924
