MMouseAdapter:0.5116666666666667
MList:0.36666666666666664
MNotification:0.34
ColorComponent:0.20444444444444446
ListActionsLayerUI:0.18333333333333332
StaticHighlighterHandler:0.16333333333333333
