OS:0.56
MMainWindow:0.5066666666666667
MURLButton:0.27666666666666667
