Database:0.67
View:0.35
TestSql:0.3433333333333333
TestSqlPersistent:0.17444444444444446
