TaskTable:0.4166666666666667
TodoEditor:0.39666666666666667
HTMLBuilder:0.29
TableColumn:0.23333333333333334
SummaryRenderer:0.16333333333333333
ToggleMarkdownAction:0.09666666666666666
