MetaInfo:0.6633333333333333
Net:0.5666666666666667
Feed:0.2677777777777778
DeletePrivateDataPlugin:0.23333333333333334
MLoginPanel:0.19666666666666666
LinkEditorPlugin:0.15666666666666668
BackupPlugin:0.12
