Canvas:0.5333333333333333
InGameController:0.42333333333333334
ColonyPanel:0.2961111111111111
InGameInputHandler:0.22333333333333333
DebugMenu:0.14333333333333334
ToAmericaPanel:0.13666666666666666
SaveAndQuitAction:0.13333333333333333
UnloadAction:0.12333333333333334
ShowConfirmDialogSwingTask:0.12333333333333334
EditSettlementDialog:0.11
