EntryListPane:0.5166666666666667
SearchWindowController:0.38
SearchWindowForm:0.3233333333333333
DisplayMatches:0.2611111111111111
