OptionGroupUI:0.2769456
OptionMapUI:0.20835397
OptionUpdater:0.084985256
