LostCityRumour:0.4266666666666667
InGameInputHandler:0.3933333333333333
