AbstractApplication:0.20185098
Application:0.10306824
View:0.064775094
ApplicationModel:0.052924518
