TMXEntry:0.6133333333333333
ProjectTMX:0.47333333333333333
MergeTest:0.04
