GUIUtilities:0.6366666666666667
TextAreaPainter:0.3466666666666667
BufferPrintable:0.31666666666666665
PrintOptionPane:0.30333333333333334
BufferPrinter:0.2611111111111111
