SetupServlet:0.47333333333333333
AdminServlet:0.465
DatabaseUserHandler:0.31166666666666665
