MDialog:0.7766666666666666
VersionDialog:0.43333333333333335
