GUIUtilities:0.9066666666666666
SearchDialog:0.39
ErrorListDialog:0.31333333333333335
