Session:0.6033333333333334
Database:0.44333333333333336
SessionManager:0.30666666666666664
CheckpointRunner:0.22
