Table:0.44
Tokenizer:0.35
Server:0.3433333333333333
Parser:0.33666666666666667
WebServer:0.21
Servlet:0.19333333333333336
HsqlServerFactory:0.14666666666666667
