ImageEditorCore:0.41333333333333333
ImageEditor:0.39
ImagePreloader:0.36666666666666664
Data:0.2966666666666667
