MList:0.102354996
MFontComboBox:0.06770367
MFontButton:0.063691854
MPanel:0.054593455
UI:0.02585816
MDialog:0.020464502
MTextFieldPanel:0.016469348
SimpleListCellRenderer:0.012130089
MTextField:0.007627121
TK:0.0052424143
Size:0.0027779797
MSearchPanel:0.0016856071
