ImageLibrary:0.6366666666666667
TileImprovementType:0.5625
FreeColTcFile:0.2833333333333333
