ColumnManager:0.120105684
MCheckBoxTable:0.058146253
MCellTip:0.057216704
AbstractListTableModel:0.05530884
MTableHeader:0.041176546
TK:0.03724871
MMenu:0.03616777
MRenderer:0.033344053
MScrollPane:0.032355342
UI:0.029160881
MMessage:0.026184695
AbstractIterator:0.018745221
MActionInfo:0.01712042
Config:0.016854312
MIcon:0.01577749
MLogger:0.013556267
MMouseAdapter:0.011121282
EnumProperty:0.0056680283
MV:0.0029172343
WTFError:0.0024694705
