Unit:0.6666666666666666
AbstractUnit:0.43333333333333335
SchoolTest:0.38666666666666666
Mission:0.37666666666666665
Monarch:0.36666666666666664
AIPlayer:0.23
TransportMission:0.21333333333333335
InGameInputHandler:0.2
AIColony:0.2
InGameController:0.17
SpecificationTest:0.13666666666666666
ReportUnitPanel:0.135
BuildingTest:0.10666666666666667
AllTests:0.06666666666666667
MonarchTest:0.03
