Specification:0.49666666666666665
AbstractUnitOption:0.41
OptionGroup:0.24433333333333332
AbstractUnitOptionUI:0.22111111111111115
UnitListOption:0.19733333333333333
OptionUI:0.194
UnitListOptionUI:0.18
StringOptionUI:0.11333333333333333
