Unit:0.6033333333333334
Colony:0.4766666666666667
Building:0.38666666666666666
ColonyTile:0.37
SchoolTest:0.27666666666666667
ServerBuilding:0.17333333333333334
ServerBuildingTest:0.14
