MWebBrowserPanel:0.16980553
HTMLViewFactory:0.073140614
Args:0.035523552
MAboutDialog:0.018510958
MTextPane:0.01496013
MText:0.011127075
TK:0.009137877
HTMLBuilder:0.0043447004
AbstractMarkupBuilder:0.0010689133
