Expression:0.5033333333333333
TableFilter:0.26777777777777784
DataFileCache:0.25333333333333335
DataFileDefrag:0.24
TransactionManager:0.24
RowInputTextQuoted:0.2288888888888889
TextCache:0.2277777777777778
SetFunction:0.2
Log:0.17333333333333334
Select:0.16666666666666666
