FS:0.7
FileScanner:0.3466666666666667
Tree:0.33666666666666667
TrashFS:0.23833333333333334
