FreeColModFile:0.17378631
FreeColTcFile:0.1426787
