PluginInfo:0.0632897
PluginList:0.040195286
PluginComboBox:0.01818524
