MTip:0.3433333333333333
Tips:0.33546031746031746
MToolBar:0.2833333333333333
Database:0.28
Renderer:0.13
TipInfo:0.023333333333333334
