TmxComplianceTests:0.5066666666666667
TmxSegmentationTest:0.4266666666666667
TmxComplianceBase:0.34
