StaticUtils:0.49666666666666665
Platform:0.455
MainWindowMenu:0.31
Main:0.30333333333333334
EditorTextArea3:0.18916666666666668
MainWindowMenuShortcuts:0.17333333333333334
