EuropeanAIPlayer:0.42447886
NativeAIPlayer:0.33212936
AIUnit:0.27711856
REFAIPlayer:0.21958116
AIColony:0.20789197
AIMain:0.19009766
AIMessage:0.1855379
AIInGameInputHandler:0.1463601
AIObject:0.059601117
