OpenXMLFilter:0.03586784
EditOpenXMLOptionsDialog:0.020109538
OpenXMLDialect:0.018917812
