View:0.5933333333333334
JEditTextArea:0.5355555555555556
jEdit:0.5033333333333333
InputHandler:0.4666666666666667
KeyHandler:0.2833333333333333
ViewConfig:0.22444444444444447
ActionBar:0.22111111111111115
ActionTextField:0.16333333333333333
WindowHandler:0.16333333333333333
CompleteWord:0.12333333333333334
CompletionPopup:0.12
MyFocusManager:0.11333333333333333
