Style:0.6333333333333333
Summary:0.37666666666666665
TaskSummary:0.35333333333333333
MSmallButton:0.24333333333333335
