BooleanProperty:0.1024178
Config:0.045958284
MText:0.0054929163
MURLButton:0.0036845694
MApplication:0.0035580576
MMainWindow:0.0015925857
