MAbout:0.076623775
MDialog:0.06371651
MURLAction:0.061798304
MTip:0.047067873
MAction:0.042142276
MMainWindow:0.041701686
MTextPane:0.037824873
MMenu:0.03748819
MMessage:0.037464082
MButton:0.03606474
UI:0.032172825
TK:0.025449254
MMouseAdapter:0.020192679
MColor:0.01961578
Net:0.017856652
ColorProperty:0.009428982
Kiosk:0.005320048
Property:0.0050546853
BooleanProperty:0.004596333
