XThis:0.4085127
NameSpace:0.34145594
Name:0.22761378
Interpreter:0.21016303
JThis:0.18426433
Reflect:0.14929762
CallStack:0.12270334
BSHAllocationExpression:0.10530324
SimpleNode:0.10470094
BSHCastExpression:0.08952063
Capabilities:0.03440354
EvalError:0.029884059
InterpreterError:0.010560141
