BrowserView:0.1853103
HelpViewer:0.049113136
VFS:0.04408167
GUIUtilities:0.040317535
VFSBrowser:0.034122128
jEdit:0.017037075
RecentFilesMenu:0.0047209635
RecentDirectoriesMenu:0.004373418
CurrentDirectoryMenu:0.004327989
