Environment:0.8133333333333334
JAMWikiPostAuthenticationFilter:0.4155555555555555
