ClientOptions:0.6133333333333333
FreeColClient:0.38
SoundTest:0.23666666666666666
