JEditTextArea:0.43
InputHandler:0.30333333333333334
DefaultInputHandler:0.2833333333333333
BufferChangeHandler:0.2138888888888889
FirstLine:0.2138888888888889
