FileAccess:0.10921681
SimpleLog:0.026053349
StringUtil:0.013849218
HsqlArrayList:0.006879186
