HsqlDatabaseProperties:0.17117481
Logger:0.07111988
TextFileSettings:0.049891975
Log:0.045874864
