PersistentStore:0.55816567
RowStoreAVL:0.44087738
CachedObject:0.11212834
DataFileCache:0.10670925
Logger:0.058874663
PersistentStoreCollection:0.021163888
