RowStoreAVL:0.48859078
PersistentStore:0.44507238
CachedObject:0.16920857
DataFileCache:0.15324517
DataFileDefrag:0.1096456
Logger:0.052860357
TableSpaceManager:0.0380153
DataSpaceManager:0.025691763
PersistentStoreCollection:0.016596558
