MainWindow:0.4033333333333333
TodoEditor:0.30666666666666664
AutoCompletion:0.23333333333333334
TreePanel:0.22333333333333333
NoteWidget:0.21333333333333335
CompletionWindow:0.20666666666666667
SearchBar:0.19666666666666666
FeedDownloader:0.19666666666666666
MColorChooser:0.19333333333333333
LinkButton:0.18333333333333332
SummaryRenderer:0.08333333333333333
