SimpleMapGenerator:0.24872005
MapGeneratorOptions:0.06685343
