MURLButton:0.047978044
MSystemTray:0.04719652
MURLAction:0.041948173
MStatusBar:0.040908847
MFrame:0.040644515
MAbout:0.03995495
MApplication:0.032854285
MMessage:0.020912291
MouseGestures:0.020332767
TK:0.019995078
OS:0.018939191
MTextPane:0.013926173
MIcon:0.011751185
Net:0.010552992
MTip:0.009999162
MLogger:0.009902315
MAction:0.009198044
Property:0.005009843
Kiosk:0.0033977432
BooleanProperty:0.0019479905
