MDialog:0.17304893
MAbout:0.14749481
MPasswordField:0.06534712
MDownloadDialog:0.055380978
MPanel:0.054128543
MLabel:0.04987458
MLabeledTextField:0.048134364
MFileChooser:0.046572912
MMenu:0.044519186
UI:0.041956052
MAction:0.04041213
MButton:0.039673604
MText:0.038432326
MURLButton:0.038088985
MTip:0.030900579
MIcon:0.029201483
MTextFieldPanel:0.026698714
MMultiPanel:0.024588425
MLogger:0.02404132
MApplication:0.022002669
MTextArea:0.021817759
MList:0.019619996
TK:0.016035266
FS:0.0155109335
MMainWindow:0.014103313
Watermark:0.0117386505
OS:0.008840365
ContainerScanner:0.006065622
Property:0.004917248
MMouseAdapter:0.0047373385
BooleanProperty:0.0016139124
MDocumentAdapter:9.4086555E-4
