RandomAccessInterface:0.6645958
ScaledRAFile:0.43942547
