FreeColPanel:0.07836793
FreeColDialog:0.06663133
UnitLabel:0.025002457
