Environment:0.5566666666666666
WikiConfiguration:0.5233333333333333
AnsiDataHandler:0.31666666666666665
WikiDatabase:0.29
AnsiQueryHandler:0.2733333333333333
NamespaceHandler:0.20833333333333334
JAMWikiFilter:0.19
SetupServlet:0.15
AdminServlet:0.13
WikiVersion:0.13
JAMWikiLogoutFilter:0.11333333333333333
DatabaseUpgrades:0.10666666666666667
JAMWikiAuthenticationProcessingFilter:0.08666666666666667
PseudoTopicHandler:0.07666666666666666
