HsqlByteArrayOutputStream:0.12481171
HsqlByteArrayInputStream:0.11934651
