Column:0.1712655
Expression:0.06963608
Types:0.06005101
Trace:0.031277273
HsqlException:0.002225179
