InGameController:0.7966666666666666
InGameInputHandler:0.33
UnitButton:0.19333333333333336
FreeColMenuBar:0.17
CanvasKeyListener:0.14333333333333334
