SessionInterface:0.6366666666666667
Session:0.4533333333333333
JDBCDatabaseMetaData:0.37666666666666665
ClientConnection:0.2633333333333333
JDBCDatabaseMetaDataTest:0.26
FunctionCustom:0.24111111111111114
TransactionManager:0.22666666666666666
DatabaseInformationFull:0.22
JDBCConnection:0.21666666666666667
