Library:0.069938175
Session:0.025656747
Column:0.025238544
Trace:0.021878004
Tokenizer:0.020097388
HsqlException:0.005956714
