HsqlDateTime:0.18431382
Column:0.17029952
Function:0.13887788
Trace:0.12057551
DatabaseScript:0.0
Database:0.0
HsqlException:0.0
HsqlDatabaseProperties:0.0
