NIOScaledRAFile:0.17331266
DataFileCache:0.067465656
TextCache:0.04175253
Cache:0.040049095
