Expression:0.4166666666666667
ParserDQL:0.38333333333333336
Routine:0.36
RowType:0.31666666666666665
ParserRoutine:0.3
FunctionSQLInvoked:0.29
RowStoreAVLDisk:0.26
RowStoreAVLHybrid:0.26
RowStoreAVLMemory:0.26
ParserCommand:0.25666666666666665
QuerySpecification:0.23333333333333334
ExpressionTable:0.19666666666666666
Logger:0.18666666666666668
RowStoreAVLDiskData:0.17333333333333334
