PathNode:0.27234322
Unit:0.20731904
GoalDecider:0.19702832
DefaultCostDecider:0.1457152
CostDecider:0.13867483
Tile:0.12273896
Settlement:0.09862617
Player:0.0912096
IndianSettlement:0.08324431
Colony:0.08104433
Europe:0.07025064
Game:0.057308134
FreeColGameObject:0.0541902
