Europe:0.4018104
Tile:0.3475632
IndianSettlement:0.33649272
Unit:0.21830882
Player:0.20667139
FreeColGameObject:0.19446345
Game:0.18020296
Location:0.122207634
