Canvas:0.4033333333333333
FreeColServer:0.33666666666666667
ConnectController:0.29
FreeCol:0.23688888888888887
AdvantageCellRenderer:0.2
NewPanel:0.18333333333333332
UserConnectionHandler:0.18333333333333332
StartGamePanel:0.17666666666666667
MapEditorController:0.15666666666666668
PlayersTableModel:0.12666666666666668
