TaskList:0.12037926
TaskTable:0.09337127
Task:0.013857258
