jEdit:0.62
DockableWindowManager:0.3566666666666667
ParserRuleSet:0.34
EditPlugin:0.31777777777777777
VFS:0.2966666666666667
View:0.2966666666666667
VFSBrowser:0.21666666666666667
PluginJAR:0.21333333333333335
Rect:0.16333333333333333
