RowStoreAVL:0.36861727
RowStoreAVLHybridExtended:0.3586381
PersistentStore:0.34160203
CachedObject:0.10090556
DataFileCache:0.08157654
PersistentStoreCollectionSession:0.081291825
Logger:0.044232663
DataFileCacheSession:0.0312457
PersistentStoreCollection:0.010487411
