OpenProjectFileChooser:0.4266666666666667
ProjectProperties:0.4033333333333333
NewProjectDialog:0.3233333333333333
NewProjectFileChooser:0.10333333333333333
OmegaTFileChooser:0.056666666666666664
