Buffer:0.6133333333333333
WorkThread:0.5133333333333333
BufferSaveRequest:0.22
ThreadAbortMonitor:0.15694444444444444
