Buffer:0.47
JEditTextArea:0.45
UndoManager:0.30777777777777776
ActionBar:0.23
DisplayManager:0.22
CompoundEdit:0.21
View:0.20833333333333334
BufferChangeHandler:0.15666666666666668
