Handler:0.36333333333333334
TMXReader2:0.2966666666666667
XLIFFDialect:0.23333333333333334
XMLContentBasedTag:0.23
XMLDialect:0.19416666666666665
DefaultXMLDialect:0.17
InlineTagHandler:0.12
XLIFFFilterTest:0.1
