PrintDialog:0.3844444444444444
Browser:0.30333333333333334
XMLHelper:0.2966666666666667
ImageEditor:0.24833333333333332
TextEditor:0.24833333333333332
TodoEditor:0.24833333333333332
NotepadEditor:0.24833333333333332
EditorPrint:0.2327777777777778
FeedViewer:0.21
