Expression:0.5866666666666667
Column:0.45
jdbcPreparedStatement:0.41333333333333333
jdbcParameterMetaData:0.31277777777777777
TestBug785429:0.26666666666666666
CompiledStatement:0.206984126984127
