Building:0.7766666666666666
ServerBuilding:0.36
ServerColony:0.25666666666666665
