LookAndFeelSettings:0.49333333333333335
IconTheme:0.44666666666666666
LAFInfo:0.255
AbstractIconLoader:0.22666666666666666
