FreeColGameObject:0.301111
Ability:0.22608067
Europe:0.22462328
HistoryEvent:0.2230962
LostCityRumour:0.22229742
Resource:0.21490213
PlayerExploredTile:0.19587371
Region:0.18959382
ColonyTile:0.18711038
ColonyTradeItem:0.17779557
UnitTradeItem:0.17779246
TradeRoute:0.17771961
GoodsContainer:0.17739378
AbstractUnit:0.1765295
Game:0.16864477
Market:0.1629327
TileImprovement:0.16038829
AbstractGoods:0.15920553
FreeColGameObjectType:0.15515736
GoodsTradeItem:0.15153398
Goods:0.14633226
Modifier:0.14602602
Building:0.14483622
Feature:0.14015932
TradeItem:0.1391557
Tile:0.13772333
ExportData:0.13355266
NationOptions:0.13235053
IndianSettlement:0.13185689
Monarch:0.12927604
Scope:0.12894762
HighScore:0.12821159
TileItemContainer:0.12477546
MarketData:0.12453283
UnitTypeChange:0.12288267
ModelMessage:0.121960245
DiplomaticTrade:0.11611912
Map:0.113039866
Colony:0.10895023
TradeRouteStop:0.09899837
EuropeanNationType:0.09505914
TileItem:0.083009146
BuildableType:0.07995001
Unit:0.0752978
FoundingFather:0.074542515
Player:0.07265807
TileType:0.07120174
Nation:0.0688304
EquipmentType:0.068574175
Settlement:0.066055104
GoodsType:0.06515558
TileImprovementType:0.06184644
IndianNationType:0.06005949
ResourceType:0.055966012
UnitType:0.05471965
DifficultyLevel:0.054403152
BuildingType:0.039111055
PathNode:0.017846161
FeatureContainer:0.016557546
SimpleCombatModel:0.012854468
