Region:0.30835617
FreeColObject:0.28187835
Player:0.12892833
SimpleCombatModel:0.0718581
