PlayerExploredTile:0.5694284
TileItemContainer:0.34964076
FreeColObject:0.28821537
Tile:0.2700204
FreeColGameObject:0.20653583
Game:0.18641348
TileItem:0.14710069
Player:0.08659308
