OptionGroup:0.5433333333333333
OptionMap:0.34
OptionMapUI:0.3
SelectOptionUI:0.25777777777777783
ActionManager:0.21666666666666667
