DIProcedureInfo:0.67799467
Column:0.6256675
DITableInfo:0.39717698
Tokenizer:0.33322296
SetFunction:0.29912248
Expression:0.28002468
Function:0.27267677
Parser:0.26045066
DatabaseCommandInterpreter:0.25713012
DINameSpace:0.23722361
Table:0.23207766
Trace:0.21044073
Session:0.18378204
CompiledStatement:0.1565111
DatabaseScript:0.110548764
HSQLClientConnection:0.10646186
NumberSequence:0.087691225
HsqlException:0.04920366
DITypeInfo:0.0
DatabaseInformationFull:0.0
DatabaseInformationMain:0.0
