SourceTextEntry:0.6533333333333333
SegmentBuilder:0.3466666666666667
EditorController:0.30666666666666664
MainWindowMenuHandler:0.29333333333333333
Statistics:0.23111111111111116
MatchesTextArea:0.2066666666666667
SearchThread:0.14
