Tokens:0.604388888888889
ParserDQL:0.47333333333333333
JDBCPreparedStatement:0.42333333333333334
DateTimeType:0.21333333333333335
