Canvas:0.9566666666666667
ReportCargoAction:0.14333333333333334
AboutAction:0.14333333333333334
ReportColonyAction:0.14333333333333334
ReportContinentalCongressAction:0.14333333333333334
ReportEducationAction:0.14333333333333334
