DiskNode:0.51524514
PointerNode:0.3609153
BaseMemoryNode:0.3438309
CachedRow:0.2731545
Row:0.24980584
MemoryNode:0.2160858
CachedDataRow:0.21096373
Index:0.1354644
Table:0.12469677
TextTable:0.114839256
DataFileDefrag:0.096724756
Trace:0.081777334
Constraint:0.073558
TableFilter:0.06899023
HsqlException:0.029030753
