Args:0.4777777777777777
CryptoUtils:0.3433333333333333
ComponentTransition:0.2733333333333333
