Buffer:0.6633333333333333
JEditTextArea:0.44333333333333336
FoldVisibilityManager:0.31666666666666665
Rect:0.2816666666666667
Range:0.2816666666666667
HyperSearchResult:0.27166666666666667
OffsetManager:0.2425
BufferOptions:0.23333333333333334
MarkersMenuItem:0.21777777777777782
Recorder:0.18166666666666667
EditPane:0.17666666666666667
SelectLineRange:0.15333333333333332
MarkersMenu:0.15
HyperSearchRequest:0.11
MouseHandler:0.1
