MColorIcon:0.24381131
MColorButton:0.18016008
MSmallColorChooser:0.1778614
MColorPicker:0.13766825
MButton:0.083620235
MSmallButton:0.06460645
Size:0.02263953
