MLabeledTextField:0.35702723
MText:0.2680095
MTextFieldPanel:0.23546089
MTextLabel:0.112757094
MFontChooser:0.06658326
MDocumentAdapter:0.04459027
MAuthenticator:0.04086959
UI:0.019564189
Size:0.002332425
