ArrayUtil:0.36666666666666664
Row:0.33666666666666667
RowAVLDisk:0.29333333333333333
RowAVL:0.29333333333333333
IndexAVL:0.25
RowStoreAVLDisk:0.23666666666666666
RowSetNavigatorDataTable:0.22666666666666666
BaseHashIterator:0.20666666666666667
Cache:0.20277777777777778
RowAVLDiskData:0.2
