jEdit:0.6133333333333333
JEditTextArea:0.4866666666666667
ChunkCache:0.23666666666666666
WrapGuide:0.19666666666666666
HelpViewer:0.19333333333333333
BracketHighlight:0.18
AbstractOptionPane:0.17
SearchDialog:0.15
ModeOptionPane:0.13333333333333333
ActionHandler:0.13333333333333333
InstallPluginsDialog:0.12666666666666668
BufferOptions:0.12
EditingOptionPane:0.1
ModeProperties:0.09666666666666666
TOCHandler:0.09
TipOfTheDay:0.03666666666666667
