ChartModel:0.020673081
ChartUtils:0.014928635
ChartDialog:0.009916412
ChartView:0.0075985687
