Task:0.38666666666666666
MDialog:0.38333333333333336
MainWindow:0.3466666666666667
MDownloadDialog:0.26666666666666666
AbstractFS:0.25666666666666665
MTree:0.25666666666666665
SearchBar:0.24833333333333332
TreeFS:0.24833333333333332
ImportExport:0.20777777777777778
