Factory:0.1718873
FormPanel:0.049234208
