XHTMLOptions:0.5466666666666666
EditXOptionsDialog:0.4066666666666667
XHTMLDialect:0.25
XHTMLFilter:0.21333333333333335
EditOptionsDialog:0.19666666666666666
