JFlexTagItem:0.5933333333333334
JFlexParserUtil:0.5144444444444445
JFlexLexer:0.36333333333333334
