TaskTable:0.5166666666666667
TodoEditor:0.4483333333333333
AbstractListTableModel:0.42
