MRenderer:0.43
List:0.3680952380952381
PriorityRenderer:0.25333333333333335
Table:0.25142857142857145
ColorRenderer:0.21666666666666667
DateTimeRenderer:0.17
PriorityEditor:0.15666666666666668
