Token:0.5566666666666666
jdbcResultSet:0.32666666666666666
IntervalType:0.31
Parser:0.3
TestBug1191815:0.29333333333333333
DateTimeType:0.27
HsqlArrayList:0.2525
TestTextTables:0.24666666666666667
ClobType:0.16
BlobType:0.16
DateTimeIntervalType:0.15642857142857144
AllTests:0.043333333333333335
