StaticUtils:0.6466666666666666
OStrings:0.545611111111111
SearchWindow:0.28
Preferences:0.25692857142857145
SearchThread:0.19333333333333333
