FilterMaster:0.62
ParseEntry:0.42333333333333334
Handler:0.2966666666666667
FilterVisitor:0.23
TranslateEntry:0.19777777777777777
AlignFilesCallback:0.11333333333333333
