JEditTextArea:0.675
MouseHandler:0.44666666666666666
InstallPanel:0.25666666666666665
