OStrings:0.71
AboutDialog:0.33666666666666667
TMXWriter2:0.29
Main:0.2761111111111111
OmegaTFileHandler:0.23333333333333334
