Tabs:0.36333333333333334
MMessage:0.30333333333333334
MNotification:0.29
Widget:0.25
MText:0.24
Tree:0.23666666666666666
MTabbedPane:0.23333333333333334
MTree:0.23333333333333334
MMenu:0.22
ImageEditor:0.21666666666666667
TodoEditor:0.21
TodoEditorCore:0.19666666666666666
Desktop:0.18333333333333332
DesktopPanel:0.17666666666666667
PluginSettingsPage:0.1
