EquipmentType:0.2093677
GoodsType:0.16800867
Colony:0.15339822
UnitType:0.1526494
AbstractGoods:0.14984673
BuildingType:0.12372511
Limit:0.11321607
FreeColGameObjectType:0.10358626
IndianSettlement:0.092364915
Scope:0.0907126
Settlement:0.0904264
Europe:0.088386856
BuildQueue:0.08783255
Specification:0.084298894
FreeColObject:0.07781374
Player:0.07134548
Unit:0.049208693
