Unit:0.6233333333333333
MarketLabel:0.43333333333333335
GoodsLabel:0.31333333333333335
DefaultTransferHandler:0.25666666666666665
DragListener:0.15666666666666668
FreeColDragHandler:0.11666666666666667
