Unit:0.46
FreeColClient:0.3433333333333333
FullScreenFrame:0.3433333333333333
FreeCol:0.2966666666666667
