MMessage:0.058535833
FS:0.048432667
MIconChooser:0.046632744
Config:0.042923614
MApplication:0.041597985
MCheckBox:0.03362664
MIcon:0.031502336
UI:0.027504947
MText:0.023176435
TK:0.02286124
MPanel:0.021506794
MComboBox:0.02075347
MActionInfo:0.0129944645
Property:0.012921788
ContainerIterator:0.0105871195
RegExp:0.0074362876
Kiosk:0.0034252016
