FS:0.6266666666666667
ConfigFile:0.27
MText:0.2633333333333333
TextReader:0.25333333333333335
TextWriter:0.25
DebugOutputStream:0.16666666666666666
UpdateInfo:0.12666666666666668
