ImageLibrary:0.45
IndianSettlement:0.42333333333333334
GUI:0.3566666666666667
