FreeColTestCase:0.6322222222222222
MapTest:0.3230555555555556
GameTest:0.18305555555555555
