Table:0.7266666666666667
ArrayUtil:0.41333333333333333
TestSql:0.19666666666666666
