MList:0.14209367
MComboBox:0.10833973
MTable:0.10302172
MMenuBar:0.08430266
MTabbedPane:0.07194661
MMenu:0.053133864
