MMenu:0.06095182
MDialog:0.05327458
TK:0.03256461
MLabel:0.018054498
ContainerScanner:0.010844954
