MMouseAdapter:0.0919643
MFrame:0.04929714
MAction:0.037297387
UI:0.03100373
TK:0.026917769
MMainWindow:0.025580743
MStatusBar:0.010580109
Property:0.003360654
