MDialog:0.5366666666666666
MMenu:0.43333333333333335
MFlipPanel:0.2733333333333333
ToggleStatusBarAction:0.24333333333333335
Cache:0.19111111111111112
