Stuff:0.057268914
StuffRenderer:0.05088833
GHNSDownload:0.03840043
