Property:0.7133333333333334
Task:0.4033333333333333
FunctionInfo:0.26
Model:0.21
ConsoleConfig:0.17444444444444446
