SearchEngine:0.7008333333333334
WikiConfiguration:0.4633333333333333
LuceneSearchEngine:0.36
SearchServlet:0.2866666666666667
WikiConfigurationObject:0.09
RankingAlgorithmSearchEngine:0.05
