TK:0.18705338
MButton:0.1456456
MActionInfo:0.14461899
MMenu:0.11405552
MDialog:0.102125525
ActionGroup:0.08551322
MURLButton:0.07955343
MText:0.07931455
MApplication:0.073544875
MMessage:0.0692198
UI:0.059609264
MNotification:0.05875231
MMenuItem:0.05773378
MUndoManager:0.055818282
MTogglePanel:0.05338623
MWhatsThis:0.050638344
MMouseAdapter:0.047796935
MIcon:0.044645052
MScrollPane:0.04416382
MToolBar:0.04161216
MSystemTray:0.034615424
MColorChooser:0.03367366
MTree:0.033523124
MTableHeader:0.03018803
AbstractSpinner:0.029901812
MFontChooser:0.028711202
MCalendarPanel:0.027230367
MDateSpinner:0.023907365
MouseGestures:0.022591269
MURLAction:0.021037182
MWebBrowserPanel:0.019922582
OS:0.019066447
MSmallButton:0.01651276
ColumnManager:0.015835071
Property:0.015235599
MSlider:0.010669116
BooleanProperty:0.006842874
