DatabaseManager:0.087267555
HsqlProperties:0.058764596
Trace:0.057253633
