Log:0.1536424
Database:0.09535981
Table:0.064663574
DatabaseCommandInterpreter:0.061377343
Trace:0.061058573
Session:0.057932954
LockFile:0.050161
SequenceManager:0.036216516
DataFileCache:0.033291187
User:0.024601342
DatabaseScript:0.016282994
HsqlException:0.009453673
NumberSequence:0.0016789265
