ScriptRunner:0.18483335
Database:0.13231792
Session:0.062014002
Table:0.047136
DINameSpace:0.046017945
DatabaseInformationMain:0.040642794
Log:0.037453767
TableWorks:0.027684424
User:0.022822352
View:0.015126294
