RowStoreAVLHybrid:0.37777777777777777
RowStoreAVLMemory:0.32111111111111107
Session:0.31
RowSetNavigatorData:0.2866666666666667
QueryExpression:0.26466666666666666
RowOutputBase:0.2544444444444445
RowInputBase:0.2544444444444445
QuerySpecification:0.25166666666666665
ServerConnection:0.23444444444444448
StatementResultUpdate:0.15
