Tokens:0.5366666666666666
Database:0.3566666666666667
HsqlDatabaseProperties:0.35
TransactionManagerMVCC:0.27666666666666667
Session:0.25666666666666665
StringConverter:0.25333333333333335
RowAction:0.25
RowOutputTextLog:0.24333333333333335
SetFunction:0.21666666666666667
Logger:0.21583333333333332
FunctionCustom:0.21333333333333335
ParserCommand:0.2
QuerySpecification:0.19666666666666666
DatabaseFilenameFilter:0.19333333333333333
StatementCommand:0.18333333333333332
Server:0.18
StatementTypes:0.12
