BeanShell:0.5883333333333334
KeyEventWorkaround:0.5453333333333333
KeyEventTranslator:0.3283333333333333
