Type:0.5266666666666666
TigerParser:0.4266666666666667
FieldNode:0.2644444444444444
MethodNode:0.2628888888888889
