RealProject:0.52
ProjectTMX:0.51
TmxComplianceTests:0.3433333333333333
TmxComplianceBase:0.22666666666666666
