GUI:0.15630092
Canvas:0.14099935
MapViewer:0.107800834
