ActionManager:0.24793959
SelectableAction:0.14686601
