ActionManager:0.29479435
SelectableAction:0.13488476
FreeColAction:0.13168016
