FindMatches:0.5966666666666667
IStopped:0.38857142857142857
FindMatchesThread:0.30666666666666664
Statistics:0.2811111111111111
CalcMatchStatistics:0.28
