Colony:0.6366666666666667
AIColony:0.31
ServerColony:0.25333333333333335
BuildingTest:0.24666666666666667
ScoutingMission:0.17666666666666667
ServerColonyTest:0.15666666666666668
ColonyProductionTest:0.13
