RangeOption:0.42408732
IntegerOption:0.33670774
OptionGroup:0.2712906
Option:0.12421323
