Table:0.53
FileUtil:0.42
Expression:0.35
HsqlDateTime:0.3433333333333333
DatabaseCommandInterpreter:0.30333333333333334
jdbcPreparedStatement:0.3
Log:0.26666666666666666
DataFileCache:0.22333333333333333
JavaObject:0.1761111111111111
TestSqlPersistent:0.14944444444444444
TestDatabaseMetaData:0.12
ZipUnzipFile:0.04666666666666667
