Unit:0.7433333333333333
InGameController:0.31
ReportTurnPanel:0.24666666666666667
InGameInputHandler:0.20333333333333334
