SegmentBuilder:0.48
EditorController:0.39666666666666667
EmptyNoneTranslationPopup:0.28
Loader:0.14666666666666667
EditorPopups:0.10133333333333333
