ImageEditor:0.5833333333333334
TextHighligther:0.24333333333333335
MMenuBar:0.19333333333333333
MSmallButton:0.17666666666666667
MouseWheelFunctionAction:0.1691111111111111
