MapEditorMenuBar:0.47124344
FreeColMenuBar:0.44750804
FreeColMenuTest:0.056917984
DebugMenu:0.05677524
