PluginSettings:0.8133333333333334
Panel:0.31
LookAndFeelSettings:0.28
AppSettings:0.26666666666666666
TreePanel:0.18666666666666668
CalendarComponent:0.12333333333333334
Page:0.10666666666666667
