MText:0.43666666666666665
LinkEditor:0.39133333333333337
MPanel:0.35
TodoEditorCore:0.33
FeedsFS:0.2816666666666667
HTMLAutodiscovery:0.184
LinkEditorPlugin:0.15
TestRepeatRule:0.14
