BSHForStatement:0.20182839
BSHBlock:0.14206663
NameSpace:0.12677203
EvalError:0.008379107
