Interpreter:0.079929665
NameSpace:0.058852065
