Reflect:0.3576012
Name:0.23906888
BSHLHSPrimarySuffix:0.23016855
NameSpace:0.22733907
Interpreter:0.17649688
Primitive:0.121782176
BSHAmbiguousName:0.114140674
BSHAssignment:0.08511073
BSHUnaryExpression:0.07856746
BSHLHSPrimaryExpression:0.03938083
TargetError:0.037620053
EvalError:0.032889664
ReflectError:0.010461188
InterpreterError:0.0020470405
ParserConstants:0.0016432601
