Select:0.07141212
Expression:0.03137586
Result:0.017888356
