BaseList:0.13028887
HsqlList:0.024043884
StringUtil:0.017635776
Sort:0.008465168
ObjectComparator:0.0025855505
