FeedsFS:0.33093777
FeedDownloader:0.19764744
FeedsFSPlugin:0.12808509
FeedViewer:0.122985005
Filters:0.10590598
