JEditTextArea:0.53
Buffer:0.49666666666666665
OffsetManager:0.33444444444444443
MouseHandler:0.30333333333333334
ChunkCache:0.25
VFSBrowser:0.20777777777777778
EditPane:0.20111111111111113
ActionHandler:0.1841666666666667
BufferChangeHandler:0.10333333333333333
