MMessage:0.6566666666666666
MURLButton:0.4533333333333333
Tabs:0.28
NoteWidgetPlugin:0.2277777777777778
