SegmentBuilder:0.508888888888889
EditorController:0.4633333333333333
EntryMarks:0.35333333333333333
MarkerController:0.3233333333333333
CalcMarkersThread:0.2733333333333333
MarkInfo:0.043333333333333335
