MLogger:0.69
MApplication:0.36333333333333334
MMenu:0.3233333333333333
MMessage:0.25333333333333335
MDialog:0.25
Editor:0.22666666666666666
MPasswordField:0.21666666666666667
OpenSearchDescription:0.20666666666666667
ChartPanel:0.20333333333333334
FeedViewer:0.19666666666666666
Console:0.19666666666666666
PluginSettings:0.19333333333333333
Gettext:0.17333333333333334
