MetaInfo:0.4533333333333333
MRenderer:0.36666666666666664
MTreeItem:0.25666666666666665
MetaInfoList:0.21666666666666667
Renderable:0.1706111111111111
LinkMetaInfo:0.14
