MTabbedPane:0.17498334
MDialog:0.13587698
MPanel:0.08308726
MButtonPanel:0.08267849
MButton:0.037294634
MLabel:0.035489343
CoolHeader:0.028169533
UI:0.02618657
TK:0.020866338
MIcon:0.016708968
MHighlighter:0.0076554012
Property:0.0027019302
