MAction:0.7333333333333333
MApplication:0.28
MAboutDialog:0.27
PluginInfo:0.25666666666666665
MainWindow:0.21333333333333335
Filters:0.18198412698412697
FilterNotificationAction:0.1
HelpAction:0.09666666666666666
