EditorPlugin:0.5916666666666667
MainWindow:0.5333333333333333
