RowOutputBase:0.30510888
RowInputBinary:0.11453535
