XMLDialect:0.109152704
XMLFilter:0.098841086
DTD:0.07751534
Entity:0.056983996
Translator:0.05376794
XMLTag:0.045180608
XMLOutOfTurnTag:0.03820099
XMLIntactTag:0.03002067
XMLUtils:0.019477727
XMLContentBasedTag:0.017839443
XMLEntityText:0.009842303
XMLText:0.00951853
ProcessingInstruction:0.008700769
XMLIntactEntry:0.00798739
Comment:0.0054092654
