InGameController:0.49333333333333335
SimpleMapGenerator:0.33666666666666667
GameOptions:0.3088888888888889
SpecificationTest:0.30333333333333334
