Tabs:0.71
Help:0.4533333333333333
EditorCrypto:0.23666666666666666
DeletePrivateDataPlugin:0.2111111111111111
