HsqlDatabaseProperties:0.6693333333333333
DataFileCache:0.36
ParserCommand:0.29
Logger:0.26666666666666666
Log:0.2633333333333333
StatementCommand:0.1811111111111111
TestUtil:0.16
StatementTypes:0.03333333333333333
