AbstractViewAction:0.34
LoadAction:0.33666666666666667
FindDialog:0.25
OpenAction:0.22333333333333333
AbstractSaveBeforeAction:0.15666666666666668
LoadDirectoryAction:0.08
