Table:0.5433333333333333
Token:0.39
TableBase:0.3466666666666667
RangeVariableResolver:0.3
View:0.29333333333333333
TableWorks:0.28
TableUtil:0.24333333333333335
ParserDDL:0.23333333333333334
SortAndSlice:0.22333333333333333
QueryExpression:0.22
RowStoreAVLHybrid:0.2
RowStoreAVLMemory:0.2
Logger:0.19666666666666666
StatementSchema:0.19333333333333333
QuerySpecification:0.19333333333333333
ParserDML:0.17666666666666667
RowAVL:0.10166666666666667
