Task:0.21805495
TaskTable:0.11793373
Column:0.04580796
Priority:0.02613524
