AIGoods:0.5305238
StandardAIPlayer:0.3138972
ColonialAIPlayer:0.30947307
Transportable:0.25780994
TileImprovementPlan:0.24891397
NewAIPlayer:0.24862722
EuropeanAIPlayer:0.23007856
WorkerWish:0.22494704
Wish:0.22425503
REFAIPlayer:0.21571663
AIColony:0.20600882
AIPlayer:0.19428892
AIObject:0.16825293
IndianAIPlayer:0.16364497
AIMain:0.13951139
AIMessage:0.08201365
