ManageMissionariesGoal:0.35847992
GotoAdjacentGoal:0.3212209
Goal:0.24344677
