CreateMissionAtSettlementGoal:0.5322097
Goal:0.28488985
