Unit:0.25920016
Colony:0.25000775
Tile:0.22306572
Settlement:0.20619622
IndianSettlement:0.19850299
ColonyTile:0.16076896
Building:0.1587832
Map:0.1375964
Game:0.13548495
Market:0.127207
UnitLocation:0.12294852
Europe:0.121523954
Specification:0.11394521
TradeRoute:0.10732728
WorkLocation:0.1069139
GoodsContainer:0.10477363
Monarch:0.10061542
Resource:0.097240046
FreeColGameObject:0.09593113
TileImprovement:0.09497978
PlayerExploredTile:0.09403116
FoundingFather:0.09304861
Location:0.09294868
TileItemContainer:0.09245125
UnitType:0.09131004
SimpleCombatModel:0.09003066
GoodsLocation:0.08930303
Goods:0.08914953
TileType:0.08756445
Ability:0.086173505
LostCityRumour:0.07407562
ModelMessage:0.06858287
NationSummary:0.06820329
MarketData:0.06470853
GoodsType:0.062164273
NationType:0.06095849
Region:0.060580425
FreeColObject:0.058132768
HighScore:0.057686187
FeatureContainer:0.054355897
Operand:0.053565502
FreeColGameObjectType:0.05297078
DiplomaticTrade:0.049952477
LastSale:0.049928248
TradeItem:0.047562517
HighSeas:0.04619653
Tension:0.044645138
NationOptions:0.044069048
BuildableType:0.043243703
Feature:0.03971011
UnitTypeChange:0.038680185
GoodsTradeItem:0.038262986
EquipmentType:0.037684012
SettlementType:0.035994094
Modifier:0.035890166
StringTemplate:0.035602912
GameOptions:0.035529282
AbstractGoods:0.03339813
Limit:0.0333441
GoldTradeItem:0.032967243
ColonyTradeItem:0.03232838
UnitTradeItem:0.031149896
Ownable:0.031002343
PathNode:0.030453581
Nation:0.029868651
StanceTradeItem:0.029846847
HistoryEvent:0.028466254
AbstractUnit:0.026589066
TypeCountMap:0.016071418
Nameable:0.014807799
FreeColGameObjectListener:0.009876961
