Table:0.69
TextTable:0.4166666666666667
Parser:0.37666666666666665
