ConsoleCommandLine:0.16267596
ConsoleCommand:0.12862295
HistoryCommand:0.12544517
JVisualVMCommand:0.092018746
ScriptCommand:0.0843863
DebugCommand:0.08287852
ConsolePlugin:0.07051793
ConsoleConfig:0.049897764
ConsoleOutput:0.040295836
