MMenu:0.6283333333333333
FeedsFSPlugin:0.37833333333333335
SummaryRenderer:0.34
