LanguageToolWrapper:0.7233333333333334
TestCore:0.33
LanguageToolTest:0.2733333333333333
FalseFriendsTest:0.02666666666666667
