Tree:0.10261963
TreePanel:0.07850083
AdvancedProperties:0.051573984
