UI:0.5833333333333334
Config:0.55
MIcon:0.43666666666666665
Item:0.32666666666666666
CategoryManager:0.21666666666666667
ImageBorder:0.20666666666666667
PluginManager:0.19333333333333333
InternetSearchPlugin:0.19333333333333333
MDialog:0.18083333333333335
ActionProperties:0.17
ColorTheme:0.17
