Table:0.5433333333333333
Database:0.43333333333333335
Tokenizer:0.34444444444444444
HsqlDateTime:0.28027777777777774
DatabaseScript:0.1866666666666667
