InGameController:0.54
IndianSettlement:0.45
InGameInputHandler:0.3933333333333333
DemandTributeMessage:0.3233333333333333
