XMLFilter:0.3988888888888889
XMLWriter:0.38
XMLReader:0.36333333333333334
