LogItem:0.5733333333333334
AnsiQueryHandler:0.48722222222222217
DatabaseUpgrades:0.36666666666666664
