FoldHandler:0.18763414
Buffer:0.13762246
