Unit:0.63
InGameInputHandler:0.36666666666666664
ModelController:0.3411111111111111
ServerModelController:0.05
ClientModelController:0.03666666666666667
