AIMessage:0.7633333333333333
GetTransactionMessage:0.4744444444444445
IndianBringGiftMission:0.28
