FreeColDialog:0.06935898
DefaultTransferHandler:0.052258857
FreeColPanel:0.03682082
DragListener:0.03290325
ImageSelection:0.011497455
DropListener:0.010175608
