DefaultTokenizer:0.09635281
BaseTokenizer:0.0615125
