jEdit:0.0495957
View:0.043432042
Buffer:0.034385476
GUIUtilities:0.02944592
EnhancedDialog:0.0076948768
