jEdit:0.17399192
AbstractOptionPane:0.0679854
ColorWellButton:0.06581673
