Session:0.8166666666666667
JDBCCommonDataSource:0.3333333333333333
