Syntax:0.5333333333333333
ContextStyle:0.2966666666666667
SyntaxLayerUI:0.26666666666666666
Keywords:0.2633333333333333
Context:0.22333333333333333
