MMouseAdapter:0.10507467
MFrame:0.05777604
TK:0.034178674
MMainWindow:0.034042396
MAction:0.026635557
UI:0.025037253
MStatusBar:0.012178665
OS:0.01092823
Property:0.0021203174
BooleanProperty:0.0019262546
