Unit:0.7366666666666667
UnitButton:0.37333333333333335
MapControls:0.26
UserInputHandler:0.25166666666666665
