ProjectTMX:0.17568669
RealProject:0.15128244
ExternalTMX:0.09179046
IProject:0.07826504
NotLoadedProject:0.07296458
