IndentAction:0.5986666666666667
BufferListener:0.57
BufferAdapter:0.5533333333333333
Buffer:0.55
FoldHandler:0.5097619047619049
TextUtilities:0.42333333333333334
JEditBuffer:0.35
DisplayManager:0.2833333333333333
Rect:0.26666666666666666
DockableLayout:0.24666666666666667
PanelWindowContainer:0.24666666666666667
Selection:0.2342063492063492
Range:0.23333333333333334
UndoManager:0.14
AlignBracket:0.11666666666666667
Collapse:0.11333333333333333
Increase:0.11333333333333333
Decrease:0.10333333333333333
IndentFoldHandler:0.09333333333333334
IndentRule:0.08666666666666667
OpenBracketIndentRule:0.07333333333333333
BufferHandler:0.06666666666666667
Adapter:0.05944444444444445
RegexpIndentRule:0.05333333333333334
CloseBracketIndentRule:0.043333333333333335
PositionManager:0.02666666666666667
DummyFoldHandler:0.023333333333333334
Reset:0.023333333333333334
ExplicitFoldHandler:0.006666666666666667
