UI:0.6433333333333333
TK:0.4533333333333333
MMultiPanel:0.27
Feed:0.2544444444444445
WorkspaceItem:0.23666666666666666
ButtonPanel:0.1703174603174603
