PluginAction:0.45332134
PluginType:0.42440516
PluginSettings:0.3128752
PluginDownloader:0.26966077
PluginEvent:0.196263
PluginRenderer:0.18052241
PluginComboBox:0.1749479
ScriptPlugin:0.15666041
LookAndFeelPlugin:0.13407724
PluginList:0.11874556
LocalePlugin:0.087881684
AbstractPlugin:0.0
PluginManager:0.0
Pluggable:0.0
LookAndFeelSettings:0.0
