Projects:0.08490432
Template:0.014396043
License:0.003379839
