TaskTable:0.08791348
DateTimeRenderer:0.06435029
TaskModel:0.058346212
TaskState:0.0389753
TaskComparator:0.017080318
TaskList:0.016349643
Priority:0.016090306
CompleteRenderer:0.00649113
CompleteEditor:0.0049466803
TaskSelection:0.0040936014
Filter:0.0028437837
