MetaInfo:0.6016666666666667
HTMLColorChooserPanel:0.31
MFontChooser:0.24666666666666667
PickerColorChooserPanel:0.21444444444444447
MetaInfoList:0.16
