PriorityRenderer:0.23535188
TodoEditorCore:0.035214815
Priority:0.025494287
