Building:0.6866666666666666
BuildingType:0.44666666666666666
ColonyPanel:0.28
BuildingsPanel:0.27666666666666667
