GUI:0.23615023
Canvas:0.23400743
MapViewer:0.10884687
