JEditTextArea:0.4666666666666667
DefaultInputHandler:0.3383333333333333
Autosave:0.29
ChunkCache:0.25666666666666665
