Property:0.48333333333333334
MLogger:0.4166666666666667
PluginInfo:0.31
MainWindow:0.245
TodoEditor:0.21194444444444446
PluginManager:0.21033333333333334
DefaultPreview:0.19777777777777777
TaskModel:0.13
TaskTable:0.11333333333333333
LinkEditorPlugin:0.11
