SqlToolError:0.14903161
SqlFile:0.098437235
