Player:0.6966666666666667
Turn:0.30666666666666664
Game:0.30333333333333334
InGameController:0.2866666666666667
Market:0.23833333333333334
FreeColClient:0.19666666666666666
InGameInputHandler:0.15666666666666668
AIInGameInputHandler:0.14
InfoPanel:0.08
