MHighlighter:0.16313826
MDateSpinner:0.07912124
MTextPane:0.07373082
MUndoManager:0.053408295
AbstractSpinner:0.043168508
MMenu:0.034055874
MComboBox:0.031527698
MTextField:0.025237666
MAction:0.02435963
MTextFieldPanel:0.022168731
MMessage:0.02045145
MFormattedTextField:0.018699383
UI:0.018335389
MPasswordField:0.017514884
TK:0.01392897
FS:0.012079899
MDate:0.011475179
MTextArea:0.011171407
MWebBrowserPanel:0.011115416
MToolBar:0.009446788
MColorChooser:0.009075294
MMouseAdapter:0.008862072
MLabel:0.00883994
MFileChooser:0.008440192
MActionInfo:0.008226712
MLogger:0.0080819
MClipboard:0.0052731214
OS:0.0046928334
MStatusBar:0.0043783104
Property:0.0033319192
MMenuAdapter:0.0027565928
MDocumentAdapter:0.0026272885
MTimer:0.0019753692
Kiosk:0.0015341197
ClipboardException:5.1830517E-4
