FS:0.7866666666666666
TaskList:0.35
AbstractMarkupBuilder:0.25666666666666665
SummaryData:0.19666666666666666
