Property:0.08199062
StringProperty:0.07257985
Config:0.046717238
MLogger:0.03395213
Args:0.016210219
FS:0.014277933
Application:0.013829257
MAbout:0.013162599
VersionProperty:0.011418335
IntegerProperty:0.00812811
MMainWindow:0.007342775
MMessage:0.0051701874
Net:0.0046897987
MSystemTray:0.0035560876
Uninstantiable:1.1785629E-4
