River:0.5266666666666666
TerrainGenerator:0.5266666666666666
MapGenerator:0.44333333333333336
