FreeColServer:0.49333333333333335
NationOptions:0.36666666666666664
NewPanel:0.31333333333333335
PreGameController:0.25666666666666665
PreGameInputHandler:0.1827777777777778
StartGamePanel:0.17333333333333334
AdvantageRenderer:0.11583333333333333
