MiscUtilities:0.6933333333333334
PluginManagerProgress:0.3433333333333333
Install:0.24
