OptionGroupUI:0.2576722
OptionUpdater:0.13532074
