Modifier:0.5566666666666666
UnitContainer:0.3944444444444445
FreeColDialog:0.33
FeatureContainer:0.30333333333333334
