ArchiveChannel:0.21137512
ArchiveException:0.09613488
ArchiveItem:0.0597457
