FileCache:0.11023069
MDownloadDialog:0.08554642
FS:0.08428846
TK:0.0484297
OS:0.04030837
MApplication:0.039778076
HTMLViewFactory:0.028775383
MTip:0.02120987
MURLButton:0.018469045
MMainWindow:0.017016552
MAuthenticator:0.010980845
MLogger:0.010457334
Flags:0.0092335865
