UI:0.5866666666666667
Style:0.34
MNotification:0.22333333333333333
MAbout:0.21666666666666667
MDialog:0.21666666666666667
MPanel:0.21666666666666667
CoolLabel:0.20666666666666667
Desktop:0.20333333333333334
MTextArea:0.17333333333333334
MFontComboBox:0.13666666666666666
