Editor:0.13225184
TextUtils:0.06488535
ConsoleTab:0.02997913
