FreeColDialog:0.08471048
DefaultTransferHandler:0.053676087
FreeColPanel:0.038046084
DragListener:0.021625472
ImageSelection:0.012151556
DropListener:0.010924185
