ParserDQL:0.44333333333333336
LobManager:0.3466666666666667
ResultLob:0.30666666666666664
ErrorCode:0.2911111111111111
StatementCompound:0.2575
StatementSimple:0.2561111111111111
JDBCClobClient:0.22333333333333333
JDBCBlobClient:0.22333333333333333
ParserRoutine:0.12666666666666668
