OpenSearchDescription:0.6833333333333333
InternetSearchPlugin:0.38
InternetSearchPanel:0.37333333333333335
