Type:0.17508788
Types:0.008066226
