Widget:0.58
MInternalFrame:0.5475
DragAdapter:0.37333333333333335
WidgetDesktopPaneUI:0.22666666666666666
