TextAreaPainter:0.30996355
JEditTextArea:0.13088174
TextAreaExtension:0.12756416
ExtensionManager:0.09411963
ChunkCache:0.08127635
EditPane:0.081178
View:0.060947403
Buffer:0.04746959
FoldVisibilityManager:0.04294992
jEdit:0.027307171
GUIUtilities:0.02719963
Marker:0.008769233
