MActionInfo:0.39
MMessage:0.36333333333333334
PropertyPanel:0.32
MountPanel:0.24333333333333335
InternetSearchPanel:0.23666666666666666
DayButton:0.23333333333333334
SyntaxProvider:0.21
MIconChooser:0.2
FSHelper:0.19333333333333333
MDialog:0.18666666666666668
MSpinnerPanel:0.13833333333333334
