TriggerSample:0.6133333333333333
WebServer:0.4033333333333333
Tokens:0.3175
Trigger:0.08842857142857143
