LinearGradientPainter:0.21605359
RoundedBackgroundPainter:0.1823934
FlatPainter:0.124270074
GlassPainter:0.08913804
