ArchiveChannel:0.12786062
ArchiveItem:0.026297422
