JFlexParser:0.6233333333333333
JFlexLexer:0.31
AbstractJAMWikiLexer:0.30666666666666664
AbstractJAMWikiTemplateLexer:0.04
