Log:0.73
HsqlDatabaseProperties:0.5608333333333333
ScriptRunner:0.30333333333333334
