Reflect:0.5566666666666666
BeanShell:0.35333333333333333
PluginJAR:0.26
SignatureKey:0.16777777777777778
CustomClassManager:0.10333333333333333
ErrorListDialog:0.04666666666666667
