Unit:0.6433333333333333
Colony:0.37333333333333335
MapControls:0.35111111111111115
Canvas:0.32
CargoPanel:0.2833333333333333
WarehousePanel:0.21333333333333335
ColonyPanel:0.19666666666666666
ColonyTile:0.19111111111111112
StartGamePanel:0.15166666666666667
EuropePanel:0.15
ErrorPanel:0.12333333333333334
MainPanel:0.11
GoodsContainer:0.10666666666666667
MarketPanel:0.08
NewPanel:0.07666666666666666
QuitDialog:0.043333333333333335
