MDateSpinner:0.05909761
MPanel:0.039261393
CoolHeader:0.015979122
MButton:0.012296498
MLabel:0.012016354
MDate:0.011243826
UI:0.010489398
MSmallButton:0.009739059
DT:0.008379549
MMouseAdapter:0.0069389264
Blend:0.004437989
TK:0.0044143246
FS:0.0032251417
MHighlighter:0.0021095572
Size:0.0011534259
