MCalendar:0.11362138
MDialog:0.11245096
MAbout:0.10020695
MColorChooser:0.091451816
MSmallColorChooser:0.09119581
MLabel:0.09104726
MMessage:0.087412275
MTogglePanel:0.07575382
MWizard:0.065368935
MBorderLayout:0.05936545
MStatusBar:0.057232052
MNotification:0.052233286
AbstractRenderer:0.04381287
MFileChooser:0.04380248
MColorPicker:0.041027028
UI:0.03948019
Fade:0.026545223
MIndicator:0.0252142
MAuthenticator:0.025092313
MLabeledTextField:0.021057079
MWebBrowser:0.020166766
MTextFieldPanel:0.016425624
CoolHeader:0.014957706
MRating:0.008734178
