SummaryPanel:0.58
SummaryData:0.2733333333333333
SummaryTree:0.26666666666666666
