HsqlDatabaseProperties:0.7066666666666667
Log:0.42
DatabaseCommandInterpreter:0.4066666666666667
SequenceManager:0.19
