UnitLabel:0.2801223
DefaultTransferHandler:0.19979753
DragListener:0.14194427
ReportTradePanel:0.11936073
EuropePanel:0.11635952
CargoPanel:0.098956116
