Market:0.2658384
GoodsType:0.1479925
FreeColObject:0.07357146
FreeColGameObject:0.062078457
Player:0.053565826
Game:0.05049108
Specification:0.045320407
