FreeColDialog:0.13985881
FreeColPanel:0.08532727
DefaultTransferHandler:0.031268585
