TransportMission:0.16907936
Mission:0.16520822
