ImageEditorCore:0.06938867
ImageEditorDesigner:0.031296574
FilterDialog:0.022933632
ImageInfo:0.01941366
ImageEditorPlugin:0.015934626
ResizeDialog:0.011749829
ImagePreloader:0.0014941717
