Config:0.5233333333333333
MLabel:0.30666666666666664
BackgroundTask:0.21666666666666667
Backup:0.20333333333333334
Browser:0.20333333333333334
ImageEditorCore:0.19333333333333333
TextDocumentFilter:0.19
TaskSummary:0.18666666666666668
MTextArea:0.14666666666666667
MSystemTray:0.14333333333333334
ScriptExecutor:0.13944444444444443
ScriptPlugin:0.13333333333333333
