Tile:0.6833333333333333
ServerUnit:0.27666666666666667
FreeColServer:0.25666666666666665
SetCurrentPlayerSwingTask:0.14666666666666667
