Mods:0.5066666666666667
FreeColTcFile:0.4633333333333333
Messages:0.31333333333333335
SerializationTest:0.24
FreeColTestCase:0.21666666666666667
NewPanel:0.20333333333333334
SpecificationTest:0.19666666666666666
