MDialog:0.5366666666666666
MWizard:0.37666666666666665
TabIcon:0.194
HTMLColorChooserPanel:0.19066666666666668
UpdateDialog:0.15
CalendarDesklet:0.12666666666666668
