ZaurusConnectionDialog:0.4950675
Transfer:0.14755782
ConnectionDialogCommon:0.11131139
DatabaseManager:0.06310253
ConnectionSetting:0.022031624
