ConnectionDialog:0.30361184
ZaurusDatabaseManager:0.062301233
