DatabaseManager:0.45007554
ZaurusConnectionDialog:0.08699685
ZaurusEditor:0.07214632
DatabaseManagerCommon:0.05049885
Tree:0.027083553
Grid:0.01841874
