StaticUtils:0.43
Token:0.38
CommandThread:0.37666666666666665
StringEntry:0.2922222222222222
WordIterator:0.25833333333333336
