EditServlet:0.41212785
ImportTiddlyWikiServlet:0.3059326
PrintableServlet:0.29663312
MoveServlet:0.29427123
ImportServlet:0.29272026
AdminServlet:0.29025447
ItemsServlet:0.2744105
HistoryServlet:0.26883003
TopicServlet:0.24815074
RegisterServlet:0.23562212
SearchServlet:0.20783764
WikiPageInfo:0.20581931
UploadServlet:0.20412208
SetupServlet:0.19162846
StylesheetServlet:0.13326894
JAMWikiServlet:0.129381
LoginServlet:0.081338786
JAMWikiFilter:0.03364789
