MPanel:0.6166666666666667
StuffRenderer:0.415
PropertiesPanel:0.29333333333333333
