EditorController:0.4266666666666667
AutoCompleter:0.4166666666666667
AbstractAutoCompleterView:0.2605952380952381
AutoCompleterListView:0.22
AutoCompleterTableView:0.18666666666666668
