LastSegmentManager:0.5533333333333333
EditorController:0.5255555555555556
RealProject:0.25666666666666665
