ServletUtil:0.2891741
JAMWikiServlet:0.19865915
WikiPageInfo:0.061799042
