ClientOptions:0.033512507
Worker:0.0016805745
