GUIUtilities:0.65
SizeSaver:0.61
View:0.37
HelpViewer:0.21333333333333335
FloatingWindowContainer:0.18
PluginManager:0.1211111111111111
ViewConfig:0.07333333333333333
