FeedsFS:0.44
Filters:0.4066666666666667
FilterItem:0.25
CustomAdvancedPanel:0.18733333333333335
Criteria:0.15333333333333332
NotificationAction:0.11
FiltersAction:0.05
