Colony:0.5433333333333333
TileItemContainer:0.375
TileImprovementType:0.33666666666666667
ColopediaPanel:0.2733333333333333
