QueryHandler:0.7566666666666667
DataHandler:0.641888888888889
AnsiQueryHandler:0.5466666666666666
AnsiDataHandler:0.33
RolesServlet:0.16333333333333333
