InGameController:0.5783333333333334
ServerPlayer:0.43666666666666665
FreeColServer:0.3333333333333333
