jEdit:0.6
JEditActionContext:0.28
ShortcutsOptionPane:0.18333333333333332
ToolBarEditDialog:0.18333333333333332
ActionContext:0.14666666666666667
