ValuePool:0.4666666666666667
RangeVariable:0.43666666666666665
ExpressionLogical:0.38333333333333336
Expression:0.37333333333333335
QuerySpecification:0.3466666666666667
ExpressionColumn:0.33666666666666667
RangeVariableResolver:0.29
RangeIteratorMain:0.28
IndexAVL:0.27666666666666667
ExpressionOrderBy:0.2683333333333333
FunctionSQL:0.23666666666666666
ParserDQL:0.22666666666666666
StatementDMQL:0.22
DataFileCache:0.21333333333333335
FileArchiver:0.21
RangeVariableConditions:0.20333333333333334
RAShadowFile:0.19305555555555554
QueryExpression:0.18666666666666668
FunctionSQLInvoked:0.13333333333333333
ExpressionLike:0.12333333333333334
