DatabaseInformationMain:0.17168878
DatabaseInformationFull:0.10950899
