Server:0.116167195
WebServer:0.08436233
ServerProperties:0.023537481
ServerConstants:0.019842088
