Server:0.40394604
ServerConfiguration:0.24380676
WebServerConnection:0.1436508
ServerProperties:0.14090483
ServerConstants:0.083248034
