ConnectorHandle:0.5983333333333334
TaskFigure:0.5633333333333334
