MetaInfo:0.53
Tabs:0.5
MMenu:0.4266666666666667
ImageEditor:0.37333333333333335
MainWindow:0.30666666666666664
ZoomComponent:0.2977777777777778
MStatusBar:0.26
MTable:0.2502777777777778
ComponentHighlight:0.22666666666666666
FiltersAction:0.2
PlayAction:0.19
CropAction:0.19
AutoZoomAction:0.16333333333333333
CloseAllAction:0.16333333333333333
FixScrollRectToVisible:0.15
ResizeAction:0.12
CreateReflectionAction:0.12
ZoomResetAction:0.12
CloseAction:0.12
TabsMenuAction:0.12
BlueprintAction:0.12
DeletePrivateDataPlugin:0.07
HistoryMenuAction:0.06
CloseAllOthersAction:0.03333333333333333
