Building:0.6427777777777778
ConnectController:0.43
ContactTest:0.4266666666666667
