MainWindowMenuHandler:0.4477777777777777
InsertBidiPopup:0.36666666666666664
MainWindowMenu:0.2966666666666667
EditorPopups:0.28
