AIPlayer:0.1116092
AIMain:0.10207391
