FreeColDialog:0.338395
FreeColPanel:0.094840415
