Unit:0.7333333333333333
InGameController:0.2733333333333333
FreeColServer:0.27
ImageLibrary:0.26666666666666666
Canvas:0.26166666666666666
GUI:0.26
InGameInputHandler:0.19333333333333333
