Archive:0.41333333333333333
CategoryList:0.3466666666666667
Query:0.3433333333333333
DateTimeDialog:0.24333333333333335
