ColonyPanel:0.2039438
BuildQueuePanel:0.14625697
FreeColProgressBar:0.028629385
