Config:0.7666666666666667
MList:0.33666666666666667
FilterDialog:0.22666666666666666
MSettingsDialog:0.22666666666666666
IntInfo:0.22
MTabbedPane:0.21333333333333335
PropertiesPanel:0.20333333333333334
IntRange:0.0011111111111111111
