MetaInfo:0.6
Tree:0.42333333333333334
FSHelper:0.29333333333333333
AdvancedProperties:0.2733333333333333
MainWindow:0.27
FeedsFS:0.21666666666666667
PropertiesPanel:0.21
MetaInfoMenu:0.21
ImportExport:0.19333333333333333
QueryEditor:0.19
Presentation:0.18
FeedThread:0.17333333333333334
TrashFS:0.15
