TopicServlet:0.6011111111111112
FilesServlet:0.3977777777777778
ImagesServlet:0.3977777777777778
