MainWindow:0.5833333333333334
ProjectUICommands:0.26666666666666666
CommandThread:0.26666666666666666
IMainWindow:0.26105555555555554
EditorController:0.23666666666666666
SaveThread:0.19
