SearchDialog:0.7233333333333334
VFSBrowser:0.48722222222222217
EditingOptionPane:0.4177777777777778
