MLogger:0.06687344
XMLHelper:0.048268523
MTimer:0.04038277
MColorChooser:0.017106157
MLabel:0.0056072697
Benchmark:0.0037054538
