BitType:0.6383333333333333
ParserRoutine:0.4766666666666667
DoubleIntIndex:0.4766666666666667
