Game:0.7266666666666667
InGameController:0.36
FreeColDialog:0.3433333333333333
