MetaInfo:0.72
AbstractFS:0.41
FSHelper:0.2833333333333333
TrashFS:0.23
MountManager:0.20333333333333334
MountPanel:0.19666666666666666
ItemRenderer:0.18666666666666668
Tabs:0.18416666666666667
MetaInfoAction:0.12333333333333334
FolderMetaInfo:0.08
VirtualFileMetaInfo:0.056666666666666664
DynamicFolderMetaInfo:0.05
