IndianDemandMission:0.4266666666666667
AIPlayer:0.4066666666666667
InGameInputHandler:0.3433333333333333
AIInGameInputHandler:0.23666666666666666
