CornerMapControls:0.54726964
ClassicMapControls:0.41108602
InfoPanel:0.19254823
MiniMap:0.12302342
UnitButton:0.067621954
