ActionManager:0.3167529
MapboardAction:0.1835076
