FreeColDialog:0.089688696
FreeColPanel:0.042985722
