UnitLabel:0.13908705
ProductionLabel:0.12107363
ReportPanel:0.06788012
FreeColPanel:0.044388738
