Unit:0.592
TileImprovement:0.38333333333333336
ServerBuildingTest:0.37333333333333335
UnitTest:0.20166666666666666
ServerUnit:0.19666666666666666
ServerUnitTest:0.16
