Buffer:0.19818716
ChunkCache:0.16487426
Gutter:0.15699537
TextAreaPainter:0.11995052
FoldVisibilityManager:0.111470215
Selection:0.10957476
EditPane:0.09718614
CompleteWord:0.090713516
TextUtilities:0.07890632
Registers:0.076143146
View:0.073884316
StatusBar:0.06408711
SearchAndReplace:0.06354423
jEdit:0.061734654
Abbrevs:0.05975567
BufferChangeListener:0.051558327
GUIUtilities:0.050160885
MiscUtilities:0.048014246
BeanShell:0.047104012
SelectLineRange:0.045190547
Chunk:0.04363492
UndoManager:0.04039064
Macros:0.040229835
HyperSearchResults:0.037333094
SearchBar:0.033834238
Marker:0.031878866
MarkersMenu:0.029742902
Log:0.029537495
InputHandler:0.023964878
Java14:0.021534372
PastePrevious:0.01664282
OperatingSystem:0.0098354705
QuickNotepad:0.0070173815
KeyEventWorkaround:0.0065442165
ScrollListener:0.0057551614
