Buffer:0.04405451
Log:0.0056713275
