MSettingsDialog:0.49666666666666665
Main:0.36666666666666664
MStatusBar:0.35
ImportExport:0.25333333333333335
