MSettingsDialog:0.585
ArchiveOptions:0.4633333333333333
FeedsConfigPanel:0.16
OptionsPanel:0.14666666666666667
