Buffer:0.53
JEditTextArea:0.4633333333333333
BufferChangeHandler:0.23166666666666666
EditPane:0.19666666666666666
View:0.19
OffsetManager:0.17333333333333334
MouseWheelHandler:0.10333333333333333
