EditorController:0.6133333333333333
Document3:0.49666666666666665
EditorTextArea3:0.24333333333333335
