Config:0.118481785
Property:0.08063586
