Player:0.77
UnitIterator:0.38
IndianDemandMission:0.29
IndianBringGiftMission:0.29
MetaServer:0.2633333333333333
AIColony:0.25666666666666665
AbstractOption:0.24666666666666667
FreeColServer:0.24
AIPlayer:0.22333333333333333
TransportMission:0.20333333333333334
ErrorPanel:0.19
PreGameInputHandler:0.16
