jEdit:0.20371117
View:0.14809346
VFSBrowser:0.14083625
Buffer:0.12704147
EditAction:0.12673473
Macros:0.11882802
MiscUtilities:0.1113802
EditPlugin:0.10171394
PanelWindowContainer:0.10015358
HistoryTextField:0.097072855
JEditTextArea:0.09529118
VFSManager:0.08853961
FloatingWindowContainer:0.082659334
ActionContext:0.07993444
OperatingSystem:0.078929015
BeanShell:0.07531587
Log:0.07343243
EditPane:0.07299865
Gutter:0.06974605
HyperSearchResults:0.06922449
SearchAndReplace:0.0676233
GrabKeyDialog:0.06571535
EnhancedCheckBoxMenuItem:0.060258
EnhancedMenuItem:0.058298428
HelpViewer:0.05762985
EnhancedMenu:0.055906754
BrowserView:0.05433001
SyntaxStyle:0.053130317
DisplayManager:0.052476835
InputHandler:0.051727194
BeanShellAction:0.051361557
VariableGridLayout:0.05084424
ToolBarEditDialog:0.050570626
ToolBarOptionPane:0.04997186
OptionsDialog:0.04922706
SearchDialog:0.04851816
FileCellRenderer:0.046031866
BufferPrintable:0.04545508
ColorWellButton:0.04397014
ActionBar:0.042330537
AppearanceOptionPane:0.04194301
Java14:0.041841418
VFSFileChooserDialog:0.04008116
MacOSPlugin:0.037350543
CloseDialog:0.033556864
ContextOptionPane:0.033016317
BrowserCommandsMenu:0.03241717
HelpSearchPanel:0.032369472
FontSelector:0.0318177
RecentDirectoriesProvider:0.031157032
RecentFilesProvider:0.029685568
PasteFromListDialog:0.029645324
StyleTableModel:0.029080432
AbbrevsOptionPane:0.028381063
PluginManager:0.027477847
EditAbbrevDialog:0.027185285
Token:0.0259119
Debug:0.025893174
InstallPanel:0.025373928
TextAreaDialog:0.024290448
ShortcutsOptionPane:0.023819322
StyleEditor:0.023010878
Roster:0.022283183
CompleteWord:0.022235366
MarkersProvider:0.020978337
ContextAddDialog:0.02038446
QuickNotepad:0.019458283
QuickNotepadOptionPane:0.019444263
DirectoryProvider:0.019299926
EnhancedButton:0.01917167
FilesChangedDialog:0.01788028
SearchBar:0.017771827
BufferOptions:0.016899772
QuickNotepadToolPanel:0.016345091
PluginManagerOptionPane:0.015462405
EditingOptionPane:0.015042719
BrowserColorsOptionPane:0.014185636
AddAbbrevDialog:0.01217318
FavoritesProvider:0.010190357
SelectLineRange:0.008130703
IOProgressMonitor:0.008062449
ViewOptionPane:0.0075966036
HyperSearchRequest:0.005662089
LatestVersionPlugin:0.0055765766
