View:0.5966666666666667
Key:0.4266666666666667
TaskCompletionEvent:0.31666666666666665
TextAreaView:0.31333333333333335
DocumentOrientedApplication:0.29833333333333334
PropertyBean:0.22
Actions:0.18333333333333332
BackgroundTask:0.16333333333333333
AbstractSaveUnsavedChangesAction:0.13833333333333334
GrapherView:0.13666666666666666
HierarchicalMap:0.13066666666666668
CloseFileAction:0.03333333333333333
LoadRecentFileAction:0.016666666666666666
LoadFileAction:0.006666666666666667
ClearFileAction:0.006666666666666667
