MFileChooser:0.7933333333333333
ImportExport:0.30666666666666664
Designer:0.2833333333333333
