JARClassLoader:0.575
OptionsDialog:0.5666666666666667
ErrorEntry:0.2833333333333333
