IFontChangedEventListener:0.5583333333333333
CoreEvents:0.48
MainWindow:0.4533333333333333
MainWindowMenuHandler:0.41
MainWindowUI:0.28
ProjectFrame:0.26
EditorController:0.24333333333333335
ITagValidation:0.22512698412698418
MatchesTextArea:0.13666666666666666
GlossaryTextArea:0.13
TagValidationFrame:0.10333333333333333
TagValidationTool:0.095
