IFilter:0.24048881
FilterContext:0.0546761
ITranslateCallback:0.04194857
IParseCallback:0.0409587
Instance:0.03390002
TranslationException:0.027586631
IAlignCallback:0.022634216
