ServletUtil:0.5233333333333333
ParserInput:0.4666666666666667
WikiDatabase:0.35333333333333333
AdminServlet:0.24
EditServlet:0.18333333333333332
ImportServlet:0.16
