ProxyModel:0.4533333333333333
AbstractMarkupBuilder:0.4166666666666667
SimpleXMLReader:0.315
ProxyInfo:0.2733333333333333
