WikiUser:0.6866666666666666
Utilities:0.58
ServletUtil:0.41
AdminServlet:0.18333333333333332
UploadServlet:0.17666666666666667
EditServlet:0.17
ManageServlet:0.14
TranslationServlet:0.13
RegisterServlet:0.12666666666666668
UpgradeServlet:0.12666666666666668
WatchlistServlet:0.12
MoveServlet:0.11666666666666667
ImportServlet:0.11333333333333333
ImportTiddlyWikiServlet:0.11333333333333333
JAMWikiLocaleInterceptor:0.11
