AbstractHandle:0.07992826
Connector:0.07806311
Figure:0.07738007
ConnectionFigure:0.06523005
Handle:0.0448199
DrawingView:0.03766735
DrawingEditor:0.02050098
Drawing:0.015562201
HandleAttributeKeys:0.013096092
Constrainer:0.012721398
AttributeKey:0.009950809
