MetaInfo:0.6
Tree:0.45
TreePanel:0.2633333333333333
SortAction:0.14177777777777778
