JDBCPool:0.4166666666666667
FrameworkLogger:0.4166666666666667
ParserRoutine:0.39666666666666667
TestLobs:0.24666666666666667
