SearchResultEntry:0.19060414
SearchExpression:0.11267189
SearchMatch:0.040838618
SearchMode:0.0033825797
