PluginManager:0.5566666666666666
PluginSettings:0.49333333333333335
MSettingsDialog:0.4716666666666667
