WikiBase:0.7633333333333333
SetupServlet:0.3933333333333333
AdminServlet:0.30666666666666664
