PaletteTextFieldUI:0.103390716
PaletteFormattedTextFieldUI:0.08460936
PaletteButtonUI:0.067718185
PaletteToolBarUI:0.064863585
BackdropBorder:0.031626195
PaletteLabelUI:0.021182992
PaletteButtonBorder:0.018156225
PaletteTextComponentBorder:0.015111812
PaletteSliderUI:0.012819309
PaletteFontChooserPreviewPanel:0.010458144
