ArchiveItem:0.21436098
Archive:0.18102185
