AbstractSelection:0.18141432
FS:0.04233082
MLogger:0.019110434
