AbstractFS:0.20803145
Links:0.18263727
FSHelper:0.16905788
ItemRenderer:0.10972318
MountManager:0.07345275
MetaInfoAction:0.07047656
MetaInfoMenu:0.068749525
MetaInfoList:0.038697608
FSException:0.004239992
FSAction:0.0015579995
