FSHelper:0.5866666666666667
AbstractFS:0.44333333333333336
ImportExport:0.29333333333333333
FeedsFS:0.26
