View:0.34
Token:0.29
JEditTextArea:0.2866666666666667
DisplayManager:0.2866666666666667
Primitive:0.27666666666666667
Reflect:0.27666666666666667
ButtonLayout:0.25666666666666665
OperatingSystem:0.24
TextAreaPainter:0.23666666666666666
TarInputStream:0.22333333333333333
VariableGridLayout:0.21916666666666668
ParserTokenManager:0.19666666666666666
BufferPrinter1_4:0.19
MenuItemCompare:0.18083333333333335
ToolBarOptionPane:0.17
PluginList:0.16833333333333333
BshMethod:0.16666666666666666
BoyerMooreSearchMatcher:0.16333333333333333
OptionsDialog:0.16
ContextOptionPane:0.13333333333333333
ModeProperties:0.13
Renderer:0.11333333333333333
PluginsProvider:0.10333333333333333
