Role:0.6633333333333333
WikiUserDetails:0.38333333333333336
ServletUtil:0.32666666666666666
AnsiQueryHandler:0.3
WikiDatabase:0.24333333333333335
JAMWikiAuthenticationConfiguration:0.23666666666666666
RoleImpl:0.22333333333333333
AdminServlet:0.2
EditServlet:0.19333333333333333
JAMWikiServlet:0.17666666666666667
RolesServlet:0.15333333333333332
RegisterServlet:0.15
WatchlistServlet:0.12
MoveServlet:0.10333333333333333
ImportTiddlyWikiServlet:0.10333333333333333
JAMWikiDaoImpl:0.08333333333333333
