Handler:0.7216666666666667
XmlParsedData:0.5533333333333333
SAXParserImpl:0.3233333333333333
XmlListCellRenderer:0.14
