GUI:0.6466666666666666
DisplayBordersAction:0.32666666666666666
DisplayGridAction:0.32666666666666666
