Unit:0.95
InGameInputHandler:0.27666666666666667
InGameController:0.23666666666666666
