Unit:0.13182609
Colony:0.120160624
ColonyTile:0.08287076
Settlement:0.066767044
Building:0.06065542
FreeColGameObject:0.053610817
UnitType:0.0507611
Tile:0.04402746
GoodsContainer:0.04346905
EquipmentType:0.035449192
Europe:0.035010424
Location:0.033845894
FreeColObject:0.020005878
GoodsType:0.017760295
TypeCountMap:0.016113885
ProductionInfo:0.013342504
