UI:0.8466666666666667
TextUtils:0.29
TodoEditorDesigner:0.22333333333333333
NotepadEditorCore:0.21666666666666667
NotepadEditorDesigner:0.19
ComponentResizedListener:0.04666666666666667
ComponentShownListener:0.04666666666666667
