MDialog:0.62
PrintPreview:0.38
PrintDialog:0.30333333333333334
PropertiesPanel:0.21550000000000002
