MApplication:0.5066666666666667
PluginDownloader:0.38555555555555554
PluginSettings:0.27
SessionManager:0.17333333333333334
AboutAction:0.11333333333333333
ConfigureAction:0.013055555555555556
