TextAreaPainter:0.4866666666666667
EnhancedCheckBoxMenuItem:0.25666666666666665
MouseHandler:0.13333333333333333
