Buffer:0.6566666666666666
JEditTextArea:0.5
Recorder:0.29333333333333333
SearchAndReplace:0.22444444444444447
