Player:0.7766666666666666
StartGamePanel:0.4533333333333333
Canvas:0.3933333333333333
PreGameInputHandler:0.29
PreGameController:0.21444444444444447
ConnectController:0.16333333333333333
NewPanel:0.08333333333333333
PlayersTableModel:0.058333333333333334
ComboBoxRenderer:0.015
NationEditor:0.0025
ColorEditor:0.0025
