MButton:0.25790903
MIconChooser:0.17620157
Item:0.06469699
