Unit:0.57
TileImprovement:0.47333333333333333
TileImprovementType:0.32666666666666666
TilePopup:0.31333333333333335
GUI:0.29
