Canvas:0.45777777777777773
ColonyPanel:0.45666666666666667
Colony:0.25666666666666665
TilePanel:0.25333333333333335
UserInputHandler:0.2482777777777778
