QueryHandler:0.596388888888889
AnsiQueryHandler:0.5466666666666666
TestDataHandler:0.3
DataHandler:0.2275
AnsiDataHandler:0.18666666666666668
