AnsiDataHandler:0.44333333333333336
QueryHandler:0.32
AnsiQueryHandler:0.17666666666666667
MoveServlet:0.17333333333333334
