Editor:0.5533333333333333
VersionPanel:0.45
EditorPassword:0.36333333333333334
