MColorPicker:0.5666666666666667
ImageEditor:0.4866666666666667
MColorChooser:0.30666666666666664
ImageEditorDesigner:0.2966666666666667
