MLogger:0.6566666666666666
MTextFieldPanel:0.3566666666666667
MCalendar:0.33666666666666667
MStatusBar:0.3233333333333333
