HTMLOptions:0.6533333333333333
EditOptionsDialog:0.36
XHTMLDialect:0.3233333333333333
FilterVisitor:0.31666666666666665
EditXOptionsDialog:0.2833333333333333
XHTMLOptions:0.24666666666666667
