FreeColGameObject:0.3577636
Europe:0.23452988
GoodsContainer:0.21865878
Resource:0.21634115
Ability:0.21408826
ColonyTile:0.21029271
Game:0.19969417
PlayerExploredTile:0.19255316
LostCityRumour:0.18699059
AbstractUnit:0.18468365
Region:0.18410613
Building:0.17742948
AbstractGoods:0.17394757
MarketData:0.17230381
Event:0.16704194
LastSale:0.1658536
Goods:0.1654713
FreeColGameObjectType:0.16147196
UnitTradeItem:0.1614495
IndianSettlement:0.15936422
TileImprovement:0.15584973
TradeRoute:0.15507628
Monarch:0.1544608
Market:0.15438591
FoundingFather:0.15052105
Limit:0.14605251
HistoryEvent:0.14339255
TradeItem:0.1433266
EuropeanNationType:0.14329654
EquipmentType:0.13838749
Specification:0.13761371
GoodsTradeItem:0.13577701
ColonyTradeItem:0.13502257
Operand:0.13421187
IndianNationType:0.13403249
Tile:0.13372503
ExportData:0.13327894
HighScore:0.13058652
Scope:0.12952276
TileItemContainer:0.12930337
UnitTypeChange:0.12873533
Colony:0.12758665
Modifier:0.12672155
BuildingType:0.123534426
NationOptions:0.1234779
Map:0.12150936
TileImprovementType:0.11945316
Nation:0.11797301
NationSummary:0.11697453
TileType:0.11472036
ResourceType:0.11237194
GoodsType:0.112252824
Feature:0.11054992
SettlementType:0.10352426
DiplomaticTrade:0.101747155
StringTemplate:0.10035732
ModelMessage:0.097921975
BuildableType:0.09478486
UnitType:0.09409741
TradeRouteStop:0.09351313
NationType:0.08936621
Settlement:0.08268391
TileItem:0.08157852
Unit:0.07210632
Player:0.06949781
FeatureContainer:0.019555418
PathNode:0.014745467
BuildQueue:0.013327554
SimpleCombatModel:0.011272351
ProductionTree:0.004295226
