Unit:0.7225161
Europe:0.463329
Colony:0.4343955
FreeColObject:0.3505702
GoodsType:0.27994916
Location:0.14922507
Ownable:0.060430706
Player:0.0
Game:0.0
FreeColGameObject:0.0
Specification:0.0
