Sidebar:0.6633333333333333
MainWindow:0.5466666666666666
ScriptExecutor:0.27777777777777773
