jEdit:0.5366666666666666
Debug:0.461111111111111
GUIUtilities:0.31833333333333336
MiscUtilities:0.27666666666666667
PosBottomHalf:0.2633333333333333
OptionGroup:0.2
PositionManager:0.19
Highlight:0.08
