MList:0.6283333333333333
EnumProperty:0.355
MDownloadDialog:0.34833333333333333
