MApplication:0.38333333333333336
ArchiveChannel:0.31666666666666665
SDK:0.31333333333333335
TextEditorDesigner:0.2866666666666667
FontButton:0.13333333333333333
