MetaInfo:0.6133333333333333
Preloader:0.43
Tracker:0.26733333333333337
FeedsFS:0.2582777777777778
MainWindow:0.24666666666666667
HTMLViewPreloader:0.034722222222222224
