MPasswordField:0.4583333333333333
Desktop:0.38666666666666666
MPasswordPanel:0.24333333333333335
