OptionMapUI:0.23320311
FreeColActionUI:0.12630723
LanguageOptionUI:0.05865714
BooleanOptionUI:0.054868262
SelectOptionUI:0.054661844
FileOptionUI:0.052824292
RangeOptionUI:0.052694444
IntegerOptionUI:0.04808557
OptionUpdater:0.03488802
