OptionGroupUI:0.19245595
OptionMapUI:0.1845578
OptionUpdater:0.09606626
