JEditTextArea:0.41
DisplayTokenHandler:0.3333333333333333
Log:0.3233333333333333
GUIUtilities:0.31
ChunkCache:0.24333333333333335
BufferPrintable:0.18333333333333332
LogViewer:0.17666666666666667
ActionHandler:0.17444444444444446
ListHandler:0.10666666666666667
LogListModel:0.013333333333333334
