TK:0.08686494
MIconChooser:0.08519968
MFontChooser:0.06300559
AbstractIterator:0.057467613
UI:0.053577546
MSettingsDialog:0.04824577
MCellTip:0.04732454
MMessage:0.029293047
Config:0.028652092
MMouseAdapter:0.021827865
MLogger:0.018002529
MTextFieldPanel:0.016623091
MColor:0.014695658
MSearchPanel:0.0053816317
