AIGoods:0.55480653
ColonialAIPlayer:0.3094916
StandardAIPlayer:0.30855915
Transportable:0.26876375
TileImprovementPlan:0.25531387
NewAIPlayer:0.23649615
EuropeanAIPlayer:0.23307833
Wish:0.23258315
WorkerWish:0.23027833
REFAIPlayer:0.21499285
AIColony:0.20537294
AIObject:0.1737795
AIPlayer:0.16198434
IndianAIPlayer:0.15529658
AIMain:0.14719346
