GeneralSettings:0.19942573
ProxySettings:0.05633727
