SearchBar:0.6933333333333334
StatsPanel:0.3433333333333333
EditorQuickFind:0.27
