FS:0.04954924
OS:0.040361024
MLogger:0.036192354
TK:0.034872837
MProperties:0.022197898
UI:0.014900418
PropertyAccess:0.004088855
BooleanProperty:0.0038747839
