StringList:0.48196042
TK:0.27851212
ConfigFile:0.11977013
MTreeItem:0.08837014
ColumnManager:0.06853674
BackgroundTaskManager:0.05133214
MTree:0.050827865
MIcon:0.049940694
MNotification:0.04931366
MFontChooser:0.04401566
MPanel:0.043639027
UI:0.039790533
MSettingsDialog:0.034055695
HTMLAutodiscovery:0.033071782
MCalendarPanel:0.03192626
