MColorButton:0.06644335
MSmallColorButton:0.039886698
ColorProperty:0.026121948
MPanel:0.017576344
UI:0.016662324
TK:0.009885337
ValueEvent:0.0024658542
