TestTK:0.535
MFontChooser:0.36833333333333335
SwingWebBrowser:0.31666666666666665
