jEdit:0.09156521
AbstractOptionPane:0.023049861
OptionsDialog:0.021485496
