HyperSearchRequest:0.26260513
HyperSearchResult:0.047177333
View:0.033701602
SearchAndReplace:0.031752326
jEdit:0.030607706
DockableWindowManager:0.030235646
Buffer:0.026131727
BufferUpdate:0.017577222
EditBus:0.014580226
JEditTextArea:0.012358407
VFSManager:0.011541938
DockableWindow:0.010140409
EBComponent:0.008389283
EBMessage:0.007748417
