MDialog:0.09294776
MPanel:0.087719925
MButton:0.077942185
UI:0.06884273
MAction:0.06653462
MSmallButton:0.057083964
MIcon:0.054028545
ActionGroup:0.053799126
MURLButton:0.047168568
MMessage:0.046728473
MText:0.037083607
TK:0.023445172
MUndoManager:0.021861872
Flags:0.021779139
MLineBorder:0.018227814
Property:0.0046483492
EnumProperty:0.0028654318
WTFError:0.0019996034
