RealProject:0.55
Core:0.38666666666666666
SaveThread:0.36
IAutoSave:0.09277777777777778
