Unit:0.8533333333333334
PlowAction:0.21333333333333335
FortifyAction:0.21333333333333335
BuildRoadAction:0.19333333333333333
