TextAreaExtension:0.41432208
TextAreaPainter:0.29618347
Gutter:0.22746988
ChunkCache:0.12819916
JEditTextArea:0.09625509
Log:0.009943644
