DefaultInputHandler:0.30714166
ActionBar:0.12793909
View:0.08933899
EditAction:0.07747919
Macros:0.07435152
ActionSet:0.07056575
StatusBar:0.06033228
Buffer:0.05634137
BeanShell:0.055414367
jEdit:0.054803036
GUIUtilities:0.032959435
KeyEventTranslator:0.02548661
JEditTextArea:0.023143396
MiscUtilities:0.019742828
HistoryModel:0.016728297
