View:0.15894024
JEditTextArea:0.092951335
