TextAreaPainter:0.23685615
Gutter:0.22676244
JEditTextArea:0.18320514
TextAreaExtension:0.11758074
TextUtilities:0.026424654
