AIColony:0.3470983
AIUnit:0.20367636
EuropeanAIPlayer:0.18828489
AIMain:0.16626401
AIObject:0.13406391
ValuedAIObject:0.06335351
