FeedThread:0.7761111111111112
TaskReader:0.24333333333333335
