Unit:0.58
ModelController:0.3133888888888889
ClientModelController:0.24333333333333335
ServerModelController:0.23333333333333334
MockModelController:0.21333333333333335
