GUI:0.080336936
FreeColMenuBar:0.046558913
TilePopup:0.034146063
CanvasMouseMotionListener:0.011339276
FullScreenFrame:0.00855946
CanvasMouseListener:0.007083246
CanvasKeyListener:0.005915793
GUIMessage:0.005312436
WindowedFrame:0.0035792536
WindowedFrameListener:0.001657744
