HsqlDatabaseProperties:0.44333333333333336
Session:0.3433333333333333
Database:0.34
JDBCResultSet:0.32
Logger:0.31333333333333335
DataSpaceManagerBlocks:0.29
ScriptWriterText:0.26
ScriptWriterBase:0.25666666666666665
JDBCResultSetMetaData:0.2325
JDBCParameterMetaData:0.22
JDBCConnection:0.21
ScriptWriterEncode:0.16333333333333333
