RowStoreAVLDiskData:0.7044444444444444
TableSpaceManagerText:0.44583333333333336
