LinkUtil:0.6666666666666666
Utilities:0.5266666666666666
JAMWikiServlet:0.37666666666666665
ParserUtil:0.21333333333333335
SearchServlet:0.15333333333333332
LoginServlet:0.15333333333333332
RegisterServlet:0.15
LinkTag:0.12666666666666668
ImageLinkTag:0.11666666666666667
