Desktop:0.6766666666666666
Action:0.30666666666666664
DesktopTab:0.26
