ProtectedPartsMarker:0.094038114
AbstractMarker:0.07790258
ComesFromTMMarker:0.051174887
IMarker:0.042107984
