ParserRuleSet:0.5366666666666666
ParserRule:0.3933333333333333
TokenMarker:0.30333333333333334
LineContext:0.2633333333333333
XModeHandler:0.21083333333333334
TagDecl:0.17
