OptionGroup:0.11289925
OptionsDialog:0.09757495
EditPlugin:0.06313477
PluginListDownloadProgress:0.010213764
jEdit:0.0074163866
MacOSHandler:0.0072874203
EditPane:0.0058269333
AppearanceOptionPane:0.004948269
BrowserColorsOptionPane:0.0031946942
Log:0.0030214086
SyntaxHiliteOptionPane:0.002895148
ToolBarOptionPane:0.0026859115
BrowserOptionPane:0.0025768387
AbbrevsOptionPane:0.0023954972
GeneralOptionPane:0.0020065724
ShortcutsOptionPane:0.0019529364
ContextOptionPane:0.0017900203
GutterOptionPane:0.0017844975
PrintOptionPane:0.001764786
LoadSaveOptionPane:0.0016594126
FirewallOptionPane:0.0015962434
DockingOptionPane:0.0015802337
StatusBarOptionPane:0.0014476964
EditingOptionPane:0.0013703167
TextAreaOptionPane:0.001321007
PanelWindowContainer:7.2503893E-4
