jEdit:0.13657938
AbstractOptionPane:0.11095209
ColorWellButton:0.079754226
GlobalOptions:0.03343433
FontSelector:0.004291854
