Preferences:0.66
Core:0.4533333333333333
Styles:0.32666666666666655
EditorSettings:0.3233333333333333
EditorTextArea3:0.2777777777777778
SegmentBuilder:0.27
MarkerController:0.23
EditorController:0.2
MainWindowMenuHandler:0.15666666666666668
MainWindowMenu:0.13666666666666666
