MMessage:0.8266666666666667
FSHelper:0.4033333333333333
