OS:0.45666666666666667
MComboBox:0.4533333333333333
ArchiveChannel:0.39
MComponent:0.21333333333333335
