Mnemonic:0.9116666666666666
MSettingsDialog:0.42333333333333334
