View:0.6166666666666667
SchemaManager:0.5083333333333333
ParserDML:0.2833333333333333
