EditorController:0.55
Document3:0.31666666666666665
SegmentBuilder:0.21333333333333335
ViewLabel:0.20333333333333334
EditorTextArea3:0.16666666666666666
EditorUtils:0.043333333333333335
DocumentFilter3:0.02666666666666667
