MList:0.5033333333333333
Filters:0.3808730158730159
MSmallColorChooser:0.29
PropertiesBar:0.2
