MetaInfoMenu:0.25661752
AbstractFS:0.25018618
MetaInfo:0.2117736
MetaInfoAction:0.19746739
