FSHelper:0.6324244
MetaInfo:0.45495045
Links:0.3644752
LinkMetaInfo:0.22389168
MountPanel:0.19198781
FSException:0.048210323
FSAction:0.008857572
FSPlugin:0.0061917743
