MApplication:0.3566666666666667
Desktop:0.31666666666666665
Widget:0.30666666666666664
MText:0.3
InputMethodAction:0.24666666666666667
Console:0.22
DeskletWidget:0.21333333333333335
DeskletWidgetContext:0.21333333333333335
MWebBrowserPanel:0.20416666666666666
PluginManager:0.2
Item:0.19133333333333333
