MDialog:0.5233333333333333
MFrame:0.42333333333333334
MMainWindow:0.30333333333333334
MNumberSpinner:0.23333333333333334
