AnsiQueryHandler:0.7233333333333334
AnsiDataHandler:0.2833333333333333
UpgradeServlet:0.27
