PertApplet:0.49
PertPanel:0.48333333333333334
PertProject:0.465
NameAdapter:0.2142539682539683
DurationAdapter:0.19
