TextAreaPainter:0.15895699
Buffer:0.08193468
EditPane:0.080557406
TextAreaHighlight:0.078100875
JEditTextArea:0.06999328
View:0.068936095
