SearchEngine:0.7066666666666667
JAMWikiServlet:0.52
AbstractSearchEngine:0.45666666666666667
JAMWikiParser:0.35
SearchServlet:0.13666666666666666
LinkToServlet:0.03833333333333333
