RowOutputBase:0.38725865
RowOutputText:0.20074326
