RowOutputBinary:0.50255054
RowOutputTextLog:0.37433785
RowOutputText:0.3394267
RowOutputInterface:0.27515882
