RowOutputTextQuoted:0.24555202
RowOutputBase:0.09821861
RowOutputInterface:0.047953285
