Canvas:0.5833333333333334
GUI:0.5533333333333333
ConnectController:0.3233333333333333
