Colony:0.33279145
ColonyTile:0.2707185
IndianSettlement:0.25403163
AbstractGoods:0.23048323
Goods:0.22354549
Settlement:0.21351828
Europe:0.20316821
Tile:0.18898866
Building:0.18873906
ExportData:0.17394055
Unit:0.1665829
GoodsType:0.14791864
Player:0.11414275
Location:0.09065407
FreeColGameObject:0.0863898
Game:0.08131675
FreeColObject:0.06443609
ModelMessage:0.0644131
SimpleCombatModel:0.056634493
FreeColGameObjectType:0.034637894
