ColonyPanel:0.19980906
GoodsLabel:0.194486
MarketLabel:0.15320098
DefaultTransferHandler:0.13028172
DragListener:0.12733017
EuropePanel:0.10730014
BuildingToolTip:0.09796665
ReportPanel:0.09675044
WorkProductionPanel:0.09661175
ColopediaPanel:0.09636766
ReportColonyPanel:0.07997472
BuildingPanel:0.07383318
ProductionLabel:0.06467263
CargoPanel:0.059038866
ReportCargoPanel:0.054632448
ReportNavalPanel:0.047435697
ReportMilitaryPanel:0.039508402
PreCombatDialog:0.03817626
