jEdit:0.44888888888888884
VFS:0.44666666666666666
JEditTextArea:0.43333333333333335
MiscUtilities:0.43
Buffer:0.3933333333333333
Mode:0.38333333333333336
GUIUtilities:0.37666666666666665
Rect:0.37333333333333335
MouseHandler:0.35
AbstractOptionPane:0.32666666666666666
ChunkCache:0.325
DockableWindowManager:0.2783333333333333
OffsetManager:0.24
EditingOptionPane:0.23666666666666666
EditPane:0.23333333333333334
HelpViewer:0.22666666666666666
BufferIORequest:0.22
JARClassLoader:0.22
VFSBrowser:0.21666666666666667
Gutter:0.21666666666666667
StatusBar:0.215
FileRootsVFS:0.215
BrowserJTree:0.21166666666666667
HyperSearchResults:0.18
TOCTree:0.17333333333333334
HyperSearchResult:0.155
GlobalOptions:0.14333333333333334
BufferChangeHandler:0.12166666666666667
KeyHandler:0.12
DownloadThread:0.07666666666666666
ActionHandler:0.07165873015873016
MouseWheelHandler:0.07
ModeProperties:0.04666666666666667
BrowserColorsOptionPane:0.043333333333333335
PropertyChangeHandler:0.0033333333333333335
