FreeColListUI:0.06546434
FreeColComboBoxUI:0.044271737
