FreeColComboBoxRenderer:0.15866075
LAFUtilities:0.11728916
FreeColLookAndFeel:0.0017096233
