FreeColComboBoxRenderer:0.054238975
FreeColLookAndFeel:9.360427E-6
