MapControls:0.04264199
ImageProvider:0.007248205
UnitButton:0.00216202
