ParserRule:0.53
TokenMarker:0.51
XModeHandler:0.33666666666666667
CharIndexedSegment:0.20888888888888887
