TextAreaPainter:0.485
TextUtilities:0.43333333333333335
ChunkCache:0.28
SearchDialog:0.26
MouseHandler:0.17
BufferOptions:0.16333333333333333
