FS:0.11600978
MDownloadDialog:0.072904676
FileCache:0.055032123
TK:0.04855559
MApplication:0.030654667
HTMLViewFactory:0.02980429
MWebBrowserPanel:0.02260001
Flags:0.020311095
MMainWindow:0.01953961
MLogger:0.016354265
MTip:0.012626216
MClipboard:0.010573052
HTMLAutodiscovery:0.008299843
MLoginPanel:0.0072724656
MHTMLViewer:0.0066733863
