MAuthenticator:0.28705713
MDialog:0.05205534
MPanel:0.02699769
Net:0.018669989
MTextField:0.013283513
OS:0.012536275
Config:0.009272062
TK:0.0071827997
MActionInfo:0.007119537
