FeedsFS:0.05090362
FeedsFSPlugin:0.019079644
