AbstractFS:0.40707335
MetaInfo:0.29235858
MountManager:0.20983705
MetaInfoComparator:0.1893725
FSException:0.027432662
FSAction:0.005424368
