StaticUIUtils:0.551111111111111
IssuesPanelController:0.54
IssuesPanel:0.3333333333333333
