AllBufferSet:0.20618817
SearchDialog:0.16624852
MiscUtilities:0.09632305
BufferListSet:0.09139577
VFSBrowser:0.0710968
