LogItem:0.25353533
TopicVersion:0.2432613
Topic:0.012991967
