RectangleTool:0.16007467
Tool:0.116768524
SelectionTool:0.09935227
ToolPanel:0.013419121
