BrushTool:0.22251433
RedRectangleTool:0.18218306
Tool:0.1593321
AbstractRectangleTool:0.119688384
ToolPanel:0.016458007
