BrushTool:0.15637292
AbstractRectangleTool:0.15245803
Tool:0.07241748
