RectangleTool:0.28151378
AbstractRectangleTool:0.20965993
BrushTool:0.122829005
ToolPanel:0.060295656
SelectionTool:0.059784036
ToolManager:0.054280993
ToolButton:0.027660105
