MPanel:0.0731759
MMenu:0.053665146
UI:0.041690312
MMouseAdapter:0.036778156
TK:0.009193434
MIcon:0.005129474
MApplication:0.0046955342
MLogger:0.0046878643
StateEvent:0.0044905357
