DatabaseConnection:0.6166666666666667
Utilities:0.5466666666666666
SetupServlet:0.2633333333333333
