SummaryData:0.38666666666666666
ChartPainter:0.3433333333333333
MText:0.29833333333333334
EditorQuickFind:0.29333333333333333
DataVisitor:0.27051984126984113
PrintDialog:0.25666666666666665
Group:0.25
GroupTree:0.23333333333333334
FileCache:0.21966666666666665
ImageEditor:0.20916666666666667
SimpleButtonUI:0.20333333333333334
GhostFrame:0.19666666666666666
HiddenCommentView:0.16666666666666666
MSmallButton:0.15944444444444442
CalendarComponent:0.15666666666666668
HTMLViewFactory:0.15
EditorCrypto:0.13666666666666666
DateAction:0.09666666666666666
HiddenFormView:0.08666666666666667
