Messages:0.66
Goods:0.36
ColopediaPanel:0.27
GoodsTest:0.20333333333333334
MessagesTest:0.19666666666666666
NumberRules:0.19
