TransactionManager:0.49666666666666665
Expression:0.4511111111111111
Session:0.41
ParserDQL:0.28
ExpressionLogical:0.27666666666666667
StatementCompound:0.25666666666666665
ExpressionTable:0.24333333333333335
TransactionManagerCommon:0.22
TransactionManager2PL:0.22
ParserRoutine:0.19333333333333333
TransactionManagerMVCC:0.18666666666666668
TransactionManagerMV2PL:0.18666666666666668
LineGroupReader:0.18166666666666667
OpTypes:0.016666666666666666
