EventPanel:0.16402255
QuitDialog:0.13305798
EmigrationPanel:0.13239357
ChooseFoundingFatherDialog:0.123702236
EuropePanel:0.10952357
ErrorPanel:0.096939646
CaptureGoodsDialog:0.07505826
FreeColPanel:0.017502896
