DatabaseInformationFull:0.6933333333333334
DatabaseInformationMain:0.5307777777777778
DatabaseInformation:0.5233333333333333
