Unit:0.5366666666666666
Tile:0.48833333333333334
GameOptions:0.4483333333333333
ServerPlayer:0.24666666666666667
InGameInputHandler:0.20666666666666667
