ImportExport:0.5733333333333334
DnDTransferHandler:0.39666666666666667
LinkEditorPlugin:0.32
