Canvas:0.12804788
GUI:0.06416124
