RowSetNavigatorData:0.67330366
RowSetNavigator:0.09162437
RowIterator:0.05928803
