WebBrowser:0.6333333333333333
ImageFactory:0.6201944444444444
MWebBrowserPanel:0.47333333333333333
FeedViewer:0.37666666666666665
ImageDownloader:0.12333333333333334
