Preferences:0.5341666666666667
SearchWindowController:0.38666666666666666
DisplayedEntry:0.3826111111111111
EntryListPane:0.31333333333333335
SearchWindowForm:0.23333333333333334
DisplayedEntryImpl:0.23
EmptyDisplayedEntry:0.18066666666666667
