Game:0.6966666666666667
InGameInputHandler:0.38333333333333336
ServerModelController:0.27666666666666667
ClientModelController:0.23333333333333334
