TaskTable:0.41
BooleanRenderer:0.39666666666666667
MCellTip:0.36666666666666664
Model:0.3233333333333333
ConsoleConfig:0.2544444444444445
