PrivateerMission:0.5533333333333333
TransportMission:0.36333333333333334
Mission:0.33666666666666667
AIUnit:0.304
CombatTest:0.30333333333333334
AllTests:0.29
StandardAIPlayer:0.24
ColonialAIPlayer:0.23
PrivateerMissionTest:0.12333333333333334
