ColonyPanel:0.42
TradeRouteAction:0.22166666666666668
ClearOrdersAction:0.22166666666666668
RenameAction:0.22166666666666668
InGameMenuBar:0.18333333333333332
ActionManager:0.17
UnloadAction:0.16733333333333333
LoadAction:0.15333333333333332
