Unit:0.5966666666666667
Player:0.5633333333333334
AllTests:0.26
ContactTest:0.19333333333333333
