Unit:0.6533333333333333
InGameController:0.38333333333333336
InGameInputHandler:0.27
GUI:0.19333333333333333
FreeColMenuBar:0.13333333333333333
CanvasMouseListener:0.12333333333333334
GoingToPredicate:0.1
ActivePredicate:0.08333333333333333
