Property:0.53
PropertyPanel:0.36
MCalendarPanel:0.3466666666666667
MDateSpinner:0.25
DateProperty:0.17333333333333334
