TodoEditor:0.6166666666666667
AbstractSettings:0.38333333333333336
TaskTable:0.18666666666666668
TabComponent:0.15333333333333332
DeleteCompletedAction:0.12911111111111112
