Player:0.6566666666666666
Europe:0.5266666666666666
InGameController:0.33666666666666667
InGameInputHandler:0.32
