MTextField:0.23685324
MPasswordField:0.19291501
MMessage:0.09049567
MText:0.06730897
