UI:0.032107346
MWindow:0.024922702
MDialog:0.017612694
MLabel:0.014251519
Uninstantiable:1.3002269E-5
