UI:0.07738746
MNotification:0.01900465
MSplashScreen:0.018774558
