FS:0.54
MetaInfo:0.5
Index:0.31333333333333335
EditorPlugin:0.30333333333333334
ImportExport:0.27666666666666667
Enclosure:0.24
MFileChooser:0.225
Tracker:0.22
Archive:0.20333333333333334
TrashFS:0.20333333333333334
ScriptPlugin:0.19666666666666666
VersionInfo:0.185
VersionPanel:0.18
DnDTransferHandler:0.16333333333333333
AbstractIconLoader:0.15333333333333332
PropertiesCompiler:0.14
ImageTransferHandler:0.13666666666666666
