MLabel:0.03945895
FS:0.009623491
