VFSFile:0.46
OperatingSystem:0.44
jEdit:0.425
JEditTextArea:0.42
DisplayManager:0.33166666666666667
VFSBrowser:0.3233333333333333
GUIUtilities:0.31
MiscUtilities:0.29
MouseHandler:0.25666666666666665
StatusListener:0.22850793650793652
BrowserView:0.22
VFSDirectoryEntryTable:0.2
FileVFS:0.19666666666666666
BufferHistory:0.19
EditPane:0.18666666666666668
BrowserIORequest:0.17
VFSFileNameField:0.14
BrowserHandler:0.07666666666666666
StatusHandler:0.05333333333333334
