MIcon:0.61
IconLoader:0.5886666666666667
DefaultIconLoader:0.3433333333333333
