FeedThread:0.49083333333333334
FetchAllFeedsAction:0.15666666666666668
FetchFeedsAction:0.14
CustomAdvancedPanel:0.14
FeedsConfigPanel:0.12666666666666668
