JEditBuffer:0.44666666666666666
RegexpIndentRule:0.27
DeepIndentRule:0.26666666666666666
IndentRule:0.13153968253968254
CloseBracketIndentRule:0.1
OpenBracketIndentRule:0.08
