Config:0.7466666666666667
NoteWidget:0.33
FeedViewer:0.2733333333333333
