FS:0.057785094
TK:0.025683053
MLogger:0.010742114
