UI:0.7033333333333334
MGraphics2D:0.29
MMessageLabel:0.26166666666666666
PropertiesBar:0.25833333333333336
PluginSettings:0.24444444444444444
MTextFieldPanel:0.2111111111111111
MSliderBeanInfo:0.12
MNumberSpinnerBeanInfo:0.12
