GraphicalCompositeFigure:0.2089073
CompositeFigure:0.1824849
AbstractFigure:0.16773517
Drawing:0.15557142
Figure:0.1485776
AbstractAttributedCompositeFigure:0.14304623
TransformHandleKit:0.07469865
GroupFigure:0.053782318
AttributeKeys:0.043536864
Layouter:0.03312216
AttributeKey:0.031885654
Handle:0.029700838
FigureEvent:0.026704442
FigureAdapter:0.021510359
ListFigure:0.016420629
