MDialog:0.9566666666666667
MSettingsDialog:0.37666666666666665
RepeatPanel:0.14
