JAMWikiServlet:0.6566666666666666
AdminServlet:0.20333333333333334
SaveAttachmentServlet:0.18166666666666667
ViewAttachmentServlet:0.14
SetupServlet:0.14
EditServlet:0.14
NotifyServlet:0.14
RSSServlet:0.11666666666666667
RegisterServlet:0.11
TopicServlet:0.11
SearchServlet:0.10666666666666667
PrintableServlet:0.10666666666666667
LockListServlet:0.10666666666666667
LoginServlet:0.10666666666666667
AttachServlet:0.09
VirtualWikiServlet:0.09
DiffServlet:0.09
HistoryServlet:0.09
RecentChangesServlet:0.09
