Canvas:0.7
MonarchPanel:0.48333333333333334
InGameInputHandler:0.28
ShowMonarchPanelSwingTask:0.24444444444444446
DebugMenu:0.12666666666666668
