XMLStream:0.5366666666666666
FreeColServer:0.42
FreeCol:0.3791111111111111
FreeColDataFile:0.28
ConnectController:0.17583333333333334
MapGenerator:0.17
