NameSpace:0.14179161
Interpreter:0.1127058
Name:0.040713485
BeanShell:0.032112066
Reflect:0.028529331
BSHType:0.02190292
ClassPathException:0.010212572
ReflectManager:0.008103027
EvalError:0.0073269336
