Name:0.18260404
NameSpace:0.17651959
LHS:0.12351346
BSHPrimarySuffix:0.119607344
BSHLHSPrimarySuffix:0.11834497
This:0.083737046
Interpreter:0.081134796
XThis:0.07642811
BSHAllocationExpression:0.0672103
Primitive:0.061678182
BSHArrayInitializer:0.059906654
BSHCastExpression:0.052090358
BSHBinaryExpression:0.049835905
SimpleNode:0.044433057
BSHArrayDimensions:0.033614922
ReflectError:0.03221631
ReflectManager:0.031853564
TargetError:0.03107098
BshClassManager:0.028706463
StringUtil:0.021225035
Capabilities:0.014749307
EvalError:0.012273921
InterpreterError:8.294637E-4
