ReportPanel:0.4033333333333333
ReportLabourPanel:0.3233333333333333
ReportTradePanel:0.20333333333333334
ReportTurnPanel:0.2
ReportLabourDetailPanel:0.19476190476190477
ReportRequirementsPanel:0.18666666666666668
ReportReligiousPanel:0.13416666666666666
ReportColonyPanel:0.0938888888888889
