UI:0.09870908
MMenu:0.07229601
MButton:0.066678375
MLabel:0.064093776
MApplication:0.055255324
MWindow:0.05408488
MPasswordField:0.05225771
MPanel:0.048231333
MAction:0.044945937
MMainWindow:0.03617414
MMouseAdapter:0.035661314
MSmallButton:0.03264827
TK:0.030629043
MIcon:0.029493222
MActionInfo:0.026669478
WindowDragAdapter:0.015475607
MArrayList:0.0145589365
Config:0.013714827
IntegerProperty:0.011837399
MTimer:0.0117832795
Property:0.0052774767
MProgressBar:0.005255982
BooleanProperty:0.0048973844
