MDialog:0.10974162
MButton:0.10752058
UI:0.07982985
ActionGroup:0.07049331
MIcon:0.06993388
MAction:0.069783255
MColorChooser:0.052362837
MText:0.040755562
MUndoManager:0.031267498
Flags:0.027684757
TK:0.025085242
MLogger:0.022276677
FS:0.015385118
WTFError:0.0049534384
Property:0.0042387373
