Unit:0.77
ImageLibrary:0.3566666666666667
FreeColMenuBar:0.24
InGameController:0.23
ActionManager:0.21333333333333335
UnitLabel:0.20666666666666667
MapControls:0.19777777777777777
GUI:0.19583333333333333
DragListener:0.15
SentryAction:0.11333333333333333
