DockableWindowManager:0.5866666666666667
PanelWindowContainer:0.5333333333333333
DockablePanel:0.25
ColorWell:0.24666666666666667
