Widget:0.26890737
Desktop:0.15117778
WidgetPeer:0.124386005
Pager:0.11859131
