TK:0.8
OS:0.43333333333333335
MNotification:0.3233333333333333
HTMLRichTextEditorKit:0.19666666666666666
