MetaInfo:0.52
Tags:0.43333333333333335
TagsEditor:0.30666666666666664
PropertiesPanel:0.23333333333333334
