TabComponent:0.09555427
TabIcon:0.032694276
