InGameController:0.8433333333333334
InGameInputHandler:0.43166666666666664
