ParserRule:0.15304473
ParserRuleSet:0.13957106
DefaultTokenHandler:0.09540725
Buffer:0.093584225
XModeHandler:0.0812618
DummyTokenHandler:0.061864648
TokenHandler:0.058842443
OffsetManager:0.045362487
TextUtilities:0.04170584
SoftWrapTokenHandler:0.03784114
Token:0.02880006
jEdit:0.021297108
DisplayTokenHandler:0.02116675
RE:0.016671455
KeywordMap:0.016384736
REMatch:0.013917168
Mode:0.007037303
Log:0.0056296503
CharIndexedSegment:0.005567495
