VFSBrowser:0.39193475
BrowserView:0.24765182
VFS:0.16829593
BrowserListener:0.1483141
jEdit:0.14000943
GUIUtilities:0.13181077
Buffer:0.11946366
MiscUtilities:0.10257492
VFSManager:0.0928194
View:0.06147767
EnhancedDialog:0.045835182
WorkThreadPool:0.028856462
WorkThreadProgressListener:0.012616037
