Unit:0.6
ServerPlayer:0.2866666666666667
UnitTest:0.26
InGameController:0.25666666666666665
FreeColServer:0.24
InGameInputHandler:0.19
DocksPanel:0.13222222222222224
CashInTreasureTrainMessage:0.12
