SegmentBuilder:0.5833333333333334
IMarker:0.2841111111111111
CalcMarkersThread:0.24833333333333332
