Database:0.6266666666666667
Server:0.5
DatabaseManager:0.30666666666666664
HsqlArrayList:0.22583333333333333
WebServer:0.20166666666666666
ServerThread:0.19333333333333336
WebServerConnection:0.15
ServerConnection:0.12
ServerConstants:0.11333333333333333
HashSet:0.06166666666666667
