UpdateTradeRouteMessage:0.5719391
ServerAPI:0.15006007
DOMMessage:0.026319562
Connection:0.010812364
