FreeColPanel:0.04339623
FreeColDialog:0.042399652
