UnitType:0.18793057
FreeColObject:0.06356282
Scope:0.057833627
Specification:0.03970234
Player:0.022499226
