StatementTypes:0.45359523809523816
ParserDQL:0.43805555555555553
Logger:0.3433333333333333
ParserCommand:0.24777777777777776
StatementCommand:0.24333333333333335
