JFlexParser:0.5833333333333334
Utilities:0.4544444444444444
JFlexLexer:0.4033333333333333
