CargoPanel:0.6466666666666666
LocationChangeListener:0.5897777777777777
ColonyPanel:0.4955555555555555
