Buffer:0.5138888888888888
JEditTextArea:0.38666666666666666
Log:0.37666666666666665
TextUtilities:0.31666666666666665
OffsetManager:0.29
DockableWindowManager:0.28
TextAreaPainter:0.23
View:0.23
PanelWindowContainer:0.20333333333333334
ActionHandler:0.19
MouseHandler:0.1877777777777778
ActionBar:0.17666666666666667
ActionTextField:0.17
LogListModel:0.13
KeyHandler:0.11333333333333333
LogViewer:0.09666666666666666
Renderer:0.006666666666666667
LogList:0.0033333333333333335
