UI:0.8266666666666667
MSlider:0.38
MComboBox:0.31666666666666665
LookAndFeelSettings:0.24333333333333335
TextEditorDesigner:0.21583333333333332
ImageEditorDesigner:0.19333333333333336
MFontComboBox:0.18666666666666668
NumberControlPanel:0.17333333333333337
EventsControl:0.0011111111111111111
