Main:0.5166666666666667
ProxyInfo:0.49666666666666665
ProxySettings:0.25333333333333335
GeneralSettings:0.22
