jEdit:0.19690701
EditPane:0.18613341
Buffer:0.14459473
View:0.14156461
VFSBrowser:0.12881215
EBMessage:0.123245895
Macros:0.11699075
MacOSPlugin:0.10650314
HyperSearchResults:0.10038036
Delegate:0.057558317
BufferChangeListener:0.05646333
