ViewUpdate:0.24552308
EditorExiting:0.2341752
EditBus:0.23251483
SearchSettingsChanged:0.22694744
PropertiesChanged:0.22694744
BufferUpdate:0.2239686
EditPaneUpdate:0.20619684
EditorStarted:0.205412
PluginUpdate:0.20006563
EBComponent:0.19970849
EditorExitRequested:0.18150826
DynamicMenuChanged:0.17666732
DockableWindowUpdate:0.14967813
VFSUpdate:0.14953756
EBPlugin:0.11022354
VFS:0.08992219
View:0.08208757
HelpViewer:0.07856375
Macros:0.07080361
PluginManager:0.06797332
Java14:0.06371394
VFSBrowser:0.06116413
SettingsReloader:0.060145948
MacOSPlugin:0.059327386
LogViewer:0.057513963
HyperSearchResults:0.056726247
SearchDialog:0.05496843
EditPane:0.05424021
EnhancedMenu:0.05209812
DockableWindowManager:0.048106566
QuickNotepad:0.042210266
