Player:0.5866666666666667
RandomChoice:0.4266666666666667
InGameInputHandler:0.29333333333333333
