ServerPlayer:0.5266666666666666
InGameController:0.4766666666666667
TransactionSession:0.47
ServerGame:0.24333333333333335
