River:0.1958522
TerrainGenerator:0.13654621
