MapGenerator:0.16504692
River:0.1264645
LandGenerator:0.11150115
MapGeneratorOptions:0.077726595
RiverSection:0.022248363
