Game:0.7966666666666666
FreeColServer:0.5333333333333333
MapConverter:0.19
