HTMLBuilder:0.5066666666666667
AbstractMarkupBuilder:0.47333333333333333
Connection:0.3088888888888889
MObject:0.19333333333333333
