WikiUtil:0.14028044
WikiLogger:0.09313596
ImageUtil:0.08248846
LinkUtil:0.0707508
WikiCache:0.057507258
SpamFilter:0.0446767
InterWikiHandler:0.04003593
