AIGoods:0.58138365
AIPlayer:0.33960533
Transportable:0.28674293
TileImprovementPlan:0.27605635
Wish:0.24974473
WorkerWish:0.24085344
AIColony:0.22555783
AIObject:0.17746219
AIMain:0.15533508
