MetaInfo:0.10407118
FSException:0.062648095
