Specification:0.48333333333333334
Operand:0.39666666666666667
Event:0.27666666666666667
LimitTest:0.14
