Market:0.45
InGameController:0.30666666666666664
InGameInputHandler:0.2966666666666667
AIInGameInputHandler:0.18444444444444444
