TK:0.71
AbstractFS:0.30333333333333334
Query:0.25
FSHelper:0.23333333333333334
AbstractTest:0.21666666666666667
ImportExport:0.21
