Token:0.25134328
ParserBase:0.104463436
ParserDQL:0.066337995
ParserRoutine:0.057783034
ParserDDL:0.049472712
ParserCommand:0.04578692
HsqlDateTime:0.030544512
Routine:0.027809631
Table:0.027549148
ParserDML:0.026031816
Constraint:0.019851224
Session:0.015441872
View:0.012439532
ClientConnection:0.008160103
SessionInterface:0.0036317846
TableDerived:0.0030866312
Tokens:0.0
