MText:0.9366666666666666
MHTMLViewer:0.24666666666666667
