ButtonFactory:0.46
SVGView:0.31
SVGInputFormat:0.295
DefaultOSXApplication:0.2833333333333333
PertView:0.2633333333333333
DrawingColorChooserAction:0.25083333333333335
EditorColorChooserAction:0.25083333333333335
ODGView:0.24
SVGApplet:0.22333333333333333
DrawView:0.19666666666666666
NetView:0.18
Main:0.16333333333333333
JPopupButton:0.12333333333333334
