MainWindow:0.6277777777777778
GlossaryTextArea:0.3333333333333333
FindGlossaryThread:0.2866666666666667
GlossaryManager:0.22666666666666666
