MainWindow:0.5833333333333334
NearString:0.36
FindMatchesThread:0.3333333333333333
MatchesTextArea:0.28
