MetaInfo:0.5966666666666667
Task:0.38666666666666666
HelpGenerator:0.31
HelpAction:0.19
TabsMenuAction:0.14333333333333334
