AbstractFileCache:0.3811111111111111
Archive:0.34
FileCache:0.32666666666666666
Cache:0.3016666666666667
TestAbstractFileCache:0.10666666666666667
