TextFigure:0.5133333333333333
LabelFigure:0.3616666666666667
TextHolderFigure:0.23333333333333334
SimpleLabelFigure:0.22333333333333333
