ServerPlayer:0.5566666666666666
InGameController:0.36666666666666664
MonarchActionMessage:0.32666666666666666
MercenariesSession:0.25666666666666665
InGameInputHandler:0.2302777777777778
ServerAPI:0.17666666666666667
