Canvas:0.5166666666666667
InGameController:0.49666666666666665
FreeColDialog:0.45
