AutoCompleter:0.63
AbstractAutoCompleterView:0.3933333333333333
AutoCompleterTableView:0.3522222222222222
