TaskModel:0.5933333333333334
TaskTable:0.35333333333333333
TodoEditorCore:0.26
TodoEditorPlugin:0.18666666666666668
Sorter:0.17777777777777778
TaskComparator:0.17333333333333334
