Table:0.6766666666666666
Constraint:0.2966666666666667
RefCapablePropertyResourceBundle:0.2733333333333333
DatabaseURL:0.26222222222222225
BundleHandler:0.22
ExpressionColumn:0.19472222222222224
LobManager:0.19083333333333333
