Sortable:0.12921652
AbstractIterator:0.12820394
MMessage:0.022743136
SimpleListCellRenderer:0.022290159
MMouseAdapter:0.018716972
UI:0.015007874
MLogger:0.0066473717
