PluginManager:0.08970436
PluginInfo:0.035027526
PluginRenderer:0.032293186
