QuerySpecification:0.42333333333333334
RowSetNavigatorDataTable:0.325
RowSetNavigatorData:0.30777777777777776
RowOutputBinary:0.2866666666666667
DataFileCache:0.2683333333333333
