ScaledRAFile:0.19559531
Trace:0.033626966
