Preferences:0.62
EditorTextArea3:0.33666666666666667
IEditor:0.31617857142857136
MainWindowMenuHandler:0.2733333333333333
Core:0.2543333333333333
MainWindowMenu:0.23
EditorController:0.22333333333333333
TransTipsUnderliner:0.13
GlossaryTextArea:0.11333333333333333
Underliner:0.02
