Player:0.57
IndianSettlement:0.41333333333333333
Colony:0.38
Mission:0.3466666666666667
Tension:0.34
Settlement:0.32666666666666666
InGameController:0.27666666666666667
Canvas:0.23
GUI:0.22
IndianBringGiftMission:0.2111111111111111
StandardAIPlayer:0.21
IndianAIPlayer:0.15666666666666668
MissionAssignmentTest:0.14666666666666667
IndianSettlementPanel:0.14333333333333334
ReportIndianPanel:0.07666666666666666
