TileItemContainer:0.3033512
Tile:0.28843468
IndianSettlement:0.20875974
LostCityRumour:0.1799188
Resource:0.15735404
TileImprovement:0.13612317
FreeColGameObject:0.124003656
Game:0.10402717
FreeColObject:0.098795824
TileItem:0.08916346
Settlement:0.08833721
UnitType:0.057913095
Unit:0.05717617
Player:0.05587753
Colony:0.049062856
GoodsType:0.04589951
Specification:0.039927438
