FreeColAction:0.22916624
ActionManager:0.19405715
MapboardAction:0.17763147
