FreeColAction:0.11352722
MapboardAction:0.067138486
ActionManager:0.038423706
