Interpreter:0.5833333333333334
Reflect:0.39
NameSpace:0.3233333333333333
Name:0.2733333333333333
Remote:0.15666666666666668
BSHLHSPrimarySuffix:0.12666666666666668
BSHUnaryExpression:0.11666666666666667
Handler:0.11666666666666667
BSHArrayDimensions:0.10333333333333333
Console:0.09
