Building:0.25938556
UnitType:0.16662829
Colony:0.15357004
FreeColGameObjectType:0.14412019
Specification:0.13896415
GoodsType:0.13089798
Ability:0.11135396
Modifier:0.09854231
BuildableType:0.097896926
FreeColObject:0.09424534
BuildQueue:0.07792021
Consumer:0.07032451
FeatureContainer:0.046090085
