AbstractUnit:0.22326633
Event:0.20582601
Specification:0.19787407
UnitType:0.18910101
FreeColObject:0.18750168
Ability:0.17851102
Player:0.16151704
FreeColGameObjectType:0.15530525
Building:0.14351414
Scope:0.1323933
Modifier:0.1318295
ProductionCache:0.03447022
