MTable:0.050297644
TK:0.048499197
MPanel:0.04309117
UI:0.042501725
MTree:0.03583605
MCalendarPanel:0.028319752
Item:0.026144093
MLabel:0.024529906
MFontChooser:0.023190167
MMessage:0.021018682
MTreeItem:0.020275885
Property:0.018532086
MSettingsDialog:0.018426836
MIconChooser:0.012229856
MLayout:0.011099538
MIcon:0.009436833
MColor:0.0091449935
BooleanProperty:0.002574847
