AbstractMarkupBuilder:0.11734831
AbstractFileCache:0.047683798
FileCache:0.02738331
