Tabs:0.10546002
Sidebar:0.07088786
Main:0.021786354
Vars:0.011991567
