ConstraintCore:0.69057643
TableWorks:0.25851902
Table:0.21526247
DatabaseCommandInterpreter:0.19361992
DatabaseInformationMain:0.16407278
Database:0.13617899
Index:0.1151957
DatabaseScript:0.08628932
Trace:0.078673266
DatabaseInformationFull:0.06934215
TableFilter:0.064918734
Expression:0.060575675
Session:0.047237225
Node:0.046467934
Row:0.04497372
HsqlException:0.008748825
