DINameSpace:0.08854526
DatabaseCommandInterpreter:0.08837441
Database:0.08710647
TableWorks:0.08589772
Table:0.08275422
DatabaseInformationMain:0.072750546
TriggerDef:0.059460405
TextTable:0.048744615
Parser:0.04781862
Trace:0.03388006
HsqlException:0.0057752845
