Parser:0.23375382
Table:0.16073589
DatabaseCommandInterpreter:0.16006371
Select:0.15450226
Database:0.13251498
Expression:0.113580845
DatabaseInformationFull:0.09342789
Result:0.091684006
Tokenizer:0.08792368
DatabaseScript:0.08575234
Trace:0.072607175
SubQuery:0.06187807
TableFilter:0.052539475
Token:0.038920302
SessionManager:0.020420166
NumberSequence:0.015788965
HsqlException:0.011841222
