AbstractFS:0.4650892
MetaInfo:0.3186681
MountManager:0.25431806
FSException:0.037741434
FSAction:0.0034902676
