MList:0.7983333333333333
Input:0.34
MCharacterChooser:0.3333333333333333
InsertCharacterAction:0.21333333333333335
