MRating:0.66
TridentConfig:0.37666666666666665
MRatingBeanInfo:0.20333333333333334
