BackgroundTask:0.19478577
MMouseAdapter:0.011454124
MLabel:0.00939637
MIcon:0.006219674
