MApplication:0.10065071
MPanel:0.07194886
MDialog:0.06558976
MMessage:0.06156103
MURLButton:0.05391798
MMainWindow:0.04165623
MLabel:0.0409966
MTextLabel:0.036398258
MTabbedPane:0.033797555
OS:0.03177798
UI:0.030238427
MIcon:0.022536555
TK:0.017910955
MButton:0.015889715
FS:0.0124375755
MScrollPane:0.008658213
