Messages:0.6766666666666666
ServerPlayer:0.5505555555555556
ReportTurnPanel:0.24
