UI:0.81
MApplication:0.44333333333333336
LookAndFeelSettings:0.2777777777777778
SDK:0.2633333333333333
