DefaultDrawingView:0.5233333333333333
AbstractCompositeFigure:0.42333333333333334
DelegationSelectionTool:0.4166666666666667
SVGTextFigure:0.365
SVGTextAreaFigure:0.245
HandleTracker:0.2
