JDBCResultSet:0.39
JDBCPreparedStatement:0.2966666666666667
HsqlByteArrayOutputStream:0.29
StringConverter:0.2633333333333333
RowOutputBinary:0.23333333333333334
TransactionManager:0.22666666666666666
FunctionCustom:0.2227777777777778
Session:0.22166666666666668
TestLobs:0.15
SessionContext:0.14777777777777776
CharArrayWriter:0.11277777777777777
