AIMain:0.46802476
Wish:0.4343221
AIUnit:0.39386228
AIGoods:0.35934064
GoodsWish:0.32876801
ValuedAIObject:0.30947214
TileImprovementPlan:0.30876273
WorkerWish:0.29464015
NewAIPlayer:0.2569747
WorkLocationPlan:0.22698428
AIPlayer:0.18402316
AIColony:0.16524257
StandardAIPlayer:0.14550291
ColonialAIPlayer:0.12958094
IndianAIPlayer:0.048536994
REFAIPlayer:0.03739416
EuropeanAIPlayer:0.029366596
