EuropeanAIPlayer:0.69902253
REFAIPlayer:0.48477888
AIPlayer:0.3197829
NewAIPlayer:0.3074241
IndianAIPlayer:0.26080856
AIUnit:0.22460946
AIColony:0.18722403
AIMessage:0.11662158
AIGoods:0.11535817
WorkerWish:0.09084921
TileImprovementPlan:0.06448497
AIMain:0.06180292
Transportable:0.059310813
AIInGameInputHandler:0.04192193
Wish:0.041692596
AIObject:0.021278413
ValuedAIObject:0.008540096
