TaskTable:0.66
TodoEditor:0.37666666666666665
TodoEditorCore:0.22
CutAction:0.11
PasteAction:0.11
CopyAction:0.11
SelectAllAction:0.11
UnselectAllAction:0.11
DeleteAction:0.043333333333333335
DeleteCompletedAction:0.043333333333333335
