MText:0.69
AutoCompletion:0.4766666666666667
MTextField:0.39
TagsEditor:0.21
HistoryCommand:0.20666666666666667
InternetSearchPanel:0.20666666666666667
MPasswordField:0.20333333333333334
MComboBox:0.2
MTextFieldPanel:0.19666666666666666
MFormattedTextField:0.16666666666666666
SummaryEditor:0.16666666666666666
SearchBar:0.16333333333333333
ConsoleCommandLine:0.15666666666666668
AbstractSpinner:0.15333333333333332
NewFileDialog:0.11
ComponentBeanInfo:0.07333333333333333
