BezierControlPointHandle:0.67707974
AbstractHandle:0.13283724
Handle:0.03893478
HandleAttributeKeys:0.0050865603
