ServerUnit:0.2694104
ServerColony:0.1813334
ServerBuilding:0.12897265
ServerGame:0.117077306
ServerIndianSettlement:0.11628208
ServerEurope:0.1041877
ServerColonyTile:0.090933554
DemandSession:0.036130276
ServerModelObject:0.029226134
LootSession:0.01858601
