PluginManager:0.7833333333333333
DeskletLoader:0.31333333333333335
Tester:0.31333333333333335
InternetSearchPlugin:0.18333333333333332
