Player:0.6966666666666667
Monarch:0.30333333333333334
IndianSettlement:0.3
InGameController:0.23333333333333334
InGameInputHandler:0.23333333333333334
SimpleCombatModel:0.21666666666666667
DefaultCostDecider:0.18666666666666668
