MNotification:0.8166666666666667
MWizard:0.33666666666666667
FeedThread:0.26
