Player:0.5833333333333334
FoundingFather:0.5033333333333333
Canvas:0.41333333333333333
InputHandler:0.24
Building:0.23
Turn:0.23
InGameController:0.22
FreeColServer:0.18666666666666668
AIInGameInputHandler:0.17333333333333334
InGameInputHandler:0.13
FreeColLookAndFeel:0.13
PreGameInputHandler:0.08333333333333333
