UI:0.4855555555555555
Block:0.32666666666666666
MCharacterChooser:0.32666666666666666
Char:0.27666666666666667
Input:0.2733333333333333
