ColumnManager:0.08213359
AbstractListTableModel:0.057314254
MTableHeader:0.041986868
MRenderer:0.03176238
TK:0.027072366
MCellTip:0.023224305
UI:0.018039718
MScrollPane:0.014088075
AbstractIterator:0.013847081
Config:0.013694904
MMessage:0.013672597
MIcon:0.012610378
MLogger:0.008843033
MMouseAdapter:0.00831412
MActionInfo:0.00493597
EnumProperty:0.004606977
MV:0.0030336126
WTFError:0.001538844
