OpenXMLDialect:0.05193291
OpenXMLFilter:0.034570187
EditOpenXMLOptionsDialog:0.025740342
