JDBCXAConnection:0.24575463
JDBCXAResource:0.18754762
