JDBCXADataSource:0.15649799
JDBCXAConnectionWrapper:0.07855367
JDBCXAConnection:0.078204155
