JDBCXADataSource:0.28834015
JDBCXAConnectionWrapper:0.28475493
JDBCXAResource:0.17560183
JDBCPooledConnection:0.13072617
