JDBCConnection:0.30904067
JDBCDataSource:0.16780542
Util:0.06705866
