JDBCDataSource:0.078329846
JDBCCommonDataSource:0.07666856
