JDBCDataSource:0.25753373
JDBCDataSourceFactory:0.107945606
Util:0.05279353
