JDBCXAConnection:0.06812127
JDBCPooledDataSource:0.039536327
