Presentation:0.034651097
Slideshow:0.020233544
