DBRecord:0.12727247
DBTableModel:0.07995136
DBView:0.069027625
DBRecordDialog:0.050580397
DBException:8.0943224E-4
