ClobData:0.7466666666666667
BlobData:0.56
ResultLob:0.35333333333333333
Session:0.3433333333333333
SessionContext:0.32666666666666666
ClobDataID:0.3233333333333333
BlobDataID:0.31666666666666665
LobManager:0.23333333333333334
BinaryData:0.23333333333333334
CharacterType:0.21583333333333332
LobResultTypes:0.2
HsqlNameManager:0.14666666666666667
