HyperSearchOperationNode:0.7166666666666667
HyperSearchRequest:0.31666666666666665
RedoSearchAction:0.17
MouseHandler:0.16333333333333333
