MDateSpinner:0.24179722
MCalendar:0.13507064
DateProperty:0.1330956
Config:0.08181575
MText:0.06411976
MTip:0.040020477
TK:0.034719963
MLogger:0.012220873
