Environment:0.49666666666666665
PersistencyHandler:0.44666666666666666
JAMWikiServlet:0.36
AdminServlet:0.24333333333333335
