Preferences:0.6933333333333334
SelectDomainUI:0.32666666666666666
TaaSClient:0.30333333333333334
SelectDomainController:0.16666666666666666
TaaSGlossary:0.09
