MApplication:0.095760286
TK:0.08547567
FS:0.07983243
MLogger:0.06957316
UI:0.06529507
Config:0.052454446
MAboutDialog:0.042720057
Gettext:0.04215283
MProcess:0.032951225
Args:0.031953935
MMainWindow:0.031054704
MText:0.027289193
MMessage:0.026502062
Property:0.025063252
MTip:0.0240242
MAction:0.019510454
PropertyAccess:0.013951897
StringList:0.013541548
ImageSelection:0.013077398
MSystemTray:0.012646378
MLoginPanel:0.009541718
StringProperty:0.008281651
MFrame:0.006812499
