EBComponent:0.12814651
EBMessage:0.11185805
DockableWindowManager:0.06504544
VFS:0.050727006
jEdit:0.048057858
Buffer:0.04770668
View:0.043417238
QuickNotepad:0.042519927
Macros:0.03909406
VFSManager:0.036949806
Java14:0.032046374
VFSBrowser:0.031661645
MacrosMenu:0.02932358
HelpViewer:0.027482953
EditPlugin:0.025468774
DockableWindow:0.024723507
EditPane:0.022661068
Log:0.021649094
HyperSearchResults:0.01861334
SearchDialog:0.01630578
SearchAndReplace:0.015040619
JEditTextArea:0.0149636185
WindowTableModel:0.0065320022
BufferOptions:0.0054580723
