Player:0.82
Game:0.48533333333333334
AIPlayer:0.3
MapGeneratorTest:0.12666666666666668
DebugMenu:0.1211111111111111
