MDataTransfer:0.20332761
ClipboardException:0.14757429
MText:0.031827863
MURLButton:0.029701574
MLogger:0.029529547
TK:0.02809186
MMessage:0.018481273
Net:0.012221472
