UserPreferencesUtil:0.5366666666666666
AnsiQueryHandler:0.3694444444444444
AnsiDataHandler:0.3
WikiUser:0.21666666666666667
WikiDatabase:0.20444444444444446
DateUtil:0.19666666666666666
RegisterServlet:0.16666666666666666
WikiSignatureTag:0.14
DatabaseUpgrades:0.12333333333333334
