FreeColClient : 0.8497224
FreeColServer : 0.84165424
ColonyPanel : 0.80542815
FreeColGameObject : 0.84323204
Goods : 0.82644516
Data : Data is not exist in project code
AIObject : 0.838613
AIMain : 0.83811724
PlayersTableModel : PlayersTableModel is not exist in project code
ServerInfo : 0.8435415
Market : 0.8200364
GUI : 0.70162356
MapGenerator : 0.79755545
Canvas : 0.81932205
Building : 0.8164317
Colony : 0.81750655
Map : 0.8335819
Settlement : 0.8310727
Europe : 0.8094296
Player : 0.8222427
PreGameController : 0.8481603
FreeColGameObjectListener : 0.7861132
PlayerExploredTile : 0.82041144
GameOptions : 0.0
CanvasKeyListener : CanvasKeyListener is not exist in project code
InGameInputHandler : 0.84210384
Unit : 0.8167487
UnitContainer : UnitContainer is not exist in project code
ColonyTile : 0.82014376
GoodsContainer : 0.8150865
ConnectController : 0.839599
InGameController : 0.82396615
FreeCol : 0.80869806
OptionMap : OptionMap is not exist in project code
GameOptionsDialog : 0.8446462
PreGameInputHandler : 0.839713
Tile : 0.83421785
AIUnit : 0.8296912
Location : 0.7686369
StartGamePanel : 0.83217895
ServerPlayer : 0.8142973
