WindowedFrame : 0.8427239
FullScreenFrame : 0.84424037
ColorCellEditor : 0.8228059
WindowedFrameListener : 0.82075244
GoodsLabel : 0.82959527
ColonyPanel : 0.8285647
ColopediaPanel : 0.85270035
ClientOptionsDialog : 0.8445946
ServerListPanel : 0.84179145
QuitDialog : QuitDialog is not exist in project code
ChatPanel : 0.83923703
ReportPanel : 0.824172
GameOptionsDialog : 0.84322214
StatusPanel : 0.85515666
CaptureGoodsDialog : 0.8279801
EventPanel : 0.8497679
FreeColClient : 0.8421322
CanvasMouseListener : 0.8277271
DefaultTransferHandler : 0.8314459
CanvasMouseMotionListener : 0.82374334
CanvasKeyListener : CanvasKeyListener is not exist in project code
InGameController : 0.8128655
PreGameInputHandler : 0.8261951
InGameInputHandler : 0.83105123
PreGameController : 0.84281486
FreeColAction : 0.825705
ReportForeignAffairPanel : 0.0
ReportReligiousPanel : 0.0
ReportIndianPanel : 0.828317
ChatAction : 0.8233006
ConnectController : 0.8366735
EuropeAction : 0.82134044
MapboardAction : 0.8443769
FreeColMenuBar : 0.83383924
GUI : 0.73212606
ReportLabourPanel : 0.8201744
TilePopup : 0.8412085
InputHandler : 0.8515987
MapControlsAction : 0.84772205
MarketLabel : 0.82953227
UnitLabel : 0.8328885
