UnitInfoPanel : UnitInfoPanel is not exist in project code
UnitPredicate : UnitPredicate is not exist in project code
InGameInputHandler : 0.8094951
IndianSettlement : 0.80282813
PlayerExploredTile : 0.80924964
UnitIterator : UnitIterator is not exist in project code
TilePopup : 0.8137791
GUI : 0.6917572
UnitContainer : UnitContainer is not exist in project code
UnitLabel : 0.8156171
EuropePanel : 0.8055389
Mission : 0.7650034
ColonyPanel : 0.7896686
AIUnit : 0.8131226
Building : 0.81544936
ModelMessage : 0.8111965
Europe : 0.80167717
ColonyTile : 0.8140277
Tile : 0.8179141
Player : 0.8053913
ModelController : 0.0
InfoPanel : 0.80205077
GoingToPredicate : GoingToPredicate is not exist in project code
ClientOptions : 0.74774003
ImageLibrary : 0.80362433
InGameController : 0.8073346
Location : 0.7653489
GameOptions : 0.0
Settlement : 0.8202469
WorkerWish : 0.82691276
ImageProvider : ImageProvider is not exist in project code
Colony : 0.8114864
ActivePredicate : ActivePredicate is not exist in project code
Specification : 0.78883713
ChangeAction : 0.81919616
Tension : 0.80504215
DisbandUnitAction : 0.8020957
SkipUnitAction : 0.81153756
ColopediaPanel : 0.80069274
AIPlayer : 0.8123326
TransportMission : 0.8071649
