DeclarationDialog : 0.8170503
ServerModelController : ServerModelController is not exist in project code
ClientOptionsDialog : 0.8330221
EventPanel : 0.8307522
AIInGameInputHandler : 0.7971979
InputHandler : 0.832981
PlayersTableModel : PlayersTableModel is not exist in project code
FreeColAction : 0.82303935
ColonyPanel : 0.79765373
ReceivingThread : 0.8235453
FreeColClient : 0.8425878
FreeColDialog : 0.8096536
ModelMessage : 0.81402713
FreeColLookAndFeel : 0.80652267
FreeColActionUI : 0.8144593
FreeColPanelUI : 0.7955272
Server : 0.8286903
Game : 0.80869806
PreGameController : 0.81507134
InGameController : 0.7802645
UserConnectionHandler : 0.8127623
ConnectController : 0.82876855
Controller : 0.8339328
ImageLibrary : 0.77782774
Canvas : 0.7987191
FreeColGameObjectListener : 0.74899846
Message : 0.8172326
Tension : 0.8179859
SelectOptionUI : 0.80151784
FreeColComboBoxRenderer : 0.81120175
NetworkReplyObject : 0.8176285
FreeColMenuBarUI : 0.7998674
SkipUnitAction : 0.8040845
FreeColPopupMenuUI : 0.7986682
DisbandUnitAction : 0.793383
ColorCellRenderer : 0.79850173
ChoiceItem : 0.817436
FreeColLabelUI : 0.8079968
TileType : 0.79004747
BuildColonyAction : 0.7940241
EmptyIterator : 0.7991694
