AIUnit : 0.7860798
ImageLibrary : 0.7730198
IndianDemandMission : 0.7636259
GUI : 0.70003814
WorkInsideColonyMission : 0.80365396
DefendSettlementMission : 0.7802103
ScoutingMission : 0.78952795
CashInTreasureTrainMission : 0.8060485
AIPlayer : 0.78245544
IndianBringGiftMission : 0.7768731
AIGoods : 0.7749373
WishRealizationMission : 0.7577923
UnitWanderMission : 0.82861507
BuildColonyMission : 0.77058184
TransportMission : 0.75951606
PioneeringMission : 0.74203026
UnitWanderHostileMission : 0.8241215
UnitSeekAndDestroyMission : 0.7779171
Transportable : 0.9140218
TileImprovement : 0.7759463
Wish : 0.7953107
TilePopup : 0.7463821
Canvas : 0.7638636
AIColony : 0.7355549
FreeColDialog : 0.75258726
FreeColMenuBar : 0.73665875
