AIColony : 0.8132047
WishRealizationMission : 0.82868916
TransportMission : 0.8160803
Wish : 0.831206
AIPlayer : 0.82053775
GoodsItem : GoodsItem is not exist in project code
WorkerWish : 0.85539407
AIMain : 0.8303426
GoodsLabel : 0.85223967
PioneeringMission : 0.8063814
AIGoods : 0.8594889
ImageLibrary : 0.81241083
Player : 0.81241584
IndianSettlement : 0.81877893
Colony : 0.81995076
Message : 0.83120096
InGameController : 0.81221414
Europe : 0.8067404
Tile : 0.8225976
Unit : 0.8181459
ColonyTile : 0.8230624
Settlement : 0.83005196
PlayerExploredTile : 0.81948996
GoodsContainer : 0.8535386
GoodsType : 0.83334434
WorkLocationPlan : 0.8678608
ColonyPanel : 0.8062647
WorkLocation : 0.8074817
Market : 0.85822487
Building : 0.8270327
Goods : 0.84986514
ColopediaPanel : 0.8264301
Specification : 0.8096928
Location : 0.7810127
NetworkConstants : 0.77592874
IndianDemandMission : 0.82456
TileImprovement : 0.8304019
MapGenerator : 0.78128636
WarehousePanel : WarehousePanel is not exist in project code
DefaultTransferHandler : 0.8133728
CaptureGoodsDialog : 0.8385833
