AIColony : 0.803288
AIPlayer : 0.8197207
GoodsWish : 0.8594889
TransportMission : 0.8193367
WorkLocationPlan : 0.8497227
Player : 0.80672354
GoodsItem : GoodsItem is not exist in project code
ColonyPlan : 0.809835
FreeColServer : 0.823659
AIInGameInputHandler : 0.81507343
AIMain : 0.8240143
Mission : 0.77493733
AIObject : 0.8287477
AIUnit : 0.8275457
Wish : 0.83953834
PioneeringMission : 0.80044705
ScoutingMission : 0.8207563
UnitWanderMission : 0.82172054
CashInTreasureTrainMission : 0.83417726
UnitWanderHostileMission : 0.8246725
WorkInsideColonyMission : 0.81916344
GoodsLabel : 0.8377507
InGameInputHandler : 0.8148048
WishRealizationMission : 0.8141031
TilePopup : 0.81573427
ImageLibrary : 0.8013058
IndianSettlement : 0.8069907
Colony : 0.81048495
DefendSettlementMission : 0.8252509
InGameController : 0.80728537
UnitType : 0.82133347
Europe : 0.7983754
Tile : 0.8155927
Unit : 0.8096522
ColonyTile : 0.81251985
Settlement : 0.8205732
WorkerWish : 0.8384092
PlayerExploredTile : 0.8108491
GoodsContainer : 0.835807
GoodsType : 0.8189968
IndianBringGiftMission : 0.81221414
