ServerModelController : ServerModelController is not exist in project code
AIInGameInputHandler : 0.83375734
InputHandler : 0.8503059
Server : 0.8429334
Controller : 0.8480877
FreeColClient : 0.8548913
UserConnectionHandler : 0.8393892
AIMain : 0.83916575
InGameInputHandler : 0.8391337
PreGameController : 0.8436639
PreGameInputHandler : 0.83500165
InGameController : 0.8201154
ConnectController : 0.84452283
ServerModelObject : 0.7755533
ServerPlayer : 0.8068955
AIPlayer : 0.8320072
ServerInfo : 0.85054606
FreeCol : 0.82372266
ServerListPanel : 0.8309852
FreeColMenuBar : 0.8174818
MetaItem : 0.8560876
NetworkHandler : 0.83590233
MetaRegister : 0.8434728
IndianSettlement : 0.8097113
Client : 0.8443542
NewPanel : 0.8227738
DeclarationDialog : 0.8212648
ClientOptionsDialog : 0.838841
EventPanel : 0.8354903
PlayersTableModel : PlayersTableModel is not exist in project code
FreeColAction : 0.8339149
ColonyPanel : 0.80620795
Canvas : 0.8199637
ReportIndianPanel : 0.8242489
TilePopup : 0.8354123
ReceivingThread : 0.83715814
FreeColDialog : 0.82197624
ModelMessage : 0.83610815
FreeColLookAndFeel : 0.8179879
FreeColActionUI : 0.8138711
FreeColPanelUI : 0.8083226
