ColonyPlan : 0.810081
WorkInsideColonyMission : 0.80233824
AIPlayer : 0.80683446
BuildColonyMission : 0.80813104
Player : 0.7956493
IndianBringGiftMission : 0.8024944
IndianDemandMission : 0.80119145
TransportMission : 0.79277736
Mission : 0.7355549
ColonyPanel : 0.80508864
WishRealizationMission : 0.8166985
WorkLocationPlan : 0.81556576
AIMain : 0.8102883
FreeColServer : 0.804518
AIInGameInputHandler : 0.80358636
AIObject : 0.7980142
Building : 0.7981
AIUnit : 0.7985404
Wish : 0.802165
PioneeringMission : 0.81791914
ScoutingMission : 0.7990769
UnitWanderMission : 0.8039524
CashInTreasureTrainMission : 0.7989778
UnitWanderHostileMission : 0.80531806
AIGoods : 0.803288
TilePopup : 0.82111424
DefendSettlementMission : 0.80279285
ColonyTile : 0.8116865
InGameController : 0.8088575
UnitType : 0.79896814
Unit : 0.7963045
GoodsWish : 0.8132047
WorkerWish : 0.8152
Colony : 0.80292565
Tile : 0.8089311
MapGenerator : 0.76062536
TileImprovement : 0.8055841
UnitSeekAndDestroyMission : 0.79690516
CargoPanel : 0.79939115
BuildingsPanel : BuildingsPanel is not exist in project code
WarehousePanel : WarehousePanel is not exist in project code
