Monarch : 0.79129016
FreeColClient : 0.8218924
PlayersTableModel : PlayersTableModel is not exist in project code
UnitIterator : UnitIterator is not exist in project code
Unit : 0.8053914
ColorCellEditor : 0.7669901
Europe : 0.7956415
Game : 0.8222427
AIPlayer : 0.81362396
ServerPlayer : 0.79602337
NationCellRenderer : 0.81532866
Settlement : 0.8175692
AIInGameInputHandler : 0.80770516
Tile : 0.8156922
FreeColServer : 0.8176211
MapGenerator : 0.77523875
IndianSettlement : 0.7997649
ModelController : 0.0
ClientModelController : ClientModelController is not exist in project code
Ownable : 0.764688
UserConnectionHandler : 0.8063404
InGameInputHandler : 0.81217736
Market : 0.81237566
FreeColGameObject : 0.8165912
InGameController : 0.8047203
PreGameInputHandler : 0.80579525
IndianBringGiftMission : 0.8023025
ServerInfo : 0.8187861
ServerModelController : ServerModelController is not exist in project code
SoundPlayer : 0.7891199
ReportIndianPanel : 0.81339467
ColonyTile : 0.8067641
StartGamePanel : 0.8025437
PlayerExploredTile : 0.80632114
Building : 0.80790764
Goods : 0.81190276
GameOptions : 0.0
UnitSeekAndDestroyMission : 0.80365014
InputHandler : 0.8151558
Tension : 0.8023866
DeclareIndependenceAction : 0.8132017
