Settlement : 0.83402383
ServerModelController : ServerModelController is not exist in project code
Location : 0.76777935
TileImprovement : 0.8377643
ColonyTile : 0.82917935
Map : 0.84336305
ColonyPanel : 0.8064944
Europe : 0.8060739
ASingleTilePanel : ASingleTilePanel is not exist in project code
Player : 0.81569225
PioneeringMission : 0.81884867
TerrainGenerator : 0.83316237
Canvas : 0.81832737
Building : 0.8194768
GUI : 0.705528
Unit : 0.81791407
ServerPlayer : 0.80770916
ClientModelController : ClientModelController is not exist in project code
Specification : 0.794933
Colony : 0.8188225
LandGenerator : 0.8407751
Locatable : 0.77130544
InGameInputHandler : 0.83400255
BuildColonyMission : 0.82759356
Goods : 0.8293616
PathNode : 0.835736
TilePopup : 0.8399913
MiniMap : 0.821667
WorkLocationPlan : 0.82808685
AIColony : 0.8089311
TileType : 0.81799394
River : 0.8230882
PlayerExploredTile : 0.8192502
ModelController : 0.0
CostDecider : 0.76504725
ImageLibrary : 0.8236264
MapGenerator : 0.787372
WishRealizationMission : 0.8127626
DefendSettlementMission : 0.82655936
IndianSettlement : 0.80791914
TilePanel : 0.83113843
