PioneeringMission : 0.8164192
AIColony : 0.8055841
WorkLocationPlan : 0.8390911
AIPlayer : 0.8234145
ModelMessage : 0.8359541
ClientOptions : 0.76508576
GoodsType : 0.8224454
Building : 0.8302405
Settlement : 0.8369255
Mission : 0.7759464
ServerModelController : ServerModelController is not exist in project code
Location : 0.77031547
AIMain : 0.82703835
ColonyTile : 0.82595116
Map : 0.84041685
ColonyPanel : 0.79979223
Tile : 0.8377643
Europe : 0.8126837
ASingleTilePanel : ASingleTilePanel is not exist in project code
Player : 0.81785804
TerrainGenerator : 0.83097994
Canvas : 0.8131489
GUI : 0.7072513
Unit : 0.8221032
ServerPlayer : 0.79976225
ClientModelController : ClientModelController is not exist in project code
Specification : 0.80425185
Colony : 0.8207889
LandGenerator : 0.84550375
Locatable : 0.7777835
InGameInputHandler : 0.82644296
BuildColonyMission : 0.82551837
Goods : 0.8319248
PathNode : 0.8488895
TilePopup : 0.8265761
MiniMap : 0.8204977
TileType : 0.8255669
River : 0.823076
PlayerExploredTile : 0.8182752
ModelController : 0.0
CostDecider : 0.77906555
