ColorCellEditor : 0.8228059
FullScreenFrame : 0.84424037
ReportPanel : 0.824172
ColonyPanel : 0.8285647
CaptureGoodsDialog : 0.8279801
EventPanel : 0.8497679
DeclarationDialog : 0.8343135
StatusPanel : 0.85515666
ClientOptionsDialog : 0.8445946
FreeColClient : 0.8421322
WindowedFrameListener : 0.82075244
WindowedFrame : 0.8427239
CanvasMouseListener : 0.8277271
CanvasMouseMotionListener : 0.82374334
DefaultTransferHandler : 0.8314459
InGameController : 0.8128655
CanvasKeyListener : CanvasKeyListener is not exist in project code
PreGameInputHandler : 0.8261951
InGameInputHandler : 0.83105123
PreGameController : 0.84281486
ReportContinentalCongressPanel : 0.8090303
ReportForeignAffairPanel : 0.0
InputHandler : 0.8515987
ReportReligiousPanel : 0.0
ReportIndianPanel : 0.828317
MapboardAction : 0.8443769
FreeColAction : 0.825705
ConnectController : 0.8366735
FreeColMenuBar : 0.83383924
ReportLabourPanel : 0.8201744
GUI : 0.73212606
ChatAction : 0.8233006
EuropeAction : 0.82134044
TilePopup : 0.8412085
TilePanel : 0.8526987
MonarchPanel : 0.84463644
MapControlsAction : 0.84772205
MarketLabel : 0.82953227
GoodsLabel : 0.82959527
UnitLabel : 0.8328885
ChatPanel : 0.83923703
