AIPlayer : 0.8114442
AIUnit : 0.8134993
InGameInputHandler : 0.81858134
IndianBringGiftMission : 0.83622754
AIInGameInputHandler : 0.81147754
Canvas : 0.79588693
FreeColDialog : 0.7938127
ImageLibrary : 0.80029106
GUI : 0.69030964
Mission : 0.7636258
WorkInsideColonyMission : 0.81538844
DefendSettlementMission : 0.8185472
ScoutingMission : 0.8150018
CashInTreasureTrainMission : 0.8153723
UnitSeekAndDestroyMission : 0.8245722
InGameController : 0.81242937
Unit : 0.8056005
AIGoods : 0.8096491
Tile : 0.8115294
WishRealizationMission : 0.8149832
UnitWanderMission : 0.82486945
BuildColonyMission : 0.82528627
TransportMission : 0.8100919
PioneeringMission : 0.81768835
TilePopup : 0.82307947
UnitWanderHostileMission : 0.8259475
Transportable : 0.7479666
TileImprovement : 0.81244725
Player : 0.79969704
PlayerExploredTile : 0.8026077
IndianSettlement : 0.80407166
ReportIndianPanel : 0.8271829
Wish : 0.80679214
MapGenerator : 0.76876915
IndianSettlementPanel : 0.83315617
FreeColMenuBar : 0.7845516
Settlement : 0.8102555
NationCellRenderer : 0.796788
Building : 0.8067407
AIColony : 0.8011915
ColonyTile : 0.8138453
