Game : 0.82482684
ModelMessage : 0.8303575
Tile : 0.82221395
PlayerExploredTile : 0.8146042
ClientOptions : 0.77199125
MapGenerator : 0.77930766
InGameInputHandler : 0.80232877
Mission : 0.8169632
InGameController : 0.80002326
Unit : 0.81154025
ImageLibrary : 0.8192565
ScoutingMission : 0.8174726
CashInTreasureTrainMission : 0.83091015
UnitSeekAndDestroyMission : 0.8161195
GUI : 0.70877004
IndianSettlement : 0.80284697
FullScreenFrame : 0.8032456
Player : 0.8124797
EndTurnPanel : EndTurnPanel is not exist in project code
AIPlayer : 0.81843364
Colony : 0.8107649
