Settlement : 0.83402383
ServerModelController : ServerModelController is not exist in project code
Location : 0.76777935
TileImprovement : 0.8377644
ColonyTile : 0.8291794
Map : 0.84336317
ColonyPanel : 0.8064944
Europe : 0.80607396
ASingleTilePanel : ASingleTilePanel is not exist in project code
Player : 0.8156923
PioneeringMission : 0.8188487
TerrainGenerator : 0.8331625
Canvas : 0.81832737
Building : 0.8194768
GUI : 0.705528
Unit : 0.8179142
ServerPlayer : 0.8077094
ClientModelController : ClientModelController is not exist in project code
Specification : 0.79493296
Colony : 0.81882256
LandGenerator : 0.84077513
Locatable : 0.7713054
InGameInputHandler : 0.8137552
BuildColonyMission : 0.8275936
Goods : 0.82936174
PathNode : 0.83573616
TilePopup : 0.83999133
MiniMap : 0.82166713
WorkLocationPlan : 0.82808703
AIColony : 0.8089313
TileType : 0.8179941
River : 0.8230884
PlayerExploredTile : 0.8192503
ModelController : 0.0
CostDecider : 0.7651619
ImageLibrary : 0.8236264
MapGenerator : 0.77293503
WishRealizationMission : 0.8127628
DefendSettlementMission : 0.82655936
IndianSettlement : 0.8079192
TilePanel : 0.83113855
