Player : 0.8023867
Unit : 0.8050423
IndianSettlement : 0.80139226
AIPlayer : 0.8074509
IndianBringGiftMission : 0.8004189
ReportIndianPanel : 0.79951984
Tile : 0.8123826
Mission : 0.8132529
ImageLibrary : 0.80554044
IndianDemandMission : 0.80405736
UnitSeekAndDestroyMission : 0.81728154
Game : 0.81117815
InGameInputHandler : 0.7920649
