Map : 0.77822685
DefaultCostDecider : DefaultCostDecider is not exist in project code
UnitSeekAndDestroyMission : 0.76664555
Data : Data is not exist in project code
TileType : 0.76425993
PathNode : 0.7879828
Unit : 0.76526564
AIPlayer : 0.773221
Market : 0.7548403
Player : 0.7590361
GameOptions : 0.0
GoalDecider : 0.8783872
Tile : 0.7651617
CashInTreasureTrainMission : 0.78852713
UnitIterator : UnitIterator is not exist in project code
AIColony : 0.7343609
Mission : 0.7834493
InGameController : 0.7447448
MarketLabel : 0.76115423
ScoutingMission : 0.77708733
ColopediaPanel : 0.7452748
InGameInputHandler : 0.7273275
ReportContinentalCongressPanel : 0.68209136
