Player : 0.79129016
Canvas : 0.7845473
MonarchPanel : 0.7948055
InGameController : 0.7922934
InGameInputHandler : 0.79156166
AIPlayer : 0.7995814
AIInGameInputHandler : 0.79558897
FreeColServer : 0.8036467
FreeColLookAndFeel : 0.7893038
