ServerModelController : ServerModelController is not exist in project code
AIInGameInputHandler : 0.8337574
InputHandler : 0.82460874
Server : 0.8429336
Controller : 0.84808785
FreeColClient : 0.8548913
UserConnectionHandler : 0.8393894
AIMain : 0.8391658
InGameInputHandler : 0.82664067
PreGameController : 0.8620275
PreGameInputHandler : 0.83097535
InGameController : 0.8170579
ConnectController : 0.844523
ServerModelObject : 0.77555335
ServerPlayer : 0.8068956
AIPlayer : 0.8320073
ServerInfo : 0.8505461
FreeCol : 0.8237226
ServerListPanel : 0.8309853
FreeColMenuBar : 0.81748194
MetaItem : 0.8560876
NetworkHandler : 0.8359025
MetaRegister : 0.84347284
IndianSettlement : 0.80971134
Client : 0.84435433
NewPanel : 0.8227739
DeclarationDialog : 0.82126486
ClientOptionsDialog : 0.83884096
EventPanel : 0.8354903
PlayersTableModel : PlayersTableModel is not exist in project code
FreeColAction : 0.83391494
ColonyPanel : 0.806208
Canvas : 0.81996375
ReportIndianPanel : 0.824249
TilePopup : 0.8354123
ReceivingThread : 0.8371582
FreeColDialog : 0.8219763
ModelMessage : 0.83610815
FreeColLookAndFeel : 0.81798804
FreeColActionUI : 0.81387115
FreeColPanelUI : 0.80832255
