ColorCellEditor : 0.822806
FullScreenFrame : 0.84424037
ReportPanel : 0.824172
ColonyPanel : 0.8285647
CaptureGoodsDialog : 0.8279801
EventPanel : 0.849768
DeclarationDialog : 0.8343136
StatusPanel : 0.85515666
ClientOptionsDialog : 0.84459454
FreeColClient : 0.8421322
WindowedFrameListener : 0.8207524
WindowedFrame : 0.84272397
CanvasMouseListener : 0.8277272
CanvasMouseMotionListener : 0.82374334
DefaultTransferHandler : 0.8314459
InGameController : 0.80103475
CanvasKeyListener : CanvasKeyListener is not exist in project code
PreGameInputHandler : 0.81576055
InGameInputHandler : 0.8097645
PreGameController : 0.84821373
ReportContinentalCongressPanel : 0.8090303
ReportForeignAffairPanel : 0.0
InputHandler : 0.81276804
ReportReligiousPanel : 0.0
ReportIndianPanel : 0.828317
MapboardAction : 0.8443769
FreeColAction : 0.825705
ConnectController : 0.8366735
FreeColMenuBar : 0.83383924
ReportLabourPanel : 0.82017446
GUI : 0.73212606
ChatAction : 0.82330066
EuropeAction : 0.82134044
TilePopup : 0.8412085
TilePanel : 0.85269874
MonarchPanel : 0.84463644
MapControlsAction : 0.84772205
MarketLabel : 0.82953227
GoodsLabel : 0.82959527
UnitLabel : 0.8328886
ChatPanel : 0.83923715
