UnitInfoPanel : UnitInfoPanel is not exist in project code
UnitPredicate : UnitPredicate is not exist in project code
InGameInputHandler : 0.7961186
IndianSettlement : 0.80282825
PlayerExploredTile : 0.8092497
UnitIterator : UnitIterator is not exist in project code
TilePopup : 0.81377923
GUI : 0.6917572
UnitContainer : UnitContainer is not exist in project code
UnitLabel : 0.81561714
EuropePanel : 0.80553895
Mission : 0.8106928
ColonyPanel : 0.7896688
AIUnit : 0.8131226
Building : 0.81544936
ModelMessage : 0.81119657
Europe : 0.80167717
ColonyTile : 0.8140277
Player : 0.80539143
Tile : 0.8179143
ModelController : 0.0
InfoPanel : 0.80205095
GoingToPredicate : GoingToPredicate is not exist in project code
ClientOptions : 0.74774003
ImageLibrary : 0.80362445
InGameController : 0.8017735
Location : 0.76534903
GameOptions : 0.0
Settlement : 0.820247
WorkerWish : 0.82691294
ImageProvider : ImageProvider is not exist in project code
Colony : 0.8114865
ActivePredicate : ActivePredicate is not exist in project code
Specification : 0.78883713
ChangeAction : 0.8191963
Tension : 0.80504227
DisbandUnitAction : 0.8020957
SkipUnitAction : 0.8115375
ColopediaPanel : 0.8006928
AIPlayer : 0.81233263
TransportMission : 0.807165
