Monarch : 0.79129016
FreeColClient : 0.8218925
PlayersTableModel : PlayersTableModel is not exist in project code
UnitIterator : UnitIterator is not exist in project code
Unit : 0.8053914
ColorCellEditor : 0.7669901
Europe : 0.7956415
Game : 0.82224286
AIPlayer : 0.813624
ServerPlayer : 0.79602337
NationCellRenderer : 0.81532884
Settlement : 0.8175693
AIInGameInputHandler : 0.8077052
Tile : 0.8156923
FreeColServer : 0.81762123
MapGenerator : 0.7597578
IndianSettlement : 0.79976493
ModelController : 0.0
ClientModelController : ClientModelController is not exist in project code
Ownable : 0.764688
UserConnectionHandler : 0.8063405
InGameInputHandler : 0.79653054
Market : 0.8123758
FreeColGameObject : 0.8165913
InGameController : 0.8011704
PreGameInputHandler : 0.80581397
IndianBringGiftMission : 0.80230266
ServerInfo : 0.8187862
ServerModelController : ServerModelController is not exist in project code
SoundPlayer : 0.78911996
ReportIndianPanel : 0.8133947
ColonyTile : 0.80676425
StartGamePanel : 0.80254376
PlayerExploredTile : 0.8063213
Building : 0.8079077
Goods : 0.8119029
GameOptions : 0.0
UnitSeekAndDestroyMission : 0.8036502
InputHandler : 0.79345036
Tension : 0.8023866
DeclareIndependenceAction : 0.81320184
