ModelMessage : 0.8446353
Game : 0.8432321
FreeColGameObjectListener : 0.79282266
AIMain : 0.8487741
ColonyPlan : 0.804014
AIColony : 0.8044211
AIUnit : 0.8299447
AIPlayer : 0.8309999
WorkLocationPlan : 0.8354657
Transportable : 0.7630163
AIObject : 0.8543234
InGameInputHandler : 0.83168966
PreGameController : 0.8605974
PreGameInputHandler : 0.8355986
InGameController : 0.81495893
Building : 0.81871307
Location : 0.7746634
ModelController : 0.0
PlayersTableModel : PlayersTableModel is not exist in project code
ServerModelObject : 0.77540284
FreeColServer : 0.8438023
Goods : 0.83027893
AIInGameInputHandler : 0.8356526
InputHandler : 0.8338704
Controller : 0.8543534
FreeColAction : 0.83726513
ConnectController : 0.8454366
UnitSeekAndDestroyMission : 0.8295897
DefendSettlementMission : 0.8310388
FreeColClient : 0.85321003
ColonyTile : 0.82218015
Unit : 0.8120292
Settlement : 0.8302413
Monarch : 0.7976332
Map : 0.8309917
Market : 0.8230876
UnitContainer : UnitContainer is not exist in project code
GoodsContainer : 0.8198268
Europe : 0.811249
UserConnectionHandler : 0.8462214
IndianDemandMission : 0.81241786
