GoodsItem : GoodsItem is not exist in project code
GoodsLabel : 0.84782517
AIGoods : 0.8351703
ImageLibrary : 0.81902254
Player : 0.8119029
IndianSettlement : 0.8105159
Colony : 0.8178002
InGameController : 0.8056864
Europe : 0.8068672
Tile : 0.8293618
Unit : 0.81670666
ColonyTile : 0.82075596
Settlement : 0.8303099
PlayerExploredTile : 0.8167436
GoodsContainer : 0.8391432
GoodsType : 0.8211984
WorkLocationPlan : 0.84717005
ColonyPanel : 0.8004935
WorkLocation : 0.8074876
Market : 0.84530854
Building : 0.8252073
ColopediaPanel : 0.8224686
Specification : 0.8019214
Location : 0.7719633
AIColony : 0.8005863
NetworkConstants : 0.77438706
IndianDemandMission : 0.8086587
MapGenerator : 0.76435643
WarehousePanel : WarehousePanel is not exist in project code
CaptureGoodsDialog : 0.81527513
UnitType : 0.82832175
ReportTradePanel : 0.8145012
ClientOptions : 0.7582553
InGameInputHandler : 0.8034916
MarketLabel : 0.847636
GoodsWish : 0.8498653
MarketPanel : MarketPanel is not exist in project code
ColonyPlan : 0.81027025
AIPlayer : 0.81965804
GUI : 0.69705755
AIInGameInputHandler : 0.8148322
