Tile : 0.817994
TerrainGenerator : 0.813952
Specification : 0.79992193
TileImprovement : 0.825567
WorkLocationPlan : 0.8366552
Unit : 0.80673695
Colony : 0.811661
ImageProvider : ImageProvider is not exist in project code
River : 0.80023295
Settlement : 0.8231472
ColonyTile : 0.81312346
Goods : 0.82171124
ImageLibrary : 0.8064559
GUI : 0.6946867
Player : 0.80433524
CostDecider : 0.76426005
IndianSettlement : 0.79942834
ColonyPlan : 0.8059486
AIColony : 0.7923686
MapGenerator : 0.76906174
Map : 0.81995124
Building : 0.81916666
Canvas : 0.79893225
DefaultCostDecider : DefaultCostDecider is not exist in project code
AIPlayer : 0.809051
ModelMessage : 0.8207343
FoundingFatherPanel : FoundingFatherPanel is not exist in project code
BuildingBoxItem : BuildingBoxItem is not exist in project code
ASingleTilePanel : ASingleTilePanel is not exist in project code
MiniMap : 0.79355955
ServerModelController : ServerModelController is not exist in project code
Location : 0.7726782
Mission : 0.80311257
PioneeringMission : 0.79205537
InGameInputHandler : 0.78435254
WishRealizationMission : 0.7902268
UnitSeekAndDestroyMission : 0.8046223
InGameController : 0.79232585
UnitWanderHostileMission : 0.8185483
ColonyPanel : 0.7904853
Europe : 0.7998371
