Method : Method is not exist in project code
Level : Level is not exist in project code
BuildingType : 0.80231667
ObjectFactory : ObjectFactory is not exist in project code
AIObject : 0.8329194
GoodsType : 0.7967661
Specification : 0.7810452
UnitType : 0.80986345
Message : 0.86618686
TileType : 0.7960023
ColonyPlan : 0.78061116
AIPlayer : 0.80499935
FreeColGameObject : 0.82885665
ScoutingMission : 0.80082476
UnitWanderMission : 0.8329601
WorkInsideColonyMission : 0.82759
WishRealizationMission : 0.79618335
UnitWanderHostileMission : 0.8356623
CashInTreasureTrainMission : 0.8273112
DefendSettlementMission : 0.8157717
AIUnit : 0.80629814
AbstractOption : 0.8408512
Option : 0.78953004
OptionMap : OptionMap is not exist in project code
Connection : 0.8225767
Goods : 0.8096
Data : Data is not exist in project code
Market : 0.80144113
UnitSeekAndDestroyMission : 0.8138213
IndianDemandMission : 0.79774404
WorkLocationPlan : 0.8177211
IndianBringGiftMission : 0.7988075
PioneeringMission : 0.7893324
AIGoods : 0.79894614
ServerInfo : 0.8138149
PlayerExploredTile : 0.78632545
Europe : 0.79646784
OptionGroup : 0.8344579
Colony : 0.79291147
Unit : 0.7933821
Building : 0.80830944
