Tile : 0.8230884
GoodsType : 0.78298914
MapGenerator : 0.7561501
ImageLibrary : 0.8024241
Section : Section is not exist in project code
GUI : 0.6821353
