Game : 0.83428246
Player : 0.81383306
Monarch : 0.7937546
InGameController : 0.8043958
Europe : 0.8116094
FreeColGameObject : 0.8446353
Unit : 0.81119657
ClientOptions : 0.77042705
Colony : 0.8138796
Canvas : 0.82413673
MonarchPanel : 0.8354366
StartGamePanel : 0.8260063
Messages : 0.83991945
Goods : 0.8348932
GoodsContainer : 0.8183695
InGameInputHandler : 0.81804556
Market : 0.8253807
FreeColServer : 0.83610827
GUI : 0.7018692
ColonyPanel : 0.8053329
PlayersTableModel : PlayersTableModel is not exist in project code
Building : 0.8245919
GUIMessage : 0.8683404
DummyConnection : 0.83864856
FreeColClient : 0.8494117
ServerListTableModel : ServerListTableModel is not exist in project code
MessageLabel : 0.0
ServerListPanel : 0.8322293
EuropePanel : 0.8238072
CaptureGoodsDialog : 0.8046573
FreeColException : 0.0
Message : 0.8606151
ConnectController : 0.8344306
Connection : 0.8364815
ModelController : 0.0
Tension : 0.8166783
StatusPanel : 0.8460065
ClientModelController : ClientModelController is not exist in project code
BuildingBox : BuildingBox is not exist in project code
ServerModelController : ServerModelController is not exist in project code
Client : 0.8516877
