FreeColClient : 0.78903013
Canvas : 0.76362324
InGameController : 0.7483315
PreGameController : 0.7929553
ClientOptionsDialog : 0.78992116
FreeColAction : 0.78462756
SelectOption : 0.769929
SelectOptionUI : 0.7600909
OptionGroupUI : 0.77863014
BooleanOptionUI : 0.7509909
ActionManager : 0.77775836
GameOptionsDialog : 0.78248465
OptionGroup : 0.76938045
GUI : 0.68439037
PreGameInputHandler : 0.77805096
FreeColActionUI : 0.776573
Game : 0.7689515
OptionMap : OptionMap is not exist in project code
OptionUpdater : 0.72174203
StartGamePanel : 0.77619904
OptionMapUI : OptionMapUI is not exist in project code
IntegerOptionUI : 0.7720398
GameOptions : 0.0
AbstractOption : 0.77979434
FreeColGameObject : 0.76726735
DeclarationDialog : 0.7875466
EventPanel : 0.81851673
PlayersTableModel : PlayersTableModel is not exist in project code
ColonyPanel : 0.7752771
Option : 0.7113319
InputHandler : 0.75657916
IntegerOption : 0.7718958
BooleanOption : 0.75624067
BuildRoadAction : BuildRoadAction is not exist in project code
WaitAction : 0.74722904
EuropeAction : 0.74028647
EndTurnAction : 0.7475484
DisbandUnitAction : 0.7526877
BuildColonyAction : 0.7623229
MapControlsAction : 0.76222265
SkipUnitAction : 0.7604096
