AIUnit : 0.8232248
AIGoods : 0.8193369
Wish : 0.8302736
CashInTreasureTrainMission : 0.8257267
Transportable : 0.7600402
ScoutingMission : 0.81960624
WishRealizationMission : 0.8123531
AIPlayer : 0.81408894
DefendSettlementMission : 0.8151216
Mission : 0.8188997
PioneeringMission : 0.8122819
IndianBringGiftMission : 0.812046
BuildColonyMission : 0.8175436
UnitSeekAndDestroyMission : 0.82480586
ImageLibrary : 0.7990966
AIColony : 0.7927775
IndianDemandMission : 0.8100921
GUI : 0.6912013
WorkInsideColonyMission : 0.81011546
TilePopup : 0.8236163
PathNode : 0.8229741
GoodsWish : 0.8160803
UnitWanderMission : 0.8229459
UnitWanderHostileMission : 0.82635903
WorkerWish : 0.8366947
TileImprovement : 0.8137684
Canvas : 0.79731125
FreeColDialog : 0.7970937
FreeColMenuBar : 0.7879033
