Player : 0.813624
AIInGameInputHandler : 0.82824475
PioneeringMission : 0.81368756
Game : 0.8322592
Tension : 0.8074509
AIObject : 0.8356954
ServerPlayer : 0.806225
FreeColServer : 0.83200735
InGameInputHandler : 0.8185996
TransportMission : 0.81408894
AIUnit : 0.8270212
IndianSettlement : 0.8087447
DummyConnection : 0.8181169
UserConnectionHandler : 0.8291687
AIMain : 0.8338206
InGameController : 0.81371284
Monarch : 0.7995814
WorkLocationPlan : 0.8266378
ColonyPlan : 0.80446196
Mission : 0.8238182
FreeColClient : 0.8368574
AIGoods : 0.81972075
PreGameController : 0.8528398
NationCellRenderer : 0.8193344
UnitWanderMission : 0.8385354
UnitWanderHostileMission : 0.837969
CashInTreasureTrainMission : 0.8291719
ScoutingMission : 0.8222839
PlayersTableModel : PlayersTableModel is not exist in project code
ColorCellEditor : 0.77410907
WorkInsideColonyMission : 0.8270855
AIColony : 0.8068346
UnitIterator : UnitIterator is not exist in project code
Unit : 0.8123327
TradeItem : 0.79407
Europe : 0.8085478
WishRealizationMission : 0.809497
GoodsWish : 0.82053787
Wish : 0.8271056
DefendSettlementMission : 0.82266957
UnitType : 0.8221533
