FreeColServerHolder : 0.85128605
AIInGameInputHandler : 0.8337574
Server : 0.8429336
Controller : 0.84808785
FreeColClient : 0.8548913
UserConnectionHandler : 0.8393894
AIMain : 0.8391658
PreGameController : 0.8620275
InGameController : 0.8170579
ServerModelController : ServerModelController is not exist in project code
ChatHandler : ChatHandler is not exist in project code
ConnectController : 0.844523
DisconnectHandler : DisconnectHandler is not exist in project code
InputHandler : 0.82460874
ServerPlayer : 0.8068956
AIPlayer : 0.8320073
ServerInfo : 0.8505461
InGameInputHandler : 0.82664067
ServerModelObject : 0.77555335
MetaServer : 0.83660406
FreeCol : 0.8237226
DebugCrossBugAction : DebugCrossBugAction is not exist in project code
PreGameInputHandler : 0.83097535
ServerListPanel : 0.8309853
Game : 0.84165436
IndianSettlement : 0.80971134
MetaItem : 0.8560876
NetworkHandler : 0.8359025
Client : 0.84435433
Canvas : 0.81996375
MetaRegister : 0.84347284
NewPanel : 0.8227739
CurrentPlayerNetworkRequestHandler : CurrentPlayerNetworkRequestHandler is not exist in project code
MapGeneratorOptionsDialog : 0.8378157
TilePopup : 0.8354123
DebugMenu : 0.82959706
ColonyPanel : 0.806208
LoadingSavegameDialog : 0.8103018
FreeColDialog : 0.8219763
ModelMessage : 0.83610815
ReceivingThread : 0.8371582
