DebugMenu : 0.80825704
ColonyPanel : 0.7976537
FreeColServerHolder : 0.8261933
FreeColClient : 0.8425877
FreeColDialog : 0.80965346
ModelMessage : 0.81402713
ReceivingThread : 0.8235452
Controller : 0.8339328
FreeColLookAndFeel : 0.80652255
PlayersTableModel : PlayersTableModel is not exist in project code
Game : 0.80869806
Canvas : 0.798719
AIInGameInputHandler : 0.79719776
Server : 0.8286902
FreeColPanelUI : 0.7955271
InGameController : 0.7706776
InputHandler : 0.7943996
UserConnectionHandler : 0.8127623
PreGameController : 0.8274542
ConnectController : 0.82876855
ImageLibrary : 0.7778276
Message : 0.81723255
FreeColAction : 0.82303923
InGameInputHandler : 0.78418714
FreeColMenuBar : 0.8128309
FreeColException : 0.0
UnloadAction : 0.78214526
MessageHandler : 0.7608599
FreeColRadioButtonUI : 0.8049949
FreeColListUI : 0.8154541
PioneeringMission : 0.78352255
FreeColTextAreaUI : 0.8048331
ColopediaTerrainAction : ColopediaTerrainAction is not exist in project code
FreeColTableUI : 0.80806726
TradeRouteAction : 0.8094803
FreeColPanel : 0.7988421
PreferencesAction : 0.80732995
TerrainCursor : 0.8109504
FreeColCheckBoxUI : 0.8065605
DisplayGridAction : 0.8008109
WaitAction : 0.7924428
