ServerListPanel : 0.80183345
StartGamePanel : 0.79090226
ServerListTableModel : ServerListTableModel is not exist in project code
ColorCellEditor : 0.77058244
NationCellRenderer : 0.7708538
PlayersTableModel : PlayersTableModel is not exist in project code
FreeColTableHeaderUI : 0.79554397
FreeColServer : 0.80220616
Game : 0.7935233
Canvas : 0.79175866
FreeColTableUI : 0.7999039
ColorCellRenderer : 0.8218357
FreeColClient : 0.8036756
Player : 0.77898616
NationCellEditor : 0.82021886
ModelController : 0.0
ClientModelController : ClientModelController is not exist in project code
Monarch : 0.7706593
ModelMessage : 0.81414175
ClientOptions : 0.7317688
FreeColGameObject : 0.80093366
Colony : 0.78026164
Unit : 0.77848226
ServerModelController : ServerModelController is not exist in project code
River : 0.78495073
Europe : 0.78263605
InGameController : 0.7679661
WarehouseGoodsPanel : WarehouseGoodsPanel is not exist in project code
Option : 0.7933326
PreGameInputHandler : 0.76960856
GoodsContainer : 0.7766741
ServerPlayer : 0.76051533
ServerModelObject : 0.7731299
Goods : 0.7891378
MonarchPanel : 0.7798855
InGameInputHandler : 0.7768934
CaptureGoodsDialog : 0.7711265
TradeRouteDialog : 0.7861212
Controller : 0.8022964
CircleIterator : CircleIterator is not exist in project code
FreeColDialog : 0.79740906
