FreeColPanelUI : 0.81326914
FreeColTextAreaUI : 0.8499056
FreeColRadioButtonUI : 0.85688454
FreeColMenuItemUI : 0.8558251
FreeColTextFieldUI : 0.84989107
FreeColTableUI : 0.8543307
FreeColCheckBoxUI : 0.857035
FreeColLabelUI : 0.8578259
FreeColListUI : 0.8598203
FreeColScrollPaneUI : 0.8570207
FreeColTableHeaderUI : 0.8532641
FreeColTransparentPanelUI : 0.8333981
FreeColPopupMenuUI : 0.82485604
FreeColMenuBarUI : 0.82573384
FreeColBrightPanelUI : 0.8260418
FreeColToolTipUI : 0.84390706
ClientOptionsDialog : 0.84771246
FreeColButtonUI : 0.8478167
FreeColComboBoxUI : 0.85908806
OptionGroupUI : 0.8501821
FreeColLookAndFeel : 0.823362
MapGeneratorOptionsDialog : 0.8504614
GameOptionsDialog : 0.8362903
FreeColMenuBar : 0.86164665
ActionManager : 0.84015495
DeclarationDialog : 0.86270744
UnitButton : 0.8539489
InGameController : 0.7768298
ReconnectAction : 0.8396085
FreeColPanel : 0.8316304
VictoryPanel : 0.8681425
MiniMapZoomOutAction : 0.851368
MiniMapZoomInAction : 0.84912
IntegerOptionUI : 0.8562885
BooleanOptionUI : 0.84265375
OptionMapUI : OptionMapUI is not exist in project code
SelectOptionUI : 0.8464044
MiniMap : 0.83003527
MainPanel : 0.87370414
MapControls : 0.8508415
ReportLabourAction : 0.80338675
