GoodsTradeItem : 0.8351133
AIGoods : 0.8351703
GoodsItem : GoodsItem is not exist in project code
GoodsLabel : 0.84782517
ImageLibrary : 0.81902254
Colony : 0.8178002
ModelMessage : 0.8348931
Market : 0.84530854
Player : 0.8119029
InGameController : 0.8056864
Tile : 0.8293618
IndianSettlement : 0.8105159
PlayerExploredTile : 0.8167436
Settlement : 0.8303099
Unit : 0.81670666
Europe : 0.8068672
ColonyTile : 0.82075596
ClientOptions : 0.7582553
GoodsType : 0.8211984
WorkLocationPlan : 0.84717005
CargoLabel : CargoLabel is not exist in project code
ReportProductionPanel : 0.8333824
WarehouseGoodsPanel : WarehouseGoodsPanel is not exist in project code
GoodsContainer : 0.8391432
FreeColProgressBar : 0.80914366
WorkLocation : 0.8074876
Specification : 0.8019214
ColopediaPanel : 0.8224686
Building : 0.8252073
Location : 0.7719633
AIColony : 0.8005863
NetworkConstants : 0.77438706
ColopediaGoodsAction : ColopediaGoodsAction is not exist in project code
IndianDemandMission : 0.8086587
WarehousePanel : WarehousePanel is not exist in project code
EuropePanel : 0.81406736
GoodsPanel : GoodsPanel is not exist in project code
CaptureGoodsDialog : 0.81527513
UnitType : 0.82832175
InGameInputHandler : 0.8034916
MarketLabel : 0.847636
