ModelMessage : 0.8446353
Game : 0.8432321
AIMain : 0.8487741
FreeColGameObjectListener : 0.79282266
AIUnit : 0.8299447
AIColony : 0.8044211
ColonyPlan : 0.804014
ClientModelController : ClientModelController is not exist in project code
ServerModelController : ServerModelController is not exist in project code
ModelController : 0.0
AIPlayer : 0.8309999
InGameInputHandler : 0.83168966
WorkLocationPlan : 0.8354657
PreGameController : 0.8605974
InGameController : 0.81495893
AIObject : 0.8543234
Transportable : 0.7630163
ClientOptions : 0.76726735
Stop : Stop is not exist in project code
Building : 0.81871307
Location : 0.7746634
PlayersTableModel : PlayersTableModel is not exist in project code
TradeRoute : 0.836023
ServerModelObject : 0.77540284
PreGameInputHandler : 0.8355986
Unit : 0.8120292
FreeColServer : 0.8438023
DeclareIndependenceAction : 0.8370864
PreferencesAction : 0.8304168
ChatAction : 0.8097504
OpenAction : 0.85479367
NewAction : 0.8512722
SaveAction : 0.85497123
EndTurnAction : 0.8289766
TradeItem : 0.7936376
DiplomaticTrade : 0.8296713
StartGamePanel : 0.82876503
AIInGameInputHandler : 0.8356526
ConnectController : 0.8454366
FreeColServerHolder : 0.84961176
FreeColAction : 0.83726513
