DebugMenu : 0.80825704
ColonyPanel : 0.7976537
FreeColServerHolder : 0.8261933
FreeColClient : 0.8425877
FreeColDialog : 0.80965346
ModelMessage : 0.81402713
Controller : 0.8339328
ReceivingThread : 0.8235452
FreeColLookAndFeel : 0.80652255
Canvas : 0.798719
AIInGameInputHandler : 0.79719776
FreeColPanelUI : 0.7955271
PlayersTableModel : PlayersTableModel is not exist in project code
Game : 0.80869806
Server : 0.8286902
PreGameController : 0.8274542
ConnectController : 0.82876855
InGameController : 0.7706776
InputHandler : 0.7943996
UserConnectionHandler : 0.8127623
ImageLibrary : 0.7778276
Message : 0.81723255
FreeColAction : 0.82303923
InGameInputHandler : 0.78418714
FreeColMenuBar : 0.8128309
FreeColException : 0.0
UnloadAction : 0.78214526
FreeColListUI : 0.8154541
PioneeringMission : 0.78352255
FreeColTextAreaUI : 0.8048331
FreeColTableUI : 0.80806726
TerrainCursor : 0.8109504
FreeColCheckBoxUI : 0.8065605
WaitAction : 0.7924428
ReportTurnAction : 0.80934936
ColorCellRenderer : 0.79850185
DropListener : 0.7964621
ExecuteGotoOrdersAction : 0.8152902
DefendSettlementMission : 0.78719294
AIMain : 0.8082274
MiniMapZoomOutAction : 0.8006946
