AIColony : 0.80328816
GoodsWish : 0.859489
AIPlayer : 0.8197208
TransportMission : 0.8193369
WorkLocationPlan : 0.8497227
Player : 0.80672365
WishRealizationMission : 0.8141033
GoodsTradeItem : 0.836034
GoodsItem : GoodsItem is not exist in project code
PioneeringMission : 0.8004472
AIMain : 0.8240144
ColonyPlan : 0.8098351
AIInGameInputHandler : 0.81507355
FreeColServer : 0.8236591
Mission : 0.8165178
AIObject : 0.82874775
UnitWanderMission : 0.8217206
UnitWanderHostileMission : 0.8246727
CashInTreasureTrainMission : 0.8341773
ScoutingMission : 0.82075644
WorkInsideColonyMission : 0.8191635
Colony : 0.810485
GoodsLabel : 0.8377507
InGameInputHandler : 0.79975045
AIUnit : 0.8275459
ImageLibrary : 0.8013059
Wish : 0.83953846
ModelMessage : 0.8282
Market : 0.8391202
DefendSettlementMission : 0.825251
InGameController : 0.8000499
UnitType : 0.8213336
IndianSettlement : 0.8069908
Settlement : 0.8205733
Unit : 0.8096523
ColonyTile : 0.8125199
Tile : 0.8155928
PlayerExploredTile : 0.8108492
Europe : 0.79837555
ClientOptions : 0.7598152
GoodsType : 0.81899685
