WorkInsideColonyMission : 0.8023383
ColonyPlan : 0.810081
AIPlayer : 0.8068346
BuildColonyMission : 0.8081312
AIGoods : 0.8032881
Wish : 0.80216503
Player : 0.7956494
IndianBringGiftMission : 0.8024946
IndianDemandMission : 0.8011916
TransportMission : 0.7927775
ColonyTradeItem : 0.81265485
ColonyPanel : 0.80508864
WarehouseGoodsPanel : WarehouseGoodsPanel is not exist in project code
PioneeringMission : 0.8179193
Mission : 0.7965483
WishRealizationMission : 0.8166986
AIMain : 0.8102885
Building : 0.79810005
ReportTradePanel : 0.79213315
ReportProductionPanel : 0.82589215
ReportUnitPanel : ReportUnitPanel is not exist in project code
WorkLocationPlan : 0.8155658
FreeColServer : 0.80451804
AIUnit : 0.79854053
AIObject : 0.7980142
AIInGameInputHandler : 0.8035865
UnitWanderMission : 0.8039526
UnitWanderHostileMission : 0.80531824
CashInTreasureTrainMission : 0.79897785
ScoutingMission : 0.799077
ColonyTile : 0.8116867
Unit : 0.7963046
GoodsWish : 0.8132048
ProductionPanel : ProductionPanel is not exist in project code
Colony : 0.8029257
DefendSettlementMission : 0.80279297
Tile : 0.8089312
UnitType : 0.7989682
InGameController : 0.80382556
ASingleTilePanel : ASingleTilePanel is not exist in project code
CargoPanel : 0.79939127
