AIUnit : 0.83030933
PioneeringMission : 0.81242794
IndianDemandMission : 0.8136681
GUI : 0.70003814
WorkInsideColonyMission : 0.8272238
ImageLibrary : 0.8098666
DefendSettlementMission : 0.81966907
CashInTreasureTrainMission : 0.82973576
ScoutingMission : 0.82479864
AIPlayer : 0.8238182
AIGoods : 0.8165179
IndianBringGiftMission : 0.817179
WishRealizationMission : 0.80929637
UnitWanderMission : 0.8395522
BuildColonyMission : 0.81850487
TransportMission : 0.8188997
UnitWanderHostileMission : 0.84103006
UnitSeekAndDestroyMission : 0.8232634
Transportable : 0.7790793
TileImprovement : 0.8208834
Wish : 0.82652307
AIColony : 0.79654825
Canvas : 0.8067569
TilePopup : 0.8198586
DebugMenu : 0.8050903
FreeColDialog : 0.8035477
