Unit : 0.8028283
Canvas : 0.7897259
PlayerExploredTile : 0.8067938
Player : 0.79976493
Tile : 0.8079192
TilePopup : 0.8117563
ImageLibrary : 0.7986669
IndianSettlementPanel : 0.8100629
GoodsTradeItem : 0.8107613
MapGenerator : 0.75799185
DefendSettlementMission : 0.8082603
FreeColDialog : 0.7851837
Settlement : 0.8135259
InGameInputHandler : 0.78886795
ScoutingMission : 0.7989379
AIPlayer : 0.8087447
GUI : 0.69102377
InGameController : 0.800488
IndianBringGiftMission : 0.80439836
IndianDemandMission : 0.8040718
ReportIndianPanel : 0.8102187
Tension : 0.8013923
DefaultCostDecider : DefaultCostDecider is not exist in project code
Mission : 0.80182636
AIUnit : 0.80133086
GameOptions : 0.0
UnitSeekAndDestroyMission : 0.8007694
ColonyPanel : 0.78027713
ReportIndianAction : 0.7654613
ReportLabourPanel : 0.79172605
ModelMessage : 0.8021954
Game : 0.80983716
Goods : 0.8105159
AIInGameInputHandler : 0.80133414
NationCellRenderer : 0.79906493
Colony : 0.80248314
Building : 0.8043896
TradeRouteInputDialog : 0.7663825
ColonyTile : 0.80511916
BuildColonyMission : 0.79821956
ASingleTilePanel : ASingleTilePanel is not exist in project code
