Canvas : 0.8375184
DeclarationDialog : 0.8551307
ConnectController : 0.8478503
ChoiceItem : 0.8324277
ClientOptionsDialog : 0.85954916
GameOptionsDialog : 0.8527483
MapGeneratorOptionsDialog : 0.8603826
ShowSelectFoundingFatherSwingTask : ShowSelectFoundingFatherSwingTask is not exist in project code
ChooseFoundingFatherDialog : 0.846139
QuitDialog : QuitDialog is not exist in project code
FreeColAction : 0.8409531
RecruitDialog : 0.8474417
InGameController : 0.79563385
InGameInputHandler : 0.8202551
WarehouseDialog : 0.8514855
LoadingSavegameDialog : 0.83557653
TradeRouteAction : 0.8491171
ShowConfirmDialogSwingTask : ShowConfirmDialogSwingTask is not exist in project code
PreferencesAction : 0.85279447
CaptureGoodsDialog : 0.84729713
PurchaseDialog : PurchaseDialog is not exist in project code
ColopediaPanel : 0.86314404
TradeRouteDialog : 0.85225457
EventPanel : 0.8667172
IndianSettlementPanel : 0.8231081
TrainDialog : 0.8467577
FAFile : 0.8197083
StartGamePanel : 0.8388447
EuropePanel : 0.8411616
FreeColPanel : 0.82776487
TradeRouteInputDialog : 0.8390033
MonarchPanel : 0.8606043
EmigrationPanel : 0.84953463
ErrorPanel : 0.8692843
ColonyPanel : 0.82558364
DebugMenu : 0.8356806
FreeColServerHolder : 0.823516
MainPanel : 0.8617231
FreeColClient : 0.8451019
FreeCol : 0.80965346
ModelMessage : 0.8308337
