Tile : 0.817994
Specification : 0.79992193
TileImprovement : 0.825567
ImageLibrary : 0.8064559
TerrainGenerator : 0.813952
WorkLocationPlan : 0.8366552
GUI : 0.6946867
Unit : 0.80673695
Colony : 0.811661
IndianSettlement : 0.79942834
TerrainCursor : 0.80447996
TileInfoPanel : TileInfoPanel is not exist in project code
ImageProvider : ImageProvider is not exist in project code
Building : 0.81916666
River : 0.80023295
Settlement : 0.8231472
ColonyTile : 0.81312346
Goods : 0.82171124
Player : 0.80433524
CostDecider : 0.76426005
ColopediaPanel : 0.8091716
AIColony : 0.7923686
ColonyPlan : 0.8059486
MapGenerator : 0.76906174
DefaultCostDecider : DefaultCostDecider is not exist in project code
TilePanel : 0.80415154
Map : 0.81995124
Canvas : 0.79893225
AIPlayer : 0.809051
PioneeringMission : 0.79205537
ModelMessage : 0.8207343
BuildingBoxItem : BuildingBoxItem is not exist in project code
ASingleTilePanel : ASingleTilePanel is not exist in project code
NumberedUnitType : NumberedUnitType is not exist in project code
MiniMap : 0.79355955
Mission : 0.80311257
ServerModelController : ServerModelController is not exist in project code
Location : 0.7726782
WishRealizationMission : 0.7902268
UnitSeekAndDestroyMission : 0.8046223
InGameController : 0.79232585
