Settlement : 0.82283705
Unit : 0.80750537
ColonyTile : 0.81228316
Tile : 0.8170081
Europe : 0.79687965
Colony : 0.8158948
Location : 0.7568648
Building : 0.8207056
IndianSettlement : 0.8127828
WarehousePanel : WarehousePanel is not exist in project code
IndianDemandMission : 0.8059554
AIGoods : 0.83580714
GoodsTradeItem : 0.83432084
GoodsItem : GoodsItem is not exist in project code
InGameController : 0.80383754
InGameInputHandler : 0.7958379
Goods : 0.8391433
AIColony : 0.8047335
CargoPanel : 0.8182349
GoodsLabel : 0.85218585
GoodsWish : 0.8535387
ScoutingMission : 0.7996645
SoundLibrary : SoundLibrary is not exist in project code
ImageLibrary : 0.80415493
ModelMessage : 0.81836945
Market : 0.8570819
Player : 0.8044112
WarehouseGoodsPanel : WarehouseGoodsPanel is not exist in project code
PioneeringMission : 0.7933919
PlayerExploredTile : 0.80973864
ClientOptions : 0.755214
WorkLocationPlan : 0.84649396
GoodsType : 0.8184209
CargoLabel : CargoLabel is not exist in project code
ReportProductionPanel : 0.8528047
IndianBringGiftMission : 0.80682313
FreeColProgressBar : 0.8129704
Specification : 0.80379754
WorkLocation : 0.79793847
ColopediaPanel : 0.8140702
UnitContainer : UnitContainer is not exist in project code
