TerrainCursor : 0.8257706
TileInfoPanel : TileInfoPanel is not exist in project code
Settlement : 0.83402383
ServerModelController : ServerModelController is not exist in project code
Location : 0.76777935
TileImprovement : 0.8377644
ColonyTile : 0.8291794
Map : 0.84336317
InfoPanel : 0.8301242
ASingleTilePanel : ASingleTilePanel is not exist in project code
PioneeringMission : 0.8188487
ColonyPanel : 0.8064944
Europe : 0.80607396
Player : 0.8156923
Canvas : 0.81832737
GUI : 0.705528
Unit : 0.8179142
Specification : 0.79493296
Building : 0.8194768
ClientModelController : ClientModelController is not exist in project code
ServerPlayer : 0.8077094
Colony : 0.81882256
AIColony : 0.8089313
Locatable : 0.7713054
LandGenerator : 0.84077513
BuildColonyMission : 0.8275936
ImageLibrary : 0.8236264
InGameInputHandler : 0.8137552
Goods : 0.82936174
ModelController : 0.0
TilePopup : 0.83999133
PathNode : 0.83573616
ViewMode : 0.8289009
MiniMap : 0.82166713
WorkLocationPlan : 0.82808703
TileType : 0.8179941
TerrainGenerator : 0.8331625
River : 0.8230884
DisplayTileOwnersAction : DisplayTileOwnersAction is not exist in project code
PlayerExploredTile : 0.8192503
CostDecider : 0.7651619
