FreeColServer : 0.83097535
FreeColClient : 0.8433871
UserConnectionHandler : 0.869668
ConnectController : 0.8701379
InGameInputHandler : 0.89200294
PlayersTableModel : PlayersTableModel is not exist in project code
AIInGameInputHandler : 0.8579983
ColonyPanel : 0.8135916
InputHandler : 0.87176865
PreGameController : 0.8777634
EuropePanel : 0.83316076
AIPlayer : 0.82017934
Player : 0.80581397
StartGamePanel : 0.82041585
Connection : 0.8423386
InGameController : 0.83729357
FreeColGameObject : 0.8355986
Monarch : 0.78716534
ClientOptions : 0.77805096
MetaServer : 0.85399884
FreeColNetworkInputStream : FreeColNetworkInputStream is not exist in project code
CREatingInputStream : CREatingInputStream is not exist in project code
DummyConnection : 0.8182684
Map : 0.8180876
Market : 0.80746776
Colony : 0.8067766
ColonyTile : 0.80898976
Europe : 0.7855965
Unit : 0.8007296
Settlement : 0.80966705
Building : 0.8017883
GameOptions : 0.0
Tile : 0.8226092
GameOptionsDialog : 0.84104955
Canvas : 0.8157605
UnitContainer : UnitContainer is not exist in project code
GoodsContainer : 0.80738425
DefaultTransferHandler : 0.81531554
ReceivingThread : 0.84897757
IndianSettlement : 0.79196155
Server : 0.844469
