Unit : 0.8150249
Player : 0.81701255
ModelController : 0.0
TradeRouteAction : 0.84231085
Canvas : 0.8095669
ClientModelController : ClientModelController is not exist in project code
ServerModelController : ServerModelController is not exist in project code
TradeRouteDialog : 0.81491625
InGameController : 0.8103034
AssignTradeRouteAction : 0.8297185
InGameInputHandler : 0.81461644
TradeRouteInputDialog : 0.8064438
NetworkConstants : 0.79743826
TradeItem : 0.7969131
DiplomaticTrade : 0.8388594
ActionManager : 0.82526165
ColonyTradeItem : 0.7988978
UnitTradeItem : 0.8320633
FreeColMenuBar : 0.808043
StanceTradeItem : 0.82973754
GoldTradeItem : 0.82948995
GoodsTradeItem : 0.8280119
ReportTradePanel : 0.81011647
ReportTradeAction : 0.8317238
AIPlayer : 0.8247768
FoundingFather : 0.8129456
ImageLibrary : 0.8119016
Goods : 0.8307833
MarketLabel : 0.8329685
Market : 0.82667756
MarketPanel : MarketPanel is not exist in project code
EuropePanel : 0.8184347
ColopediaPanel : 0.8204368
GoodsLabel : 0.8295739
IndianDemandMission : 0.80213463
IndianSettlement : 0.8077981
FoundingFatherPanel : FoundingFatherPanel is not exist in project code
CargoPanel : 0.82798433
Colony : 0.81278366
FreeColLookAndFeel : 0.8077704
