FreeColServer : 0.8170579
ColonyPanel : 0.791196
PlayersTableModel : PlayersTableModel is not exist in project code
FreeColClient : 0.81903285
CanvasKeyListener : CanvasKeyListener is not exist in project code
Game : 0.82273525
PreGameController : 0.85158277
MapControlsAction : 0.79187
Canvas : 0.8010348
ModelController : 0.0
MapGenerator : 0.7500736
SaveAction : 0.82263935
OpenAction : 0.8191451
ConnectController : 0.8255344
EndTurnAction : 0.8087221
DisbandUnitAction : 0.81148
InGameInputHandler : 0.8369354
StartGamePanel : 0.8041623
DeclareIndependenceAction : 0.81519395
PreGameInputHandler : 0.83729357
SkipUnitAction : 0.8177715
WaitAction : 0.8054412
ExecuteGotoOrdersAction : 0.8347411
BuildColonyAction : 0.8114949
PurchaseDialog : PurchaseDialog is not exist in project code
UnitLabel : 0.81111825
Player : 0.8011703
AIMain : 0.81047314
TradeItem : 0.7698128
EuropePanel : 0.80698884
RecruitDialog : 0.7966408
CargoPanel : 0.7996962
AIObject : 0.79267496
Monarch : 0.7922934
GotoAction : 0.81112456
FortifyAction : 0.79967695
ClearOrdersAction : 0.8149967
AssignTradeRouteAction : 0.8227927
BuildingBoxListener : BuildingBoxListener is not exist in project code
PreferencesAction : 0.78870666
SentryAction : 0.81907046
