FreeColClient : 0.78903013
Canvas : 0.76362324
InGameController : 0.7483315
PreGameController : 0.7929553
StartGamePanel : 0.77619904
FreeColAction : 0.78462756
ClientOptionsDialog : 0.78992116
ColonyPanel : 0.7752771
PreferencesAction : 0.7608727
PreGameInputHandler : 0.77805096
SelectOption : 0.769929
GameOptionsDialog : 0.78248465
MapGeneratorOptionsDialog : 0.7889059
OptionGroup : 0.76938045
ActionManager : 0.77775836
GUI : 0.68439037
MainPanel : 0.8030315
Game : 0.7689515
OptionGroupUI : 0.77863014
OptionMap : OptionMap is not exist in project code
ConnectController : 0.79076236
OptionMapUI : OptionMapUI is not exist in project code
BooleanOptionUI : 0.7509909
OptionUpdater : 0.72174203
FreeColActionUI : 0.776573
ReportTurnPanel : 0.7820011
MapGenerator : 0.7142375
SelectOptionUI : 0.7600909
IntegerOptionUI : 0.7720398
CanvasMouseMotionListener : 0.7744803
MapGeneratorOptions : 0.8377137
GameOptions : 0.0
AbstractOption : 0.77979434
LoadingSavegameDialog : 0.7715418
FreeColGameObject : 0.76726735
DebugMenu : 0.78375524
InputHandler : 0.75657916
Option : 0.7113319
BooleanOption : 0.75624067
IntegerOption : 0.7718958
Player : 0.7524395
