OptionMap : OptionMap is not exist in project code
OptionGroupUI : 0.8702953
ClientOptions : 0.7693805
GameOptions : 0.0
FreeColActionUI : 0.82265973
SelectOption : 0.8625106
OptionMapUI : OptionMapUI is not exist in project code
AbstractOption : 0.87495923
BooleanOption : 0.8636074
IntegerOptionUI : 0.85464495
ActionManager : 0.8372087
SelectOptionUI : 0.86228234
BooleanOptionUI : 0.85877866
IntegerOption : 0.86445564
BlinkingLabel : BlinkingLabel is not exist in project code
ReportTurnPanel : 0.835624
SoundPlayer : 0.8147227
Game : 0.8277617
StartGamePanel : 0.81430453
FreeColClient : 0.83378077
Canvas : 0.8163072
OptionUpdater : 0.79822016
PreGameController : 0.840511
MapGenerator : 0.77859807
MapGeneratorOptions : 0.80786127
FreeColGameObject : 0.83548933
Option : 0.78917724
InGameController : 0.7958095
Player : 0.8065732
DisbandUnitAction : 0.8076687
FortifyAction : 0.7923303
QuitAction : 0.8167408
NewAction : 0.8317371
FreeColAction : 0.8428515
AssignTradeRouteAction : 0.81500936
ReportNavalAction : 0.8234165
OpenAction : 0.83518714
ChatAction : 0.79440475
ReconnectAction : 0.83177423
WaitAction : 0.8018698
EndTurnAction : 0.7999196
