ColonyPanel : 0.80542827
FreeColClient : 0.8497225
FreeColServer : 0.84165436
TradeItem : 0.7920204
FreeColGameObject : 0.8432321
AIObject : 0.83861303
Goods : 0.82644534
AIMain : 0.8381173
Data : Data is not exist in project code
WorkLocationPlan : 0.82966727
ColonyPlan : 0.81009734
StartGamePanel : 0.83217895
PlayersTableModel : PlayersTableModel is not exist in project code
GameOptions : 0.0
GUI : 0.70162356
Canvas : 0.8193221
TradeRoute : 0.83823776
ModelMessage : 0.83428246
MapGenerator : 0.78302103
Map : 0.8335821
ColonyTile : 0.82014394
Europe : 0.8094297
Unit : 0.8167488
Settlement : 0.8310728
Market : 0.8200366
Colony : 0.81750673
ServerInfo : 0.8435417
PreGameController : 0.8655878
StanceTradeItem : 0.82372665
GoldTradeItem : 0.82759076
ColonyTradeItem : 0.80595016
Player : 0.8222428
UnitTradeItem : 0.8281344
InGameInputHandler : 0.8305703
CurrentPlayerNetworkRequestHandler : CurrentPlayerNetworkRequestHandler is not exist in project code
Monarch : 0.80231714
Tile : 0.83421797
PreGameInputHandler : 0.8379858
ClientModelController : ClientModelController is not exist in project code
ServerPlayer : 0.8142974
GoodsContainer : 0.81508666
