Unit : 0.8028283
Canvas : 0.7897259
PlayerExploredTile : 0.8067938
Player : 0.79976493
Tile : 0.8079192
TilePopup : 0.8117563
ImageLibrary : 0.7986669
IndianSettlementPanel : 0.8100629
MapGenerator : 0.75799185
InGameInputHandler : 0.78886795
DefendSettlementMission : 0.8082603
Settlement : 0.8135259
AIPlayer : 0.8087447
ScoutingMission : 0.7989379
FreeColDialog : 0.7851837
MapGeneratorTest : 0.7939573
GoodsTradeItem : 0.8107613
GUI : 0.69102377
InGameController : 0.800488
IndianBringGiftMission : 0.80439836
IndianDemandMission : 0.8040718
ReportIndianPanel : 0.8102187
Tension : 0.8013923
DefaultCostDecider : DefaultCostDecider is not exist in project code
NegotiationDialog : 0.80753666
Mission : 0.80182636
AIUnit : 0.80133086
GameOptions : 0.0
UnitSeekAndDestroyMission : 0.8007694
ReportIndianAction : 0.7654613
ColonyPanel : 0.78027713
ModelMessage : 0.8021954
Goods : 0.8105159
Game : 0.80983716
AIInGameInputHandler : 0.80133414
ProductionLabel : 0.8070668
NationCellRenderer : 0.79906493
BuildingTest : 0.77052194
Colony : 0.80248314
BuildColonyMission : 0.79821956
Building : 0.8043896
