FreeColServer : 0.82664067
FreeColClient : 0.8368175
PreGameInputHandler : 0.89200294
AIInGameInputHandler : 0.85461384
UserConnectionHandler : 0.8668633
ConnectController : 0.8584117
InputHandler : 0.8694426
PreGameController : 0.8713566
AIPlayer : 0.8185996
EuropePanel : 0.8230542
Connection : 0.83879066
FreeColGameObject : 0.8316896
Player : 0.7965305
Monarch : 0.7915617
MetaServer : 0.8402299
ColonyPanel : 0.79875106
CREatingInputStream : CREatingInputStream is not exist in project code
FreeColNetworkInputStream : FreeColNetworkInputStream is not exist in project code
Market : 0.795609
Building : 0.7895906
Colony : 0.7978608
ColonyTile : 0.80281276
Unit : 0.7961186
Settlement : 0.80427134
Europe : 0.78245944
Map : 0.80903983
DummyConnection : 0.82742757
InGameController : 0.83693534
GameOptions : 0.0
Tile : 0.8137552
UnitContainer : UnitContainer is not exist in project code
GoodsContainer : 0.7958379
DefaultTransferHandler : 0.8027374
OptionMap : OptionMap is not exist in project code
ReceivingThread : 0.84551895
IndianSettlement : 0.78886795
ReplayableInputStream : 0.79123646
ColonyTradeItem : 0.7815353
UnitTradeItem : 0.80342567
Server : 0.8433603
TradeItem : 0.76067305
