TerrainCursor : 0.8257706
TileInfoPanel : TileInfoPanel is not exist in project code
Settlement : 0.83402383
ServerModelController : ServerModelController is not exist in project code
Location : 0.76777935
TileImprovement : 0.8377644
ColonyTile : 0.8291794
Map : 0.84336317
InfoPanel : 0.8301242
Canvas : 0.81832737
PioneeringMission : 0.8188487
ColonyPanel : 0.8064944
Player : 0.8156923
Europe : 0.80607396
ASingleTilePanel : ASingleTilePanel is not exist in project code
TileTypeTransform : TileTypeTransform is not exist in project code
MockModelController : 0.83246243
MapTransform : MapTransform is not exist in project code
GUI : 0.705528
Unit : 0.8179142
Building : 0.8194768
Specification : 0.79493296
Colony : 0.81882256
ClientModelController : ClientModelController is not exist in project code
ServerPlayer : 0.8077094
FreeColTestCase : 0.8366743
TileTest : 0.75562215
MapTest : 0.8321907
AIColony : 0.8089313
Locatable : 0.7713054
LandGenerator : 0.84077513
InGameInputHandler : 0.8137552
ImageLibrary : 0.8236264
BuildColonyMission : 0.8275936
Goods : 0.82936174
ModelController : 0.0
TilePopup : 0.83999133
PathNode : 0.83573616
MapEditorTransformPanel : 0.83000344
ViewMode : 0.8289009
AIPlayer : 0.82233995
