PlayersTableModel : PlayersTableModel is not exist in project code
FreeColServer : 0.8170579
ColonyPanel : 0.791196
FreeColClient : 0.81903285
CanvasKeyListener : CanvasKeyListener is not exist in project code
PreGameController : 0.85158277
Game : 0.82273525
MapControlsAction : 0.79187
FreeCol : 0.7706776
GameTest : 0.8197
Canvas : 0.8010348
ModelController : 0.0
ColonyProductionTest : 0.82897705
FreeColTestCase : 0.8207452
SaveAction : 0.82263935
OpenAction : 0.8191451
ConnectController : 0.8255344
NewEmptyMapAction : 0.8069636
DeclareIndependenceAction : 0.81519395
ShowMainAction : 0.81086564
InGameMenuBar : 0.79998714
PreGameInputHandler : 0.83729357
DisbandUnitAction : 0.81148
StartGamePanel : 0.8041623
SkipUnitAction : 0.8177715
InGameInputHandler : 0.8369354
UnitLabel : 0.81111825
ExecuteGotoOrdersAction : 0.8347411
BuildColonyAction : 0.8114949
ReportTurnAction : 0.8203934
EndTurnAction : 0.8087221
WaitAction : 0.8054412
PurchaseDialog : PurchaseDialog is not exist in project code
Player : 0.8011703
AIMain : 0.81047314
MarketPanel : MarketPanel is not exist in project code
EuropePanel : 0.80698884
RecruitDialog : 0.7966408
CargoPanel : 0.7996962
AIObject : 0.79267496
Monarch : 0.7922934
