UnitInfoPanel : UnitInfoPanel is not exist in project code
UnitTradeItem : 0.82292014
InGameInputHandler : 0.7961186
UnitPredicate : UnitPredicate is not exist in project code
IndianSettlement : 0.80282825
PlayerExploredTile : 0.8092497
UnitIterator : UnitIterator is not exist in project code
GUI : 0.6917572
UnitContainer : UnitContainer is not exist in project code
UnitLabel : 0.81561714
Mission : 0.8106928
AIUnit : 0.8131226
ViewMode : 0.8040188
ModelMessage : 0.81119657
Building : 0.81544936
EuropePanel : 0.80553895
ColonyPanel : 0.7896688
ReportPanel : 0.814204
Europe : 0.80167717
ColonyTile : 0.8140277
Colony : 0.8114865
Tile : 0.8179143
ModelController : 0.0
InfoPanel : 0.80205095
ImageLibrary : 0.80362445
ClientOptions : 0.74774003
ReportCargoPanel : 0.8006742
GoingToPredicate : GoingToPredicate is not exist in project code
MockModelController : 0.81850445
ReportUnitPanel : ReportUnitPanel is not exist in project code
AIGoods : 0.8096523
NumberedUnitType : NumberedUnitType is not exist in project code
ReportColonyPanel : 0.78719425
Player : 0.80539143
InGameController : 0.8017735
Location : 0.76534903
GameOptions : 0.0
Settlement : 0.820247
ReportRequirementsPanel : 0.791673
Specification : 0.78883713
WorkerWish : 0.82691294
