Canvas : 0.83009815
ReportTurnAction : 0.82931316
ReportCargoPanel : 0.83465445
ReportUnitPanel : ReportUnitPanel is not exist in project code
ReportProductionPanel : 0.8765789
ReportMilitaryPanel : 0.8446357
ReportNavalPanel : 0.8348173
ReportPanel : 0.8328752
EndTurnPanel : EndTurnPanel is not exist in project code
ReportForeignAffairPanel : 0.0
ReportColonyPanel : 0.82702637
ReportRequirementsPanel : 0.8365077
ReportIndianPanel : 0.86242706
ReportReligiousPanel : 0.0
Game : 0.8258183
ReportTradePanel : 0.8269072
ReportContinentalCongressPanel : 0.8293368
ReportLabourDetailPanel : 0.8390275
ReportContinentalCongressAction : 0.80774593
ReportForeignAction : 0.8199269
ReportReligionAction : 0.8117125
ReportNavalAction : 0.8250936
ReportLabourAction : 0.8197741
ReportRequirementsAction : 0.8194206
ReportTradeAction : 0.82278645
ReportColonyAction : 0.8303348
ReportIndianAction : 0.7885121
ReportMilitaryAction : 0.80086476
ReportCargoAction : 0.8217633
InGameMenuBar : 0.8472104
PathNode : 0.8138558
Turn : 0.7646826
ReportLabourPanel : 0.8282464
ProductionLabel : 0.82442987
InfoPanel : 0.8298868
EndTurnAction : 0.8053043
TradeRoute : 0.81789863
UnitLabel : 0.84175074
Settlement : 0.8114793
InGameController : 0.81794906
Colony : 0.8065969
