FreeColClient : 0.8497225
FreeColServer : 0.84165436
ColonyPanel : 0.80542827
FreeColGameObject : 0.8432321
AIObject : 0.83861303
TradeItem : 0.7920204
Goods : 0.82644534
FreeColTestCase : 0.8412082
DiplomaticTrade : 0.830438
FreeColServerHolder : 0.8480966
Data : Data is not exist in project code
InputHandler : 0.82019854
AIMain : 0.8381173
ColonyPlan : 0.81009734
WorkLocationPlan : 0.82966727
PlayersTableModel : PlayersTableModel is not exist in project code
StartGamePanel : 0.83217895
GameOptions : 0.0
GUI : 0.70162356
Canvas : 0.8193221
TradeRoute : 0.83823776
GameTest : 0.81654567
ModelMessage : 0.83428246
ColonyProductionTest : 0.82204777
Colony : 0.81750673
Map : 0.8335821
Market : 0.8200366
Europe : 0.8094297
ServerInfo : 0.8435417
ColonyTile : 0.82014394
Unit : 0.8167488
Settlement : 0.8310728
TerrainGenerator : 0.8292219
PreGameController : 0.8655878
Player : 0.8222428
Monarch : 0.80231714
Tile : 0.83421797
CurrentPlayerNetworkRequestHandler : CurrentPlayerNetworkRequestHandler is not exist in project code
PreGameInputHandler : 0.8379858
ClientModelController : ClientModelController is not exist in project code
ServerPlayer : 0.8142974
