MapControls : 0.8635545
MiniMapZoomOutAction : 0.8648498
MiniMapZoomInAction : 0.8645127
ScrollThread : ScrollThread is not exist in project code
Game : 0.8098744
River : 0.800595
LandGenerator : 0.8417527
ActionManager : 0.83242327
MapGeneratorOptions : 0.79566836
FreeColServer : 0.8143739
FreeColClient : 0.8385355
TerrainGenerator : 0.81981516
GUI : 0.72661453
Section : Section is not exist in project code
Colony : 0.7882115
MapControlsAction : 0.8598695
Tile : 0.82166713
MapGenerator : 0.79033595
FreeColTestCase : 0.81949353
MapTest : 0.80689985
PreGameController : 0.8329675
MapEditorController : 0.8532298
InGameController : 0.7779221
NewEmptyMapAction : 0.863459
Map : 0.8342385
SelectableAction : 0.84168625
ClientOptions : 0.7620559
InputHandler : 0.79635304
StartGamePanel : 0.8436217
OptionMapUI : OptionMapUI is not exist in project code
WholeMapIterator : WholeMapIterator is not exist in project code
Canvas : 0.8320063
MetaServer : 0.79899925
Server : 0.81357527
MapGeneratorTest : 0.7849114
InfoPanel : 0.8608951
Unit : 0.788113
AIPlayer : 0.8029201
ReceivingThread : 0.8077602
ReportUnitPanel : ReportUnitPanel is not exist in project code
MapSize : MapSize is not exist in project code
