FileOptionUI : 0.76115125
SelectOption : 0.80789757
OptionGroup : 0.78917724
ClientOptions : 0.7113319
LandGenerator : 0.76327807
OptionGroupButton : OptionGroupButton is not exist in project code
OptionGroupUI : 0.79396814
Game : 0.7690575
StartGamePanel : 0.7715601
FreeColClient : 0.7779334
TerrainGenerator : 0.7413337
OptionUpdater : 0.936606
OptionMap : OptionMap is not exist in project code
OptionMapUI : OptionMapUI is not exist in project code
Canvas : 0.7631933
FreeColActionUI : 0.7367662
BooleanOptionUI : 0.81232697
FreeCol : 0.7564634
IntegerOptionUI : 0.8035861
PreGameController : 0.7646583
MapGenerator : 0.8697059
SelectOptionUI : 0.8071655
GameOptions : 0.0
MapGeneratorOptions : 0.77553374
AbstractOption : 0.8021489
FreeColGameObject : 0.7854041
FileOption : 0.81073874
InGameController : 0.73790187
Player : 0.7574408
BooleanOption : 0.81411004
IntegerOption : 0.8116966
TradeRouteAction : 0.80203265
ColopediaTerrainAction : ColopediaTerrainAction is not exist in project code
BuildColonyAction : 0.76646817
SentryAction : 0.7748049
ChatAction : 0.75830245
ReportLabourAction : 0.75496924
EndTurnAction : 0.780141
DisplayGridAction : 0.76937264
ReportReligionAction : 0.7790434
ReportTradeAction : 0.7870275
