Player : 0.8123758
MarketLabel : 0.87090915
ModelMessage : 0.8253807
ClientOptions : 0.75813234
Data : Data is not exist in project code
EuropePanel : 0.8140725
PreGameInputHandler : 0.80746776
MarketPanel : MarketPanel is not exist in project code
FreeColDragHandler : FreeColDragHandler is not exist in project code
Colony : 0.82017404
DefaultTransferHandler : 0.81157297
IndianDemandMission : 0.81241715
TransportMission : 0.80388266
InGameController : 0.8095698
ReportTradePanel : 0.80897206
InGameInputHandler : 0.79560894
Unit : 0.81466585
CargoPanel : 0.82528347
ReportTurnPanel : 0.817794
AIInGameInputHandler : 0.81276804
DragListener : 0.81085813
PreGameController : 0.8411291
WorkLocationPlan : 0.85141486
AIPlayer : 0.81924474
FreeColServer : 0.82215583
FreeColLookAndFeel : 0.80572444
