AIPlayer : 0.81144434
AIUnit : 0.8134993
InGameInputHandler : 0.79939455
IndianBringGiftMission : 0.8362276
Canvas : 0.79588705
AIInGameInputHandler : 0.8114777
InGameController : 0.8052948
Unit : 0.8056007
FreeColDialog : 0.79381275
PioneeringMission : 0.8176884
NegotiationDialog : 0.8046892
GUI : 0.69030964
Mission : 0.8136682
WorkInsideColonyMission : 0.81538856
ImageLibrary : 0.8002911
Tile : 0.8115295
UnitSeekAndDestroyMission : 0.8245722
DefendSettlementMission : 0.81854737
ScoutingMission : 0.8150018
CashInTreasureTrainMission : 0.8153723
AIGoods : 0.8096492
BuildColonyMission : 0.82528645
UnitWanderMission : 0.8248695
TransportMission : 0.8100921
WishRealizationMission : 0.81498337
Player : 0.7996972
UnitWanderHostileMission : 0.8259476
PlayerExploredTile : 0.8026079
IndianSettlement : 0.8040718
TilePopup : 0.82307965
Transportable : 0.74796665
TileImprovement : 0.8124474
ReportIndianPanel : 0.82718307
ReportIndianAction : 0.7761011
IndianSettlementPanel : 0.8331563
MapGenerator : 0.75452083
Wish : 0.80679226
AIColony : 0.8011916
MapGeneratorTest : 0.8136356
Settlement : 0.8102556
NationCellRenderer : 0.7967881
