FreeColTextAreaUI : 0.8688984
FreeColTextFieldUI : 0.86744946
FreeColRadioButtonUI : 0.86569214
FreeColMenuItemUI : 0.8649091
FreeColTableUI : 0.8645424
FreeColScrollPaneUI : 0.8707604
FreeColTableHeaderUI : 0.85513157
FreeColCheckBoxUI : 0.86732215
FreeColListUI : 0.85019517
FreeColLabelUI : 0.8692542
FreeColButtonUI : 0.8582258
FreeColToolTipUI : 0.84619653
FreeColMenuTest : 0.8400745
InGameController : 0.76643866
MapEditorController : 0.8366955
ActionManager : 0.8111392
WholeMapIterator : WholeMapIterator is not exist in project code
InputHandler : 0.7938318
FrameMotionListener : FrameMotionListener is not exist in project code
FreeColDialog : 0.82111466
ConnectController : 0.81195176
WorkerCheck : 0.7694299
FreeColPanel : 0.83010644
PreGameInputHandler : 0.8011731
InGameInputHandler : 0.7890933
Unit : 0.7601401
ScrollThread : ScrollThread is not exist in project code
FreeColClient : 0.8096769
TilePanel : 0.85632724
EuropePanel : 0.81743383
ColonyPanel : 0.8020311
FreeCol : 0.77448285
