Canvas : 0.8375184
DeclarationDialog : 0.8551307
ConnectController : 0.8478503
ChoiceItem : 0.8324277
GameOptionsDialog : 0.8527483
ClientOptionsDialog : 0.85954916
MapGeneratorOptionsDialog : 0.8603826
ChooseFoundingFatherDialog : 0.846139
QuitDialog : QuitDialog is not exist in project code
FreeColAction : 0.8409531
MapEditorController : 0.84890217
RecruitDialog : 0.8474417
InGameController : 0.79563385
WarehouseDialog : 0.8514855
LoadingSavegameDialog : 0.83557653
TradeRouteAction : 0.8491171
PreferencesAction : 0.85279447
CaptureGoodsDialog : 0.84729713
PurchaseDialog : PurchaseDialog is not exist in project code
NegotiationDialog : 0.8199709
TradeRouteDialog : 0.85225457
ShowMainAction : 0.8626343
ColopediaPanel : 0.86314404
NewEmptyMapAction : 0.8521378
EventPanel : 0.8667172
IndianSettlementPanel : 0.8231081
TrainDialog : 0.8467577
FAFile : 0.8197083
FreeCol : 0.80965346
StartGamePanel : 0.8388447
FreeColPanel : 0.82776487
InGameInputHandler : 0.8202551
TradeRouteInputDialog : 0.8390033
MonarchPanel : 0.8606043
EmigrationPanel : 0.84953463
ErrorPanel : 0.8692843
ColonyPanel : 0.82558364
DebugMenu : 0.8356806
EuropePanel : 0.8411616
StanceTradeItemPanel : StanceTradeItemPanel is not exist in project code
GoodsTradeItemPanel : GoodsTradeItemPanel is not exist in project code
