WorkLocationPlan : 0.83244276
AIColony : 0.79893076
PioneeringMission : 0.81922346
TileImprovement : 0.8328249
ColonyPlan : 0.80134356
AIPlayer : 0.81566244
AIGoods : 0.81070554
ModelMessage : 0.823932
ClientOptions : 0.7522927
GoodsType : 0.80349946
ColonyTile : 0.81693614
GUI : 0.6926632
Tile : 0.82333744
TerrainCursor : 0.81546366
TileInfoPanel : TileInfoPanel is not exist in project code
Building : 0.8139076
Unit : 0.8077397
AIMain : 0.8184556
Settlement : 0.82164156
Map : 0.8230964
ServerModelController : ServerModelController is not exist in project code
Location : 0.769066
Mission : 0.81351656
InfoPanel : 0.81695265
Canvas : 0.80270195
ColopediaPanel : 0.81631327
ColonyPanel : 0.7919668
Player : 0.8012529
ASingleTilePanel : ASingleTilePanel is not exist in project code
Europe : 0.8038958
TileTypeTransform : TileTypeTransform is not exist in project code
MapTransform : MapTransform is not exist in project code
MockModelController : 0.8101232
Specification : 0.7879008
Colony : 0.8051389
ClientModelController : ClientModelController is not exist in project code
ServerPlayer : 0.7902518
FreeColTestCase : 0.81903106
TileTest : 0.7520201
MapTest : 0.81352776
Locatable : 0.77496624
