ProductionLabel : 0.8325278
CargoLabel : CargoLabel is not exist in project code
WarehouseGoodsPanel : WarehouseGoodsPanel is not exist in project code
WorkLocationPlan : 0.8403713
ReportProductionPanel : 0.80604064
FreeColProgressBar : 0.8113991
WorkLocation : 0.8024415
Specification : 0.79592365
Player : 0.8045647
Colony : 0.80738664
Unit : 0.80621916
GoodsContainer : 0.81842095
InGameController : 0.7815861
MarketLabel : 0.83393735
Building : 0.8206379
Goods : 0.82119846
Market : 0.8290078
IndianSettlement : 0.8033033
GoodsWish : 0.83334434
EuropePanel : 0.796506
TransactionListener : 0.79220206
ReportRequirementsPanel : 0.7725983
UnitType : 0.8305166
GoodsItem : GoodsItem is not exist in project code
Tile : 0.80843115
Settlement : 0.822852
ImageProvider : ImageProvider is not exist in project code
WarehouseDialog : 0.78669566
ReportColonyPanel : 0.7784544
ColonyTile : 0.8059204
ColonyPlan : 0.8013608
AIPlayer : 0.806784
GoodsLabel : 0.81794494
TileInfoPanel : TileInfoPanel is not exist in project code
AIGoods : 0.81899685
IndianDemandMission : 0.79605246
ColonyPanel : 0.78273624
GoodsPanel : GoodsPanel is not exist in project code
ColopediaPanel : 0.79344475
AIColony : 0.78280526
GoodsTradeItem : 0.8246067
