AIGoods : 0.8193369
AIUnit : 0.8232248
Wish : 0.8302736
Transportable : 0.7600402
CashInTreasureTrainMission : 0.8257267
WishRealizationMission : 0.8123531
ScoutingMission : 0.81960624
AIPlayer : 0.81408894
DefendSettlementMission : 0.8151216
Mission : 0.8188997
PioneeringMission : 0.8122819
IndianBringGiftMission : 0.812046
BuildColonyMission : 0.8175436
UnitSeekAndDestroyMission : 0.82480586
GUI : 0.6912013
IndianDemandMission : 0.8100921
AIColony : 0.7927775
WorkInsideColonyMission : 0.81011546
ImageLibrary : 0.7990966
PathNode : 0.8229741
GoodsWish : 0.8160803
TilePopup : 0.8236163
UnitWanderMission : 0.8229459
WorkerWish : 0.8366947
UnitWanderHostileMission : 0.82635903
TileImprovement : 0.8137684
Canvas : 0.79731125
Unit : 0.807165
DebugMenu : 0.808422
FreeColDialog : 0.7970937
