PioneeringMission : 0.8164193
AIColony : 0.8055842
WorkLocationPlan : 0.8390912
AIPlayer : 0.8234145
AIGoods : 0.82125324
ModelMessage : 0.83595425
ClientOptions : 0.7650857
GoodsType : 0.82244545
ColonyTile : 0.8259513
GUI : 0.7072513
Tile : 0.8377644
TerrainCursor : 0.83255523
TileInfoPanel : TileInfoPanel is not exist in project code
Building : 0.83024055
Unit : 0.82210326
AIMain : 0.8270384
Settlement : 0.83692557
Map : 0.8404169
ServerModelController : ServerModelController is not exist in project code
Location : 0.7703156
Mission : 0.8208834
InfoPanel : 0.827102
Canvas : 0.813149
ColopediaPanel : 0.8256436
ColonyPanel : 0.79979235
Player : 0.81785804
ASingleTilePanel : ASingleTilePanel is not exist in project code
Europe : 0.8126839
TileTypeTransform : TileTypeTransform is not exist in project code
MapTransform : MapTransform is not exist in project code
MockModelController : 0.8284806
Specification : 0.80425173
Colony : 0.82078904
ClientModelController : ClientModelController is not exist in project code
ServerPlayer : 0.79976237
FreeColTestCase : 0.8342161
TileTest : 0.75704145
MapTest : 0.8233015
Locatable : 0.7777835
LandGenerator : 0.84550387
InGameInputHandler : 0.80459625
