NumberedUnitType : NumberedUnitType is not exist in project code
ReportPanel : 0.8270809
Unit : 0.8221736
Specification : 0.8060396
WorkerWish : 0.84229887
GoodsWish : 0.83248025
InGameController : 0.8021523
Building : 0.8291431
ImageProvider : ImageProvider is not exist in project code
ColopediaPanel : 0.814062
Colony : 0.8199171
Monarch : 0.80491626
ImageLibrary : 0.8169023
ReportRequirementsPanel : 0.7928119
Europe : 0.81641316
ReportUnitPanel : ReportUnitPanel is not exist in project code
ReportLabourPanel : 0.8043876
ReportLabourDetailPanel : 0.81439954
MockModelController : 0.82403195
ColonyTile : 0.81939954
Market : 0.8260579
TransportMission : 0.80797297
AIPlayer : 0.8221533
BuildingBox : BuildingBox is not exist in project code
ReportColonyPanel : 0.79425454
EuropePanel : 0.81643176
UnitInfoPanel : UnitInfoPanel is not exist in project code
TransactionListener : 0.77489305
SchoolTest : 0.7918029
Player : 0.8163524
Modifier : 0.8311873
UnitLabel : 0.83371276
ModelController : 0.0
WorkLocationPlan : 0.844095
GUI : 0.6996753
InGameInputHandler : 0.7938758
ServerModelController : ServerModelController is not exist in project code
IndianSettlement : 0.8128531
TrainDialog : 0.82420677
Tile : 0.8244204
UnitTest : 0.7899696
