ASingleTilePanel : ASingleTilePanel is not exist in project code
Colony : 0.8179105
Tile : 0.8291794
BuildColonyMission : 0.82435614
AIPlayer : 0.8182012
Building : 0.8222339
Unit : 0.8140277
Settlement : 0.82596713
ClientOptions : 0.75264496
AIColony : 0.8116867
TilePanel : 0.8264911
Player : 0.80676425
FreeColTestCase : 0.8275037
UnitTest : 0.7986476
InGameInputHandler : 0.80281276
ColonyPanel : 0.8101145
AIGoods : 0.8125199
WarehouseGoodsPanel : WarehouseGoodsPanel is not exist in project code
ColonyProductionTest : 0.81769013
TerrainCursor : 0.81050354
TileInfoPanel : TileInfoPanel is not exist in project code
GUI : 0.7005422
WorkLocationPlan : 0.8326444
GoodsTest : 0.8176764
ColonyTradeItem : 0.8029379
ColonyPlan : 0.8093644
Goods : 0.82075596
ReportUnitPanel : ReportUnitPanel is not exist in project code
ReportProductionPanel : 0.82168084
ReportTradePanel : 0.8135999
InGameController : 0.80837
MapGenerator : 0.7756529
ReportRequirementsPanel : 0.8181168
DefendSettlementMission : 0.82056683
WishRealizationMission : 0.8112837
PioneeringMission : 0.8152536
DefaultCostDecider : DefaultCostDecider is not exist in project code
ChangeAction : 0.83458304
ServerPlayer : 0.8000626
ScoutingMission : 0.8177571
UnitSeekAndDestroyMission : 0.81933844
