AllTests : 0.866533
GoodsContainer : 0.8278195
Goods : 0.8202402
InGameController : 0.815087
Unit : 0.80520475
GoodsItem : GoodsItem is not exist in project code
AIGoods : 0.8178228
MessagesTest : 0.83988416
UnitTest : 0.8751274
GoodsTradeItem : 0.81160414
SpecificationTest : 0.85334975
GoodsLabel : 0.83795595
ColonyProductionTest : 0.8889497
Europe : 0.7903547
Tile : 0.81268376
UnitContainer : UnitContainer is not exist in project code
TestJob : TestJob is not exist in project code
ImageLibrary : 0.8002928
Market : 0.8317799
ModelMessage : 0.7973078
GameTest : 0.84062433
FreeColTestCase : 0.8258478
Colony : 0.81432045
IndianSettlement : 0.8067491
Player : 0.80117637
SchoolTest : 0.836914
ClientOptions : 0.7718095
ProductionLabel : 0.80290264
ColonyTile : 0.8176764
Settlement : 0.81254005
PlayerExploredTile : 0.80998427
Location : 0.73983485
Message : 0.797354
CargoLabel : CargoLabel is not exist in project code
WarehouseGoodsPanel : WarehouseGoodsPanel is not exist in project code
WorkLocationPlan : 0.8295354
ReportProductionPanel : 0.8603149
GoodsType : 0.7995155
FreeColProgressBar : 0.78861266
InGameInputHandler : 0.8034579
WorkLocation : 0.80147785
