Player : 0.8007762
FoundingFatherPanel : FoundingFatherPanel is not exist in project code
Canvas : 0.7934846
AIInGameInputHandler : 0.80281466
ChooseFoundingFatherDialog : 0.7837443
ColopediaPanel : 0.80567247
AIPlayer : 0.8095347
InGameController : 0.7920117
ReportContinentalCongressPanel : 0.7539777
Building : 0.8138941
Unit : 0.80303097
Colony : 0.80376786
InGameInputHandler : 0.79113936
ColopediaFatherAction : ColopediaFatherAction is not exist in project code
Tile : 0.8056355
MapEditorController : 0.7982852
ConnectController : 0.7989086
Europe : 0.80307657
Monarch : 0.7933624
GUI : 0.69519776
IndianSettlement : 0.7947385
FreeColLookAndFeel : 0.7960093
ASingleTilePanel : ASingleTilePanel is not exist in project code
FSGConverter : 0.8027858
ImageLibrary : 0.8040991
TranslationReport : 0.7984463
ReportForeignAffairPanel : 0.0
MapGeneratorTest : 0.7813911
River : 0.79294527
MetaRegister : 0.8099634
LanguageOption : 0.8090848
UnitWanderHostileMission : 0.8266701
TransportMission : 0.79665405
FileOption : 0.8237476
AbstractOption : 0.8181905
MusicLibrary : MusicLibrary is not exist in project code
SfxLibrary : SfxLibrary is not exist in project code
ChangeAction : 0.8158793
MessageMerge : 0.77759093
BooleanOption : 0.8176868
SelectOption : 0.82303745
