GoodsItem : GoodsItem is not exist in project code
AIGoods : 0.8351703
GoodsTradeItem : 0.8351133
GoodsLabel : 0.84782517
ImageLibrary : 0.81902254
Market : 0.84530854
ModelMessage : 0.8348931
Colony : 0.8178002
IndianSettlement : 0.8105159
Player : 0.8119029
InGameController : 0.8056864
ClientOptions : 0.7582553
Tile : 0.8293618
Europe : 0.8068672
ProductionLabel : 0.83447564
ColonyTile : 0.82075596
GoodsTest : 0.8202402
Settlement : 0.8303099
Unit : 0.81670666
PlayerExploredTile : 0.8167436
CargoLabel : CargoLabel is not exist in project code
GoodsContainer : 0.8391432
WarehouseGoodsPanel : WarehouseGoodsPanel is not exist in project code
WorkLocationPlan : 0.84717005
ReportProductionPanel : 0.8333824
GoodsType : 0.8211984
FreeColProgressBar : 0.80914366
WorkLocation : 0.8074876
Specification : 0.8019214
Building : 0.8252073
Location : 0.7719633
AIColony : 0.8005863
NetworkConstants : 0.77438706
ColopediaGoodsAction : ColopediaGoodsAction is not exist in project code
IndianDemandMission : 0.8086587
AIPlayer : 0.81965804
WarehousePanel : WarehousePanel is not exist in project code
TransactionListener : 0.7858106
GoodsTradeItemPanel : GoodsTradeItemPanel is not exist in project code
GoodsPanel : GoodsPanel is not exist in project code
EuropePanel : 0.81406736
