ReceivingThread : 0.8143069
Method : Method is not exist in project code
Level : Level is not exist in project code
OptionMap : OptionMap is not exist in project code
AbstractOption : 0.8408512
FreeColAction : 0.8266913
PersistentObject : PersistentObject is not exist in project code
Goods : 0.8096
OptionGroup : 0.8344579
GoodsType : 0.7967661
AIObject : 0.8329194
Option : 0.78953004
FreeColGameObject : 0.82885665
BuildingType : 0.80231667
Data : Data is not exist in project code
ObjectFactory : ObjectFactory is not exist in project code
UnitType : 0.80986345
GoldTradeItem : 0.8338512
StanceTradeItem : 0.8291321
Specification : 0.7810452
AIMain : 0.8233428
GoodsTradeItem : 0.8138602
TradeRoute : 0.80657727
TileType : 0.7960023
Message : 0.86618686
AIPlayer : 0.80499935
Wish : 0.80810153
Market : 0.80144113
Colony : 0.79291147
MapGeneratorOptions : 0.8023692
Europe : 0.79646784
PlayerExploredTile : 0.78632545
Map : 0.8151954
Building : 0.80830944
GameOptions : 0.0
ColonyTile : 0.79937714
Unit : 0.7933821
ColonyTradeItem : 0.7838724
UnitTradeItem : 0.83473164
ColonyPlan : 0.78061116
IntegerOption : 0.8519917
