PlayerExploredTile : 0.8077789
Player : 0.8104355
Tile : 0.81739086
PreGameController : 0.82817346
Unit : 0.8044324
NationCellRenderer : 0.8279266
IndianSettlement : 0.79319865
NationCellEditor : 0.79516035
ImageLibrary : 0.81360644
Game : 0.82459354
Monarch : 0.79464793
PreGameInputHandler : 0.80534464
Europe : 0.8040868
Settlement : 0.8201031
PlayersTableModel : PlayersTableModel is not exist in project code
ServerPlayer : 0.78541076
Colony : 0.803957
GameTest : 0.7906364
FreeColTestCase : 0.8212892
StartGamePanel : 0.8044447
TilePopup : 0.8020147
ColonyProductionTest : 0.7803961
TilePanel : 0.80571604
GUI : 0.71110183
InGameController : 0.7922941
ASingleTilePanel : ASingleTilePanel is not exist in project code
TileInfoPanel : TileInfoPanel is not exist in project code
ReportIndianPanel : 0.80123883
CurrentPlayerNetworkRequestHandler : CurrentPlayerNetworkRequestHandler is not exist in project code
ReportTurnPanel : 0.7975977
AIPlayer : 0.8124775
ReportForeignAffairPanel : 0.0
NegotiationDialog : 0.80397695
MonarchPanel : 0.80215967
MapGeneratorTest : 0.80296767
Market : 0.80587715
MapGenerator : 0.7836616
FreeColDialog : 0.79992056
InGameInputHandler : 0.7872179
ReportUnitPanel : ReportUnitPanel is not exist in project code
Canvas : 0.8025448
