FreeColListUI : 0.8349136
StartGamePanel : 0.84532726
ColopediaTreeCellRenderer : 0.8295479
FreeColComboBoxUI : 0.8320782
ColorCellRenderer : 0.8205172
NationCellEditor : 0.78507614
FreeColTableHeaderUI : 0.8286994
FreeColComboBoxRenderer : 0.82741463
PlayersTableModel : PlayersTableModel is not exist in project code
ClientOptions : 0.7563673
MergeTableCellRenderer : 0.75878847
ServerListPanel : 0.8410573
CheckBoxRenderer : CheckBoxRenderer is not exist in project code
ColorCellEditor : 0.80470383
PlayerExploredTile : 0.8088575
Player : 0.81532884
ColopediaPanel : 0.83053195
Tile : 0.82155323
LAFUtilities : 0.7841598
PreGameController : 0.8703002
Unit : 0.80034345
IndianSettlement : 0.799065
ImageLibrary : 0.79999584
CaptureGoodsDialog : 0.82352155
MessageMerge : 0.79124033
Game : 0.84771115
Monarch : 0.7893868
PreGameInputHandler : 0.84541225
Europe : 0.7918624
Settlement : 0.8161021
ServerPlayer : 0.808344
Colony : 0.801133
GameTest : 0.82408196
FreeColTestCase : 0.83518165
TilePopup : 0.84124666
ColonyProductionTest : 0.81217664
TilePanel : 0.82362235
GUI : 0.7062528
InGameController : 0.81520057
ASingleTilePanel : ASingleTilePanel is not exist in project code
FAFile : 0.81407857
