Canvas : 0.82413673
Player : 0.81383306
InGameController : 0.8043958
Monarch : 0.7937546
FreeColGameObject : 0.8446353
ClientOptions : 0.77042705
Europe : 0.8116094
Unit : 0.81119657
Colony : 0.8138796
MessagesTest : 0.8246399
Goods : 0.8348932
Messages : 0.83991945
ReportUnitPanel : ReportUnitPanel is not exist in project code
BuildingBox : BuildingBox is not exist in project code
MonarchPanel : 0.8354366
TradeRouteDialog : 0.818989
ReportTurnAction : 0.8455213
PreGameController : 0.84236944
GoodsContainer : 0.8183695
ReportTurnPanel : 0.8441807
FreeColServer : 0.83610827
Game : 0.83428246
WarehouseGoodsPanel : WarehouseGoodsPanel is not exist in project code
SelectableAction : 0.85271317
TradeRouteInputDialog : 0.8055968
ColopediaPanel : 0.8414727
InGameInputHandler : 0.81804556
TestJob : TestJob is not exist in project code
MessageMerge : 0.8142197
ConnectController : 0.8344306
FreeColClient : 0.8494117
Market : 0.8253807
PlayersTableModel : PlayersTableModel is not exist in project code
Building : 0.8245919
GUI : 0.7018692
ServerListPanel : 0.8322293
DummyConnection : 0.83864856
GUIMessage : 0.8683404
CaptureGoodsDialog : 0.8046573
ServerListTableModel : ServerListTableModel is not exist in project code
MessageLabel : 0.0
