AllTests : 0.8725888
FreeColTestCase : 0.84355116
GameTest : 0.8629143
GoodsTest : 0.8652391
UnitTest : 0.8895039
MapGeneratorTest : 0.8824969
ScrollThread : ScrollThread is not exist in project code
Game : 0.8293044
ScoutingMission : 0.8120344
SpecificationTest : 0.8495833
ColonyProductionTest : 0.9007768
River : 0.8321576
LandGenerator : 0.8486614
SchoolTest : 0.8470898
InGameInputHandler : 0.8291402
Europe : 0.7898024
Tile : 0.8321907
UnitContainer : UnitContainer is not exist in project code
GoodsContainer : 0.81189924
TestJob : TestJob is not exist in project code
MapGeneratorOptions : 0.82904625
MapGenerator : 0.7656875
FreeColServer : 0.8236401
FreeColClient : 0.82880676
TerrainGenerator : 0.8538716
GUI : 0.69689804
Section : Section is not exist in project code
Colony : 0.8153147
Location : 0.733803
Message : 0.79823446
MapControlsAction : 0.8041253
MiniMap : 0.80689985
Map : 0.82871306
PreGameController : 0.8734148
MapEditorController : 0.8351651
InGameController : 0.8312402
NewEmptyMapAction : 0.83336633
FreeColMenuTest : 0.8290338
MapControls : 0.8305495
SelectableAction : 0.80766004
ClientOptions : 0.7858693
