AllTests : 0.83192086
BuildingTest : 0.87005585
GoodsTest : 0.83691406
SpecificationTest : 0.81653666
Unit : 0.7926342
Europe : 0.77205616
Tile : 0.7923079
UnitContainer : UnitContainer is not exist in project code
GoodsContainer : 0.780202
TestJob : TestJob is not exist in project code
GameTest : 0.82267374
FreeColTestCase : 0.8052218
Location : 0.70169675
Message : 0.7668223
ColopediaPanel : 0.78541577
FreeColMenuTest : 0.7793629
Colony : 0.7956231
Goods : 0.7807046
Building : 0.7890853
MessagesTest : 0.7986913
SignaturePanel : SignaturePanel is not exist in project code
MapTest : 0.8470898
UnitTest : 0.86523587
WorkerCheck : 0.75110847
ScoutingMission : 0.7854075
InGameController : 0.80337715
TileTest : 0.82288015
InGameInputHandler : 0.7999167
MapGeneratorTest : 0.82553375
AIMain : 0.7787926
Game : 0.80011463
PlayerTest : 0.84341973
ColonyProductionTest : 0.87356085
Map : 0.7779467
MapGenerator : 0.7160855
