FreeCol : 0.785774
SpecificationTest : 0.7920059
DummyConnection : 0.77947885
Building : 0.80062115
Goods : 0.8019214
ModelController : 0.0
ServerPlayer : 0.776367
Unit : 0.78883713
ColopediaPanel : 0.79792464
Tile : 0.79493296
UnitSeekAndDestroyMission : 0.7860763
AllTests : 0.8108018
TilePopup : 0.79658765
GotoAction : 0.7888515
TileInfoPanel : TileInfoPanel is not exist in project code
BuildColonyMission : 0.7863822
Map : 0.79755
ImageLibrary : 0.78883857
Colony : 0.79389036
AIColony : 0.7816466
TrainDialog : 0.808259
FreeColLookAndFeel : 0.7874387
