UnitInfoPanel : UnitInfoPanel is not exist in project code
UnitTradeItem : 0.85822767
InGameInputHandler : 0.80563724
UnitPredicate : UnitPredicate is not exist in project code
IndianSettlement : 0.807086
PlayerExploredTile : 0.8149664
GUI : 0.69605476
UnitIterator : UnitIterator is not exist in project code
UnitContainer : UnitContainer is not exist in project code
UnitLabel : 0.82930154
AIUnit : 0.82791185
Mission : 0.82402843
Unit : 0.81908876
ViewMode : 0.8163097
ModelMessage : 0.8464157
EuropePanel : 0.8137435
ColonyPanel : 0.79163307
Building : 0.8311449
ReportPanel : 0.83676606
Europe : 0.82114774
ColonyTile : 0.8215297
Colony : 0.8173092
InfoPanel : 0.8138373
Tile : 0.8198874
ModelController : 0.0
ImageLibrary : 0.82274705
ReportCargoPanel : 0.8040348
ClientOptions : 0.75735885
GoingToPredicate : GoingToPredicate is not exist in project code
MockModelController : 0.82178974
ReportUnitPanel : ReportUnitPanel is not exist in project code
AIGoods : 0.81779605
NumberedUnitType : NumberedUnitType is not exist in project code
ReportColonyPanel : 0.79047203
Player : 0.81495374
Settlement : 0.83311707
InGameController : 0.803056
Location : 0.7939709
GameOptions : 0.0
ReportRequirementsPanel : 0.800157
Specification : 0.8034137
