ClientOptions : 0.7738066
FreeCol : 0.8047211
Messages : 0.842041
FreeColClient : 0.83033335
FileOptionUI : 0.8333072
SelectOption : 0.8484249
OptionGroup : 0.8397745
LandGenerator : 0.8248341
OptionGroupButton : OptionGroupButton is not exist in project code
OptionGroupUI : 0.8236522
Game : 0.8198809
StartGamePanel : 0.8033589
TerrainGenerator : 0.81291485
OptionUpdater : 0.792774
OptionMap : OptionMap is not exist in project code
OptionMapUI : OptionMapUI is not exist in project code
Canvas : 0.8077411
FreeColActionUI : 0.8108426
BooleanOptionUI : 0.8254024
IntegerOptionUI : 0.8302284
PreGameController : 0.84174436
MapGenerator : 0.7674003
SelectOptionUI : 0.8336271
GameOptions : 0.0
MapGeneratorOptions : 0.83224505
AbstractOption : 0.84601885
FreeColGameObject : 0.82577085
TranslationReport : 0.8492209
FileOption : 0.84644437
Option : 0.78402334
InGameController : 0.7958945
Player : 0.80465806
BooleanOption : 0.8421192
IntegerOption : 0.84421104
TradeRouteAction : 0.8199966
ColopediaTerrainAction : ColopediaTerrainAction is not exist in project code
BuildColonyAction : 0.80656374
SentryAction : 0.8169583
ChatAction : 0.7859984
ReportLabourAction : 0.8029561
EndTurnAction : 0.7955985
