UnitType : 0.8042789
Unit : 0.7857338
ColopediaPanel : 0.80315554
