ScrollThread : ScrollThread is not exist in project code
Game : 0.8335821
River : 0.8346505
LandGenerator : 0.8561863
MapGeneratorOptions : 0.81740147
FreeColServer : 0.8314346
FreeColClient : 0.8388855
TerrainGenerator : 0.84187865
GUI : 0.7071243
Section : Section is not exist in project code
Colony : 0.81733364
MapControlsAction : 0.8350858
Tile : 0.8433631
MiniMap : 0.8342386
MapGenerator : 0.7850143
FreeColTestCase : 0.83979106
MapTest : 0.82871306
PreGameController : 0.84686846
MapEditorController : 0.8359703
InGameController : 0.80823946
NewEmptyMapAction : 0.8461714
MapControls : 0.84629804
SelectableAction : 0.8350163
ClientOptions : 0.76208705
InputHandler : 0.81466675
StartGamePanel : 0.8240421
OptionMapUI : OptionMapUI is not exist in project code
MiniMapZoomOutAction : 0.8295843
WholeMapIterator : WholeMapIterator is not exist in project code
MiniMapZoomInAction : 0.829092
Canvas : 0.8223827
MetaServer : 0.81489646
Server : 0.8238056
MapGeneratorTest : 0.8181335
InfoPanel : 0.83922523
Unit : 0.81813306
AIPlayer : 0.8228112
ReceivingThread : 0.8216078
ReportUnitPanel : ReportUnitPanel is not exist in project code
MapSize : MapSize is not exist in project code
OptionMap : OptionMap is not exist in project code
