DebugMenu : 0.80825704
ColonyPanel : 0.7976537
Controller : 0.8339328
ReceivingThread : 0.8235452
FreeColPanelUI : 0.7955271
FreeColClient : 0.8425877
FreeColLookAndFeel : 0.80652255
FreeColDialog : 0.80965346
ModelMessage : 0.81402713
PlayersTableModel : PlayersTableModel is not exist in project code
MapEditorController : 0.82831365
Game : 0.80869806
AIInGameInputHandler : 0.79719776
Server : 0.8286902
AboutAction : 0.8073529
ConnectController : 0.82876855
InGameController : 0.7706776
UserConnectionHandler : 0.8127623
InputHandler : 0.7943996
PreGameController : 0.8274542
ImageLibrary : 0.7778276
Canvas : 0.798719
FreeColAction : 0.82303923
FreeColServerHolder : 0.8261933
Message : 0.81723255
BuildingTest : 0.7646337
AllTests : 0.82922626
DebugShowCoordinatesAction : DebugShowCoordinatesAction is not exist in project code
FreeColScrollPaneUI : 0.80677456
GoodsType : 0.78907263
PreGameInputHandler : 0.7962469
ToggleViewModeAction : 0.80686903
MiniMapZoomInAction : 0.7999808
FreeColTextFieldUI : 0.80540454
FileList : 0.83988786
FreeColMenuBarUI : 0.7998673
ReconnectAction : 0.8185185
NoRouteToServerException : 0.0
ColopediaTreeItem : 0.8313686
ReportCargoAction : 0.80065
TileType : 0.7900474
