GoodsItem : GoodsItem is not exist in project code
AIGoods : 0.83663416
GoodsTradeItem : 0.8471615
GoodsLabel : 0.8358664
ImageLibrary : 0.8178575
Market : 0.8533881
ModelMessage : 0.841425
Colony : 0.81601894
IndianSettlement : 0.8158876
Player : 0.81241703
InGameController : 0.79195523
ClientOptions : 0.7481403
Tile : 0.8166636
Europe : 0.8136377
ProductionLabel : 0.8424023
ColonyTile : 0.81602496
GoodsTest : 0.8029834
Settlement : 0.83518004
Unit : 0.8166336
PlayerExploredTile : 0.8194423
CargoLabel : CargoLabel is not exist in project code
GoodsContainer : 0.8415574
WarehouseGoodsPanel : WarehouseGoodsPanel is not exist in project code
WorkLocationPlan : 0.8559598
ReportProductionPanel : 0.8175882
GoodsType : 0.8416332
FreeColProgressBar : 0.81793493
WorkLocation : 0.81061506
Specification : 0.8053665
Building : 0.83335567
Goods : 0.8433216
Location : 0.7908191
AIColony : 0.79229003
NetworkConstants : 0.80331093
ColopediaGoodsAction : ColopediaGoodsAction is not exist in project code
IndianDemandMission : 0.8059163
AIPlayer : 0.8184077
WarehousePanel : WarehousePanel is not exist in project code
TransactionListener : 0.8220878
GoodsTradeItemPanel : GoodsTradeItemPanel is not exist in project code
GoodsPanel : GoodsPanel is not exist in project code
