WorkLocationPlan : 0.8451749
ColonyPlan : 0.7987497
FreeColServer : 0.843703
AIUnit : 0.83901274
AIColony : 0.79801434
AIMain : 0.85914147
AIGoods : 0.82874775
Mission : 0.83188176
UnitWanderHostileMission : 0.85621744
ScoutingMission : 0.82914674
PioneeringMission : 0.80311286
CashInTreasureTrainMission : 0.8508837
UnitWanderMission : 0.8546373
AIPlayer : 0.8356954
GoodsWish : 0.83063704
Wish : 0.8528116
WorkInsideColonyMission : 0.85646415
WishRealizationMission : 0.80938596
AIInGameInputHandler : 0.8293254
Transportable : 0.7886505
DefendSettlementMission : 0.82826966
IndianBringGiftMission : 0.812843
UnitSeekAndDestroyMission : 0.82204354
IndianDemandMission : 0.8064112
TransportMission : 0.80583453
WorkerWish : 0.843559
BuildColonyMission : 0.82161015
Player : 0.8182479
TileImprovement : 0.839318
ServerPlayer : 0.7824457
GUI : 0.71249926
InGameInputHandler : 0.80428636
InGameController : 0.79267496
TaskEntry : TaskEntry is not exist in project code
ModelMessage : 0.8555456
PreGameController : 0.8478082
ChoiceItem : 0.8663799
Tension : 0.8238025
TilePopup : 0.80985814
DebugMenu : 0.8095647
DummyConnection : 0.84559906
