AIUnit : 0.83590513
PioneeringMission : 0.81966895
AIPlayer : 0.8222838
GUI : 0.7043085
IndianDemandMission : 0.8150018
Mission : 0.82479864
Unit : 0.81114745
WorkInsideColonyMission : 0.82706
ImageLibrary : 0.8088089
DefendSettlementMission : 0.8252775
Canvas : 0.80694664
CashInTreasureTrainMission : 0.8384612
FreeColDialog : 0.80273235
AIGoods : 0.82075644
IndianBringGiftMission : 0.81935406
BuildColonyMission : 0.8267461
UnitWanderMission : 0.8419096
TransportMission : 0.81960624
WishRealizationMission : 0.816382
UnitSeekAndDestroyMission : 0.8277701
UnitWanderHostileMission : 0.84466934
Transportable : 0.778818
TileImprovement : 0.8252503
InGameController : 0.8031559
LostCityRumour : 0.8174726
Wish : 0.8360115
AIColony : 0.799077
IndianSettlement : 0.79893804
InGameInputHandler : 0.8088353
MapGenerator : 0.7840543
DefaultCostDecider : DefaultCostDecider is not exist in project code
IndianSettlementPanel : 0.81994975
Player : 0.80539
TilePopup : 0.82244307
DebugMenu : 0.80746603
ReportLabourPanel : 0.8024811
