PlayerExploredTile : 0.8182753
PioneeringMission : 0.8164193
TileItemContainer : 0.8411011
TileImprovementPlan : 0.8328249
TileImprovementType : 0.8430047
Unit : 0.82210326
Specification : 0.80425173
Tile : 0.8377644
UnitTest : 0.7960877
AIColony : 0.8055842
RiverSection : 0.82554805
ImprovementActionType : ImprovementActionType is not exist in project code
ColopediaPanel : 0.8256436
WorkLocationPlan : 0.8390912
AIPlayer : 0.8234145
ColonyTile : 0.8259513
AIGoods : 0.82125324
InGameInputHandler : 0.80459625
InGameController : 0.8081465
MovementTest : 0.81408846
ImprovementAction : 0.8289275
GUI : 0.7072513
River : 0.82307607
RiverTransform : RiverTransform is not exist in project code
TileTest : 0.75704145
ClientOptions : 0.7650857
ImageLibrary : 0.82683843
Colony : 0.82078904
TileInfoPanel : TileInfoPanel is not exist in project code
TileItem : 0.8513624
Map : 0.8404169
PathNode : 0.84888965
TerrainCursor : 0.83255523
Resource : 0.83567154
MapEditorTransformPanel : 0.82188666
StealLandMessage : StealLandMessage is not exist in project code
BuyLandMessage : BuyLandMessage is not exist in project code
CanvasMapEditorMouseListener : 0.81313765
RefreshTilesSwingTask : RefreshTilesSwingTask is not exist in project code
UnitMoveAnimation : 0.832204
CanvasMouseMotionListener : 0.81624603
