MarketLabel : 0.83393735
FreeColProgressBar : 0.8113991
WarehouseGoodsPanel : WarehouseGoodsPanel is not exist in project code
TilePanel : 0.7896602
Specification : 0.79592365
TileImprovementType : 0.82333
ReportProductionPanel : 0.80604064
CargoLabel : CargoLabel is not exist in project code
GoodsWish : 0.83334434
WorkLocationPlan : 0.8403713
ProductionLabel : 0.8325278
ProductionMultiplesLabel : ProductionMultiplesLabel is not exist in project code
Player : 0.8045647
GoodsContainer : 0.81842095
AbstractGoods : 0.8416332
TileImprovement : 0.82244545
IndianSettlement : 0.8033033
Settlement : 0.822852
Resource : 0.8291287
PlayerExploredTile : 0.8112139
TileType : 0.8181005
WorkLocation : 0.8024415
InGameController : 0.7815861
BuildingType : 0.8289984
Unit : 0.80621916
ImageLibrary : 0.80187505
ResourceType : 0.8315869
Colony : 0.80738664
Tile : 0.80843115
EuropePanel : 0.796506
ColonyTile : 0.8059204
ImageProvider : ImageProvider is not exist in project code
Building : 0.8206379
Goods : 0.82119846
Market : 0.8290078
GoodsTest : 0.7995155
ReportRequirementsPanel : 0.7725983
Stop : Stop is not exist in project code
ColopediaPanel : 0.79344475
BuildableType : 0.83488214
WarehouseDialog : 0.78669566
