Player : 0.8069708
Specification : 0.7998201
Nation : 0.8138912
PreGameController : 0.83007026
NationTypeTest : 0.7841712
AdvantageCellRenderer : 0.7962631
NationCellRenderer : 0.80069053
IndianNationType : 0.8174658
EuropeanNationType : 0.8113387
PreGameInputHandler : 0.81882095
IndianSettlement : 0.7998102
FoundingFather : 0.8090032
AdvantageCellEditor : 0.76815915
PlayersTableModel : PlayersTableModel is not exist in project code
Game : 0.81613135
NationCellEditor : 0.76815915
SimpleCombatModel : 0.7834866
UnitTest : 0.7939327
StartGamePanel : 0.7826507
InGameInputHandler : 0.8021286
FreeColServer : 0.8116556
ConnectController : 0.80295557
MarketTest : 0.8131066
ImageLibrary : 0.7982686
GameTest : 0.8035025
MapGeneratorTest : 0.8078391
FreeColTestCase : 0.8148193
MovementTest : 0.80493844
Modifier : 0.8090342
GoodsTest : 0.80781835
CombatTest : 0.7746185
DemotionTest : DemotionTest is not exist in project code
FoundingFatherTest : 0.8050218
MapGenerator : 0.74843293
AIPlayer : 0.80783117
ReportUnitPanel : ReportUnitPanel is not exist in project code
Tile : 0.81483954
Territory : Territory is not exist in project code
Canvas : 0.78894764
IndianSettlementTest : 0.80497384
ContactTest : 0.7992878
