EuropePanel : 0.798573
Player : 0.7956415
ToEuropePanel : ToEuropePanel is not exist in project code
Canvas : 0.79053354
DocksPanel : DocksPanel is not exist in project code
MarketPanel : MarketPanel is not exist in project code
ToAmericaPanel : ToAmericaPanel is not exist in project code
TransportMission : 0.79618156
EuropeAction : 0.7890148
TileType : 0.7998371
UnitData : UnitData is not exist in project code
InGameController : 0.78855467
EuropeCargoPanel : EuropeCargoPanel is not exist in project code
Unit : 0.8016772
EuropeanNationType : 0.79851043
Locatable : 0.7818646
InGameInputHandler : 0.7824594
ColorCellEditor : 0.75805867
InPortPanel : InPortPanel is not exist in project code
GoodsType : 0.80063164
TileItem : 0.8237222
LabourData : 0.8009661
UnitType : 0.81641316
AIPlayer : 0.8085478
TrainDialog : 0.8044096
Market : 0.8054126
Goods : 0.80686706
Map : 0.8098948
Specification : 0.78329563
DefaultTransferHandler : 0.7885272
ReportTurnPanel : 0.7916558
ReportLabourPanel : 0.78865945
EmigrationPanel : 0.78645074
GoodsTest : 0.7903547
ReportUnitPanel : ReportUnitPanel is not exist in project code
GUI : 0.6880688
ModelMessage : 0.8116094
AIGoods : 0.79837555
FreeColDialog : 0.786374
PlayerTest : 0.76640993
UnloadAction : 0.8133294
