MockMapGenerator : 0.83785933
ScrollThread : ScrollThread is not exist in project code
CanvasMouseMotionListener : 0.828357
Game : 0.8335821
River : 0.8346505
LandGenerator : 0.8561863
MiniMap : 0.8342386
MapGeneratorOptions : 0.81740147
ResourceManager : 0.83085215
MapControlsAction : 0.8350858
ResourceMapping : 0.84855837
MapControls : 0.84629804
FreeColServer : 0.8314346
MapGenerator : 0.7850143
LanguageOption : 0.82008076
TerrainGenerator : 0.84187865
PreGameController : 0.84686846
FreeColClient : 0.8388855
Canvas : 0.8223827
TileImprovementType : 0.83399713
GUI : 0.7071243
Tile : 0.8433631
MapEditorController : 0.8359703
IndianSettlement : 0.803911
InGameController : 0.80823946
IMapGenerator : IMapGenerator is not exist in project code
MapGeneratorOptionsDialog : 0.83805627
OptionMap : OptionMap is not exist in project code
ScaleMapAction : 0.8416961
CanvasMapEditorMouseMotionListener : CanvasMapEditorMouseMotionListener is not exist in project code
ImageLibrary : 0.8328354
ClientOptionsDialog : 0.83226335
GameOptionsDialog : 0.83803606
NewEmptyMapAction : 0.8461714
FreeColTestCase : 0.83979106
Colony : 0.81733364
CanvasMapEditorMouseListener : 0.82469106
SelectableAction : 0.8350163
ImageResource : 0.82782316
RangeOption : 0.8400803
UnitType : 0.8267382
