Unit : 0.8109375
Features : Features is not exist in project code
FreeColGameObjectType : 0.82233113
Player : 0.8126842
Colony : 0.8104551
Settlement : 0.8238393
FeatureContainer : 0.8318823
ModifierTest : 0.8024884
Building : 0.81250924
UnitType : 0.82082754
FoundingFatherTest : 0.79757273
SimpleCombatModel : 0.7741442
Tile : 0.82691056
TileType : 0.807681
MarketTest : 0.8244146
Market : 0.8084754
InGameInputHandler : 0.81080717
SchoolTest : 0.7814149
CombatTest : 0.7472031
FreeColDialog : 0.8037299
DemotionTest : DemotionTest is not exist in project code
IndianSettlement : 0.7982279
InGameController : 0.8100997
