Game : 0.7950056
CombatTest : 0.8027404
DemotionTest : DemotionTest is not exist in project code
AIPlayer : 0.7928527
TransportMissionTest : 0.81228346
CombatResult : CombatResult is not exist in project code
FreeColDialog : 0.7726418
EquipmentType : 0.79401106
ClientOptions : 0.753117
Mission : 0.78833914
InGameController : 0.79673016
MoveTest : 0.8063762
DefendSettlementMission : 0.78716177
Canvas : 0.7736995
IndianSettlement : 0.7840613
Tile : 0.7868863
ModelMessage : 0.7737026
CombatModel : 0.78526455
Unit : 0.78690964
InGameInputHandler : 0.79476374
Colony : 0.786109
FreeColClient : 0.79308736
StartGamePanel : 0.7742326
ShowModelMessageSwingTask : ShowModelMessageSwingTask is not exist in project code
FreeColServer : 0.7923697
ServerListPanel : 0.7651074
Player : 0.78047055
TradeRouteDialog : 0.7725286
TradeRouteInputDialog : 0.7540018
AllTests : 0.80203295
SchoolTest : 0.7972218
BuildQueue : 0.7782087
Modifier : 0.7762458
StatisticsModel : StatisticsModel is not exist in project code
TileItemContainer : 0.7862858
Region : 0.7825719
GameOptions : 0.0
AIMain : 0.77670336
ClientModelController : ClientModelController is not exist in project code
SpecificationTest : 0.79361135
UnitTest : 0.81176525
