Specification : 0.79186386
IndianSettlement : 0.79251605
Player : 0.7989262
UnitTest : 0.7742183
SimpleCombatModel : 0.77112585
MapGeneratorTest : 0.8021056
Nation : 0.8193498
InGameInputHandler : 0.7914361
MovementTest : 0.78393286
PreGameController : 0.8250156
IndianSettlementTest : 0.7719749
NationTypeTest : 0.7671333
MapGenerator : 0.7637371
AdvantageCellRenderer : 0.77751905
NationCellRenderer : 0.7973373
CombatTest : 0.75818825
DemotionTest : DemotionTest is not exist in project code
EuropeanNationType : 0.8140904
PreGameInputHandler : 0.79968804
ContactTest : 0.7840753
Unit : 0.79983294
NationType : 0.8174659
FoundingFather : 0.8062256
ReportIndianPanel : 0.8027502
PlayerTest : 0.7753951
AdvantageCellEditor : 0.78764766
Canvas : 0.7905172
ASingleTilePanel : ASingleTilePanel is not exist in project code
Tile : 0.808111
IndianSettlementPanel : 0.79786885
PlayersTableModel : PlayersTableModel is not exist in project code
Game : 0.8116221
NationCellEditor : 0.78764766
StartGamePanel : 0.78765
ReportIndianAction : 0.77949715
FreeColServer : 0.81048286
ConnectController : 0.7940721
InGameController : 0.79214257
AllTests : 0.8152298
MarketTest : 0.8189469
ImageLibrary : 0.80261856
