NationCellRenderer : 0.8279266
Specification : 0.796916
Player : 0.8104355
Game : 0.82459354
NationCellEditor : 0.79516035
FreeColServer : 0.8174456
EuropeanNationType : 0.81228966
ConnectController : 0.80033094
ImageLibrary : 0.81360644
PreGameController : 0.82817346
IndianNationType : 0.8193498
IndianSettlement : 0.79319865
PreGameInputHandler : 0.80534464
NationTypeTest : 0.76790357
AdvantageCellRenderer : 0.786388
NationType : 0.8138911
FoundingFather : 0.81077343
GoodsTest : 0.7873041
Tile : 0.81739086
StartGamePanel : 0.8044447
Territory : Territory is not exist in project code
AdvantageCellEditor : 0.79516035
NewPanel : 0.7965559
ServerPlayer : 0.78541076
PlayersTableModel : PlayersTableModel is not exist in project code
PlayerTest : 0.7762314
InGameInputHandler : 0.7872179
GameTest : 0.7906364
SimpleCombatModel : 0.7730347
UnitTest : 0.77046996
SoundLibrary : SoundLibrary is not exist in project code
MarketTest : 0.8183412
TilePopup : 0.8020147
MapGeneratorTest : 0.80296767
FreeColTestCase : 0.8212892
InGameController : 0.7922941
MapGenerator : 0.7836616
Canvas : 0.8025448
Monarch : 0.79464793
CurrentPlayerNetworkRequestHandler : CurrentPlayerNetworkRequestHandler is not exist in project code
MonarchTest : 0.79066795
