MarketLabel : 0.8288809
Player : 0.81312317
AllTests : 0.8506077
EuropePanel : 0.8115269
ClientOptions : 0.76253736
MarketData : 0.82515514
ServerTestHelper : 0.83961624
ClientTestHelper : 0.83170223
Market : 0.83199924
ScopeTest : 0.8330014
PreGameInputHandler : 0.80274236
GoodsType : 0.81893814
MarketPanel : MarketPanel is not exist in project code
ModifierTest : 0.8090333
InGameInputHandler : 0.80830693
FreeColDragHandler : FreeColDragHandler is not exist in project code
MissionAssignmentTest : 0.8296902
SaveLoadTest : 0.83483124
Colony : 0.81717604
DefaultTransferHandler : 0.7959768
PlayerTest : 0.7978543
GoodsContainer : 0.8221826
Europe : 0.8157814
Tile : 0.8212402
TestJob : TestJob is not exist in project code
GameTest : 0.8093739
FreeColTestCase : 0.8276308
Monarch : 0.8051049
TransportMission : 0.81412
NationTypeTest : 0.78579926
Location : 0.82773155
Message : 0.8333642
SpecificationTest : 0.8130382
GoodsTest : 0.82486564
IndianDemandMission : 0.8118669
Unit : 0.8135086
UnitTest : 0.8032936
MoveTest : 0.8437278
FreeColMenuTest : 0.80459404
BuildingTest : 0.78445005
FoundingFatherTest : 0.8010376
