MarketLabel : 0.87090915
Player : 0.8123758
EuropePanel : 0.8140725
ClientOptions : 0.75813234
MarketData : 0.8606127
MarketTest : 0.8319991
PreGameInputHandler : 0.80746776
GoodsType : 0.8290078
MarketPanel : MarketPanel is not exist in project code
InGameInputHandler : 0.79560894
FreeColDragHandler : FreeColDragHandler is not exist in project code
Colony : 0.82017404
DefaultTransferHandler : 0.81157297
Monarch : 0.79404575
TransportMission : 0.80388266
IndianDemandMission : 0.81241715
Unit : 0.81466585
InGameController : 0.8095698
Europe : 0.8054126
CargoPanel : 0.82528347
ModelMessage : 0.8253807
ReportTradePanel : 0.80897206
ReportTurnPanel : 0.817794
AIInGameInputHandler : 0.81276804
AIPlayer : 0.81924474
WorkLocationPlan : 0.85141486
SelectAmountDialog : 0.8260313
AllTests : 0.8217194
DragListener : 0.81085813
FreeColServer : 0.82215583
FreeColLookAndFeel : 0.80572444
