FreeColServer : 0.82664067
FreeColClient : 0.8368175
PreGameInputHandler : 0.89200294
AIInGameInputHandler : 0.85461384
InputHandler : 0.8694426
PreGameController : 0.8713566
EuropePanel : 0.8230542
Connection : 0.83879066
UserConnectionHandler : 0.8668633
CargoPanel : 0.81181836
MetaServer : 0.8402299
ColonyPanel : 0.79875106
TradeRouteInputDialog : 0.8084194
DummyConnection : 0.82742757
Building : 0.7895906
FreeColGameObject : 0.8316896
BuildQueuePanel : 0.81826943
Monarch : 0.7915617
Player : 0.7965305
FreeColNetworkInputStream : FreeColNetworkInputStream is not exist in project code
CREatingInputStream : CREatingInputStream is not exist in project code
ColonyTile : 0.80281276
IndianSettlement : 0.78886795
TileItem : 0.80420077
Settlement : 0.80427134
Unit : 0.7961186
Europe : 0.78245944
Map : 0.80903983
Region : 0.80956036
Market : 0.795609
Colony : 0.7978608
ConnectController : 0.8584117
DefaultTransferHandler : 0.8027374
ScaleMapAction : 0.8197074
Server : 0.8433603
Tile : 0.8137552
Client : 0.84543157
GameOptions : 0.0
InGameController : 0.83693534
StartGamePanel : 0.81544495
Goods : 0.8034916
