FreeColServer : 0.8429336
MissionAssignmentTest : 0.8202395
FreeColServerHolder : 0.8721092
Controller : 0.8857434
UserConnectionHandler : 0.86536795
NetworkHandler : 0.8674519
ServerModelController : ServerModelController is not exist in project code
Canvas : 0.8216364
ServerTestHelper : 0.8684506
AIMain : 0.8441531
FreeCol : 0.8286902
Territory : Territory is not exist in project code
ServerPlayer : 0.7974795
AIInGameInputHandler : 0.8371549
FreeColClient : 0.8544596
River : 0.81938356
SaveLoadTest : 0.8657481
ServerListTableModel : ServerListTableModel is not exist in project code
ConnectController : 0.85856277
NoRouteToServerException : 0.0
MetaServer : 0.8796948
ChatHandler : ChatHandler is not exist in project code
InGameController : 0.80903864
PreGameController : 0.8629469
ServerInfo : 0.8461904
NewPanel : 0.8218796
ServerListPanel : 0.84730077
LoadingSavegameDialog : 0.8182698
DisconnectHandler : DisconnectHandler is not exist in project code
MetaRegister : 0.8634338
ServerModelObject : 0.7638055
Client : 0.8834747
FreeColGameObject : 0.8414218
WorkInsideColonyMission : 0.8381004
InputHandler : 0.8593375
InGameInputHandler : 0.84336025
MapEditorController : 0.84139144
AIPlayer : 0.8300872
PreGameInputHandler : 0.84446913
Mission : 0.8180355
Game : 0.83124673
