Tile : 0.8468521
PlayerExploredTile : 0.81460655
River : 0.82807624
BuildQueue : 0.83707535
ImageLibrary : 0.8285533
MovementTest : 0.8232682
ServerListTableModel : ServerListTableModel is not exist in project code
TileItem : 0.84441537
InGameController : 0.8106077
InGameInputHandler : 0.80948216
TerrainGenerator : 0.83840245
ColonyPlan : 0.81442684
ScaleMapAction : 0.83853304
ResourceTransform : ResourceTransform is not exist in project code
TilePopup : 0.8443067
RiverTransform : RiverTransform is not exist in project code
CanvasMapEditorMouseListener : 0.81492555
GUI : 0.7063178
MapTest : 0.8346893
ChoiceItem : 0.8253219
ColonyTile : 0.8323729
ColopediaPanel : 0.83803105
ASingleTilePanel : ASingleTilePanel is not exist in project code
DiplomaticTrade : 0.82695186
ReportTurnPanel : 0.8259087
Canvas : 0.81821406
MapGenerator : 0.76948977
InGameMenuBar : 0.81830126
FreeColTestCase : 0.8334658
GoalDecider : 0.75391626
PathNode : 0.8325724
Map : 0.8469411
TileInfoPanel : TileInfoPanel is not exist in project code
TerrainCursor : 0.8261733
Building : 0.8218745
MapEditorMenuBar : 0.8311545
Settlement : 0.83080196
IndianSettlement : 0.80559707
StealLandMessage : StealLandMessage is not exist in project code
BuyLandMessage : BuyLandMessage is not exist in project code
Player : 0.80896044
