PlayerExploredTile : 0.818594
Tile : 0.8341901
Territory : Territory is not exist in project code
Map : 0.8420536
River : 0.8233182
GUI : 0.70507437
TerrainGenerator : 0.82655394
IndianNationType : 0.82191664
ServerRegion : 0.84770644
DisplayRegionAction : DisplayRegionAction is not exist in project code
ReportExplorationPanel : 0.848277
Player : 0.81929564
TilePanel : 0.8233776
MapGeneratorTest : 0.80586445
MapGenerator : 0.7903649
LandGenerator : 0.8435572
InGameController : 0.8057474
InGameInputHandler : 0.8095605
InGameMenuBar : 0.8029605
MapEditorMenuBar : 0.8169844
ActionManager : 0.82899
