FreeColServer : 0.7848239
TerrainGenerator : 0.7742547
LandGenerator : 0.79364663
PreGameController : 0.7957799
IMapGenerator : IMapGenerator is not exist in project code
MockMapGenerator : 0.81936455
StartGamePanel : 0.7936398
Canvas : 0.77151364
MapGeneratorOptions : 0.7701242
MapEditorController : 0.77715254
River : 0.75615007
MapGeneratorOptionsDialog : 0.781554
MapGeneratorTest : 0.7513857
PreGameInputHandler : 0.7334012
NewEmptyMapAction : 0.79662764
AllTests : 0.75386304
SaveLoadTest : 0.7667944
DetermineHighSeasAction : 0.78164655
RiverSection : 0.7757508
ScrollThread : ScrollThread is not exist in project code
CanvasMouseMotionListener : 0.7597559
Game : 0.78302103
FreeColClient : 0.79056907
ClientOptions : 0.7142375
ModelController : 0.0
ServerModelController : ServerModelController is not exist in project code
ClientModelController : ClientModelController is not exist in project code
ConnectController : 0.7552872
ServerTestHelper : 0.78600895
FoundingFather : 0.7636589
CombatModel : 0.75229365
FreeColServerHolder : 0.7974163
MissionAssignmentTest : 0.77660316
MiniMap : 0.7903361
Europe : 0.7732513
ResourceManager : 0.76536685
MapControlsAction : 0.789413
ResourceMapping : 0.7924055
MapControls : 0.78318405
LanguageOption : 0.76740026
TileImprovementType : 0.7755853
