ASingleTilePanel : ASingleTilePanel is not exist in project code
StealLandMessage : StealLandMessage is not exist in project code
Colony : 0.8179105
Canvas : 0.81311554
Unit : 0.8140277
BuildColonyMission : 0.82435614
AIPlayer : 0.8182012
Building : 0.8222339
Tile : 0.8291794
ClientOptions : 0.75264496
TilePanel : 0.8264911
BuildQueuePanel : 0.8263436
ColonyPanel : 0.8101145
WarehouseGoodsPanel : WarehouseGoodsPanel is not exist in project code
FoundingFatherTest : 0.79382646
FreeColTestCase : 0.8275037
Player : 0.80676425
InGameInputHandler : 0.80281276
AIGoods : 0.8125199
Settlement : 0.82596713
SimpleCombatModel : 0.787641
UnitTest : 0.7986476
InGameController : 0.80837
ColonyConsumptionTest : ColonyConsumptionTest is not exist in project code
ColonyTradeItem : 0.8029379
GUI : 0.7005422
ReportColonyPanel : 0.8076128
ReportProductionPanel : 0.82168084
ReportTradePanel : 0.8135999
ReportUnitPanel : ReportUnitPanel is not exist in project code
AIColony : 0.8116867
ColonyProductionTest : 0.81769013
TileItem : 0.8272733
PathNode : 0.8178245
Map : 0.8300725
TileInfoPanel : TileInfoPanel is not exist in project code
TerrainCursor : 0.81050354
Goods : 0.82075596
ReportRequirementsPanel : 0.8181168
CombatTest : 0.77092874
MovementTest : 0.8120977
