FreeColServerHolder : 0.85128605
UserConnectionHandler : 0.8393894
ServerModelController : ServerModelController is not exist in project code
AIMain : 0.8391658
Controller : 0.84808785
Server : 0.8429336
AIInGameInputHandler : 0.8337574
FreeColClient : 0.8548913
MissionAssignmentTest : 0.82893187
InGameController : 0.8170579
PreGameController : 0.8620275
ServerTestHelper : 0.8524468
ConnectController : 0.844523
ChatHandler : ChatHandler is not exist in project code
FreeCol : 0.8237226
MapEditorController : 0.8401362
SaveLoadTest : 0.8446227
InputHandler : 0.82460874
DisconnectHandler : DisconnectHandler is not exist in project code
ServerInfo : 0.8505461
AIPlayer : 0.8320073
DebugCrossBugAction : DebugCrossBugAction is not exist in project code
InGameInputHandler : 0.82664067
PreGameInputHandler : 0.83097535
ClientTestHelper : 0.8499811
MapGenerator : 0.7848239
Canvas : 0.81996375
DebugMenu : 0.82959706
DeclarationDialog : 0.82126486
GUI : 0.70573556
NegotiationDialog : 0.82507104
MiniMap : 0.8143739
ClientOptionsDialog : 0.83884096
MainPanel : 0.808651
MapGeneratorOptionsDialog : 0.8378157
ChatPanel : 0.8253176
EventPanel : 0.8354903
InfoPanel : 0.82800376
GameOptionsDialog : 0.8461829
IndianSettlementPanel : 0.8193974
FreeColMenuBar : 0.81748194
