FreeColServerHolder : 0.8261933
DebugMenu : 0.80825704
UserConnectionHandler : 0.8127623
DeclarationDialog : 0.81705016
GUI : 0.70515245
NegotiationDialog : 0.8001326
PreGameController : 0.8274542
MiniMap : 0.80469817
ServerModelController : ServerModelController is not exist in project code
ClientOptionsDialog : 0.83302194
MainPanel : 0.81755155
MapGeneratorOptionsDialog : 0.82787734
ChatPanel : 0.81242186
EventPanel : 0.830752
InfoPanel : 0.8204767
GameOptionsDialog : 0.82332563
IndianSettlementPanel : 0.7894619
FreeColMenuBar : 0.8128309
EuropePanel : 0.8083863
FreeColAction : 0.82303923
SelectAmountDialog : 0.80309826
InGameController : 0.7706776
StartGamePanel : 0.82000965
ConnectController : 0.82876855
ClientModelController : ClientModelController is not exist in project code
ColonyPanel : 0.7976537
TrainDialog : 0.80952555
Canvas : 0.798719
AIMain : 0.8082274
RecruitDialog : 0.79703903
MapEditorTransformPanel : 0.8014256
MapControls : 0.81714976
InputHandler : 0.7943996
FreeColDialog : 0.80965346
Controller : 0.8339328
ReceivingThread : 0.8235452
FreeColClient : 0.8425877
ModelMessage : 0.81402713
FreeColActionUI : 0.8144592
FreeColPanelUI : 0.7955271
FreeColLookAndFeel : 0.80652255
