MapControlsAction : 0.870956
FreeColClient : 0.85749006
Canvas : 0.849708
SelectableAction : 0.86238265
MapEditorController : 0.8662321
MiniMapChangeBackgroundAction : MiniMapChangeBackgroundAction is not exist in project code
MiniMapZoomInAction : 0.8774723
MiniMapZoomOutAction : 0.8788003
StartGamePanel : 0.85414505
UnloadAction : 0.83547896
River : 0.8190271
NewEmptyMapAction : 0.8787402
SaveAction : 0.8734817
OpenAction : 0.8753283
MockMapGenerator : 0.8350511
ScrollThread : ScrollThread is not exist in project code
CanvasMouseMotionListener : 0.855475
Game : 0.831455
MapGeneratorTest : 0.81726766
ScaleMapAction : 0.87156475
NewAction : 0.8733029
SaveLoadTest : 0.82790315
ServerTestHelper : 0.82580256
GameTest : 0.7942784
MapEditorMenuBar : 0.87427086
PreGameInputHandler : 0.8254024
ClientOptionsDialog : 0.85993195
GUI : 0.7384334
MoveTest : 0.8220374
FreeColServer : 0.8328163
RecruitDialog : 0.8471073
EuropePanel : 0.84665763
CanvasKeyListener : CanvasKeyListener is not exist in project code
UnitLabel : 0.85461324
ColonyPanel : 0.8387128
PlayersTableModel : PlayersTableModel is not exist in project code
SelectAmountDialog : 0.83423924
ServerListPanel : 0.8614178
TrainDialog : 0.85436326
NewPanel : 0.83207417
LandGenerator : 0.8489614
