Map : 0.82940924
River : 0.8080851
FreeColTextFieldUI : 0.8166632
FreeColMenuTest : 0.82622075
Player : 0.8090169
IndianSettlement : 0.8020008
FreeColTextAreaUI : 0.81579685
FreeColTableHeaderUI : 0.8090123
FreeColTableUI : 0.82154095
FreeColCheckBoxUI : 0.8208176
Tile : 0.81721663
FreeColRadioButtonUI : 0.8206092
Europe : 0.80606467
FreeColScrollPaneUI : 0.8190171
FreeColLabelUI : 0.8227161
Colony : 0.8098799
FreeColMenuItemUI : 0.8192375
SwingTask : SwingTask is not exist in project code
MapEditorController : 0.81778693
WholeMapIterator : WholeMapIterator is not exist in project code
ActionManager : 0.81837434
InGameController : 0.80551666
FrameMotionListener : FrameMotionListener is not exist in project code
InputHandler : 0.8291611
SignaturePanel : SignaturePanel is not exist in project code
BuildableType : 0.824713
UnitType : 0.82057774
FreeColGameObject : 0.8367653
ConnectController : 0.8272384
FreeColDialog : 0.8202574
WorkerCheck : 0.82239497
PreGameInputHandler : 0.81415015
FreeColListUI : 0.83743286
InGameInputHandler : 0.8112449
FreeColButtonUI : 0.8053972
Unit : 0.8063194
FreeColToolTipUI : 0.81487346
FreeColClient : 0.83803755
TileTest : 0.72532564
EuropePanel : 0.8148954
ScrollThread : ScrollThread is not exist in project code
