FreeCol : 0.785774
FreeColTcFile : 0.8016082
FreeColTestCase : 0.8005595
SpecificationTest : 0.7920059
DummyConnection : 0.77947885
BuildableType : 0.81746167
LostCityRumour : 0.79957473
FreeColGameObjectType : 0.7942773
NationType : 0.7998201
Europe : 0.7832956
NationTypeTest : 0.76916075
UnitLabel : 0.79713506
GoodsTest : 0.79868346
AdvantageCellRenderer : 0.775667
River : 0.78510153
ReportUnitPanel : ReportUnitPanel is not exist in project code
Unit : 0.78883713
ReportTradePanel : 0.78676754
ScopeTest : 0.7989372
AIPlayer : 0.7959421
Monarch : 0.7750559
InGameController : 0.7800352
ColopediaPanel : 0.79792464
ScoutingMission : 0.7856684
Player : 0.79220206
AIColony : 0.7816466
TerrainGenerator : 0.7978745
Stop : Stop is not exist in project code
PioneeringMission : 0.77970064
TileTest : 0.7569045
ImprovementActionType : ImprovementActionType is not exist in project code
GameOptions : 0.0
AdvantageCellEditor : 0.7612319
AbstractUnit : 0.80341375
FeatureContainer : 0.80524975
ModelController : 0.0
Building : 0.80062115
Nation : 0.796916
Colony : 0.79389036
MapGeneratorTest : 0.79689324
MarketTest : 0.79899925
