FreeColServer : 0.8620274
FreeColClient : 0.8721048
PlayersTableModel : PlayersTableModel is not exist in project code
ServerTestHelper : 0.87462837
StartGamePanel : 0.85970044
PreGameInputHandler : 0.8777634
SaveLoadTest : 0.8843881
Canvas : 0.84821385
RecruitDialog : 0.84557354
EuropePanel : 0.849663
CanvasKeyListener : CanvasKeyListener is not exist in project code
UnitLabel : 0.84905255
ColonyPanel : 0.8369356
SelectAmountDialog : 0.8300696
TrainDialog : 0.8734191
Game : 0.8655878
Player : 0.8315741
ClientTestHelper : 0.893562
TransportMissionTest : 0.8655792
ConnectController : 0.8793036
MapGeneratorOptionsDialog : 0.8622035
MissionAssignmentTest : 0.87008846
GameOptionsDialog : 0.86063087
InGameController : 0.8515827
MapControlsAction : 0.8499956
ClientOptions : 0.7929552
FreeColDialog : 0.8478835
CargoPanel : 0.84682745
GameTest : 0.86102057
SaveAction : 0.8776471
OpenAction : 0.88277364
FreeColTestCase : 0.86597663
DeclareIndependenceAction : 0.8603439
DumpCargoDialog : 0.84751266
WaitAction : 0.85555047
NewEmptyMapAction : 0.8687903
BuildColonyAction : 0.85627204
Colony : 0.83312166
ShowMainAction : 0.8704951
InGameMenuBar : 0.86167383
DisbandUnitAction : 0.8578085
