SelectOption : 0.8679055
RangeOption : 0.8638961
SelectOptionUI : 0.86116433
FileOptionUI : 0.8481813
BooleanOptionUI : 0.8623767
RangeOptionUI : 0.83121973
IntegerOptionUI : 0.85828084
LanguageOptionUI : 0.8461291
OptionMap : OptionMap is not exist in project code
OptionGroup : 0.87495923
Specification : 0.8094287
OptionGroupUI : 0.86464536
StartGamePanel : 0.8217087
OptionGroupButton : OptionGroupButton is not exist in project code
MapGenerator : 0.7875591
Canvas : 0.8176993
OptionMapUI : OptionMapUI is not exist in project code
FreeColActionUI : 0.83235717
TerrainGenerator : 0.8114424
LandGenerator : 0.8288751
Game : 0.8310309
PreGameController : 0.84464914
ClientOptions : 0.77979445
FreeColClient : 0.8453123
OptionUpdater : 0.81067634
FileOption : 0.8732756
DifficultyLevel : DifficultyLevel is not exist in project code
GameOptions : 0.0
FreeCol : 0.82177526
IMapGenerator : IMapGenerator is not exist in project code
MapGeneratorOptionsDialog : 0.85804707
LanguageOption : 0.8460189
ClientOptionsDialog : 0.8697053
GameOptionsDialog : 0.86436516
BooleanOption : 0.8711255
MockMapGenerator : 0.8231314
NewPanel : 0.8280867
IntegerOption : 0.87310725
MapGeneratorOptions : 0.82255566
FreeColGameObject : 0.8433324
SpecificationTest : 0.7999324
