FreeColGameObject : 0.8432321
ColonyPanel : 0.80542827
StartGamePanel : 0.83217895
EuropePanel : 0.82396626
Goods : 0.82644534
FreeColServer : 0.84165436
FreeColClient : 0.8497225
AIObject : 0.83861303
TradeItem : 0.7920204
Region : 0.83986884
FreeColTestCase : 0.8412082
InfoPanel : 0.8254708
DiplomaticTrade : 0.830438
InputHandler : 0.82019854
ColonyPlan : 0.81009734
AIMain : 0.8381173
FreeColServerHolder : 0.8480966
WorkLocationPlan : 0.82966727
RecruitDialog : 0.80781883
CanvasKeyListener : CanvasKeyListener is not exist in project code
UnitLabel : 0.8318095
PlayersTableModel : PlayersTableModel is not exist in project code
SelectAmountDialog : 0.8115989
TrainDialog : 0.8329365
Canvas : 0.8193221
ServerInfo : 0.8435417
Resource : 0.8317333
GUI : 0.70162356
TileImprovement : 0.8337425
MockMapGenerator : 0.832018
ModelMessage : 0.83428246
BuyLandMessage : BuyLandMessage is not exist in project code
FreeCol : 0.80869806
IMapGenerator : IMapGenerator is not exist in project code
Market : 0.8200366
Colony : 0.81750673
ColonyTile : 0.82014394
Building : 0.8164318
TileItem : 0.8326027
Europe : 0.8094297
Map : 0.8335821
