Unit : 0.8028283
Canvas : 0.7897259
Player : 0.79976493
InGameController : 0.800488
TilePopup : 0.8117563
Tile : 0.8079192
IndianNationType : 0.79251605
MapGenerator : 0.75799185
SimpleCombatModel : 0.7840613
ImageLibrary : 0.7986669
ShowNegotiationDialogSwingTask : ShowNegotiationDialogSwingTask is not exist in project code
NegotiationDialog : 0.80753666
InGameInputHandler : 0.78886795
DefendSettlementMission : 0.8082603
MapGeneratorTest : 0.7939573
UnitTest : 0.789891
ColonyTile : 0.80511916
AIPlayer : 0.8087447
GoodsTradeItem : 0.8107613
FoundingFatherTest : 0.7877735
IndianSettlementTest : 0.79304373
Settlement : 0.8135259
ScoutingMission : 0.7989379
ContactTest : 0.7920979
IndianDemandMission : 0.8040718
IndianSettlementPanel : 0.8100629
GUI : 0.69102377
MovementTest : 0.80088645
CombatTest : 0.7690157
ReportIndianPanel : 0.8102187
ModelMessage : 0.8021954
DemotionTest : DemotionTest is not exist in project code
IndianBringGiftMission : 0.80439836
ReportIndianAction : 0.7654613
MapGeneratorOptions : 0.7896394
Territory : Territory is not exist in project code
PlayerExploredTile : 0.8067938
Mission : 0.80182636
DefaultCostDecider : DefaultCostDecider is not exist in project code
Tension : 0.8013923
Specification : 0.7828759
