Player : 0.79129016
Nation : 0.79464793
ImageLibrary : 0.78501964
Canvas : 0.7845473
MonarchPanel : 0.7948055
Modifier : 0.7896607
InGameController : 0.7922934
ShowMonarchPanelSwingTask : ShowMonarchPanelSwingTask is not exist in project code
AIInGameInputHandler : 0.79558897
InGameInputHandler : 0.79156166
AIPlayer : 0.7995814
MonarchTest : 0.80164784
AllTests : 0.8030315
