MissionAssignmentTest : 0.83577573
SaveLoadTest : 0.88184196
AllTests : 0.8499364
TransportMissionTest : 0.82765806
MoveTest : 0.847442
FreeColServer : 0.85244673
LanguageOption : 0.8154303
ClientTestHelper : 0.8817169
MarketTest : 0.83961624
FreeColServerHolder : 0.8920047
Controller : 0.8811237
ScopeTest : 0.8213397
InGameInputHandler : 0.8347476
UserConnectionHandler : 0.85290563
NetworkHandler : 0.84824246
ServerModelController : ServerModelController is not exist in project code
Canvas : 0.82496303
AIMain : 0.84834296
FreeCol : 0.8291254
Territory : Territory is not exist in project code
ServerPlayer : 0.8075051
Server : 0.8684506
AIInGameInputHandler : 0.8387412
FreeColClient : 0.86166304
River : 0.8157684
ServerListTableModel : ServerListTableModel is not exist in project code
ConnectController : 0.85543334
NoRouteToServerException : 0.0
MetaServer : 0.8544443
ModifierTest : 0.8048879
ChatHandler : ChatHandler is not exist in project code
InGameController : 0.8208067
PreGameController : 0.8746283
ServerInfo : 0.8558109
NewPanel : 0.82548094
ServerListPanel : 0.83454984
LoadingSavegameDialog : 0.8124289
DisconnectHandler : DisconnectHandler is not exist in project code
MetaRegister : 0.851575
PlayerTest : 0.80475396
GoodsContainer : 0.8124214
