AIGoods : 0.8351703
GoodsItem : GoodsItem is not exist in project code
GoodsLabel : 0.84782517
GoodsTradeItem : 0.8351133
Settlement : 0.8303099
DumpCargoDialog : 0.8109727
FreeColProgressBar : 0.80914366
Player : 0.8119029
InGameController : 0.8056864
IndianSettlement : 0.8105159
WarehouseGoodsPanel : WarehouseGoodsPanel is not exist in project code
PlayerExploredTile : 0.8167436
ClientOptions : 0.7582553
TilePanel : 0.81887925
TileType : 0.8217112
Europe : 0.8068672
Specification : 0.8019214
TradeRouteStop : 0.8442905
TileImprovementType : 0.8272028
Unit : 0.81670666
BuildableType : 0.8354094
ColonyTile : 0.82075596
AbstractGoods : 0.8433216
ReportProductionPanel : 0.8333824
CargoLabel : CargoLabel is not exist in project code
TradeRouteInputDialog : 0.79526114
GoodsType : 0.8211984
GoodsWish : 0.8498653
WorkLocationPlan : 0.84717005
Tile : 0.8293618
MarketLabel : 0.847636
GoodsContainer : 0.8391432
ProductionLabel : 0.83447564
NegotiationDialog : 0.8159457
ProductionMultiplesLabel : ProductionMultiplesLabel is not exist in project code
EuropePanel : 0.81406736
Market : 0.84530854
ImageLibrary : 0.81902254
WorkLocation : 0.8074876
Location : 0.7719633
TileImprovement : 0.8319249
