ShowNegotiationDialogSwingTask : ShowNegotiationDialogSwingTask is not exist in project code
NegotiationDialog : 0.8211809
DefendSettlementMission : 0.82970184
GoodsTradeItem : 0.8296065
Tile : 0.83402383
Player : 0.8175693
MapGeneratorOptions : 0.80664206
IndianNationType : 0.81357276
ImageLibrary : 0.8229799
Unit : 0.82024693
Territory : Territory is not exist in project code
PlayerExploredTile : 0.8247877
Canvas : 0.81065035
Tension : 0.81466395
IndianSettlement : 0.813526
TilePopup : 0.82411873
InGameController : 0.8110522
IndianSettlementPanel : 0.82099926
MapGenerator : 0.7842181
UnitSeekAndDestroyMission : 0.81803304
ColonyPanel : 0.80120337
ColonyTile : 0.82596713
InGameInputHandler : 0.8042712
SimpleCombatModel : 0.79221785
GameOptions : 0.0
FoundingFatherTest : 0.7987739
ScoutingMission : 0.818436
MapGeneratorTest : 0.8067329
ContactTest : 0.80377424
GUI : 0.699042
Goods : 0.8303099
CombatTest : 0.7698767
Mission : 0.81621325
ModelMessage : 0.8310993
Colony : 0.8216464
DemotionTest : DemotionTest is not exist in project code
IndianDemandMission : 0.8102556
AIPlayer : 0.82478315
TileItem : 0.8378959
IndianSettlementTest : 0.7968913
BuildColonyMission : 0.82006407
