DebugMenu : 0.8477606
DeclarationDialog : 0.8442283
GUI : 0.72406006
NegotiationDialog : 0.8365537
PreGameController : 0.87210464
MiniMap : 0.8385355
ClientOptionsDialog : 0.8619101
MainPanel : 0.8408617
MapGeneratorOptionsDialog : 0.859474
ChatPanel : 0.84604
EventPanel : 0.8600663
InfoPanel : 0.8512577
GameOptionsDialog : 0.8653107
IndianSettlementPanel : 0.83113384
FreeColMenuBar : 0.8462296
EuropePanel : 0.84043854
FreeColAction : 0.84903723
SelectAmountDialog : 0.8316389
InGameController : 0.8190328
FreeCol : 0.8425877
StartGamePanel : 0.85465616
ConnectController : 0.86552435
ClientModelController : ClientModelController is not exist in project code
ColonyPanel : 0.8261798
TrainDialog : 0.8425254
Canvas : 0.8421322
RecruitDialog : 0.8305101
MapEditorTransformPanel : 0.84780145
MapControls : 0.85749006
InputHandler : 0.8352605
ActionManager : 0.852863
MapEditorController : 0.86618316
ServerListPanel : 0.8527776
LoadingSavegameDialog : 0.8340791
PlayersTableModel : PlayersTableModel is not exist in project code
NewEmptyMapAction : 0.8637378
ShowMainAction : 0.86689883
AboutAction : 0.85677445
PreGameInputHandler : 0.8433872
InGameInputHandler : 0.8368175
DisplayGridAction : 0.8544009
