MapGeneratorOptions : 0.82300603
Monarch : 0.7986798
ClientOptions : 0.76949286
SelectOption : 0.870891
RangeOption : 0.8740031
SelectOptionUI : 0.84455675
FileOptionUI : 0.8354737
BooleanOptionUI : 0.8439687
RangeOptionUI : 0.82635915
IntegerOptionUI : 0.8527058
LanguageOptionUI : 0.82993066
SimpleCombatModel : 0.77437353
Settlement : 0.8241797
OptionMap : OptionMap is not exist in project code
ReportProductionPanel : 0.8213337
ModifierTest : 0.8109112
OptionGroup : 0.8550717
TerrainGenerator : 0.8074608
Player : 0.8047727
FeatureContainer : 0.81773484
Specification : 0.802859
OptionGroupUI : 0.8404199
StartGamePanel : 0.80782473
OptionGroupButton : OptionGroupButton is not exist in project code
MapGenerator : 0.7825527
Canvas : 0.8105277
OptionMapUI : OptionMapUI is not exist in project code
FreeColActionUI : 0.8112452
LandGenerator : 0.82141435
Game : 0.8202556
PreGameController : 0.8392749
FreeColClient : 0.8315085
Modifier : 0.8296818
AbstractOption : 0.8627976
OptionUpdater : 0.81370777
FileOption : 0.8711567
DifficultyLevel : DifficultyLevel is not exist in project code
GameOptions : 0.0
FreeCol : 0.80794024
IMapGenerator : IMapGenerator is not exist in project code
MapGeneratorOptionsDialog : 0.8424713
