BuildingType : 0.81799334
ImageLibrary : 0.8328237
TileItemContainer : 0.8285447
PlayerExploredTile : 0.80544627
FreeColPanel : 0.8229967
FreeColMenuBar : 0.8419304
GUI : 0.7082121
FreeColClient : 0.851748
EventPanel : 0.84574735
ResourceMapping : 0.8756134
EuropePanel : 0.8245819
Canvas : 0.8221017
TileType : 0.8116217
FreeColDataFile : 0.8522032
Resource : 0.86414105
Specification : 0.79890406
FreeColPanelUI : 0.82634217
FreeColTextAreaUI : 0.8476009
FreeColTextFieldUI : 0.84672034
FreeColMenuBarUI : 0.8337204
FreeColListUI : 0.85145354
FreeColPopupMenuUI : 0.8329157
FreeColBrightPanelUI : 0.835239
ImageResource : 0.8495781
ColopediaTreeCellRenderer : 0.8402292
ResourceFactory : 0.87431914
ColopediaPanel : 0.8470209
Messages : 0.82450956
Tile : 0.82554793
MapControls : 0.8484175
MiniMap : 0.8341268
VictoryPanel : 0.8330441
InfoPanel : 0.84614295
DeclarationDialog : 0.8490237
FreeColButtonUI : 0.83981246
CheckBoxRenderer : CheckBoxRenderer is not exist in project code
ActionManager : 0.8418565
FreeCol : 0.8286451
FreeColLookAndFeel : 0.82181305
ResourceType : 0.8327361
FreeColToolTipUI : 0.8444758
