RecruitDialog : 0.7966408
FreeColServer : 0.8170579
EuropePanel : 0.80698884
FreeColClient : 0.81903285
CanvasKeyListener : CanvasKeyListener is not exist in project code
UnitLabel : 0.81111825
ColonyPanel : 0.791196
PlayersTableModel : PlayersTableModel is not exist in project code
SelectAmountDialog : 0.7937684
TrainDialog : 0.83039254
Game : 0.82273525
ServerTestHelper : 0.8208067
PreGameController : 0.85158277
MapControlsAction : 0.79187
CargoPanel : 0.7996962
Canvas : 0.8010348
GameTest : 0.8197
SaveAction : 0.82263935
OpenAction : 0.8191451
SaveLoadTest : 0.82205445
FreeColTestCase : 0.8207452
DeclareIndependenceAction : 0.81519395
DumpCargoDialog : 0.7910368
WaitAction : 0.8054412
NewEmptyMapAction : 0.8069636
BuildColonyAction : 0.8114949
Player : 0.8011703
Colony : 0.80653596
ShowMainAction : 0.81086564
InGameMenuBar : 0.79998714
StartGamePanel : 0.8041623
PreGameInputHandler : 0.83729357
DisbandUnitAction : 0.81148
InGameInputHandler : 0.8369354
EndTurnAction : 0.8087221
ExecuteGotoOrdersAction : 0.8347411
ReportTurnAction : 0.8203934
Map : 0.80823946
ImprovementAction : 0.81589365
FreeColGameObject : 0.81495893
Goods : 0.80568635
