SelectOption : 0.80789757
RangeOption : 0.8169105
SelectOptionUI : 0.8071655
FileOptionUI : 0.76115125
BooleanOptionUI : 0.81232697
RangeOptionUI : 0.81080973
IntegerOptionUI : 0.8035861
LanguageOptionUI : 0.792937
OptionMap : OptionMap is not exist in project code
OptionGroup : 0.78917724
Specification : 0.74532837
OptionGroupUI : 0.79396814
StartGamePanel : 0.7715601
OptionGroupButton : OptionGroupButton is not exist in project code
MapGenerator : 0.8697059
Canvas : 0.7631933
OptionMapUI : OptionMapUI is not exist in project code
FreeColActionUI : 0.7367662
TerrainGenerator : 0.7413337
LandGenerator : 0.76327807
Game : 0.7690575
PreGameController : 0.7646583
ClientOptions : 0.7113319
FreeColClient : 0.7779334
AbstractOption : 0.8021489
OptionUpdater : 0.936606
FileOption : 0.81073874
DifficultyLevel : DifficultyLevel is not exist in project code
GameOptions : 0.0
FreeCol : 0.7564634
IMapGenerator : IMapGenerator is not exist in project code
MapGeneratorOptionsDialog : 0.77018887
LanguageOption : 0.7840234
ClientOptionsDialog : 0.7918556
GameOptionsDialog : 0.7942454
BooleanOption : 0.81411004
MockMapGenerator : 0.79587865
NewPanel : 0.77434015
IntegerOption : 0.8116966
MapGeneratorOptions : 0.77553374
FreeColGameObject : 0.7854041
