Canvas : 0.76362324
FreeColClient : 0.78903013
FreeCol : 0.8037754
InGameController : 0.7483315
PreGameController : 0.7929553
ClientOptionsDialog : 0.78992116
StartGamePanel : 0.77619904
ActionManager : 0.77775836
DisplayGridAction : 0.75738215
FreeColAction : 0.78462756
ClientTestHelper : 0.79013693
OptionGroupButton : OptionGroupButton is not exist in project code
PreferencesAction : 0.7608727
ColonyPanel : 0.7752771
PreGameInputHandler : 0.77805096
SelectOption : 0.769929
RangeOption : 0.76808006
SelectOptionUI : 0.7600909
FileOptionUI : 0.77354795
BooleanOptionUI : 0.7509909
RangeOptionUI : 0.7277593
IntegerOptionUI : 0.7720398
LanguageOptionUI : 0.7480793
GUI : 0.68439037
MapEditorController : 0.78165436
OptionMap : OptionMap is not exist in project code
ProductionLabel : 0.7749283
OptionGroup : 0.76938045
GameOptionsDialog : 0.78248465
MapGeneratorOptionsDialog : 0.7889059
ProductionMultiplesLabel : ProductionMultiplesLabel is not exist in project code
Language : Language is not exist in project code
ConnectController : 0.79076236
OptionGroupPanel : OptionGroupPanel is not exist in project code
Specification : 0.7618889
OptionGroupUI : 0.77863014
MapGenerator : 0.7142375
OptionMapUI : OptionMapUI is not exist in project code
FreeColActionUI : 0.776573
TerrainGenerator : 0.7765101
LandGenerator : 0.7810959
