Tile : 0.817994
TilePanel : 0.80415154
Specification : 0.79992193
TileImprovementType : 0.82542473
TileTypeTransform : TileTypeTransform is not exist in project code
TileImprovement : 0.825567
TileImprovementPlan : 0.8092932
UnitTest : 0.78409326
CombatTest : 0.7659935
MovementTest : 0.79943115
ContactTest : 0.79213256
DemotionTest : DemotionTest is not exist in project code
MoveTest : 0.80892044
MissionAssignmentTest : 0.8055632
ImprovementActionType : ImprovementActionType is not exist in project code
TerrainGenerator : 0.813952
FreeColTestCase : 0.81614923
TileItemContainer : 0.8219301
GoodsTest : 0.807957
Unit : 0.80673695
TileInfoPanel : TileInfoPanel is not exist in project code
Resource : 0.82498443
River : 0.80023295
TileTest : 0.75139695
ImageProvider : ImageProvider is not exist in project code
ColopediaPanel : 0.8091716
ImageLibrary : 0.8064559
IndianNationType : 0.8068074
MapTest : 0.8055075
ResourceTransform : ResourceTransform is not exist in project code
Goods : 0.82171124
TileItem : 0.83326834
PathNode : 0.8161663
Map : 0.81995124
TerrainCursor : 0.80447996
WorkLocationPlan : 0.8366552
ColonyTile : 0.81312346
IndianSettlement : 0.79942834
ImprovementAction : 0.803698
GUI : 0.6946867
ASingleTilePanel : ASingleTilePanel is not exist in project code
