InfoPanel : 0.8296863
ReportPanel : 0.82683355
ColopediaPanel : 0.8237611
MapEditorTransformPanel : 0.8156007
FreeColClient : 0.8219344
GUI : 0.728735
Canvas : 0.8148369
SkipUnitAction : 0.8315754
SentryAction : 0.8324139
FortifyAction : 0.8139197
WaitAction : 0.82967037
MarketLabel : 0.8254769
ZoomOutAction : 0.82889235
MiniMapZoomInAction : 0.82526606
QuitAction : 0.81358534
BuildColonyAction : 0.82645494
MiniMapZoomOutAction : 0.82598406
DisbandUnitAction : 0.83118504
RiverStylePanel : 0.8054997
ZoomInAction : 0.82604545
ImprovementAction : 0.81637365
GoodsLabel : 0.8335711
FreeColProgressBar : 0.8227483
ImageResource : 0.83503467
UnitLabel : 0.82131475
IndianSettlementPanel : 0.81256217
ASingleTilePanel : ASingleTilePanel is not exist in project code
CargoLabel : CargoLabel is not exist in project code
RecruitDialog : 0.79474485
EmigrationPanel : 0.8038964
ClientTestHelper : 0.8101764
FreeColMenuTest : 0.8158279
TilePanel : 0.8404293
ReportLabourPanel : 0.79621375
TrainDialog : 0.81343144
BuildQueueCellRenderer : BuildQueueCellRenderer is not exist in project code
ReportUnitPanel : ReportUnitPanel is not exist in project code
FreeColImageBorder : 0.8400283
FreeColAction : 0.81859684
UnitInfoPanel : UnitInfoPanel is not exist in project code
DumpCargoDialog : 0.7822217
