ReportPanel : 0.8270809
WorkerWish : 0.84229887
Unit : 0.8221736
UnitData : UnitData is not exist in project code
Specification : 0.8060396
PlayerExploredTile : 0.8209955
ReportLabourPanel : 0.8043876
InGameController : 0.8021523
LabourData : 0.8170784
GoodsWish : 0.83248025
ContactTest : 0.7986077
MissionAssignmentTest : 0.8153154
FoundingFatherTest : 0.791986
CombatTest : 0.7698687
MovementTest : 0.8028069
DemotionTest : DemotionTest is not exist in project code
TrainDialog : 0.82420677
BuildQueue : 0.8368786
EquipmentType : 0.836212
Colony : 0.8199171
SchoolTest : 0.7918029
AbstractUnit : 0.8377901
BuildingType : 0.8359881
MockModelController : 0.82403195
FoundingFather : 0.81967795
ReportRequirementsPanel : 0.7928119
Europe : 0.81641316
Building : 0.8291431
GoodsTest : 0.8071928
ReportUnitPanel : ReportUnitPanel is not exist in project code
ColopediaPanel : 0.814062
Player : 0.8163524
Monarch : 0.80491626
ScopeTest : 0.8101368
SimpleCombatModel : 0.7925619
TileImprovementType : 0.8380907
ImageLibrary : 0.8169023
TransportMission : 0.80797297
TileImprovement : 0.8393413
ReportColonyPanel : 0.79425454
InGameInputHandler : 0.7938758
