RangeOptionUI : 0.84977746
Specification : 0.809292
SpecificationTest : 0.8026526
OptionMap : OptionMap is not exist in project code
MapGeneratorOptions : 0.8240398
OptionGroup : 0.85918003
TileType : 0.82943755
OptionGroupUI : 0.84372586
MapGeneratorTest : 0.7959619
ClientOptions : 0.76808006
OptionMapUI : OptionMapUI is not exist in project code
TerrainGenerator : 0.81709254
SelectOption : 0.8761207
SelectOptionUI : 0.85397154
FileOptionUI : 0.8363936
BooleanOptionUI : 0.85009134
IntegerOptionUI : 0.8585616
LanguageOptionUI : 0.83836555
PseudoRandom : PseudoRandom is not exist in project code
Map : 0.8400803
StartGamePanel : 0.8129262
OptionGroupButton : OptionGroupButton is not exist in project code
MapGenerator : 0.788782
Canvas : 0.81423426
FreeColActionUI : 0.81543046
LandGenerator : 0.8324737
Game : 0.83127457
PreGameController : 0.83994824
FreeColClient : 0.83701503
AbstractOption : 0.8638961
OptionUpdater : 0.82035035
FileOption : 0.8707079
DifficultyLevel : DifficultyLevel is not exist in project code
InGameInputHandler : 0.8080334
GameOptions : 0.0
FreeCol : 0.8107579
IMapGenerator : IMapGenerator is not exist in project code
MapGeneratorOptionsDialog : 0.84233063
LanguageOption : 0.84558153
ClientOptionsDialog : 0.85477924
GameOptionsDialog : 0.85430145
