Player : 0.8033199
AIPlayer : 0.81629497
InGameController : 0.82003254
Game : 0.81803423
FreeColServer : 0.81242216
NationType : 0.8035771
GameOptions : 0.0
UserConnectionHandler : 0.8057346
IndianSettlement : 0.803058
PreGameController : 0.8456341
AIInGameInputHandler : 0.81541324
PlayerTest : 0.81604207
Monarch : 0.793289
BuyLandMessage : BuyLandMessage is not exist in project code
StealLandMessage : StealLandMessage is not exist in project code
PioneeringMission : 0.8238628
Tile : 0.81565964
EventPanel : 0.8143309
InGameInputHandler : 0.8135897
MapGenerator : 0.750712
TransportMission : 0.81156427
UnitTest : 0.82112145
ServerPlayer : 0.8152
DebugMenu : 0.81293637
MissionAssignmentTest : 0.83364755
GameTest : 0.81855345
AIMain : 0.81012636
AdvantageCellRenderer : 0.7911296
MapGeneratorTest : 0.82974464
TransportMissionTest : 0.83263
IndianNationType : 0.7918374
EuropeanNationType : 0.78515923
Specification : 0.78112376
WorkLocationPlan : 0.80978304
ColonyPlan : 0.80803245
ReportUnitPanel : ReportUnitPanel is not exist in project code
ReportLabourPanel : 0.8238453
NegotiationDialog : 0.80847955
PlayerExploredTile : 0.80332357
Territory : Territory is not exist in project code
GoldTradeItemPanel : GoldTradeItemPanel is not exist in project code
