FreeColGameObjectType : 0.8308801
TileImprovementType : 0.82746696
FeatureContainer : 0.81646764
Settlement : 0.81934845
TradeRouteStop : 0.80874336
Stop : Stop is not exist in project code
TradeRoute : 0.81555843
SimpleCombatModel : 0.7762458
ColopediaPanel : 0.80826515
ResourceType : 0.84198767
ModifierTest : 0.8096702
TileType : 0.8062225
Specification : 0.7903328
Features : Features is not exist in project code
Tension : 0.8330138
CombatModel : 0.71441686
CombatTest : 0.7431484
Feature : 0.8079029
Player : 0.79794717
Colony : 0.79765725
Unit : 0.7996204
SpecificationTest : 0.7800841
GoldTradeItem : 0.8222956
BuildingTest : 0.75188255
FoundingFatherTest : 0.7724144
IndianSettlement : 0.78949535
TileItemContainer : 0.80186135
Tile : 0.80453646
TileImprovement : 0.83117944
EuropeanNationType : 0.7998909
IndianNationType : 0.79689723
FreeColDialog : 0.79662853
UnitType : 0.83118725
MapEditorController : 0.8066003
Building : 0.81057394
FreeColActionUI : 0.7992868
Market : 0.80280304
FoundingFather : 0.8085029
EquipmentType : 0.82026935
ColonyTile : 0.7962063
MarketTest : 0.81113344
