WorkInsideColonyMission : 0.8023383
ColonyPlan : 0.810081
AIPlayer : 0.8068346
BuildColonyMission : 0.8081312
AIGoods : 0.8032881
Wish : 0.80216503
Player : 0.7956494
IndianDemandMission : 0.8011916
IndianBringGiftMission : 0.8024946
TransportMission : 0.7927775
MissionAssignmentTest : 0.8161296
BuildQueuePanel : 0.82713133
ColonyTile : 0.8116867
ColonyPanel : 0.80508864
WarehouseGoodsPanel : WarehouseGoodsPanel is not exist in project code
PioneeringMission : 0.8179193
WishRealizationMission : 0.8166986
ColonyTradeItem : 0.81265485
StealLandMessage : StealLandMessage is not exist in project code
Building : 0.79810005
WorkLocationPlan : 0.8155658
ReportColonyPanel : 0.8094059
ReportProductionPanel : 0.82589215
ReportTradePanel : 0.79213315
ReportUnitPanel : ReportUnitPanel is not exist in project code
FreeColServer : 0.80451804
AIUnit : 0.79854053
AIMain : 0.8102885
Mission : 0.7965483
AIInGameInputHandler : 0.8035865
AIObject : 0.7980142
ReportRequirementsPanel : 0.82723624
Colony : 0.8029257
UnitWanderMission : 0.8039526
ScoutingMission : 0.799077
UnitWanderHostileMission : 0.80531824
CashInTreasureTrainMission : 0.79897785
IndianSettlement : 0.7908731
GoodsWish : 0.8132048
ReportLabourPanel : 0.82749796
StatisticsMessage : StatisticsMessage is not exist in project code
