MissionAssignmentTest : 0.83437645
GameTest : 0.815277
SaveLoadTest : 0.8447789
NationTypeTest : 0.7789164
FreeCol : 0.8084326
FreeColMenuTest : 0.8347116
FreeColServerHolder : 0.84796536
DebugMenu : 0.83282083
UserConnectionHandler : 0.83054775
DeclarationDialog : 0.8223218
GUI : 0.70333964
NegotiationDialog : 0.8202314
PreGameController : 0.8659766
MiniMap : 0.81949353
ServerModelController : ServerModelController is not exist in project code
ClientOptionsDialog : 0.83565617
MainPanel : 0.8087004
MapGeneratorOptionsDialog : 0.8377067
ChatPanel : 0.82437813
EventPanel : 0.8438056
InfoPanel : 0.83158654
GameOptionsDialog : 0.8431177
IndianSettlementPanel : 0.8336219
FreeColMenuBar : 0.8182176
EuropePanel : 0.8262524
FreeColAction : 0.8267033
SelectAmountDialog : 0.8145206
InGameController : 0.8207452
StartGamePanel : 0.82948756
ConnectController : 0.84055096
ClientModelController : ClientModelController is not exist in project code
ColonyPanel : 0.8150937
TrainDialog : 0.8404816
Canvas : 0.8254456
AIMain : 0.8337359
RecruitDialog : 0.8111928
MapEditorTransformPanel : 0.835226
MapControls : 0.83772266
InputHandler : 0.82271147
GoodsTest : 0.8258478
ModifierTest : 0.8200585
