Unit : 0.81767476
Specification : 0.8047573
TileImprovementType : 0.83405375
DemotionTest : DemotionTest is not exist in project code
CombatTest : 0.7791296
MovementTest : 0.8037792
ScoutingMission : 0.8237866
TileImprovement : 0.832743
UnitTest : 0.7932456
AIColony : 0.79948974
AIPlayer : 0.8222736
PioneeringMission : 0.8095499
AbstractUnit : 0.8380159
Monarch : 0.8033999
InGameController : 0.8001813
AbstractUnitTest : 0.83304405
Settlement : 0.82923406
UnitType : 0.836212
Europe : 0.81327623
GoodsType : 0.822783
SimpleCombatModel : 0.79401106
InGameInputHandler : 0.8011671
UnitInfoPanel : UnitInfoPanel is not exist in project code
FreeColTestCase : 0.82112366
Building : 0.8234181
DragListener : 0.80604357
Modifier : 0.82026935
ReportUnitPanel : ReportUnitPanel is not exist in project code
FoundingFatherTest : 0.7952812
ColonyConsumptionTest : ColonyConsumptionTest is not exist in project code
IndianSettlementTest : 0.79367876
ColonyProductionTest : 0.8056234
MapGenerator : 0.7734098
BuildQueue : 0.83107513
ModelMessage : 0.8330779
Tile : 0.82146436
MarketLabel : 0.8230384
Resource : 0.8368742
Player : 0.8137044
ColopediaPanel : 0.81795245
AbstractGoods : 0.83168757
