Player : 0.81759614
TerrainGenerator : 0.81987435
Region : 0.8354072
UnitType : 0.82727784
ExportData : 0.83300406
ClientOptions : 0.76023674
Unit : 0.8123266
WarehouseGoodsPanel : WarehouseGoodsPanel is not exist in project code
DetermineHighSeasAction : 0.81869507
Parameters : Parameters is not exist in project code
ReportExplorationPanel : 0.8374052
MapGeneratorOptions : 0.81241184
MessagesTest : 0.79881376
InGameController : 0.8066181
Building : 0.81384784
GoodsContainer : 0.8082032
InGameMenuBar : 0.7919974
MapEditorMenuBar : 0.7963241
Mission : 0.8093263
SimpleCombatModel : 0.7863415
Tile : 0.8220447
TransportMission : 0.80384415
IndianSettlementPanel : 0.8157983
MapGenerator : 0.76552665
AIPlayer : 0.8179633
InGameInputHandler : 0.800934
ActionManager : 0.81382436
