AIUnit : 0.81958497
AllTests : 0.86061037
TileImprovementPlan : 0.8160297
Wish : 0.8107563
TransportMissionTest : 0.88465565
AIPlayer : 0.8272172
AssignTradeRouteAction : 0.82443035
ServerTestHelper : 0.83577573
ClientTestHelper : 0.85139275
ScoutingMission : 0.8237329
InGameController : 0.8268552
PioneeringMission : 0.82995206
UnitTest : 0.87395334
GUI : 0.69648236
ImageLibrary : 0.8068585
Mission : 0.8155442
IndianDemandMission : 0.82858014
MarketTest : 0.8296901
WorkInsideColonyMission : 0.81550926
ScopeTest : 0.85381174
DefendSettlementMission : 0.82044864
CashInTreasureTrainMission : 0.8179971
AIGoods : 0.8107555
ModifierTest : 0.825031
WishRealizationMission : 0.8133523
UnitWanderMission : 0.8278973
TransportMission : 0.8165227
BuildColonyMission : 0.8254034
IndianBringGiftMission : 0.82617134
UnitSeekAndDestroyMission : 0.8201323
UnitWanderHostileMission : 0.8276338
IndianSettlement : 0.81103057
AIColony : 0.8161296
Transportable : 0.7516981
SaveLoadTest : 0.8584828
PlayerTest : 0.8584673
GoodsContainer : 0.80893564
Europe : 0.80334604
Tile : 0.8222488
TestJob : TestJob is not exist in project code
GameTest : 0.84202635
