Feature : 0.8342398
ScopeTest : 0.8226856
FoundingFatherTest : 0.7863459
ModifierTest : 0.81297493
Ability : 0.81064594
Modifier : 0.8373439
AllTests : 0.82208204
