GoalDecider : 0.77270764
Map : 0.8034787
PathNode : 0.80530334
UnitSeekAndDestroyMission : 0.80440426
PioneeringMission : 0.7907938
Tile : 0.79692143
CashInTreasureTrainMission : 0.8124496
Mission : 0.8004909
ScoutingMission : 0.8053097
InGameController : 0.77645445
AIPlayer : 0.7959155
