InputHandler : 0.7943996
FreeColServerHolder : 0.8261933
TilePopup : 0.80646086
MiniMap : 0.80469817
InGameController : 0.7706776
Canvas : 0.798719
AIMain : 0.8082274
PreGameController : 0.8274542
ConnectController : 0.82876855
GUI : 0.70515245
MapControls : 0.81714976
FreeColAction : 0.82303923
ClientModelController : ClientModelController is not exist in project code
FreeColMenuBar : 0.8128309
ServerModelController : ServerModelController is not exist in project code
UserConnectionHandler : 0.8127623
ActionManager : 0.82069576
DebugMenu : 0.80825704
ColonyPlanTest : 0.7541879
ReceivingThread : 0.8235452
ServerPlayerTest : 0.80017185
ModelMessage : 0.81402713
SaveLoadTest : 0.8269773
Controller : 0.8339328
TransportMissionTest : 0.79285645
FreeColGameObjectType : 0.79934657
FreeColActionUI : 0.8144592
UnitSeekAndDestroyMissionTest : 0.7866734
FreeColClient : 0.8425877
AIColonyTest : 0.7899916
PrivateerMissionTest : 0.8070619
MissionAssignmentTest : 0.79981965
StandardAIPlayerTest : 0.78482795
InGameControllerTest : 0.76586634
FreeColPanelUI : 0.7955271
Game : 0.80869806
FreeColLookAndFeel : 0.80652255
MapEditorController : 0.82831365
AIInGameInputHandler : 0.79719776
AboutAction : 0.8073529
Server : 0.8286902
