InGameController : 0.8190328
Canvas : 0.8421322
GUI : 0.72406006
MapControls : 0.85749006
DebugMenu : 0.8477606
InputHandler : 0.8352605
TilePopup : 0.85048395
MiniMap : 0.8385355
PreGameController : 0.87210464
ConnectController : 0.86552435
FreeColAction : 0.84903723
ClientModelController : ClientModelController is not exist in project code
FreeColMenuBar : 0.8462296
ActionManager : 0.852863
FreeCol : 0.8425877
MapEditorController : 0.86618316
NewEmptyMapAction : 0.8637378
ShowMainAction : 0.86689883
ReportHighScoresAction : 0.86279374
AboutAction : 0.85677445
PreGameInputHandler : 0.8433872
InGameInputHandler : 0.8368175
ClientTestHelper : 0.86769706
FreeColPanel : 0.8273757
MapControlsAction : 0.8538262
DisplayGridAction : 0.8544009
DisplayBordersAction : 0.8578409
MapboardAction : 0.8609469
SelectableAction : 0.8666261
SaveAction : 0.8763998
ReportCargoAction : 0.84755635
GotoTileAction : 0.8562842
ReportReligionAction : 0.8394551
GotoAction : 0.8571289
ColopediaBuildingAction : ColopediaBuildingAction is not exist in project code
ColopediaNationTypeAction : ColopediaNationTypeAction is not exist in project code
ReportContinentalCongressAction : 0.83994627
ReportExplorationAction : 0.85253036
AssignTradeRouteAction : 0.84058833
RenameAction : 0.84392107
ReportProductionAction : 0.8524531
