GoodsLabel : 0.84782517
AIGoods : 0.8351703
GoodsItem : GoodsItem is not exist in project code
BuyMessage : 0.8504555
SellMessage : 0.841964
DeliverGiftMessage : 0.8369157
SellPropositionMessage : 0.84154874
BuyPropositionMessage : 0.84609383
GoodsTradeItem : 0.8351133
Settlement : 0.8303099
GoodsForSaleMessage : 0.8430532
DumpCargoDialog : 0.8109727
FreeColProgressBar : 0.80914366
ReportProductionPanel : 0.8333824
Player : 0.8119029
Colony : 0.8178002
InGameController : 0.8056864
GoodsType : 0.8211984
GoodsContainer : 0.8391432
Tile : 0.8293618
GoodsWish : 0.8498653
WorkLocationPlan : 0.84717005
Production : Production is not exist in project code
TradeRouteStop : 0.8442905
CargoLabel : CargoLabel is not exist in project code
Specification : 0.8019214
IndianSettlement : 0.8105159
BuildableType : 0.8354094
AbstractGoods : 0.8433216
TradeRouteInputDialog : 0.79526114
WarehouseGoodsPanel : WarehouseGoodsPanel is not exist in project code
TileType : 0.8217112
Unit : 0.81670666
Europe : 0.8068672
ColonyTile : 0.82075596
PlayerExploredTile : 0.8167436
TileImprovementType : 0.8272028
Entry : Entry is not exist in project code
ColonyTest : 0.77847606
MarketLabel : 0.847636
ReportTradePanel : 0.8145012
