MockMapGenerator : 0.83785933
Game : 0.8335821
CanvasMouseMotionListener : 0.828357
ScrollThread : ScrollThread is not exist in project code
River : 0.8346505
LandGenerator : 0.8561863
MiniMap : 0.8342386
PlayersTableModel : PlayersTableModel is not exist in project code
MapGeneratorOptions : 0.81740147
ResourceManager : 0.83085215
FreeColClient : 0.8388855
TerrainGenerator : 0.84187865
FreeColServer : 0.8314346
MapControlsAction : 0.8350858
Canvas : 0.8223827
TypeCountMap : 0.8431937
MapGenerator : 0.7850143
ResourceMapping : 0.84855837
PreGameController : 0.84686846
LanguageOption : 0.82008076
MapControls : 0.84629804
GUI : 0.7071243
ClientOptions : 0.76208705
Tile : 0.8433631
BaseCostDeciderTest : 0.8375028
FreeColTestCase : 0.83979106
InGameController : 0.80823946
IndianSettlement : 0.803911
MapEditorController : 0.8359703
ClientOptionsDialog : 0.83226335
GameOptionsDialog : 0.83803606
NewEmptyMapAction : 0.8461714
MapGeneratorOptionsDialog : 0.83805627
ScaleMapAction : 0.8416961
Colony : 0.81733364
CanvasMapEditorMouseListener : 0.82469106
ImageLibrary : 0.8328354
IMapGenerator : IMapGenerator is not exist in project code
OptionMap : OptionMap is not exist in project code
FeatureContainer : 0.82643825
ReportLabourPanel : 0.81226176
