ReportLabourDetailPanel : 0.83434033
ReportIndianPanel : 0.832974
ReportHistoryPanel : 0.0
ReportExplorationPanel : 0.8582389
ReportHighScoresPanel : 0.8339146
ReportLabourPanel : 0.8228938
ProductionMultiplesLabel : ProductionMultiplesLabel is not exist in project code
ProductionLabel : 0.8305482
ReportForeignAffairPanel : 0.0
CompactLabourReport : 0.82732046
ReportLabourAction : 0.8178994
ReportReligiousPanel : 0.0
ReportNavalPanel : 0.8387616
ReportCargoPanel : 0.8330672
ReportMilitaryPanel : 0.8468845
ReportRequirementsAction : 0.8286796
ReportHistoryAction : 0.8290569
ReportNavalAction : 0.83217186
ReportHighScoresAction : 0.834481
ReportTradeAction : 0.832284
ReportExplorationAction : 0.82700914
Canvas : 0.824172
ReportProductionAction : 0.827954
ReportCargoAction : 0.8266487
ReportForeignAction : 0.8265942
ReportMilitaryAction : 0.81736153
ReportContinentalCongressAction : 0.82093745
ReportIndianAction : 0.7953329
ReportColonyAction : 0.8356096
ReportReligionAction : 0.82154256
ClientOptions : 0.76538366
ReportContinentalCongressPanel : 0.79432887
ReportProductionPanel : 0.8353391
ReportTradePanel : 0.8299468
VictoryPanel : 0.8339351
ReportColonyPanel : 0.81543416
ReportTurnAction : 0.83021337
MessagesTest : 0.8155163
ReportTurnPanel : 0.8328752
InGameMenuBar : 0.8201837
InGameController : 0.8049477
