ValuedAIObject : 0.83163184
CreateMissionAtSettlementGoal : 0.8032407
UnitTypeChange : 0.81299555
ManageMissionariesGoal : 0.80308324
GotoAdjacentGoal : 0.80191827
FreeColGameObjectType : 0.81821316
AIPlayer : 0.8070192
Goal : 0.7843185
FreeColAction : 0.8346485
FreeColObject : 0.8601286
Connection : 0.8600157
ReceivingThread : 0.84719884
Option : 0.76079935
FreeColGameObject : 0.8392458
OptionMap : OptionMap is not exist in project code
ServerModelObject : 0.73747593
Resource : 0.8539657
HighScore : 0.79971516
Scope : 0.8257953
ImprovementActionType : ImprovementActionType is not exist in project code
TradeRouteStop : 0.8195272
Modifier : 0.8074327
ColonialAIPlayer : ColonialAIPlayer is not exist in project code
StandardAIPlayer : StandardAIPlayer is not exist in project code
NewAIPlayer : NewAIPlayer is not exist in project code
Ability : 0.7851573
AIInGameInputHandler : 0.8191774
StreamedMessageHandler : 0.79007816
Player : 0.78904694
Unit : 0.7849667
BuildableType : 0.81634367
TileImprovement : 0.81263614
OptionGroup : 0.82686436
StringOption : 0.84174377
FileOption : 0.85556054
IntegerOption : 0.84172803
BooleanOption : 0.838191
GoodsTradeItem : 0.82209873
StanceTradeItem : 0.828996
AIObject : 0.8462333
GoldTradeItem : 0.8313252
