FreeCol : 0.785774
FreeColModFile : 0.7973239
FreeColTestCase : 0.8005595
SpecificationTest : 0.7920059
FreeColGameObjectType : 0.7942773
BuildableType : 0.81746167
Ability : 0.7899682
DummyConnection : 0.77947885
UnitTypeChange : 0.797404
MapEditorTransformPanel : 0.79419076
TerrainGenerator : 0.7978745
EditSettlementDialog : 0.78612053
Modifier : 0.7903328
MapGeneratorOptions : 0.8063329
ColonyPlan : 0.79489
AdvantageCellRenderer : 0.775667
EuropeanNationType : 0.7862107
Europe : 0.7832956
ColopediaPanel : 0.79792464
Feature : 0.7928671
NationTypeTest : 0.76916075
MarketData : 0.8055725
ListOptionSelector : ListOptionSelector is not exist in project code
UnitType : 0.8060396
GameOptions : 0.0
GoodsType : 0.7959237
StandardAIPlayerTest : 0.7987506
ScopeTest : 0.7989372
NewAIPlayer : NewAIPlayer is not exist in project code
ColonyTest : 0.77953976
GoodsTest : 0.79868346
PlayersTable : 0.78123474
IndianSettlementTest : 0.79120094
Monarch : 0.7750559
BuildingTest : 0.7755894
AIColonyTest : 0.80000275
AIColony : 0.7816466
ColonyBuilder : ColonyBuilder is not exist in project code
PioneeringMission : 0.77970064
Unit : 0.78883713
River : 0.78510153
