ReconnectAction : 0.828539
PreferencesAction : 0.82809633
FreeColMenuTest : 0.8647022
FreeColClient : 0.83448184
MapEditorMenuBar : 0.90864533
FreeColMenuBar : 0.85956055
FreeColMenuBarUI : 0.80913055
NewEmptyMapAction : 0.85042644
ShowMainAction : 0.8563605
ReportHighScoresAction : 0.8423433
SaveAction : 0.84429014
NewAction : 0.8476552
ChatAction : 0.80060416
OpenAction : 0.85210574
UpdateMenuBarSwingTask : UpdateMenuBarSwingTask is not exist in project code
EndTurnAction : 0.81868076
RetireAction : 0.8154489
DeclareIndependenceAction : 0.8119193
DragListener : 0.86068624
Canvas : 0.8343126
MessagesTest : 0.8348921
InGameController : 0.79998714
InGameInputHandler : 0.8184799
PreGameController : 0.8616738
DebugMenu : 0.8519195
ReportIndianPanel : 0.87474257
MapEditorController : 0.8494645
ClientOptionsDialog : 0.8441961
MainPanel : 0.9112813
ChangeAction : 0.8536664
Game : 0.8115279
FindSettlementAction : 0.82778615
MapControlsAction : 0.83890605
DisplayGridAction : 0.8464822
DisplayBordersAction : 0.8511372
ToggleViewModeAction : 0.8300851
QuitAction : 0.8194876
SaveAndQuitAction : 0.84733313
ColopediaPanel : 0.8769734
TilePopup : 0.8621014
ReportCargoAction : 0.81640536
