FreeColClient : 0.8563381
FreeCol : 0.82356685
Canvas : 0.8263341
InGameController : 0.81047934
GUI : 0.6994916
MapControls : 0.83161277
DebugMenu : 0.82313234
InputHandler : 0.8687718
TilePopup : 0.81872934
MiniMap : 0.81729674
PreGameController : 0.8540272
ConnectController : 0.8568146
FreeColAction : 0.84552395
ClientModelController : ClientModelController is not exist in project code
FreeColMenuBar : 0.8285055
ActionManager : 0.83960104
ClientTestHelper : 0.8653026
Game : 0.8344092
ServerPlayer : 0.7971756
SwingTask : SwingTask is not exist in project code
MapEditorController : 0.8438861
NewEmptyMapAction : 0.83662087
ShowMainAction : 0.83804935
FreeColPanel : 0.8192875
ReportHighScoresAction : 0.8463109
Server : 0.8834747
PreGameInputHandler : 0.8420652
MetaServer : 0.8744879
InGameInputHandler : 0.8454315
MapControlsAction : 0.83092976
DisplayGridAction : 0.82722425
ClientOptions : 0.7685597
DisplayBordersAction : 0.82946557
ReportCargoAction : 0.83868074
GotoTileAction : 0.8298228
ReportReligionAction : 0.8258967
GotoAction : 0.8369906
ColopediaBuildingAction : ColopediaBuildingAction is not exist in project code
ColopediaNationTypeAction : ColopediaNationTypeAction is not exist in project code
ReportContinentalCongressAction : 0.82391864
SaveAction : 0.8516276
