ReportLabourDetailPanel : 0.82917196
ClientOptions : 0.7693362
CompactLabourReport : 0.83669746
ReportLabourAction : 0.8389295
ReportPanel : 0.8228938
ReportIndianPanel : 0.875006
ReportHistoryPanel : 0.0
ReportExplorationPanel : 0.8132535
ReportHighScoresPanel : 0.80442363
InGameMenuBar : 0.8293998
ProductionMultiplesLabel : ProductionMultiplesLabel is not exist in project code
ProductionLabel : 0.8092225
ReportForeignAffairPanel : 0.0
ReportReligiousPanel : 0.0
ReportNavalPanel : 0.8499617
ReportCargoPanel : 0.84539866
ReportMilitaryPanel : 0.85908985
ReportRequirementsAction : 0.8072451
ReportHistoryAction : 0.8083448
ReportNavalAction : 0.8190326
ReportHighScoresAction : 0.81683433
ReportTradeAction : 0.8136603
ReportExplorationAction : 0.8064758
Canvas : 0.8201744
ReportProductionAction : 0.80778563
ReportCargoAction : 0.80718553
ReportForeignAction : 0.8088257
ReportMilitaryAction : 0.80486315
ReportContinentalCongressAction : 0.8004452
ReportIndianAction : 0.7911844
ReportColonyAction : 0.81763905
ReportReligionAction : 0.80981266
ReportContinentalCongressPanel : 0.8537596
ReportProductionPanel : 0.86565644
ReportTradePanel : 0.81823367
VictoryPanel : 0.8427075
ReportColonyPanel : 0.83762825
ReportTurnAction : 0.82502264
ActionManager : 0.8231928
MessagesTest : 0.82064015
ReportTurnPanel : 0.8282464
