ServerPlayerTest : 0.83161545
TransportMissionTest : 0.82173276
PrivateerMissionTest : 0.8341494
InGameControllerTest : 0.7794738
ColonyPlanTest : 0.7596554
SaveLoadTest : 0.8446227
UnitSeekAndDestroyMissionTest : 0.82371086
AIColonyTest : 0.81108546
MissionAssignmentTest : 0.82893187
StandardAIPlayerTest : 0.81513774
AIMain : 0.8391658
FreeColServerHolder : 0.85128605
ServerModelController : ServerModelController is not exist in project code
UserConnectionHandler : 0.8393894
Controller : 0.84808785
AIInGameInputHandler : 0.8337574
Server : 0.8429336
FreeColClient : 0.8548913
FreeCol : 0.8237226
PreGameController : 0.8620275
ServerTestHelper : 0.8524468
ConnectController : 0.844523
InGameController : 0.8170579
ChatMessage : 0.8385527
InputHandler : 0.82460874
MapEditorController : 0.8401362
ServerInfo : 0.8505461
DisconnectHandler : DisconnectHandler is not exist in project code
NewAIPlayer : NewAIPlayer is not exist in project code
AIPlayer : 0.8320073
DebugCrossBugAction : DebugCrossBugAction is not exist in project code
ClientTestHelper : 0.8499811
InGameInputHandler : 0.82664067
PreGameInputHandler : 0.83097535
RenameMessage : 0.83690655
UpdateCurrentStopMessage : 0.83766764
MapGenerator : 0.7848239
REFTest : 0.8413919
SetDestinationMessage : 0.8450979
ServerGame : 0.8327701
DebugMenu : 0.82959706
