Messages : 0.83927584
GUI : 0.6919427
DummyConnection : 0.8417485
GUIMessage : 0.8588288
Canvas : 0.8177066
FreeColException : 0.0
ModelMessage : 0.8606151
Connection : 0.84415185
StatusPanel : 0.832267
Game : 0.8303419
Client : 0.85887414
InputHandler : 0.8540349
Server : 0.8437897
ChatDisplayThread : ChatDisplayThread is not exist in project code
StartGamePanel : 0.8133836
FreeColGameObject : 0.84884244
ChatPanel : 0.8333308
InGameInputHandler : 0.8263125
PreGameController : 0.8373319
PreGameInputHandler : 0.84167814
InGameController : 0.80180967
SoundPlayerThread : SoundPlayerThread is not exist in project code
Player : 0.8105599
MessageHandler : 0.81664264
FreeColClient : 0.84721154
Controller : 0.8504616
FoundingFatherPanel : FoundingFatherPanel is not exist in project code
UserConnectionHandler : 0.8508833
ErrorPanel : 0.8310693
ConnectController : 0.83635795
NetworkReplyObject : 0.84881204
AIInGameInputHandler : 0.8323334
ReceivingThread : 0.8376615
VictoryPanel : 0.8145997
EventPanel : 0.83297986
Colony : 0.8108529
ColonyPanel : 0.7995463
ServerModelController : ServerModelController is not exist in project code
DefaultTransferHandler : 0.8158994
FreeColServer : 0.8370385
CaptureGoodsDialog : 0.79246116
