Tile : 0.8468521
TileTest : 0.7641571
PlayerExploredTile : 0.81460655
Colony : 0.8204556
River : 0.82807624
ImageLibrary : 0.8285533
MovementTest : 0.8232682
GUI : 0.7063178
ServerListTableModel : ServerListTableModel is not exist in project code
TileItem : 0.84441537
PioneeringMission : 0.82437295
InGameController : 0.8106077
RiverTransform : RiverTransform is not exist in project code
TerrainGenerator : 0.83840245
InGameInputHandler : 0.80948216
ScaleMapAction : 0.83853304
ResourceTransform : ResourceTransform is not exist in project code
ColonyPlan : 0.81442684
TileImprovementType : 0.83664465
TilePopup : 0.8443067
Unit : 0.81596184
ChoiceItem : 0.8253219
PioneeringMissionTest : 0.83526444
ColonyTile : 0.8323729
ProductionCache : 0.83179235
CanvasMapEditorMouseListener : 0.81492555
MapTest : 0.8346893
DiplomacyMessage : 0.79508495
ColopediaPanel : 0.83803105
TileInfoPanel : TileInfoPanel is not exist in project code
MapGenerator : 0.76948977
MapEditorMenuBar : 0.8311545
DiplomaticTrade : 0.82695186
ReportTurnPanel : 0.8259087
InGameMenuBar : 0.81830126
GoalDecider : 0.75391626
DragListener : 0.8225964
Settlement : 0.83080196
TileType : 0.82193005
Canvas : 0.81821406
DebugForeignColonyMessage : DebugForeignColonyMessage is not exist in project code
