FreeColClient : 0.8368175
FreeColServer : 0.82664067
AIInGameInputHandler : 0.85461384
PreGameInputHandler : 0.89200294
InputHandler : 0.8694426
PreGameController : 0.8713566
InGameController : 0.83693534
Connection : 0.83879066
ColonyPanel : 0.79875106
MetaServer : 0.8402299
EuropePanel : 0.8230542
CargoPanel : 0.81181836
DummyConnection : 0.82742757
TradeRouteInputDialog : 0.8084194
UserConnectionHandler : 0.8668633
Building : 0.7895906
BuildQueuePanel : 0.81826943
FreeColGameObject : 0.8316896
Player : 0.7965305
Monarch : 0.7915617
ConnectController : 0.8584117
CREatingInputStream : CREatingInputStream is not exist in project code
FreeColNetworkInputStream : FreeColNetworkInputStream is not exist in project code
Unit : 0.7961186
Colony : 0.7978608
Market : 0.795609
ColonyTile : 0.80281276
Settlement : 0.80427134
Europe : 0.78245944
TileItem : 0.80420077
IndianSettlement : 0.78886795
Map : 0.80903983
Region : 0.80956036
DefaultTransferHandler : 0.8027374
Server : 0.8433603
XMLStream : 0.82004946
ScaleMapAction : 0.8197074
Client : 0.84543157
Specification : 0.77778995
Tile : 0.8137552
GameOptions : 0.0
