PlayersTableModel : PlayersTableModel is not exist in project code
CanvasKeyListener : CanvasKeyListener is not exist in project code
FreeColClient : 0.81903285
FreeColServer : 0.8170579
UnitLabel : 0.81111825
Game : 0.82273525
FreeColPanel : 0.78328186
PreGameController : 0.85158277
MapControlsAction : 0.79187
UnitSeekAndDestroyMissionTest : 0.8234647
ServerGame : 0.826812
ClientTestHelper : 0.841861
REFTest : 0.8315837
PrivateerMissionTest : 0.82385665
ServerTestHelper : 0.8208067
Canvas : 0.8010348
SaveLoadTest : 0.82205445
GameTest : 0.8197
OpenAction : 0.8191451
SaveAction : 0.82263935
ColonyPlanTest : 0.76311517
InGameControllerTest : 0.7888235
AllTests : 0.8236336
WaitAction : 0.8054412
ReportTurnAction : 0.8203934
DeclareIndependenceAction : 0.81519395
BuildColonyAction : 0.8114949
Map : 0.80823946
InGameMenuBar : 0.79998714
ExecuteGotoOrdersAction : 0.8347411
DisbandUnitAction : 0.81148
EndTurnAction : 0.8087221
StartGamePanel : 0.8041623
NewEmptyMapAction : 0.8069636
ShowMainAction : 0.81086564
PreGameInputHandler : 0.83729357
ReportHighScoresAction : 0.80271035
InGameInputHandler : 0.8369354
FreeColTestCase : 0.8207452
ImprovementAction : 0.81589365
ServerListPanel : 0.80363125
