Unit : 0.8109375
Features : Features is not exist in project code
FreeColGameObjectType : 0.82233113
Player : 0.8126842
Settlement : 0.8238393
BuildQueuePanel : 0.81079227
Colony : 0.8104551
UnitTypeChange : 0.8291255
FeatureContainer : 0.8318823
ModifierTest : 0.8024884
Building : 0.81250924
ResourceType : 0.82402563
GoodsType : 0.8043082
UnitType : 0.82082754
FoundingFatherTest : 0.79757273
SimpleCombatModel : 0.7741442
TileType : 0.807681
TileImprovementType : 0.82083356
Resource : 0.82857543
MarketTest : 0.8244146
PreCombatDialog : 0.8101254
ColopediaPanel : 0.81200176
InGameInputHandler : 0.81080717
UnitTest : 0.786727
ColonyTile : 0.8122993
Market : 0.8084754
SchoolTest : 0.7814149
DemotionTest : DemotionTest is not exist in project code
CombatTest : 0.7472031
IndianSettlement : 0.7982279
WorkProductionPanel : 0.81478125
ServerPlayer : 0.7995845
TileInfoPanel : TileInfoPanel is not exist in project code
InGameController : 0.8100997
DefaultTransferHandler : 0.79771966
