AIUnit : 0.83030933
PioneeringMission : 0.81242794
PrivateerMission : 0.8303568
IndianDemandMission : 0.8136681
GUI : 0.70003814
ImageLibrary : 0.8098666
WorkInsideColonyMission : 0.8272238
DefendSettlementMission : 0.81966907
CashInTreasureTrainMission : 0.82973576
ScoutingMission : 0.82479864
MissionAssignmentTest : 0.81554425
NewAIPlayer : NewAIPlayer is not exist in project code
ColonialAIPlayer : ColonialAIPlayer is not exist in project code
AIGoods : 0.8165179
StandardAIPlayer : StandardAIPlayer is not exist in project code
WishRealizationMission : 0.80929637
IdleAtColonyMission : 0.83717054
UnitWanderMission : 0.8395522
BuildColonyMission : 0.81850487
TransportMission : 0.8188997
IndianBringGiftMission : 0.817179
UnitWanderHostileMission : 0.84103006
UnitSeekAndDestroyMission : 0.8232634
CreateMissionAtSettlementGoal : 0.8083907
IndianSettlement : 0.80182636
IndianAIPlayer : IndianAIPlayer is not exist in project code
REFAIPlayer : 0.80927986
PrivateerMissionTest : 0.8165913
EuropeanAIPlayer : 0.8088329
AllTests : 0.81526965
Transportable : 0.7790793
ScoutingMissionTest : 0.82095194
TileImprovementPlan : 0.8135165
UnitSeekAndDestroyMissionTest : 0.81486857
PioneeringMissionTest : 0.83286226
AIColony : 0.79654825
Wish : 0.82652307
InGameController : 0.80293036
Goal : 0.8004909
InGameControllerTest : 0.76455057
ManageMissionariesGoal : 0.80981815
