PrivateerMissionTest : 0.8369837
ColonialAIPlayer : ColonialAIPlayer is not exist in project code
StandardAIPlayer : StandardAIPlayer is not exist in project code
Player : 0.81464773
AllTests : 0.84243965
AIUnit : 0.83687425
TransportMission : 0.83300793
Game : 0.83269596
CombatTest : 0.7894336
TransportMissionTest : 0.837348
GoodsTest : 0.82286
PioneeringMission : 0.83476686
Mission : 0.8303568
IndianDemandMission : 0.8295336
GUI : 0.685117
ImageLibrary : 0.8141276
WorkInsideColonyMission : 0.8287006
DefendSettlementMission : 0.828953
CashInTreasureTrainMission : 0.8346564
ScoutingMission : 0.8336817
MissionAssignmentTest : 0.8403572
NewAIPlayer : NewAIPlayer is not exist in project code
AIGoods : 0.82379675
WishRealizationMission : 0.8270781
IdleAtColonyMission : 0.8410379
UnitWanderMission : 0.84245193
BuildColonyMission : 0.8354334
IndianBringGiftMission : 0.8300958
UnitWanderHostileMission : 0.84456384
UnitSeekAndDestroyMission : 0.83755136
CreateMissionAtSettlementGoal : 0.81701505
IndianSettlement : 0.8095981
IndianAIPlayer : IndianAIPlayer is not exist in project code
REFAIPlayer : 0.82978415
EuropeanAIPlayer : 0.82826525
SpecificationTest : 0.8173967
Transportable : 0.7621398
ScoutingMissionTest : 0.8369986
TileImprovementPlan : 0.8257187
UnitSeekAndDestroyMissionTest : 0.8358988
PioneeringMissionTest : 0.84816027
