AllTests : 0.8725888
FreeColTestCase : 0.84355116
BaseCostDeciderTest : 0.8707846
PrivateerMissionTest : 0.8625115
TileTest : 0.83299565
GameTest : 0.8629143
SaveLoadTest : 0.8517324
GoodsTest : 0.8652391
FoundingFatherTest : 0.88634926
ServerTestHelper : 0.8218471
ColonyPlanTest : 0.8285385
PlayerTest : 0.88289815
MovementTest : 0.91412824
UnitTest : 0.8895039
MapGeneratorTest : 0.8824969
UnitSeekAndDestroyMissionTest : 0.8523574
AIColonyTest : 0.85792893
IndianSettlementTest : 0.8808674
MoveTest : 0.8509288
Game : 0.8293044
ScrollThread : ScrollThread is not exist in project code
MockMapGenerator : 0.8198765
CanvasMouseMotionListener : 0.81534827
ClientTestHelper : 0.8644689
BuildingTest : 0.86321867
InGameControllerTest : 0.85170823
ContactTest : 0.88269895
REFTest : 0.84788704
StandardAIPlayerTest : 0.85950005
ColonyTest : 0.85879964
ScoutingMissionTest : 0.84922844
SchoolTest : 0.8470898
ServerPlayerTest : 0.8752734
ColonyConsumptionTest : ColonyConsumptionTest is not exist in project code
CombatTest : 0.8317377
ColonyProductionTest : 0.9007768
MarketTest : 0.816944
River : 0.8321576
DemotionTest : DemotionTest is not exist in project code
LandGenerator : 0.8486614
MissionAssignmentTest : 0.86681336
