ServerPlayerTest : 0.8382498
GameTest : 0.815277
FreeCol : 0.8084326
NationTypeTest : 0.7789164
SaveLoadTest : 0.8447789
TileTest : 0.7581702
InGameController : 0.8207452
Canvas : 0.8254456
DebugMenu : 0.83282083
InputHandler : 0.82271147
PreGameController : 0.8659766
ConnectController : 0.84055096
ClientModelController : ClientModelController is not exist in project code
ActionManager : 0.8318728
AIMain : 0.8337359
GUI : 0.70333964
MapControls : 0.83772266
FreeColServerHolder : 0.84796536
TilePopup : 0.8411954
MiniMap : 0.81949353
FreeColAction : 0.8267033
FreeColMenuBar : 0.8182176
ServerModelController : ServerModelController is not exist in project code
UserConnectionHandler : 0.83054775
PrivateerMissionTest : 0.84058255
StandardAIPlayerTest : 0.8191907
ColonyPlanTest : 0.7618148
IndianSettlementTest : 0.8166885
UnitSeekAndDestroyMissionTest : 0.8274281
BuildingTest : 0.79383457
FreeColMenuTest : 0.8347116
GoodsTest : 0.8258478
AIColonyTest : 0.81723595
FreeColTestUtils : 0.8500166
Game : 0.8412083
InGameControllerTest : 0.7855414
MoveTest : 0.8368299
ModifierTest : 0.8200585
Controller : 0.84864765
TransportMissionTest : 0.83184874
FreeColPanelUI : 0.807129
