GUI : 0.6967406
GoalDecider : 0.77926123
Map : 0.8441444
Unit : 0.8182383
UnitSeekAndDestroyMission : 0.82596993
Mission : 0.8228228
InGameController : 0.80485845
PrivateerMission : 0.82793915
TransportMission : 0.8229741
GotoAdjacentGoal : 0.8145727
CashInTreasureTrainMission : 0.83973056
PioneeringMission : 0.8146961
ScoutingMission : 0.82823205
ColopediaPanel : 0.82500017
ColonialAIPlayer : ColonialAIPlayer is not exist in project code
EuropeanAIPlayer : 0.8062681
StandardAIPlayer : StandardAIPlayer is not exist in project code
IdleAtColonyMission : 0.8341714
MapGenerator : 0.7794188
MapTest : 0.8177175
UnitWanderHostileMission : 0.8354234
CanvasMouseListener : 0.8236819
ManageMissionariesGoal : 0.80617744
Method : Method is not exist in project code
GotoTileAction : 0.8303491
CanvasMouseMotionListener : 0.83134586
UnitType : 0.83032936
BuildColonyMission : 0.82724017
CreateMissionAtSettlementGoal : 0.8075465
Player : 0.81429046
InGameInputHandler : 0.8060376
SelectDestinationDialog : 0.81519234
FreeColMenuTest : 0.8136676
Region : 0.84140384
Xml : 0.8105843
IndianAIPlayer : IndianAIPlayer is not exist in project code
ImageLibrary : 0.81153774
FileOptionUI : 0.82046586
CostDeciders : 0.8414176
UnitTypeChange : 0.82283753
DiplomacyMessage : 0.81047195
