ColonyPlan : 0.7987497
FreeColServer : 0.843703
ValuedAIObject : 0.8856141
AIColony : 0.79801434
AIUnit : 0.83901274
AIMain : 0.85914147
AIGoods : 0.82874775
Mission : 0.83188176
NewAIPlayer : NewAIPlayer is not exist in project code
AIPlayer : 0.8356954
IdleAtColonyMission : 0.8573995
CashInTreasureTrainMission : 0.8508837
ScoutingMission : 0.82914674
UnitWanderMission : 0.8546373
UnitWanderHostileMission : 0.85621744
GoodsWish : 0.83063704
Wish : 0.8528116
WorkInsideColonyMission : 0.85646415
PrivateerMission : 0.8213005
AIInGameInputHandler : 0.8293254
WishRealizationMission : 0.80938596
WorkLocationPlan : 0.8451749
PioneeringMission : 0.80311286
Transportable : 0.7886505
TransportMission : 0.80583453
IndianBringGiftMission : 0.812843
UnitSeekAndDestroyMission : 0.82204354
IndianDemandMission : 0.8064112
WorkerWish : 0.843559
DefendSettlementMission : 0.82826966
BuildColonyMission : 0.82161015
Goal : 0.81241024
ColonialAIPlayer : ColonialAIPlayer is not exist in project code
StandardAIPlayer : StandardAIPlayer is not exist in project code
Player : 0.8182479
TileImprovementPlan : 0.8273342
EuropeanAIPlayer : 0.7928716
InGameInputHandler : 0.80428636
UnitSeekAndDestroyMissionTest : 0.80301446
PrivateerMissionTest : 0.816532
MissionAssignmentTest : 0.8052023
