AIColony : 0.8132048
WishRealizationMission : 0.8286892
Transportable : 0.7718072
TransportMission : 0.8160803
AIPlayer : 0.82053787
AIUnit : 0.81849164
EuropeanAIPlayer : 0.81270933
StandardAIPlayer : StandardAIPlayer is not exist in project code
ColonialAIPlayer : ColonialAIPlayer is not exist in project code
Introspector : 0.8211297
AIGoods : 0.859489
Goal : 0.8075806
Wish : 0.8312062
GoodsLabel : 0.8522399
GoodsItem : GoodsItem is not exist in project code
WorkerWish : 0.85539424
BuyMessage : 0.8687413
SellPropositionMessage : 0.85786426
BuyPropositionMessage : 0.8634908
SellMessage : 0.860402
DeliverGiftMessage : 0.85177666
AIMain : 0.8303427
GoodsTradeItem : 0.8497033
REFAIPlayer : 0.79330444
FreeColGameObject : 0.8285788
Settlement : 0.83005214
GoodsForSaleMessage : 0.862633
DumpCargoDialog : 0.83746606
PioneeringMission : 0.8063817
Message : 0.83120114
FreeColProgressBar : 0.82235235
ReportProductionPanel : 0.8528595
Player : 0.812416
Colony : 0.81995094
InGameController : 0.80594075
IndianAIPlayer : IndianAIPlayer is not exist in project code
DefaultTransferHandler : 0.8133731
WorkLocationPlan : 0.86786085
Production : Production is not exist in project code
BuildableType : 0.8516324
TradeRouteInputDialog : 0.8170656
