ReportPanel : 0.8270809
WorkerWish : 0.84229887
Unit : 0.8221736
UnitData : UnitData is not exist in project code
UnitTypeChange : 0.83293426
Specification : 0.8060396
CompactLabourReport : 0.81968874
PlayerExploredTile : 0.8209955
InGameController : 0.8021523
ReportNavalPanel : 0.81143427
GoodsWish : 0.83248025
SchoolTest : 0.7918029
UnitTest : 0.7899696
DemotionTest : DemotionTest is not exist in project code
MissionAssignmentTest : 0.8153154
MovementTest : 0.8028069
ContactTest : 0.7986077
PioneeringMissionTest : 0.8328762
StandardAIPlayerTest : 0.8076577
FoundingFatherTest : 0.791986
BaseCostDeciderTest : 0.83365923
UnitSeekAndDestroyMissionTest : 0.81166226
CombatTest : 0.7698687
PrivateerMissionTest : 0.8180514
MapTest : 0.8060562
ColonyPlanTest : 0.7580267
ScoutingMissionTest : 0.820363
ServerPlayerTest : 0.8174903
AIColonyTest : 0.8053448
PlayerTest : 0.780381
InGameControllerTest : 0.7715781
TrainDialog : 0.82420677
EquipmentType : 0.836212
Colony : 0.8199171
ReportMilitaryPanel : 0.8158166
ReportCargoPanel : 0.8045325
LabourData : 0.8170784
AbstractUnit : 0.8377901
BuildingType : 0.8359881
FoundingFather : 0.81967795
MapEditorTransformPanel : 0.8081023
