AIUnit : 0.80193275
ManageMissionariesGoal : 0.8022845
CreateMissionAtSettlementGoal : 0.7978373
GotoAdjacentGoal : 0.7970234
ColonialAIPlayer : ColonialAIPlayer is not exist in project code
GoalDecider : 0.77270764
Map : 0.8034787
PathNode : 0.80530334
UnitSeekAndDestroyMission : 0.80440426
Mission : 0.8004909
CashInTreasureTrainMission : 0.8124496
ScoutingMission : 0.8053097
TransportMission : 0.7937262
EuropeanAIPlayer : 0.78735214
StandardAIPlayer : StandardAIPlayer is not exist in project code
GUI : 0.6805933
SelectDestinationDialog : 0.79147345
