BaseCostDeciderTest : 0.8464999
FreeColGameObject : 0.8432321
ColonyBuilder : ColonyBuilder is not exist in project code
MapBuilder : MapBuilder is not exist in project code
IndianSettlementBuilder : IndianSettlementBuilder is not exist in project code
FreeColClient : 0.8497225
Goods : 0.82644534
DiplomaticTrade : 0.830438
FreeColServer : 0.84165436
AIObject : 0.83861303
Region : 0.83986884
TradeItem : 0.7920204
FreeColTestCase : 0.8412082
InputHandler : 0.82019854
AIMain : 0.8381173
ColonyPlan : 0.81009734
PlayersTableModel : PlayersTableModel is not exist in project code
Canvas : 0.8193221
CanvasKeyListener : CanvasKeyListener is not exist in project code
UnitLabel : 0.8318095
StartGamePanel : 0.83217895
ServerInfo : 0.8435417
HighScore : 0.83252484
Resource : 0.8317333
GUI : 0.70162356
FreeColPanel : 0.80610704
FreeColServerHolder : 0.8480966
PlayerTest : 0.8122249
TileImprovement : 0.8337425
ModelMessage : 0.83428246
FreeColGameObjectType : 0.8211923
MockMapGenerator : 0.832018
FreeColTestUtils : 0.83145314
IMapGenerator : IMapGenerator is not exist in project code
FreeCol : 0.80869806
LostCityRumour : 0.82482684
Building : 0.8164318
ColonyTile : 0.82014394
Unit : 0.8167488
Settlement : 0.8310728
TileItem : 0.8326027
