QuitAction : 0.9263791
SaveAction : 0.9288177
MapEditorMenuBar : 0.874924
InGameMenuBar : 0.84733325
WindowedFrameListener : 0.85221493
ActionManager : 0.87556607
MainPanel : 0.8546814
Canvas : 0.86291087
InGameController : 0.8214045
FindSettlementDialog : 0.83241737
ColonyPanel : 0.83879775
FreeColServer : 0.8537191
FreeCol : 0.83289385
FreeColClient : 0.87987465
FreeColPanel : 0.8372669
GameOptionsDialog : 0.87876904
ColopediaPanel : 0.87317437
ReportPanel : 0.84295183
FreeColDialog : 0.86716014
VictoryPanel : 0.87387776
WarehouseDialog : 0.84641844
ViewMode : 0.86735785
GameOptions : 0.0
ClientTestHelper : 0.86756593
ConnectController : 0.8766136
SelectDestinationDialog : 0.83761704
Colony : 0.8146782
ClientOptionsDialog : 0.8767171
StartGamePanel : 0.8728702
MessageMerge : 0.83703595
MapEditorController : 0.89023197
WorkerCheck : 0.8654086
ShowMonarchPanelSwingTask : ShowMonarchPanelSwingTask is not exist in project code
DiplomacyMessage : 0.81189454
SwingTask : SwingTask is not exist in project code
InGameInputHandler : 0.83891135
MarketData : 0.82911605
FileOptionUI : 0.8786268
ScoutingMission : 0.83367884
TestJob : TestJob is not exist in project code
NewAction : 0.9336454
