MarketLabel : 0.87090915
Player : 0.8123758
EuropePanel : 0.8140725
MarketData : 0.8606127
ClientOptions : 0.75813234
MarketTest : 0.8319991
ProductionCache : 0.8372795
InGameInputHandler : 0.79560894
GoodsType : 0.8290078
MarketPanel : MarketPanel is not exist in project code
ServerPlayerTest : 0.8262928
InGameController : 0.8095698
FoundingFatherTest : 0.79346013
FreeColDragHandler : FreeColDragHandler is not exist in project code
UnitLabel : 0.8188405
Colony : 0.82017404
ColonyPlan : 0.8187596
DefaultTransferHandler : 0.81157297
Tile : 0.8228674
Monarch : 0.79404575
TransportMission : 0.80388266
DragListener : 0.81085813
IndianDemandMission : 0.81241715
PreGameController : 0.8411291
CargoPanel : 0.82528347
Unit : 0.81466585
Europe : 0.8054126
Mission : 0.8099178
ModelMessage : 0.8253807
ReportTradePanel : 0.80897206
StandardAIPlayer : StandardAIPlayer is not exist in project code
ReportTurnPanel : 0.817794
ColonialAIPlayer : ColonialAIPlayer is not exist in project code
AIInGameInputHandler : 0.81276804
SelectAmountDialog : 0.8260313
EuropeanAIPlayer : 0.80966574
AllTests : 0.8217194
ServerPlayer : 0.8026667
WorkLocationPlan : 0.85141486
FreeColServer : 0.82215583
FreeColLookAndFeel : 0.80572444
