AllTests : 0.8416247
BuildingPanel : 0.7879241
ColonyTest : 0.88595206
FoundingFatherTest : 0.8733634
ColonyPlanTest : 0.8586372
AIColonyTest : 0.87188804
TileTest : 0.85180426
Building : 0.7775315
ServerTestHelper : 0.781744
UnitTest : 0.88902783
ColonyProductionTest : 0.8921233
MovementTest : 0.885829
ClientTestHelper : 0.8184458
SchoolTest : 0.87005585
GoodsTest : 0.8472745
MapTest : 0.86321867
FreeColTestCase : 0.79383457
ColonyPanel : 0.79730666
IndianSettlementTest : 0.8653952
ColonyPlan : 0.79947376
CompactLabourReport : 0.78810346
ASingleBuildingPanel : ASingleBuildingPanel is not exist in project code
PlayerTest : 0.86522025
ModelMessageTest : 0.86504704
SpecificationTest : 0.83488685
Colony : 0.7861476
MarketTest : 0.7844501
BuildQueuePanel : 0.8257257
GoodsType : 0.75689274
Specification : 0.7755894
ColonyConsumptionTest : ColonyConsumptionTest is not exist in project code
BaseCostDeciderTest : 0.8336025
InGameControllerTest : 0.86815166
StandardAIPlayerTest : 0.86691856
ContactTest : 0.8672686
ScopeTest : 0.8556957
BuildingType : 0.7729917
BuildQueueTransferable : BuildQueueTransferable is not exist in project code
MissionAssignmentTest : 0.8542728
Unit : 0.77774656
BuildColonyAction : 0.7759771
