BuildingType : 0.829974
FreeColGameObjectType : 0.8308801
FeatureContainer : 0.81646764
PreCombatDialog : 0.80790037
Stop : Stop is not exist in project code
TradeRouteStop : 0.80874336
TradeRoute : 0.81555843
ModifierTest : 0.8096702
Specification : 0.7903328
ColopediaPanel : 0.80826515
FreeColPanel : 0.79452175
TileTest : 0.73312765
TileType : 0.8062225
SimpleCombatModel : 0.7762458
Features : Features is not exist in project code
Colony : 0.79765725
TileImprovementType : 0.82746696
Tension : 0.8330138
CombatTest : 0.7431484
CombatModel : 0.71441686
Player : 0.79794717
TileItemContainer : 0.80186135
PrivateerMission : 0.8018111
Unit : 0.7996204
TileImprovement : 0.83117944
FoundingFatherTest : 0.7724144
ResourceType : 0.84198767
SpecificationTest : 0.7800841
BuildingTest : 0.75188255
Settlement : 0.81934845
WorkProductionPanel : 0.8159526
GoodsType : 0.8179278
Tile : 0.80453646
EquipmentType : 0.82026935
Building : 0.81057394
UnitType : 0.83118725
MapEditorController : 0.8066003
GoldTradeItem : 0.8222956
FreeColActionUI : 0.7992868
ColonyTile : 0.7962063
Market : 0.80280304
