BuildingType : 0.829974
FreeColGameObjectType : 0.8308801
SimpleCombatModel : 0.7762458
FeatureContainer : 0.81646764
Tension : 0.8330138
TradeRoute : 0.81555843
Stop : Stop is not exist in project code
TradeRouteStop : 0.80874336
ModifierTest : 0.8096702
ColopediaPanel : 0.80826515
Specification : 0.7903328
ColonyTest : 0.7488999
FreeColPanel : 0.79452175
TileTest : 0.73312765
TileType : 0.8062225
Settlement : 0.81934845
Player : 0.79794717
TileImprovementType : 0.82746696
ModifierReader : ModifierReader is not exist in project code
Colony : 0.79765725
CombatTest : 0.7431484
CombatModel : 0.71441686
BuildingTest : 0.75188255
EquipmentType : 0.82026935
TileImprovement : 0.83117944
Stance : Stance is not exist in project code
Unit : 0.7996204
NationType : 0.8090341
FoundingFather : 0.8085029
SpecificationTest : 0.7800841
ColonyTile : 0.7962063
TileItemContainer : 0.80186135
PrivateerMission : 0.8018111
Building : 0.81057394
PreCombatDialog : 0.80790037
FoundingFatherTest : 0.7724144
UnitType : 0.83118725
GoodsType : 0.8179278
ResourceType : 0.84198767
IndianSettlement : 0.78949535
WorkProductionPanel : 0.8159526
