FreeColClient : 0.81903285
FreeColServer : 0.8170579
PlayersTableModel : PlayersTableModel is not exist in project code
UnitLabel : 0.81111825
ServerTestHelper : 0.8208067
FreeColPanel : 0.78328186
PreGameController : 0.85158277
UnloadAction : 0.80403626
MapControlsAction : 0.79187
ClientTestHelper : 0.841861
SaveLoadTest : 0.82205445
Canvas : 0.8010348
OpenAction : 0.8191451
SaveAndQuitAction : 0.8214045
SaveAction : 0.82263935
Game : 0.82273525
StartGamePanel : 0.8041623
DebugAction : 0.80625767
AllTests : 0.8236336
ReportTurnAction : 0.8203934
InGameMenuBar : 0.79998714
WaitAction : 0.8054412
BuildColonyAction : 0.8114949
EndTurnAction : 0.8087221
DisbandUnitAction : 0.81148
ExecuteGotoOrdersAction : 0.8347411
PreGameInputHandler : 0.83729357
InGameInputHandler : 0.8369354
DeclareIndependenceAction : 0.81519395
ImprovementAction : 0.81589365
ServerListPanel : 0.80363125
NewPanel : 0.7980767
ClientOptions : 0.7483315
MoveTest : 0.82257855
InGameControllerTest : 0.7888235
ShowGameOptionsAction : 0.79391897
AIMain : 0.81047314
ColonyBuilder : ColonyBuilder is not exist in project code
FreeColGameObject : 0.81495893
IndianSettlementBuilder : IndianSettlementBuilder is not exist in project code
MapBuilder : MapBuilder is not exist in project code
