VideoComponent : 0.8283456
FreeColMenuBar : 0.832163
FreeColPanel : 0.8310895
UnitButton : 0.8280014
Canvas : 0.81509346
MiniMap : 0.83231705
FreeColProgressBar : 0.8358362
ImageLibrary : 0.8400283
DisplayBordersAction : 0.8144091
FreeColActionUI : 0.8243885
AboutPanel : 0.71285486
SentryAction : 0.821661
SkipUnitAction : 0.8011707
WaitAction : 0.80312574
FortifyAction : 0.7884944
BuildColonyAction : 0.807106
ColorCellRenderer : 0.8619654
GUI : 0.7093855
FreeColPanelUI : 0.81792545
FreeColPopupMenuUI : 0.8252053
FreeColTextAreaUI : 0.83822525
FreeColListUI : 0.83982086
FreeColMenuBarUI : 0.82667357
FreeColTextFieldUI : 0.8356396
FreeColBrightPanelUI : 0.8293443
ReportTurnPanel : 0.8288471
FreeColMenuTest : 0.8356028
MiniMapZoomInAction : 0.83400804
DisbandUnitAction : 0.8015878
MiniMapZoomOutAction : 0.8342061
ImprovementAction : 0.80755466
InfoPanel : 0.82990074
UnitLabel : 0.8201756
ColopediaPanel : 0.8515182
MapEditorController : 0.8317085
FreeCol : 0.7953577
ColopediaTreeCellRenderer : 0.84873855
CargoPanel : 0.823763
ActionManager : 0.8204813
MapConverter : 0.82954824
ImageAnimationEventImpl : ImageAnimationEventImpl is not exist in project code
