Tile : 0.8468521
TileTest : 0.7641571
GUI : 0.7063178
PlayerExploredTile : 0.81460655
River : 0.82807624
TileItemContainerTest : 0.8374569
MovementTest : 0.8232682
ImageLibrary : 0.8285533
ServerListTableModel : ServerListTableModel is not exist in project code
TileItem : 0.84441537
Colony : 0.8204556
RiverTransform : RiverTransform is not exist in project code
ScaleMapAction : 0.83853304
TilePopup : 0.8443067
ResourceTransform : ResourceTransform is not exist in project code
ColonyPlan : 0.81442684
Canvas : 0.81821406
TerrainGenerator : 0.83840245
TileImprovementType : 0.83664465
PioneeringMissionTest : 0.83526444
InGameController : 0.8106077
DiplomaticTrade : 0.82695186
ChoiceItem : 0.8253219
ProductionCache : 0.83179235
ColonyTile : 0.8323729
CanvasMapEditorMouseListener : 0.81492555
TileInfoPanel : TileInfoPanel is not exist in project code
Unit : 0.81596184
MapTest : 0.8346893
SimpleMapGenerator : 0.83793074
InGameMenuBar : 0.81830126
Settlement : 0.83080196
DragListener : 0.8225964
GoalDecider : 0.75391626
ReportTurnPanel : 0.8259087
TileType : 0.82193005
ColopediaPanel : 0.83803105
ShowConfirmDialogSwingTask : ShowConfirmDialogSwingTask is not exist in project code
PathNode : 0.8325724
TerrainCursor : 0.8261733
RemoveChange : RemoveChange is not exist in project code
