MockMapGenerator : 0.83785933
Game : 0.8335821
CanvasMouseMotionListener : 0.828357
ScrollThread : ScrollThread is not exist in project code
River : 0.8346505
LandGenerator : 0.8561863
MiniMap : 0.8342386
PlayersTableModel : PlayersTableModel is not exist in project code
TransactionSession : 0.81363213
FreeColClient : 0.8388855
ResourceManager : 0.83085215
FreeColServer : 0.8314346
MapControlsAction : 0.8350858
TypeCountMap : 0.8431937
Canvas : 0.8223827
LanguageOption : 0.82008076
ResourceMapping : 0.84855837
MapControls : 0.84629804
GUI : 0.7071243
SerializationTest : 0.6673229
NumberRules : 0.8224684
ClientOptions : 0.76208705
OptionGroup : 0.8243723
TileType : 0.8199513
Tile : 0.8433631
EuropeanNationType : 0.8063011
FreeColTestCase : 0.83979106
InGameController : 0.80823946
MapEditorController : 0.8359703
Specification : 0.79755
NewEmptyMapAction : 0.8461714
CanvasMapEditorMouseListener : 0.82469106
ScaleMapAction : 0.8416961
Colony : 0.81733364
TerrainGenerator : 0.84187865
Event : 0.838397
ImageResource : 0.82782316
FeatureContainer : 0.82643825
ReportLabourPanel : 0.81226176
DefaultNumberRule : 0.8276043
ChipResource : 0.8179747
