BuildingPanel : 0.8232278
BuildQueuePanel : 0.8181284
CompactLabourReport : 0.8090749
ColonyPanel : 0.7954191
ColonyPlan : 0.8126702
ASingleBuildingPanel : ASingleBuildingPanel is not exist in project code
Colony : 0.82539326
GoodsType : 0.8206378
Modifier : 0.8105739
SetBuildQueueMessage : 0.81478405
Consumer : 0.75439525
Specification : 0.80062115
AIColonyTest : 0.8074173
ColonyPlanTest : 0.7522433
Unit : 0.8154495
BuildQueue : 0.84098244
BuildingType : 0.8331868
BuildQueueTransferable : BuildQueueTransferable is not exist in project code
ColonyTest : 0.7804022
ServerBuildingTest : 0.76636934
InGameControllerTest : 0.76359177
MissionAssignmentTest : 0.80676466
BuildingTest : 0.7775315
ServerColonyTest : 0.8032996
SchoolTest : 0.7890853
BuildColonyAction : 0.81939566
BuildingsPanel : BuildingsPanel is not exist in project code
BuildableType : 0.83480906
ColopediaPanel : 0.806569
ProductionCache : 0.82873136
TileTest : 0.7386425
ServerUnitTest : 0.790409
UnitTest : 0.78232723
ConstructionPanel : 0.79554474
PayForBuildingMessage : 0.8082952
BuildColonyMessage : 0.837612
JoinColonyMessage : 0.8224048
DefaultBuildQueueCellRenderer : DefaultBuildQueueCellRenderer is not exist in project code
InstallerTranslations : 0.7301199
ColonyWas : 0.7932677
ServerBuilding : 0.8110539
