MarketLabel : 0.87090915
Player : 0.8123758
MarketData : 0.8606127
EuropePanel : 0.8140725
MarketPanel : MarketPanel is not exist in project code
ServerPlayer : 0.8026667
ProductionCache : 0.8372795
GoodsType : 0.8290078
ServerPlayerTest : 0.8262928
InGameController : 0.8095698
FoundingFatherTest : 0.79346013
TransactionLog : TransactionLog is not exist in project code
Colony : 0.82017404
FreeColDragHandler : FreeColDragHandler is not exist in project code
UnitLabel : 0.8188405
MarketTest : 0.8319991
ColonyPlan : 0.8187596
DefaultTransferHandler : 0.81157297
Tile : 0.8228674
Mission : 0.8099178
TransportMission : 0.80388266
DragListener : 0.81085813
ReportTurnPanel : 0.817794
IndianDemandMission : 0.81241715
SelectDestinationDialog : 0.8318536
CargoPanel : 0.82528347
PreGameController : 0.8411291
Europe : 0.8054126
ServerUnit : 0.8248358
ModelMessage : 0.8253807
ReportTradePanel : 0.80897206
StandardAIPlayer : StandardAIPlayer is not exist in project code
ColonialAIPlayer : ColonialAIPlayer is not exist in project code
TileTest : 0.7559542
SelectAmountDialog : 0.8260313
EuropeanAIPlayer : 0.80966574
WorkLocationPlan : 0.85141486
AllTests : 0.8217194
FreeColLookAndFeel : 0.80572444
FreeColServer : 0.82215583
ServerColony : 0.8235884
