ServerTestHelper : 0.8471237
ColonyBuilder : ColonyBuilder is not exist in project code
FreeCol : 0.8084326
SaveLoadTest : 0.8447789
SpecificationTest : 0.8098099
ServerModelController : ServerModelController is not exist in project code
FreeColMenuBar : 0.8182176
PreGameController : 0.8659766
AIMain : 0.8337359
GUI : 0.70333964
MapControls : 0.83772266
MiniMap : 0.81949353
FreeColAction : 0.8267033
InGameController : 0.8207452
TilePopup : 0.8411954
FreeColServerHolder : 0.84796536
UserConnectionHandler : 0.83054775
Canvas : 0.8254456
DebugMenu : 0.83282083
InputHandler : 0.82271147
ClientModelController : ClientModelController is not exist in project code
ConnectController : 0.84055096
ActionManager : 0.8318728
ServerIndianSettlementTest : 0.82694554
SoundTest : 0.8285989
TileTest : 0.7581702
GameTest : 0.815277
Mods : 0.8362048
FreeColMenuTest : 0.8347116
MoveTest : 0.8368299
SettlementTest : 0.8338668
IndianSettlementTest : 0.8166885
FreeColClient : 0.84917367
ObjectChange : ObjectChange is not exist in project code
OwnedChange : OwnedChange is not exist in project code
ReceivingThread : 0.8273229
FreeColActionUI : 0.8106237
FreeColPanelUI : 0.807129
RemoveChange : RemoveChange is not exist in project code
FreeColGameObjectType : 0.8172597
Controller : 0.84864765
