UnitWas : 0.82085514
ReportPanel : 0.8270809
WorkerWish : 0.84229887
Unit : 0.8221736
UnitData : UnitData is not exist in project code
UnitTypeChange : 0.83293426
PlayerExploredTile : 0.8209955
CompactLabourReport : 0.81968874
Specification : 0.8060396
ReportNavalPanel : 0.81143427
ServerIndianSettlementTest : 0.8102355
ScopeTest : 0.8101368
GoodsWish : 0.83248025
SchoolTest : 0.7918029
ServerBuildingTest : 0.76809657
ScoutingMissionTest : 0.820363
ServerUnitTest : 0.796751
CombatTest : 0.7698687
ServerColonyTest : 0.7985223
MissionAssignmentTest : 0.8153154
FoundingFatherTest : 0.791986
PrivateerMissionTest : 0.8180514
InGameControllerTest : 0.7715781
TransportMissionTest : 0.8075911
MovementTest : 0.8028069
ContactTest : 0.7986077
AIColonyTest : 0.8053448
UnitTest : 0.7899696
BaseCostDeciderTest : 0.83365923
PlayerTest : 0.780381
ServerPlayerTest : 0.8174903
TileTest : 0.74755013
MoveTest : 0.8165488
StandardAIPlayerTest : 0.8076577
REFTest : 0.8307985
MapTest : 0.8060562
UnitSeekAndDestroyMissionTest : 0.81166226
GoodsTest : 0.8071928
PioneeringMissionTest : 0.8328762
TrainDialog : 0.82420677
TrainUnitInEuropeMessage : 0.8235694
