FoundingFatherPanel : FoundingFatherPanel is not exist in project code
NationSummary : 0.8124639
AIPlayer : 0.8095347
Player : 0.8007762
Specification : 0.79283077
ChooseFoundingFatherDialog : 0.7837443
ShowSelectFoundingFatherSwingTask : ShowSelectFoundingFatherSwingTask is not exist in project code
StandardAIPlayer : StandardAIPlayer is not exist in project code
ColonialAIPlayer : ColonialAIPlayer is not exist in project code
ColopediaPanel : 0.80567247
AIInGameInputHandler : 0.80281466
ImageLibrary : 0.8040991
ServerPlayer : 0.78241307
InGameInputHandler : 0.79113936
FoundingFatherTest : 0.7793901
InGameController : 0.7920117
ChangeSet : 0.7917078
InGameControllerTest : 0.7581064
SpecificationTest : 0.78423023
ReportContinentalCongressPanel : 0.7539777
Modifier : 0.80850285
Building : 0.8138941
UnitTest : 0.77404284
CombatTest : 0.7558306
PlayerTest : 0.76548755
StringOption : 0.8184748
Operand : 0.82331717
BuildingTest : 0.7606735
DebugMenu : 0.79517716
Colony : 0.80376786
AllTests : 0.811744
FSGConverter : 0.8027858
IntegerOption : 0.82665694
OptionGroup : 0.8132441
ReportForeignAffairPanel : 0.0
TranslationReport : 0.7984463
Unit : 0.80303097
FAFileResource : 0.81314915
AbstractOption : 0.8181905
River : 0.79294527
FeatureContainer : 0.8140223
