ModelMessage : 0.84812397
HistoryEvent : 0.8352931
Canvas : 0.8003787
Unit : 0.79450494
GoodsType : 0.8026073
Messages : 0.83787364
FreeColPanel : 0.80380005
GoodsItem : GoodsItem is not exist in project code
ConstructionPanel : 0.79604393
Colony : 0.7978725
IndianSettlement : 0.78465146
Europe : 0.7974352
Building : 0.8116349
Region : 0.82192
ProductionMultiplesLabel : ProductionMultiplesLabel is not exist in project code
ColonyTile : 0.80421436
Location : 0.7749602
MessagesTest : 0.8249454
Turn : 0.779281
Goods : 0.81438863
SerializationTest : 0.6610409
Player : 0.79500467
Tile : 0.80839914
Modifier : 0.821129
InGameController : 0.7847822
ServerPlayer : 0.7746559
TileItemContainer : 0.8166777
SettlementRenderer : SettlementRenderer is not exist in project code
TransactionLog : TransactionLog is not exist in project code
ProductionLabel : 0.8220587
ConfirmDeclarationDialog : 0.80787134
TilePopup : 0.7988433
InGameMenuBar : 0.7893019
StanceChange : StanceChange is not exist in project code
ServerUnit : 0.7970773
BuildQueuePanel : 0.8095355
IndianSettlementPanel : 0.79219455
PreCombatDialog : 0.82544816
ReportRequirementsPanel : 0.7980304
ASingleTilePanel : ASingleTilePanel is not exist in project code
ReportCargoPanel : 0.7857425
