IntegerOptionUI : 0.8726673
Specification : 0.8089317
Game : 0.83215475
OptionGroup : 0.86445564
SimpleMapGenerator : 0.81918454
TerrainGenerator : 0.8189491
FreeColServer : 0.83933514
FreeColAction : 0.85521156
FreeCol : 0.81808674
OptionGroupUI : 0.852267
PercentageOptionUI : 0.0
SelectOption : 0.87074214
Unit : 0.8156782
Monarch : 0.8015092
Europe : 0.8194005
ServerEurope : 0.8126484
Relation : 0.8327087
MapGeneratorTest : 0.7906335
RangeOptionUI : 0.8480596
LandGenerator : 0.83928794
FileOption : 0.8787579
LanguageOption : 0.84421104
Animations : 0.8061645
BooleanOptionUI : 0.8625229
LanguageOptionUI : 0.8413655
SelectOptionUI : 0.8590898
StringOptionUI : 0.85728276
FileOptionUI : 0.84146893
Colony : 0.81394666
ReportLabourAction : 0.8095459
RangeOption : 0.8795394
ProductionMultiplesLabel : ProductionMultiplesLabel is not exist in project code
ProductionLabel : 0.85299927
ListOptionUI : 0.8354353
AudioMixerOptionUI : 0.8341055
SerializationTest : 0.6725308
TypeCountMap : 0.8796607
Operand : 0.8644277
Player : 0.8176386
Canvas : 0.81684977
FreeColClient : 0.84329665
