ServerModelController : ServerModelController is not exist in project code
AIMain : 0.8391658
FreeColServerHolder : 0.85128605
UserConnectionHandler : 0.8393894
SaveLoadTest : 0.8446227
ServerTestHelper : 0.8524468
Controller : 0.84808785
Server : 0.8429336
AIInGameInputHandler : 0.8337574
FreeColClient : 0.8548913
FreeCol : 0.8237226
PreGameController : 0.8620275
ConnectController : 0.844523
InGameController : 0.8170579
InputHandler : 0.82460874
ServerInfo : 0.8505461
ChatMessage : 0.8385527
ClientTestHelper : 0.8499811
AIPlayer : 0.8320073
NewAIPlayer : NewAIPlayer is not exist in project code
NewPanel : 0.8227739
MonarchActionMessage : 0.8241206
DisconnectHandler : DisconnectHandler is not exist in project code
MapEditorController : 0.8401362
GUI : 0.70573556
ServerGame : 0.8327701
MapConverter : 0.8244868
DisbandUnitMessage : 0.8391746
DisembarkMessage : 0.8388949
UpdateCurrentStopMessage : 0.83766764
LoadCargoMessage : 0.80826724
ClearSpecialityMessage : 0.8418974
SetDestinationMessage : 0.8450979
GetNationSummaryMessage : 0.8166578
PayArrearsMessage : 0.8311933
PayForBuildingMessage : 0.80586296
SetGoodsLevelsMessage : 0.7963862
InGameInputHandler : 0.82664067
FreeColMenuBar : 0.81748194
MapControls : 0.83281624
MiniMap : 0.8143739
