MapGeneratorOptionsDialog : 0.8606199
OptionsDialog : 0.85843086
OptionGroupUI : 0.87670964
FreeColActionUI : 0.84265375
GameOptionsDialog : 0.86856556
SelectOptionUI : 0.92578745
IntegerOptionUI : 0.8941947
AudioMixerOptionUI : 0.8771759
StringOptionUI : 0.9262229
LanguageOptionUI : 0.9083452
FreeColLookAndFeel : 0.829564
RangeOptionUI : 0.8733969
PercentageOptionUI : 0.0
ListOptionUI : 0.86541504
FileOptionUI : 0.86888254
Canvas : 0.84051067
Specification : 0.7893643
ClientOptions : 0.75099087
Game : 0.81822884
BooleanOption : 0.8792197
OptionGroup : 0.8587787
OptionTest : 0.8068356
InGameController : 0.7833001
FreeCol : 0.80062497
ChoiceItem : 0.8730066
FreeColAction : 0.8474405
FreeColMenuItemUI : 0.86933166
FreeColScrollPaneUI : 0.8691384
FreeColLabelUI : 0.8711488
FreeColRadioButtonUI : 0.8735781
FreeColTableHeaderUI : 0.8486172
FreeColCheckBoxUI : 0.8752205
FreeColListUI : 0.87916344
FreeColComboBoxUI : 0.8966625
FreeColTableUI : 0.86759704
FreeColPanelUI : 0.84760463
DifficultyDialog : 0.8629968
Option : 0.812327
FileOption : 0.86173606
WarehousePanel : WarehousePanel is not exist in project code
FreeColButtonUI : 0.8473796
