ClientOptions : 0.7695795
AudioMixerOption : 0.84994423
SoundPlayer : 0.84198743
SoundTest : 0.83881325
OptionGroupUI : 0.85667896
OptionsDialog : 0.8600094
FreeColActionUI : 0.8536521
OptionGroup : 0.8388262
MapGeneratorOptionsDialog : 0.8586768
FreeColClient : 0.84363437
FreeColLookAndFeel : 0.82958376
MixerWrapper : MixerWrapper is not exist in project code
IntegerOptionUI : 0.87479496
PercentageOptionUI : 0.0
StringOptionUI : 0.8801018
LanguageOptionUI : 0.8602484
ListOptionUI : 0.86509347
SelectOptionUI : 0.87990034
FileOptionUI : 0.8742182
BooleanOptionUI : 0.8771759
RangeOptionUI : 0.820372
GameOptionsDialog : 0.8560749
Nation : 0.7953594
AudioResource : 0.8290613
ResourceManager : 0.8284442
FreeCol : 0.80186075
SoundPlayerThread : SoundPlayerThread is not exist in project code
FreeColMenuItemUI : 0.8605011
FreeColScrollPaneUI : 0.8607484
FreeColLabelUI : 0.8622068
FreeColRadioButtonUI : 0.8628776
FreeColTableHeaderUI : 0.8482109
FreeColCheckBoxUI : 0.8627613
FreeColListUI : 0.8664204
FreeColComboBoxUI : 0.8737739
FreeColTableUI : 0.8576888
FreeColPanelUI : 0.8319041
DifficultyDialog : 0.84874666
WarehousePanel : WarehousePanel is not exist in project code
FreeColButtonUI : 0.8519098
PopulationPanel : PopulationPanel is not exist in project code
