InGameControllerTest : 0.8027751
Game : 0.7950056
ServerGame : 0.79968673
CombatModel : 0.78526455
CombatTest : 0.8027404
ClientOptions : 0.753117
FreeColTestCase : 0.7920085
StandardAIPlayer : StandardAIPlayer is not exist in project code
NewAIPlayer : NewAIPlayer is not exist in project code
ColonialAIPlayer : ColonialAIPlayer is not exist in project code
PrivateerMission : 0.808411
UnitImageAnimation : 0.7839722
SZAResource : 0.7677947
EquipmentType : 0.79401106
DefendSettlementMission : 0.78716177
ServerPlayer : 0.8021148
ServerUnit : 0.80887574
Mission : 0.78833914
CombatOdds : CombatOdds is not exist in project code
HighScore : 0.7863414
Colony : 0.786109
River : 0.7863206
SimpleMapGenerator : 0.79912186
ChangeSet : 0.77351433
PreCombatDialog : 0.7794731
Canvas : 0.7736995
IndianSettlement : 0.7840613
TilePopup : 0.8147402
BuildingToolTip : 0.76908106
ColopediaPanel : 0.7854223
Tile : 0.7868863
ResourceManager : 0.7643477
ModelMessage : 0.7737026
MoveTest : 0.8063762
NationSummary : 0.81211954
TransportMissionTest : 0.81228346
MapGeneratorTest : 0.8045576
IndianSettlementBuilder : IndianSettlementBuilder is not exist in project code
SimpleZippedAnimation : 0.76867217
InGameController : 0.79673016
Unit : 0.78690964
