Level : Level is not exist in project code
BuildableType : 0.818014
Event : 0.84058136
FreeCol : 0.78882146
GoodsType : 0.8007532
Feature : 0.81897616
Tension : 0.8094577
RandomRange : 0.8311856
LimitTest : 0.7675512
UnitTypeChange : 0.81404144
TerrainGenerator : 0.79774415
InGameController : 0.78312516
Stance : Stance is not exist in project code
Modifier : 0.81835496
Map : 0.8147425
LandGenerator : 0.8166676
GoodsContainer : 0.79435486
DeclareIndependenceMessage : 0.81545496
ServerGame : 0.799987
Colony : 0.7937566
Resource : 0.82620907
BuildQueuePanel : 0.7940772
ModifierTest : 0.79758185
ServerUnit : 0.79470915
Monarch : 0.7843618
InGameControllerTest : 0.7363829
ServerColony : 0.79345286
MissionAssignmentTest : 0.7822537
ServerUnitTest : 0.7669203
GoodsLabel : 0.800231
IndianDemandMission : 0.7930308
Mission : 0.80383337
AllTests : 0.8024977
StandardAIPlayer : StandardAIPlayer is not exist in project code
ServerPlayer : 0.77338785
IndianAIPlayer : IndianAIPlayer is not exist in project code
