StringOptionUI : 0.86710817
MessageType : MessageType is not exist in project code
AbstractOption : 0.8703282
OptionGroup : 0.8660166
ListOption : 0.87190527
ClientOptions : 0.7688817
ShowGameOptionsAction : 0.8179209
Specification : 0.8032043
MapGeneratorOptions : 0.8106901
IntegerOption : 0.86935884
OptionsDialog : 0.8515786
ShowMapGeneratorOptionsAction : 0.82928526
NewLandNameMessage : 0.8279012
FreeCol : 0.80874074
OptionGroupUI : 0.8545682
EmbarkMessage : 0.8254456
FreeColServer : 0.8314485
SelectOptionUI : 0.86331415
BooleanOptionUI : 0.85985917
GameOptions : 0.0
AudioMixerOption : 0.8487648
GameOptionsDialog : 0.86113775
Option : 0.80203676
NationOptions : 0.81114703
MapGeneratorOptionsDialog : 0.8518497
FreeColAction : 0.84586877
SelectOption : 0.87330073
PercentageOption : 0.8639678
FileOption : 0.8725589
LanguageOption : 0.8461244
BooleanOption : 0.869278
RangeOption : 0.8678961
IntegerOptionUI : 0.85654277
EuropeanNationType : 0.8215544
ServerEurope : 0.81269133
RangeOptionUI : 0.83242005
LanguageOptionUI : 0.847574
FileOptionUI : 0.8458088
PercentageOptionUI : 0.0
ListOptionElement : ListOptionElement is not exist in project code
OptionReader : OptionReader is not exist in project code
