MapBuilder : MapBuilder is not exist in project code
Tile : 0.817994
TileTypeTransform : TileTypeTransform is not exist in project code
TilePanel : 0.80415154
TileImprovement : 0.825567
TerrainGenerator : 0.813952
Specification : 0.79992193
TileImprovementType : 0.82542473
TileImprovementPlan : 0.8092932
TileTest : 0.75139695
InGameControllerTest : 0.7680652
MovementTest : 0.79943115
MoveTest : 0.80892044
ServerUnitTest : 0.79423106
CombatTest : 0.7659935
UnitTest : 0.78409326
PrivateerMissionTest : 0.81275266
ServerPlayerTest : 0.81248564
ContactTest : 0.79213256
ServerColonyTest : 0.79952747
MapTest : 0.8055075
ServerIndianSettlementTest : 0.80969083
TensionTest : 0.8218116
AIColonyTest : 0.8057842
ColonyPlanTest : 0.75906867
TransportMissionTest : 0.8044537
GoodsTest : 0.807957
MissionAssignmentTest : 0.8055632
ImprovementAction : 0.803698
TileItemContainer : 0.8219301
FreeColTestCase : 0.81614923
Unit : 0.80673695
AIColony : 0.7923686
Resource : 0.82498443
ClientOptions : 0.7553959
LostCityRumour : 0.81674933
ColonyPlan : 0.8059486
GUI : 0.6946867
Canvas : 0.79893225
IndianSettlement : 0.79942834
River : 0.80023295
