FreeColPanel : 0.8240072
FreeColClient : 0.8304311
IndianDemandMessage : 0.8003041
TransactionSession : 0.7997167
Player : 0.794763
ReceivingThread : 0.807731
FreeCol : 0.80652255
ServerModelController : ServerModelController is not exist in project code
FreeColMenuBar : 0.8251321
PreGameController : 0.83636254
AIMain : 0.8197303
GUI : 0.7093491
MapControls : 0.83518076
MiniMap : 0.8207417
FreeColAction : 0.83128643
InGameController : 0.784304
TilePopup : 0.82226795
FreeColServerHolder : 0.8308828
UserConnectionHandler : 0.81284904
Canvas : 0.8222319
DebugMenu : 0.8233387
InputHandler : 0.8072058
ClientModelController : ClientModelController is not exist in project code
ConnectController : 0.82235944
ActionManager : 0.83003336
SpySettlementMessage : 0.80710226
ObjectChange : ObjectChange is not exist in project code
OwnedChange : OwnedChange is not exist in project code
SaveLoadTest : 0.8109147
FreeColActionUI : 0.82336205
ServerTestHelper : 0.82018405
FreeColPanelUI : 0.8205758
RemoveChange : RemoveChange is not exist in project code
FreeColGameObjectType : 0.81152225
Controller : 0.8396393
Game : 0.8100895
FreeColButtonUI : 0.8257129
Server : 0.8176188
MapEditorController : 0.8345733
AIInGameInputHandler : 0.8047859
FreeColGameObjectListener : 0.76902586
