ResourceManager : 0.85102344
ImageLibrary : 0.82991636
PreGameController : 0.8219031
ResourceFactory : 0.83699346
GUI : 0.6976438
ResourceMapping : 0.8405998
Resource : 0.83662057
Tile : 0.8101435
FreeColDataFile : 0.8143907
TileItem : 0.8300166
TileTest : 0.74620855
VideoResource : 0.8293269
AudioResource : 0.82843864
FontResource : 0.83206505
FAFileResource : 0.8162587
TileItemContainer : 0.81212133
ColorResource : 0.8593718
Specification : 0.77580166
Nation : 0.7918272
ImageResource : 0.8419225
SZAResource : 0.8416206
Messages : 0.8006475
TileType : 0.79750776
TileImprovementType : 0.81415665
ColopediaPanel : 0.83029675
ResourceType : 0.8139067
TerrainGenerator : 0.8126279
ResourceTransform : ResourceTransform is not exist in project code
SoundTest : 0.81244797
FreeColImageBorder : 0.8424979
FreeColLookAndFeel : 0.81440955
FreeColPanel : 0.81783265
FreeColTcFile : 0.8083655
BuildingToolTip : 0.7898764
FreeColListUI : 0.8414092
SignaturePanel : SignaturePanel is not exist in project code
DefaultBuildQueueCellRenderer : DefaultBuildQueueCellRenderer is not exist in project code
MiniMap : 0.8396661
FreeColAction : 0.8236396
FreeColClient : 0.8297149
BuildingSitePanel : BuildingSitePanel is not exist in project code
