Nation : 0.8119483
FreeColImageBorder : 0.8395578
FreeColPanel : 0.8229967
ImageLibrary : 0.8328237
BuildingToolTip : 0.796267
ColopediaPanel : 0.8470209
ChipResource : 0.85102344
SoundTest : 0.83496195
FreeColLookAndFeel : 0.82181305
SignaturePanel : SignaturePanel is not exist in project code
DefaultBuildQueueCellRenderer : DefaultBuildQueueCellRenderer is not exist in project code
MiniMap : 0.8341268
FreeColAction : 0.8396648
PreGameController : 0.8483944
BuildingSitePanel : BuildingSitePanel is not exist in project code
DeclarationDialog : 0.8490237
FreeColClient : 0.851748
FreeColTcFile : 0.8418652
InformationDialog : 0.85928816
BuildingPanel : 0.83928335
FreeColMenuBar : 0.8419304
GoodsLabel : 0.82301044
ResourceMapping : 0.8756134
Resource : 0.86414105
Tile : 0.82554793
EventPanel : 0.84574735
GUI : 0.7082121
ConnectController : 0.8417687
FreeColDataFile : 0.8522032
TileItem : 0.83056384
TileTest : 0.75886035
VideoResource : 0.84377694
AudioResource : 0.8420299
FontResource : 0.83932894
FAFileResource : 0.83030134
TileItemContainer : 0.8285447
ColorResource : 0.845293
Specification : 0.79890406
WindowedFrame : 0.85104644
ColorCellRenderer : 0.8388937
PlayersTableModel : PlayersTableModel is not exist in project code
