ScrollThread : ScrollThread is not exist in project code
CanvasMouseMotionListener : 0.6954542
TilePopup : 0.7280988
ViewMode : 0.70707035
DebugMenu : 0.72408414
CanvasMapEditorMouseListener : 0.70730114
FreeColClient : 0.72406
CanvasMouseListener : 0.72635394
Canvas : 0.73212606
ClientOptions : 0.6843903
LoadAction : 0.6938566
AssignTradeRouteAction : 0.7146891
UnitMoveAnimationCanvasSwingTask : UnitMoveAnimationCanvasSwingTask is not exist in project code
UnitAttackAnimationCanvasSwingTask : UnitAttackAnimationCanvasSwingTask is not exist in project code
TilePopupAction : 0.76037645
MapControls : 0.7384334
GUIMessage : 0.71221155
FreeColMenuTest : 0.70655125
GotoTileAction : 0.7446509
ChangeAction : 0.72128606
AllTests : 0.7104031
TileTest : 0.6562835
InGameController : 0.6869939
UnitImageAnimation : 0.72451854
UnloadAction : 0.70549935
ToggleViewModeAction : 0.73011553
UnitAction : 0.72446126
CenterAction : 0.7320376
Europe : 0.6880688
PreGameController : 0.7061847
UnitMoveAnimation : 0.73019123
InGameInputHandler : 0.73314226
MapEditorController : 0.72442585
MoveAction : 0.7081736
GotoAction : 0.73811597
FortifyAction : 0.7155139
SkipUnitAction : 0.751924
ZoomInAction : 0.7241175
RenameAction : 0.7511346
ZoomOutAction : 0.72294366
OutForAnimationCallback : 0.6733874
FindSettlementDialog : 0.71087766
TilePanel : 0.7387383
ClearOrdersAction : 0.74497867
SentryAction : 0.74404335
DisplayTileTextAction : 0.73799026
MiniMap : 0.72661453
FreeColAction : 0.70983654
InfoPanel : 0.7329371
ImprovementAction : 0.71423584
Language : Language is not exist in project code
BuildingSitePanel : BuildingSitePanel is not exist in project code
BuildColonyAction : 0.7427852
MapControlsAction : 0.7237192
ColonyPanel : 0.70561975
ReportPanel : 0.7154557
ConnectController : 0.7030825
ColonyTile : 0.7005422
NewEmptyMapAction : 0.75321513
ConstructionPanel : 0.69256943
UnitLabel : 0.7094758
EndTurnPanel : EndTurnPanel is not exist in project code
UnitAttackAnimation : 0.68711627
FreeColLookAndFeel : 0.7093491
BuildingSiteToolTip : BuildingSiteToolTip is not exist in project code
ScaleMapAction : 0.72005314
ProductionMultiplesLabel : ProductionMultiplesLabel is not exist in project code
ProductionLabel : 0.7106504
TileInfoPanel : TileInfoPanel is not exist in project code
WorkProductionPanel : 0.6755784
