ShowNegotiationDialogSwingTask : ShowNegotiationDialogSwingTask is not exist in project code
NegotiationDialog : 0.8341749
DiplomacyMessage : 0.8224392
AIPlayer : 0.82387984
AIInGameInputHandler : 0.818764
Canvas : 0.8123292
InGameController : 0.8133552
StandardAIPlayer : StandardAIPlayer is not exist in project code
InGameInputHandler : 0.8094656
ColonialAIPlayer : ColonialAIPlayer is not exist in project code
TradeRoute : 0.8388594
NetworkConstants : 0.79629195
MarketData : 0.8457102
TradeItem : 0.79805684
Unit : 0.8135964
AssignTradeRouteMessage : 0.863083
Player : 0.8154305
SetTradeRoutesMessage : 0.8452539
UpdateTradeRouteMessage : 0.8532106
GoodsType : 0.8206201
GoodsTradeItem : 0.83683056
ReportTradeAction : 0.8473041
TradeRouteAction : 0.85124856
StanceTradeItem : 0.82968086
UnitTradeItem : 0.83453447
MockModelController : 0.86374015
ColonyTradeItem : 0.7930639
GoldTradeItem : 0.8321114
TradeRouteDialog : 0.81762177
AssignTradeRouteAction : 0.83690006
TradeRouteInputDialog : 0.8005884
GoodsForSaleMessage : 0.8511907
ChangeSet : 0.80993915
TradeRouteStop : 0.8370747
BaseCostDeciderTest : 0.8312241
Market : 0.84076107
IndianSettlement : 0.81566185
MessagesTest : 0.80421484
NewAIPlayer : NewAIPlayer is not exist in project code
FoundingFatherTest : 0.7896862
DeliverGiftMessage : 0.83262813
