FreeColPanelUI : 0.81326914
FreeColButtonUI : 0.8478167
FreeColMenuItemUI : 0.8558251
FreeColScrollPaneUI : 0.8570207
FreeColLabelUI : 0.8578259
FreeColRadioButtonUI : 0.85688454
FreeColTableHeaderUI : 0.8532641
FreeColCheckBoxUI : 0.857035
FreeColListUI : 0.8598203
FreeColComboBoxUI : 0.85908806
FreeColTableUI : 0.8543307
FreeColTransparentPanelUI : 0.8333981
FreeColPopupMenuUI : 0.82485604
FreeColBrightPanelUI : 0.8260418
FreeColMenuBarUI : 0.82573384
FreeColToolTipUI : 0.84390706
FreeColTextFieldUI : 0.84989107
FreeColTextAreaUI : 0.8499056
FreeColLookAndFeel : 0.823362
OptionGroupUI : 0.8501821
OptionsDialog : 0.8541554
ActionManager : 0.84015495
UnitButton : 0.8539489
Canvas : 0.8232406
ReportHighScoresAction : 0.84392965
NewEmptyMapAction : 0.8473645
ReportReligionAction : 0.81466293
DeclareIndependenceAction : 0.8086982
ShowDifficultyAction : 0.81521
ReportLabourAction : 0.80338675
ReportContinentalCongressAction : 0.8116092
GotoTileAction : 0.82615083
ReportForeignAction : 0.82627827
ClearOrdersAction : 0.8137576
ZoomInAction : 0.84341997
PreferencesAction : 0.8351708
ReconnectAction : 0.8396085
ScaleMapAction : 0.84556973
ChangeAction : 0.84503484
QuitAction : 0.8305611
CenterAction : 0.82724094
