AllTests : 0.8132423
Game : 0.7726527
SimpleCombatModel : 0.80274045
PrivateerMission : 0.7894336
InGameControllerTest : 0.86333257
CombatModel : 0.74059033
EquipmentType : 0.7791296
CombatOdds : CombatOdds is not exist in project code
ServerTestHelper : 0.7623601
TransportMissionTest : 0.84474564
ClientTestHelper : 0.78574437
Canvas : 0.75193536
ClientOptions : 0.7652258
Tile : 0.7670162
FreeColTestCase : 0.7728602
MarketTest : 0.77955794
ScopeTest : 0.8194246
InGameController : 0.7750115
StandardAIPlayer : StandardAIPlayer is not exist in project code
NewAIPlayer : NewAIPlayer is not exist in project code
ColonialAIPlayer : ColonialAIPlayer is not exist in project code
Unit : 0.77017516
ServerGame : 0.77033526
PrivateerMissionTest : 0.8247963
ServerPlayer : 0.7834338
SerializationTest : 0.6724012
SaveLoadTest : 0.7745207
DefendSettlementMission : 0.7674577
ModifierTest : 0.79062593
ColonyPlanTest : 0.8605894
ScoutingMissionTest : 0.8242747
UnitSeekAndDestroyMissionTest : 0.82106125
ContactTest : 0.84351456
ServerPlayerTest : 0.8478351
REFTest : 0.8290852
AIColonyTest : 0.8664516
MissionAssignmentTest : 0.84619534
StandardAIPlayerTest : 0.85611665
TensionTest : 0.81585205
PioneeringMissionTest : 0.822029
MoveTest : 0.8150551
