NegotiationDialog : 0.8211809
ShowNegotiationDialogSwingTask : ShowNegotiationDialogSwingTask is not exist in project code
DefendSettlementMission : 0.82970184
GoodsTradeItem : 0.8296065
Tile : 0.83402383
IndianSettlement : 0.813526
EditSettlementDialog : 0.81157476
PlayerExploredTile : 0.8247877
Player : 0.8175693
Europe : 0.8143705
ColonyTile : 0.82596713
ImageLibrary : 0.8229799
ClaimLandMessage : 0.84267354
Unit : 0.82024693
BuyMessage : 0.842058
CloseTransactionMessage : 0.8391936
DeliverGiftMessage : 0.82651937
NationSummary : 0.82644767
GetTransactionMessage : 0.84284407
BuyPropositionMessage : 0.8370879
GoodsForSaleMessage : 0.83800894
Colony : 0.8216464
SellPropositionMessage : 0.8357782
SellMessage : 0.83741474
IndianNationType : 0.81357276
DiplomacyMessage : 0.81757146
IndianSettlementBuilder : IndianSettlementBuilder is not exist in project code
Territory : Territory is not exist in project code
CreateMissionAtSettlementGoal : 0.8069176
Location : 0.7831351
FindSettlementDialog : 0.81875384
MapGeneratorOptions : 0.80664206
Building : 0.8288607
NationType : 0.8256111
Canvas : 0.81065035
CostDeciders : 0.83472246
InGameController : 0.8110522
Game : 0.8310728
InciteMessage : 0.83524364
Tension : 0.81466395
FindSettlementAction : 0.83163434
