FreeColActionUI : 0.84600276
ActionManager : 0.84460884
UnitButton : 0.8557521
Canvas : 0.825705
ReportHighScoresAction : 0.8542655
NewEmptyMapAction : 0.8514635
ReportReligionAction : 0.83161235
DeclareIndependenceAction : 0.82576644
ShowDifficultyAction : 0.8316004
ReportLabourAction : 0.8198763
ReportContinentalCongressAction : 0.83080256
GotoTileAction : 0.84163666
ReportForeignAction : 0.84215546
ClearOrdersAction : 0.8291788
ZoomInAction : 0.84137374
PreferencesAction : 0.8458192
ReconnectAction : 0.85467595
ScaleMapAction : 0.8405919
ChangeAction : 0.8497909
QuitAction : 0.8410481
CenterAction : 0.84214693
ReportRequirementsAction : 0.8405732
ToggleViewModeAction : 0.85177636
ChatAction : 0.8105828
SaveAndQuitAction : 0.8619242
TradeRouteAction : 0.8458297
SelectableAction : 0.85476327
LoadAction : 0.82838064
ReportCargoAction : 0.8419269
NewAction : 0.85580134
ShowMainAction : 0.8499588
RenameAction : 0.83306044
UnloadAction : 0.8220078
SaveAction : 0.85598975
ReportProductionAction : 0.83999515
GotoAction : 0.84231466
AssignTradeRouteAction : 0.82403153
ReportTurnAction : 0.84245867
ReportNavalAction : 0.8486225
TilePopupAction : 0.8377406
ReportColonyAction : 0.852266
