AIUnit : 0.81958497
PrivateerMissionTest : 0.87865394
AllTests : 0.86061037
ScoutingMissionTest : 0.88124007
PioneeringMissionTest : 0.8873421
TileImprovementPlan : 0.8160297
Wish : 0.8107563
ProductionCache : 0.82167804
Player : 0.8118216
PrivateerMission : 0.8403572
TransportMission : 0.8165227
UnitSeekAndDestroyMissionTest : 0.8811421
TransportMissionTest : 0.88465565
IndianAIPlayer : IndianAIPlayer is not exist in project code
StandardAIPlayer : StandardAIPlayer is not exist in project code
InGameControllerTest : 0.8514024
AIColonyTest : 0.875917
AssignTradeRouteAction : 0.82443035
SchoolTest : 0.8517215
ServerTestHelper : 0.83577573
PioneeringMission : 0.82995206
ColonialAIPlayer : ColonialAIPlayer is not exist in project code
ScoutingMission : 0.8237329
AssignTradeRouteMessage : 0.82427585
AssignTeacherMessage : 0.8172908
REFAIPlayer : 0.8257663
ClientTestHelper : 0.85139275
InGameController : 0.8268552
BuildColonyMission : 0.8254034
IndianDemandMission : 0.82858014
GUI : 0.69648236
Mission : 0.8155442
CashInTreasureTrainMission : 0.8179971
IdleAtColonyMission : 0.8259358
UnitWanderHostileMission : 0.8276338
UnitWanderMission : 0.8278973
WorkInsideColonyMission : 0.81550926
ServerUnitTest : 0.8800169
DefendSettlementMission : 0.82044864
MarketTest : 0.8296901
IndianBringGiftMission : 0.82617134
