OptionsDialog : 0.8598583
AbstractOption : 0.87495923
FreeColActionUI : 0.82265973
Specification : 0.80817884
TerrainGenerator : 0.8082753
SimpleMapGenerator : 0.8114586
MockMapGenerator : 0.81986874
LandGenerator : 0.81947887
OptionGroupUI : 0.8702953
ListOption : 0.87209344
Game : 0.8277617
OptionReader : OptionReader is not exist in project code
Canvas : 0.8163072
IntegerOption : 0.86445564
MapGenerator : 0.77859807
StringOption : 0.86601657
ClientOptions : 0.7693805
MapEditorTransformPanel : 0.8149818
OptionTest : 0.8284141
PreGameController : 0.840511
DifficultyDialog : 0.84329313
NewPanel : 0.8246479
PreGameInputHandler : 0.82421464
MapGeneratorOptionsDialog : 0.8636313
EuropeanNationType : 0.81602925
GameOptionsDialog : 0.869222
MapEditorController : 0.82176465
FreeCol : 0.80356413
FreeColGameObjectType : 0.8287248
BlinkingLabel : BlinkingLabel is not exist in project code
SerializationTest : 0.67325854
ReportTurnPanel : 0.835624
TileType : 0.8135599
BooleanOptionUI : 0.85877866
LanguageOptionUI : 0.84597373
SelectOptionUI : 0.86228234
StringOptionUI : 0.86150074
FileOptionUI : 0.8457424
PercentageOptionUI : 0.0
RangeOptionUI : 0.8348525
IntegerOptionUI : 0.85464495
