FreeCol : 0.82177526
OptionGroup : 0.87495923
BooleanOptionUI : 0.8623767
LanguageOptionUI : 0.8461291
SelectOptionUI : 0.86116433
StringOptionUI : 0.8621735
FileOptionUI : 0.8481813
PercentageOptionUI : 0.0
RangeOptionUI : 0.83121973
IntegerOptionUI : 0.85828084
ListOptionUI : 0.84487677
AudioMixerOptionUI : 0.84068006
OptionGroupUI : 0.86464536
Specification : 0.8094287
Canvas : 0.8176993
FreeColClient : 0.8453123
PlayersTableModel : PlayersTableModel is not exist in project code
StartGamePanel : 0.8217087
FreeColActionUI : 0.83235717
MessageType : MessageType is not exist in project code
ListOption : 0.8735916
Game : 0.8310309
TerrainGenerator : 0.8114424
SimpleMapGenerator : 0.8151702
MockMapGenerator : 0.8231314
LandGenerator : 0.8288751
SoundPlayer : 0.82015246
OptionsDialog : 0.8584592
OptionUpdater : 0.81067634
ClientOptions : 0.77979445
IntegerOption : 0.87310725
MapGenerator : 0.7875591
ListOptionSelector : ListOptionSelector is not exist in project code
StringOption : 0.8703281
ShowGameOptionsAction : 0.82138544
MapGeneratorOptionsDialog : 0.85804707
MapGeneratorOptions : 0.82255566
OptionTest : 0.82542276
SoundTest : 0.82677877
PreGameController : 0.84464914
ShowMapGeneratorOptionsAction : 0.83554757
