ColonyPlan : 0.8037559
FreeColServer : 0.8391658
AIObject : 0.8591414
AIInGameInputHandler : 0.8373991
Mission : 0.8233513
ValuedAIObject : 0.85281086
AIPlayer : 0.8338206
AIGoods : 0.8240144
Wish : 0.8376566
GoodsWish : 0.83034277
UnitWanderMission : 0.83763045
ScoutingMission : 0.81834424
UnitWanderHostileMission : 0.8405172
CashInTreasureTrainMission : 0.8343577
IdleAtColonyMission : 0.8453971
AIUnit : 0.8264972
AIColony : 0.8102885
StandardAIPlayer : StandardAIPlayer is not exist in project code
NewAIPlayer : NewAIPlayer is not exist in project code
ColonialAIPlayer : ColonialAIPlayer is not exist in project code
PrivateerMission : 0.8267951
WorkInsideColonyMission : 0.8431084
WishRealizationMission : 0.8165687
WorkerWish : 0.84122336
TileImprovementPlan : 0.8184556
TransportMission : 0.8116086
IndianBringGiftMission : 0.8166711
WorkLocationPlan : 0.8339315
PioneeringMission : 0.8127532
BuildColonyMission : 0.82337624
DefendSettlementMission : 0.82503164
UnitSeekAndDestroyMission : 0.82279176
IndianDemandMission : 0.81089485
TransportMissionTest : 0.8138515
EuropeanAIPlayer : 0.8101263
ColonyPlanTest : 0.7493496
UnitSeekAndDestroyMissionTest : 0.80983734
PrivateerMissionTest : 0.82358074
MissionAssignmentTest : 0.81465787
Player : 0.8140764
ScoutingMissionTest : 0.8188386
