FreeColServer : 0.82664067
FreeColClient : 0.8368175
AIInGameInputHandler : 0.85461384
PreGameInputHandler : 0.89200294
InputHandler : 0.8694426
InGameController : 0.83693534
SwingTask : SwingTask is not exist in project code
PreGameController : 0.8713566
CargoPanel : 0.81181836
Connection : 0.83879066
EuropePanel : 0.8230542
ColonyPanel : 0.79875106
MetaServer : 0.8402299
DummyConnection : 0.82742757
TradeRouteInputDialog : 0.8084194
Rule : 0.7716089
UserConnectionHandler : 0.8668633
Building : 0.7895906
FreeColGameObject : 0.8316896
BuildQueuePanel : 0.81826943
Player : 0.7965305
Monarch : 0.7915617
FreeColNetworkInputStream : FreeColNetworkInputStream is not exist in project code
CREatingInputStream : CREatingInputStream is not exist in project code
ConnectController : 0.8584117
Settlement : 0.80427134
TileItem : 0.80420077
Market : 0.795609
Map : 0.80903983
Unit : 0.7961186
ColonyTile : 0.80281276
Europe : 0.78245944
IndianSettlement : 0.78886795
Region : 0.80956036
MarketData : 0.7839561
Colony : 0.7978608
DefaultTransferHandler : 0.8027374
Server : 0.8433603
ScaleMapAction : 0.8197074
XMLStream : 0.82004946
Client : 0.84543157
