ColopediaTreeItem : 0.85324
Specification : 0.7942773
Colony : 0.8043689
Scope : 0.8456909
BuildingType : 0.82715005
Feature : 0.822331
ObjectChange : ObjectChange is not exist in project code
RemoveChange : RemoveChange is not exist in project code
ColopediaPanel : 0.8170605
Game : 0.8211924
FreeColGameObjectListener : 0.793125
FeatureContainer : 0.8350727
FreeColGameObject : 0.832456
AIMain : 0.8286514
ImageLibrary : 0.8173052
ColonyPlan : 0.787797
AIUnit : 0.81719303
AIColony : 0.78414756
ClientOptions : 0.74473333
TileType : 0.81110615
ServerGame : 0.8006631
Modifier : 0.83088005
Ability : 0.78530616
ColonyTile : 0.8120545
Building : 0.82114124
GoodsContainer : 0.79846144
TransactionSession : 0.8160907
ModelMessage : 0.839707
ReportPanel : 0.815393
AIPlayer : 0.8148735
NewAIPlayer : NewAIPlayer is not exist in project code
PreGameController : 0.82522833
Market : 0.8019707
TypeReader : TypeReader is not exist in project code
TilePopup : 0.8013433
TileTest : 0.711391
SetBuildQueueMessage : 0.8085106
GUI : 0.7008454
MockMapGenerator : 0.82749176
Unit : 0.80406976
CombatModel : 0.7294546
