GoodsItem : GoodsItem is not exist in project code
GoodsLabel : 0.84782517
IndianDemandMessage : 0.82901007
AIGoods : 0.8351703
SellMessage : 0.841964
LoadCargoMessage : 0.82860667
UnloadCargoMessage : 0.8135058
DeliverGiftMessage : 0.8369157
BuyMessage : 0.8504555
SellPropositionMessage : 0.84154874
BuyPropositionMessage : 0.84609383
GoodsTradeItem : 0.8351133
LootCargoMessage : 0.8271633
TradeItem : 0.7886918
Settlement : 0.8303099
GoodsForSaleMessage : 0.8430532
DumpCargoDialog : 0.8109727
ReportProductionPanel : 0.8333824
FreeColProgressBar : 0.80914366
IndianSettlement : 0.8105159
GoodsContainer : 0.8391432
Player : 0.8119029
Colony : 0.8178002
GoodsType : 0.8211984
Tile : 0.8293618
TradeRouteStop : 0.8442905
TileType : 0.8217112
CargoLabel : CargoLabel is not exist in project code
ProductionTree : ProductionTree is not exist in project code
AbstractGoods : 0.8433216
SellGoodsMessage : 0.8386941
Entry : Entry is not exist in project code
BuildableType : 0.8354094
TileImprovementType : 0.8272028
WarehouseGoodsPanel : WarehouseGoodsPanel is not exist in project code
Europe : 0.8068672
Production : Production is not exist in project code
WorkLocationPlan : 0.84717005
BuyGoodsMessage : 0.844684
GoodsWish : 0.8498653
ColonyTile : 0.82075596
