MarketLabel : 0.83393735
FreeColProgressBar : 0.8113991
GoodsContainer : 0.81842095
IndianSettlement : 0.8033033
CargoLabel : CargoLabel is not exist in project code
SellGoodsMessage : 0.8210855
Entry : Entry is not exist in project code
TileImprovementType : 0.82333
WarehouseGoodsPanel : WarehouseGoodsPanel is not exist in project code
Production : Production is not exist in project code
ReportProductionPanel : 0.80604064
WorkLocationPlan : 0.8403713
BuyGoodsMessage : 0.8259124
GoodsWish : 0.83334434
UnitWas : 0.80689406
Specification : 0.79592365
ProductionLabel : 0.8325278
ProductionMultiplesLabel : ProductionMultiplesLabel is not exist in project code
MarketData : 0.8432076
Player : 0.8045647
ColonyTest : 0.7637145
ServerColonyTest : 0.78488725
ReportTradePanel : 0.7993003
Settlement : 0.822852
TileTest : 0.7360191
GoodsContainerTest : 0.77810323
TileImprovement : 0.82244545
AbstractGoods : 0.8416332
PlayerExploredTile : 0.8112139
Resource : 0.8291287
Unit : 0.80621916
BaseCostDeciderTest : 0.8165835
WorkLocation : 0.8024415
ColonyPlanTest : 0.74710923
InGameControllerTest : 0.75485945
AIColonyTest : 0.79152477
IndianSettlementTest : 0.7752815
ServerBuildingTest : 0.7482406
ServerPlayerTest : 0.80012995
StandardAIPlayerTest : 0.78833
ServerIndianSettlementTest : 0.7963699
