TileImprovement : 0.82307607
ResourceManager : 0.81048805
MapGeneratorOptions : 0.8048893
RiverSection : 0.81928957
TerrainGenerator : 0.84282404
TileItemContainer : 0.82807624
Tile : 0.8230884
RiverTransform : RiverTransform is not exist in project code
TileTest : 0.76016617
ImageLibrary : 0.8024241
RiverStylePanel : 0.8099098
MovementTest : 0.82194054
MapEditorTransformPanel : 0.83058226
CanvasMapEditorMouseListener : 0.81113344
TileItemContainerTest : 0.8316828
GUI : 0.6821353
FreeColTcFile : 0.80712175
ScaleMapAction : 0.8208552
