ServerModelController : ServerModelController is not exist in project code
FreeColMenuBar : 0.8128309
PreGameController : 0.8274542
AIMain : 0.8082274
GUI : 0.70515245
MapControls : 0.81714976
MiniMap : 0.80469817
FreeColAction : 0.82303923
InGameController : 0.7706776
TilePopup : 0.80646086
FreeColServerHolder : 0.8261933
UserConnectionHandler : 0.8127623
Canvas : 0.798719
DebugMenu : 0.80825704
InputHandler : 0.7943996
ClientModelController : ClientModelController is not exist in project code
ConnectController : 0.82876855
ActionManager : 0.82069576
FreeColClient : 0.8425877
ObjectChange : ObjectChange is not exist in project code
OwnedChange : OwnedChange is not exist in project code
SaveLoadTest : 0.8269773
ReceivingThread : 0.8235452
FreeColActionUI : 0.8144592
ServerTestHelper : 0.8291254
FreeColPanelUI : 0.7955271
RemoveChange : RemoveChange is not exist in project code
FreeColGameObjectType : 0.79934657
Controller : 0.8339328
FreeColLookAndFeel : 0.80652255
Game : 0.80869806
FreeColButtonUI : 0.803218
Server : 0.8286902
MapEditorController : 0.82831365
AIInGameInputHandler : 0.79719776
FreeColGameObjectListener : 0.7489983
Message : 0.81723255
ReportHighScoresAction : 0.81051093
NewEmptyMapAction : 0.82047766
ReportReligionAction : 0.7946835
DeclareIndependenceAction : 0.798912
