ResourceMapping : 0.89912105
Tile : 0.83053726
FreeColDataFile : 0.8602148
TileItem : 0.8828092
TileTest : 0.72722435
VideoResource : 0.87765545
AudioResource : 0.8828226
FontResource : 0.8627938
FAFileResource : 0.8828595
ChipResource : 0.8366206
TileItemContainer : 0.8297286
ColorResource : 0.86676055
Specification : 0.7994889
ResourceManager : 0.86414105
Nation : 0.83693
ImageResource : 0.84199965
SZAResource : 0.865247
ResourceFactory : 0.89280754
Messages : 0.8169585
TileType : 0.82498455
TileImprovementType : 0.837903
ColopediaPanel : 0.83009934
ResourceType : 0.85733545
TerrainGenerator : 0.80991715
ResourceTransform : ResourceTransform is not exist in project code
SoundTest : 0.81258166
FreeColImageBorder : 0.82132936
ImageLibrary : 0.83272517
FreeColLookAndFeel : 0.8345501
FreeColPanel : 0.8133794
FreeColTcFile : 0.8715765
PreGameController : 0.83667785
BuildingToolTip : 0.7782221
FreeColListUI : 0.8505431
SignaturePanel : SignaturePanel is not exist in project code
DefaultBuildQueueCellRenderer : DefaultBuildQueueCellRenderer is not exist in project code
MiniMap : 0.82895696
FreeColAction : 0.84613955
FreeColClient : 0.85635257
BuildingSitePanel : BuildingSitePanel is not exist in project code
TileItemContainerTest : 0.7744274
