MapControls : 0.8635545
MiniMapZoomInAction : 0.8645127
MiniMapZoomOutAction : 0.8648498
MapEditorController : 0.8532298
MockMapGenerator : 0.827922
ScrollThread : ScrollThread is not exist in project code
Game : 0.8098744
CanvasMouseMotionListener : 0.8618075
ActionManager : 0.83242327
River : 0.800595
LandGenerator : 0.8417527
PlayersTableModel : PlayersTableModel is not exist in project code
TransactionSession : 0.7989783
FreeColClient : 0.8385355
ResourceManager : 0.8341267
MapControlsAction : 0.8598695
TypeCountMap : 0.81419414
LanguageOption : 0.7962084
FreeColServer : 0.8143739
Canvas : 0.8320063
ResourceMapping : 0.8296501
GUI : 0.72661453
SerializationTest : 0.6456118
NumberRules : 0.7930304
ClientOptions : 0.7620559
OptionGroup : 0.8016664
TileType : 0.79355955
Tile : 0.82166713
EuropeanNationType : 0.7723178
FreeColTestCase : 0.81949353
Specification : 0.769134
InGameController : 0.7779221
NewEmptyMapAction : 0.863459
Map : 0.8342385
CanvasMapEditorMouseListener : 0.8596426
ScaleMapAction : 0.8560677
Colony : 0.7882115
TerrainGenerator : 0.81981516
Event : 0.81761634
DefaultNumberRule : 0.7938362
ChipResource : 0.83966607
