ColorCellEditor : 0.822806
FullScreenFrame : 0.84424037
StatusPanel : 0.85515666
CaptureGoodsDialog : 0.8279801
EventPanel : 0.849768
GoodsLabel : 0.82959527
FreeColClient : 0.8421322
WindowedFrame : 0.84272397
WindowedFrameListener : 0.8207524
CanvasMouseListener : 0.8277272
DefaultTransferHandler : 0.8314459
InGameInputHandler : 0.8097645
InGameController : 0.80103475
PreGameInputHandler : 0.81576055
PreGameController : 0.84821373
CanvasMouseMotionListener : 0.82374334
CanvasKeyListener : CanvasKeyListener is not exist in project code
FreeColMenuBar : 0.83383924
ConnectController : 0.8366735
TilePopup : 0.8412085
InputHandler : 0.81276804
MarketLabel : 0.82953227
GUI : 0.73212606
UnitLabel : 0.8328886
TilePanel : 0.85269874
MainPanel : 0.8346986
QuitDialog : QuitDialog is not exist in project code
VictoryPanel : 0.8510705
ErrorPanel : 0.84608555
ChatPanel : 0.83923715
ChooseFoundingFatherDialog : 0.8343261
NewPanel : 0.82498574
FreeColGameObject : 0.8217999
ColonyPanel : 0.8285647
EuropePanel : 0.8337488
StartGamePanel : 0.84168017
ASingleTilePanel : ASingleTilePanel is not exist in project code
FreeColLookAndFeel : 0.8222319
