FreeColMenuBar : 0.8462296
PreGameController : 0.87210464
GUI : 0.72406006
MapControls : 0.85749006
MiniMap : 0.8385355
FreeColAction : 0.84903723
InGameController : 0.8190328
TilePopup : 0.85048395
Canvas : 0.8421322
DebugMenu : 0.8477606
InputHandler : 0.8352605
ClientModelController : ClientModelController is not exist in project code
ConnectController : 0.86552435
FreeCol : 0.8425877
ActionManager : 0.852863
MapEditorController : 0.86618316
ReportHighScoresAction : 0.86279374
NewEmptyMapAction : 0.8637378
ReportReligionAction : 0.8394551
DeclareIndependenceAction : 0.8487529
ShowDifficultyAction : 0.85120744
ReportLabourAction : 0.8304366
ReportContinentalCongressAction : 0.83994627
GotoTileAction : 0.8562842
ReportForeignAction : 0.848593
ClearOrdersAction : 0.8442748
ZoomInAction : 0.85405606
PreferencesAction : 0.8569834
ReconnectAction : 0.86330134
ScaleMapAction : 0.85539156
ChangeAction : 0.8626304
QuitAction : 0.85215557
CenterAction : 0.84550166
ReportRequirementsAction : 0.8505385
ToggleViewModeAction : 0.85787153
ChatAction : 0.82984656
SaveAndQuitAction : 0.8798747
TradeRouteAction : 0.85501796
SelectableAction : 0.8666261
LoadAction : 0.84431416
ReportCargoAction : 0.84755635
