BuildQueuePanel : 0.827648
Player : 0.8137126
FreeColGameObjectType : 0.8350727
Settlement : 0.82781655
Feature : 0.83188224
ModifierTest : 0.8451689
Building : 0.819109
GoodsType : 0.80254847
Colony : 0.8169297
Unit : 0.81305003
ColonyTest : 0.77805275
ColopediaPanel : 0.82997257
EuropeanNationType : 0.8095136
UnitType : 0.82492524
TileType : 0.8101606
ResourceType : 0.83288527
FoundingFatherTest : 0.8240058
ServerPlayer : 0.8090517
EquipmentType : 0.8296511
TileImprovementType : 0.82282585
IndianNationType : 0.80983275
BuildingTest : 0.7804803
BuildingType : 0.8152971
SimpleCombatModel : 0.80404705
ColonyTile : 0.81307
AIPlayer : 0.8217114
UnitTypeChange : 0.8287453
RandomRange : 0.82736295
InGameController : 0.81751746
Resource : 0.8171835
ServerPlayerTest : 0.81557524
IndianSettlement : 0.8011506
Tile : 0.8264583
Europe : 0.8041946
CargoPanel : 0.8179786
ServerColony : 0.8262005
ServerBuildingTest : 0.77046174
UnitTest : 0.7981404
ResourceMapping : 0.85027057
TypeCountMap : 0.845818
TileItemContainer : 0.8272427
