ClientOptions : 0.77168554
FreeColModFile : 0.8660881
Relation : 0.8032969
ResourceManager : 0.84967345
FreeCol : 0.8248492
ModInfo : ModInfo is not exist in project code
ModDescriptor : ModDescriptor is not exist in project code
Messages : 0.843568
Player : 0.8129594
FreeColTcFile : 0.8818718
CLDRTest : 0.77981806
ListOptionUI : 0.83977914
SpecificationTest : 0.817741
NewPanel : 0.82162356
SimpleCombatModel : 0.7885439
FreeColClient : 0.85104674
LostCityRumour : 0.82303303
