ClientOptions : 0.7487201
REFAIPlayer : 0.810263
EuropeanAIPlayer : 0.81632185
ColonialAIPlayer : ColonialAIPlayer is not exist in project code
StandardAIPlayer : StandardAIPlayer is not exist in project code
AIPlayer : 0.81144434
IndianDemandMessage : 0.8172336
AIUnit : 0.8134993
IndianAIPlayer : IndianAIPlayer is not exist in project code
AIMessage : 0.785214
IndianBringGiftMission : 0.8362276
Player : 0.7996972
InGameInputHandler : 0.79939455
AIInGameInputHandler : 0.8114777
InGameController : 0.8052948
ScoutingMissionTest : 0.82447517
CreateMissionAtSettlementGoal : 0.8064263
MissionaryMessage : 0.83214396
DemandTributeMessage : 0.8252592
InGameControllerTest : 0.788587
MissionAssignmentTest : 0.82858014
TensionTest : 0.83154476
ServerPlayer : 0.8013237
NegotiationDialog : 0.8046892
PioneeringMission : 0.8176884
PrivateerMission : 0.8295336
Unit : 0.8056007
NationType : 0.8068329
IndianSettlement : 0.8040718
ReportIndianPanel : 0.82718307
EditSettlementDialog : 0.797736
IndianSettlementBuilder : IndianSettlementBuilder is not exist in project code
GUI : 0.69030964
Mission : 0.8136682
Canvas : 0.79588705
Specification : 0.7828178
ReportIndianAction : 0.7761011
EquipmentType : 0.81409323
CashInTreasureTrainMission : 0.8153723
IdleAtColonyMission : 0.82456195
UnitWanderHostileMission : 0.8259476
