FreeColClient : 0.8497225
Goods : 0.82644534
DiplomaticTrade : 0.830438
ColonyBuilder : ColonyBuilder is not exist in project code
FreeColGameObject : 0.8432321
IndianSettlementBuilder : IndianSettlementBuilder is not exist in project code
MapBuilder : MapBuilder is not exist in project code
BaseCostDeciderTest : 0.8464999
FreeColServer : 0.84165436
Region : 0.83986884
AIObject : 0.83861303
TradeItem : 0.7920204
FreeColTestCase : 0.8412082
Player : 0.8222428
ColonyPlan : 0.81009734
Unit : 0.8167488
AIMain : 0.8381173
InputHandler : 0.82019854
ColonyTile : 0.82014394
StartGamePanel : 0.83217895
PlayersTableModel : PlayersTableModel is not exist in project code
Canvas : 0.8193221
UnitLabel : 0.8318095
ServerInfo : 0.8435417
HighScore : 0.83252484
Resource : 0.8317333
ServerTestHelper : 0.8439171
FreeColPanel : 0.80610704
Building : 0.8164318
FreeColServerHolder : 0.8480966
GUI : 0.70162356
MockMapGenerator : 0.832018
PrivateerMissionTest : 0.8313103
ResourceManager : 0.82801926
IndianDemandMessage : 0.82626176
ServerColony : 0.8287513
TileImprovement : 0.8337425
ServerPlayer : 0.8142974
ServerBuilding : 0.8239582
ServerEurope : 0.8192722
ServerColonyTile : 0.843582
