NewPanel : 0.8317083
ServerListPanel : 0.8673305
FreeColClient : 0.86552435
ReconnectSwingTask : ReconnectSwingTask is not exist in project code
ReceivingThread : 0.85723966
ClientTestHelper : 0.88923526
ServerPlayer : 0.8119885
ReconnectAction : 0.8570088
ChatMessage : 0.8436228
Server : 0.85856277
MetaServer : 0.8632065
UserConnectionHandler : 0.8668221
PayArrearsMessage : 0.8260895
DisbandUnitMessage : 0.83477354
DisembarkMessage : 0.83214295
UpdateCurrentStopMessage : 0.8324292
LoadCargoMessage : 0.81125957
ClearSpecialityMessage : 0.8350271
DebugAction : 0.84836465
Tile : 0.8244826
NewAIPlayer : NewAIPlayer is not exist in project code
River : 0.8159204
InGameController : 0.8255344
FreeColServer : 0.8445229
InGameInputHandler : 0.8584118
DeliverGiftMessage : 0.8221839
CashInTreasureTrainMessage : 0.8256367
PayForBuildingMessage : 0.81203985
SetGoodsLevelsMessage : 0.807572
GoodsForSaleMessage : 0.8274253
GetTransactionMessage : 0.8394577
PutOutsideColonyMessage : 0.83037233
ChangeWorkTypeMessage : 0.84005487
TrainUnitInEuropeMessage : 0.80776346
GetNationSummaryMessage : 0.8161307
SetDestinationMessage : 0.84864825
UnloadCargoMessage : 0.79153204
CloseTransactionMessage : 0.83906114
LootCargoMessage : 0.81903446
MoveToAmericaMessage : MoveToAmericaMessage is not exist in project code
RenameMessage : 0.8482464
