NationOptions : 0.79372525
FeatureContainer : 0.80524975
Limit : 0.780138
FreeColGameObjectType : 0.7942773
Game : 0.8058447
Event : 0.8069947
Nation : 0.796916
ResourceType : 0.8077864
BuildableType : 0.81746167
TileType : 0.7999219
GoodsType : 0.7959237
FreeColServer : 0.8021448
EquipmentType : 0.8047573
FreeColModFile : 0.7973239
FreeColTestCase : 0.8005595
FreeColObject : 0.796138
EuropeanNationType : 0.7862107
DifficultyDialog : 0.7974086
InGameController : 0.7800352
IndianNationType : 0.79186386
FreeColPanel : 0.7784232
FreeColGameObject : 0.8029017
Canvas : 0.78509957
SettlementType : 0.79879934
ActionManager : 0.8022902
TileImprovementType : 0.80336666
FoundingFather : 0.79283077
NationType : 0.7998201
BuildingType : 0.8022894
Ability : 0.7899682
DummyConnection : 0.77947885
ChildReader : ChildReader is not exist in project code
SpecificationTest : 0.7920059
Modifier : 0.7903328
ServerGame : 0.78968966
ModifierReader : ModifierReader is not exist in project code
AbstractUnit : 0.80341375
UnitType : 0.8060396
UnitTypeChange : 0.797404
NewPanel : 0.78911126
SimpleMapGenerator : 0.79912037
