Canvas : 0.76362324
FreeColClient : 0.78903013
FreeCol : 0.8037754
SoundTest : 0.79348713
StartGamePanel : 0.77619904
DisplayBordersAction : 0.7628021
DisplayGridAction : 0.75738215
MapControlsAction : 0.76222265
ClientOptionsDialog : 0.78992116
AudioMixerOption : 0.7729299
PreGameController : 0.7929553
InGameController : 0.7483315
Animations : 0.7446075
ActionManager : 0.77775836
ShowGameOptionsAction : 0.75267243
ShowMapGeneratorOptionsAction : 0.7690146
FreeColAction : 0.78462756
ColonyPanel : 0.7752771
PreGameInputHandler : 0.77805096
ReportLabourAction : 0.76321
GameOptionsDialog : 0.78248465
PreferencesAction : 0.7608727
MapEditorController : 0.78165436
OptionGroup : 0.76938045
CanvasMapEditorMouseListener : 0.7721149
DisplayTileTextAction : 0.75457
BooleanOptionUI : 0.7509909
LanguageOptionUI : 0.7480793
SelectOptionUI : 0.7600909
StringOptionUI : 0.7599936
FileOptionUI : 0.77354795
PercentageOptionUI : 0.0
RangeOptionUI : 0.7277593
IntegerOptionUI : 0.7720398
ConnectController : 0.79076236
ProductionMultiplesLabel : ProductionMultiplesLabel is not exist in project code
ProductionLabel : 0.7749283
MapGeneratorOptionsDialog : 0.7889059
GUI : 0.68439037
ListOptionUI : 0.78827816
AudioMixerOptionUI : 0.7695795
