Tile : 0.82221395
MapGeneratorOptions : 0.8309911
TileItemContainer : 0.8193717
LostCityRumourTransform : LostCityRumourTransform is not exist in project code
InGameController : 0.80002326
TileTypeTransform : TileTypeTransform is not exist in project code
SimpleMapGenerator : 0.81767315
Game : 0.82482684
TilePopup : 0.818332
ImageLibrary : 0.8192565
ServerUnit : 0.8149364
TileImprovementType : 0.8237404
UnitType : 0.8274845
DeclineMoundsMessage : 0.8299689
Player : 0.8124797
TileItemContainerTest : 0.7971715
PlayerExploredTile : 0.8146042
GotoAdjacentGoal : 0.80362016
MapEditorTransformPanel : 0.8114305
Canvas : 0.8100344
GUI : 0.70877004
ModelMessage : 0.8303575
EmigrationPanel : 0.8113855
ScoutingMission : 0.8174726
Unit : 0.81154025
AvoidSettlementsAndBlockingUnitsCostDecider : AvoidSettlementsAndBlockingUnitsCostDecider is not exist in project code
TileItem : 0.8448145
BaseCostDecider : 0.8244354
Mission : 0.8169632
ASingleTilePanel : ASingleTilePanel is not exist in project code
EquipmentType : 0.8235527
FoundingFatherTest : 0.7834183
TransportMission : 0.807213
UnitTest : 0.7903678
Settlement : 0.82715875
REFAIPlayer : 0.79241484
BuildColonyMission : 0.8152722
TileTest : 0.75549096
MapGeneratorOptionsDialog : 0.8207511
InGameControllerTest : 0.776972
AIPlayer : 0.81843364
