FreeColServer : 0.8327701
Player : 0.8101816
ServerTestHelper : 0.8365024
ServerColony : 0.83668447
ServerPlayer : 0.81803983
ServerBuilding : 0.8275253
ServerEurope : 0.8218838
ServerColonyTile : 0.8406195
ServerUnit : 0.8380691
ServerIndianSettlement : 0.8269882
Unit : 0.8042516
AIMain : 0.8265678
ColonyTile : 0.8084805
FreeColServerHolder : 0.82613945
SaveLoadTest : 0.8331006
ConnectController : 0.8323641
PrivateerMissionTest : 0.82619196
FreeColTestCase : 0.8302536
Game : 0.83919317
Building : 0.80276
ServerModelObject : 0.76803064
ServerInfo : 0.82524407
ServerPlayerTest : 0.8324293
ColonyPlanTest : 0.76171654
ScoutingMissionTest : 0.8253751
UnitSeekAndDestroyMissionTest : 0.82261133
ContactTest : 0.8160886
REFTest : 0.836421
AIColonyTest : 0.80752516
MissionAssignmentTest : 0.8277395
StandardAIPlayerTest : 0.8200224
InGameControllerTest : 0.78734875
TensionTest : 0.84270096
PioneeringMissionTest : 0.83300805
MoveTest : 0.82798696
TransportMissionTest : 0.8208815
PreGameController : 0.8624532
SetDestinationMessage : 0.8318753
ChatMessage : 0.83136404
FreeColGameObject : 0.8334361
ServerRegion : 0.8044962
