TerrainGenerator : 0.8353292
SimpleMapGenerator : 0.8302157
MockMapGenerator : 0.799642
LandGenerator : 0.8448511
MapGenerator : 0.77012426
ShowMapGeneratorOptionsAction : 0.803923
StartGamePanel : 0.8032895
PreGameController : 0.8256618
Game : 0.80917776
Canvas : 0.7920971
MapGeneratorOptionsDialog : 0.82825863
MapEditorController : 0.80898875
FreeColServer : 0.81879836
MapGeneratorTest : 0.80831087
PreGameInputHandler : 0.8087869
SaveLoadTest : 0.8020519
ClientOptions : 0.8377137
OptionGroup : 0.8078613
River : 0.8048894
Specification : 0.8063329
OptionGroupUI : 0.80354416
MapEditorMenuBar : 0.81684756
NewEmptyMapAction : 0.8144377
AllTests : 0.83518684
MainPanel : 0.80824625
StringOption : 0.8106901
FreeCol : 0.8285824
TileImprovement : 0.81584543
ServerTestHelper : 0.8048033
OptionTest : 0.8088166
DetermineHighSeasAction : 0.8311043
RiverSection : 0.78854346
ServerPlayer : 0.78376424
ScrollThread : ScrollThread is not exist in project code
CanvasMouseMotionListener : 0.79988277
InGameMenuBar : 0.81254816
SelectOption : 0.82198334
UserConnectionHandler : 0.7976197
InGameController : 0.7842388
MapControlsAction : 0.79710525
BooleanOptionUI : 0.78643435
