FreeColServer : 0.7848239
SimpleMapGenerator : 0.7752753
MockMapGenerator : 0.81936455
ShowMapGeneratorOptionsAction : 0.8044948
StartGamePanel : 0.7936398
TerrainGenerator : 0.7742547
LandGenerator : 0.79364663
PreGameController : 0.7957799
Game : 0.78302103
MapEditorController : 0.77715254
MapGeneratorOptions : 0.7701242
River : 0.75615007
MapGeneratorOptionsDialog : 0.781554
Canvas : 0.77151364
MapGeneratorTest : 0.7513857
PreGameInputHandler : 0.7334012
SaveLoadTest : 0.7667944
NewEmptyMapAction : 0.79662764
AllTests : 0.75386304
StringOption : 0.7765038
TileImprovement : 0.7789335
ServerTestHelper : 0.78600895
DetermineHighSeasAction : 0.78164655
RiverSection : 0.7757508
ScrollThread : ScrollThread is not exist in project code
CanvasMouseMotionListener : 0.7597559
ClientOptions : 0.7142375
AIObject : 0.79855466
AIMain : 0.77944636
MapEditorMenuBar : 0.75766504
Player : 0.7597578
Colony : 0.75731033
FoundingFather : 0.7636589
IndianSettlement : 0.75799185
MarketData : 0.7701133
CanvasMapEditorMouseListener : 0.7582197
MiniMap : 0.7903361
PlayersTableModel : PlayersTableModel is not exist in project code
TransactionSession : 0.7683761
SettlementType : 0.7723762
InGameController : 0.75007355
