FreeColActionUI : 0.8501822
OptionsDialog : 0.868762
MapGeneratorOptionsDialog : 0.8704958
AbstractOption : 0.8646453
GameOptionsDialog : 0.87104493
Specification : 0.7963031
FreeColLookAndFeel : 0.8367568
OptionGroup : 0.8702954
TerrainGenerator : 0.81227106
SimpleMapGenerator : 0.8067653
MockMapGenerator : 0.8225351
LandGenerator : 0.83158356
DifficultyDialog : 0.8536034
ListOption : 0.86405116
BlinkingLabel : BlinkingLabel is not exist in project code
Game : 0.8249009
OptionReader : OptionReader is not exist in project code
Canvas : 0.8406615
IntegerOption : 0.852267
MapGenerator : 0.79719687
StringOption : 0.8545682
ClientOptions : 0.7786302
AudioMixerOptionUI : 0.85667896
IntegerOptionUI : 0.87244064
PercentageOptionUI : 0.0
StringOptionUI : 0.8791436
LanguageOptionUI : 0.8606971
ListOptionUI : 0.8661569
SelectOptionUI : 0.87834483
FileOptionUI : 0.86119217
BooleanOptionUI : 0.8767097
RangeOptionUI : 0.83585495
MapEditorTransformPanel : 0.8343826
OptionTest : 0.8111552
PreGameController : 0.8429848
NewPanel : 0.8410639
PreGameInputHandler : 0.8122489
EuropeanNationType : 0.7994226
MapEditorController : 0.8475171
FreeCol : 0.823206
FreeColGameObjectType : 0.8282507
