FreeCol : 0.7564634
OptionGroup : 0.78917724
BooleanOptionUI : 0.81232697
LanguageOptionUI : 0.792937
SelectOptionUI : 0.8071655
StringOptionUI : 0.80963814
FileOptionUI : 0.76115125
PercentageOptionUI : 0.0
RangeOptionUI : 0.81080973
IntegerOptionUI : 0.8035861
ListOptionUI : 0.77337354
AudioMixerOptionUI : 0.7688127
OptionGroupUI : 0.79396814
Specification : 0.74532837
Canvas : 0.7631933
FreeColClient : 0.7779334
PlayersTableModel : PlayersTableModel is not exist in project code
StartGamePanel : 0.7715601
FreeColActionUI : 0.7367662
MessageType : MessageType is not exist in project code
ListOption : 0.8080639
Game : 0.7690575
TerrainGenerator : 0.7413337
SimpleMapGenerator : 0.7453048
MockMapGenerator : 0.79587865
LandGenerator : 0.76327807
SoundPlayer : 0.77118343
OptionsDialog : 0.7651287
OptionUpdater : 0.936606
AbstractOption : 0.8021489
ClientOptions : 0.7113319
IntegerOption : 0.8116966
MapGenerator : 0.8697059
ListOptionSelector : ListOptionSelector is not exist in project code
StringOption : 0.8020368
ShowGameOptionsAction : 0.77198255
MapGeneratorOptionsDialog : 0.77018887
MapGeneratorOptions : 0.77553374
OptionTest : 0.7333644
SoundTest : 0.74430865
PreGameController : 0.7646583
