SelectOptionUI : 0.8647436
AudioMixerOptionUI : 0.83852583
BooleanOptionUI : 0.85896
LanguageOptionUI : 0.85131264
StringOptionUI : 0.8645033
ListOption : 0.86948556
GameOptions : 0.0
LanguageOption : 0.8484249
ClientOptions : 0.769929
OptionGroup : 0.8625106
OptionTest : 0.8144531
FreeCol : 0.8093749
OptionGroupUI : 0.85089797
UnitLabel : 0.8342193
SelectableAction : 0.85770816
Nation : 0.82785106
FreeColComboBoxRenderer : 0.85345435
StopRenderer : StopRenderer is not exist in project code
DisplayBordersAction : 0.83765084
DisplayGridAction : 0.8339895
GUI : 0.6993137
MapControlsAction : 0.83528405
SelectAmountDialog : 0.8281489
ListOptionUI : 0.84583104
FileOptionUI : 0.8424728
PercentageOptionUI : 0.0
RangeOptionUI : 0.82718176
IntegerOptionUI : 0.85490835
GameTest : 0.7774059
DifficultyDialog : 0.84729755
RangeOption : 0.8761207
MapGeneratorTest : 0.7907021
ColonyPanel : 0.8033938
EuropePanel : 0.827152
GoodsLabel : 0.82567006
LoadingSavegameDialog : 0.8105107
DefaultBuildQueueCellRenderer : DefaultBuildQueueCellRenderer is not exist in project code
Specification : 0.805431
StartGamePanel : 0.81712025
DisplayTileTextAction : 0.8241347
Canvas : 0.81664973
