Limit : 0.84316224
LimitTest : 0.78715634
