Tile : 0.8341901
Territory : Territory is not exist in project code
Map : 0.8420536
River : 0.8233182
NewRegionNameMessage : 0.84772235
TerrainGenerator : 0.82655394
ReportExplorationPanel : 0.848277
IndianNationType : 0.82191664
ServerRegion : 0.84770644
InGameController : 0.8057474
ChangeSet : 0.80631936
Messages : 0.8251164
MapBuilder : MapBuilder is not exist in project code
MapGeneratorTest : 0.80586445
ClientOptions : 0.7667273
Player : 0.81929564
RegionType : RegionType is not exist in project code
GUI : 0.70507437
SimpleMapGenerator : 0.8254855
ColopediaPanel : 0.8279962
ServerUnit : 0.8196042
LandGenerator : 0.8435572
EventPanel : 0.8277554
TilePanel : 0.8233776
InGameInputHandler : 0.8095605
