FreeColTestCase : 0.7581702
AllTests : 0.81168044
Colony : 0.748995
Player : 0.7428171
IndianSettlementTest : 0.8320901
TileItemContainer : 0.76415706
SettlementTest : 0.82632506
ServerUnitTest : 0.8648923
MoveTest : 0.7892126
ServerTestHelper : 0.7441148
ContactTest : 0.8342539
BaseCostDeciderTest : 0.80145544
InGameControllerTest : 0.86303324
Tile : 0.75562215
ClientTestHelper : 0.77669215
MapTest : 0.83299565
ServerPlayerTest : 0.82808316
FoundingFatherTest : 0.82653016
SimpleCombatModel : 0.77072054
UnitTest : 0.8593355
ShowConfirmDialogSwingTask : ShowConfirmDialogSwingTask is not exist in project code
PathNode : 0.73877037
TileItem : 0.77452606
RemoveChange : RemoveChange is not exist in project code
TileInfoPanel : TileInfoPanel is not exist in project code
PlayerExploredTile : 0.74031585
TerrainCursor : 0.7281106
Map : 0.74665403
TransportMissionTest : 0.81938684
MovementTest : 0.86199087
PrivateerMissionTest : 0.8048975
ServerColonyTest : 0.84749526
ScoutingMissionTest : 0.79142374
ServerIndianSettlementTest : 0.86403793
GoodsTest : 0.8117159
PioneeringMissionTest : 0.79379135
TilePanel : 0.76531005
CombatTest : 0.84509706
TensionTest : 0.799503
ScopeTest : 0.8191734
ScoutingMission : 0.7445798
