AllTests : 0.8223351
ColonyPlanTest : 0.8290436
ServerColonyTest : 0.8641997
Building : 0.76636934
InGameControllerTest : 0.8444886
SerializationTest : 0.6568369
ServerTestHelper : 0.770468
ServerUnitTest : 0.86690366
BuildingTest : 0.8638673
SaveLoadTest : 0.7926761
ServerIndianSettlementTest : 0.86821705
ContactTest : 0.8452881
AIColonyTest : 0.8484658
LimitTest : 0.85963666
PrivateerMissionTest : 0.82223254
ScoutingMissionTest : 0.8243958
ServerBuilding : 0.79388475
UnitSeekAndDestroyMissionTest : 0.8228661
ServerPlayerTest : 0.8456847
REFTest : 0.82407236
MissionAssignmentTest : 0.841309
StandardAIPlayerTest : 0.85356176
TensionTest : 0.81544006
PioneeringMissionTest : 0.8243221
MoveTest : 0.8127726
TransportMissionTest : 0.8403591
UnitTest : 0.8653168
ColonyTest : 0.86073446
FreeColTestCase : 0.78346753
BuildingPanel : 0.76745844
InGameController : 0.7879727
ColonyProductionTest : 0.86607593
BaseCostDeciderTest : 0.81883085
MapTest : 0.840373
FoundingFatherTest : 0.85212505
SchoolTest : 0.8633397
CombatTest : 0.8436069
FreeColServer : 0.77173376
GameTest : 0.82090855
TileTest : 0.8199823
Change : Change is not exist in project code
