ServerPlayer : 0.78135705
Server : 0.8611381
FreeColServer : 0.82996213
FreeColClient : 0.845509
Client : 0.8617399
InputHandler : 0.8487618
DummyConnection : 0.8471432
MessageHandler : 0.7888577
PreGameInputHandler : 0.8423385
InGameInputHandler : 0.8387907
ReceivingThread : 0.8682932
UserConnectionHandler : 0.8558625
ConnectController : 0.85242933
AIInGameInputHandler : 0.83088887
PreGameController : 0.8415889
ServerModelController : ServerModelController is not exist in project code
NewPanel : 0.80733585
InGameController : 0.79559594
Canvas : 0.8070799
ServerUnit : 0.80312926
MainPanel : 0.8223328
StartGamePanel : 0.81609476
GUI : 0.68043613
FreeColMenuBar : 0.82194847
