SaveLoadTest : 0.88184196
ColonyPlanTest : 0.7528564
ScoutingMissionTest : 0.83861136
UnitSeekAndDestroyMissionTest : 0.83189446
ContactTest : 0.8259076
ServerPlayerTest : 0.8387585
REFTest : 0.8502967
AIColonyTest : 0.8131357
MissionAssignmentTest : 0.83577573
StandardAIPlayerTest : 0.8222488
InGameControllerTest : 0.7758755
TensionTest : 0.8611098
PioneeringMissionTest : 0.8549969
MoveTest : 0.847442
TransportMissionTest : 0.82765806
PrivateerMissionTest : 0.8449716
ServerBuildingTest : 0.770468
SerializationTest : 0.6871176
ServerUnitTest : 0.8122004
ServerColonyTest : 0.8110928
ServerIndianSettlementTest : 0.8194242
AllTests : 0.8499364
FreeColTestCase : 0.8471237
ChangeSet : 0.8024418
FreeColServer : 0.85244673
GameTest : 0.8059449
InGameController : 0.8208067
ClientTestHelper : 0.8817169
See : See is not exist in project code
GoodsTest : 0.8180947
MarketTest : 0.83961624
AIPlayer : 0.8351616
PlayerTest : 0.80475396
UnitTest : 0.80342203
GetNationSummaryMessage : 0.81805485
ScopeTest : 0.8213397
FreeCol : 0.8291254
BaseCostDeciderTest : 0.85104835
MapTest : 0.821847
FoundingFatherTest : 0.80609083
FreeColServerHolder : 0.8920047
