ImprovementAction : 0.82572013
TileImprovementPlan : 0.8285843
TileImprovement : 0.8430047
Specification : 0.80336666
Tile : 0.830372
TileItemContainer : 0.83664465
TileTest : 0.7608828
ServerUnitTest : 0.8041227
InGameControllerTest : 0.7764854
TerrainGenerator : 0.8272092
TileType : 0.8254248
InGameController : 0.80047864
ChangeWorkImprovementTypeMessage : 0.83399355
WorkLocationPlan : 0.8431734
PioneeringMission : 0.8106047
TileItemContainerTest : 0.812951
Unit : 0.81785506
River : 0.8142226
ActionManager : 0.8257514
AIColony : 0.80010504
AIMessage : 0.77303445
PioneeringMissionTest : 0.830652
RiverTransform : RiverTransform is not exist in project code
GUI : 0.69632107
AIPlayer : 0.8165542
RiverSection : 0.8112733
MovementTest : 0.81214505
ServerUnit : 0.81885093
Player : 0.8120779
Resource : 0.837903
EuropeanAIPlayer : 0.8026973
ColonialAIPlayer : ColonialAIPlayer is not exist in project code
StandardAIPlayer : StandardAIPlayer is not exist in project code
ColopediaPanel : 0.8215092
MapBuilder : MapBuilder is not exist in project code
ServerColony : 0.8133682
AIGoods : 0.8208138
ColonyTile : 0.82348657
SimpleMapGenerator : 0.827186
Building : 0.825254
TileTypeTransform : TileTypeTransform is not exist in project code
