FreeColServer : 0.84165436
FreeColClient : 0.8497225
FreeColGameObject : 0.8432321
Goods : 0.82644534
Data : Data is not exist in project code
ColonyPanel : 0.80542827
PlayersTableModel : PlayersTableModel is not exist in project code
Market : 0.8200366
GUI : 0.70162356
MapGenerator : 0.78302103
Canvas : 0.8193221
Building : 0.8164318
Map : 0.8335821
Settlement : 0.8310728
Colony : 0.81750673
Europe : 0.8094297
Player : 0.8222428
Unit : 0.8167488
PreGameController : 0.8655878
UnitContainer : UnitContainer is not exist in project code
ColonyTile : 0.82014394
IndianSettlement : 0.8098371
GoodsContainer : 0.81508666
Tile : 0.83421797
ConnectController : 0.83959913
FreeCol : 0.80869806
InGameController : 0.82273525
ServerUnit : 0.8319565
PreGameInputHandler : 0.8379858
InGameInputHandler : 0.8305703
Location : 0.76863694
StartGamePanel : 0.83217895
ServerPlayer : 0.8142974
CanvasKeyListener : CanvasKeyListener is not exist in project code
AIInGameInputHandler : 0.8330746
ModelController : 0.0
TrainDialog : 0.8329365
UserConnectionHandler : 0.8362548
UnitButton : 0.82518035
PurchaseDialog : PurchaseDialog is not exist in project code
FreeColMenuBar : 0.81332743
