Unit : 0.8174554
DisbandUnitMessage : 0.83373684
DisembarkMessage : 0.8321877
UpdateCurrentStopMessage : 0.8328369
ClearSpecialityMessage : 0.8378368
FreeColServer : 0.82850164
InGameController : 0.84092605
MoveChange : MoveChange is not exist in project code
LoadCargoMessage : 0.80597234
DeliverGiftMessage : 0.82118016
CashInTreasureTrainMessage : 0.8348052
PutOutsideColonyMessage : 0.8345194
ChangeWorkTypeMessage : 0.8378565
MoveToAmericaMessage : MoveToAmericaMessage is not exist in project code
FreeColTestCase : 0.8341094
GoodsForSaleMessage : 0.8388888
GetTransactionMessage : 0.83607036
SetDestinationMessage : 0.8448328
CloseTransactionMessage : 0.8326064
TrainUnitInEuropeMessage : 0.81880635
UnloadCargoMessage : 0.78544796
PayArrearsMessage : 0.82367337
ServerPlayerTest : 0.8497447
MoveToEuropeMessage : MoveToEuropeMessage is not exist in project code
AssignTradeRouteMessage : 0.8403451
MoveMessage : 0.84370875
ServerBuilding : 0.8408798
SpySettlementMessage : 0.8380179
EmbarkMessage : 0.8250562
SellPropositionMessage : 0.8345943
BuyPropositionMessage : 0.836201
SellMessage : 0.8369517
LootCargoMessage : 0.8194354
ScoutIndianSettlementMessage : 0.82969576
AskSkillMessage : 0.83689725
LearnSkillMessage : 0.83294475
EquipUnitMessage : 0.8332474
ChangeStateMessage : 0.83901185
UnitSeekAndDestroyMissionTest : 0.8358279
AttackMessage : 0.8238803
ServerEurope : 0.82805365
