TradeRouteStop : 0.78661597
Destination : Destination is not exist in project code
Stop : Stop is not exist in project code
Unit : 0.76534903
Goods : 0.7719633
Wish : 0.7935584
UnitWas : 0.7480508
AIGoods : 0.77581733
UnitImageAnimation : 0.7702793
Player : 0.75860786
MoveChange : MoveChange is not exist in project code
Locatable : 0.9148139
Europe : 0.7820026
IndianSettlement : 0.7622776
Transportable : 0.90388125
Colony : 0.7608072
ColonyTile : 0.7796847
UnitData : UnitData is not exist in project code
Entry : Entry is not exist in project code
Occupation : Occupation is not exist in project code
WorkMessage : 0.7790944
UnitLabel : 0.76802355
AIUnit : 0.776446
PrivateerMission : 0.76981145
Building : 0.7731049
Tile : 0.76777935
WorkLocationPlan : 0.7843186
TileItem : 0.82109696
Resource : 0.83241844
LabourData : 0.74991876
ColonyPlan : 0.7384492
GoodsContainer : 0.7568648
Settlement : 0.7831351
ReportNavalPanel : 0.7622386
ReportCargoPanel : 0.7549122
ReportMilitaryPanel : 0.7628664
NameComparator : NameComparator is not exist in project code
Getter : Getter is not exist in project code
WorkLocation : 0.77102005
ImageResource : 0.7850005
SZAResource : 0.7833228
