ListOption : 0.8093455
TradeRouteInputDialog : 0.6983353
ListOptionUI : 0.77435565
ClientOptions : 0.7119854
