Specification : 0.79186386
SpecificationTest : 0.7905684
ColopediaPanel : 0.8013075
NationType : 0.8174659
NationTypeTest : 0.7671333
IndianSettlementBuilder : IndianSettlementBuilder is not exist in project code
Player : 0.7989262
EditSettlementDialog : 0.7985257
InGameInputHandler : 0.7914361
UnitTest : 0.7742183
ServerPlayer : 0.78425384
Nation : 0.8193498
Canvas : 0.7905172
SimpleMapGenerator : 0.80940807
TensionTest : 0.8198947
ServerUnit : 0.80651534
HighScore : 0.80875695
CombatTest : 0.75818825
InGameControllerTest : 0.75903034
MovementTest : 0.78393286
PlayerTest : 0.7753951
SettlementTest : 0.78372175
MapGeneratorTest : 0.8021056
SettlementTransform : SettlementTransform is not exist in project code
PreGameController : 0.8250156
EquipmentType : 0.81805867
NationCellRenderer : 0.7973373
IndianSettlementPanel : 0.79786885
NationOptions : 0.8119212
InGameController : 0.79214257
ReportIndianPanel : 0.8027502
PreGameInputHandler : 0.79968804
PlayersTableModel : PlayersTableModel is not exist in project code
Settlement : 0.81357276
IndianSettlement : 0.79251605
ContactTest : 0.7840753
AvailableCellEditor : AvailableCellEditor is not exist in project code
FoundingFatherTest : 0.77919805
EuropeanNationType : 0.8140904
AdvantageCellEditor : 0.78764766
FreeColServer : 0.81048286
