BuildQueue : 0.77502304
BuildingType : 0.76848876
Unit : 0.74315774
Building : 0.75439525
UnitType : 0.7697729
Colony : 0.74112475
ColonyProductionTest : 0.68182826
ProductionTree : ProductionTree is not exist in project code
Settlement : 0.76816165
ServerIndianSettlementTest : 0.69127786
InnerMenuKeyListener : InnerMenuKeyListener is not exist in project code
BaseCostDecider : 0.7418802
ServerIndianSettlement : 0.74429816
Connection : 0.74039835
ServerBuilding : 0.7284499
InGameController : 0.7238553
BuildQueueMouseAdapter : BuildQueueMouseAdapter is not exist in project code
AIColony : 0.7192726
WorkerCheck : 0.80442727
ServerColony : 0.7321736
ColonyPlanTest : 0.65663224
ColonyTest : 0.66452456
BaseCostDeciderTest : 0.7527286
ColonyPlan : 0.72748303
ColopediaPanel : 0.740585
