Tile : 0.81925035
ServerPlayer : 0.79336804
Player : 0.8063213
ServerPlayerTest : 0.81604534
IndianSettlement : 0.8067938
MapBuilder : MapBuilder is not exist in project code
FreeColTestCase : 0.8205679
ContactTest : 0.798382
MovementTest : 0.79974794
InGameControllerTest : 0.77096814
Colony : 0.8084341
InGameController : 0.8007462
ServerUnit : 0.81152594
CombatTest : 0.7750723
TileItemContainer : 0.81460655
MoveTest : 0.81745577
ColonyProductionTest : 0.8042622
GUI : 0.69459397
ServerGame : 0.8039551
PlayerTest : 0.77887726
Map : 0.8151898
ServerUnitTest : 0.7991733
Settlement : 0.8247877
GameOptions : 0.0
SimpleMapGenerator : 0.8132475
ServerColonyTest : 0.8095721
MissionAssignmentTest : 0.8201839
ReportExplorationAction : 0.78947777
DeclineMoundsMessage : 0.81399524
RemoveChange : RemoveChange is not exist in project code
Unit : 0.8092497
ColonyTile : 0.8157765
MoveChange : MoveChange is not exist in project code
IndianSettlementTest : 0.79099923
Canvas : 0.79964
PrivateerMissionTest : 0.81856054
BaseCostDecider : 0.8049757
Region : 0.818594
ShowConfirmDialogSwingTask : ShowConfirmDialogSwingTask is not exist in project code
PathNode : 0.81323576
TileItem : 0.828694
