CanvasMouseMotionListener : 0.828357
MockMapGenerator : 0.83785933
Game : 0.8335821
ScrollThread : ScrollThread is not exist in project code
River : 0.8346505
LandGenerator : 0.8561863
PlayersTableModel : PlayersTableModel is not exist in project code
MiniMap : 0.8342386
CanvasMapEditorMouseListener : 0.82469106
ResourceManager : 0.83085215
ResourceMapping : 0.84855837
ClientOptions : 0.76208705
MapControlsAction : 0.8350858
FreeColClient : 0.8388855
CanvasMouseListener : 0.8282645
FreeColServer : 0.8314346
Canvas : 0.8223827
TypeCountMap : 0.8431937
ReportLabourPanel : 0.81226176
GUI : 0.7071243
LanguageOption : 0.82008076
TilePopup : 0.8354587
ViewMode : 0.83662117
MapControls : 0.84629804
SerializationTest : 0.6673229
NumberRules : 0.8224684
MissionManager : 0.81606704
OptionGroup : 0.8243723
TileType : 0.8199513
Tile : 0.8433631
EuropeanNationType : 0.8063011
FreeColTestCase : 0.83979106
MapViewer : 0.8368628
MapEditorController : 0.8359703
Specification : 0.79755
Messages : 0.8183747
NewEmptyMapAction : 0.8461714
MapEditorAction : 0.8306641
ScaleMapAction : 0.8416961
Colony : 0.81733364
Event : 0.838397
