NewRegionNameSwingTask : NewRegionNameSwingTask is not exist in project code
Tile : 0.8341901
Territory : Territory is not exist in project code
NewRegionNameMessage : 0.84772235
Map : 0.8420536
River : 0.8233182
ServerAPI : 0.7981725
ReportExplorationPanel : 0.848277
TerrainGenerator : 0.82655394
ServerRegion : 0.84770644
IndianNationType : 0.82191664
InGameInputHandler : 0.8095605
InGameController : 0.8057474
ChangeSet : 0.80631936
Messages : 0.8251164
AIInGameInputHandler : 0.8209311
MapBuilder : MapBuilder is not exist in project code
MapGeneratorTest : 0.80586445
RegionType : RegionType is not exist in project code
Player : 0.81929564
ClientOptions : 0.7667273
MapViewer : 0.82108766
SimpleMapGenerator : 0.8254855
NationTypeDetailPanel : 0.8018198
ServerUnit : 0.8196042
LandGenerator : 0.8435572
EventPanel : 0.8277554
TilePanel : 0.8233776
