MarketPanel : MarketPanel is not exist in project code
Canvas : 0.8337488
GUI : 0.70587677
EuropeWas : 0.8203037
EuropeCargoPanel : EuropeCargoPanel is not exist in project code
EuropeAction : 0.82041115
Player : 0.80426574
DefaultTransferHandler : 0.83761144
Europe : 0.798573
EndTurnDialog : 0.8482766
TrainDialog : 0.8737944
FreeColLookAndFeel : 0.8304129
StopRenderer : StopRenderer is not exist in project code
DestinationPanel : DestinationPanel is not exist in project code
ReportCargoPanel : 0.8354796
CompactLabourReport : 0.8374536
EmigrationPanel : 0.8458409
Destination : Destination is not exist in project code
Tile : 0.8188563
ClassicMapControls : 0.84456843
ReportNavalPanel : 0.83386415
DragListener : 0.8519568
ReportPanel : 0.8331708
UnitDetailPanel : 0.85778207
River : 0.81681824
TransportMission : 0.81967753
InGameController : 0.8069888
FileOptionUI : 0.84699106
FreeColActionUI : 0.8403682
ListOptionUI : 0.84760565
AudioMixerOptionUI : 0.84430134
AbstractUnitOptionUI : 0.843068
DocksPanel : DocksPanel is not exist in project code
UnitData : UnitData is not exist in project code
Unit : 0.805539
InfoPanel : 0.8401973
Specification : 0.79411566
ReportLabourDetailPanel : 0.8265777
TileType : 0.8028666
UnitLabel : 0.84638655
TradeRouteInputDialog : 0.8554164
