AIUnit : 0.83030933
CompoundMission : 0.8075716
GoToMission : 0.82992816
AIPlayer : 0.8238182
MissionManager : 0.8057053
MapViewer : 0.80548793
ImprovementMission : 0.81798345
AbstractMission : 0.8332273
IndianDemandMission : 0.8136681
PrivateerMission : 0.8303568
Unit : 0.8106927
DefendSettlementMission : 0.81966907
WorkInsideColonyMission : 0.8272238
CashInTreasureTrainMission : 0.82973576
ScoutingMission : 0.82479864
BuildColonyMission : 0.81850487
MissionAssignmentTest : 0.81554425
IndianBringGiftMission : 0.817179
REFAIPlayer : 0.80927986
AIGoods : 0.8165179
NativeAIPlayer : 0.8089549
PioneeringMission : 0.81242794
IdleAtColonyMission : 0.83717054
UnitSeekAndDestroyMission : 0.8232634
WishRealizationMission : 0.80929637
UnitWanderHostileMission : 0.84103006
TransportMission : 0.8188997
UnitWanderMission : 0.8395522
EuropeanAIPlayer : 0.8088329
ChipResource : 0.7892704
TileImprovementPlan : 0.8135165
CreateMissionAtSettlementGoal : 0.8083907
ImageLibrary : 0.8098666
ScoutingMissionTest : 0.82095194
AllTests : 0.81526965
AIColony : 0.79654825
Transportable : 0.7790793
UnitSeekAndDestroyMissionTest : 0.81486857
AIMessage : 0.8031835
Player : 0.80510664
PioneeringMissionTest : 0.83286226
