FreeColClient : 0.81903285
FreeColServer : 0.8170579
PlayersTableModel : PlayersTableModel is not exist in project code
UnitLabel : 0.81111825
ServerTestHelper : 0.8208067
FreeColPanel : 0.78328186
PreGameController : 0.85158277
UnloadAction : 0.80403626
MapControlsAction : 0.79187
ClientTestHelper : 0.841861
SaveLoadTest : 0.82205445
SaveAndQuitAction : 0.8214045
SaveAction : 0.82263935
OpenAction : 0.8191451
Game : 0.82273525
ImprovementAction : 0.81589365
ContinueAction : 0.8320399
ServerPlayerTest : 0.8322532
DebugAction : 0.80625767
Colony : 0.80653596
AllTests : 0.8236336
ClearOrdersAction : 0.8149967
InGameInputHandler : 0.8369354
DeclareIndependenceAction : 0.81519395
DisbandUnitAction : 0.81148
InGameMenuBar : 0.79998714
SkipUnitAction : 0.8177715
WaitAction : 0.8054412
ReportTurnAction : 0.8203934
RenameAction : 0.8075252
PreGameInputHandler : 0.83729357
BuildColonyAction : 0.8114949
EndTurnAction : 0.8087221
ClassicMapControls : 0.79480845
ClientOptions : 0.7483315
ServerListPanel : 0.80363125
NewPanel : 0.7980767
Canvas : 0.8010348
MoveTest : 0.82257855
InGameControllerTest : 0.7888235
IndianSettlementBuilder : IndianSettlementBuilder is not exist in project code
