MarketLabel : 0.87090915
Player : 0.8123758
MarketData : 0.8606127
EuropePanel : 0.8140725
MarketPanel : MarketPanel is not exist in project code
ServerPlayer : 0.8026667
ReportColonyPanel : 0.805757
ProductionCache : 0.8372795
GoodsType : 0.8290078
ServerPlayerTest : 0.8262928
InGameController : 0.8095698
TransactionLog : TransactionLog is not exist in project code
IndividualFatherTest : 0.7982481
Colony : 0.82017404
UnitLabel : 0.8188405
FreeColDragHandler : FreeColDragHandler is not exist in project code
MarketTest : 0.8319991
TransportMission : 0.80388266
DefaultTransferHandler : 0.81157297
Tile : 0.8228674
AIInGameInputHandler : 0.81276804
ColonyPlan : 0.8187596
DragListener : 0.81085813
ReportTurnPanel : 0.817794
IndianDemandMission : 0.81241715
SelectDestinationDialog : 0.8318536
CargoPanel : 0.82528347
Mission : 0.8099178
Europe : 0.8054126
ReportTradePanel : 0.80897206
ServerUnit : 0.8248358
AIUnit : 0.80662245
EuropeanAIPlayer : 0.80966574
ModelMessage : 0.8253807
AIColony : 0.8023597
NativeAIPlayer : 0.8206761
TileTest : 0.7559542
SelectAmountDialog : 0.8260313
AllTests : 0.8217194
WorkLocationPlan : 0.85141486
FreeColLookAndFeel : 0.80572444
