FreeColProgressBar : 0.8113991
GoodsContainer : 0.81842095
AbstractGoodsLabel : 0.8326451
IndianSettlement : 0.8033033
Suggestion : Suggestion is not exist in project code
CargoLabel : CargoLabel is not exist in project code
GoodsWish : 0.83334434
WarehouseGoodsPanel : WarehouseGoodsPanel is not exist in project code
WorkLocationPlan : 0.8403713
BuyGoodsMessage : 0.8259124
ReportProductionPanel : 0.80604064
TileImprovementType : 0.82333
SellGoodsMessage : 0.8210855
Entry : Entry is not exist in project code
ReportColonyPanel : 0.7784544
UnitWas : 0.80689406
MarketData : 0.8432076
Specification : 0.79592365
Player : 0.8045647
ColonyTest : 0.7637145
ServerColonyTest : 0.78488725
ReportTradePanel : 0.7993003
PioneeringMissionTest : 0.810844
GoodsLocation : 0.8330328
TileTest : 0.7360191
GoodsContainerTest : 0.77810323
TileImprovement : 0.82244545
AbstractGoods : 0.8416332
PlayerExploredTile : 0.8112139
BuildingType : 0.8289984
Resource : 0.8291287
BaseCostDeciderTest : 0.8165835
ColopediaGameObjectTypePanel : 0.80564404
Unit : 0.80621916
WorkLocation : 0.8024415
Building : 0.8206379
Settlement : 0.822852
ServerPlayerTest : 0.80012995
ServerBuildingTest : 0.7482406
ColonyPlan : 0.8013608
ServerIndianSettlementTest : 0.7963699
