UnitWas : 0.82085514
ReportPanel : 0.8270809
Unit : 0.8221736
Suggestion : Suggestion is not exist in project code
UnitTypeChange : 0.83293426
AbstractUnitOption : 0.8449604
UnitData : UnitData is not exist in project code
WorkerWish : 0.84229887
CompactLabourReport : 0.81968874
PlayerExploredTile : 0.8209955
Specification : 0.8060396
UnitTypeChangeTest : 0.80819297
ReportNavalPanel : 0.81143427
ScopeTest : 0.8101368
ServerIndianSettlementTest : 0.8102355
SchoolTest : 0.7918029
ServerBuildingTest : 0.76809657
TrainDialog : 0.82420677
FoundingFatherTest : 0.791986
InGameControllerTest : 0.7715781
IndividualFatherTest : 0.79266423
ColonyPlanTest : 0.7580267
MissionAssignmentTest : 0.8153154
ServerColonyTest : 0.7985223
TransportMissionTest : 0.8075911
ScoutingMissionTest : 0.820363
PrivateerMissionTest : 0.8180514
ServerUnitTest : 0.796751
ServerPlayerTest : 0.8174903
BaseCostDeciderTest : 0.83365923
REFTest : 0.8307985
MapTest : 0.8060562
CombatTest : 0.7698687
TileTest : 0.74755013
ColonyTest : 0.77704996
ContactTest : 0.7986077
MovementTest : 0.8028069
UnitTest : 0.7899696
MoveTest : 0.8165488
PioneeringMissionTest : 0.8328762
AIColonyTest : 0.8053448
