AIGoods : 0.83663416
GoodsItem : GoodsItem is not exist in project code
IndianDemandMessage : 0.8278901
SellMessage : 0.84512675
SellPropositionMessage : 0.8414116
BuyPropositionMessage : 0.84435725
DeliverGiftMessage : 0.8364442
BuyMessage : 0.8511664
DemandSession : 0.81605685
LoadCargoMessage : 0.82819366
UnloadCargoMessage : 0.8154836
LootCargoMessage : 0.82133824
GoodsTradeItem : 0.8471615
LootCargoSwingTask : LootCargoSwingTask is not exist in project code
AbstractGoodsLabel : 0.8450118
TradeItem : 0.80006874
GoodsLocation : 0.8542344
GoodsForSaleMessage : 0.8477706
DumpCargoDialog : 0.7918412
GoodsLabel : 0.8358664
LootSession : 0.8361532
ProductionMap : 0.83988804
IndianSettlement : 0.8158876
FreeColProgressBar : 0.81793493
GoodsContainer : 0.8415574
ReportProductionPanel : 0.8175882
Player : 0.81241703
Colony : 0.81601894
GoodsTest : 0.8029834
Suggestion : Suggestion is not exist in project code
ProductionTree : ProductionTree is not exist in project code
TileType : 0.82842183
TradeRouteInputDialog : 0.7752148
Unit : 0.8166336
CargoLabel : CargoLabel is not exist in project code
TradeRouteStop : 0.84691167
GoodsType : 0.8416332
PlayerExploredTile : 0.8194423
GoodsWish : 0.85842675
WarehouseGoodsPanel : WarehouseGoodsPanel is not exist in project code
WorkLocationPlan : 0.8559598
