UnitWas : 0.8085566
ReportMilitaryPanel : 0.80796736
ReportLabourPanel : 0.80027324
ProductionCache : 0.8437324
ReportRequirementsPanel : 0.80063343
ReportCargoPanel : 0.7987471
ReportNavalPanel : 0.8077425
Unit : 0.8203492
UnitType : 0.84275824
Colony : 0.82360667
ColonyPlan : 0.8096818
IndianSettlementTest : 0.7652037
InGameControllerTest : 0.7510481
UnitTest : 0.76740015
ServerIndianSettlementTest : 0.791388
GoodsContainer : 0.82766837
ColonyProductionTest : 0.7847147
InGameController : 0.801874
ServerColonyTest : 0.77552146
GoodsLocation : 0.83184314
AIColony : 0.79420775
SoLTest : 0.79883575
Player : 0.82234937
SimpleMapGenerator : 0.81805545
TileType : 0.82958245
ServerPlayerTest : 0.80637985
ProductionMap : 0.83058506
ClientOptions : 0.7602435
StandardAIPlayerTest : 0.785796
PlayerTest : 0.7649183
ServerUnitTest : 0.7767297
UnitTypeChange : 0.84795374
DragListener : 0.796253
ReportTradePanel : 0.8263466
FreeColTestCase : 0.8306848
TileImprovementType : 0.83607966
BuildingTest : 0.7516025
ServerIndianSettlement : 0.81613344
ColonyBuilder : ColonyBuilder is not exist in project code
BuildQueuePanel : 0.81980425
AIMain : 0.84167826
