BuildQueuePanel : 0.827648
Europe : 0.8041946
Player : 0.8137126
FreeColGameObjectType : 0.8350727
Settlement : 0.82781655
Feature : 0.83188224
ServerEurope : 0.81187785
ModifierTest : 0.8451689
GoodsType : 0.80254847
Unit : 0.81305003
Colony : 0.8169297
Building : 0.819109
ColonyTest : 0.77805275
ColopediaGameObjectTypePanel : 0.82945466
ResourceType : 0.83288527
TileType : 0.8101606
FoundingFatherTest : 0.8240058
ServerPlayer : 0.8090517
TileImprovementType : 0.82282585
NationType : 0.8197238
IndividualFatherTest : 0.8043992
BuildingTest : 0.7804803
BuildingType : 0.8152971
EquipmentType : 0.8296511
SimpleCombatModel : 0.80404705
ColonyTile : 0.81307
UnitTypeChange : 0.8287453
RandomRange : 0.82736295
UnitType : 0.82492524
Resource : 0.8171835
IndianSettlement : 0.8011506
ServerPlayerTest : 0.81557524
GoodsLocation : 0.8060046
UnitWas : 0.8098142
CargoPanel : 0.8179786
NationTypeDetailPanel : 0.8203869
ColonyProductionTest : 0.81149024
ServerBuildingTest : 0.77046174
UnitTest : 0.7981404
Tile : 0.8264583
GUI : 0.6961158
