FreeColServer : 0.8429336
ServerTestHelper : 0.8684506
SaveLoadTest : 0.8657481
FreeCol : 0.8286902
FreeColServerHolder : 0.8721092
AIMain : 0.8441531
FreeColClient : 0.8544596
NetworkHandler : 0.8674519
Canvas : 0.8216364
UserConnectionHandler : 0.86536795
Territory : Territory is not exist in project code
AIInGameInputHandler : 0.8371549
Controller : 0.8857434
InGameController : 0.80903864
River : 0.81938356
Europe : 0.80304646
Player : 0.805936
Building : 0.80819356
ServerListTableModel : ServerListTableModel is not exist in project code
ConnectController : 0.85856277
MetaServer : 0.8796948
Unit : 0.8012393
NoRouteToServerException : 0.0
NewPanel : 0.8218796
PreGameController : 0.8629469
GUI : 0.69685525
ChatMessage : 0.838187
ServerUnit : 0.81606877
ServerPlayer : 0.7974795
ServerEurope : 0.8126711
ServerColonyTile : 0.8411507
ServerIndianSettlement : 0.8132428
ServerGame : 0.8182474
ServerColony : 0.8251728
ServerBuilding : 0.8176742
ServerListPanel : 0.84730077
ServerInfo : 0.8461904
WorkLocation : 0.810954
See : See is not exist in project code
IndianSettlement : 0.7944373
LoadingSavegameDialog : 0.8182698
