InGameController : 0.8103034
Unit : 0.8150249
AssignTradeRouteMessage : 0.85227376
Player : 0.81701255
UpdateTradeRouteMessage : 0.8454192
SetTradeRoutesMessage : 0.83816147
ServerAPI : 0.7951476
TradeRouteInputDialog : 0.8064438
GUI : 0.69863576
TradeRouteAction : 0.84231085
Canvas : 0.8095669
MockModelController : 0.85670215
TradeRouteDialog : 0.81491625
AssignTradeRouteAction : 0.8297185
ChangeSet : 0.80894274
TradeRouteStop : 0.8385041
InPortPanel : InPortPanel is not exist in project code
GoingToPredicate : GoingToPredicate is not exist in project code
ActivePredicate : ActivePredicate is not exist in project code
TilePopup : 0.820739
NoRouteToServerException : 0.0
InGameInputHandler : 0.81461644
MarketData : 0.83553636
DiplomacyMessage : 0.8113965
NetworkConstants : 0.79743826
SettlementType : 0.8262329
DragListener : 0.8086795
TradeItem : 0.7969131
DiplomaticTrade : 0.8388594
NegotiationDialog : 0.8197353
IndianSettlement : 0.8077981
NativeAIPlayer : 0.81117773
AvoidSettlementsAndBlockingUnitsCostDecider : AvoidSettlementsAndBlockingUnitsCostDecider is not exist in project code
GameOptions : 0.0
GoodsTradeItem : 0.8280119
ReportTradeAction : 0.8317238
GoodsType : 0.81609005
GoldTradeItem : 0.82948995
AIPlayer : 0.8247768
ColonyTradeItem : 0.7988978
UnitTradeItem : 0.8320633
