River : 0.83802634
MapGeneratorTest : 0.8523487
FreeColServer : 0.83152413
Canvas : 0.8105631
GUI : 0.7080881
MockMapGenerator : 0.82800096
MapGenerator : 0.77527523
TerrainGenerator : 0.8612308
LandGenerator : 0.8647346
ShowMapGeneratorOptionsAction : 0.8174653
StartGamePanel : 0.8161969
MapGeneratorOptionsDialog : 0.83374876
SZAResource : 0.8187731
PreGameController : 0.86115485
Game : 0.83475983
MapGeneratorOptions : 0.8302157
SimpleZippedAnimation : 0.8195986
PreGameInputHandler : 0.8348071
MapEditorController : 0.83316666
CombatTest : 0.7911014
NewEmptyMapAction : 0.8296074
SaveLoadTest : 0.8329683
SimpleCombatModel : 0.79912186
FreeColSavegameFile : 0.81305367
GameOptions : 0.0
UnitImageAnimation : 0.829555
AllTests : 0.84168655
TileImprovement : 0.8310479
InGameControllerTest : 0.8040146
ServerTestHelper : 0.8297466
UnitTypeOption : 0.8090366
DetermineHighSeasAction : 0.8401845
RiverSection : 0.8022147
UnitAttackAnimation : 0.8162363
ScrollThread : ScrollThread is not exist in project code
CanvasMouseMotionListener : 0.81913704
MoveTest : 0.8313624
AIMain : 0.818827
HighScore : 0.8240558
ScaleMapAction : 0.83831924
AbstractOption : 0.8151702
