AllTests : 0.8679704
ScopeTest : 0.88035405
SimpleCombatModel : 0.81176525
ColonyBuilder : ColonyBuilder is not exist in project code
ServerPlayerTest : 0.88466704
UnitTypeChangeTest : 0.87217855
ServerTestHelper : 0.80342203
ClientTestHelper : 0.8471141
ServerUnitTest : 0.9101032
OptionTest : 0.8636554
GoodsTest : 0.87512743
MessagesTest : 0.8344802
MoveTest : 0.84475213
SpecificationTest : 0.85599965
Unit : 0.79182464
BuildingTest : 0.88902783
ServerIndianSettlementTest : 0.9122619
InGameControllerTest : 0.879712
ModifierTest : 0.8554248
ScoutingMissionTest : 0.84998894
REFAIPlayer : 0.8042152
ServerBuildingTest : 0.8653168
IndianSettlementTest : 0.8942467
TransportMissionTest : 0.88035595
AIColonyTest : 0.87470937
UnitLocation : 0.7741277
HighSeasTest : 0.89795196
SchoolTest : 0.86523587
BaseCostDeciderTest : 0.85892075
UnitSeekAndDestroyMissionTest : 0.85417676
PrivateerMissionTest : 0.8596184
MapTest : 0.8895039
MissionAssignmentTest : 0.8739533
ContactTest : 0.8929378
MarketTest : 0.80329365
StandardAIPlayerTest : 0.87788767
PrivateerMission : 0.82568735
LimitTest : 0.90807444
TensionTest : 0.8558597
ScoutingMission : 0.79341704
AbstractUnitTest : 0.8849397
