FreeColServer : 0.82664067
FreeColClient : 0.8368175
PreGameInputHandler : 0.89200294
AIInGameInputHandler : 0.85461384
CanvasKeyListener : CanvasKeyListener is not exist in project code
UserConnectionHandler : 0.8668633
ConnectController : 0.8584117
InputHandler : 0.8694426
PreGameController : 0.8713566
Connection : 0.83879066
CanvasMouseListener : 0.8162133
InGameController : 0.83693534
DummyConnection : 0.82742757
DefaultTransferHandler : 0.8027374
Building : 0.7895906
FreeColPanel : 0.8011015
EuropePanel : 0.8230542
Server : 0.8433603
Client : 0.84543157
FreeColDialog : 0.8202551
ColonyPanel : 0.79875106
FreeColMenuBar : 0.80431485
SoundPlayerThread : SoundPlayerThread is not exist in project code
ReceivingThread : 0.84551895
Canvas : 0.8097645
DefaultHandler : 0.844446
FreeColGameObject : 0.8316896
Goods : 0.8034916
DropListener : 0.82013345
Data : Data is not exist in project code
MessageHandler : 0.77589035
FreeColDragHandler : FreeColDragHandler is not exist in project code
ImageSelection : 0.79165995
FreeCol : 0.7841871
Message : 0.82631236
PlayersTableModel : PlayersTableModel is not exist in project code
Market : 0.795609
GUI : 0.73314226
MapGenerator : 0.7418034
WarehousePanel : WarehousePanel is not exist in project code
Game : 0.83057034
