FreeColClient : 0.8218925
PlayersTableModel : PlayersTableModel is not exist in project code
NextActiveUnitIterator : NextActiveUnitIterator is not exist in project code
NationCellRenderer : 0.81532884
ColorCellEditor : 0.7669901
Europe : 0.7956415
Game : 0.82224286
ServerPlayer : 0.79602337
AIInGameInputHandler : 0.8077052
Settlement : 0.8175693
FreeColServer : 0.81762123
MapGenerator : 0.7597578
ClientModelController : ClientModelController is not exist in project code
Market : 0.8123758
ServerModelController : ServerModelController is not exist in project code
InGameInputHandler : 0.79653054
FreeColGameObject : 0.8165913
StartGamePanel : 0.80254376
PreGameInputHandler : 0.80581397
InputHandler : 0.79345036
InGameController : 0.8011704
ModelController : 0.0
SoundPlayer : 0.78911996
NationCellEditor : 0.7751931
Unit : 0.8053914
PreGameController : 0.83157396
Canvas : 0.7988189
UserConnectionHandler : 0.8063405
SoundPlayerThread : SoundPlayerThread is not exist in project code
ModelMessage : 0.81383306
DummyConnection : 0.79474294
Tile : 0.8156923
EuropePanel : 0.80426574
ServerUnit : 0.81309456
UnitContainer : UnitContainer is not exist in project code
RecruitDialog : 0.7865909
Colony : 0.8059739
Map : 0.8151185
IndianSettlement : 0.79976493
Building : 0.8079077
ColonyTile : 0.80676425
