AIMain : 0.8391658
FreeColServerHolder : 0.85128605
UserConnectionHandler : 0.8393894
ServerTestHelper : 0.8524468
SaveLoadTest : 0.8446227
Controller : 0.84808785
AIInGameInputHandler : 0.8337574
Server : 0.8429336
FreeColClient : 0.8548913
FreeCol : 0.8237226
PreGameController : 0.8620275
InGameController : 0.8170579
ServerAPI : 0.79691166
MapEditorController : 0.8401362
ConnectController : 0.844523
InputHandler : 0.82460874
ServerInfo : 0.8505461
ChatMessage : 0.8385527
ClientTestHelper : 0.8499811
AIPlayer : 0.8320073
NewPanel : 0.8227739
ChooseFoundingFatherMessage : 0.8016196
DisconnectHandler : DisconnectHandler is not exist in project code
MonarchActionMessage : 0.8241206
Canvas : 0.81996375
ClearSpecialityMessage : 0.8418974
DisembarkMessage : 0.8388949
DisbandUnitMessage : 0.8391746
UpdateCurrentStopMessage : 0.83766764
ServerGame : 0.8327701
SetDestinationMessage : 0.8450979
MoveToMessage : 0.83837324
GetNationSummaryMessage : 0.8166578
PayArrearsMessage : 0.8311933
PayForBuildingMessage : 0.80586296
SetGoodsLevelsMessage : 0.7963862
BuildingPanel : 0.817395
DefaultTransferHandler : 0.82048076
CanvasMouseMotionListener : 0.8173042
OptionGroupUI : 0.8294963
FreeColPanel : 0.81072086
