MapEditorController : 0.84789056
FreeCol : 0.834239
FreeColServer : 0.83788764
InGameController : 0.791459
MapConverter : 0.8532657
SerializationTest : 0.7200775
SaveGameValidator : 0.8257935
MapGeneratorOptionsDialog : 0.8524799
Canvas : 0.82242364
FreeColDialog : 0.83010125
SaveLoadTest : 0.84637123
ServerTestHelper : 0.8518347
FreeColTcFile : 0.87602985
ConnectController : 0.83506805
InstallerTranslations : 0.74117905
SaveAndQuitAction : 0.86388123
FreeColClient : 0.8518899
FSGConverter : 0.85291564
SaveAction : 0.85446274
ModOption : 0.8484477
Messages : 0.8340167
FreeColModFile : 0.8714591
Mods : 0.86211264
MapEditorMenuBar : 0.82176423
FreeColDataFile : 0.86185026
InGameInputHandler : 0.8013897
SimpleMapGenerator : 0.81305367
Game : 0.82531786
OptionsDialog : 0.8471275
DefaultHandler : 0.86121476
ClientOptions : 0.7801319
MapGeneratorTest : 0.8062815
SoundTest : 0.8329209
ChoiceRenderer : ChoiceRenderer is not exist in project code
LanguageOption : 0.8247925
NewPanel : 0.81619984
ModOptionUI : 0.831663
MergeTranslations : 0.84594774
ErrorPanel : 0.8372285
FreeColModFileRenderer : FreeColModFileRenderer is not exist in project code
FreeColTestCase : 0.829048
