FreeColServer : 0.8620274
PlayersTableModel : PlayersTableModel is not exist in project code
FreeColClient : 0.8721048
ServerTestHelper : 0.87462837
SaveLoadTest : 0.8843881
PreGameInputHandler : 0.8777634
GameOptionsDialog : 0.86063087
ClientTestHelper : 0.893562
UnitLabel : 0.84905255
GUI : 0.7061847
MoveTest : 0.8672753
Market : 0.84112924
MapGeneratorOptionsDialog : 0.8622035
StartGamePanel : 0.85970044
Canvas : 0.84821385
FreeColPanel : 0.8317338
ServerPlayer : 0.84278876
InGameController : 0.8515827
ConnectController : 0.8793036
CombatModel : 0.72756356
UnloadAction : 0.8366979
MapControlsAction : 0.8499956
ClientOptions : 0.7929552
SaveAndQuitAction : 0.87915117
SaveAction : 0.8776471
OpenAction : 0.88277364
Game : 0.8655878
ImprovementAction : 0.8507273
ContinueAction : 0.8901104
ServerPlayerTest : 0.87190014
Colony : 0.83312166
DebugAction : 0.85709137
AllTests : 0.87562335
PlayersTable : 0.8305665
ClearOrdersAction : 0.8586762
InGameInputHandler : 0.8713566
DisbandUnitAction : 0.8578085
ReportTurnAction : 0.8678241
DeclareIndependenceAction : 0.8603439
InGameMenuBar : 0.86167383
SkipUnitAction : 0.8644155
