ServerModelController : ServerModelController is not exist in project code
ClientModelController : ClientModelController is not exist in project code
Colony : 0.81882256
Settlement : 0.83402383
Location : 0.76777935
ColonyTile : 0.8291794
Map : 0.84336317
Europe : 0.80607396
ASingleTilePanel : ASingleTilePanel is not exist in project code
TerrainGenerator : 0.8331625
GUI : 0.705528
Unit : 0.8179142
Building : 0.8194768
Canvas : 0.81832737
ServerPlayer : 0.8077094
Player : 0.8156923
LandGenerator : 0.84077513
ColonyPanel : 0.8064944
ImageLibrary : 0.8236264
ModelController : 0.0
TilePopup : 0.83999133
MiniMap : 0.82166713
IndianSettlement : 0.8079192
Goods : 0.82936174
InGameController : 0.81541234
MapGenerator : 0.77293503
TilePanel : 0.83113855
InGameInputHandler : 0.8137552
ServerUnit : 0.8347452
ImageProvider : ImageProvider is not exist in project code
MapControls : 0.8379964
NextActiveUnitIterator : NextActiveUnitIterator is not exist in project code
UnitLabel : 0.82936645
DragListener : 0.81870073
FreeColTextAreaUI : 0.8151044
FreeColMenuBarUI : 0.80322385
FreeColPopupMenuUI : 0.8022001
FreeColTextFieldUI : 0.8138226
FreeColPanelUI : 0.80198914
CanvasMouseListener : 0.81920785
InfoPanel : 0.8301242
