Unit : 0.8174554
ServerAPI : 0.8078619
DisbandUnitMessage : 0.83373684
DisembarkMessage : 0.8321877
ClearSpecialityMessage : 0.8378368
UpdateCurrentStopMessage : 0.8328369
FreeColServer : 0.82850164
MoveChange : MoveChange is not exist in project code
CashInTreasureTrainMessage : 0.8348052
PutOutsideColonyMessage : 0.8345194
TilePopup : 0.8582561
InGameController : 0.84092605
FreeColTestCase : 0.8341094
CloseTransactionMessage : 0.8326064
GetTransactionMessage : 0.83607036
GoodsForSaleMessage : 0.8388888
SetDestinationMessage : 0.8448328
MoveToMessage : 0.8397882
TrainUnitInEuropeMessage : 0.81880635
CostDeciders : 0.83355576
UnloadCargoMessage : 0.78544796
LoadCargoMessage : 0.80597234
PayArrearsMessage : 0.82367337
ServerPlayerTest : 0.8497447
ServerBuilding : 0.8408798
MoveMessage : 0.84370875
SpySettlementMessage : 0.8380179
SellMessage : 0.8369517
SellPropositionMessage : 0.8345943
BuyPropositionMessage : 0.836201
AskSkillMessage : 0.83689725
ScoutIndianSettlementMessage : 0.82969576
LearnSkillMessage : 0.83294475
EquipUnitMessage : 0.8332474
DeliverGiftMessage : 0.82118016
ChangeStateMessage : 0.83901185
ServerEurope : 0.82805365
ServerPlayer : 0.83500487
DeclineMoundsMessage : 0.8330686
ObjectChange : ObjectChange is not exist in project code
LootCargoMessage : 0.8194354
