Unit : 0.8109375
BuildQueuePanel : 0.81079227
Europe : 0.8025038
Player : 0.8126842
FreeColGameObjectType : 0.82233113
ColopediaGameObjectTypePanel : 0.8067387
Settlement : 0.8238393
ServerEurope : 0.8045467
FeatureContainer : 0.8318823
UnitTypeChange : 0.8291255
RandomRange : 0.82852
ModifierTest : 0.8024884
GoodsType : 0.8043082
Ability : 0.7888446
Building : 0.81250924
Colony : 0.8104551
ColonyTest : 0.76862013
ResourceType : 0.82402563
TileType : 0.807681
FoundingFatherTest : 0.79757273
ServerPlayer : 0.7995845
TileImprovementType : 0.82083356
NationType : 0.81102335
IndividualFatherTest : 0.7919298
BuildingTest : 0.7660395
BuildingType : 0.8117099
EquipmentType : 0.8195462
SimpleCombatModel : 0.7741442
ColonyTile : 0.8122993
UnitType : 0.82082754
Resource : 0.82857543
ServerPlayerTest : 0.81202394
NationTypeDetailPanel : 0.79370207
ColonyProductionTest : 0.7983446
ServerBuildingTest : 0.7564316
IndianSettlement : 0.7982279
UnitTest : 0.786727
EuropeanAIPlayer : 0.8055157
ResourcesDetailPanel : 0.8154171
NativeAIPlayer : 0.8062037
WorkLocationPlan : 0.8171326
