ServerAPI : 0.7518215
PreGameController : 0.8274542
BuildingPanel : 0.80787
AIMain : 0.8082274
DefaultTransferHandler : 0.8098317
CanvasMouseMotionListener : 0.8184286
OptionGroupUI : 0.82320607
FreeColPanel : 0.7988421
DragListener : 0.8049533
GUI : 0.70515245
MapViewer : 0.8152895
FreeColMenuBar : 0.8128309
InputHandler : 0.7943996
UnitLabel : 0.81947166
ConstructionPanel : 0.78570646
CanvasMouseListener : 0.8010544
ConnectController : 0.82876855
ListOptionUI : 0.8172728
UnitAttackAnimation : 0.80193716
Canvas : 0.798719
ActionManager : 0.82069576
CanvasMapEditorMouseListener : 0.81487316
DebugMenu : 0.80825704
UnitMoveAnimation : 0.8196312
TilePopup : 0.80646086
FreeColAction : 0.82303923
MapControls : 0.81714976
InGameController : 0.7706776
WindowedFrameListener : 0.77765876
MiniMap : 0.80469817
FreeColServerHolder : 0.8261933
UserConnectionHandler : 0.8127623
FreeColToolTipUI : 0.81531984
FreeColClient : 0.8425877
OwnedChange : OwnedChange is not exist in project code
ServerTestHelper : 0.8291254
SaveLoadTest : 0.8269773
Controller : 0.8339328
RemoveChange : RemoveChange is not exist in project code
FreeColGameObjectType : 0.79934657
FreeColPanelUI : 0.7955271
