GUI : 0.69950354
Canvas : 0.83009815
ReportTurnAction : 0.82931316
ReportPanel : 0.8328752
ReportHighScoresPanel : 0.82833636
ReportHistoryPanel : 0.0
InfoPanel : 0.8298868
ReportLabourDetailPanel : 0.8390275
OptionGroupUI : 0.83631825
ReportContinentalCongressPanel : 0.8293368
MessagesTest : 0.8382671
ReportTradePanel : 0.8269072
CompactLabourReport : 0.82962435
ReportExplorationPanel : 0.8399197
ReportColonyPanel : 0.82702637
FatherDetailPanel : 0.8414509
InGameController : 0.81794906
ReportLabourAction : 0.8197741
ReportIndianPanel : 0.86242706
ReportLabourPanel : 0.8282464
ReportEducationPanel : 0.85424584
ReportTradeAction : 0.82278645
ReportHistoryAction : 0.8243057
ReportExplorationAction : 0.8243897
ReportProductionAction : 0.82068473
ReportMilitaryAction : 0.80086476
ReportColonyAction : 0.8303348
ReportIndianAction : 0.7885121
ReportCargoAction : 0.8217633
ReportEducationAction : 0.81509733
ProductionLabel : 0.82442987
ReportContinentalCongressAction : 0.80774593
ReportReligionAction : 0.8117125
ReportNavalAction : 0.8250936
ReportForeignAction : 0.8199269
ReportRequirementsAction : 0.8194206
ActionManager : 0.8358277
Game : 0.8258183
ReportForeignAffairPanel : 0.0
ReportReligiousPanel : 0.0
InGameMenuBar : 0.8472104
