EditSettlementDialog : 0.7945126
Unit : 0.8028283
CreateMissionAtSettlementGoal : 0.7935499
GUI : 0.69102377
Player : 0.79976493
Canvas : 0.7897259
Ability : 0.77737653
Tile : 0.8079192
NativeAIPlayer : 0.8095892
ServerIndianSettlement : 0.8193092
ScoutIndianSettlementMessage : 0.8100439
FreeColServer : 0.8097113
IndianSettlementBuilder : IndianSettlementBuilder is not exist in project code
InGameController : 0.800488
FindSettlementDialog : 0.79819185
TilePopup : 0.8117563
ServerPlayer : 0.79413617
ManageMissionariesGoal : 0.7974419
IndianSettlementPanel : 0.8100629
SettlementTransform : SettlementTransform is not exist in project code
SettlementRenderer : SettlementRenderer is not exist in project code
IndianSettlementTest : 0.79304373
SimpleMapGenerator : 0.8063552
NegotiationDialog : 0.80753666
DiplomacyMessage : 0.8010751
SettlementTest : 0.78909355
UnitTest : 0.789891
NationTypeTest : 0.75309724
AIMessage : 0.7747178
TensionTest : 0.81758773
InGameControllerTest : 0.7709746
ReportIndianPanel : 0.8102187
DefendSettlementMission : 0.8082603
MapViewer : 0.78973806
IndividualFatherTest : 0.7958248
ServerAPI : 0.7881564
GoodsForSaleMessage : 0.8281468
IndianDemandMission : 0.8040718
SelectDestinationDialog : 0.8018072
BaseCostDeciderTest : 0.8237377
MapTest : 0.8009743
