ConceptDetailPanel : 0.8316437
ColopediaGameObjectTypePanel : 0.85486835
ColopediaTreeItem : 0.8643252
NationTypeDetailPanel : 0.85718775
UnitDetailPanel : 0.8830895
BuildingDetailPanel : 0.864038
GUI : 0.7229215
ResourcesDetailPanel : 0.873234
FatherDetailPanel : 0.8627047
TerrainDetailPanel : 0.89914227
GoodsDetailPanel : 0.8431977
NationDetailPanel : 0.8412917
TilePanel : 0.8903839
Canvas : 0.85270035
ColopediaDetailPanel : 0.8191033
ColopediaAction : 0.8165847
FreeColMenuBar : 0.87343735
MonarchPanel : 0.88659173
ChooseFoundingFatherDialog : 0.8647034
FreeColLookAndFeel : 0.8474513
DragListener : 0.8719171
ReportPanel : 0.8419342
ClassicMapControls : 0.87729377
FreeColPanel : 0.84765565
ColopediaTreeCellRenderer : 0.9029427
FileOptionUI : 0.87811464
ListOptionUI : 0.87413716
AudioMixerOptionUI : 0.8650071
FreeColActionUI : 0.8631038
AbstractUnitOptionUI : 0.86612266
InfoPanel : 0.86586106
UnitLabel : 0.8517587
EuropePanel : 0.8604727
ReportLabourDetailPanel : 0.8740359
PlayersTable : 0.8172998
TradeRouteInputDialog : 0.8735412
ColonyPanel : 0.8467941
StopRenderer : StopRenderer is not exist in project code
OptionsDialog : 0.875542
MarketPanel : MarketPanel is not exist in project code
DeclarationDialog : 0.88625455
