DOMMessageCallable : DOMMessageCallable is not exist in project code
FreeColClient : 0.8497225
BaseCostDeciderTest : 0.8464999
IndianSettlementBuilder : IndianSettlementBuilder is not exist in project code
MapBuilder : MapBuilder is not exist in project code
ColonyBuilder : ColonyBuilder is not exist in project code
FreeColGameObject : 0.8432321
Goods : 0.82644534
DiplomaticTrade : 0.830438
HighSeas : 0.82940805
FreeColServer : 0.84165436
Region : 0.83986884
TradeItem : 0.7920204
FreeColTestCase : 0.8412082
Player : 0.8222428
WorkLocation : 0.8135933
AbstractMission : 0.8318957
InputHandler : 0.82019854
AIMain : 0.8381173
Unit : 0.8167488
AIObject : 0.83861303
StartGamePanel : 0.83217895
UnitLabel : 0.8318095
Canvas : 0.8193221
PlayersTableModel : PlayersTableModel is not exist in project code
HighScore : 0.83252484
NewPanel : 0.81589425
ServerInfo : 0.8435417
ServerTestHelper : 0.8439171
GoToMission : 0.8337723
FreeColPanel : 0.80610704
ImprovementMission : 0.82329655
UnitLocation : 0.81695473
FreeColServerHolder : 0.8480966
CompoundMission : 0.8204893
GoodsLocation : 0.8120286
MockMapGenerator : 0.832018
PrivateerMissionTest : 0.8313103
IndianDemandMessage : 0.82626176
NewLandNameMessage : 0.8446646
ResourceManager : 0.82801926
