NegotiationDialog : 0.8211809
DiplomacyMessage : 0.81757146
DefendSettlementMission : 0.82970184
GoodsTradeItem : 0.8296065
Tile : 0.83402383
PlayerExploredTile : 0.8247877
EditSettlementDialog : 0.81157476
Player : 0.8175693
IndianSettlement : 0.813526
ImageLibrary : 0.8229799
DeliverGiftMessage : 0.82651937
CloseTransactionMessage : 0.8391936
Map : 0.8336198
BuyMessage : 0.842058
Unit : 0.82024693
NationType : 0.8256111
GoodsForSaleMessage : 0.83800894
NationSummary : 0.82644767
SellMessage : 0.83741474
SellPropositionMessage : 0.8357782
GetTransactionMessage : 0.84284407
BuyPropositionMessage : 0.8370879
ClaimLandMessage : 0.84267354
IndianSettlementBuilder : IndianSettlementBuilder is not exist in project code
Territory : Territory is not exist in project code
Location : 0.7831351
CreateMissionAtSettlementGoal : 0.8069176
MapGeneratorOptions : 0.80664206
FindSettlementDialog : 0.81875384
WorkLocation : 0.814425
UnitLocation : 0.8223023
GUI : 0.699042
Canvas : 0.81065035
CostDeciders : 0.83472246
InGameController : 0.8110522
DiplomacySession : 0.82060415
Ability : 0.7933355
MissionaryMessage : 0.8293109
NativeAIPlayer : 0.8142792
Game : 0.8310728
Tension : 0.81466395
