FreeColPanelUI : 0.8086267
DragListener : 0.8254675
DefaultTransferHandler : 0.81974286
FreeColSelectedPanelUI : 0.8205868
FreeColTransparentPanelUI : 0.82426757
FreeColBrightPanelUI : 0.8194138
Canvas : 0.8187432
UnitDetailPanel : 0.835155
BuildingDetailPanel : 0.82063055
ConceptDetailPanel : 0.7927329
NationTypeDetailPanel : 0.8098028
NewPanel : 0.8145831
StartGamePanel : 0.8204986
TilePanel : 0.8486533
EuropeCargoPanel : EuropeCargoPanel is not exist in project code
ResourcesDetailPanel : 0.82388157
FatherDetailPanel : 0.81073344
TerrainDetailPanel : 0.84326446
GoodsDetailPanel : 0.80008954
NationDetailPanel : 0.7945272
ColopediaGameObjectTypePanel : 0.8247124
ReportLabourDetailPanel : 0.82472485
CompactLabourReport : 0.8178339
ColopediaAction : 0.79470235
DefaultBuildQueueCellRenderer : DefaultBuildQueueCellRenderer is not exist in project code
ColonyCargoPanel : ColonyCargoPanel is not exist in project code
ClientOptionsDialog : 0.8350956
InfoPanel : 0.8291174
ReportLabourPanel : 0.79836005
ColopediaPanel : 0.8476556
FreeColLookAndFeel : 0.8240072
ReportColonyPanel : 0.801324
StatusPanel : 0.8482973
ClassicMapControls : 0.83654344
UnitCellRenderer : UnitCellRenderer is not exist in project code
SaveAction : 0.8369999
MapEditorController : 0.83062506
BuildingPanel : 0.81942946
CargoPanel : 0.82582057
FreeCol : 0.7988421
ReportEducationPanel : 0.84673095
