BuildingPanel : 0.8232278
ColonyPlan : 0.8126702
ColonyPanel : 0.7954191
BuildQueuePanel : 0.8181284
CompactLabourReport : 0.8090749
Colony : 0.82539326
GoodsType : 0.8206378
SetBuildQueueMessage : 0.81478405
Modifier : 0.8105739
Consumer : 0.75439525
Specification : 0.80062115
Unit : 0.8154495
BuildQueue : 0.84098244
ASingleBuildingPanel : ASingleBuildingPanel is not exist in project code
BuildQueueTransferable : BuildQueueTransferable is not exist in project code
BuildingTest : 0.7775315
MissionAssignmentTest : 0.80676466
ColonyProductionTest : 0.8042939
InGameControllerTest : 0.76359177
ColonyTest : 0.7804022
SchoolTest : 0.7890853
ServerColonyTest : 0.8032996
ServerBuildingTest : 0.76636934
AIColonyTest : 0.8074173
BuildingType : 0.8331868
Ability : 0.78437984
BuildColonyAction : 0.81939566
ReportColonyPanel : 0.79439414
InstallerTranslations : 0.7301199
ConstructionPanel : 0.79554474
BuildableType : 0.83480906
GUI : 0.68666446
BuildingsPanel : BuildingsPanel is not exist in project code
ServerAPI : 0.7973314
ProductionCache : 0.82873136
ColopediaDetailPanel : 0.7910094
ColonyPlanTest : 0.7522433
TileTest : 0.7386425
ServerUnitTest : 0.790409
UnitTest : 0.78232723
IndividualFatherTest : 0.79979384
