ServerAPI : 0.80483806
PreGameController : 0.87210464
BuildingPanel : 0.8377379
DefaultTransferHandler : 0.84109414
CanvasMouseMotionListener : 0.8434873
OptionGroupUI : 0.8492129
FreeColPanel : 0.8273757
DragListener : 0.83917147
GUI : 0.72406006
MapViewer : 0.8388277
FreeColMenuBar : 0.8462296
InputHandler : 0.8352605
UnitLabel : 0.8497737
FreeCol : 0.8425877
ConstructionPanel : 0.8149302
CanvasMouseListener : 0.8406728
ConnectController : 0.86552435
ListOptionUI : 0.8405659
UnitAttackAnimation : 0.8347252
Canvas : 0.8421322
ActionManager : 0.852863
CanvasMapEditorMouseListener : 0.84477013
DebugMenu : 0.8477606
UnitMoveAnimation : 0.84754425
TilePopup : 0.85048395
FreeColAction : 0.84903723
MapControls : 0.85749006
InGameController : 0.8190328
WindowedFrameListener : 0.82470685
MiniMap : 0.8385355
MapEditorController : 0.86618316
UnloadAction : 0.8303279
ToggleViewModeAction : 0.85787153
NewAction : 0.87019044
ReportColonyAction : 0.85940415
ReportNavalAction : 0.8563528
ReportHighScoresAction : 0.86279374
TradeRouteAction : 0.85501796
ReportContinentalCongressAction : 0.83994627
ReportMilitaryAction : 0.835237
ReportRequirementsAction : 0.8505385
