Canvas : 0.8375184
ConnectController : 0.8478503
ChooseFoundingFatherDialog : 0.846139
QuitDialog : QuitDialog is not exist in project code
InGameController : 0.79563385
InGameInputHandler : 0.8202551
EuropePanel : 0.8411616
ErrorPanel : 0.8692843
InputHandler : 0.82576543
PlayersTableModel : PlayersTableModel is not exist in project code
EventPanel : 0.8667172
AIInGameInputHandler : 0.8206276
FreeColClient : 0.8451019
FreeCol : 0.80965346
FreeColLookAndFeel : 0.8309503
Server : 0.831356
Controller : 0.8448402
PreGameController : 0.8478834
UserConnectionHandler : 0.8315228
ImageLibrary : 0.80879116
ColonyPanel : 0.82558364
CaptureGoodsDialog : 0.84729713
FreeColTableUI : 0.85015553
FreeColTableHeaderUI : 0.8442494
FreeColBrightPanelUI : 0.8268194
GoodsLabel : 0.8255342
FreeColScrollPaneUI : 0.85173345
FreeColCheckBoxUI : 0.85359067
FreeColLabelUI : 0.8521591
FreeColException : 0.0
ColorCellEditor : 0.846599
PreGameInputHandler : 0.8282357
FreeColMenuItemUI : 0.8509858
ServerModelObject : 0.7422534
EmigrationPanel : 0.84953463
Playlist : 0.82587504
StatusPanel : 0.8590429
FreeColRadioButtonUI : 0.852771
FreeColPanel : 0.82776487
FreeColComboBoxRenderer : 0.8558668
FileList : 0.8527754
