GUI : 0.7173349
FreeColMenuBarUI : 0.8489894
FreeColMenuTest : 0.8677246
InGameMenuBar : 0.85956055
MapEditorMenuBar : 0.8814976
DebugMenu : 0.83599484
InGameController : 0.7808558
FreeColPopupMenuUI : 0.8486093
Canvas : 0.83383924
UpdateMenuBarSwingTask : UpdateMenuBarSwingTask is not exist in project code
DragListener : 0.85348165
FreeColMenuItemUI : 0.87375426
NewLandNameSwingTask : NewLandNameSwingTask is not exist in project code
FreeColProgressBar : 0.8433214
PreGameController : 0.8452358
TilePopup : 0.8401739
FreeColLookAndFeel : 0.8251321
ColopediaPanel : 0.87343735
ClientOptionsDialog : 0.8525463
InGameInputHandler : 0.8043149
MapViewer : 0.8307798
ReportReligiousPanel : 0.0
DetermineHighSeasAction : 0.8622123
FreeColClient : 0.8462295
DisplayTileTextAction : 0.8248987
FreeCol : 0.8128309
ServerAPI : 0.76910025
BuildingPanel : 0.836277
AIMain : 0.82321495
DefaultTransferHandler : 0.8436821
CanvasMouseMotionListener : 0.8443333
OptionGroupUI : 0.851199
FreeColPanel : 0.83156145
InputHandler : 0.8181878
UnitLabel : 0.8442431
ConstructionPanel : 0.8104543
CanvasMouseListener : 0.8383019
ConnectController : 0.8433229
ListOptionUI : 0.8576628
UnitAttackAnimation : 0.8118141
ActionManager : 0.854129
