OwnedChange : OwnedChange is not exist in project code
RemoveChange : RemoveChange is not exist in project code
FreeColGameObjectType : 0.8364799
ObjectChange : ObjectChange is not exist in project code
Game : 0.8229629
FreeColGameObjectListener : 0.772877
Controller : 0.8403333
FreeColGameObject : 0.8440535
InputHandler : 0.8348891
FreeColAction : 0.8389453
FreeColServerHolder : 0.82511586
AIMain : 0.8357484
UserConnectionHandler : 0.8406914
AIUnit : 0.8140806
Operand : 0.8417178
Messages : 0.82250804
Limit : 0.8266438
UnitLocation : 0.81602746
Specification : 0.796138
Colony : 0.8022234
GoodsContainer : 0.8070096
UnloadAction : 0.80478585
ToggleViewModeAction : 0.8234448
NewAction : 0.828249
ReportColonyAction : 0.8278789
ReportNavalAction : 0.82639706
ReportHighScoresAction : 0.8267308
TradeRouteAction : 0.8204301
ReportContinentalCongressAction : 0.80730104
ReportMilitaryAction : 0.7938634
ReportRequirementsAction : 0.819641
PreGameController : 0.8352877
RenameAction : 0.8066034
GotoAction : 0.8169662
ReportCargoAction : 0.8188157
GotoTileAction : 0.8185118
ReportForeignAction : 0.8175457
LoadAction : 0.8104284
ReportLabourAction : 0.8002838
ChangeAction : 0.8260103
ReportIndianAction : 0.7864617
