InputHandler : 0.7943996
PlayersTableModel : PlayersTableModel is not exist in project code
EventPanel : 0.830752
AIInGameInputHandler : 0.79719776
FreeColClient : 0.8425877
FreeColLookAndFeel : 0.80652255
FreeColDialog : 0.80965346
Server : 0.8286902
Controller : 0.8339328
PreGameController : 0.8274542
UserConnectionHandler : 0.8127623
ConnectController : 0.82876855
InGameController : 0.7706776
ImageLibrary : 0.7778276
ColonyPanel : 0.7976537
InGameInputHandler : 0.78418714
FreeColTableUI : 0.80806726
FreeColTableHeaderUI : 0.808369
FreeColBrightPanelUI : 0.80039895
GoodsLabel : 0.7908145
FreeColScrollPaneUI : 0.80677456
FreeColCheckBoxUI : 0.8065605
FreeColLabelUI : 0.8079968
FreeColException : 0.0
ColorCellEditor : 0.8011586
PreGameInputHandler : 0.7962469
FreeColMenuItemUI : 0.8054156
ServerModelObject : 0.74725103
CaptureGoodsDialog : 0.8021172
EmigrationPanel : 0.7973042
Playlist : 0.81463397
StatusPanel : 0.81472933
FreeColRadioButtonUI : 0.8049949
FreeColPanel : 0.7988421
FreeColComboBoxRenderer : 0.81120175
FileList : 0.83988786
NationCellEditor : 0.7690664
DropListener : 0.7964621
UnitButton : 0.8116595
FreeColListUI : 0.8154541
NationCellRenderer : 0.7972468
