Game : 0.80445737
AIColony : 0.7739805
HistoryEvent : 0.8241646
PathNode : 0.8166362
Destination : Destination is not exist in project code
LastSale : 0.8090584
Feature : 0.8173539
Colony : 0.7874354
BaseCostDecider : 0.8173037
ServerBuildingTest : 0.7315354
TileImprovement : 0.8120436
HighScore : 0.81436414
Region : 0.8089966
InfoPanel : 0.7743666
ColonyPlan : 0.76821965
InGameController : 0.7801993
AbstractMission : 0.8187893
UnitTypeChange : 0.79984635
Unit : 0.78935176
ClientOptions : 0.72329056
ReportTurnAction : 0.80169976
TileType : 0.7862988
FreeCol : 0.75433046
Messages : 0.7866913
ServerIndianSettlement : 0.7982566
TileImprovementType : 0.79192907
EndTurnAction : 0.8068177
GameTest : 0.7738974
Modifier : 0.7884245
FreeColClient : 0.7964427
CostDecider : 0.76526964
ServerAPI : 0.76875466
GUI : 0.6801232
AIMessage : 0.75547415
ColonyTest : 0.73580897
Canvas : 0.7728173
Ability : 0.75726885
Movable : 0.76103497
ServerTestHelper : 0.7990833
InGameInputHandler : 0.7602159
EuropeanAIPlayer : 0.7810505
