FreeColClient : 0.78903013
Canvas : 0.76362324
FreeColPanel : 0.7696864
ClientOptionsDialog : 0.78992116
FreeCol : 0.8037754
GUI : 0.68439037
FreeColSavegameFile : 0.7801319
SelectableAction : 0.7783661
SoundTest : 0.79348713
OptionUI : 0.7844385
OptionGroupUI : 0.77863014
StartGamePanel : 0.77619904
DisplayTileTextAction : 0.75457
AudioMixerOption : 0.7729299
MiniMap : 0.7620559
PreGameController : 0.7929553
InGameController : 0.7483315
Animations : 0.7446075
ReportLabourAction : 0.76321
GameOptionsDialog : 0.78248465
ShowGameOptionsAction : 0.75267243
ShowMapGeneratorOptionsAction : 0.7690146
DisplayGridAction : 0.75738215
MapControlsAction : 0.76222265
DisplayBordersAction : 0.7628021
ReportColonyPanel : 0.7643005
EditDialog : EditDialog is not exist in project code
FreeColAction : 0.78462756
PreGameInputHandler : 0.77805096
OptionsDialog : 0.7932145
PreferencesAction : 0.7608727
ListOptionUI : 0.78827816
CanvasMapEditorMouseListener : 0.7721149
OptionGroup : 0.76938045
ProductionLabel : 0.7749283
ActionManager : 0.77775836
ConnectController : 0.79076236
DifficultyDialog : 0.78173774
FreeColDialog : 0.7728441
MapEditorMenuBar : 0.7984406
Language : Language is not exist in project code
