PioneeringMission : 0.8238628
Player : 0.8033199
FreeColServer : 0.81242216
NationSummary : 0.8222494
ServerGame : 0.8181307
Game : 0.81803423
Goal : 0.78735214
AIPlayer : 0.81629497
NationType : 0.8035771
TransportMission : 0.81156427
TensionTest : 0.8362043
GameOptions : 0.0
MissionAssignmentTest : 0.83364755
AIMain : 0.81012636
AIUnit : 0.80730736
FreeColTestCase : 0.81781554
NativeAIPlayer : 0.8318107
PioneeringMissionTest : 0.8310962
PlayerTest : 0.81604207
AIColony : 0.8172318
IndianSettlement : 0.803058
AIInGameInputHandler : 0.81541324
InGameController : 0.82003254
UserConnectionHandler : 0.8057346
Monarch : 0.793289
REFAIPlayer : 0.8265147
GameTest : 0.81855345
PreGameController : 0.8456341
Tile : 0.81565964
NationOptions : 0.7993526
Mission : 0.8088329
MapGeneratorTest : 0.82974464
ServerPlayer : 0.8152
FoundingFather : 0.7894536
ChangeSet : 0.78999716
InGameInputHandler : 0.8135897
GotoAdjacentGoal : 0.79370666
UnitTest : 0.82112145
PlayersTableModel : PlayersTableModel is not exist in project code
Colony : 0.8091989
SimpleMapGenerator : 0.8265298
