AIGoods : 0.8193369
AIUnit : 0.8232248
CashInTreasureTrainMission : 0.8257267
Wish : 0.8302736
EuropeanAIPlayer : 0.8115643
Transportable : 0.7600402
AIColony : 0.7927775
WishRealizationMission : 0.8123531
ScoutingMission : 0.81960624
BuildColonyMission : 0.8175436
DefendSettlementMission : 0.8151216
UnitSeekAndDestroyMission : 0.82480586
PioneeringMission : 0.8122819
IdleAtColonyMission : 0.825693
WorkInsideColonyMission : 0.81011546
AllTests : 0.824868
Mission : 0.8188997
ColonyPlan : 0.7966361
PrivateerMission : 0.8330081
TransportMissionTest : 0.8154024
CompoundMission : 0.79583406
Monarch : 0.7925433
GoToMission : 0.82226944
REFAIPlayer : 0.8088205
AIPlayer : 0.81408894
MissionManager : 0.80927736
ImprovementMission : 0.80566263
MapViewer : 0.80487853
AbstractMission : 0.8141241
IndianDemandMission : 0.8100921
PathNode : 0.8229741
Unit : 0.807165
IndianBringGiftMission : 0.812046
MissionAssignmentTest : 0.8165227
GoodsWish : 0.8160803
WorkerWish : 0.8366947
NativeAIPlayer : 0.81046456
UnitWanderMission : 0.8229459
UnitWanderHostileMission : 0.82635903
UnitTest : 0.8023311
CreateMissionAtSettlementGoal : 0.79990804
