FreeColBrightPanelUI : 0.8194138
FreeColPanelUI : 0.8086267
ColonyPanel : 0.8135429
Canvas : 0.8187432
MainPanel : 0.8436698
VictoryPanel : 0.84914005
ChatPanel : 0.83595043
FreeColDialog : 0.82776487
InfoPanel : 0.8291174
EuropePanel : 0.82842964
MapControls : 0.8378724
FreeColMenuBar : 0.8315614
ErrorPanel : 0.84356034
ChooseFoundingFatherDialog : 0.8219014
NewPanel : 0.8145831
ConnectController : 0.82074213
InGameInputHandler : 0.8011015
InGameController : 0.783282
StartGamePanel : 0.8204986
FreeColLookAndFeel : 0.8240072
PreGameController : 0.8317339
PreGameInputHandler : 0.81094325
EventPanel : 0.8558006
InputHandler : 0.8069185
PlayersTableModel : PlayersTableModel is not exist in project code
AIInGameInputHandler : 0.8018281
FreeColClient : 0.82737577
CargoPanel : 0.82582057
DefaultTransferHandler : 0.81974286
MarketPanel : MarketPanel is not exist in project code
RecruitDialog : 0.8218198
DragListener : 0.8254675
FreeCol : 0.7988421
MiniMap : 0.8225924
Server : 0.81281805
Controller : 0.8273582
UserConnectionHandler : 0.81051034
GUI : 0.7167889
ImageLibrary : 0.8118322
TilePopup : 0.82240576
ProductionPanel : ProductionPanel is not exist in project code
