ImprovementMission : 0.8353141
ImprovementAction : 0.8289275
TileImprovementPlan : 0.8328249
PioneeringMission : 0.8164193
TileImprovementType : 0.8430047
Unit : 0.82210326
AIColony : 0.8055842
Specification : 0.80425173
TileItemContainer : 0.8411011
Tile : 0.8377644
EuropeanAIPlayer : 0.8090616
ColonyPlanTest : 0.7639976
ServerUnitTest : 0.808517
TileTest : 0.75704145
InGameControllerTest : 0.7758174
TileType : 0.825567
RiverSection : 0.82554805
River : 0.82307607
TerrainGenerator : 0.83098006
InGameController : 0.8081465
Player : 0.81785804
ChangeWorkImprovementTypeMessage : 0.8318067
TileItemContainerTest : 0.8092996
ServerAPI : 0.79289377
AIGoods : 0.82125324
ColonyTile : 0.8259513
ActionManager : 0.8292474
Ability : 0.7994418
Colony : 0.82078904
MapViewer : 0.82560366
RiverTransform : RiverTransform is not exist in project code
MovementTest : 0.81408846
AIMessage : 0.77993065
Modifier : 0.8311794
AbstractMission : 0.84021544
ServerUnit : 0.8253273
PioneeringMissionTest : 0.83368593
ImageLibrary : 0.82683843
ServerColony : 0.82092124
SimpleMapGenerator : 0.8310479
PathNode : 0.84888965
