Player : 0.8069708
Specification : 0.7998201
SpecificationTest : 0.80431175
Nation : 0.8138912
NationTypeDetailPanel : 0.81302667
HighScore : 0.81897336
PreGameController : 0.83007026
NationTypeTest : 0.7841712
NationCellRenderer : 0.80069053
NationOptions : 0.8212094
AdvantageCellEditor : 0.76815915
PreGameInputHandler : 0.81882095
PlayersTableModel : PlayersTableModel is not exist in project code
Settlement : 0.8256111
AIPlayer : 0.80783117
EuropeanNationType : 0.8113387
IndianNationType : 0.8174658
AvailableCellEditor : AvailableCellEditor is not exist in project code
NationDetailPanel : 0.8063311
Unit : 0.80808496
ServerPlayer : 0.7974052
PlayerCellRenderer : PlayerCellRenderer is not exist in project code
EditSettlementDialog : 0.7987199
ColonyPlan : 0.80533284
AdvantageCellRenderer : 0.7962631
NationCellEditor : 0.76815915
GameTest : 0.8035025
FoundingFatherTest : 0.8050218
Game : 0.81613135
DeclareIndependenceMessage : 0.83369905
Modifier : 0.8090342
ServerUnit : 0.8154108
FreeColTestCase : 0.8148193
PlayerTest : 0.79057497
PlayersTable : 0.7883641
SimpleMapGenerator : 0.8176415
ImageLibrary : 0.7982686
ServerPlayerTest : 0.816105
MapGeneratorTest : 0.8078391
InGameController : 0.8042782
StartGamePanel : 0.7826507
