NationOptions : 0.79372525
Limit : 0.780138
NewPanel : 0.78911126
Game : 0.8058447
Event : 0.8069947
OptionGroup : 0.80817884
Nation : 0.796916
ResourceType : 0.8077864
GoodsType : 0.7959237
TileType : 0.7999219
FreeColObject : 0.796138
AbstractUnitOption : 0.8079342
FreeColGameObjectType : 0.7942773
EquipmentType : 0.8047573
BuildableType : 0.81746167
FreeColTestCase : 0.8005595
FreeColModFile : 0.7973239
ColonyPlan : 0.79489
RangeOption : 0.8092921
BooleanOption : 0.7985818
IntegerOption : 0.80893177
PercentageOption : 0.802859
DifficultyDialog : 0.7974086
ListOption : 0.8071512
FreeColServer : 0.8021448
ModOption : 0.8068779
SelectOption : 0.805431
AIObject : 0.8050796
FileOption : 0.8071231
StringOption : 0.8032043
AbstractOption : 0.8094287
IndianNationType : 0.79186386
EuropeanNationType : 0.7862107
GUI : 0.6951488
LanguageOption : 0.7996762
AudioMixerOption : 0.7900961
UnitListOption : 0.8042069
ModListOption : 0.8022677
FreeColGameObject : 0.8029017
InGameController : 0.7800352
UnitTypeOption : 0.80343664
