AbstractUnit : 0.8460232
RecruitDialog : 0.80123067
HighScore : 0.8155536
ProductionData : ProductionData is not exist in project code
ReportProductionPanel : 0.82356185
EmigrationPanel : 0.8186409
AbstractUnitOption : 0.85297984
Messages : 0.81913203
NationSummary : 0.81530786
NationType : 0.82021314
Modifier : 0.82424194
Direction : Direction is not exist in project code
MockPseudoRandom : 0.8292139
River : 0.8023925
Territory : Territory is not exist in project code
AIPlayer : 0.8142729
NumberRules : 0.85236305
FreeColServer : 0.8263695
Colony : 0.8079454
MapGeneratorOptions : 0.8160925
Turn : 0.800093
ProductionLabel : 0.8211583
GoodsType : 0.80344564
Player : 0.8038031
ServerRegion : 0.8188592
BuildQueueTransferHandler : BuildQueueTransferHandler is not exist in project code
IndianSettlementBuilder : IndianSettlementBuilder is not exist in project code
NationOptions : 0.805407
InGameController : 0.79884124
LandGenerator : 0.818786
CLDRTest : 0.7820275
Relation : 0.80616784
FreeColTestCase : 0.82821554
Rule : 0.8122001
ProductionCache : 0.822418
ClientOptions : 0.76168436
NewLandNameMessage : 0.82618606
Game : 0.8231314
AbstractUnitOptionUI : 0.82327825
ListOption : 0.8548249
ReportTradePanel : 0.8192042
