FreeColGameObjectType : 0.78530616
Colony : 0.7837897
FeatureContainer : 0.80340517
Player : 0.78441024
Specification : 0.7899682
Scope : 0.81064594
BuildableType : 0.8051066
WorkLocation : 0.7760388
Unit : 0.7857338
EquipmentType : 0.80287427
SpecificationTest : 0.79403377
ScopeTest : 0.81551576
Building : 0.78437984
UnitType : 0.8042789
ColopediaGameObjectTypePanel : 0.7942555
Europe : 0.78102356
FoundingFather : 0.78641385
FreeColObject : 0.795393
Settlement : 0.7933355
SimpleCombatModel : 0.7910835
BuildingTest : 0.8022791
IndividualFatherTest : 0.7949649
TransportMission : 0.78349686
BuildQueue : 0.7895228
CompactLabourReport : 0.8117838
Consumer : 0.72602135
FoundingFatherTest : 0.80291694
BuildQueuePanel : 0.7986865
BuildingType : 0.7955366
Monarch : 0.7857034
ServerEurope : 0.78314966
EuropeTest : 0.82750386
AIColony : 0.76871985
PioneeringMission : 0.7866626
UnitLabel : 0.8066507
ServerBuilding : 0.7821292
Tile : 0.78562945
LabourData : 0.7996107
UnitTest : 0.813157
EuropeanAIPlayer : 0.77570987
IndianSettlement : 0.77737653
