EuropePanel : 0.798573
EuropeWas : 0.8059461
Player : 0.7956415
GUI : 0.6880688
MarketPanel : MarketPanel is not exist in project code
Canvas : 0.79053354
Destination : Destination is not exist in project code
Tile : 0.80607396
River : 0.78737694
TransportMission : 0.79618156
InGameController : 0.78855467
EuropeAction : 0.7890148
UnitData : UnitData is not exist in project code
Unit : 0.8016772
Specification : 0.78329563
TileType : 0.7998371
PrivateerMission : 0.8092259
ServerAPI : 0.78082585
ServerEurope : 0.7993111
Locatable : 0.7818646
Mission : 0.8049026
TrainUnitInEuropeMessage : 0.8123631
ServerPlayer : 0.7825132
UnitType : 0.81641316
InPortPanel : InPortPanel is not exist in project code
Ability : 0.78102356
GoodsType : 0.80063164
DocksPanel : DocksPanel is not exist in project code
EuropeanAIPlayer : 0.7891467
TileItem : 0.8237222
Goods : 0.80686706
LabourData : 0.8009661
AIMessage : 0.76885486
TrainDialog : 0.8044096
DebugMenu : 0.7887247
TransportMissionTest : 0.7992276
EuropeCargoPanel : EuropeCargoPanel is not exist in project code
SelectDestinationDialog : 0.79150933
UnitWas : 0.798205
AIUnit : 0.807473
ReportPanel : 0.8134741
