FreeCol : 0.7564634
OptionGroup : 0.78917724
OptionUI : 0.7921499
StringOption : 0.8020368
Specification : 0.74532837
ClientOptionsDialog : 0.7918556
StartGamePanel : 0.7715601
OptionGroupUI : 0.79396814
FreeColActionUI : 0.7367662
PlayersTableModel : PlayersTableModel is not exist in project code
MockMapGenerator : 0.79587865
FreeColClient : 0.7779334
Canvas : 0.7631933
TerrainGenerator : 0.7413337
LandGenerator : 0.76327807
AbstractOption : 0.8021489
GameOptionsDialog : 0.7942454
SimpleMapGenerator : 0.7453048
MessageType : MessageType is not exist in project code
MapGeneratorOptionsDialog : 0.77018887
Game : 0.7690575
SelectableAction : 0.78346974
OptionUpdater : 0.936606
EditDialog : EditDialog is not exist in project code
OptionsDialog : 0.7651287
ClientOptions : 0.7113319
ListOption : 0.8080639
GUI : 0.7633312
RangeOption : 0.8169105
BooleanOption : 0.81411004
IntegerOption : 0.8116966
PercentageOption : 0.81040204
ModOption : 0.8071119
SelectOption : 0.80789757
AbstractUnitOption : 0.80428225
FileOption : 0.81073874
ShowGameOptionsAction : 0.77198255
BooleanOptionUI : 0.81232697
UnitTypeOption : 0.7930425
MapGenerator : 0.8697059
LanguageOptionUI : 0.792937
