FreeColClient : 0.86552435
ServerPlayer : 0.8119885
InGameInputHandler : 0.8584118
Server : 0.85856277
FreeColServer : 0.8445229
UserConnectionHandler : 0.8668221
NewPanel : 0.8317083
InGameController : 0.8255344
Canvas : 0.8366736
Client : 0.8568146
InputHandler : 0.84765387
Game : 0.8395992
PlayersTableModel : PlayersTableModel is not exist in project code
Connection : 0.85242933
MainPanel : 0.8601959
StartGamePanel : 0.84310675
DummyConnection : 0.82882977
PreGameInputHandler : 0.8701378
MessageHandler : 0.76454735
ReceivingThread : 0.85723966
CanvasKeyListener : CanvasKeyListener is not exist in project code
ClientModelController : ClientModelController is not exist in project code
PreGameController : 0.8793036
ServerModelController : ServerModelController is not exist in project code
Controller : 0.8774791
ColonyPanel : 0.82694906
AIInGameInputHandler : 0.847967
ModelController : 0.0
FreeColMenuBar : 0.8433228
TrainDialog : 0.8573286
UnitButton : 0.8405706
MapControls : 0.8424266
UnitLabel : 0.8433617
PurchaseDialog : PurchaseDialog is not exist in project code
RecruitDialog : 0.84406936
CargoPanel : 0.83553904
EuropePanel : 0.84056574
ServerUnit : 0.8357857
BuildingBoxListener : BuildingBoxListener is not exist in project code
ChatPanel : 0.85187465
GUI : 0.7030825
