ChooseFoundingFatherDialog : 0.8567865
ReportLabourDetailPanel : 0.8225994
ColopediaDetailPanel : 0.7632961
ColopediaPanel : 0.86270463
ColopediaTreeItem : 0.80703974
ConceptDetailPanel : 0.7963683
NationTypeDetailPanel : 0.88199973
UnitDetailPanel : 0.8628939
BuildingDetailPanel : 0.8551268
ReportLabourPanel : 0.834476
ResourcesDetailPanel : 0.84596753
TerrainDetailPanel : 0.8870364
GoodsDetailPanel : 0.83624417
NationDetailPanel : 0.86328083
ReportContinentalCongressPanel : 0.879082
ColopediaGameObjectTypePanel : 0.8216453
ChooseFoundingFatherMessage : 0.7991666
Player : 0.78423053
UnitData : UnitData is not exist in project code
Canvas : 0.80992025
GUI : 0.6746095
NationSummary : 0.80267334
Modifier : 0.76061475
Specification : 0.78561795
AIPlayer : 0.7868606
DebugMenu : 0.8423748
FoundingFather : 0.7812988
CompactLabourReport : 0.81902045
EuropeanAIPlayer : 0.7975097
ImageLibrary : 0.79934096
ServerPlayer : 0.7958264
ChangeSet : 0.7867577
FoundingFatherTest : 0.86371547
ReportForeignAffairPanel : 0.0
ClassicMapControls : 0.8288674
Connection : 0.787282
InGameController : 0.7977965
InGameInputHandler : 0.8185386
FileOptionUI : 0.82827574
ListOptionUI : 0.82780033
AudioMixerOptionUI : 0.8156252
