MessageChange : MessageChange is not exist in project code
DOMMessageCallable : DOMMessageCallable is not exist in project code
DOMMessageHandler : DOMMessageHandler is not exist in project code
FutureQuery : FutureQuery is not exist in project code
ServerAPI : 0.7973707
InGameController : 0.80219525
AIMessage : 0.7915442
InputHandler : 0.8546297
PreGameInputHandler : 0.84575474
InGameInputHandler : 0.82719266
FreeColClient : 0.84580475
ChangeSet : 0.81059813
BuyGoodsMessage : 0.82504284
IndianDemandMessage : 0.82072896
AIInGameInputHandler : 0.83250374
EmigrateUnitMessage : 0.8579309
Connection : 0.84496915
AssignTeacherMessage : 0.83779967
DiplomacyMessage : 0.817854
EquipUnitMessage : 0.8441143
SellGoodsMessage : 0.81651896
ChangeWorkImprovementTypeMessage : 0.8281303
MissionaryMessage : 0.84362286
MetaRegister : 0.8425293
CashInTreasureTrainMessage : 0.84122926
PutOutsideColonyMessage : 0.84829396
InciteMessage : 0.83673096
AskSkillMessage : 0.8349793
ScoutIndianSettlementMessage : 0.83331716
LearnSkillMessage : 0.82616204
UnloadCargoMessage : 0.80523497
SpySettlementMessage : 0.8448656
ReceivingThread : 0.83754426
DummyConnection : 0.83837545
NewLandNameMessage : 0.8289215
BuildColonyMessage : 0.84590757
DeliverGiftMessage : 0.8174209
DemandTributeMessage : 0.8301332
WorkMessage : 0.8562528
EmbarkMessage : 0.84130216
BuyPropositionMessage : 0.8316673
