UnitTypeOption : 0.8631731
OptionUI : 0.85431147
OptionTest : 0.8251186
ClientOptions : 0.7650248
AbstractUnitOptionUI : 0.84648997
UnitListOption : 0.86587346
AbstractOption : 0.8688382
FreeCol : 0.80814147
UnitTypeOptionUI : 0.85609525
ServerEurope : 0.8216752
EmbarkMessage : 0.83829033
ListOption : 0.8697301
EuropeanNationType : 0.83045876
OptionGroup : 0.8639165
Monarch : 0.8064719
Animations : 0.81010777
Unit : 0.82060415
ServerAPI : 0.8017333
InGameController : 0.8015032
GameOptions : 0.0
UnitAttackAnimationCanvasSwingTask : UnitAttackAnimationCanvasSwingTask is not exist in project code
NewLandNameSwingTask : NewLandNameSwingTask is not exist in project code
Colony : 0.81739
StringOption : 0.86074257
OptionGroupUI : 0.8549843
Specification : 0.8079342
Player : 0.8151071
ClientOptionsDialog : 0.8529624
StartGamePanel : 0.81467575
FreeColActionUI : 0.8138793
PlayersTableModel : PlayersTableModel is not exist in project code
MockMapGenerator : 0.82390374
FreeColClient : 0.8362394
Canvas : 0.8107527
TerrainGenerator : 0.80829537
LandGenerator : 0.8269902
GameOptionsDialog : 0.8541055
SimpleMapGenerator : 0.8143172
MessageType : MessageType is not exist in project code
MapGeneratorOptionsDialog : 0.8402087
Game : 0.8316028
