SelectableAction : 0.86179614
AbstractOption : 0.8703282
MessageType : MessageType is not exist in project code
OptionGroup : 0.8660166
ClientOptionsDialog : 0.86391795
GameOptionsDialog : 0.86113775
MapGeneratorOptionsDialog : 0.8518497
ClientOptions : 0.7688817
ShowGameOptionsAction : 0.8179209
Specification : 0.8032043
OptionsDialog : 0.8515786
OptionUI : 0.8552838
OptionGroupUI : 0.8545682
MapGeneratorOptions : 0.8106901
AbstractUnitOption : 0.86074257
ModOption : 0.87346065
IntegerOption : 0.86935884
BooleanOption : 0.869278
ListOption : 0.87190527
NewLandNameMessage : 0.8279012
DifficultyDialog : 0.84331524
ShowMapGeneratorOptionsAction : 0.82928526
AbstractUnitOptionUI : 0.8321053
FreeCol : 0.80874074
SelectOptionUI : 0.86331415
UnitTypeOption : 0.8650264
FreeColSavegameFile : 0.8384323
FreeColServer : 0.8314485
StringOptionUI : 0.86710817
EmbarkMessage : 0.8254456
Option : 0.80203676
LanguageOption : 0.8461244
UnitListOption : 0.87420356
ModListOption : 0.8759249
AudioMixerOption : 0.8487648
GameOptions : 0.0
Messages : 0.833884
Scope : 0.8444265
FreeColAction : 0.84586877
FileOption : 0.8725589
PercentageOption : 0.8639678
