DOMMessageCallable : DOMMessageCallable is not exist in project code
ReceivingThread : 0.8682932
ServerPlayer : 0.78135705
Server : 0.8611381
Tile : 0.80430984
River : 0.79996395
MetaServer : 0.85346484
Mission : 0.8034451
AIPlayer : 0.8116757
DummyConnection : 0.8471432
NewPanel : 0.80733585
FreeColClient : 0.845509
FreeColServer : 0.82996213
ServerListPanel : 0.8358379
TileType : 0.79248124
Client : 0.8617399
AIColony : 0.78886545
AIUnit : 0.8185668
GameOptions : 0.0
InputHandler : 0.8487618
NetworkHandler : 0.85102564
AIMessage : 0.78473383
DisconnectHandler : DisconnectHandler is not exist in project code
StreamedMessageHandler : 0.7880536
NetworkRequestHandler : NetworkRequestHandler is not exist in project code
MessageHandler : 0.7888577
AIInGameInputHandler : 0.83088887
TransportMission : 0.8045247
UserConnectionHandler : 0.8558625
PreGameInputHandler : 0.8423385
PrivateerMission : 0.81734437
CurrentPlayerNetworkRequestHandler : CurrentPlayerNetworkRequestHandler is not exist in project code
ChooseFoundingFatherMessage : 0.7859657
WorkInsideColonyMission : 0.8319331
HighSeas : 0.82025784
ServerInfo : 0.83241457
UnitWanderMission : 0.8246667
Settlement : 0.8039086
ConnectController : 0.85242933
MonarchActionMessage : 0.81847966
ReconnectSwingTask : ReconnectSwingTask is not exist in project code
