InGameInputHandler : 0.7896886
AIInGameInputHandler : 0.80077887
GUI : 0.6806957
DebugMenu : 0.791756
InGameController : 0.79077446
Canvas : 0.78757983
ServerPlayer : 0.77805996
ChooseFoundingFatherDialog : 0.79640996
NationSummary : 0.8088917
Specification : 0.7851851
Player : 0.8007624
FatherDetailPanel : 0.7991666
AIPlayer : 0.8021689
FoundingFather : 0.8020354
ColopediaPanel : 0.780849
EuropeanAIPlayer : 0.78033954
ReportContinentalCongressPanel : 0.76416546
ImageLibrary : 0.7919507
FoundingFatherTest : 0.78300166
ChangeSet : 0.78614205
EmigrationPanel : 0.7921185
Turn : 0.79445165
InGameControllerTest : 0.73615444
IndividualFatherTest : 0.79882324
SpecificationTest : 0.7629497
Ability : 0.75946563
FreeColPanel : 0.77001184
IndianNationType : 0.7880558
ProductionCache : 0.7888981
ServerAPI : 0.7838294
ServerUnit : 0.78738445
Messages : 0.79836184
Modifier : 0.77889866
Building : 0.80172366
UnitTest : 0.7540007
ReportForeignAffairPanel : 0.0
AllTests : 0.77535295
CombatTest : 0.7294537
MessagesTest : 0.7739804
Message : 0.8120911
PlayerTest : 0.762803
