OptionsDialog : 0.8598583
AbstractOption : 0.87495923
FreeColActionUI : 0.82265973
GameOptionsDialog : 0.869222
MapGeneratorOptionsDialog : 0.8636313
Specification : 0.80817884
ClientOptionsDialog : 0.87303925
MockMapGenerator : 0.81986874
TerrainGenerator : 0.8082753
LandGenerator : 0.81947887
SimpleMapGenerator : 0.8114586
DifficultyDialog : 0.84329313
OptionGroupUI : 0.8702953
Game : 0.8277617
GUI : 0.69790906
OptionReader : OptionReader is not exist in project code
Canvas : 0.8163072
ModOption : 0.8589107
IntegerOption : 0.86445564
BooleanOption : 0.8636074
StringOption : 0.86601657
ListOption : 0.87209344
MapGenerator : 0.77859807
FreeColServer : 0.8278274
ClientOptions : 0.7693805
UnitTypeOption : 0.8488051
MapEditorTransformPanel : 0.8149818
OptionTest : 0.8284141
UnitListOption : 0.85903007
ModListOption : 0.8607264
PreGameController : 0.840511
NewPanel : 0.8246479
PreGameInputHandler : 0.82421464
AbstractUnitOption : 0.8639166
EuropeanNationType : 0.81602925
ShowMapGeneratorOptionsAction : 0.8359768
MapEditorController : 0.82176465
FreeCol : 0.80356413
FreeColGameObjectType : 0.8287248
BlinkingLabel : BlinkingLabel is not exist in project code
SerializationTest : 0.67325854
