CanvasMouseListener : 0.8359324
ScrollThread : ScrollThread is not exist in project code
CanvasMouseMotionListener : 0.8473087
GUI : 0.7140723
TilePopup : 0.84095556
Canvas : 0.82114494
CanvasMapEditorMouseListener : 0.84342235
ViewMode : 0.84362096
TileTest : 0.7583306
ClientOptions : 0.77893203
OutForAnimationCallback : 0.74154854
UnloadAction : 0.80783445
MockMapGenerator : 0.8150014
Game : 0.81750864
UnitMoveAnimation : 0.857809
River : 0.8191982
LandGenerator : 0.8515396
DebugMenu : 0.82895225
UnitLabel : 0.83940804
ProductionLabel : 0.8334705
PlayersTableModel : PlayersTableModel is not exist in project code
MiniMap : 0.83933705
ColonyPanel : 0.8195942
ResourceMapping : 0.82269955
MapControlsAction : 0.8311887
FreeColClient : 0.8388277
ResourceManager : 0.8341556
TypeCountMap : 0.81993234
ReportLabourPanel : 0.81161505
FreeColServer : 0.8229743
LanguageOption : 0.809845
MapControls : 0.8496843
SerializationTest : 0.65204155
NumberRules : 0.8063818
MissionManager : 0.80283326
OptionGroup : 0.8055772
TileType : 0.80417466
Tile : 0.82651275
EuropeanNationType : 0.7849099
FreeColTestCase : 0.82509685
MapEditorController : 0.8442533
