InGameController : 0.8198937
InGameMenuBar : 0.8519195
FreeCol : 0.80825704
Colony : 0.80774015
ScoutingMission : 0.80746603
GUI : 0.72408426
AIPlayer : 0.8167067
TilePopup : 0.86453325
FreeColAction : 0.8271866
MapEditorMenuBar : 0.8630945
MapViewer : 0.82895225
DebugAction : 0.8302409
InnerMenuKeyListener : InnerMenuKeyListener is not exist in project code
Mission : 0.80509037
FreeColMenuBar : 0.83599484
FreeColMenuTest : 0.85219616
UpdateMenuBarSwingTask : UpdateMenuBarSwingTask is not exist in project code
FreeColMenuBarUI : 0.80404073
FreeColPopupMenuUI : 0.8026838
PreGameController : 0.87576115
DragListener : 0.8493546
StatisticsPanel : 0.853236
UnitType : 0.80329746
FreeColMenuItemUI : 0.8286278
WishRealizationMission : 0.8044794
DummyConnection : 0.7966078
FreeColObject : 0.80737394
Building : 0.80096686
AIUnit : 0.80621636
LastSale : 0.7938264
ColonyPanel : 0.8243391
FreeColGameObjectType : 0.79461926
Goal : 0.7855753
Canvas : 0.8301774
UnitSeekAndDestroyMission : 0.8127271
TransportMission : 0.80842185
AIGoods : 0.8066781
ServerInfo : 0.8185347
BuildColonyMission : 0.8135993
IndianBringGiftMission : 0.8017835
DefendSettlementMission : 0.80165213
