FreeColServer : 0.82664067
FreeColClient : 0.8368175
AIInGameInputHandler : 0.85461384
PreGameInputHandler : 0.89200294
ServerAPI : 0.80306673
InputHandler : 0.8694426
DOMMessageCallable : DOMMessageCallable is not exist in project code
SwingTask : SwingTask is not exist in project code
Connection : 0.83879066
InGameController : 0.83693534
PreGameController : 0.8713566
EuropePanel : 0.8230542
ColonyPanel : 0.79875106
MetaServer : 0.8402299
CargoPanel : 0.81181836
DummyConnection : 0.82742757
TradeRouteInputDialog : 0.8084194
UserConnectionHandler : 0.8668633
Rule : 0.7716089
Building : 0.7895906
BuildQueuePanel : 0.81826943
FreeColGameObject : 0.8316896
ConnectController : 0.8584117
Player : 0.7965305
Monarch : 0.7915617
FreeColNetworkInputStream : FreeColNetworkInputStream is not exist in project code
CREatingInputStream : CREatingInputStream is not exist in project code
Market : 0.795609
Colony : 0.7978608
TileItem : 0.80420077
Settlement : 0.80427134
Region : 0.80956036
Map : 0.80903983
IndianSettlement : 0.78886795
Europe : 0.78245944
Unit : 0.7961186
ColonyTile : 0.80281276
WorkLocation : 0.79140836
MarketData : 0.7839561
DefaultTransferHandler : 0.8027374
Server : 0.8433603
