Tile : 0.8079192
ImageLibrary : 0.7986669
Settlement : 0.8135259
MapGenerator : 0.75799185
Player : 0.79976493
Unit : 0.8028283
GUI : 0.69102377
ModelMessage : 0.8021954
Goods : 0.8105159
NationCellRenderer : 0.79906493
TilePopup : 0.8117563
Colony : 0.80248314
InGameController : 0.800488
PreGameController : 0.82458335
Building : 0.8043896
Game : 0.80983716
MiniMap : 0.7794969
InGameInputHandler : 0.78886795
CargoPanel : 0.79927075
DragListener : 0.78939617
