GUI : 0.7154557
Canvas : 0.824172
ReportLabourDetailPanel : 0.83434033
OptionGroupUI : 0.8328044
ReportTradePanel : 0.8299468
CompactLabourReport : 0.82732046
ReportExplorationPanel : 0.8582389
ReportColonyPanel : 0.81543416
ReportLabourAction : 0.8178994
ReportIndianPanel : 0.832974
ReportHistoryPanel : 0.0
ReportLabourPanel : 0.8228938
ReportEducationPanel : 0.84249896
ReportTradeAction : 0.832284
ReportHistoryAction : 0.8290569
ReportExplorationAction : 0.82700914
ReportProductionAction : 0.827954
ReportMilitaryAction : 0.81736153
ReportColonyAction : 0.8356096
ReportIndianAction : 0.7953329
ReportCargoAction : 0.8266487
ReportEducationAction : 0.82123184
ProductionLabel : 0.8305482
ReportContinentalCongressAction : 0.82093745
ReportReligionAction : 0.82154256
ReportNavalAction : 0.83217186
ReportForeignAction : 0.8265942
ReportRequirementsAction : 0.8286796
ReportHighScoresPanel : 0.8339146
ReportForeignAffairPanel : 0.0
ReportReligiousPanel : 0.0
ReportNavalPanel : 0.8387616
ReportCargoPanel : 0.8330672
ReportRequirementsPanel : 0.81475693
ReportMilitaryPanel : 0.8468845
ClientOptions : 0.76538366
ReportProductionPanel : 0.8353391
ReportTurnAction : 0.83021337
FreeColLookAndFeel : 0.82363194
ReportContinentalCongressPanel : 0.79432887
ClassicMapControls : 0.8407155
