GUI : 0.7118861
Canvas : 0.8319823
ReportMilitaryAction : 0.82301134
ReportPanel : 0.84688455
ReportForeignAffairPanel : 0.0
ReportCargoPanel : 0.88530815
ReportNavalPanel : 0.89069885
ReportLabourDetailPanel : 0.84277433
OptionGroupUI : 0.8249947
ColonyPlan : 0.81506866
ReportTradePanel : 0.8290022
CompactLabourReport : 0.8384829
ReportExplorationPanel : 0.8407002
ReportColonyPanel : 0.8259957
NationSummary : 0.83143914
ReportLabourAction : 0.825999
ActionManager : 0.83222455
InGameMenuBar : 0.84904766
ReportIndianPanel : 0.8972088
EquipmentType : 0.81376517
GoodsType : 0.78920346
ReportHistoryPanel : 0.0
ReportLabourPanel : 0.85908985
ReportEducationPanel : 0.8516247
ReportTradeAction : 0.8187819
ReportHistoryAction : 0.8188649
ReportExplorationAction : 0.82017845
ReportProductionAction : 0.81934667
ReportColonyAction : 0.8261797
ReportIndianAction : 0.79734594
ReportCargoAction : 0.81880784
ReportEducationAction : 0.82144666
ProductionLabel : 0.8205668
ReportContinentalCongressAction : 0.82388407
ReportReligionAction : 0.8220756
ReportNavalAction : 0.8295138
ReportForeignAction : 0.8201659
ReportRequirementsAction : 0.8213284
ReportHighScoresPanel : 0.81265754
ReportReligiousPanel : 0.0
ReportRequirementsPanel : 0.8416278
