GUI : 0.6842004
Canvas : 0.8201744
ClientOptions : 0.7693362
ReportLabourAction : 0.8389295
ReportLabourDetailPanel : 0.82917196
CompactLabourReport : 0.83669746
ReportPanel : 0.8228938
OptionGroupUI : 0.81015444
ReportTradePanel : 0.81823367
ReportExplorationPanel : 0.8132535
ReportColonyPanel : 0.83762825
InGameMenuBar : 0.8293998
ActionManager : 0.8231928
ReportIndianPanel : 0.875006
ReportHistoryPanel : 0.0
ReportEducationPanel : 0.8280297
ReportTradeAction : 0.8136603
ReportHistoryAction : 0.8083448
ReportExplorationAction : 0.8064758
ReportProductionAction : 0.80778563
ReportMilitaryAction : 0.80486315
ReportColonyAction : 0.81763905
ReportIndianAction : 0.7911844
ReportCargoAction : 0.80718553
ReportEducationAction : 0.81436634
ProductionLabel : 0.8092225
ReportContinentalCongressAction : 0.8004452
ReportReligionAction : 0.80981266
ReportNavalAction : 0.8190326
ReportForeignAction : 0.8088257
ReportRequirementsAction : 0.8072451
ReportHighScoresPanel : 0.80442363
ReportForeignAffairPanel : 0.0
ReportReligiousPanel : 0.0
ReportNavalPanel : 0.8499617
ReportCargoPanel : 0.84539866
ReportRequirementsPanel : 0.8574644
ReportMilitaryPanel : 0.85908985
ReportProductionPanel : 0.86565644
ReportTurnAction : 0.82502264
FreeColLookAndFeel : 0.80084836
