GUI : 0.72075194
Canvas : 0.82982826
ReportTradeAction : 0.83425355
ReportPanel : 0.82994676
NegotiationDialog : 0.8071651
ReportLabourDetailPanel : 0.8640435
MessagesTest : 0.80650705
OptionGroupUI : 0.84268296
ReportIndianPanel : 0.8254125
ReportColonyPanel : 0.81817126
CompactLabourReport : 0.838154
ReportExplorationPanel : 0.8110439
ReportLabourAction : 0.82560724
ReportHistoryPanel : 0.0
ActionManager : 0.8300261
ReportLabourPanel : 0.81823355
ReportEducationPanel : 0.86070377
ReportHistoryAction : 0.8326755
ReportExplorationAction : 0.8358875
ReportProductionAction : 0.8344396
ReportMilitaryAction : 0.81630194
ReportColonyAction : 0.84513164
ReportIndianAction : 0.8047699
ReportCargoAction : 0.834671
ReportEducationAction : 0.8249724
ProductionLabel : 0.8422596
ReportContinentalCongressAction : 0.82989794
ReportReligionAction : 0.82680804
ReportNavalAction : 0.83774674
ReportForeignAction : 0.8323398
ReportRequirementsAction : 0.83388436
ReportHighScoresPanel : 0.84055346
ReportForeignAffairPanel : 0.0
InGameMenuBar : 0.8246856
ReportReligiousPanel : 0.0
ReportNavalPanel : 0.82180417
TradeRouteInputDialog : 0.8197575
ReportCargoPanel : 0.8202316
ReportRequirementsPanel : 0.82111406
ReportMilitaryPanel : 0.8290023
ClientOptions : 0.7674269
