FreeColClient : 0.8497225
FreeColServer : 0.84165436
ColonyPanel : 0.80542827
FreeColGameObject : 0.8432321
Goods : 0.82644534
Data : Data is not exist in project code
AIObject : 0.83861303
AIMain : 0.8381173
PlayersTableModel : PlayersTableModel is not exist in project code
ServerInfo : 0.8435417
Market : 0.8200366
GUI : 0.70162356
MapGenerator : 0.78302103
Canvas : 0.8193221
Building : 0.8164318
Colony : 0.81750673
Map : 0.8335821
Settlement : 0.8310728
Europe : 0.8094297
Player : 0.8222428
PreGameController : 0.8655878
FreeColGameObjectListener : 0.78611326
PlayerExploredTile : 0.82041156
GameOptions : 0.0
CanvasKeyListener : CanvasKeyListener is not exist in project code
InGameInputHandler : 0.8305703
Unit : 0.8167488
UnitContainer : UnitContainer is not exist in project code
ColonyTile : 0.82014394
GoodsContainer : 0.81508666
ConnectController : 0.83959913
InGameController : 0.82273525
FreeCol : 0.80869806
OptionMap : OptionMap is not exist in project code
GameOptionsDialog : 0.8446462
PreGameInputHandler : 0.8379858
Tile : 0.83421797
AIUnit : 0.82969123
Location : 0.76863694
StartGamePanel : 0.83217895
ServerPlayer : 0.8142974
