ModOption : 0.8516433
Mods : 0.8660881
ModTest : 0.8357332
ClientOptions : 0.76624423
ChoiceRenderer : ChoiceRenderer is not exist in project code
FreeColModFileRenderer : FreeColModFileRenderer is not exist in project code
Messages : 0.834991
ModOptionUI : 0.8263291
ConnectController : 0.81976956
NewPanel : 0.8040412
FreeColClient : 0.835134
FreeColSavegameFile : 0.87145907
FreeColTcFile : 0.8715999
FreeCol : 0.8185759
InstallerTranslations : 0.7579198
OptionUI : 0.82855463
ResourceManager : 0.8345968
FreeColDataFile : 0.86076736
SpecificationTest : 0.794773
Canvas : 0.8046223
FreeColDialog : 0.8155206
MapEditorController : 0.8232827
OptionsDialog : 0.83569926
DefaultHandler : 0.8492024
SaveGameValidator : 0.82661736
InGameController : 0.7812425
ServerTestHelper : 0.8285398
MapGeneratorTest : 0.7894702
FreeColServer : 0.8287566
SoundTest : 0.8193425
LanguageOption : 0.83291566
SaveLoadTest : 0.8250851
MapConverter : 0.83688754
MapGeneratorOptionsDialog : 0.8384299
MergeTranslations : 0.84801656
ErrorPanel : 0.81363225
FreeColTestCase : 0.8158891
SerializationTest : 0.689849
FileOptionUI : 0.8415666
FSGConverter : 0.8475007
ListOption : 0.83846134
