ClientOptions : 0.77168554
FreeColModFile : 0.8660881
ModTest : 0.8906646
Relation : 0.8032969
ResourceManager : 0.84967345
FreeCol : 0.8248492
ModOption : 0.8692165
FreeColModFileRenderer : FreeColModFileRenderer is not exist in project code
ChoiceRenderer : ChoiceRenderer is not exist in project code
ModListOption : 0.84467363
ConnectController : 0.8530592
ModOptionUI : 0.8436921
ListOption : 0.84517187
Messages : 0.843568
Player : 0.8129594
AllTests : 0.85382867
FreeColClient : 0.85104674
CLDRTest : 0.77981806
OptionUI : 0.83701646
NewPanel : 0.82162356
SpecificationTest : 0.817741
AbstractOption : 0.8480149
LostCityRumour : 0.82303303
SimpleCombatModel : 0.7885439
