AIInGameInputHandler : 0.7996902
Mission : 0.8031835
Player : 0.77428246
InGameInputHandler : 0.79949516
FreeColServer : 0.78296846
EuropeanAIPlayer : 0.78293335
Message : 0.7962258
TransportMission : 0.7972078
AIPlayer : 0.7903806
ServerGame : 0.77695113
ColonyPlan : 0.76546293
BuildColonyMission : 0.7762708
InGameController : 0.7932136
WorkInsideColonyMission : 0.79623336
AIObject : 0.78957087
AIGoods : 0.79362434
Goal : 0.75940794
StatisticsPanel : 0.74443996
WishRealizationMission : 0.795292
ChatMessage : 0.80911916
ScoutingMission : 0.7889612
IdleAtColonyMission : 0.80928844
UnitWanderHostileMission : 0.8119967
UnitWanderMission : 0.81270283
CashInTreasureTrainMission : 0.7945645
AIUnit : 0.7954176
ValuedAIObject : 0.79080904
AIColony : 0.76819867
PioneeringMission : 0.77594143
IndianBringGiftMission : 0.79004776
DebugMenu : 0.776671
Wish : 0.7973639
PrivateerMission : 0.79750425
ShowErrorMessageSwingTask : ShowErrorMessageSwingTask is not exist in project code
TestJob : TestJob is not exist in project code
GUIMessage : 0.7867652
ReportTurnPanel : 0.79130685
MessageChange : MessageChange is not exist in project code
DOMMessageCallable : DOMMessageCallable is not exist in project code
AIMain : 0.7896232
NativeAIPlayer : 0.7816371
