ColonyPlan : 0.8037559
FreeColServer : 0.8391658
AIInGameInputHandler : 0.8373991
AIObject : 0.8591414
Mission : 0.8233513
AIGoods : 0.8240144
ValuedAIObject : 0.85281086
Wish : 0.8376566
GoodsWish : 0.83034277
AIPlayer : 0.8338206
ScoutingMission : 0.81834424
IdleAtColonyMission : 0.8453971
UnitWanderHostileMission : 0.8405172
UnitWanderMission : 0.83763045
CashInTreasureTrainMission : 0.8343577
AIUnit : 0.8264972
AIColony : 0.8102885
NativeAIPlayer : 0.81376535
EuropeanAIPlayer : 0.8101263
PrivateerMission : 0.8267951
WishRealizationMission : 0.8165687
WorkInsideColonyMission : 0.8431084
TileImprovementPlan : 0.8184556
WorkLocationPlan : 0.8339315
TransportMission : 0.8116086
IndianDemandMission : 0.81089485
REFAIPlayer : 0.8006626
IndianBringGiftMission : 0.8166711
WorkerWish : 0.84122336
BuildColonyMission : 0.82337624
DefendSettlementMission : 0.82503164
PioneeringMission : 0.8127532
UnitSeekAndDestroyMission : 0.82279176
PrivateerMissionTest : 0.82358074
TransportMissionTest : 0.8138515
AIColonyTest : 0.8018558
UnitSeekAndDestroyMissionTest : 0.80983734
Player : 0.8140764
MissionAssignmentTest : 0.81465787
ScoutingMissionTest : 0.8188386
ColonyPlanTest : 0.7493496
