WorkInsideColonyMission : 0.8023383
AIPlayer : 0.8068346
Wish : 0.80216503
AIMain : 0.8102885
EuropeanAIPlayer : 0.8172318
Mission : 0.7965483
IdleAtColonyMission : 0.8078425
ColonyPlan : 0.810081
AIMessage : 0.76819867
AIGoods : 0.8032881
PioneeringMission : 0.8179193
BuildColonyMission : 0.8081312
AIColonyTest : 0.80235004
MissionAssignmentTest : 0.8161296
Player : 0.7956494
Colony : 0.8029257
TransportMissionTest : 0.82166284
IndianDemandMission : 0.8011916
IndianBringGiftMission : 0.8024946
TransportMission : 0.7927775
ColonyPlanTest : 0.753392
PioneeringMissionTest : 0.82063764
WishRealizationMission : 0.8166986
ColonyWas : 0.8459957
ProductionCache : 0.8139849
ColonyPanel : 0.80508864
UnitWas : 0.8170085
WarehouseGoodsPanel : WarehouseGoodsPanel is not exist in project code
BuildQueue : 0.8096652
BuildQueuePanel : 0.82713133
ConstructionPanel : 0.7939156
OutsideColonyPanel : OutsideColonyPanel is not exist in project code
SpyColonySwingTask : SpyColonySwingTask is not exist in project code
UnitSeekAndDestroyMissionTest : 0.80209035
NativeAIPlayer : 0.8061262
ServerGame : 0.7997695
WorkLocation : 0.80159956
ColonyTradeItem : 0.81265485
AIUnit : 0.79854053
ReportColonyPanel : 0.8094059
ReportTradePanel : 0.79213315
