AIColony : 0.79893076
PioneeringMission : 0.81922346
EuropeanAIPlayer : 0.8007814
ColonyPlanTest : 0.76392585
ImprovementMission : 0.8321734
ImprovementAction : 0.8310668
PioneeringMissionTest : 0.833603
TileImprovementType : 0.82858443
Unit : 0.8077397
Specification : 0.7879008
TileImprovement : 0.8328249
TileItemContainer : 0.8313994
Tile : 0.82333744
ServerUnitTest : 0.807929
TileTest : 0.7520201
InGameControllerTest : 0.77387923
TileType : 0.8092932
RiverSection : 0.8011104
River : 0.80827546
TerrainGenerator : 0.8152455
InGameController : 0.79594696
Player : 0.8012529
ChangeWorkImprovementTypeMessage : 0.83296347
ColonyPlan : 0.80134356
TileItemContainerTest : 0.8076939
ServerAPI : 0.78198195
AIGoods : 0.81070554
ColonyTile : 0.81693614
ActionManager : 0.8182506
Goal : 0.7985738
Ability : 0.78738564
Colony : 0.8051389
MapViewer : 0.8085808
RiverTransform : RiverTransform is not exist in project code
MovementTest : 0.80562013
AIMessage : 0.76805264
TilePopup : 0.81886125
AIMain : 0.8184556
Modifier : 0.8116596
AbstractMission : 0.8242212
ServerUnit : 0.8156419
