UnitInfoPanel : UnitInfoPanel is not exist in project code
PlayerExploredTile : 0.8092497
IndianSettlement : 0.80282825
InGameInputHandler : 0.7961186
NextActiveUnitIterator : NextActiveUnitIterator is not exist in project code
GUI : 0.6917572
UnitLabel : 0.81561714
UnitContainer : UnitContainer is not exist in project code
ColonyPanel : 0.7896688
EuropePanel : 0.80553895
Building : 0.81544936
ColopediaPanel : 0.8006928
InGameController : 0.8017735
Mission : 0.8106928
AIUnit : 0.8131226
Europe : 0.80167717
ColonyTile : 0.8140277
Player : 0.80539143
InfoPanel : 0.80205095
Tile : 0.8179143
ModelController : 0.0
Colony : 0.8114865
ReportLabourPanel : 0.8025865
ImageLibrary : 0.80362445
Location : 0.76534903
ImageProvider : ImageProvider is not exist in project code
DisbandUnitAction : 0.8020957
TilePopup : 0.81377923
SkipUnitAction : 0.8115375
Settlement : 0.820247
AIPlayer : 0.81233263
UnitWanderMission : 0.8205883
UnitWanderHostileMission : 0.82148963
UnitButton : 0.80121225
Map : 0.8181331
CargoPanel : 0.80913484
CaptureGoodsDialog : 0.78322697
ServerPlayer : 0.7957321
TrainDialog : 0.817842
OutsideColonyPanel : OutsideColonyPanel is not exist in project code
IndianBringGiftMission : 0.8063181
