WindowedFrame : 0.84272397
CanvasMouseListener : 0.8277272
DragListener : 0.8367835
GUI : 0.73212606
FullScreenFrame : 0.84424037
ColorCellEditor : 0.822806
CanvasMapEditorMouseListener : 0.8271524
FreeColPanel : 0.8187432
MapControls : 0.8497079
ClassicMapControls : 0.85311073
TerrainCursor : 0.8203481
RefreshCanvasSwingTask : RefreshCanvasSwingTask is not exist in project code
CornerMapControls : 0.8397594
CanvasMouseMotionListener : 0.82374334
WindowedFrameListener : 0.8207524
ReportHighScoresPanel : 0.84762675
EuropePanel : 0.8337488
ColopediaPanel : 0.8527004
InGameController : 0.80103475
Animations : 0.81996346
InformationDialog : 0.84541243
MapViewer : 0.82114494
UnitAttackAnimation : 0.7979746
DefaultTransferHandler : 0.8314459
FindSettlementDialog : 0.8083891
LoadingSavegameDialog : 0.82617384
UnitMoveAnimation : 0.8269191
ProductionLabel : 0.83221906
ListOptionUI : 0.83918184
VictoryPanel : 0.8510705
FreeColDialog : 0.8375184
UnitAttackAnimationCanvasSwingTask : UnitAttackAnimationCanvasSwingTask is not exist in project code
TilePanel : 0.85269874
FreeColProgressBar : 0.82472366
InGameInputHandler : 0.8097645
MapControlsAction : 0.84772205
UnitImageAnimation : 0.8242859
TradeRouteInputDialog : 0.8194559
BuildingPanel : 0.8283971
TradeRouteDialog : 0.8334634
UnitMoveAnimationCanvasSwingTask : UnitMoveAnimationCanvasSwingTask is not exist in project code
