MapControlsAction : 0.870956
FreeColClient : 0.85749006
ClientOptions : 0.7771358
Canvas : 0.849708
MapViewer : 0.8496843
MapEditorController : 0.8662321
UnloadAction : 0.83547896
SelectableAction : 0.86238265
MiniMapZoomInAction : 0.8774723
MiniMapZoomOutAction : 0.8788003
ClassicMapControls : 0.87617177
SaveLoadTest : 0.82790315
MapEditorAction : 0.86803955
ServerTestHelper : 0.82580256
SaveAndQuitAction : 0.86895263
SaveAction : 0.8734817
OpenAction : 0.8753283
MockMapGenerator : 0.8350511
ScrollThread : ScrollThread is not exist in project code
CanvasMouseMotionListener : 0.855475
Game : 0.831455
NewAction : 0.8733029
NewEmptyMapAction : 0.8787402
CornerMapControls : 0.8703242
CanvasMapEditorMouseListener : 0.85668993
ScaleMapAction : 0.87156475
MapEditorMenuBar : 0.87427086
ShowMapGeneratorOptionsAction : 0.8679441
Colony : 0.8138928
MoveTest : 0.8220374
ClientOptionsDialog : 0.85993195
NewPanel : 0.83207417
UnitLabel : 0.85461324
ServerListPanel : 0.8614178
FreeColServer : 0.8328163
PlayersTableModel : PlayersTableModel is not exist in project code
ServerPlayerTest : 0.81938255
InGameControllerTest : 0.7735181
MapEditorTransformPanel : 0.85630476
PreGameInputHandler : 0.8254024
GameOptionsDialog : 0.85582894
