MapControls : 0.8635545
MiniMapZoomOutAction : 0.8648498
MiniMapZoomInAction : 0.8645127
MapEditorController : 0.8532298
CornerMapControls : 0.85420936
ClassicMapControls : 0.8564978
MockMapGenerator : 0.827922
ScrollThread : ScrollThread is not exist in project code
CanvasMouseMotionListener : 0.8618075
Game : 0.8098744
ActionManager : 0.83242327
River : 0.800595
LandGenerator : 0.8417527
PlayersTableModel : PlayersTableModel is not exist in project code
CanvasMapEditorMouseListener : 0.8596426
ResourceMapping : 0.8296501
MapControlsAction : 0.8598695
FreeColClient : 0.8385355
CanvasMouseListener : 0.8648229
ResourceManager : 0.8341267
TypeCountMap : 0.81419414
ReportLabourPanel : 0.7969495
GUI : 0.72661453
TilePopup : 0.83109576
ClientOptions : 0.7620559
FreeColServer : 0.8143739
Canvas : 0.8320063
LanguageOption : 0.7962084
ViewMode : 0.8516548
SerializationTest : 0.6456118
NumberRules : 0.7930304
MissionManager : 0.7858853
OptionGroup : 0.8016664
TileType : 0.79355955
Tile : 0.82166713
EuropeanNationType : 0.7723178
FreeColTestCase : 0.81949353
MapViewer : 0.839337
Specification : 0.769134
NewEmptyMapAction : 0.863459
Colony : 0.7882115
