MButton:0.09575823
MAction:0.082741275
ActionGroup:0.08221641
MInternalFrame:0.065998375
MURLButton:0.06339453
MDialog:0.062505014
MSmallColorChooser:0.06019854
MCellTip:0.05856397
MText:0.05809595
MNotification:0.057351537
MMessage:0.05611478
UI:0.054987315
MMenuItem:0.05477875
MTable:0.049079943
MTree:0.046289004
MCalendarPanel:0.044967882
MLabel:0.04463077
MSystemTray:0.043668855
MTip:0.042271074
ColumnManager:0.04172319
MPanel:0.039910264
MDateSpinner:0.039891914
MUndoManager:0.035366543
MTextPane:0.03436484
MTextFieldPanel:0.03354785
MFontChooser:0.032967243
MScrollPane:0.031463433
MTableHeader:0.03114295
MFrame:0.03052875
MActionInfo:0.02638268
MMouseAdapter:0.025416778
MComponent:0.019956157
MIcon:0.019538041
Mnemonic:0.01800676
MMenuAdapter:0.01625574
MLogger:0.01404523
MColor:0.008069888
AbstractIterator:0.006141043
