UI:0.6866666666666666
MetaInfo:0.3933333333333333
FileCache:0.2733333333333333
DefaultPreview:0.2
ImageEditorCore:0.19
ItemRenderer:0.12333333333333334
