Buffer:0.6366666666666667
JEditTextArea:0.34
HyperSearchResults:0.31666666666666665
RemoveButton:0.2966666666666667
PluginTableModel:0.26
MiscUtilities:0.24333333333333335
KeyEventTranslator:0.20333333333333334
BeanShellErrorDialog:0.19333333333333333
TextAreaDialog:0.12
ManagePanel:0.0125
Debug:0.0033333333333333335
