VersionDialog:0.20996913
VersionInfo:0.18254353
VersionException:0.086189225
