Utilities:0.8533333333333334
HtmlLinkTag:0.2966666666666667
WikiHeadingTag:0.2733333333333333
