Environment:0.6366666666666667
Utilities:0.6333333333333333
AdminServlet:0.2633333333333333
UpgradeServlet:0.2633333333333333
SetupServlet:0.22666666666666666
