MApplication:0.5422222222222222
MMultiPanel:0.43
Net:0.3933333333333333
