ActionListHandler:0.15506499
EditAction:0.13987143
BeanShell:0.1295515
BeanShellErrorDialog:0.020468803
BshMethod:0.016170098
Log:0.015476745
View:0.010682313
