JEditTextArea:0.5466666666666666
ChunkCache:0.40800000000000003
BufferChangeHandler:0.23
PaintWrapGuide:0.23
