MicrosoftTranslate:0.44
BelazarTranslate:0.36333333333333334
MyMemoryMachineTranslate:0.15
BaseTranslate:0.14666666666666667
Google2Translate:0.1
ApertiumTranslate:0.09333333333333334
MyMemoryHumanTranslate:0.09333333333333334
YandexTranslate:0.013333333333333334
