Result:0.5933333333333334
Table:0.45666666666666667
Log:0.3433333333333333
ServerConnection:0.2633333333333333
ScriptReaderBase:0.235
StatementDMQL:0.22666666666666666
StatementDML:0.22333333333333333
JDBCStatement:0.22
StatementSet:0.2080952380952381
JDBCPreparedStatement:0.20666666666666667
ScriptWriterBase:0.20666666666666667
JDBCStatementBase:0.1680952380952381
Logger:0.16333333333333333
ScriptWriterText:0.1580952380952381
OdbcPreparedStatement:0.15
StatementProcedure:0.14642857142857144
StatementExpression:0.12666666666666668
ScriptRunner:0.11
StatementQuery:0.056666666666666664
