DrawingEditor:0.6859444444444445
SVGTextFigure:0.37333333333333335
TextFigure:0.33166666666666667
DefaultDrawingEditor:0.32
SVGImageFigure:0.31333333333333335
ApplyAttributesAction:0.26666666666666666
ToggleGridAction:0.12666666666666668
PickAttributesAction:0.12333333333333334
