CustomColorSelectionDialog:0.45666666666666667
ProjectPropertiesDialog:0.4
InstallerWorker:0.30833333333333335
LoaderWorker:0.15333333333333332
