WebBrowser:0.6719999999999999
MainWindow:0.6666666666666666
MWebBrowserPanel:0.4033333333333333
