MComboBox:0.18132435
AbstractSpinner:0.076691315
MSmallColorButton:0.076304115
MMenu:0.07155426
MTogglePanel:0.034980655
MCalendar:0.026691975
MFileChooser:0.023905586
MTextFieldPanel:0.016089503
MLabeledTextField:0.009955526
MColorChooser:0.006815438
MTextField:0.0067846063
MAuthenticator:0.003373812
Uninstantiable:2.0636233E-5
