FreeColComboBoxRenderer:0.49333333333333335
FreeColListUI:0.26666666666666666
FreeColComboBoxUI:0.18666666666666668
