WikiUtil:0.52
ServletUtil:0.27
ParserFunctionUtil:0.27
TiddlyWikiParser:0.22
JFlexTagItem:0.20222222222222222
WikiDatabase:0.2
TemplateTag:0.19666666666666666
JFlexLexer:0.19333333333333333
WikiReferenceTag:0.16833333333333333
UploadServlet:0.16333333333333333
TiddlyWiki2MediaWikiTranslator:0.16333333333333333
UpgradeServlet:0.11666666666666667
WikiHeadingTag:0.10333333333333333
