ProjectProperties:0.7733333333333333
Main:0.35
ProjectUICommands:0.23666666666666666
ProjectException:0.19666666666666666
