JFlexTagItem:0.47333333333333333
AbstractJAMWikiLexer:0.3566666666666667
HtmlTagItem:0.32
JFlexParserUtil:0.28
AbstractJAMWikiHtmlTagLexer:0.14333333333333334
