Input:0.57
OS:0.42277777777777775
DateTimeDialog:0.2966666666666667
TaskList:0.19500000000000003
DateTimeEditor:0.19333333333333333
