FreeColDialog:0.20440353
FreeColPanel:0.082612775
