MAuthenticator:0.425
QuickOpen:0.37833333333333335
MetaInfoList:0.35333333333333333
