Type:0.37333333333333335
NumberType:0.37
CharacterType:0.3333333333333333
IntervalType:0.32
RangeVariableResolver:0.31
NullType:0.3
OtherType:0.28
BitType:0.27
ArrayType:0.2633333333333333
BinaryType:0.25333333333333335
DateTimeType:0.21666666666666667
FunctionSQL:0.21333333333333335
ExpressionArithmetic:0.20666666666666667
SortAndSlice:0.19666666666666666
BooleanType:0.16666666666666666
RowType:0.14666666666666667
