TreePanel:0.45666666666666667
LookAndFeelSettings:0.2633333333333333
DefaultIconLoader:0.25
QueryEditor:0.16
RatingButton:0.12666666666666668
