Projects:0.09052402
Template:0.014655827
LicenseItem:0.009365481
