FreeColServer:0.5433333333333333
MetaServer:0.4266666666666667
ConnectController:0.31
ReceivingThread:0.2816666666666667
UserConnectionHandler:0.25333333333333335
