Statistics:0.38666666666666666
MainWindowMenu:0.38
MainWindowMenuHandler:0.32666666666666666
DockingUI:0.26666666666666666
StatisticsWindow:0.22666666666666666
OConsts:0.12883333333333333
MatchStatisticsCalculationThread:0.023333333333333334
