GUI:0.7466666666666667
ViewMode:0.27666666666666667
MapControls:0.22166666666666668
TilePopupAction:0.11666666666666667
