ScriptYourself:0.074508175
ScriptError:0.024560573
ScriptExecutor:0.014484823
