TileItem:0.5604882
Unit:0.32665634
Goods:0.32479724
Location:0.2838913
ColonyTile:0.15656425
Building:0.15162674
Settlement:0.14855894
Europe:0.1462159
Tile:0.12406462
Colony:0.10641859
IndianSettlement:0.0880752
TileImprovement:0.061061714
