SessionInterface:0.2981605
Session:0.21680756
ClientConnectionHTTP:0.15450548
Scanner:0.028698271
HsqlDateTime:0.020861385
HsqlException:0.020101957
