MLabel:0.5066666666666667
Editor:0.47
MCalendarPanel:0.44333333333333336
DayButton:0.33
