jEdit:0.62
Remove:0.41
KillRing:0.21333333333333335
RingListModel:0.21333333333333335
Renderer:0.1511111111111111
