MTreeModel:0.32055673
MTreeItem:0.20301493
AbstractScanner:0.15721364
MTree:0.114939705
MV:3.3740222E-4
