TextEditorDesigner:0.14428872
TextEditorCore:0.11998465
TextEditorPlugin:0.017760228
TextEditorKit:0.012823299
TextEditorDocument:0.010347403
