MDialog:0.098955944
MRating:0.094879255
MMenu:0.09393698
MToolBar:0.084687844
MSmallButton:0.07746625
MURLButton:0.07282239
MButtonBeanInfo:0.069041274
MCalendarPanel:0.067812346
MTabbedPane:0.06641118
UI:0.06550235
MSettingsPage:0.060045347
MAction:0.0584878
MNotification:0.056516223
MIconButton:0.054173198
MWizardDialog:0.050584693
MTextFieldPanel:0.04327147
MSmallColorButton:0.042691547
MIcon:0.040527556
MSettingsDialog:0.03830262
MMessage:0.038268857
MTimer:0.036515303
MMouseAdapter:0.03516781
MAboutDialog:0.030413086
MLogger:0.02971301
MMultiPanel:0.029549384
MSmallColorChooser:0.025949752
MFontButton:0.02588492
MPasswordPanel:0.022750469
TK:0.02227857
MActionInfo:0.022048533
MFontChooser:0.014615411
MColorButton:0.014594374
BooleanProperty:0.0076060155
Property:0.0056347228
MColor:0.0051643057
