Handler:0.5477777777777777
FilterMaster:0.31333333333333335
Typo3Filter:0.24666666666666667
DefaultXMLDialect:0.17333333333333334
XMLDialect:0.14416666666666667
Typo3Dialect:0.13266666666666665
