Role:0.7133333333333334
ServletUtil:0.62
AdminServlet:0.27
JAMWikiServlet:0.22666666666666666
EditServlet:0.18
WatchlistServlet:0.15666666666666668
RegisterServlet:0.11666666666666667
ImportTiddlyWikiServlet:0.10333333333333333
