ChartModel:0.5366666666666666
Item:0.5133333333333333
ChartPainter:0.31666666666666665
StatsPanel:0.2733333333333333
