FS:0.6266666666666667
Help:0.3466666666666667
PluginManager:0.27
CategoryManager:0.21333333333333335
Gettext:0.18555555555555556
AppletTab:0.15555555555555556
FileExtensionFilter:0.10666666666666667
