Building:0.5766666666666667
ProductionInfo:0.4866666666666667
Consumer:0.45588888888888884
BuildQueue:0.31
BuildingType:0.23333333333333334
ProductionCache:0.22
