MapTest:0.31333333333333335
ContactTest:0.3
FoundingFatherTest:0.2733333333333333
MovementTest:0.17333333333333334
ScoutingMissionTest:0.15666666666666668
