IntervalType:0.5733333333333334
NumberType:0.49333333333333335
Tokens:0.49333333333333335
FunctionCustom:0.27444444444444444
SetFunction:0.20783333333333334
Tokenizer:0.18
TestDatetimeSimple:0.16
AllTests:0.05333333333333334
