Tile:0.6691666666666667
ColonyTile:0.55
TileTest:0.24333333333333335
ServerColonyTile:0.1511111111111111
