jEdit:0.36704412
BeanShell:0.12410588
Buffer:0.09605933
Log:0.08747703
View:0.079539895
