GUIUtilities:0.027215403
EditAction:0.0248551
jEdit:0.014389561
Log:0.006481123
