ServerBuilding:0.23478882
ServerUnit:0.22785686
ServerPlayer:0.221586
ServerColonyTile:0.14866626
ServerModelObject:0.026745979
