MApplication:0.6166666666666667
NotepadEditor:0.26666666666666666
MAboutDialog:0.24583333333333332
CategoryPropertiesPanel:0.23805555555555558
WebPanel:0.22666666666666666
NotepadEditorDesigner:0.22
Args:0.2
MLinkButton:0.19333333333333333
CategoryManagerDialog:0.14333333333333334
