MColorIcon:0.4683333333333333
TagsUtils:0.41333333333333333
ColorPanel:0.32
CustomColorSettings:0.28
