AIColony:0.7866666666666666
EuropeanAIPlayer:0.33666666666666667
AIColonyTest:0.14666666666666667
