GHNSDialog:0.52
AbstractRequestManager:0.43333333333333335
PluginDownloader:0.2633333333333333
PreviewReader:0.20666666666666667
