Tokens:0.6466666666666666
Log:0.2866666666666667
FunctionCustom:0.24444444444444446
DataFileCache:0.225
ClobType:0.22
FunctionSQL:0.21944444444444447
JDBCClobClient:0.18
JDBCBlobClient:0.18
JDBCConnection:0.16666666666666666
BlobType:0.13
