HarmonicColorModel:0.7733333333333333
DefaultHarmonicColorModel:0.45
ViewToolBar:0.18666666666666668
FigureToolBar:0.18666666666666668
ModelHandler:0.17333333333333334
FontToolBar:0.15666666666666668
