Unit:0.2590115
Colony:0.21077223
ColonyTile:0.15780543
Player:0.13170843
Tile:0.12755205
Goods:0.12662117
GoodsContainer:0.098833635
ModelMessage:0.08011653
WorkLocation:0.06262978
BuildingType:0.052886914
Settlement:0.051120985
FreeColGameObject:0.048644524
Game:0.047621652
Locatable:0.026079008
FoundingFather:0.019224592
Ownable:0.011819363
