ColonyTile:0.44481325
Building:0.33257115
Colony:0.31799093
Unit:0.2075167
Location:0.13669047
Player:0.10156789
