jEdit:0.4854444444444444
SearchAndReplace:0.44
JEditTextArea:0.41
Macros:0.33666666666666667
MouseHandler:0.31
ActionSet:0.2916666666666667
Gutter:0.28
TextAreaPainter:0.24583333333333332
TextAreaDialog:0.22666666666666666
ParserRule:0.19666666666666666
KillRing:0.19
KeyEventTranslator:0.18166666666666667
FileRootsVFS:0.175
StatusBar:0.16666666666666666
ActionHandler:0.15833333333333333
ResultCellRenderer:0.15
BufferChangeHandler:0.14333333333333334
TextAreaTransferHandler:0.14333333333333334
HelpIndex:0.13833333333333334
SettingsReloader:0.11666666666666667
HelpTOCPanel:0.11333333333333333
KeyHandler:0.11333333333333333
PluginManagerProgress:0.023333333333333334
