ErrorCode:0.560484126984127
Database:0.4
Logger:0.37666666666666665
OdbcUtil:0.25333333333333335
ParserCommand:0.23
