Sidebar:0.5766666666666667
Button:0.35333333333333333
ImportExport:0.2966666666666667
TagCloud:0.23666666666666666
