Unit:0.49333333333333335
Europe:0.43666666666666665
Colony:0.4
Player:0.35427777777777775
Game:0.2966666666666667
ModelMessage:0.28
FreeColGameObject:0.275
ColonyPanel:0.2644444444444445
GUI:0.2277777777777778
InGameController:0.21666666666666667
EuropePanel:0.2
InGameInputHandler:0.19444444444444442
Canvas:0.17666666666666667
FreeColDialog:0.08
