FeedsFS:0.36
FSHelper:0.35333333333333333
Index:0.3233333333333333
SecurityDialog:0.23666666666666666
FeedThread:0.22
Armor:0.18
MAccessController:0.12
