Widget:0.6566666666666666
Desktop:0.30733333333333335
WidgetPeer:0.25333333333333335
WidgetInternalFrame:0.234
NewWidgetAction:0.11111111111111109
