MapControls:0.10523042
MapEditorTransformPanel:0.09181263
FreeColPanel:0.06746682
