ColopediaPanel:0.21765946
FreeColPanel:0.14754012
