GUI:0.07777613
TerrainCursor:0.02631709
Canvas:0.01618789
