UI:0.5833333333333334
MetaInfo:0.4066666666666667
MIcon:0.32
IconSizePreview:0.14333333333333334
LinkButton:0.13333333333333333
ResizeDialog:0.12333333333333334
Watermark:0.11
MSystemTray:0.10666666666666667
