MetaInfo:0.5833333333333334
FSHelper:0.4533333333333333
AbstractFS:0.31
AdvancedProperties:0.3
FeedsFS:0.25333333333333335
PropertiesPanel:0.21
TrashFS:0.20666666666666667
MountManager:0.19666666666666666
ImportExport:0.19
MountPanel:0.19
ItemRenderer:0.19
QueryEditor:0.16666666666666666
ImportFromLifereaAction:0.16333333333333333
ExternalFolderList:0.15
FolderMetaInfo:0.13333333333333333
EnclosureAction:0.11333333333333333
SaveAsAction:0.08333333333333333
ExportAction:0.07
