StringOption:0.4
UnitTypeOption:0.39666666666666667
IntegerOption:0.37666666666666665
AbstractUnitOption:0.36
