ServerListTableModel:0.098768845
FreeColPanel:0.061148148
