OStrings:0.7433333333333333
AboutDialog:0.4766666666666667
