TodoEditorCore:0.07712801
Task:0.028914295
