Task:0.25810543
TodoEditorCore:0.17026559
Column:0.07232831
TaskState:0.03560247
