MPasswordPanel:0.7516111111111111
CalendarDesklet:0.5736666666666667
