FreeColServer:0.47
FreeCol:0.3466666666666667
ConnectController:0.3233333333333333
FreeColClient:0.25
MapEditorController:0.23333333333333334
ServerTestHelper:0.15
NewPanel:0.14333333333333334
ClientTestHelper:0.12666666666666668
