Table:0.49
RowStoreAVLDiskData:0.36333333333333334
SessionContext:0.32666666666666666
Session:0.31666666666666665
RowStoreAVL:0.29
SubQuery:0.28
IndexAVL:0.25333333333333335
RowStoreAVLHybrid:0.21333333333333335
ParserDDL:0.21
RowStoreAVLMemory:0.20333333333333334
ParserDQL:0.2
Logger:0.19333333333333333
StatementProcedure:0.18666666666666668
StatementExpression:0.18
TestScript:0.14666666666666667
ParserRoutine:0.14666666666666667
SimpleLog:0.12833333333333333
