TK:0.5566666666666666
MetaInfo:0.32166666666666666
OS:0.23555555555555557
Item:0.23
Style:0.23
MFileChooser:0.22333333333333333
Query:0.21
TestTK:0.20333333333333334
UpdateInfo:0.14
SummaryCategory:0.11666666666666667
