MSlider:0.6133333333333333
ImageEditorDesigner:0.39666666666666667
LookAndFeelSettings:0.32
