AbstractChannel:0.043594398
FeedComponent:0.04101665
AbstractItem:0.024296444
FeedException:0.018893713
FeedUtils:0.010157478
FeedListException:0.009861145
