FS:0.75
ScriptExecutor:0.4266666666666667
ScriptPlugin:0.22333333333333333
ScriptIDE:0.18
ScriptUtils:0.16666666666666666
