HyperSearchOperationNode:0.47333333333333333
HyperSearchResult:0.32666666666666666
HyperSearchFileNode:0.3233333333333333
RemoveTreeNodeAction:0.26
MouseHandler:0.21666666666666667
