TextEditorDesigner:0.5133333333333333
TextEditorCore:0.4633333333333333
TextEditorKit:0.11333333333333333
TextEditorDocument:0.08333333333333333
TextEditorWriter:0.05055555555555556
