MetaInfo:0.49333333333333335
AbstractFS:0.34
FSHelper:0.27
PropertiesPanel:0.23444444444444448
LinkMetaInfo:0.22333333333333333
TreePanel:0.19111111111111112
Tabs:0.18833333333333332
