MDialog:0.7383333333333333
LookAndFeelSettings:0.4083333333333333
