MList:0.07945538
MFontButton:0.057377014
MPanel:0.043207865
MFontComboBox:0.04236413
UI:0.027138656
MRenderer:0.025727533
MDialog:0.024680927
MTextFieldPanel:0.023835229
MMenu:0.022441393
MTextField:0.0126536265
MSmallButton:0.009729088
Config:0.008922476
MAction:0.008323682
MArrayList:0.006634014
MIcon:0.006583868
TK:0.006419829
MSearchPanel:0.0053175404
MActionInfo:0.005292793
