MiscUtilities:0.5366666666666666
EditPane:0.5033333333333333
TextAreaTransferHandler:0.35
PerspectiveManager:0.18333333333333332
Autosave:0.17333333333333337
DropHandler:0.17333333333333334
Java14:0.11
