Buffer:0.5166666666666667
JEditTextArea:0.36
PosBottomHalf:0.31333333333333335
KeyEventTranslator:0.26
DefaultInputHandler:0.24333333333333335
StyleEditor:0.23
RemoveButton:0.15666666666666668
PositionManager:0.12333333333333334
