Colony:0.5466666666666666
Settlement:0.5233333333333333
IndianSettlement:0.5066666666666667
SimpleCombatModel:0.31
