OS:0.7466666666666667
MLayout:0.5666666666666667
MAboutDialog:0.37333333333333335
