SchemaObjectSet:0.30042422
SchemaManager:0.30004436
SchemaObject:0.1710675
RoutineSchema:0.1429346
Table:0.1204232
StatementSchema:0.11487305
Routine:0.11312486
NumberSequence:0.08127653
HsqlNameManager:0.045644533
Session:0.024546273
SessionManager:0.013975557
Tokens:0.0
