SchemaManager:0.74641824
SchemaObject:0.72096306
Schema:0.6208074
ColumnSchema:0.4046467
RoutineSchema:0.4017098
Table:0.3719716
Routine:0.3179413
Constraint:0.25143057
SqlInvariants:0.04584945
Tokens:0.0
