UI:0.7233333333333334
MTextFieldPanel:0.31333333333333335
MSmallButton:0.30333333333333334
DayButton:0.27666666666666667
MURLButton:0.2588888888888889
MButton:0.24333333333333335
RatingButton:0.16333333333333333
