PluginInfo:0.6333333333333333
AbstractPlugin:0.35333333333333333
TodoWidget:0.2866666666666667
StandaloneApplication:0.18666666666666668
