Editor:0.040965922
TextUtils:0.030387273
AbstractTextEditor:0.0123104425
