MLabel:0.4866666666666667
Widget:0.41055555555555556
StaticThrobber:0.25666666666666665
