ClientOptions:0.4033333333333333
InGameController:0.38666666666666666
UnitMoveAnimation:0.3466666666666667
InGameInputHandler:0.23666666666666666
