TaskComparator:0.3933333333333333
ByCategory:0.3911111111111111
