TK:0.95
FeedThread:0.36333333333333334
TestTK:0.26166666666666666
