ValidatorSupport:0.09079383
ValidatorMessage:0.0772806
TextComponentValidator:0.053100698
ListSelectionValidator:0.018442936
