PluginSettings:0.1116119
PluginType:0.053575635
PluginRenderer:0.03708126
PluginInfo:0.021250878
