MNotification:0.7983333333333333
OS:0.6044444444444445
