AbbrevsOptionPane:0.14913063
AbbrevEditor:0.11421309
jEdit:0.033566035
