ShortcutsOptionPane:0.081686646
KeyEventWorkaround:0.06935538
View:0.053660594
Buffer:0.04992148
jEdit:0.0457117
GUIUtilities:0.039627712
Log:0.013783732
OperatingSystem:0.007949959
