FSException:0.08911286
MetaInfo:0.066661425
