FreeColMenuBar:0.053678393
GUI:0.049463306
TilePopup:0.03225091
InGameMenuBar:0.029778073
MapEditorMenuBar:0.024702832
ImageLibrary:0.019423619
CanvasMapEditorMouseListener:0.012546566
CanvasMouseListener:0.012501424
CanvasMapEditorMouseMotionListener:0.010357216
FullScreenFrame:0.010303785
CanvasMouseMotionListener:0.010250525
CanvasKeyListener:0.0057219868
GUIMessage:0.0053211492
WindowedFrame:0.0050925366
WindowedFrameListener:0.0022137582
