FreeColDialog:0.18784232
FreeColPanel:0.060983006
