DefaultTransferHandler:0.20673504
ReportTradePanel:0.14559723
EuropePanel:0.1268715
DragListener:0.117686994
