ReportProductionPanel:0.20266983
ReportLabourDetailPanel:0.17327257
ReportColonyPanel:0.14591064
ReportMilitaryPanel:0.14168699
ReportNavalPanel:0.14168698
ReportCargoPanel:0.14168695
ReportTradePanel:0.116915286
ReportLabourPanel:0.11405565
ReportUnitPanel:0.1072836
ReportTurnPanel:0.10083856
ReportReligiousPanel:0.08711403
ReportContinentalCongressPanel:0.083720565
ReportIndianPanel:0.08223331
ReportForeignAffairPanel:0.07904162
FreeColPanel:0.07128
ReportRequirementsPanel:0.06926312
