UI:0.8833333333333333
DefaultPreview:0.41333333333333333
Mods:0.35333333333333333
