Macros:0.5466666666666666
Macro:0.33
BeanShell:0.275
DefaultInputHandler:0.18750000000000003
KeyEventWorkaround:0.14
ActionHandler:0.1
