Expression:0.3933333333333333
HsqlDateTime:0.36333333333333334
Library:0.22666666666666666
