QueryHandler:0.5176468253968255
Interwiki:0.49666666666666665
DataHandler:0.45666666666666667
AnsiQueryHandler:0.27666666666666667
LinkUtil:0.21444444444444447
WikiDatabase:0.2
AnsiDataHandler:0.13666666666666666
DatabaseUpgrades:0.12666666666666668
AdminVirtualWikiServlet:0.11333333333333333
InterwikiTest:0.0033333333333333335
