LineConnectionFigure:0.25
ListenerSupport:0.21
RectangleFigure:0.17
LabelFigure:0.17
LineFigure:0.17
GroupFigure:0.15083333333333335
AbstractShapeFigure:0.11722222222222224
ConnectableFigure:0.0011111111111111111
