DatabaseUpgrades:0.21953572
LocalDataSource:0.18533993
DB2400QueryHandler:0.113497585
AnsiQueryHandler:0.0
AnsiDataHandler:0.0
CacheQueryHandler:0.0
WikiDatabase:0.0
