MInternalFrame:0.8633333333333333
WidgetInternalFrame:0.4816666666666667
TreePanel:0.36333333333333334
