MDialog:0.06776941
MLogger:0.020235583
MNotification:0.0157423
MPanel:0.01345444
MTimer:0.008873798
