Game:0.6416031746031746
InGameController:0.5733333333333334
