CreateMissionAtSettlementGoal:0.6048447
Goal:0.32775095
