SimpleStore:0.4944444444444444
FrameworkLogger:0.48333333333333334
ClientConnection:0.39666666666666667
