Types:0.6
Function:0.47333333333333333
Expression:0.4633333333333333
