Tile:0.56
ResourceType:0.3933333333333333
Resource:0.2955555555555555
TileItemContainer:0.2931666666666667
TileTest:0.26
TerrainGenerator:0.22666666666666666
ColonyProductionTest:0.21
ResourceTransform:0.17333333333333334
