Tester:0.6833333333333333
UITest:0.25666666666666665
AbstractTest:0.23
AbstractEnumTest:0.17
