GUI:0.55
ClientOptions:0.22
DisplayTileEmptyAction:0.21666666666666667
DisplayTileRegionsAction:0.21666666666666667
DisplayTileNamesAction:0.21444444444444447
DisplayTileOwnersAction:0.21444444444444447
InGameMenuBar:0.14333333333333334
MapEditorMenuBar:0.08666666666666667
ActionManager:0.08333333333333333
FreeColMenuBar:0.06
