DatabaseManager:0.073684886
Session:0.06941622
SessionManager:0.06797257
DatabaseCommandInterpreter:0.06209119
UserManager:0.057622813
Table:0.056599304
DatabaseInformationMain:0.056433067
DatabaseInformationFull:0.056048993
User:0.055830155
Trace:0.04527051
GranteeManager:0.044688575
Parser:0.040954057
Function:0.0408426
DINameSpace:0.04032524
DatabaseInformation:0.03897067
Result:0.038734566
SchemaManager:0.037473626
CompiledStatement:0.037189096
TextTable:0.036804624
Library:0.036529854
Expression:0.03240278
Index:0.03231765
TableWorks:0.028111285
CompiledStatementManager:0.027945662
DatabaseURL:0.027285747
DatabaseScript:0.027098022
CompiledStatementExecutor:0.025281211
ServerConnection:0.025195135
View:0.02301271
TransactionManager:0.019014526
Token:0.016662573
HsqlNameManager:0.0153858075
SubQuery:0.012631927
SetFunction:0.011465911
Like:0.010461088
Collation:0.009780558
HsqlException:0.009775822
