MainWindow:0.47
ImageEditor:0.31666666666666665
MTree:0.28
AnnotationBar:0.26666666666666666
TreePanel:0.21733333333333335
RenameEditor:0.20333333333333334
ColorAction:0.19444444444444445
LinkButton:0.14666666666666667
TagsEditor:0.14333333333333334
