Player:0.6966666666666667
PreGameController:0.27
PlayersTableModel:0.22666666666666666
NationCellEditor:0.19
PreGameInputHandler:0.18666666666666668
NationCellRenderer:0.13333333333333333
