Result:0.5533333333333333
TransactionManagerMV2PL:0.2816666666666667
Grantee:0.27
TransactionManagerMVCC:0.26
SchemaManager:0.2580555555555556
ServerConnection:0.25666666666666665
QuerySpecification:0.22472222222222224
JDBCPreparedStatement:0.22
TestStoredProcedure:0.19333333333333336
