StringEntry:0.4633333333333333
CommandThread:0.3933333333333333
EditorSettings:0.3175
TMXReader:0.25
MainWindowMenuHandler:0.24
EditorController:0.21333333333333335
SearchThread:0.15333333333333332
ParseEntry:0.13333333333333333
LoadFilesCallback:0.03666666666666667
TranslateFilesCallback:0.03333333333333333
ProjectContext:0.02666666666666667
