FreeColServer:0.3466666666666667
FreeCol:0.29
ResourceManager:0.2866666666666667
FreeColDataFile:0.22
ConnectController:0.19333333333333333
FreeColTcFile:0.17500000000000002
MapGenerator:0.17
FreeColModFile:0.15333333333333332
ModInfo:0.10333333333333333
ModDescriptor:0.056666666666666664
