TerrainGenerator:0.08272355
LandGenerator:0.061774533
MapGenerator:0.055258833
IMapGenerator:0.021903882
