GUI:0.53
ColonyPanel:0.4
Canvas:0.31666666666666665
UnitLabel:0.2377777777777778
ProductionPanel:0.10333333333333333
