PaletteLookAndFeel:0.68
PaletteTextFieldUI:0.38666666666666666
FigureToolBar:0.24333333333333335
SVGApplicationModel:0.21
