MainWindow:0.41
QuickOpenDialog:0.38
Mods:0.35333333333333333
MHTMLViewer:0.27666666666666667
ConsoleTab:0.27
