MComboBox:0.7055555555555555
Filters:0.6008333333333334
FilterItem:0.58
