JDBCCallableStatementWhileClosedTest:0.7466666666666667
DatabaseURLTest:0.5366666666666666
