CreationTool:0.23666666666666666
SelectionTool:0.18333333333333332
MoveHandle:0.13333333333333333
PointHandle:0.13333333333333333
ConnectionPointHandle:0.13333333333333333
RotateHandle:0.13333333333333333
