MiscUtilities:0.88
BufferOptions:0.2833333333333333
BrowserCommandsMenu:0.27
GeneralOptionPane:0.18333333333333332
