DataFileCache:0.46
Cache:0.3433333333333333
BaseHashMap:0.3044444444444444
RAFileNIO:0.30333333333333334
DataSpaceManagerBlocks:0.2788888888888889
RowAction:0.25333333333333335
Logger:0.18333333333333332
DatabaseInformationFull:0.18
Log:0.15666666666666668
