Player:0.7233333333333334
InGameController:0.35
StandardAIPlayer:0.31
FreeColServer:0.2906666666666667
NewAIPlayer:0.27
