MFontChooser:0.05895304
MComboBox:0.035712853
Preloader:0.003075987
