ReportPanel:0.13327128
FreeColPanel:0.07644758
