PropertiesDialog:0.20686366
Tree:0.15509617
LocationBar:0.1293674
ImportExport:0.093298785
