AbstractGoods:0.4266666666666667
Colony:0.4166666666666667
Tile:0.38
ProductionInfo:0.19
ProductionTree:0.18
