PBEInfo:0.5833333333333334
Editor:0.5155555555555555
EncryptDialog:0.23833333333333334
TestPBEInfo:0.19333333333333333
EditorCrypto:0.17444444444444446
MasterKey:0.10666666666666667
