PropertyPanel:0.19886214
SimpleForm:0.03472445
Info:0.0
Field:0.0
IntegerRange:0.0
Link:0.0
