MTextField:0.23173665
MPasswordField:0.11641208
MMessage:0.08595261
MHighlighter:0.07905416
MText:0.053767733
