UnitLabel:0.49666666666666665
ReportPanel:0.2966666666666667
BuildingPanel:0.2633333333333333
ReportColonyPanel:0.20333333333333334
CargoPanel:0.20166666666666666
DocksPanel:0.185
EndTurnDialog:0.17833333333333334
OutsideColonyPanel:0.16183333333333333
FindSettlementDialog:0.15
BuildingToolTip:0.15
InPortPanel:0.14144444444444446
DestinationPanel:0.135
ReportCargoPanel:0.10333333333333333
ReportMilitaryPanel:0.10333333333333333
PreCombatDialog:0.10333333333333333
ReportNavalPanel:0.10333333333333333
ReportProductionPanel:0.08333333333333333
WorkProductionPanel:0.08333333333333333
ReportReligiousPanel:0.07666666666666666
ReportEducationPanel:0.07
