WikiConfiguration:0.5966666666666667
JFlexCustomTagItem:0.4322222222222223
AbstractJAMWikiCustomTagLexer:0.31666666666666665
GalleryTag:0.30666666666666664
