Table:0.5333333333333333
Database:0.4633333333333333
Log:0.37333333333333335
DatabaseScriptWriter:0.35
DatabaseRowOutputInterface:0.27116666666666667
BinaryDatabaseRowOutput:0.24666666666666667
Logger:0.24666666666666667
StringConverter:0.22
DatabaseRowOutput:0.21
TextCache:0.20666666666666667
BinaryServerRowOutput:0.20333333333333334
Result:0.20333333333333334
BinaryDatabaseScriptWriter:0.20333333333333334
TextDatabaseRowOutput:0.18333333333333332
TextLogRowOutput:0.17666666666666667
