TransportMission:0.23510927
Mission:0.22811534
