UnitLabel:0.19257377
DefaultTransferHandler:0.16277575
DragListener:0.08497815
GoodsLabel:0.047182966
DropListener:0.0036766417
ChoiceItem:0.0027467243
