ColonyTile:0.34503484
Unit:0.26385224
Building:0.243882
Tile:0.2012433
Player:0.19345376
GoodsContainer:0.1480539
Goods:0.1198326
Map:0.09922835
Location:0.064279355
WorkLocation:0.06344834
Market:0.06164867
Game:0.059761267
FreeColGameObject:0.058563367
Settlement:0.052134078
ModelController:0.047766693
GameOptions:0.026722314
Locatable:0.0104152085
Turn:0.00576597
FoundingFather:0.0049569285
