Game:0.19353767
FreeColGameObject:0.10905449
Colony:0.031604767
