Figure:0.56
DrawingView:0.4266666666666667
SelectionTool:0.21
LineConnectionFigure:0.20333333333333334
SimpleDrawingView:0.19333333333333333
RotateHandle:0.16
MoveHandle:0.15666666666666668
SimpleDragTracker:0.12
