JAMWikiModel:0.6933333333333334
BlikiProxyParser:0.53
Main:0.2192936507936508
