HsqlTimer:0.12885906
HsqlHeap:0.11996113
ObjectComparator:0.030316768
