Widget:0.11068738
WidgetTitle:0.08064822
