EditorController:0.63
SegmentBuilder:0.5433333333333333
EditorTextArea3:0.2866666666666667
