GUIUtilities:0.06301013
EditAction:0.048595697
StatusBar:0.042476058
MacrosMenu:0.021693783
jEdit:0.015675655
View:0.011721342
OperatingSystem:0.007522947
