Buffer:0.2669998
EditServer:0.18546014
EditPlugin:0.17492063
Macros:0.1652519
MiscUtilities:0.16045482
VFS:0.15848485
GUIUtilities:0.15603605
FileVFS:0.15486176
View:0.14965127
BeanShell:0.13618128
DockableWindowManager:0.13561195
Mode:0.13396491
VFSBrowser:0.1237823
EditPane:0.11821891
HistoryModel:0.11286624
Log:0.11094008
Abbrevs:0.11060762
VFSManager:0.10613491
JARClassLoader:0.105424955
SearchAndReplace:0.10513946
EditBus:0.09325788
BufferIORequest:0.09093427
JEditTextArea:0.090227194
BufferHistory:0.08806057
EditAction:0.087181695
ActionSet:0.0815104
AllBufferSet:0.080320984
BufferUpdate:0.07662814
HelpIndex:0.07435638
StatusBar:0.07260159
PluginList:0.06871821
EditorExitRequested:0.06718416
GeneralOptionPane:0.066995434
BrowserView:0.066079386
SearchDialog:0.06270392
ModeCatalogHandler:0.06260335
MacOSPlugin:0.061998267
InputHandler:0.06027392
HyperSearchResults:0.057491653
DefaultInputHandler:0.056557525
Roster:0.056233514
Gutter:0.056098826
QuickNotepad:0.05555483
SettingsReloader:0.0546369
FoldVisibilityManager:0.0519909
GrabKeyDialog:0.05107898
OptionGroup:0.04971417
CloseDialog:0.04852261
HelpViewer:0.048248135
OptionPane:0.048083816
XmlParser:0.04358122
HelpTOCPanel:0.043118186
VFSFileChooserDialog:0.042947687
Selection:0.040807787
LatestVersionPlugin:0.039253537
ViewUpdate:0.038880814
ActionListHandler:0.038830638
BufferOptions:0.038478706
Marker:0.037886042
PanelWindowContainer:0.036932614
MacOSHandler:0.036507655
HistoryTextField:0.036161326
AbstractOptionPane:0.03549843
BrowserCommandsMenu:0.03528871
BufferPrintable:0.034883942
InstallPluginsDialog:0.034387246
XModeHandler:0.033977147
PluginManager:0.03372335
EnhancedCheckBoxMenuItem:0.03298935
HyperSearchRequest:0.032592837
BrowserIORequest:0.032319713
EnhancedMenuItem:0.031502634
ToolBarEditDialog:0.03016568
RecentFilesMenu:0.03003603
LoadSaveOptionPane:0.029827548
SearchBar:0.0294356
BufferPrinter1_4:0.028801508
DirectoryMenu:0.028101416
Java14:0.027486108
ShowBufferMenu:0.023969525
EditorStarted:0.023413492
ParserRuleSet:0.0232312
OptionsDialog:0.023145568
OperatingSystem:0.022758443
FileCellRenderer:0.022420812
Autosave:0.022234306
FavoritesVFS:0.021995194
GlobalOptions:0.02196978
LogViewer:0.021356244
ToolBarOptionPane:0.020673415
TokenMarker:0.020328684
EditingOptionPane:0.019885557
MacOSMenu:0.019867767
TipOfTheDay:0.01942949
AppearanceOptionPane:0.019394657
PluginListDownloadProgress:0.019028604
RecentDirectoriesMenu:0.018855793
MarkersMenu:0.01762702
HelpSearchPanel:0.017445145
GutterOptionPane:0.017294137
ErrorListDialog:0.017124198
PropertiesChanged:0.016954727
PluginResURLConnection:0.016740795
ShowRecentMenu:0.016685896
ShortcutsOptionPane:0.016595257
ContextOptionPane:0.016306004
PastePrevious:0.016069239
SplashScreen:0.016054165
EditorExiting:0.01596827
QuickNotepadOptionPane:0.015806496
HyperSearchResult:0.01557558
JEditMetalTheme:0.015485806
StyleTableModel:0.014969243
ContextAddDialog:0.014818966
AddAbbrevDialog:0.013929499
AboutDialog:0.013227517
PluginManagerProgress:0.01321935
AbbrevsOptionPane:0.013145658
ColorWellButton:0.012964228
ViewRegisters:0.012612853
ShowRecentDirMenu:0.012291663
FontSelectorDialog:0.011585662
BufferPrinter1_3:0.011342563
QuickNotepadToolPanel:0.010931804
WindowTableModel:0.010148761
BrowserOptionPane:0.010001882
SelectLineRange:0.009964181
BrowserColorsModel:0.009928799
TextAreaOptionPane:0.009319768
AbbrevsModel:0.008025972
StatusBarOptionPane:0.007987351
BufferSwitcher:0.0079182265
XmlException:0.0076811085
IOProgressMonitor:0.0074942857
EnhancedMenu:0.007014487
AbbrevEditor:0.0068294643
BeanShellErrorDialog:0.006810031
FirewallOptionPane:0.0067375186
FontSelector:0.006174681
DockingOptionPane:0.006046781
BrowserColorsOptionPane:0.0049662623
EditAbbrevDialog:0.0039126803
StyleEditor:0.0034114656
PrintOptionPane:0.0031048602
MacOSOptionPane:0.0023723769
