Roster:0.23427424
PluginManager:0.1881908
jEdit:0.099079445
GUIUtilities:0.08181016
