WorkThread:0.10336564
IOProgressMonitor:0.08933415
VFSManager:0.07495544
WorkThreadProgressListener:0.06243493
VFSFileChooserDialog:0.062308304
StatusBar:0.059898715
Log:0.017034963
