Session:0.66
TransactionManager:0.5433333333333333
TransactionManagerMVCC:0.3233333333333333
TransactionManagerMV2PL:0.25
TransactionManager2PL:0.25
SessionContext:0.23333333333333334
CountUpDownLatch:0.23
TimeoutManager:0.20333333333333334
TransactionManagerCommon:0.18
StatementCommand:0.16
TimeoutRunner:0.11666666666666667
Sync:0.03
