MetaInfo:0.72
FSHelper:0.24333333333333335
ImportExport:0.24222222222222223
AbstractFS:0.23
DnDTransferHandler:0.22666666666666666
TagsHighlighter:0.13333333333333333
