UI:0.7133333333333334
MDialog:0.38
TabComponent:0.33
LinkEditor:0.24777777777777782
MProgressBar:0.15
