TileType:0.5644444444444445
ColopediaPanel:0.42333333333333334
Specification:0.2866666666666667
