Player:0.42333333333333334
Feature:0.39666666666666667
Modifier:0.3933333333333333
Ability:0.38
ResourceType:0.2966666666666667
TileType:0.23
SimpleCombatModel:0.22666666666666666
FreeColGameObjectType:0.20666666666666667
TileImprovementType:0.19666666666666666
ColopediaPanel:0.19
CombatTest:0.17
FoundingFatherTest:0.11666666666666667
PreCombatDialog:0.09
BonusOrPenalty:0.0
