FeedsFS:0.41
Item:0.35
ChartPanel:0.2733333333333333
AbstractFileCache:0.24
ScriptIDE:0.23666666666666666
MFontButton:0.20666666666666667
ActionProperties:0.13666666666666666
Permission:0.12
