Tokens:0.5433333333333333
User:0.47
Database:0.35333333333333333
UserManager:0.3433333333333333
ParserDQL:0.32
Logger:0.2833333333333333
ParserDDL:0.25
StatementSchema:0.23333333333333334
DataFileCache:0.22166666666666668
StatementCommand:0.21666666666666667
DataFileDefrag:0.19
DatabaseInformationMain:0.19
ParserCommand:0.19
StatementTypes:0.03333333333333333
