Expression:0.7941666666666667
Token:0.4222222222222222
Parser:0.3466666666666667
