VFSBrowser:0.49
BrowserCommandsMenu:0.2866666666666667
FavoritesVFS:0.22666666666666666
DefaultInputHandler:0.18750000000000003
FocusHandler:0.17666666666666667
BrowserView:0.1513888888888889
CommandsMenuButton:0.13
MouseHandler:0.11166666666666666
FavoritesMenuButton:0.10666666666666667
