PluginInfo:0.3433333333333333
Stuff:0.33
PluginDownloader:0.2833333333333333
GHNSDialog:0.28
VersionProperty:0.14
