Desktop:0.58
Message:0.5391666666666667
WidgetDesktopPaneUI:0.36666666666666664
WidgetFlatPainter:0.19
WidgetGradientPainter:0.12333333333333334
Main:0.12
WidgetGlassPainter:0.10666666666666667
