TestException:0.6800000000000002
Tester:0.53
TestGHNSDownload:0.4
TestStuff:0.3433333333333333
