Tokens:0.57
HsqlDatabaseProperties:0.4633333333333333
DataFileBlockManager:0.4166666666666667
ArrayUtil:0.37
Logger:0.34
StatementSchemaDefinition:0.31666666666666665
ParserDQL:0.31
DataFileCache:0.27666666666666667
ParserDDL:0.22333333333333333
FunctionCustom:0.22333333333333333
TextCache:0.21333333333333335
StatementCommand:0.2111111111111111
SchemaManager:0.20666666666666667
ExpressionOp:0.1811111111111111
DataFileCacheSession:0.11666666666666667
