SearchWindowController:0.5733333333333334
MainWindowMenuHandler:0.42
MainWindow:0.4
SearchThread:0.15333333333333332
