OptionGroup:0.4033333333333333
DifficultyDialog:0.27666666666666667
BooleanOption:0.24333333333333335
IntegerOption:0.23666666666666666
AbstractOption:0.23666666666666666
ServerUnitTest:0.2
FoundingFatherTest:0.18
IntegerOptionUI:0.14666666666666667
