Player:0.9233333333333333
ServerPlayer:0.5166666666666667
FreeColServer:0.26
