DatabaseConnection:0.45
WikiDatabase:0.35400000000000004
AnsiQueryHandler:0.2633333333333333
