TransactionManager:0.7466666666666667
RowAction:0.47
IndexAVL:0.34
TransactionManagerMVCC:0.26666666666666666
ParserDDL:0.24333333333333335
TransactionManagerMV2PL:0.23666666666666666
ParserRoutine:0.22666666666666666
StatementExpression:0.2025
RowStoreAVLHybrid:0.2
TransactionManager2PL:0.16666666666666666
RowStoreAVLDiskData:0.14333333333333334
