TodoEditor:0.5066666666666667
TodoEditorCore:0.44333333333333336
HTMLBuilder:0.31
AbstractMarkupBuilder:0.24666666666666667
