ScriptWriterText:0.51
DataFileCache:0.4266666666666667
Grantee:0.37166666666666665
TextCache:0.3233333333333333
