Buffer:0.5166666666666667
jEdit:0.49833333333333335
JEditTextArea:0.4666666666666667
TextUtilities:0.34
Macros:0.32
TokenMarker:0.25333333333333335
Gutter:0.25333333333333335
TextAreaPainter:0.25
XModeHandler:0.23333333333333334
SearchAndReplace:0.22666666666666666
InputHandler:0.21333333333333335
JARClassLoader:0.21333333333333335
ActionSet:0.21
VFSBrowser:0.20666666666666667
DockableLayout:0.18333333333333332
WizardLayout:0.16666666666666666
HyperSearchRequest:0.16333333333333333
HelpViewer:0.15333333333333332
TOCTree:0.15
ActionHandler:0.15
BufferHistory:0.14666666666666667
StyleEditor:0.14666666666666667
SettingsReloader:0.14333333333333334
FileCellRenderer:0.13666666666666666
Dependency:0.13333333333333333
PluginManagerProgress:0.11333333333333333
VFSFileChooserDialog:0.11
ConsoleInstall:0.10333333333333333
NonInteractiveInstall:0.09
