NationCellRenderer:0.6416666666666667
AdvantageCellRenderer:0.48333333333333334
StartGamePanel:0.3566666666666667
