Player:0.7
InGameController:0.43333333333333335
PreGameController:0.31666666666666665
FreeColServer:0.30666666666666664
ConnectController:0.23444444444444448
FreeColClient:0.2
UnitIterator:0.13333333333333333
