Node:0.24775732
Table:0.17224562
TableWorks:0.10587729
Constraint:0.092845336
Expression:0.08127832
Row:0.075480305
Column:0.07441862
Session:0.06949551
DatabaseCommandInterpreter:0.06785284
TableFilter:0.056498814
SchemaManager:0.0435317
Trace:0.04194225
DatabaseScript:0.03626561
DITableInfo:0.030006774
BaseTable:0.029525634
Database:0.028676849
HsqlException:0.010740318
ConstraintCore:0.009013085
Collation:0.0080153
