UnitContainer:0.39833578
Unit:0.34658957
Player:0.30224323
Tile:0.27908194
Goods:0.27874097
Colony:0.26378426
Market:0.21178837
FreeColGameObject:0.2067969
Map:0.19183658
GoodsContainer:0.16664802
Game:0.14357796
ModelMessage:0.1089873
Location:0.1013488
Locatable:0.06452335
Ownable:0.06052452
FoundingFather:0.012398635
