PlayersTableModel:0.10050767
ColorCellEditor:0.09423798
NationCellRenderer:0.04156341
FreeColPanel:0.029301321
ColorCellRenderer:0.027623039
NationCellEditor:0.0067081074
