IndianSettlement:0.5983333333333334
Settlement:0.43833333333333335
