MainWindow:0.73
Application:0.5866666666666667
SDK:0.3011111111111111
MSystemTray:0.14777777777777779
