DockableWindowContainer:0.5516666666666666
DockableWindowManager:0.5133333333333333
EditAction:0.37
Entry:0.26
FileVFS:0.225
DockableLayout:0.1802777777777778
PanelWindowContainer:0.12
Wrapper:0.08333333333333333
GeneralOptionPane:0.07666666666666666
RecentFilesMenu:0.07333333333333333
FloatingWindowContainer:0.06666666666666667
