Utils:0.62
Player:0.49333333333333335
Monarch:0.4
SignaturePanel:0.27
InGameInputHandler:0.20333333333333334
BuildableType:0.16333333333333333
