MFrame:0.4325
MouseGestures:0.4266666666666667
Help:0.41
MainWindow:0.4
CustomMouseGestures:0.056666666666666664
