jEdit:0.6366666666666667
PluginJAR:0.43
PluginTableModel:0.3233333333333333
Remove:0.1811111111111111
