FreeColObject:0.068810694
FreeColGameObjectType:0.053723346
Player:0.05253491
