Tabs:0.5733333333333334
TabIcon:0.4066666666666667
MSmallButton:0.24333333333333335
MProgressBar:0.17
