UI:0.6866666666666666
Property:0.37666666666666665
Title:0.23333333333333334
MRenderer:0.21
MButton:0.21
PrintPreviewPanel:0.20333333333333334
WidgetDesktopPaneUI:0.20333333333333334
MList:0.20333333333333334
MTip:0.20333333333333334
MEditorPane:0.20333333333333334
ItemStatus:0.19333333333333333
MIconChooser:0.17333333333333334
GlassPainter:0.13666666666666666
ColorRenderer:0.13666666666666666
PopupContent:0.12333333333333334
MSeparator:0.12333333333333334
ImageSelection:0.10333333333333333
NoteBorder:0.08333333333333333
