InGameMenuBar:0.17686324
Canvas:0.112108715
FreeColMenuTest:0.073594786
MapEditorMenuBar:0.07022156
