Colony:0.7033333333333334
ReportLabourPanel:0.45666666666666667
LabourData:0.3016666666666667
