MDataTransfer:0.6966666666666667
Index:0.51
ImageTransferHandler:0.20333333333333334
InsertImageAction:0.13333333333333333
