PluginSettings:0.5677777777777777
Action:0.48
IconTheme:0.4166666666666667
UpdateDialog:0.25888888888888884
