Category:0.7233333333333334
CategoryIcon:0.3466666666666667
CategoryListRenderer:0.23333333333333334
CategoryAction:0.14333333333333334
Renderer:0.13777777777777778
