Type:0.6466666666666666
TransactionManager:0.29
TransactionManager2PL:0.2791666666666667
CharacterType:0.27
TestHarness:0.24
TestCacheSize:0.21083333333333334
ClobInputStream:0.19666666666666666
BlobInputStream:0.19666666666666666
