PropertyPanel:0.46888888888888886
MSmallColorChooser:0.4533333333333333
DesktopSettings:0.22666666666666666
