NodeAVL:0.4266666666666667
RowAVL:0.36
Row:0.3333333333333333
RowAction:0.33
RowAVLDisk:0.27
RangeIteratorBase:0.24
Session:0.24
RowStoreAVLHybrid:0.22
TransactionManager2PL:0.21666666666666667
TransactionManagerMVCC:0.21333333333333335
TransactionManagerMV2PL:0.21333333333333335
JDBCPreparedStatement:0.21
Logger:0.20333333333333334
RowStoreAVLDisk:0.2
RowStoreAVLMemory:0.2
IndexAVLMemory:0.17666666666666667
NodeAVLDisk:0.17333333333333334
RowAVLDiskData:0.12666666666666668
NodeAVLMemoryPointer:0.10666666666666667
