SpellChecker:0.31333333333333335
ProjectFilesListController:0.30333333333333334
LanguageToolWrapper:0.21333333333333335
EntryInfoPane:0.2
ProjectPropertiesDialog:0.19333333333333333
EntryInfoThreadPane:0.19333333333333333
TagValidationTool:0.15333333333333332
TaaSPlugin:0.15
RcFilter:0.12666666666666668
