Links:0.5133333333333333
MArrayList:0.31
VersionControl:0.28
MList:0.2733333333333333
MComboBox:0.23
TaskList:0.21027777777777779
TestMArrayList:0.19661111111111113
Projects:0.17
RemoveAllLinksAction:0.14333333333333334
ExternalFolderList:0.14
