ProjectTMX:0.14967905
IProject:0.12601744
ParseEntry:0.063737944
ProjectProperties:0.056695327
TranslateEntry:0.044909548
SourceTextEntry:0.039747927
ExternalTMX:0.03542358
TMXEntry:0.01923511
ProjectFactory:0.016440636
CommandVarExpansion:0.016278313
EntryKey:0.0070812623
ProtectedPart:0.006396498
