Building:0.19937897
Colony:0.12357206
Unit:0.043397695
