Session:0.33432776
Tokenizer:0.32817742
Parser:0.32008296
Table:0.25711897
Database:0.2310301
SchemaManager:0.22043237
User:0.219714
DatabaseScript:0.20823024
Expression:0.18999082
View:0.17733403
TableWorks:0.17567283
Select:0.16735806
Trace:0.15590876
Token:0.14689143
Constraint:0.1394664
Function:0.12692074
Index:0.12545611
TriggerDef:0.12445466
TextTable:0.116197534
HsqlNameManager:0.10314805
Column:0.10247589
CompiledStatement:0.10105324
Result:0.10093175
UserManager:0.08298162
GranteeManager:0.079029016
Types:0.070553735
SessionManager:0.063291304
ConstraintCore:0.035004042
HsqlException:0.028468302
NumberSequence:0.024556596
ResultConstants:0.02034661
Collation:0.015032484
Trigger:0.008940318
