NIOLockFile:0.23545477
Logger:0.082601056
HsqlDatabaseProperties:0.022981377
