RowInputBinary:0.5571875
RowInputText:0.3982328
RowInputTextLog:0.35209444
