Player:0.7466666666666667
Colony:0.5733333333333334
Europe:0.47333333333333333
InGameController:0.3333333333333333
Monarch:0.33
ServerPlayer:0.2733333333333333
IndianDemandMission:0.23
PioneeringMission:0.21666666666666667
InGameInputHandler:0.21333333333333335
StandardAIPlayer:0.2
TransportMission:0.19666666666666666
GoldTradeItem:0.19305555555555554
ServerIndianSettlement:0.17333333333333334
EmigrateUnitMessage:0.14333333333333334
IndianAIPlayer:0.13666666666666666
InGameMenuBar:0.13666666666666666
DragListener:0.13
RecruitDialog:0.11333333333333333
TrainDialog:0.11333333333333333
SelectAmountDialog:0.11
