Table:0.5933333333333334
Cache:0.38333333333333336
ValuePool:0.30666666666666664
Server:0.285
HsqlDatabaseProperties:0.2777777777777778
ValuePoolHashMap:0.2338888888888889
DatabaseInformationFull:0.20333333333333334
SqlFile:0.19
TestGroupByHaving:0.1867063492063492
ConnectData:0.17
