MTable:0.7588888888888888
ProxyPanel:0.33666666666666667
DeleteAction:0.22
