SummaryPanel:0.33
Links:0.32666666666666666
Reminder:0.29333333333333333
MetaInfoMenu:0.26666666666666666
TaskButton:0.20111111111111113
NodeMenu:0.19666666666666666
ShowTaskAction:0.13888888888888887
