TradeRoute:0.4633333333333333
InGameController:0.37333333333333335
Stop:0.26
TradeRouteInputDialog:0.15
