AboutAction:0.2154563
MapControlsAction:0.19662097
ZoomOutAction:0.18162626
ZoomInAction:0.17749628
ExecuteGotoOrdersAction:0.1754243
ChatAction:0.17327552
ReportContinentalCongressAction:0.17306311
ShowMainAction:0.17216235
ReportHighScoresAction:0.17170353
ReportReligionAction:0.17042156
ColopediaNationTypeAction:0.17010882
ReportHistoryAction:0.16988453
ReportMilitaryAction:0.16975625
ColopediaFatherAction:0.16971579
ColopediaTerrainAction:0.16969623
ReportForeignAction:0.16967033
ColopediaSkillAction:0.16965577
ReportNavalAction:0.1694249
ReportCargoAction:0.16942294
ColopediaResourceAction:0.16941164
ReportExplorationAction:0.16936377
ReportRequirementsAction:0.16928606
ColopediaNationAction:0.16921131
ReportProductionAction:0.16916445
ColopediaBuildingAction:0.1691614
ReportTradeAction:0.16914076
ReportIndianAction:0.16912827
ReportTurnAction:0.16899258
ColopediaGoodsAction:0.16894956
ReportColonyAction:0.16878128
ColopediaUnitAction:0.16872956
EndTurnAction:0.16803123
NewAction:0.16649687
FreeColAction:0.1566286
ChangeWindowedModeAction:0.14224747
DetermineHighSeasAction:0.14181748
DeclareIndependenceAction:0.14047125
ReconnectAction:0.1383455
PreferencesAction:0.13799886
FindSettlementAction:0.13779336
SaveAction:0.13753672
RetireAction:0.13746478
AssignTradeRouteAction:0.13723592
ToggleViewModeAction:0.13704273
NewEmptyMapAction:0.13669983
DisplayTileEmptyAction:0.13604015
ReportLabourAction:0.13603602
DisplayTileOwnersAction:0.13584457
DisplayTileRegionsAction:0.13578475
DisplayGridAction:0.13574429
GotoAction:0.13571686
ClearOrdersAction:0.1356333
DisplayTileNamesAction:0.13554893
TradeRouteAction:0.1354994
DisplayBordersAction:0.13538653
OpenAction:0.1348439
RenameAction:0.1348184
EuropeAction:0.13422015
WaitAction:0.1339985
ScaleMapAction:0.12562844
LoadAction:0.12342164
DisbandUnitAction:0.11900633
SkipUnitAction:0.11833884
SentryAction:0.11780973
FortifyAction:0.11777728
QuitAction:0.11599279
UnloadAction:0.11424173
MiniMapZoomOutAction:0.114098206
GotoTileAction:0.11405568
MiniMapZoomInAction:0.11260676
BuildColonyAction:0.10110049
SaveAndQuitAction:0.10071924
MiniMapChangeBackgroundAction:0.09862363
ChangeAction:0.09099826
ImprovementAction:0.07618223
ImprovementActionType:0.00619562
