ScriptPlugin:0.46
DesktopPanel:0.4033333333333333
AbstractPlugin:0.3983333333333333
WidgetPlugin:0.19
