JEditTextArea:0.4533333333333333
PluginTableModel:0.35333333333333333
InstallPanel:0.2633333333333333
TextAreaPainter:0.26
PluginJAR:0.2
