LogItem:0.7366666666666667
RecentChange:0.6733333333333333
ManageServlet:0.30666666666666664
