TextFilter:0.4483333333333333
OpenXMLFilter:0.41333333333333333
OpenDocFilter:0.2833333333333333
DokuWikiFilter:0.15333333333333332
MagentoFilter:0.12
INIFilter:0.12
DocBookDialect:0.0
