FilterMaster:0.5333333333333333
ProjectProperties:0.4066666666666667
Preferences:0.38
Core:0.35333333333333333
MainWindowMenuHandler:0.33
Segmenter:0.3233333333333333
RealProject:0.22666666666666666
ProjectUICommands:0.21333333333333335
MainWindow:0.21333333333333335
ProjectPropertiesDialog:0.16666666666666666
TmxComplianceBase:0.10666666666666667
AutoTmxTest:0.05333333333333334
TmxSegmentationTest:0.04
