InGameController:0.5366666666666666
FreeColObject:0.47
CashInTreasureTrainMessage:0.2
BuildColonyMessage:0.14333333333333334
ClaimLandMessage:0.13
AbandonColonyMessage:0.13
MoveMessage:0.12666666666666668
NewRegionNameMessage:0.12666666666666668
MissionaryMessage:0.12666666666666668
