ChartModel:0.47333333333333333
TaskModel:0.3466666666666667
Model:0.2866666666666667
AbstractListTableModel:0.25666666666666665
