MainWindow:0.5233333333333333
SearchWindow:0.34
SearchThread:0.32
ProjectFrame:0.25666666666666665
