Preferences:0.6355555555555557
MainWindow:0.48333333333333334
MainWindowMenu:0.38666666666666666
DockingUI:0.36333333333333334
MarkerController:0.2833333333333333
IMainMenu:0.013333333333333334
