MTextField:0.7566666666666667
Console:0.27
InternetSearch:0.24
TextHighligther:0.1877777777777778
