MainWindow:0.5066666666666667
ImportExport:0.27
HelpAction:0.23666666666666666
ImportFolderAction:0.2
NotepadEditorPlugin:0.19833333333333333
DocumentHelpAction:0.19666666666666666
ShowHideLocationBarAction:0.19666666666666666
CustomMouseGestures:0.18333333333333332
ImportMenu:0.17
ShowHidePropertiesBarAction:0.16
ShowHideSidebarAction:0.14666666666666667
ConfigureAction:0.12
FindNextAction:0.12
QuickSaveAction:0.12
FindAction:0.12
PrintAction:0.12
ToggleSummaryAction:0.12
ToggleDesignerAction:0.12
ToggleDesktopAction:0.12
FindPreviousAction:0.12
AbstractImportExportAction:0.10333333333333333
