MTree:0.084399536
MScrollPane:0.065386616
MFrame:0.05988136
MTable:0.04282184
MMenu:0.040910475
MMouseAdapter:0.035551187
UI:0.035437148
MList:0.028486673
MLogger:0.0059557715
MColor:0.0037593076
Property:0.0013998717
