MainWindow:0.32
FeedViewer:0.31333333333333335
FilterDialog:0.31333333333333335
Button:0.23
FloatControlPanel:0.14
FiltersAction:0.11333333333333333
