PluginClassLoader:0.4866666666666667
MetaInfo:0.47
Permission:0.4633333333333333
Plugin:0.3433333333333333
SecurityDialog:0.25666666666666665
Armor:0.21
MasterKey:0.19
