CharacterType:0.44333333333333336
RowSetNavigatorDataChange:0.3
ParserDQL:0.2966666666666667
DatabaseInformationFull:0.28
StatementDML:0.23333333333333334
DatabaseInformationMain:0.19
OrderedLongKeyHashMap:0.15333333333333332
