MetaInfo:0.83
FeedFactory:0.29277777777777775
MTable:0.24333333333333335
TreePanel:0.2377777777777778
PropertiesDialog:0.2377777777777778
FeedDownloader:0.20444444444444446
TagsUtils:0.19333333333333333
NewFolderDialog:0.18333333333333332
NewFileDialog:0.17666666666666667
