ScriptWriterBase:0.41888888888888887
ScriptWriterText:0.4033333333333333
ScriptWriterEncode:0.2733333333333333
