ExportData:0.72
Colony:0.48
GoodsContainer:0.33666666666666667
InGameController:0.3233333333333333
InGameInputHandler:0.21333333333333335
AIColony:0.18
GoodsLabel:0.1588888888888889
WarehouseGoodsPanel:0.14333333333333334
ReportTradePanel:0.12
