FeedViewer:0.6466666666666666
StatsDialog:0.4666666666666667
