Query:0.7933333333333333
SearchBar:0.30666666666666664
