AnsiDataHandler:0.49666666666666665
Topic:0.4066666666666667
ImageLinkTag:0.24666666666666667
LinkUtil:0.22
ImageUtil:0.21333333333333335
WikiPageInfo:0.19666666666666666
