NamespaceHandler:0.37728694
WikiLink:0.26496944
PseudoTopicHandler:0.12963113
Pagination:0.056128867
Utilities:0.0
LinkUtil:0.0
WikiLogger:0.0
