MPanel:0.11719508
CoolLabel:0.082115814
MNotification:0.08100011
MAbout:0.072292425
MCalendar:0.06574318
MThrobber:0.05633663
BackgroundTaskManager:0.054841496
MSlider:0.054065686
MRating:0.053829458
MMessage:0.04965906
CoolHeader:0.04710691
MFileChooser:0.04535358
MColorChooser:0.044703156
MDialog:0.0391018
MLabeledTextField:0.03859892
MSplashScreen:0.037301447
MSmallColorChooser:0.032398656
UI:0.02883096
MText:0.023123316
Mnemonic:0.021582665
FS:0.019839834
MTip:0.019033967
MMouseAdapter:0.010003155
