Tabs:0.21797138
TabIcon:0.16245043
