MWizardDialog:0.6758333333333333
FeedThread:0.385
StaticHandler:0.37666666666666665
