GUI:0.08241035
Canvas:0.07743496
FreeColMenuTest:0.04792236
CanvasMapEditorMouseListener:0.005359851
