Editor:0.6266666666666667
EditorCrypto:0.5033333333333333
PropertiesPanel:0.39
