TK:0.6566666666666666
MArrayList:0.42333333333333334
