jdbcStatement:0.15626031
jdbcResultSet:0.14658093
jdbcPreparedStatement:0.14654516
jdbcConnection:0.14566547
jdbcCallableStatement:0.1377166
jdbcParameterMetaData:0.12288279
jdbcSavepoint:0.11302181
jdbcClob:0.10489183
jdbcDatabaseMetaData:0.10364775
jdbcResultSetMetaData:0.09959895
jdbcBlob:0.08979646
