UI:0.8066666666666666
MPanel:0.39666666666666667
MToolBar:0.24666666666666667
MFileChooser:0.24
ItemRenderer:0.23333333333333334
MMenuBar:0.20222222222222225
