Tile:0.61
Colony:0.43333333333333335
IndianSettlement:0.25333333333333335
AIColony:0.25
AIPlayer:0.23666666666666666
DefendSettlementMission:0.21555555555555558
