Unit:0.5533333333333333
Tile:0.4875
FreeColGameObject:0.48388888888888887
Europe:0.4827777777777777
IndianSettlement:0.45559523809523816
