BuildingSitePanel:0.12081369
FreeColProgressBar:0.072025605
FreeColPanel:0.032893274
