Colony:0.16619034
EquipmentType:0.1436189
AbstractGoods:0.11022005
FreeColGameObjectType:0.09793422
GoodsType:0.091799915
UnitType:0.08953349
Settlement:0.084001325
Europe:0.07800835
Building:0.065999195
Monarch:0.061305765
BuildingType:0.05943395
Unit:0.053703398
Ability:0.05326041
IndianSettlement:0.05147764
Player:0.049309503
UnitTypeChange:0.04908202
FreeColObject:0.045448605
SimpleCombatModel:0.03415363
