GrabKeyDialog:0.21906896
ActionSet:0.06821038
jEdit:0.054288037
OptionsDialog:0.038948312
GUIUtilities:0.037242867
Macros:0.03328178
MiscUtilities:0.02928127
EditAction:0.020226989
AbstractOptionPane:0.016139306
