MLabel:0.024992188
MTaskPanel:0.02485142
UI:0.021247236
MIcon:0.016831517
