TransportMission:0.3235417
Mission:0.22948168
WorkInsideColonyMission:0.20747927
