FeedsFS:0.6233333333333333
Filters:0.37166666666666665
FeedThread:0.2866666666666667
Criteria:0.25666666666666665
