Gutter:0.3097355
ChunkCache:0.21234217
TextAreaExtension:0.13300347
ExtensionManager:0.11674782
JEditTextArea:0.11063976
EditPane:0.07561911
Buffer:0.07265617
FoldVisibilityManager:0.03999988
CompleteWord:0.038630858
TextAreaHighlight:0.03783829
Selection:0.037502307
Log:0.01277102
SyntaxStyle:0.012374656
Token:0.0054564965
