DecoratorFigure:0.45431757
CompositeFigure:0.1929243
StandardDrawing:0.17007765
FigureChangeEventMulticaster:0.08827837
ChopBoxConnector:0.07203601
FigureEnumerator:0.059154265
RelativeLocator:0.028744245
TextHolder:0.028036192
