LinkUtil:0.6266666666666667
UpgradeServlet:0.27
LinkTag:0.27
ParserUtil:0.25666666666666665
