MiscUtilities:0.7233333333333334
EditPane:0.3566666666666667
PerspectiveManager:0.14
