XMLHelper:0.71
Index:0.4066666666666667
Database:0.21333333333333335
