TestSql:0.4166666666666667
TestCacheSize:0.35
BinaryDatabaseRowOutput:0.25333333333333335
BinaryServerRowOutput:0.25333333333333335
CachedRow:0.21666666666666667
