UI:0.9133333333333333
ProgressRenderer:0.2633333333333333
ImageEditorCore:0.26
ZoomComponent:0.20333333333333334
