TodoEditor:0.6477777777777778
TodoEditorCore:0.29333333333333333
TodoEditorPlugin:0.22333333333333333
