Unit:0.6833333333333333
Player:0.63
IndianSettlementTest:0.09333333333333334
