MapRule:0.10935725
Segmenter:0.043964468
LanguageCodes:0.02296292
DefaultRules:0.02102892
Rule:0.020060508
