JEditTextArea:0.6155555555555556
EditPane:0.2866666666666667
BufferChangeHandler:0.2594444444444445
BufferIORequest:0.25
MouseHandler:0.2277777777777778
HyperSearchResults:0.20333333333333334
ActionTextField:0.18555555555555558
ActionBar:0.17277777777777778
FocusHandler:0.15333333333333332
