MPanel:0.6433333333333333
PropertiesPanel:0.25
MLayout:0.23333333333333334
StuffRenderer:0.22333333333333333
ItemRenderer:0.17111111111111113
