Unit:0.6333333333333333
Colony:0.44333333333333336
GoodsType:0.38
UnitType:0.3333333333333333
Europe:0.28
BuildingType:0.26611111111111113
AIColony:0.20333333333333334
PioneeringMission:0.20333333333333334
UnitTest:0.19333333333333333
DragListener:0.15
