PluginManager:0.4033333333333333
ImageEditor:0.3566666666666667
MColorIcon:0.3233333333333333
MasterKey:0.28
ImageEditorDesigner:0.19333333333333333
SecurityDialog:0.18
BrushTypeAction:0.15444444444444444
