ArrayUtil:0.09810648
IntLookup:0.037890717
