Session:0.48333333333333334
Column:0.38
Database:0.36666666666666664
Index:0.3
HsqlDatabaseProperties:0.2966666666666667
DatabaseCommandInterpreter:0.2833333333333333
ScriptWriterText:0.23666666666666666
