Type:0.43
Parser:0.35333333333333333
DDLParser:0.33666666666666667
DistinctType:0.33
SQLFunction:0.27666666666666667
DomainType:0.24
DatabaseScript:0.2
