UnitButton:0.21277666
MiniMap:0.09788107
InfoPanel:0.07788918
ImageProvider:0.010773473
