MapControls:0.5846224
ImageProvider:0.069035865
