ColopediaPanel:0.197313
FreeColDialog:0.15930922
FreeColPanel:0.07655676
