FeedsFS:0.6166666666666667
FeedViewer:0.5933333333333334
FetchAllFeedsAction:0.15
