Player:0.5033333333333333
Europe:0.4175
ColonyTile:0.4055555555555555
Game:0.32
EmptyIterator:0.28
