JEditTextArea:0.46
Buffer:0.37
Debug:0.3522222222222222
OffsetManager:0.3333333333333333
DisplayTokenHandler:0.2422222222222222
TextAreaPainter:0.23333333333333334
DisplayManager:0.23
WrapGuide:0.22444444444444447
ChunkCache:0.22
HelpViewer:0.19666666666666666
BufferChangeHandler:0.175
LogViewer:0.13666666666666666
FirstLine:0.10666666666666667
ScrollLineCount:0.056666666666666664
