NoteWidgetPlugin:0.7449444444444445
NewWidgetAction:0.2991666666666667
