ColonyTile:0.3162017
Building:0.29118913
Unit:0.25570288
IndianSettlement:0.18880083
Player:0.18243213
Tile:0.17783456
Goods:0.15700784
GoodsContainer:0.14862308
Europe:0.13324717
Market:0.114229836
Settlement:0.11065481
WorkLocation:0.098223135
ModelMessage:0.08494922
Map:0.07987883
FreeColGameObject:0.07917179
Location:0.07482693
Game:0.05151495
ColonyTradeItem:0.034891
ModelController:0.03414734
GameOptions:0.029422125
Locatable:0.028555727
BuildingType:0.024284143
Nameable:0.012753029
FoundingFather:0.006659193
Turn:0.0058800858
