MSettingsDialog:0.6333333333333333
MSettingsPage:0.4166666666666667
PluginManager:0.36666666666666664
