Figure:0.6233333333333333
LineConnectionFigure:0.32
ConnectionsNoLayoutDrawingModel:0.22333333333333333
AbstractFigure:0.20638888888888887
ConnectionPointHandle:0.1988888888888889
AbstractDrawingModel:0.17666666666666667
ConnectionsAndLayoutDrawingModel:0.13666666666666666
ConnectionTool:0.13
