Result:0.15422752
Database:0.13820642
CompiledStatementExecutor:0.1344474
DatabaseCommandInterpreter:0.12652776
Table:0.10963286
HSQLClientConnection:0.10675991
Parser:0.10653766
CompiledStatementManager:0.09482786
SessionInterface:0.09115429
Trace:0.08935276
DatabaseInformationFull:0.08735407
Logger:0.082643494
DatabaseInformationMain:0.08083009
Function:0.07963556
ResultConstants:0.07638644
CompiledStatement:0.075188406
Select:0.072922446
UserManager:0.06990636
Tokenizer:0.06866253
Expression:0.06755803
Server:0.06715186
User:0.06656553
Column:0.06561984
DINameSpace:0.06479124
Log:0.061955422
TextTable:0.05533836
DatabaseManager:0.047559157
TableWorks:0.04692983
DatabaseInformation:0.043158263
ScriptRunner:0.04256797
TableFilter:0.040525705
Types:0.04008365
ServerConnection:0.04001743
Constraint:0.039652117
HsqlDateTime:0.039591447
Token:0.0391443
Servlet:0.038717356
SequenceManager:0.038394615
Row:0.037854046
WebServerConnection:0.037743714
TriggerDef:0.036199067
SessionManager:0.03140837
Transaction:0.023778707
HsqlException:0.022294283
Record:0.0020236543
