MainWindow:0.8177777777777778
AbstractSpinner:0.5378333333333333
