MLogger:0.8266666666666667
AbstractFileCache:0.3466666666666667
Benchmark:0.29
