MetaInfo:0.8866666666666667
FSHelper:0.28
Bookmarks:0.20777777777777778
TaskComparator:0.16333333333333333
