Message:0.5633333333333334
InGameController:0.5566666666666666
InGameInputHandler:0.3566666666666667
CashInTreasureTrainMessage:0.2375
AbandonColonyMessage:0.2375
EmigrateUnitMessage:0.16916666666666666
