Colony:0.81
InGameController:0.43333333333333335
ToAmericaPanel:0.3333333333333333
