TK:0.69
UI:0.54
MURLButton:0.37333333333333335
MText:0.19666666666666666
ImageSelection:0.15666666666666668
