PrintDialog:0.07112579
PrintInfo:0.041548744
