DockableWindowManager:0.36333333333333334
PanelWindowContainer:0.34
MenuItem:0.26
ContextAddDialog:0.23
ContextOptionPane:0.21666666666666667
TextUtilities:0.19666666666666666
DockableLayout:0.17
ActionSet:0.15944444444444444
ActionHandler:0.13633333333333333
SwingInstall:0.09333333333333334
ButtonBox:0.07666666666666666
Entry:0.07333333333333333
TextPanel:0.06888888888888887
DockablePanel:0.056666666666666664
