Unit:0.5033333333333333
Tile:0.3933333333333333
Player:0.39
InGameController:0.30333333333333334
Settlement:0.24
