Session:0.6
MD5:0.4166666666666667
HsqlTimer:0.4066666666666667
HsqlArrayHeap:0.38
