TextCache:0.5533333333333333
SchemaManager:0.47333333333333333
TextTable:0.2833333333333333
RowAVLDiskData:0.25666666666666665
