TestUtil:0.13846777
TestBase:0.09843861
