UI:0.7866666666666666
GlassPainter:0.32
CoolHeader:0.30666666666666664
