MMenu:0.072890304
CoolLabel:0.06522046
Watermark:0.053096067
MSmallColorButton:0.05116897
CoolHeader:0.04977541
MDialog:0.046716277
ImageSelection:0.038285743
MToolBar:0.0368623
MURLButton:0.03539345
Blend:0.031652242
MSplashScreen:0.03058834
SimpleListCellRenderer:0.027399994
MCalendar:0.027240332
MLogger:0.02633827
MPanel:0.024944656
BooleanProperty:0.023590228
MFrame:0.023103407
MText:0.022614628
FS:0.02197498
AppAction:0.021004692
MTabbedPane:0.020964272
MComboBox:0.020401297
MScrollPane:0.020185309
MMessage:0.020065406
MTogglePanel:0.019938443
MColorChooser:0.019829271
MStatusBar:0.019612053
MNotification:0.019598696
MFontComboBox:0.019574786
TK:0.01956823
MWizard:0.019532038
MFileChooser:0.019484023
MTextPane:0.018700302
Property:0.017946143
MAbout:0.017814621
MLabel:0.017535025
MWebBrowser:0.017520979
MRating:0.017027302
OS:0.016639065
MTextArea:0.014690296
MList:0.014428608
MWindow:0.014110811
MButton:0.014058279
MTip:0.0132063115
MColorPicker:0.012558794
MTable:0.011759963
MTextFieldPanel:0.010953572
MouseGestures:0.010175847
BackgroundTaskManager:0.009842547
MDateSpinner:0.009003542
MSystemTray:0.0072970837
MPasswordField:0.0064554694
DummyComponent:0.006443761
ContainerScanner:0.005575677
MSlider:0.00546811
MTextField:0.005349891
EnumProperty:0.005128204
Gettext:0.004384285
MToggleButton:0.0032646854
Focusable:0.00275201
MTextLabel:0.0022236733
MMouseAdapter:0.002173499
MCheckBox:9.357401E-4
MProgressBar:5.4526835E-4
Uninstantiable:4.656126E-5
