ChartModel:0.5033333333333333
Console:0.32
SummaryData:0.28
FeedsFS:0.28
ChartView:0.27666666666666667
ChartPanel:0.2758333333333333
MTreeScanner:0.18
