Environment:0.4166666666666667
ResourceUtil:0.324
WikiBase:0.3
WikiUtil:0.28
ServletUtil:0.27
WikiConfiguration:0.24888888888888885
LinkUtil:0.23
