ImageEditorCore:0.5566666666666666
ImageEditor:0.46
TodoEditor:0.36666666666666664
