UnitType:0.15346412
Specification:0.10560892
Tile:0.08956778
GoodsType:0.069394395
Region:0.06922755
NationType:0.0660151
FreeColObject:0.062436435
FreeColGameObjectType:0.060232583
FeatureContainer:0.007196977
