GUI:0.5666666666666667
Canvas:0.5533333333333333
FreeColDialog:0.4666666666666667
