FreeColDialog:0.14043348
FreeColPanel:0.12670098
