FSHelper:0.17990477
Links:0.1761243
AbstractFS:0.17466412
MetaInfoComparator:0.0888298
MountPanel:0.07070668
MetaInfoAction:0.06813116
MountManager:0.06608041
MetaInfoMenu:0.06485883
MetaInfoList:0.039881214
FSException:0.004230666
FSAction:0.0015236731
FSProperties:0.0
FSDynamic:0.0
FSNewFile:0.0
FSOpen:0.0
FSRenderer:0.0
FSDelete:0.0
FSQuery:0.0
