MDialog:0.14145851
MCalendar:0.113715306
MTogglePanel:0.1065369
MMultiPanel:0.09970053
MButtonPanel:0.09559721
MAbout:0.090076
MWizard:0.08708026
MInternalFrame:0.08308943
MColorChooser:0.08059841
MMessage:0.07109789
UI:0.07101445
MFontChooser:0.0665745
AbstractRenderer:0.058467016
MSmallColorChooser:0.058361858
MStatusBar:0.055377636
MNotification:0.051089823
MIconChooser:0.046985302
MFlipPanel:0.04485699
MLabeledTextField:0.04266975
MSettingsPage:0.039786894
MLayout:0.039123055
MTextFieldPanel:0.03824954
MColorPicker:0.034024622
MFileChooser:0.032429855
MIndicator:0.028799081
MLabel:0.027338104
MDownloadDialog:0.02458006
CoolHeader:0.024444751
MWebBrowser:0.023650164
MRating:0.016055679
StateEvent:0.0012516098
