MButton:0.12571418
MInternalFrame:0.090213016
MDialog:0.08169619
MPanel:0.07581498
TK:0.03520434
MTogglePanel:0.020903861
MColorButton:0.015261239
MWizard:0.01329819
MRating:0.004151951
MCalendar:0.0040641027
MFontButton:7.6675205E-4
