NumberType:0.48611111111111116
Type:0.48611111111111116
JDBCResultSet:0.37
ParserDQL:0.24
