InGameController:0.6166666666666667
GUI:0.36333333333333334
SpySettlementMessage:0.2833333333333333
InGameInputHandler:0.2643888888888889
CanvasMouseListener:0.15333333333333332
