Player:0.64
ServerPlayer:0.3466666666666667
InGameController:0.31666666666666665
FoundingFatherTest:0.21666666666666667
