EquipmentType:0.6933333333333334
UnitTest:0.5766666666666667
SpecificationTest:0.17
