Unit:0.5566666666666666
Tile:0.44333333333333336
Colony:0.4033333333333333
Building:0.4
ColonyTile:0.36666666666666664
WorkLocation:0.3433333333333333
ServerPlayer:0.2966666666666667
FreeColTestCase:0.26666666666666666
InGameController:0.22666666666666666
InGameControllerTest:0.21
ServerColony:0.2
AIColony:0.2
SimpleMapGenerator:0.19666666666666666
SimpleCombatModel:0.19333333333333333
EuropeanAIPlayer:0.19333333333333333
ServerBuildingTest:0.18666666666666668
ColonyBuilder:0.18
MissionAssignmentTest:0.16
IndividualFatherTest:0.15
ColonyTest:0.14333333333333334
