CachedObject:0.5616666666666666
RowOutputInterface:0.3688888888888889
Cache:0.36333333333333334
NodeAVL:0.32
RowAVLDiskData:0.31
PersistentStore:0.2833333333333333
HsqlByteArrayOutputStream:0.2783333333333333
RowOutputBinary:0.27666666666666667
Row:0.26666666666666666
IndexAVL:0.22666666666666666
ClientConnection:0.22333333333333333
RowStoreAVL:0.22142857142857145
RowStoreAVLDisk:0.21476190476190476
DataFileCache:0.21
RowAVLDisk:0.21
NodeAVLDisk:0.20444444444444446
ServerConnection:0.2
RAShadowFile:0.18666666666666668
RowOutputBinary180:0.16666666666666666
BaseHashIterator:0.16
