MainWindow:0.44666666666666666
Mods:0.44333333333333336
ConsoleTab:0.38666666666666666
