ServerConnection:0.7516111111111111
ServerProperties:0.4486111111111111
