MList:0.4866666666666667
GHNSDialog:0.44333333333333336
Reminder:0.23666666666666666
MComboBox:0.23666666666666666
RepeatPanel:0.20666666666666667
FilterDialog:0.19333333333333333
