CurvedLiner:0.5566666666666666
DrawApplet:0.33
DrawingPanel:0.2633333333333333
DrawApplicationModel:0.25666666666666665
