MColor:0.8366666666666667
MColorChooserDialog:0.30333333333333334
Category:0.24
Dialog:0.22666666666666666
HTMLColorChooserPanel:0.20666666666666667
PickerColorChooserPanel:0.2
QueryEditor:0.19333333333333333
TypeSelection:0.14833333333333334
TagsSelection:0.14833333333333334
CategorySelection:0.1075
ByColor:0.08333333333333333
ColorSelection:0.03666666666666667
