StaticUtils:0.46
FilterVisitor:0.37
XMLStreamReader:0.35333333333333333
FilterMaster:0.3336507936507937
MainWindow:0.3333333333333333
ProjectProperties:0.29
TMXReader:0.28
CommandThread:0.27
Preferences:0.26
SRX:0.24
HelpFrame:0.22111111111111115
Main:0.11333333333333333
