MSettingsDialog:0.8366666666666667
ProxyPanel:0.35333333333333333
GeneralSettings:0.32
ConfigureAction:0.11666666666666667
