MiscUtilities:0.6733333333333333
SearchDialog:0.3233333333333333
MemoryStatus:0.25333333333333335
Clock:0.16666666666666666
StatusBar:0.14666666666666667
MouseHandler:0.14
StatusBarOptionPane:0.09
