MTextField:0.119279996
MSearchPanel:0.06320266
MText:0.05802493
MPanel:0.05391253
MMessage:0.031974033
MFontChooser:0.031085698
MButton:0.024810988
MSmallButton:0.023293518
MMenu:0.02310317
MLabel:0.021403002
MHighlighter:0.015944192
MTimer:0.0150406845
UI:0.0131621165
MList:0.012089615
MIconChooser:0.01042192
MActionInfo:0.010201211
MIcon:0.007505385
WTFError:0.003694059
