HSQLClientConnection:0.34435245
Session:0.26722157
Result:0.0880736
HsqlException:0.082827516
Server:0.036183763
