ChartModel:0.016516734
ChartPanel:0.010065261
ChartView:0.005661055
