ProxyInfo:0.28709522
ProxyManager:0.11662106
ProxyPanel:0.07700114
