Specification:0.53
Colony:0.5066666666666667
Settlement:0.29333333333333333
ServerUnit:0.2544444444444445
ColonyPlan:0.22333333333333333
ColonyPlanTest:0.18333333333333332
