FS:0.7766666666666666
OPMLReader:0.3111111111111111
Net:0.25333333333333335
FeedsFS:0.24333333333333335
