ActionManager:0.32916316
SelectableAction:0.2367923
