ActionManager:0.33616963
SelectableAction:0.24571992
