UnloadAction:0.3452922
SelectableAction:0.28535318
MiniMapZoomOutAction:0.12831463
MiniMapZoomInAction:0.12831461
MiniMapChangeBackgroundAction:0.10743753
ActionManager:0.067002594
