SVGView:0.6527777777777777
TransformHandle:0.4066666666666667
OpenAction:0.4
