DataFileCache:0.4992482
ScaledRAFile:0.06571539
PersistentStoreCollectionSession:0.03865242
Cache:0.021380665
RowStoreAVLHybrid:0.020004958
DataFileBlockManager:0.012275126
RandomAccessInterface:0.0010938784
