ParserDDL:0.5438755
StatementSchema:0.28816444
Table:0.20848992
Statement:0.20018521
ParserCommand:0.16516326
StatementTypes:0.16418363
Database:0.15648496
SchemaManager:0.15117618
Session:0.14768706
Constraint:0.12511611
ParserBase:0.0792493
Token:0.048956312
HsqlException:0.03471299
ConstraintCore:0.025104059
Tokens:0.0
