Buffer:0.0753403
JEditTextArea:0.031048395
Log:0.014215364
