jEdit:0.6727777777777777
ChunkCache:0.28
DockableWindowManager:0.25333333333333335
LogList:0.22333333333333333
BufferIORequest:0.20666666666666667
PanelWindowContainer:0.20666666666666667
TokenMarker:0.2025
PluginJAR:0.20166666666666666
CompleteWord:0.18166666666666667
EnhancedMenu:0.15333333333333332
LogViewer:0.15333333333333332
AbbrevsOptionPane:0.14333333333333334
PluginManager:0.11666666666666667
IntegerArray:0.115
TextRenderer:0.11333333333333333
GutterOptionPane:0.11
