AnsiQueryHandler:0.48111111111111104
AnsiDataHandler:0.4266666666666667
JFlexParser:0.25333333333333335
MigrationUtil:0.14333333333333334
