Buffer:0.6866666666666666
View:0.4866666666666667
GeneralOptionPane:0.33
WindowHandler:0.24111111111111114
