HsqlDatabaseProperties:0.4192063492063492
HashMap:0.3233333333333333
OrderedHashSet:0.30311111111111105
HashSet:0.294
DatabaseManager:0.29
SchemaManager:0.2733333333333333
BaseHashMap:0.26
Server:0.25666666666666665
ServerConnection:0.2511111111111111
