OS:0.5633333333333334
MainWindow:0.5533333333333333
MMainWindow:0.27666666666666667
EmailAction:0.12666666666666668
