MSettingsPage:0.47333333333333333
PluginSettings:0.3
Desktop:0.26
Action:0.22333333333333333
AbstractClockWidget:0.22
