Database:0.4666666666666667
TableWorks:0.42333333333333334
DatabaseCommandInterpreter:0.3755555555555556
