MainWindow:0.5033333333333333
PluginSettings:0.45
ConsoleAction:0.16777777777777778
SearchAction:0.16777777777777778
UpdatePlugin:0.14333333333333334
ConfigurePluginsAction:0.11777777777777776
PluginSettingsPage:0.08
