GranteeManager:0.48
Grantee:0.34
User:0.3283333333333333
DatabaseCommandInterpreter:0.2866666666666667
UserManager:0.23666666666666666
DatabaseInformationFull:0.22
DatabaseScript:0.21
DatabaseInformationMain:0.2
