Buffer:0.57
JEditTextArea:0.48333333333333334
OffsetManager:0.4066666666666667
View:0.36333333333333334
FirstLine:0.3433333333333333
Rect:0.3333333333333333
VFSBrowser:0.26
BufferChangeHandler:0.225
DisplayManager:0.20333333333333334
MouseHandler:0.19444444444444445
BrowserJTree:0.16333333333333333
ListHandler:0.13666666666666666
BrowserHandler:0.13666666666666666
ManagePanel:0.13333333333333333
ActionHandler:0.1075
VFSFileNameField:0.08
Debug:0.013333333333333334
