WikiUtil:0.5333333333333333
Environment:0.47
MediaWikiXmlMigrator:0.28
XMLUtil:0.21
AdminServlet:0.20333333333333334
JAMWikiFilter:0.17333333333333334
ExportServlet:0.17
MigrationUtil:0.05583333333333333
