MApplication:0.082112975
FS:0.07722021
TK:0.07699544
MLogger:0.066074304
UI:0.05904718
Config:0.05240531
MMainWindow:0.049630146
MAboutDialog:0.04177032
Gettext:0.040332936
MDataTransfer:0.039002564
MProcess:0.031012245
Args:0.029065527
MText:0.02816102
MMessage:0.026592981
MTip:0.026398417
Property:0.023564382
MAction:0.020711036
StringList:0.013315623
PropertyAccess:0.013305082
MSystemTray:0.012210351
ImageSelection:0.012156549
MFrame:0.01122305
MLoginPanel:0.008937574
StringProperty:0.0079030385
