Handler:0.7133333333333334
XLIFFFilter:0.29
XMLFilter:0.22666666666666666
Translator:0.22166666666666668
