UI:0.6133333333333333
MetaInfo:0.43666666666666665
GeneralSettings:0.23666666666666666
MMenuItem:0.23277777777777775
MMenu:0.22666666666666666
PropertiesDialog:0.22333333333333333
MColorPicker:0.1688888888888889
