QueryHandler:0.6844444444444444
DataHandler:0.6233333333333333
AnsiQueryHandler:0.44
RolesServlet:0.39
WikiUtil:0.29
AnsiDataHandler:0.16666666666666666
