ImagePreviewPanel:0.0573104
ImageEditor:0.04455698
