MPasswordPanel:0.06695861
MPanel:0.06473436
MAboutDialog:0.05027042
MColorChooser:0.042774837
UI:0.019738998
MLabel:0.018130524
MScrollPane:0.012571098
MSeparator:0.011574815
MArrayList:0.0052400287
WTFError:0.0017003969
