GUI:0.6033333333333334
UnitMoveAnimation:0.37666666666666665
UnitImageAnimation:0.2922222222222222
