jEdit:0.2344866
AbstractOptionPane:0.06520368
MiscUtilities:0.041004226
