OptionGroup:0.28040838
OptionsDialog:0.215563
PluginManager:0.02852901
EditPane:0.012839808
Delegate:0.009948187
jEdit:0.009033248
