FreeColServerHolder:0.33640638
InputHandler:0.21948804
PreGameController:0.19294946
InGameController:0.10530888
