ActionManager:0.30462742
FreeColAction:0.15853705
