MetaInfoMenu:0.25459987
AbstractFS:0.2454929
MetaInfo:0.21104792
MetaInfoAction:0.19513567
