UnitType:0.6366666666666667
Colony:0.54
ColopediaPanel:0.24
AIColony:0.19666666666666666
ReportProductionPanel:0.11666666666666667
BuildQueuePanel:0.11
