TestException:0.08989665
Test:0.029511893
