PluginInfo:0.18054613
ScriptPlugin:0.17761528
AbstractPlugin:0.17293608
PluginSettings:0.16432396
PluginDownloader:0.09436474
PluginInstaller:0.08919491
PluginEvent:0.08677754
PluginType:0.08124576
PluginException:0.067835934
PluginList:0.059701905
PluginClassLoader:0.049206108
LookAndFeelPlugin:0.047455028
