Goods:0.35333333333333333
Market:0.3327777777777778
Unit:0.3283333333333333
ModelMessage:0.31333333333333335
FreeColGameObject:0.2966666666666667
Canvas:0.2733333333333333
Building:0.24111111111111108
GoodsContainer:0.24
InGameController:0.23
Colony:0.215
