ParserUtil:0.22140054
AbstractParser:0.11247148
ParserTag:0.07361078
TableOfContents:0.06669995
