Logger:0.43833333333333335
DataFileCache:0.38166666666666665
DbBackup:0.35
SimpleLog:0.2911111111111111
InputStreamShadow:0.27777777777777773
InputStreamWrapper:0.2683333333333333
RAShadowFile:0.25333333333333335
DataFileDefrag:0.19444444444444445
