Market:0.6666666666666666
InGameInputHandler:0.3233333333333333
InGameController:0.3
