Database:0.4866666666666667
Tokenizer:0.37
SessionManager:0.305
HsqlDateTime:0.24
ScriptRunner:0.21333333333333335
TestAllTypes:0.1877777777777778
