SqlFile:0.7366666666666667
BadSubst:0.2966666666666667
