XMLDialect:0.7241666666666666
XMLFilter:0.36333333333333334
PatternConsts:0.0
