SVGInputFormat:0.4866666666666667
SVGTextAreaFigure:0.44666666666666666
ColorSliderUI:0.26666666666666666
SVGApplet:0.24
CanvasToolBar:0.17333333333333334
