FeedViewer:0.094113864
FeedsFS:0.06158782
