MList:0.047146767
MDialog:0.041706264
MIcon:0.03747201
MFileChooser:0.03360214
UI:0.021394677
Item:0.018850628
FS:0.015918631
MIconButton:0.015108059
MRenderer:0.011340786
MPanel:0.011322679
TK:0.011260994
MTextFieldPanel:0.00989264
MSearchPanel:0.0068247453
MLogger:0.005824915
Flags:0.005212997
Property:0.0029808388
