Colony:0.6366666666666667
ColonyPanel:0.35333333333333333
InGameInputHandler:0.32
InGameController:0.29
GameOptions:0.13666666666666666
