ServletUtil:0.5633333333333334
AdminServlet:0.27
EditServlet:0.22333333333333333
JAMWikiAuthenticationProcessingFilter:0.21666666666666667
TranslationServlet:0.21333333333333335
SetupServlet:0.17666666666666667
ManageServlet:0.16333333333333333
MoveServlet:0.16
PersistencyServlet:0.15
