Editor:0.58
EditorConfig:0.49166666666666664
ImageEditor:0.2733333333333333
TodoEditor:0.26666666666666666
Tabs:0.25666666666666665
FeedViewer:0.19
NotepadEditor:0.18333333333333332
EditorPreview:0.16333333333333333
