jEdit:0.5966666666666667
DockingLayoutManager:0.4633333333333333
DockingLayout:0.39
PerspectiveHandler:0.26955555555555555
DockableWindowManager:0.2574444444444444
PerspectiveManager:0.19777777777777777
DockableWindowConfig:0.07333333333333333
LoadPerspectiveAction:0.03
