InGameController:0.7133333333333334
FreeColServer:0.42333333333333334
FreeColClient:0.2783333333333333
VictoryPanel:0.27666666666666667
