Buffer:0.45
JEditTextArea:0.4066666666666667
FoldVisibilityManager:0.38333333333333336
OffsetManager:0.29333333333333333
ChunkCache:0.25333333333333335
SearchAndReplace:0.22033333333333335
