OS:0.6466666666666666
MSystemTray:0.425
RandomPasswordGeneratorDialog:0.2833333333333333
