GlossaryManager:0.42
GlossaryReaderTBX:0.25666666666666665
GlossaryReaderTSV:0.14
NamespaceFilter:0.08333333333333333
