PioneeringMission:0.26333484
ScoutingMission:0.25599298
BuildColonyMission:0.25305367
WishRealizationMission:0.22514771
UnitSeekAndDestroyMission:0.20526977
Mission:0.19283885
DefendSettlementMission:0.1799945
CashInTreasureTrainMission:0.16030592
