TodoEditor:0.43
ColumnManager:0.4033333333333333
TodoEditorCore:0.23333333333333334
ScriptIDE:0.22333333333333333
SnippetAction:0.2066666666666667
SortAction:0.17777777777777778
TestAction:0.07333333333333333
SnippetsButton:0.07
