Property:0.25214913
TK:0.18137634
UI:0.15093523
IntegerProperty:0.11593172
MProperties:0.11067286
EnumProperty:0.10443324
SecureProperty:0.10219333
MDate:0.09515042
ColorProperty:0.07863065
OS:0.076774046
MFileChooser:0.07608937
FS:0.075868435
MTable:0.073741615
MTip:0.0657341
MLogger:0.06284507
DateProperty:0.061871182
PropertyAccess:0.061795212
MApplication:0.061371632
BooleanProperty:0.053609386
StringProperty:0.050896004
RegExp:0.044523187
MTogglePanel:0.037788466
Flags:0.032669466
FontProperty:0.030354101
MSettingsDialog:0.027706474
MAuthenticator:0.019054534
Kiosk:0.013426112
