Table:0.63
Session:0.4666666666666667
ArrayUtil:0.34
TransactionManagerMV2PL:0.29333333333333333
TransactionManager2PL:0.29333333333333333
TransactionManagerMVCC:0.24
TransactionManagerCommon:0.23
BlockAccessor:0.22666666666666666
StatementProcedure:0.21666666666666667
StatementDMQL:0.19666666666666666
ParserCommand:0.18666666666666668
TableSpaceManagerBlocks:0.18333333333333332
StatementSession:0.18
DataFileDefrag:0.14666666666666667
StatementTypes:0.13
