Table:0.5776379
Database:0.4513703
DatabaseCommandInterpreter:0.3848279
Constraint:0.3803763
ConstraintCore:0.23778689
HsqlNameManager:0.2323959
Index:0.2082302
Trace:0.17767869
Expression:0.17534338
TableFilter:0.1678102
DatabaseObjectNames:0.13400802
Select:0.12470442
Session:0.1104892
Column:0.109596394
Result:0.10207764
SessionManager:0.017571801
HsqlException:0.011859622
