StatementDML:0.49666666666666665
ParserDML:0.45
RangeVariableResolver:0.43
Logger:0.37333333333333335
DataSpaceManagerBlocks:0.36
