Session:0.52
ScaledRAFileNIO:0.35
ScaledRAFile:0.32666666666666666
ParserCommand:0.30333333333333334
LobStoreMem:0.29503968253968255
LobStoreInJar:0.29503968253968255
LobStore:0.28650000000000003
Logger:0.2608333333333333
LobManager:0.25666666666666665
DatabaseURL:0.2446666666666667
TestBase:0.22611111111111115
StatementCommand:0.17
LobStoreRAFile:0.15277777777777776
