JThis:0.52
Reflect:0.49
This:0.38333333333333336
TargetError:0.294
XThis:0.26666666666666666
BSHLHSPrimarySuffix:0.16
BSHPrimarySuffix:0.13
Handler:0.11666666666666667
