Shapes:0.2601651
Geom:0.2276957
BezierPathIterator:0.21553712
Bezier:0.15596479
DoubleStroke:0.15580714
GrowStroke:0.13304725
