OptionGroup:0.3590897
FileOption:0.32997432
AbstractOption:0.27859724
BooleanOption:0.2584762
SelectOption:0.25684717
IntegerOption:0.2265741
Option:0.15178101
