FileOption:0.48523667
OptionMap:0.47582564
BooleanOption:0.43873692
AbstractOption:0.38357976
SelectOption:0.38194185
IntegerOption:0.3698663
Option:0.18101828
LanguageOption:0.107797034
