OptionMap:0.36809748
OptionGroup:0.31195542
AbstractOption:0.30945563
LanguageOption:0.18699574
