User:0.52
ParserDDL:0.35333333333333333
ParserCommand:0.31666666666666665
