WikiBase:0.13466233
Environment:0.04320499
