Flags:0.5866666666666667
MDialog:0.4666666666666667
PrintDialog:0.25333333333333335
EditorQuickFind:0.19333333333333333
