MetaInfo:0.8133333333333334
Editor:0.45
Tree:0.37333333333333335
ItemRenderer:0.20666666666666667
AbstractRequestManager:0.19333333333333333
FeedThread:0.16666666666666666
