Message:0.07612718
Connection:0.019902846
