Desktop:0.10551154
Pager:0.043003332
