Unit:0.85
CargoPanel:0.24666666666666667
DragListener:0.21666666666666667
