PropertiesShortcuts:0.4666666666666667
MainWindowMenu:0.35333333333333333
PropertiesShortcutsTest:0.03333333333333333
