Colony:0.49
UnitType:0.45
BuildingType:0.4
InGameController:0.25666666666666665
ColonyPanel:0.24111111111111114
BuildableType:0.23
InGameInputHandler:0.22666666666666666
AIColony:0.22
BuildingBox:0.1588888888888889
ReportColonyPanel:0.14666666666666667
