Colony:0.6966666666666667
Tile:0.49333333333333335
AIColony:0.27
