jEdit:0.19611728
Buffer:0.13754584
EditPlugin:0.12870614
EditAction:0.12566857
View:0.12284192
VFSBrowser:0.11868376
MiscUtilities:0.10598206
Macros:0.10426532
PanelWindowContainer:0.08801672
HistoryTextField:0.08506506
EditPane:0.0816546
JEditTextArea:0.078677855
VFSManager:0.07664469
HelpViewer:0.07281394
Log:0.07177896
Gutter:0.06482267
EnhancedMenuItem:0.06284152
SearchAndReplace:0.06084731
BeanShell:0.06057229
GrabKeyDialog:0.059373185
EnhancedCheckBoxMenuItem:0.058132418
MarkersMenu:0.050989453
ToolBarOptionPane:0.050824936
RecentFilesMenu:0.04962052
EnhancedMenu:0.048607145
InputHandler:0.04819805
SearchDialog:0.047307044
RecentDirectoriesMenu:0.044848595
VFSFileChooserDialog:0.04480325
StyleTableModel:0.04417956
BrowserView:0.042504128
ToolBarEditDialog:0.03896506
ContextOptionPane:0.038567357
BrowserCommandsMenu:0.037768587
CurrentDirectoryMenu:0.036719915
SyntaxStyle:0.032269463
CloseDialog:0.031826247
BufferPrintable:0.031661242
MacrosMenu:0.031040302
FoldVisibilityManager:0.028310064
OperatingSystem:0.026970645
QuickNotepadOptionPane:0.02632057
PluginManager:0.025892174
FloatingWindowContainer:0.024434524
ShortcutsOptionPane:0.023779506
FileCellRenderer:0.023755686
QuickNotepad:0.022559702
PluginListDownloadProgress:0.021785624
OpenWithEncodingMenu:0.021768548
PluginManagerProgress:0.02155213
CompleteWord:0.019349294
Roster:0.018352402
Token:0.018236013
PastePrevious:0.018141089
XModeHandler:0.016222801
QuickNotepadPlugin:0.014670646
BufferPrinter:0.01256099
EnhancedButton:0.011595338
LatestVersionPlugin:0.011575919
DockingOptionPane:0.011081593
AddAbbrevDialog:0.010353686
IOProgressMonitor:0.0071021374
SelectLineRange:0.0060634078
HyperSearchRequest:0.0043883645
