MDateSpinner:0.275376
DT:0.23205514
MText:0.1025008
MCalendar:0.054947514
