MButton:0.08042579
MWebBrowser:0.06924874
UI:0.06044877
MAction:0.0357536
MMouseAdapter:0.027244119
Property:0.007207061
EnumProperty:0.006086132
