ButtonFactory:0.5033333333333333
JColorWheel:0.41333333333333333
WheelsAndSlidersMain:0.3
ColorWheelImageProducer:0.29950000000000004
ColorPolarImageProducer:0.2866666666666667
ColorSliderUI:0.2866666666666667
ColorSquareImageProducer:0.2833333333333333
AbstractColorWheelImageProducer:0.18333333333333332
QuaquaTrackListener:0.10258730158730157
