Tokens:0.5433333333333333
RowStoreAVL:0.4633333333333333
RangeVariable:0.38666666666666666
Database:0.3566666666666667
Routine:0.31333333333333335
QuerySpecification:0.2833333333333333
IndexAVL:0.28
PersistentStore:0.27138888888888885
ParserDQL:0.25333333333333335
ScaledRAFileNIO:0.24666666666666667
RowAVLDiskData:0.23583333333333334
RowStoreAVLDiskData:0.22666666666666666
ScaledRAFileHybrid:0.21333333333333335
ScaledRAFile:0.20666666666666667
ParserCommand:0.2
IndexRowIterator:0.19305555555555554
RowStoreAVLDisk:0.19
StatementCommand:0.16777777777777778
RowStoreAVLHybridExtended:0.16666666666666666
Logger:0.16333333333333333
ParserDDL:0.15333333333333332
