ColonyTile:0.29827362
Building:0.27337793
Unit:0.25471404
Tile:0.17355256
GoodsContainer:0.16563378
Player:0.16447526
Goods:0.14833617
Settlement:0.11881758
Game:0.08964287
WorkLocation:0.08699723
ModelMessage:0.08409179
FreeColGameObject:0.07942305
Map:0.075167775
Market:0.07124934
Location:0.06348159
ColonyTradeItem:0.034558732
ModelController:0.031976223
GameOptions:0.029782493
Locatable:0.028086314
BuildingType:0.023825167
Nameable:0.012715347
FoundingFather:0.007439129
Turn:0.0062791747
