FreeColGameObject:0.30721316
Game:0.23847958
Colony:0.094943315
GoodsContainer:0.09108562
Player:0.089504294
Unit:0.08693064
Building:0.08170198
Market:0.070969835
Europe:0.067722864
IndianSettlement:0.046320897
Goods:0.042601276
Settlement:0.041298077
Ownable:0.021167025
LostCityRumour:0.015957262
