StatementCompound:0.4
ParserDQL:0.36
StatementSimple:0.31666666666666665
StatementHandler:0.2966666666666667
ParserBase:0.21416666666666667
ParserRoutine:0.21
