Preferences:0.9566666666666667
TagValidationFrame:0.3233333333333333
TagValidationOptionsDialog:0.2866666666666667
PatternConsts:0.25
TagValidationTool:0.23333333333333334
