ActionManager:0.31286147
FreeColAction:0.15401065
