WikiUtil:0.4633333333333333
InterWikiHandler:0.24833333333333332
JAMWikiAuthenticationConfiguration:0.22666666666666666
WikiLinkTag:0.22611111111111115
SpamFilter:0.19444444444444445
Encryption:0.17972222222222223
WikiSignatureTag:0.16
WikiHeadingTag:0.15
JAMWikiPostAuthenticationFilter:0.14
JAMWikiDaoImpl:0.12666666666666668
