Settlement:0.5233333333333333
Colony:0.45888888888888896
IndianSettlement:0.4033333333333333
