GUI:0.46
ImageLibrary:0.38666666666666666
ChipResource:0.36333333333333334
ResourceManager:0.34
