WebBrowserEditor:0.0637981
AbstractTextEditor:0.0530929
