JEditTextArea:0.69
HyperSearchResults:0.2866666666666667
KeyHandler:0.25
CompleteWord:0.24333333333333335
CaretHandler:0.20333333333333334
View:0.19916666666666666
HelpIndex:0.11111111111111112
ResultVisitor:0.0867222222222222
MouseWheelHandler:0.03666666666666667
BufferLoadedVisitor:0.017388888888888888
ActionHandler:0.017388888888888888
BufferClosedVisitor:0.017388888888888888
