MSmallColorChooser:0.74
MSmallColorButton:0.24
ColorAction:0.18333333333333332
MColorButton:0.13333333333333333
FeedsConfigPanel:0.11666666666666667
