ColonyPanel:0.07176308
ReportColonyPanel:0.056079246
UnitLabel:0.05018623
BuildingToolTip:0.04871534
RebelToolTip:0.043769144
BuildingPanel:0.039983463
