UI:0.7166666666666667
SimpleListCellRenderer:0.22333333333333333
TextEditorCore:0.22222222222222224
CoolLabel:0.22222222222222224
Renderer:0.18555555555555558
MSplashScreen:0.18333333333333332
