Widget:0.43
Desktop:0.37333333333333335
MDesktopManager:0.32
Main:0.2733333333333333
