Colony:0.26948372
Unit:0.22154139
ColonyTile:0.21106634
Tile:0.15298939
Player:0.14086404
Goods:0.12524535
GoodsContainer:0.11550857
FreeColGameObject:0.078904636
Settlement:0.07623783
BuildingType:0.07594141
WorkLocation:0.0728157
ModelMessage:0.06599975
Game:0.06257825
GameOptions:0.037767604
Locatable:0.025321703
Ownable:0.019521726
FoundingFather:0.015620729
Nameable:0.013014861
