OpenXMLOptions:0.8066666666666666
EditOpenXMLOptionsDialog:0.4166666666666667
OpenXMLFilter:0.41333333333333333
OpenXMLDialect:0.16333333333333333
