Preferences:0.7187222222222223
SearchWindow:0.4766666666666667
Searcher:0.27666666666666667
EntryListPane:0.24333333333333335
DisplayMatches:0.2088888888888889
SearchExpression:0.13333333333333333
SearchThread:0.08333333333333333
