PriorityRenderer:0.08368161
Task:0.056919027
TaskModel:0.049716897
PriorityEditor:0.043044813
TaskTable:0.02560668
Sorter:0.018814823
