TodoEditorCore:0.08464938
TodoEditorPlugin:0.03208038
