Unit:0.5266666666666666
InGameController:0.3466666666666667
IndianSettlement:0.3433333333333333
PlayerExploredTile:0.30666666666666664
Tile:0.27666666666666667
InGameInputHandler:0.19
