Table:0.37666666666666665
jdbcDatabaseMetaData:0.37666666666666665
HsqlDatabaseProperties:0.37333333333333335
Expression:0.33666666666666667
Trace:0.3333333333333333
Database:0.3322222222222222
Select:0.32
Log:0.28
DataFileCache:0.26
DatabaseInformationFull:0.22
DatabaseManagerSwing:0.21
DatabaseInformationMain:0.20333333333333334
DatabaseCommandInterpreter:0.185
jdbcDriver:0.045
