TK:0.6686666666666666
Index:0.31333333333333335
MList:0.3016666666666667
Query:0.3
Keywords:0.26
MTable:0.22583333333333333
Criterium:0.17666666666666667
