Debug:0.5040555555555557
Buffer:0.41333333333333333
JEditTextArea:0.41333333333333333
BufferChangeListener:0.33648412698412694
BufferChangeAdapter:0.32466666666666666
ScrollLineCount:0.19777777777777777
BufferChangeHandler:0.16166666666666665
