MainWindowMenuHandler:0.5355555555555556
MainWindow:0.49666666666666665
SearchWindowController:0.47333333333333333
