MList:0.8366666666666667
InternetSearch:0.2833333333333333
PluginSettings:0.2288888888888889
FilterDialog:0.2288888888888889
QuickOpen:0.20222222222222225
MFontChooser:0.1988888888888889
CompletionWindow:0.18555555555555558
