InfoPanel:0.15621525
FreeColPanel:0.02724504
