TerrainGenerator:0.11847462
MapGenerator:0.05282139
