IProject:0.10663676
LegacyTM:0.061485566
StringEntry:0.060764816
SourceTextEntry:0.057131507
ParseEntry:0.046593256
ProjectProperties:0.0404974
ProjectFileData:0.02059426
TransMemory:0.019425508
ProjectFactory:0.014903063
