jdbcResultSet:0.42263624
jdbcDatabaseMetaData:0.38015828
jdbcPreparedStatement:0.32305077
jdbcStatement:0.29874387
jdbcColumnMetaData:0.16575943
jdbcUtil:0.03691985
