ScriptWriterBase:0.3234123
ScriptWriterZipped:0.15060699
