MText:0.7933333333333333
HelpGenerator:0.35333333333333333
HelpAction:0.23666666666666666
