Game:0.36
FreeColObject:0.35
Colony:0.2966666666666667
ListOption:0.2966666666666667
Region:0.2788888888888889
Stop:0.2527777777777778
TradeRoute:0.18976190476190477
