MRenderer:0.5866666666666667
MSettingsDialog:0.43333333333333335
NoteWidget:0.3433333333333333
MSettingsPage:0.2966666666666667
