jdbcPreparedStatement:0.535198
jdbcResultSet:0.39414355
jdbcConnection:0.3756562
jdbcStatement:0.3723805
jdbcUtil:0.10380736
