ProjectProperties:0.49
SRX:0.4066666666666667
Preferences:0.3566666666666667
NotLoadedProject:0.3466666666666667
SegmentationCustomizer:0.32666666666666666
Rule:0.30333333333333334
RealProject:0.2966666666666667
MainWindowMenuHandler:0.27
IProject:0.24449999999999997
MapRule:0.19
TmxComplianceBase:0.12666666666666668
ProjectFileStorage:0.12555555555555556
TmxSegmentationTest:0.12333333333333334
HTMLFilter2Test:0.12
ProjectPropertiesDialog:0.11666666666666667
