WikiLink:0.7033333333333334
LinkUtil:0.5006666666666666
WikiLinkTest:0.23
JFlexParserUtil:0.22
