MainWindow:0.41
CommandThread:0.34
IProjectEventListener:0.31333333333333335
CoreEvents:0.2633333333333333
MainWindowMenu:0.20833333333333334
TagValidationTool:0.10333333333333333
