Table:0.62
Constraint:0.37666666666666665
DatabaseScript:0.31333333333333335
DDLParser:0.25
TableWorks:0.22333333333333333
CompiledStatementExecutor:0.20333333333333334
SchemaManager:0.2025
