PathNode:0.31629
Unit:0.20068413
Player:0.121253304
Tile:0.11819036
Europe:0.09314197
IndianSettlement:0.08387026
Colony:0.070103094
Settlement:0.06481155
Game:0.06287599
FreeColGameObject:0.03930253
FreeColObject:0.035396263
Region:0.03361131
