Canvas:0.6433333333333333
NewPanel:0.48
MapEditorMenuBar:0.13895238095238097
