Table:0.5233333333333333
TableBase:0.3566666666666667
Expression:0.2783333333333333
ExpressionLogical:0.27655555555555555
DataSpaceManagerBlocks:0.2733333333333333
RowSetNavigatorDataTable:0.2633333333333333
QuerySpecification:0.25666666666666665
QueryExpression:0.22666666666666666
Logger:0.21666666666666667
DataFileCache:0.21150000000000002
