Utilities:0.7066666666666667
JAMWikiServlet:0.47
WikiBase:0.4166666666666667
AdminServlet:0.24
PersistencyHandler:0.20277777777777778
EditServlet:0.15
SetupServlet:0.13
SearchServlet:0.10333333333333333
PrintableServlet:0.10333333333333333
LockListServlet:0.10333333333333333
RecentChangesServlet:0.08
