Config:0.7166666666666667
SessionManager:0.36
Widget:0.33666666666666667
