AIMain:0.4774207
Wish:0.41584623
AIUnit:0.37857306
AIGoods:0.34675252
GoodsWish:0.3015645
ValuedAIObject:0.2955865
TileImprovementPlan:0.2857335
WorkerWish:0.26766065
NewAIPlayer:0.24124825
WorkLocationPlan:0.19280995
AIColony:0.15802458
AIPlayer:0.15644258
StandardAIPlayer:0.13086244
ColonialAIPlayer:0.12073286
IndianAIPlayer:0.039999552
REFAIPlayer:0.03705741
EuropeanAIPlayer:0.02891835
