ColonialAIPlayer:0.57465917
REFAIPlayer:0.22484624
AIPlayer:0.21282467
NewAIPlayer:0.15482461
AIColony:0.14817098
AIUnit:0.13046868
AIGoods:0.08215342
Transportable:0.044663552
GoodsWish:0.043047808
AIMain:0.039588865
TileImprovementPlan:0.031454023
Wish:0.026231768
AIInGameInputHandler:0.022293935
AIObject:0.008274512
ValuedAIObject:0.0017659196
