AIGoods:0.27536696
Wish:0.21087533
AIColony:0.20549344
StandardAIPlayer:0.18285704
AIObject:0.15426584
AIMain:0.13934642
ValuedAIObject:0.12004232
EuropeanAIPlayer:0.098348394
Transportable:0.034087893
