WorkLocationPlan:0.3101303
AIUnit:0.28355643
AIColony:0.27895296
StandardAIPlayer:0.22063994
AIPlayer:0.21972607
ColonialAIPlayer:0.21363351
AIMain:0.19272669
AIObject:0.18395239
ValuedAIObject:0.13404785
EuropeanAIPlayer:0.109203205
