AIUnit:0.5254133
AIGoods:0.5095781
GoodsWish:0.47792903
WorkerWish:0.42600566
AIObject:0.30999166
Transportable:0.2472231
AIMain:0.22303271
ColonialAIPlayer:0.22025058
StandardAIPlayer:0.21793517
ValuedAIObject:0.19830953
AIColony:0.19408704
REFAIPlayer:0.1570138
AIPlayer:0.1442975
EuropeanAIPlayer:0.12739521
IndianAIPlayer:0.044448264
