AIColony:0.37420884
ColonyPlan:0.3233215
TileImprovementPlan:0.14682461
AIMain:0.054688744
AIObject:0.04710162
ValuedAIObject:0.031194072
