FeedViewer:0.7133333333333334
FeedsFSPlugin:0.2833333333333333
MFontButton:0.27499999999999997
FeedsConfigPanel:0.15666666666666668
