MPanel:0.5133333333333333
MSmallColorChooser:0.2608333333333333
PropertyPanel:0.24416666666666667
MSettingsPage:0.22666666666666666
MStatusBar:0.22666666666666666
MMultiPanel:0.22
MountPanel:0.21666666666666667
MTogglePanel:0.21
TaskSummary:0.19416666666666665
AdvancedProperties:0.18666666666666668
ProxyPanel:0.18333333333333332
Designer:0.17333333333333334
LocationBar:0.16416666666666666
AbstractPanel:0.14333333333333334
OptionsPanel:0.1375
TaskInfoButton:0.09666666666666666
