CoolHeader:0.1576914
MMainWindow:0.07847427
MLabel:0.06735896
MHighlighter:0.06344436
UI:0.062039297
MPanel:0.05711672
MSettingsDialog:0.04901471
MTimer:0.04879363
MIcon:0.04109298
MWebBrowser:0.03938511
TK:0.035349295
Flags:0.033429485
MWhatsThis:0.026890768
MouseGestures:0.017920513
Property:0.015363574
BooleanProperty:0.012539403
