JAMWikiPostAuthenticationFilter:0.14862162
JAMWikiDaoImpl:0.08896794
