Player:0.8266666666666667
ServerBuildingTest:0.36333333333333334
SimpleMapGenerator:0.19666666666666666
