TileItemContainer:0.33846048
IndianSettlement:0.23667924
Player:0.19
ColonyTile:0.18974529
Colony:0.18793312
Unit:0.18057793
TileImprovement:0.17180413
Europe:0.14919753
Map:0.14596796
Building:0.14163382
Resource:0.13985203
Settlement:0.12923925
Goods:0.12130842
FreeColGameObject:0.0975421
TileImprovementType:0.097225055
Game:0.09560363
GoodsContainer:0.09429102
ModelMessage:0.0858464
Region:0.0800632
FreeColObject:0.07747648
SimpleCombatModel:0.0741861
TileType:0.073554106
AbstractGoods:0.052854225
GoodsType:0.049888384
ModelController:0.048137765
Location:0.048122667
TileItem:0.04798405
DefaultCostDecider:0.04253425
UnitType:0.039427828
PathNode:0.038651057
Modifier:0.0380825
ResourceType:0.03587791
GoalDecider:0.035574153
GameOptions:0.033889852
IndianNationType:0.027967636
CostDecider:0.027606979
FreeColGameObjectType:0.024538856
Locatable:0.022354214
Ownable:0.021406127
FeatureContainer:0.01775798
LostCityRumour:0.016696097
CombatModel:0.015353686
Tension:0.011591702
Named:0.008541846
