JDBCResultSetTest:0.41333333333333333
JDBCCallableStatementTest:0.37333333333333335
JDBCClobTest:0.3350555555555556
JDBCNClobTest:0.3350555555555556
JDBCConnectionTest:0.31533333333333335
JDBCPreparedStatementTest:0.31133333333333335
JDBCCallableStatementWhileClosedTest:0.2741111111111111
JDBCBlobTest:0.2530555555555556
ResultSetSection:0.19
JDBCSavepointTest:0.1775
JDBCDataSourceFactoryTest:0.1775
RowCountSection:0.14333333333333334
UpdateCountSection:0.14333333333333334
