MTable:0.7133333333333334
TodoEditorCore:0.39694444444444443
TaskTable:0.32
TodoEditor:0.27
