MLogger:0.6616666666666666
OS:0.5183333333333333
