FreeCol:0.6066666666666667
FreeColTcFile:0.31
FreeColDataFile:0.2505555555555556
FreeColModFile:0.15333333333333332
