UnitAttackAnimation:0.46498528
UnitMoveAnimation:0.25422016
