EditServer:0.19586413
Interpreter:0.17932127
Macros:0.17898431
View:0.17839406
ActionSet:0.173873
NameSpace:0.1737136
BeanShellAction:0.16755314
BshClassManager:0.15189087
jEdit:0.14684954
SearchAndReplace:0.14632411
ServiceManager:0.14536779
Buffer:0.12925152
DockableWindowManager:0.10868126
VFS:0.10405181
EditPane:0.0993757
VFSBrowser:0.08334379
InputHandler:0.08252062
GUIUtilities:0.079586275
JARClassLoader:0.07580569
JEditTextArea:0.07094119
BshMethod:0.07064326
VFSManager:0.066672534
CallStack:0.06404697
PluginJAR:0.062280077
Log:0.057168216
ActionBar:0.05435787
TargetError:0.046737112
Debug:0.0450983
BeanShellErrorDialog:0.044417497
EvalError:0.02949816
OptionsDialog:0.0229914
Primitive:0.01913602
UtilEvalError:0.016103461
Selection:0.014865672
EnhancedMenu:0.01335654
