Building:0.6666666666666666
Specification:0.5066666666666667
BuildingTest:0.22666666666666666
ColonyProductionTest:0.17666666666666667
