Building:0.45666666666666667
Canvas:0.4266666666666667
ModelMessage:0.4
MapGenerator:0.20333333333333334
WorkLocation:0.1163888888888889
