ImportExport:0.5925
FileSelection:0.37
ImageSelection:0.2833333333333333
MProgressBarBeanInfo:0.24666666666666667
