IProject:0.545
Core:0.5066666666666667
EditorController:0.3
Statistics:0.2977777777777778
FindMatchesThread:0.24333333333333335
MatchesTextArea:0.19666666666666666
DictionariesTextArea:0.17666666666666667
NotLoadedProject:0.17111111111111113
GlossaryTextArea:0.15444444444444444
RealProject:0.12666666666666668
SpellCheckerMarker:0.08666666666666667
DictionaryEntriesSearchThread:0.07666666666666666
FindGlossaryThread:0.06
