WikiReference:0.8066666666666666
WikiReferenceTag:0.24666666666666667
WikiReferencesTag:0.15333333333333332
