DefaultPreview:0.6666666666666666
AbstractPreview:0.6633333333333333
LinkEditorPlugin:0.14666666666666667
