MInternalFrame:0.1783056
UI:0.055660058
MTimeline:0.013169481
Property:0.009714805
BooleanProperty:0.007517138
