UI:0.072004616
MColorPicker:0.06332303
TK:0.062527545
MPanel:0.058382593
MCalendarPanel:0.05208394
MTable:0.04624672
MTree:0.0454989
MLabel:0.040230308
Item:0.039920945
MTableHeader:0.03485684
MCheckBoxTable:0.032493506
MTreeItem:0.032458924
MSettingsDialog:0.031916834
MMessage:0.024214087
MFontChooser:0.023880582
MSettingsPage:0.020577922
MIconChooser:0.014353073
MIcon:0.013225509
MColor:0.012894554
