Tile:0.59
Settlement:0.35399206349206347
ColonyTile:0.30333333333333334
InGameController:0.2866666666666667
IndianSettlement:0.2733333333333333
GUI:0.22166666666666668
MapGenerator:0.19333333333333333
ColonyPlan:0.19333333333333333
