Specification:0.48
RangeOption:0.3333333333333333
IntegerOption:0.285
BooleanOption:0.285
DifficultyLevel:0.24888888888888885
OptionGroup:0.22166666666666668
SpecificationTest:0.11666666666666667
