AIObject:0.31993657
AIUnit:0.20772867
NewAIPlayer:0.17947198
Wish:0.17545152
AIPlayer:0.16542023
AIGoods:0.14840813
AIColony:0.123426184
WorkLocationPlan:0.11574634
TileImprovementPlan:0.11357234
StandardAIPlayer:0.11193729
GoodsWish:0.10953882
ColonialAIPlayer:0.10931197
WorkerWish:0.108027175
ValuedAIObject:0.07618943
AIInGameInputHandler:0.07329917
ColonyPlan:0.059921604
