FreeColGameObject:0.30915153
Europe:0.19344243
ColonyTile:0.179919
IndianSettlement:0.17262991
GoodsContainer:0.17013653
FreeColObject:0.15735108
Player:0.15411805
Building:0.1470936
FreeColGameObjectListener:0.1453741
CombatModel:0.14524531
Colony:0.13744292
Tile:0.13489085
TradeRoute:0.13488887
PlayerExploredTile:0.12937409
Region:0.12848905
ModelMessage:0.12748994
Monarch:0.12263176
Map:0.120892435
Market:0.11692336
TileItemContainer:0.10960441
NationOptions:0.107322454
Resource:0.10639648
MarketData:0.10420913
SimpleCombatModel:0.10292084
Settlement:0.10014203
Goods:0.09057261
Unit:0.090024754
LostCityRumour:0.0897814
Specification:0.08977208
TileImprovement:0.08751032
ModelController:0.08112604
TileItem:0.07301199
HighScore:0.067110844
LastSale:0.062108103
UnitTradeItem:0.058850765
DiplomaticTrade:0.056946665
Limit:0.055899024
NationSummary:0.054756775
GoldTradeItem:0.053274527
GoodsTradeItem:0.05284595
StanceTradeItem:0.051471345
ColonyTradeItem:0.05078196
Operand:0.047177657
TradeItem:0.046705715
Nation:0.04458685
TradeRouteStop:0.034508288
Turn:0.014057477
