Player:0.5433333333333333
Canvas:0.48333333333333334
GUI:0.31666666666666665
ReportForeignAffairPanel:0.1877777777777778
FreeColLookAndFeel:0.18
