HashMap:0.58506733
Set:0.07963508
Collection:0.07176024
Iterator:0.030310068
