FloatProperty:0.47
Config:0.4255555555555556
ChartModel:0.3511111111111111
