UI:0.7166666666666667
MainWindow:0.3933333333333333
LockAction:0.22666666666666666
MToolBar:0.21666666666666667
LabelMenuAction:0.13111111111111112
DeleteAction:0.12
DeleteCompletedAction:0.12
