InGameController:0.5266666666666666
UnitLabel:0.43
ColonyPanel:0.34
DragListener:0.2377777777777778
