WebPanel:0.6166666666666667
WebService:0.5633333333333334
WebDialog:0.4
