jEdit:0.68
GUIUtilities:0.4033333333333333
BufferOptions:0.21
TokenMarker:0.19444444444444445
EnhancedDialog:0.19
ActionHandler:0.15333333333333332
OverviewOptionPane:0.15
InstallPluginsDialog:0.12
PluginListDownloadProgress:0.09
AppearanceOptionPane:0.04666666666666667
