UnitLabel:0.06657227
ColonyPanel:0.06511801
EuropePanel:0.04870539
MarketLabel:0.011727996
GoodsLabel:0.0059552644
