Player:0.09053767
IndianSettlement:0.010299402
Unit:0.010178884
Europe:0.0075836866
Building:0.0061064716
Tile:0.0055001015
Colony:0.003264705
