InputHandler:0.17600277
PreGameController:0.107049495
