OConsts:0.4032222222222222
Preferences:0.37666666666666665
MainWindowMenuHandler:0.3466666666666667
WorkflowOptionsDialog:0.32
StaticUtils:0.2833333333333333
EditorController:0.22333333333333333
EditorTextArea:0.19583333333333336
MainWindowMenu:0.09666666666666666
FileUtil:0.07333333333333333
