Environment:0.64
LdapUserHandler:0.35333333333333333
WikiBase:0.3198888888888889
AdminServlet:0.29333333333333333
RegisterServlet:0.08
