ReportProductionPanel:0.6033333333333334
ReportTradePanel:0.36333333333333334
ReportContinentalCongressPanel:0.21333333333333335
ReportReligiousPanel:0.21333333333333335
ReportColonyPanel:0.14333333333333334
