OptionsDialog:0.039614927
ColorTableModel:0.037939776
AbstractOptionPane:0.0102899475
jEdit:0.004956301
