JFlexParser:0.5833333333333334
WikiConfiguration:0.3566666666666667
AbstractJAMWikiCustomTagLexer:0.22666666666666666
JAMWikiFilter:0.20333333333333334
ViewSourceServlet:0.15
EditSectionTag:0.013333333333333334
