MetaInfo:0.8833333333333333
MDialog:0.4633333333333333
FSHelper:0.31
