JEditTextArea:0.6633333333333333
TextAreaPainter:0.3566666666666667
Chunk:0.24666666666666667
