Nation:0.49333333333333335
Player:0.4475
Tile:0.39666666666666667
ImageLibrary:0.36666666666666664
MonarchPanel:0.18
