FS:0.8033333333333333
FSHelper:0.2966666666666667
ImportExport:0.17666666666666667
