QueryHandler:0.5866666666666667
DatabaseHandler:0.5266666666666666
DefaultQueryHandler:0.4533333333333333
PersistencyServlet:0.3233333333333333
