AbstractItem:0.44333333333333336
HTMLEntities:0.44
FeedViewer:0.37833333333333335
FeedThread:0.21333333333333335
ArchiveItemRenderer:0.14
TestHTMLEntities:0.13333333333333333
