MActionInfo:0.69
MInternalFrame:0.37333333333333335
MText:0.37333333333333335
MNotification:0.26222222222222225
InternetSearchPanel:0.2
VersionPanel:0.1888888888888889
WidgetDesktopIconUI:0.18333333333333332
DeleteAction:0.12
HighlightAction:0.12
