Property:0.24691431
TK:0.18565422
MApplication:0.14205089
UI:0.10349179
PropertyAccess:0.09505905
IntegerProperty:0.088337034
SecureProperty:0.08667582
MProperties:0.08407837
MLogger:0.076737545
EnumProperty:0.076465376
MDate:0.07639491
FS:0.07630444
MFileChooser:0.06705222
MTable:0.06267185
ColorProperty:0.058843844
OS:0.055882588
DateProperty:0.047604226
DoubleProperty:0.04753302
MTip:0.046281174
FloatProperty:0.045266684
MList:0.03910667
MTabbedPane:0.038346708
BooleanProperty:0.03770296
RegExp:0.036925066
StringProperty:0.034483127
Flags:0.03173871
FontProperty:0.02832768
MTogglePanel:0.024640769
MMainWindow:0.022859884
MSettingsDialog:0.02129848
MFrame:0.017057791
MFontChooser:0.0153900385
MTableHeader:0.014758172
MNotification:0.014480889
MLoginPanel:0.010496458
Kiosk:0.009515286
