ColonyPanel:0.5066666666666667
ColopediaPanel:0.37666666666666665
WarehouseDialog:0.285
WarehouseGoodsPanel:0.2377777777777778
DragListener:0.22650793650793655
UnitLabel:0.20666666666666667
GoodsType:0.17666666666666667
