LogItem:0.5766666666666667
AnsiDataHandler:0.4866666666666667
AnsiQueryHandler:0.36666666666666664
