AIColony:0.68
AIColonyTest:0.27666666666666667
AllTests:0.21666666666666667
ColonyPlanTest:0.14
