PropertyPanel:0.44
BeanProperty:0.27
Content:0.2633333333333333
AbstractProperty:0.14666666666666667
StringFieldProperty:0.11666666666666667
FontFieldProperty:0.11666666666666667
IntegerFieldProperty:0.11666666666666667
BooleanFieldProperty:0.11666666666666667
ColorFieldProperty:0.11666666666666667
PasswordFieldProperty:0.11666666666666667
