GoodsType:0.3566666666666667
Nation:0.3233333333333333
EquipmentType:0.2833333333333333
UnitType:0.2833333333333333
Game:0.28
Limit:0.25
TileImprovementType:0.22333333333333333
Event:0.21
TileType:0.21
FoundingFather:0.2
EuropeanNationType:0.19666666666666666
ImprovementActionType:0.17666666666666667
BuildableType:0.175
FreeColGameObjectType:0.16333333333333333
IndianNationType:0.15
BuildingType:0.14333333333333334
ResourceType:0.13666666666666666
DifficultyLevel:0.11
TypeReader:0.09666666666666666
