Handler:0.4633333333333333
CatalogManager:0.42
XmlActions:0.3333333333333333
XmlTag:0.19966666666666666
XmlParser:0.19
SwingHTMLParserImpl:0.13666666666666666
ActionHandler:0.11527777777777776
GeneralOptionPane:0.07333333333333333
