StyleTableModel:0.04679121
OptionsDialog:0.02931204
StyleEditor:0.018009104
BrowserColorsModel:0.009152727
AbstractOptionPane:0.008720641
SyntaxStyle:0.007885036
ColorTableModel:0.007318944
