AutoCompletion:0.4472222222222223
TextEditor:0.42
MEditorPane:0.29
NotepadEditor:0.23888888888888885
WordWrapEditorKit:0.056666666666666664
