InGameController:0.5266666666666666
GoodsForSaleMessage:0.4666666666666667
InGameInputHandler:0.4266666666666667
FreeColServer:0.35333333333333333
