SimpleCombatModel:0.5032309
Game:0.098592795
Settlement:0.09694115
FreeColGameObject:0.089562975
Unit:0.07420236
IndianSettlement:0.0653514
Colony:0.055054214
Tile:0.047362596
NationSummary:0.004593681
Modifier:0.0045135897
Locatable:0.0040216125
