SearchAndReplace:0.5133333333333333
SearchMatcher:0.4166666666666667
PatternSearchMatcher:0.24666666666666667
HyperSearchRequest:0.19
