MText:0.5922222222222222
Info:0.41
Factory:0.20333333333333334
