MTextArea:0.38446116
MText:0.15922982
MMessage:0.048346277
MAboutDialog:0.022756545
Property:0.011380598
UI:0.009438453
Kiosk:0.007087292
BooleanProperty:0.0040180422
