FreeColAction:0.24660543
MapboardAction:0.24655853
ActionManager:0.24376616
