Property:0.6133333333333333
Config:0.45666666666666667
PropertyPanel:0.39
Model:0.24916666666666668
ConsoleConfig:0.16666666666666666
Permission:0.15477777777777776
