LocationBar:0.22759849
RenameEditor:0.17937405
TreePanel:0.16539487
ImportExport:0.14324133
PropertiesPanel:0.1122678
