Widget:0.5133333333333333
WidgetPeer:0.4683333333333333
Title:0.44666666666666666
Desktop:0.24666666666666667
TodoWidget:0.22177777777777777
WidgetBorder:0.20777777777777778
WidgetDesktopPaneUI:0.20666666666666667
WidgetDesktopIconUI:0.19
Preview:0.09333333333333334
