jEdit:0.57
Buffer:0.41333333333333333
GUIUtilities:0.31166666666666665
ActionSet:0.27666666666666667
TextAreaPainter:0.20333333333333334
ActionBar:0.197
