ServerGame:0.5166666666666667
FreeColServer:0.5066666666666667
MapGenerator:0.3298888888888889
FreeColTestCase:0.25666666666666665
MapGeneratorTest:0.25333333333333335
