Colony:0.72
Building:0.38666666666666666
ReportLabourPanel:0.24
ReportTurnPanel:0.23666666666666666
