Tags:0.5933333333333334
TagsEditor:0.37333333333333335
TagsUtils:0.36
Query:0.3
PropertiesDialog:0.16666666666666666
ImportExport:0.14
NewFolderDialog:0.12666666666666668
NewFileDialog:0.10333333333333333
TagsMenu:0.07666666666666666
PrintAction:0.07333333333333333
AddRemoveTagAction:0.06
