MApplication:0.68
OS:0.6166666666666667
Args:0.3566666666666667
