Game:0.25417268
ModelMessage:0.19817775
GoodsContainer:0.17646523
Player:0.14974286
Europe:0.13928793
UnitContainer:0.13192047
Monarch:0.13119169
Colony:0.12542859
Tile:0.123347916
Market:0.117067724
Map:0.11256359
Building:0.1078914
ModelController:0.101330236
IndianSettlement:0.09265822
ColonyTile:0.09151509
Unit:0.088406
Settlement:0.06535182
Location:0.057773743
FreeColGameObjectListener:0.04940301
GameOptions:0.03699395
