Europe:0.38238794
Tile:0.30346578
IndianSettlement:0.27677506
Unit:0.21139123
Player:0.17840149
Game:0.1582417
FreeColGameObject:0.12186594
Location:0.11554491
