Roster:0.11063431
PluginManager:0.088137664
InstallPanel:0.062129628
jEdit:0.039830506
