PluginManager:0.7866666666666666
MActionInfo:0.5333333333333333
UpdatePlugin:0.25333333333333335
PluginSettingsTab:0.2277777777777778
UpdatePluginsButton:0.2
Main:0.17916666666666667
