UnitLabel:0.12801124
DefaultTransferHandler:0.108277656
FreeColDialog:0.06344424
ColorCellEditor:0.06289552
GoodsLabel:0.05575571
DragListener:0.055313244
MarketLabel:0.053206317
FreeColPanel:0.008443542
DropListener:0.003040162
