Market:0.22450411
FreeColObject:0.053822502
Player:0.031705182
GoodsType:0.03140419
