DefaultTransferHandler:0.22880416
DragListener:0.13351126
EuropePanel:0.12582262
ReportTradePanel:0.121635795
CargoPanel:0.09942727
