GUIUtilities:0.073272906
Macros:0.07021318
EditBus:0.052191947
EnhancedMenu:0.03480384
EBMessage:0.022665257
MacrosChanged:0.017008314
EnhancedMenuItem:0.012344237
EBComponent:0.0074973437
EditAction:0.001160449
