RE:0.31227726
RETokenRepeated:0.18681283
REFilterReader:0.15011176
REFilterInputStream:0.14484492
REMatchEnumeration:0.14474225
RETokenOneOf:0.13776752
RETokenStart:0.13000122
RETokenBackRef:0.12312486
RETokenEndSub:0.11163433
RETokenEnd:0.11050766
RESearchMatcher:0.10659228
REToken:0.09976564
RETokenWordBoundary:0.09594614
RETokenAny:0.09277005
RETokenChar:0.086811006
RETokenRange:0.076644644
RETokenPOSIX:0.076037966
CharIndexed:0.07307355
RETokenLookAhead:0.068285234
