GrabKeyDialog:0.21952032
OptionsDialog:0.041905433
jEdit:0.04037233
Macros:0.038632743
GUIUtilities:0.033641543
MiscUtilities:0.023666719
EditAction:0.017470542
AbstractOptionPane:0.015209294
