Figure:0.6933333333333334
IterableTree:0.27666666666666667
LayersInspector:0.23
LayerCell:0.15
ObservableListProxy:0.12
ReversedList:0.0761111111111111
SelectionLabelDnDSupport:0.0
