OS:0.5033333333333333
IO:0.36333333333333334
MMultiPanel:0.2866666666666667
IntegerProperty:0.21666666666666667
DoubleProperty:0.21
FloatProperty:0.21
