JFlexParser:0.7516111111111111
MigrationUtil:0.38083333333333336
