Table:0.5366666666666666
Database:0.3606666666666667
DatabaseInformationFull:0.2966666666666667
Expression:0.23
