BrowserView:0.12310804
VFS:0.034146488
jEdit:0.02426817
