VFSBrowser:0.37016475
VFS:0.19361715
BrowserView:0.18447442
FileVFS:0.15600468
GUIUtilities:0.1405532
BrowserListener:0.13508679
jEdit:0.12753901
VFSManager:0.1126858
View:0.06138511
EnhancedDialog:0.053676765
MiscUtilities:0.052627522
