Console:0.3433333333333333
Filters:0.309984126984127
PluginSettings:0.2816666666666667
MMultiPanel:0.2733333333333333
FilterItem:0.26666666666666666
ButtonPanel:0.23
