ColopediaPanel:0.72
DragListener:0.3233333333333333
UnitAction:0.22666666666666666
ClearOrdersAction:0.18666666666666668
ColopediaAction:0.17
