MMessage:0.5905555555555556
MFileChooser:0.5166666666666667
