Environment:0.6133333333333333
JAMWikiParser:0.47333333333333333
