PluginList:0.22748874
HandlerBase:0.04839595
Log:0.013132921
