MMenu:0.12377292
MDialog:0.108158685
MAction:0.10514478
MRating:0.09660941
MToolBar:0.086989805
MURLButton:0.073448405
MNotification:0.07170761
MSmallButton:0.06754988
UI:0.06434666
MButtonBeanInfo:0.064338155
MTabbedPane:0.062027875
MSettingsPage:0.058300123
MCalendarPanel:0.057737894
MIconButton:0.053511944
MMessage:0.04587419
MWizardDialog:0.043214694
MMultiPanel:0.04286848
MIcon:0.041889075
MTextFieldPanel:0.039236464
MSettingsDialog:0.03607598
MSmallColorChooser:0.035699315
MSmallColorButton:0.033617884
MLogger:0.031162193
TK:0.030184802
MMouseAdapter:0.029720893
MAboutDialog:0.029038783
MTimer:0.02894096
MCheckBoxTable:0.028665546
MFontButton:0.02819897
MActionInfo:0.02783293
MPasswordPanel:0.02321399
MFontChooser:0.02301435
MGraphics2D:0.02048939
ColumnManager:0.019771539
HTMLViewFactory:0.016472876
MColorButton:0.012360023
MObject:0.012356262
Property:0.011901398
MColor:0.005975463
