ActionManager:0.21581459
MapboardAction:0.19581723
FreeColAction:0.17918047
