SelectableAction:0.652653
FreeColAction:0.35707423
GotoAction:0.25371757
EuropeAction:0.23903514
AssignTradeRouteAction:0.23373316
TradeRouteAction:0.22522236
ClearOrdersAction:0.2156663
RenameAction:0.21566625
EndTurnAction:0.21474051
DeclareIndependenceAction:0.21217556
ExecuteGotoOrdersAction:0.21152414
LoadAction:0.2091425
FindSettlementAction:0.20705229
UnloadAction:0.20456158
ReportTurnAction:0.20348881
RetireAction:0.20164213
NewAction:0.20096749
ReportNavalAction:0.20072833
ReportIndianAction:0.20072833
ReportRequirementsAction:0.20072831
ReportForeignAction:0.20072831
ReportMilitaryAction:0.20072831
ReportExplorationAction:0.20072831
ReportHistoryAction:0.2007283
ReportTradeAction:0.20072828
ReportColonyAction:0.20072828
ReportReligionAction:0.20072828
ReportCargoAction:0.20072828
ReportContinentalCongressAction:0.20072828
ReportProductionAction:0.20072828
ColopediaResourceAction:0.20034976
ColopediaSkillAction:0.20034973
ColopediaNationTypeAction:0.20034973
ColopediaUnitAction:0.20034973
ColopediaNationAction:0.20034973
ColopediaBuildingAction:0.20034972
ColopediaTerrainAction:0.20034972
ColopediaFatherAction:0.20034972
ColopediaGoodsAction:0.20034972
FortifyAction:0.19980891
SkipUnitAction:0.19748588
ReportHighScoresAction:0.19519344
NewEmptyMapAction:0.19420528
SentryAction:0.19375354
DisbandUnitAction:0.18406904
ChangeAction:0.1808919
GotoTileAction:0.17701271
BuildColonyAction:0.17447609
WaitAction:0.17393571
ToggleViewModeAction:0.17154746
DebugShowCoordinatesAction:0.17126758
DebugCrossBugAction:0.16800103
MiniMapZoomInAction:0.16772833
MiniMapZoomOutAction:0.1677283
ImprovementAction:0.16469184
SaveAction:0.16335621
QuitAction:0.16292481
ReconnectAction:0.16150151
PreferencesAction:0.16135648
OpenAction:0.16118036
ReportLabourAction:0.16070126
MiniMapChangeBackgroundAction:0.15201525
SaveAndQuitAction:0.14923412
