Connection:0.13449135
ReceivingThread:0.08549546
DiplomacyMessage:0.051664285
DebugForeignColonyMessage:0.04891399
SpySettlementMessage:0.045155823
EmigrateUnitMessage:0.04394949
DeliverGiftMessage:0.04364345
StatisticsMessage:0.043426502
UpdateCurrentStopMessage:0.043337334
CashInTreasureTrainMessage:0.043001354
GiveIndependenceMessage:0.0396887
DeclareIndependenceMessage:0.03937606
BuyPropositionMessage:0.039081927
DisembarkMessage:0.03876174
SellPropositionMessage:0.038544245
GoodsForSaleMessage:0.037958518
RenameMessage:0.037480146
JoinColonyMessage:0.037045833
CloseTransactionMessage:0.035787255
SetDestinationMessage:0.035531312
BuildColonyMessage:0.03462811
ChatMessage:0.0331283
BuyMessage:0.032863192
SellMessage:0.032491688
GetTransactionMessage:0.031793933
ClaimLandMessage:0.030119654
