PaletteLookAndFeel:0.3933333333333333
ColorSliderUI:0.32666666666666666
PaletteSliderThumbIcon:0.3
PalettePanelUI:0.2733333333333333
Images:0.20666666666666667
PaletteCMYKChooser:0.17
PaletteRGBChooser:0.17
PaletteHSBChooser:0.17
PaletteColorSliderUI:0.14666666666666667
