ServerAPI:0.11742921
DOMMessage:0.036458973
Connection:0.013269651
