SummaryData:0.5166666666666667
Index:0.44333333333333336
TreeFS:0.41
LazyTreeFSHolder:0.23159523809523813
LazySummaryDataHolder:0.23159523809523813
LazyIndexHolder:0.23159523809523813
