TypeCountMap:0.87
ReportTradePanel:0.3566666666666667
ColonyProductionTest:0.2866666666666667
