EditOpenXMLOptionsDialog:0.29
SegmentationRulesModel:0.27666666666666667
MappingRulesModel:0.27666666666666667
EditOpenDocOptionsDialog:0.24333333333333335
ProjectTMX:0.18416666666666667
