Task:0.605
CategoryList:0.4033333333333333
Sorter:0.21333333333333335
ByCategory:0.16666666666666666
ByComplete:0.13
TaskComparator:0.12333333333333334
