Constraint:0.1862781
TableWorks:0.12537587
DatabaseInformationMain:0.09988702
Table:0.08816692
DatabaseCommandInterpreter:0.078559
DatabaseScript:0.040487412
Index:0.035975877
Expression:0.034240574
DatabaseInformationFull:0.029437346
TableFilter:0.020749887
