MMenu:0.6566666666666666
InternetSearchPlugin:0.4066666666666667
InternetSearchPanel:0.3333333333333333
UninstallOpenSearchPluginAction:0.11333333333333333
