ImageEditorCore:0.42
Help:0.36333333333333334
BackupDialog:0.26666666666666666
AccessMap:0.23666666666666666
Armor:0.22955555555555557
Main:0.22622222222222224
TextEditor:0.21416666666666667
Undo:0.19666666666666668
QueryEditor:0.18
