Session:0.6566666666666666
ParserDDL:0.44333333333333336
StatementSchema:0.3333333333333333
StatementManager:0.2538888888888889
ParserCommand:0.22
ParserRoutine:0.21333333333333335
StatementSchemaDefinition:0.16527777777777777
