JFlexParser:0.43666666666666665
JFlexLexer:0.3233333333333333
JFlexParserUtil:0.26666666666666666
AbstractHeadingTag:0.17666666666666667
AbstractJAMWikiLexer:0.05333333333333334
AbstractJAMWikiCustomTagLexer:0.03333333333333333
AbstractJAMWikiSpliceLexer:0.008333333333333333
AbstractJAMWikiHtmlTagLexer:0.0033333333333333335
AbstractJAMTemplateLexer:0.0
