MApplication:0.12170873
MTabbedPane:0.061725765
MURLButton:0.059683517
MDialog:0.055843484
MPanel:0.04424533
MLabel:0.041767333
MMainWindow:0.037655555
MIcon:0.021375129
TK:0.019183442
OS:0.017828798
MTextLabel:0.017663395
MLayout:0.017322145
MTextArea:0.015135558
MButton:0.0119250845
MScrollPane:0.0054707862
