FeedsFS:0.6933333333333334
FeedsFSPlugin:0.5133333333333333
ToggleSummaryAction:0.23333333333333334
