Utilities:0.38333333333333336
WikiBase:0.3655555555555556
ParserInput:0.28
TemplateHandler:0.05
