AbstractFS:0.6333333333333333
FeedsFS:0.44333333333333336
TreePanel:0.38
