MapEditorTransformPanel:0.09517724
FreeColDialog:0.05416283
FreeColPanel:0.05053262
