Canvas:0.68
InGameController:0.45
GUI:0.4266666666666667
FullScreenFrame:0.3511111111111111
ColonyPanel:0.3
FreeColMenuBar:0.2833333333333333
MapControls:0.2733333333333333
ColopediaPanel:0.25166666666666665
EuropePanel:0.24666666666666667
PreGameController:0.20666666666666667
FreeColClient:0.18
DragListener:0.17777777777777778
MapEditorController:0.17333333333333334
ClientOptionsDialog:0.17333333333333334
UpdateMenuBarSwingTask:0.08333333333333333
