Player:0.5483333333333333
FreeColDialog:0.46
SavegameFilter:0.2966666666666667
FreeColClient:0.29333333333333333
