GUI:0.7933333333333333
ViewMode:0.21666666666666667
TilePanel:0.15444444444444444
TileInfoPanel:0.12
WorkProductionPanel:0.11
