ParserDQL:0.62
RowAction:0.36666666666666664
ParserDML:0.2733333333333333
HashIndex:0.2633333333333333
