Unit:0.28716132
Colony:0.25274518
Tile:0.22132096
IndianSettlement:0.19033384
Europe:0.17947131
ColonyTile:0.16370873
Settlement:0.1558949
Game:0.14678372
Building:0.14053875
Map:0.13652807
SimpleCombatModel:0.13580015
Monarch:0.13071679
ModelMessage:0.12574974
Goods:0.11929071
Market:0.11775089
TradeRoute:0.114691444
ModelController:0.11057343
FoundingFather:0.110525325
FreeColGameObject:0.09458535
PlayerExploredTile:0.094456956
GoodsContainer:0.09102366
Resource:0.09016076
TileItemContainer:0.0868987
TileImprovement:0.086120576
Region:0.07706734
HighScore:0.072357506
DiplomaticTrade:0.07026308
UnitType:0.069903694
IndianNationType:0.06963163
NationOptions:0.062325187
HistoryEvent:0.060080357
TileType:0.059359446
Location:0.057082243
FreeColGameObjectType:0.056857847
FreeColObject:0.052861642
FeatureContainer:0.052788265
ColonyTradeItem:0.051408973
GoodsTradeItem:0.05105123
GoodsType:0.050837472
Nation:0.04967949
UnitTradeItem:0.04962445
LostCityRumour:0.04875914
StanceTradeItem:0.0469594
GoldTradeItem:0.045825448
NationType:0.044180993
PathNode:0.04391428
Modifier:0.03601871
AbstractUnit:0.03598117
Feature:0.035294585
GameOptions:0.035072412
MarketData:0.034817345
TradeItem:0.033597376
UnitTypeChange:0.03297328
Tension:0.032490935
BuildableType:0.03157924
Ownable:0.030106466
Ability:0.028712163
WorkLocation:0.024963835
AbstractGoods:0.024865806
BuildingType:0.020364208
Turn:0.012154163
Nameable:0.011379922
DifficultyLevel:0.010752724
TypeCountMap:0.009863718
FreeColGameObjectListener:0.008930768
