EditorController:0.39666666666666667
Mark:0.3028333333333333
MarkerController:0.3
EditorTextArea3:0.27666666666666667
MarkInfo:0.0575
