MainWindow:0.10463618
ProjectUICommands:0.09886161
MainWindowMenu:0.09307453
MainWindowUI:0.076769724
