VFSBrowser:0.28210992
VFS:0.07878029
BrowserView:0.07089717
jEdit:0.06060317
Buffer:0.055168208
GUIUtilities:0.052631546
View:0.039240323
VFSManager:0.038501114
