TaskTable:0.6566666666666666
ColumnManager:0.5833333333333334
