JEditTextArea:0.5983333333333334
FileRootsVFS:0.38666666666666666
MouseWheelHandler:0.23
