EditPane:0.118619695
EditPaneUpdate:0.09016295
BeanShell:0.08076671
jEdit:0.075235665
EditServer:0.06114628
ToolBarManager:0.059510697
Buffer:0.04627201
JEditTextArea:0.04289929
StatusBar:0.04111987
SearchBar:0.03843977
InputHandler:0.03748077
BufferOptions:0.037281334
GUIUtilities:0.037081707
FoldVisibilityManager:0.03622241
VFSBrowser:0.0362156
Gutter:0.03172731
Macros:0.03167816
BrowserView:0.031493712
DockableWindowManager:0.029988058
SearchAndReplace:0.028452959
VFS:0.02723916
QuickNotepad:0.026419206
GrabKeyDialog:0.02416638
CompleteWord:0.023869608
PanelWindowContainer:0.023382075
HistoryTextField:0.02157473
SearchDialog:0.021516403
DefaultInputHandler:0.021150023
EditAction:0.020337392
HyperSearchResults:0.02005149
Abbrevs:0.019051071
Java14:0.018958207
OptionsDialog:0.016385075
ScrollListener:0.016322212
BufferUpdate:0.01603489
EditBus:0.014318268
CloseDialog:0.014065377
FileVFS:0.0137909865
EditorExitRequested:0.011470039
AboutDialog:0.011245894
PastePrevious:0.010750996
SelectLineRange:0.010371561
KeyEventWorkaround:0.010041571
VFSFileChooserDialog:0.009994605
HistoryModel:0.009337656
BufferIORequest:0.009115175
BeanShellErrorDialog:0.00788356
VariableGridLayout:0.0075747836
EBComponent:0.007242065
EnhancedCheckBoxMenuItem:0.0069446303
EnhancedMenuItem:0.006926589
MacOSPlugin:0.0068302047
MarkersMenu:0.006815952
PropertiesChanged:0.006689266
ViewRegisters:0.0063784802
AddAbbrevDialog:0.0062220683
MultiSelectStatusChanged:0.0058311066
EBMessage:0.005652716
RecentFilesMenu:0.0056046923
SearchSettingsChanged:0.0054954304
ViewUpdate:0.005476037
BufferListSet:0.0052780667
HyperSearchRequest:0.0044064517
TipOfTheDay:0.004307857
CurrentBufferSet:0.004217074
CurrentDirectoryMenu:0.004165261
RecentDirectoriesMenu:0.0039692293
BrowserCommandsMenu:0.0036449856
EnhancedButton:0.0031187807
SearchFileSet:0.0025144694
LatestVersionPlugin:0.00239842
BufferPrinter:9.605792E-4
CreateDockableWindow:8.2199875E-4
BeanShellAction:5.627388E-4
