BuildQueuePanel:0.12327667
TilePanel:0.11859983
FreeColPanel:0.07142828
ColopediaTreeCellRenderer:0.07039411
UnitLabel:0.06849259
ColopediaTreeItem:0.060859706
DragListener:0.03632981
