Expression:0.6066666666666667
Select:0.5266666666666666
Function:0.3433333333333333
Parser:0.21916666666666668
jdbcStatement:0.21416666666666667
DatabaseInformationFull:0.17666666666666667
TableWorks:0.12666666666666668
