jEdit:0.6
GUIUtilities:0.36666666666666664
PluginJAR:0.30666666666666664
PluginCacheEntry:0.23222222222222225
PropertyManager:0.19333333333333333
Clock:0.08333333333333333
RecentHandler:0.07333333333333333
