Grantee:0.63
ParserRoutine:0.2833333333333333
DatabaseInformationFull:0.27666666666666667
