TMXEntry:0.64
IProject:0.55
Main:0.36333333333333334
ExternalTMX:0.2833333333333333
SegmentBuilder:0.2733333333333333
NotLoadedProject:0.27
RealProject:0.26666666666666666
Statistics:0.25
LoadFilesCallback:0.22333333333333333
MatchesTextArea:0.22
EditorController:0.19333333333333333
MainWindowMenuHandler:0.18333333333333332
TMXWriterTest:0.18
TagValidationFrame:0.16
CalcStandardStatistics:0.15333333333333332
NotesTextArea:0.14333333333333334
MultipleTransPane:0.13
Searcher:0.12333333333333334
AlignFilesCallback:0.1075
TagValidationTool:0.10333333333333333
Loader:0.08666666666666667
