ColonyPanel:0.5683333333333334
FreeColDialog:0.5366666666666666
MonarchPanel:0.24666666666666667
QuitDialog:0.19666666666666666
