Tags:0.6266666666666667
TagsUtils:0.3466666666666667
Query:0.33
TagsEditor:0.24333333333333335
TagAction:0.18000000000000002
