MButton:0.41333333333333333
Panel:0.33666666666666667
DateTimeEditor:0.25333333333333335
Item:0.2213888888888889
TaskPanel:0.21833333333333332
