FeedsFS:0.072624475
FeedsFSPlugin:0.022538155
