PropertiesPanel:0.1505184
TreePanel:0.14680845
