Kiosk:0.66
ExtraKiosk:0.48616666666666675
ConfigureAction:0.47
MainWindow:0.37666666666666665
PluginSettings:0.21666666666666667
Desktop:0.20666666666666667
Console:0.19333333333333333
PluginDownloader:0.18666666666666668
NoteWidget:0.18
TreePanel:0.16666666666666666
Summary:0.16
PluginSettingsPage:0.14666666666666667
CalendarComponent:0.12
