ZoomOutAction:0.81460327
ActionManager:0.11659969
FreeColAction:0.08304308
