ZoomInAction:0.79696995
ActionManager:0.14606868
FreeColAction:0.09524324
