ButtonFactory:0.59
DefaultDrawingViewTransferHandler:0.4666666666666667
DragTracker:0.19611111111111112
DragHandler:0.14333333333333334
DnDTracker:0.05
SwingDragGestureRecognizer:0.02666666666666667
DnDMultiEditorSample:0.025555555555555554
