Unit:0.49
Tile:0.4066666666666667
FreeColGameObject:0.35
TileItemContainer:0.32
Map:0.31805555555555554
Colony:0.29833333333333334
CargoPanel:0.24333333333333335
IndianSettlement:0.2377777777777778
ColonyPanel:0.22333333333333333
BuildQueuePanel:0.18
BuildingsPanel:0.14777777777777776
TilePanel:0.08333333333333333
