Goods:0.3985968
Market:0.3411004
Tile:0.2989446
GoodsContainer:0.29519147
Europe:0.25819537
Colony:0.25319803
TileType:0.23918502
FreeColObject:0.22629932
IndianSettlement:0.21981846
BuildableType:0.21843955
TradeRouteStop:0.21732141
Settlement:0.20856053
BuildingType:0.18840219
GoodsType:0.18378806
EquipmentType:0.16029052
Player:0.15657125
Unit:0.15045594
UnitType:0.15014762
Monarch:0.14014716
SimpleCombatModel:0.06804564
