MFontChooser:0.6366666666666667
TextEditor:0.55
MFontButton:0.3566666666666667
