Select:0.15905681
Parser:0.117269605
Expression:0.11526148
TableFilter:0.095803685
CompiledStatementExecutor:0.088792205
Result:0.08381603
Table:0.07675511
Trace:0.0681931
DIProcedureInfo:0.06341106
Session:0.05939529
DatabaseCommandInterpreter:0.04527172
Column:0.032985054
CompiledStatementManager:0.031008603
SubQuery:0.024062356
ResultConstants:0.019714847
Types:0.019503472
HsqlException:0.0049887463
