Result:0.02184954
HsqlDatabaseProperties:0.019079769
Row:0.01637053
CachedRow:0.0148931835
Table:0.014370398
Session:0.0141481515
DatabaseManager:0.011910879
CompiledStatementExecutor:0.008945765
Select:0.008657258
Expression:0.004632302
HSQLClientConnection:0.004283346
Server:0.002729996
