Tile:0.72
ColonyPlan:0.3466666666666667
AIColony:0.24
ExportData:0.23
AIPlayer:0.21333333333333335
