MColorPicker:0.5433333333333333
MSmallColorChooser:0.48
MSmallColorButton:0.29
ColorComponent:0.25333333333333335
