LookAndFeelSettings:0.45666666666666667
DeletePrivateDataPlugin:0.405
TreeSettings:0.3233333333333333
Advanced:0.18544444444444447
GeneralSettings:0.11333333333333333
