HTMLBuilder:0.1738011
XMLBuilder:0.11025479
TK:0.065872744
FS:0.057764225
Important:0.00835267
MWebBrowser:0.0022243946
MHTMLViewer:0.0012201088
