FSHelper:0.5366666666666666
FeedViewer:0.37666666666666665
MainPanel:0.34
AddFeedDialog:0.32
