KnownException:0.67
MainWindowMenuHandler:0.38333333333333336
ProjectUICommands:0.25
ProjectTeamTMX:0.21666666666666667
SaveThread:0.21666666666666667
RealProject:0.20333333333333334
AskCredentials:0.19444444444444445
