AbstractPlugin:0.24365777
PluginInfo:0.19084312
