Editor:0.5733333333333334
MText:0.3333333333333333
Modifiable:0.31422222222222224
FeedsFS:0.25666666666666665
Tabs:0.25
TodoEditorCore:0.21
ImageEditor:0.20666666666666667
Preview:0.20222222222222225
NoteWidget:0.13666666666666666
MTextArea:0.12
