WikiFile:0.48438888888888887
WikiMessage:0.45777777777777773
WikiLink:0.45777777777777773
TableOfContents:0.4142063492063492
WikiDiff:0.24666666666666667
WikiImage:0.22166666666666668
WikiReference:0.22166666666666668
WikiGroup:0.22166666666666668
ImageMetadata:0.20083333333333334
WikiFileVersion:0.1475
WikiVersion:0.04
