HTMLBuilder:0.5333333333333333
MetaInfo:0.42333333333333334
Tester:0.36
Flags:0.28
DT:0.195
Renderer:0.19
MouseGestures:0.19
TodoEditorDesigner:0.12333333333333334
InsertImageAction:0.07666666666666666
DurationFormatterBuilder:0.04
TestFlags:0.013333333333333334
