Building:0.18284863
Colony:0.11787814
