ReportPanel:0.0876122
ReportNavalPanel:0.04796247
ReportMilitaryPanel:0.04683682
UnitLabel:0.04347037
