MMessage:0.5266666666666666
TextEditor:0.33
InsertLinkAction:0.31333333333333335
MWhatsThis:0.2277777777777778
PickerColorChooserPanel:0.2277777777777778
Main:0.22111111111111115
Desktop:0.20744444444444443
MAboutDialog:0.20744444444444443
ScriptYourself:0.20077777777777775
