RecentChange:0.2667446
TopicVersion:0.04870637
UserBlock:0.02181926
Topic:0.014042198
WikiUser:0.01218445
Namespace:0.008107359
