ImageEditor:0.5566666666666666
ImageEditorCore:0.5155555555555555
ImagePrintInfo:0.34
