PlayersTable:0.08410428
FreeColPanel:0.0530952
