ErrorCode:0.4494444444444445
Logger:0.3333333333333333
RAFileNIO:0.25333333333333335
ParserDDL:0.23333333333333334
TransactionManagerMVCC:0.20583333333333337
StatementCommand:0.16444444444444445
StatementTypes:0.016666666666666666
