UI:0.7033333333333334
MLinkAction:0.38333333333333336
MAboutDialog:0.285
MLinkButton:0.2733333333333333
