SessionManager:0.5133333333333333
Tabs:0.4
MainWindow:0.33666666666666667
GetTextBuilder:0.32
Validator:0.1991666666666667
TreeSettingsButton:0.15666666666666668
AdvancedSettingsPage:0.1
RestoreSessionMenu:0.0475
EditSessionsMenu:0.0475
