UnitType:0.43333333333333335
Game:0.37916666666666665
Market:0.35333333333333333
Goods:0.3506666666666667
Europe:0.35
Colony:0.33666666666666667
TileItemContainer:0.30666666666666664
Resource:0.3016666666666667
Unit:0.3
IndianSettlement:0.26666666666666666
Building:0.25777777777777783
PlayerExploredTile:0.24333333333333335
Player:0.23666666666666666
ColonyTile:0.23444444444444448
Monarch:0.23333333333333334
Settlement:0.23333333333333334
Tile:0.22333333333333333
