jEdit:0.68
InputHandler:0.36666666666666664
BeanShellErrorDialog:0.27
UndoManager:0.23666666666666666
MemoryStatus:0.21
DockableWindowManager:0.20666666666666667
PanelWindowContainer:0.20333333333333334
SearchDialog:0.2
StatusBar:0.19666666666666666
MouseHandler:0.185
SearchBar:0.12333333333333334
AboutPanel:0.12333333333333334
