Tag:0.12697852
OutOfTurnTag:0.10914215
Text:0.06947299
Element:0.06567316
AggregatedTag:0.04457197
Attributes:0.03648519
