Query:0.51
Tree:0.49666666666666665
Tags:0.21333333333333335
Links:0.20666666666666667
TodoCommand:0.19333333333333333
Bookmarks:0.18333333333333332
ImportExport:0.16
MetaInfoList:0.13666666666666666
StatsPanel:0.12
CalendarWidgetPlugin:0.12
Submenu:0.11
