AbstractRequestManager:0.3566666666666667
MFontChooser:0.34
FontRenderer:0.26666666666666666
FontRequestManager:0.2511111111111111
ItemRenderer:0.205
ImageDownloader:0.14
FaviconRequestManager:0.14
PreviewReader:0.13666666666666666
