Specification:0.5133333333333333
OptionMapUI:0.36666666666666664
StringOptionUI:0.31333333333333335
StringOption:0.23
DifficultyDialog:0.2
OptionGroupUI:0.18333333333333332
ClientOptionsDialog:0.13
MapGeneratorOptionsDialog:0.13
GameOptionsDialog:0.13
