Buffer:0.29843712
StatusBar:0.13969372
jEdit:0.13799916
AbstractOptionPane:0.08922921
Mode:0.08509164
MiscUtilities:0.066074304
FoldHandler:0.039730225
GUIUtilities:0.03659036
EnhancedDialog:0.032911222
View:0.030880699
