Unit:0.55
Tile:0.44333333333333336
ColonyPanel:0.44
WarehousePanel:0.2816666666666667
UnitLabel:0.22666666666666666
CargoPanel:0.19666666666666666
OutsideColonyPanel:0.18333333333333332
ColonyCargoPanel:0.1525
InPortPanel:0.15
