jEdit:0.58
JEditTextArea:0.37666666666666665
GUIUtilities:0.364
GenerateTocXML:0.24666666666666667
HelpTOCPanel:0.16666666666666666
