PluginList:0.065174475
PluginInfo:0.0648466
PluginComboBox:0.051826015
