PluginType:0.078522086
PluginInfo:0.036212474
PluginRenderer:0.03262683
