MActionInfo:0.49416666666666664
Enclosure:0.49333333333333335
FeedViewer:0.38
EnclosureAction:0.22666666666666666
