ISpellChecker:0.14281425
SpellCheckerJMySpell:0.13714
SpellCheckerHunspell:0.12919365
ISpellCheckerProvider:0.1108797
SpellCheckerDummy:0.10864259
