ColopediaGameObjectTypePanel:0.31356326
ColopediaPanel:0.14355962
FreeColPanel:0.09856728
