ReportPanel:0.21142928
BuildingPanel:0.0970554
UnitLabel:0.07534123
