UnitLabel:0.13650613
ReportPanel:0.13513276
ProductionLabel:0.083875656
FreeColPanel:0.046311006
