Result:0.42
RowSetNavigatorClient:0.35333333333333333
LongKeyHashMap:0.3466666666666667
SessionContext:0.29333333333333333
JDBCResultSet:0.2833333333333333
RowAVLDisk:0.25666666666666665
ResultProperties:0.23
StatementDMQL:0.2188888888888889
RowStoreAVLDisk:0.21333333333333335
SessionData:0.21
QuerySpecification:0.20666666666666667
DataFileCacheSession:0.05333333333333334
