Player:0.5866666666666667
Tile:0.49333333333333335
IndianSettlement:0.475
InGameController:0.29333333333333333
InGameInputHandler:0.24
Utils:0.12333333333333334
