Player:0.59
Unit:0.56
Game:0.37333333333333335
AIMain:0.24444444444444446
ServerPlayer:0.23666666666666666
