FileCache:0.4033333333333333
DeskletInfo:0.33
Dependency:0.31
Net:0.24
Feed:0.22916666666666666
DownloadInfo:0.18
DeskletLoader:0.12333333333333334
Repository:0.10333333333333333
