RecentChange:0.5133333333333333
WikiBase:0.42333333333333334
FileHandler:0.3933333333333333
DatabaseHandler:0.31
AbstractSearchEngine:0.22333333333333333
RecentChangesServlet:0.21
DatabaseInit:0.20333333333333334
PersistencyHandler:0.20083333333333334
AdminController:0.15166666666666667
ConvertVQWiki:0.12
DiffServlet:0.08333333333333333
WikiFileComparator:0.006666666666666667
