Tokens:0.5433333333333333
HsqlDatabaseProperties:0.4633333333333333
SortAndSlice:0.42333333333333334
RangeVariableResolver:0.42
Database:0.3333333333333333
Logger:0.31
ParserDQL:0.3
QuerySpecification:0.20666666666666667
ParserCommand:0.19333333333333333
StatementCommand:0.18111111111111108
ExpressionOrderBy:0.14333333333333334
RangeVariableConditions:0.10166666666666667
