InternetSearchPlugin:0.16721073
OpenSearchDescription:0.024541734
InternetSearchPanelBeanInfo:0.0017600667
