MDialog:0.18289478
MPasswordPanel:0.08365054
MAboutDialog:0.07874329
MSettingsDialog:0.076913424
MMenu:0.066041395
MPanel:0.06550016
MDownloadDialog:0.061108198
MActionInfo:0.05941132
MSettingsPage:0.049328927
UI:0.045469873
MFileChooser:0.044529606
MLabel:0.043911107
MText:0.04382316
MTextFieldPanel:0.043170877
MStatusBar:0.04312828
MApplication:0.040312514
MAction:0.03683034
MMultiPanel:0.036282353
MRenderer:0.032767247
MURLButton:0.029811684
MToolBar:0.029157026
MButton:0.028711542
FS:0.028289037
MTip:0.02826827
MLogger:0.027523417
MTable:0.027421167
MComponent:0.024796395
TK:0.024540821
MList:0.018163022
MMainWindow:0.017728146
MIcon:0.017669253
OS:0.015723292
LogFile:0.0155999
MEditorPane:0.014806965
MSwingWorker:0.014008526
MTaskPanel:0.0128971925
MTextLabel:0.010616441
ContainerIterator:0.008085435
PassiveException:0.0063735642
MDate:0.0048511415
MClipboard:0.0044430215
Watermark:0.004147323
MMouseAdapter:0.0039040735
Property:0.003903579
ClipboardException:0.0018834337
MFormat:0.0017095323
