ScriptIDE:0.07253815
ScriptExecutor:0.019126417
ScriptError:0.01489698
ScriptComboBox:0.0066798194
