Interpreter:0.16528913
EditServer:0.133228
View:0.12594998
jEdit:0.12224986
SearchAndReplace:0.11063181
BshClassManager:0.099091545
NameSpace:0.080995865
Buffer:0.06320001
TargetError:0.059214495
VFS:0.055119094
EditPane:0.048820205
InputHandler:0.048501372
Macros:0.048491534
GUIUtilities:0.04561535
Log:0.03833323
JARClassLoader:0.03693973
JEditTextArea:0.035855126
BeanShellAction:0.030772842
VFSManager:0.026616018
RESearchMatcher:0.023568818
EvalError:0.015195222
Primitive:0.01401441
BoyerMooreSearchMatcher:0.013627887
BeanShellErrorDialog:0.013091456
