AbbrevsOptionPane:0.1733354
AbbrevEditor:0.104768135
GUIUtilities:0.04930882
jEdit:0.048704408
