StyleTableModel:0.04286921
OptionsDialog:0.032932986
StyleEditor:0.013088861
SyntaxStyle:0.012991641
AbstractOptionPane:0.008726641
ColorTableModel:0.0070689046
