Task:0.83
TaskModel:0.38
TaskTable:0.3233333333333333
TaskSelection:0.1577777777777778
