ServerPlayer:0.027455475
ServerGame:0.02130759
