ScriptsMonitor:0.04691421
ScriptItem:0.040353924
ScriptLogger:0.006093364
