SegmentBuilder:0.5466666666666666
Preferences:0.4033333333333333
EditorController:0.3466666666666667
LastSegmentManager:0.28
CalcMarkersThread:0.22111111111111115
MarkerController:0.1811111111111111
WorkflowOptionsDialog:0.13
