MapGenerator:0.6533333333333333
FreeColServer:0.58
SimpleMapGenerator:0.31333333333333335
PreGameController:0.2867222222222222
MapGeneratorTest:0.25666666666666665
SaveLoadTest:0.14333333333333334
NewEmptyMapAction:0.14333333333333334
MapEditorController:0.12666666666666668
