AttributeKeys:0.4666666666666667
ButtonFactory:0.4533333333333333
AbstractAttributedFigure:0.2733333333333333
AbstractAttributedCompositeFigure:0.25
