Colony:0.6933333333333334
MapViewer:0.36666666666666664
AIColony:0.29333333333333333
