DataFileCache:0.5666666666666667
DatabaseInformationFull:0.4066666666666667
ScaledRAFileNIO:0.33666666666666667
DataFileDefrag:0.32666666666666666
RangeVariable:0.28472222222222227
TableSpaceManagerBlocks:0.27666666666666667
DatabaseInformation:0.16361111111111112
