Unit:0.6966666666666667
Tile:0.58
PioneeringMission:0.33
TileImprovement:0.30666666666666664
AIUnit:0.2966666666666667
AIMain:0.26666666666666666
ColonyPlan:0.19
AIColony:0.16
AIPlayer:0.16
WorkLocationPlan:0.15666666666666668
BuildRoadAction:0.11
