Buffer:0.53
JEditTextArea:0.3433333333333333
MarkersMenuItem:0.26
MarkersMenu:0.24666666666666667
PluginResURLConnection:0.16333333333333333
