ProtectedPart:0.6166666666666667
ParseEntry:0.32
DocumentFilter3:0.23666666666666666
ParseEntryQueueItem:0.023333333333333334
