Unit:0.7366666666666667
IndianSettlement:0.4166666666666667
InGameInputHandler:0.29
InGameController:0.23333333333333334
