TK:0.6033333333333334
Item:0.43333333333333335
MMessage:0.30666666666666664
MDesktopManager:0.25333333333333335
Preloader:0.23
MMultiPanel:0.17666666666666667
