Utilities:0.5766666666666667
EditServlet:0.45666666666666667
ParserInfo:0.42
VQWikiParser:0.34
JAMWikiServlet:0.3
WikiBase:0.26666666666666666
AbstractParser:0.2105952380952381
PrintableServlet:0.15
HistoryServlet:0.11666666666666667
ParserUtil:0.07833333333333334
JAMWikiParser:0.06333333333333334
