VFSDirectoryEntryTableModel:0.6033333333333334
VFSDirectoryEntryTable:0.52
ColumnHandler:0.21611111111111114
FileCellRenderer:0.16666666666666666
