Colony:0.6333333333333333
InGameController:0.5166666666666667
PayForBuildingMessage:0.31
InGameInputHandler:0.27666666666666667
