SVGApplet:0.38
DrawApplet:0.3433333333333333
PertApplet:0.3433333333333333
NetApplet:0.3433333333333333
