MainView:0.46
MApplication:0.45888888888888885
MStatusBar:0.44666666666666666
MMainWindow:0.2966666666666667
