MTreeItem:0.9533333333333334
SummaryData:0.2866666666666667
