OpenXMLOptions:0.6322222222222222
EditOpenXMLOptionsDialog:0.4266666666666667
OpenXMLDialect:0.22333333333333333
