JEditTextArea:0.3933333333333333
Word:0.36
Result:0.3466666666666667
ModeOptionPane:0.24333333333333335
HelpIndex:0.2277777777777778
ModeProperties:0.20777777777777778
ActionHandler:0.1211111111111111
MouseHandler:0.07666666666666666
HelpSearchPanel:0.07333333333333333
ResultRenderer:0.07333333333333333
