RealProject:0.65
SegmentBuilder:0.4766666666666667
SourceTextEntry:0.39722222222222225
