BuildQueue:0.8666666666666667
ServerColony:0.36333333333333334
ProductionCache:0.26
