ImageLibrary:0.81
MonarchPanel:0.2866666666666667
FreeColLookAndFeel:0.22666666666666666
