MMenu:0.5966666666666667
Desktop:0.2733333333333333
MainWindow:0.24333333333333335
MSmallColorChooser:0.24333333333333335
Bookmarks:0.22333333333333333
ColumnManager:0.21333333333333335
Links:0.21
TaskTable:0.21
TagsEditor:0.2
FeedViewer:0.19666666666666666
InternetSearchPanel:0.19333333333333333
InternetSearchPlugin:0.19
MetaInfoMenu:0.18666666666666668
ImportMenu:0.17
CalendarWidgetPlugin:0.16333333333333333
Submenu:0.16
TaskPanel:0.15666666666666668
DocumentList:0.14444444444444446
TreePanel:0.14333333333333334
CalendarComponent:0.12333333333333334
TagsMenu:0.11666666666666667
