CalendarComponent:0.16166215
CalendarWidgetPlugin:0.09433793
