Stuff:0.05669469
StuffRenderer:0.040672593
GHNSDownload:0.037895396
