NotepadEditorCore:0.14316352
NotepadEditorPlugin:0.07605509
NotepadEditorDesigner:0.072898425
