OS:0.0720887
MSystemTray:0.056568366
MFrame:0.056527164
MURLButton:0.055973157
MStatusBar:0.043890875
MouseGestures:0.029241474
MAbout:0.021974655
AppInfo:0.02007243
TK:0.01598959
MTextPane:0.010478646
MAction:0.007176371
MTip:0.0068358113
Application:0.0066015935
Property:0.0053229965
