HistoryModel:0.14871015
VFSBrowser:0.120981604
SearchBar:0.059382554
SearchDialog:0.05925772
View:0.054982018
GUIUtilities:0.05325129
jEdit:0.023300664
