ImageLibrary:0.5633333333333334
GUI:0.48
ImageProvider:0.32005555555555554
