MTreeItem:0.52129287
MTreeScanner:0.27209732
MTree:0.11412753
TK:0.022948934
MArrayList:0.0066270838
MV:0.0031633547
