Column:0.06248728
TaskTable:0.039205372
Priority:0.027351346
