Widget:0.7133333333333334
Console:0.3
NoteWidget:0.2733333333333333
DeskletWidget:0.22333333333333333
