FreeColDialog:0.16703114
FreeColPanel:0.10439142
DefaultTransferHandler:0.028925987
