Editor:0.56
EditorCrypto:0.31333333333333335
TestPBEInfo:0.2
Output:0.11333333333333333
