FreeColDialog:0.17934677
FreeColPanel:0.11384977
ChoiceItem:0.045981046
