HTMLFilter2:0.075652435
FilterVisitor:0.037813973
EditOptionsDialog:0.025608903
HTMLWriter:0.024734901
