ServerPlayer:0.3933333333333333
MonarchActionMessage:0.3433333333333333
InGameController:0.2966666666666667
InGameInputHandler:0.2966666666666667
FutureQuery:0.2783333333333333
EuropeanAIPlayer:0.27
AIPlayer:0.26666666666666666
AIInGameInputHandler:0.22444444444444447
