SearchEngine:0.64
FileHandler:0.56
WikiBase:0.47
DatabaseSearchEngine:0.3233333333333333
FileSearchEngine:0.27666666666666667
AbstractSearchEngine:0.19666666666666666
TopicServlet:0.14333333333333334
