Index:0.66
ArrayUtil:0.35333333333333333
RowAVLDiskData:0.27
RangeVariable:0.2522222222222222
RangeIteratorMain:0.24666666666666667
RowInputText:0.23333333333333334
TextCache:0.21166666666666667
StatementDML:0.19333333333333333
RowSetNavigatorDataTable:0.18
RangeIteratorRight:0.17833333333333334
IndexAVL:0.17666666666666667
RowStoreAVLDiskData:0.17666666666666667
ClientThread:0.14333333333333334
