Colony:0.9433333333333334
ScoutingMission:0.26
EuropeanAIPlayer:0.22055555555555556
StandardAIPlayerTest:0.17666666666666667
UnitWas:0.14333333333333334
