TextEditor:0.09816914
TextEditorCore:0.041544776
