Document3:0.12761009
EditorController:0.10843159
EditorTextArea3:0.06945107
EditorUtils:0.067105025
MarkerController:0.05568467
EditorPopups:0.055540625
EditorSettings:0.048219338
IPopupMenuConstructor:0.007749995
