MetaInfo:0.5533333333333333
Property:0.3333333333333333
MAction:0.28
ArchiveChannel:0.25666666666666665
FileSelection:0.18
TaskTable:0.17666666666666667
ItemRenderer:0.17111111111111113
BrushTypeAction:0.17
StatsDialog:0.11333333333333333
