ColorPalette:0.6133333333333333
MColorPicker:0.3
MSmallColorChooser:0.27
ColorPaletteMenu:0.2633333333333333
ColorComponent:0.23
DesktopSettings:0.18444444444444444
ColorPaletteMenuAdapter:0.14444444444444446
