DataSpaceManager:0.1481164
TableSpaceManagerBlocks:0.113266945
DirectoryBlockCachedObject:0.05370951
DataFileCache:0.042772308
BlockObjectStore:0.029243136
TableSpaceManager:0.025279963
BitMapCachedObject:0.023361096
IntArrayCachedObject:0.017001685
CachedObjectBase:0.012270654
