HsqlProperties:0.5494063
Logger:0.12536608
TextFileSettings:0.08896144
DataFileCache:0.041760996
RAFile:0.030209897
Log:0.025900403
ScriptRunner:0.024266332
LockFile:0.02216651
