JDBCStatement:0.44276568
JDBCResultSet:0.43978164
JDBCPreparedStatement:0.42650387
JDBCDatabaseMetaData:0.42315134
JDBCCallableStatement:0.40707535
JDBCClob:0.30725443
JDBCDriver:0.29534206
JDBCResultSetMetaData:0.29245546
JDBCArray:0.29182586
JDBCBlob:0.2624604
JDBCSQLXML:0.23864676
JDBCStatementBase:0.19584697
JDBCSavepoint:0.19170083
JDBCUtil:0.18661991
JDBCParameterMetaData:0.16435985
JDBCNClob:0.12366165
JDBCConnectionEventListener:0.01959326
