JDBCResultSet:0.5457511
JDBCDatabaseMetaData:0.4614596
JDBCPreparedStatement:0.4035923
JDBCStatement:0.34767747
JDBCConnection:0.32000574
JDBCColumnMetaData:0.19575593
JDBCUtil:0.12732844
