JDBCPreparedStatement:0.3470193
JDBCConnection:0.2471751
JDBCDatabaseMetaData:0.23256995
JDBCUtil:0.15410504
