ScriptWriterBase:0.24121754
ScriptWriterEncode:0.08837553
ScriptReaderText:0.037545525
ScriptReaderBase:0.024840344
ScriptReaderDecode:0.015084968
