ScriptWriterText:0.23777509
ScriptWriterBase:0.22138928
