ColopediaPanel:0.4866666666666667
InGameMenuBar:0.3
ColopediaAction:0.2633333333333333
MapEditorMenuBar:0.255
ActionManager:0.2227777777777778
ColopediaTreeItem:0.17777777777777776
FreeColMenuBar:0.15333333333333332
MoveAction:0.14
