jEdit:0.2188009
Log:0.10027548
MiscUtilities:0.078798495
XmlParser:0.053159676
Delegate:0.050847687
HandlerBase:0.046101563
ShowRecentMenu:0.03298568
RecentFilesProvider:0.030588258
Selection:0.030065078
EditBus:0.021744933
OperatingSystem:0.020758633
XmlException:0.017211342
DynamicMenuChanged:0.01034207
