Unit:0.6733333333333333
StandardAIPlayer:0.37333333333333335
AIColony:0.33
StandardAIPlayerTest:0.15333333333333332
AllTests:0.13333333333333333
UnitTest:0.12666666666666668
