LinkUtil:0.27750447
WikiUtil:0.15473185
ImageUtil:0.057496544
WikiLogger:0.017112698
