MNotification:0.10595499
MAboutDialog:0.09652594
MTabbedPane:0.09254435
MMenu:0.09208833
MPanel:0.087208495
MDialog:0.0786025
MSeparator:0.07805959
MSlider:0.07486254
UI:0.07398045
MCalendarPanel:0.07063113
MRenderer:0.06915375
MColorChooser:0.06797238
MSmallColorChooser:0.06078833
MMessage:0.05999236
MSettingsDialog:0.0590891
MTableHeader:0.057499666
MIcon:0.057016615
CoolHeader:0.0568131
MSplashScreen:0.056575045
TK:0.056444798
MPasswordField:0.05428752
MTip:0.05261943
MTextFieldPanel:0.04898961
MLabelBeanInfo:0.048531126
MWizardDialog:0.04724758
HTMLBuilder:0.04663235
MThrobber:0.04591654
BackgroundTaskManager:0.04300559
MStatusBar:0.038901877
MDownloadDialog:0.03626463
AbstractMarkupBuilder:0.034401998
MTogglePanel:0.034365676
Mnemonic:0.03345736
HTMLViewFactory:0.033245493
MLayout:0.03274359
MPasswordPanel:0.024225289
Preloader:0.023702968
MCheckBoxTable:0.015517734
MMouseAdapter:0.015129417
MTaskPanel:0.014325186
MColor:0.005146499
