MDialog:0.8166666666666667
MSettingsDialog:0.3233333333333333
FormPanel:0.28
MFontChooser:0.1877777777777778
