Settlement:0.57
Colony:0.45
IndianSettlement:0.38666666666666666
SimpleCombatModel:0.22666666666666666
