GHNSDialog:0.37
Dialog:0.36
PluginManager:0.31666666666666665
ImageTransferHandler:0.21
APIInfo:0.21
Tester:0.19916666666666666
ColorPalette:0.19916666666666666
ScriptError:0.18916666666666668
DeletePrivateDataPlugin:0.16
ImportExport:0.13666666666666666
BackupPlugin:0.06825396825396825
