DatabaseInformationMain:0.28787282
DITypeInfo:0.2763224
Table:0.23627792
Column:0.15133347
Types:0.12103161
Index:0.11379177
Cache:0.06549735
DataFileCache:0.06190292
NumberSequence:0.012493488
