Types:0.35058308
DITableInfo:0.27537552
DatabaseInformationFull:0.19422434
DatabaseInformationMain:0.16899765
Expression:0.11143246
