jdbcStatement:0.50719297
jdbcDatabaseMetaData:0.45255297
jdbcResultSet:0.44020313
jdbcCallableStatement:0.4386495
jdbcPreparedStatement:0.41060317
jdbcSavepoint:0.16400118
jdbcUtil:0.10830217
