Parser:0.23330103
Table:0.16072197
DatabaseCommandInterpreter:0.16005147
Select:0.15449509
Database:0.13250674
Expression:0.11530345
DatabaseInformationFull:0.09341644
Result:0.09167589
Tokenizer:0.087914914
DatabaseScript:0.085750364
Trace:0.07259461
SubQuery:0.061879765
TableFilter:0.052534673
Token:0.038920324
SessionManager:0.020420883
NumberSequence:0.01578891
HsqlException:0.011836994
