Utilities:0.77
WikiServlet:0.29333333333333333
JMController:0.28
FileChangeLog:0.17333333333333334
DatabaseChangeLog:0.16
SaveAttachmentServlet:0.14333333333333334
EditServlet:0.14333333333333334
DecodeTag:0.13666666666666666
EncodeTag:0.13666666666666666
ParserUtil:0.13666666666666666
AbstractNotify:0.13333333333333333
AbstractWikiMembers:0.11333333333333333
SearchServlet:0.11
RSSServlet:0.11
PrintableServlet:0.11
NotifyServlet:0.10666666666666667
