InGameInputHandler:0.17351548
Controller:0.014412392
