ParserDQL:0.47333333333333333
StatementCompound:0.3
RangeIteratorBase:0.29
ParserRoutine:0.29
RangeIteratorMain:0.29
ParserCommand:0.28
ParserDML:0.25
JDBCXAResource:0.23
TransactionManagerCommon:0.22744444444444445
