jEdit:0.08414915
AbstractOptionPane:0.06952504
GUIUtilities:0.031575926
GlobalOptions:0.02977069
FontSelector:0.028834756
OperatingSystem:0.011798854
