jEdit:0.1442574
AbstractOptionPane:0.06980631
GlobalOptions:0.057087485
FontSelector:0.018869584
