Utilities:0.5833333333333334
UtilitiesTest:0.35
WikiMessage:0.24
XMLUtil:0.19333333333333333
HtmlTag:0.1715
LinkUtil:0.16333333333333333
TableOfContents:0.15666666666666668
LuceneSearchEngine:0.13666666666666666
CharacterTag:0.11333333333333333
HtmlLinkTag:0.10666666666666667
WikiNowikiTag:0.09333333333333334
HtmlPreTag:0.07666666666666666
ContributionsServlet:0.07666666666666666
