TestException:0.04299703
AbstractEnumTest:0.015518625
