Tokens:0.6833333333333333
Expression:0.53
ExpressionColumn:0.42333333333333334
Logger:0.28
QuerySpecification:0.2633333333333333
TableBase:0.25333333333333335
ExpressionColumnAccessor:0.22666666666666666
FunctionCustom:0.22
StatementCursor:0.01
