MainWindow:0.46
CommandThread:0.36
ProjectProperties:0.31666666666666665
ProjectPropertiesDialog:0.22333333333333333
