AbstractChannel:0.07295457
Enclosure:0.024842795
Feed:0.020592635
