InGameController:0.7066666666666667
UnloadCargoMessage:0.30333333333333334
UnloadAction:0.2633333333333333
