MLabel:0.07369301
MIconChooser:0.0678363
UI:0.06714247
MApplication:0.056683477
MButton:0.0540291
MRating:0.05326503
MSystemTray:0.051836234
MColorIcon:0.051042028
HTMLViewFactory:0.046757214
ImageBorder:0.04650973
MDialog:0.044091158
MAboutDialog:0.04356159
MAction:0.04349804
Ico:0.04200718
MStatusBar:0.040012702
TK:0.03774282
MMessage:0.034481604
MGraphics:0.03185858
MSettingsPage:0.027005693
MTabbedPane:0.026421906
MMenu:0.025410539
MLogger:0.0253304
MToolBar:0.024601987
Item:0.024497094
MNotification:0.023109866
MTip:0.022174275
MSettingsDialog:0.021323938
Base64:0.020200543
MFileChooser:0.01922762
MInternalFrame:0.018229123
MCalendarPanel:0.016810067
MColorChooser:0.016120225
MActionInfo:0.015613833
MRenderer:0.014985016
MArrayList:0.014468861
MColorPicker:0.014229089
MTable:0.01382187
MWizardDialog:0.012010493
MToggleButton:0.010835586
MTextFieldPanel:0.01018901
Property:0.009812445
CoolHeader:0.00924451
MMultiPanel:0.00894313
MThrobber:0.008752407
MMenuItem:0.006607996
MFontButton:0.0049224067
BackgroundTaskManager:0.0043665357
