ColonyPanel:0.4666666666666667
BuildingBox:0.38333333333333336
EuropePanel:0.37333333333333335
ReportForeignAffairPanel:0.17666666666666667
