About:0.46
Plugin:0.4555555555555556
PluginManager:0.36333333333333334
PluginInfo:0.3566666666666667
MetaInfo:0.29
InternetSearchPlugin:0.2633333333333333
MAboutDialog:0.23
PluginClassLoader:0.20777777777777778
InternetSearchPanel:0.19333333333333333
PluginSettings:0.16
WikipediaInternetSearchPlugin:0.15333333333333332
PluginAction:0.10666666666666667
