Preferences:0.5366666666666666
StaticUtils:0.5355555555555556
TagValidationOptionsDialog:0.31333333333333335
TagValidationTool:0.27
TagInfo:0.12333333333333334
