MDialog:0.67
WindowDragAdapter:0.4766666666666667
MNotification:0.29333333333333333
