jEdit:0.62
EditPlugin:0.34655555555555556
PluginJAR:0.24666666666666667
Registers:0.24
Deferred:0.15
Broken:0.05
MarkerViewer:0.04666666666666667
RegisterChanged:0.04666666666666667
RegisterViewer:0.013333333333333334
