ImageEditor:0.097738095
ImageEditorDesigner:0.0175433
