FileCellRenderer:0.09199365
VFSBrowser:0.07851093
FavoritesVFS:0.055325318
FileRootsVFS:0.049892083
VFSFileChooserDialog:0.04660939
VFS:0.043081347
BrowserPopupMenu:0.031724565
jEdit:0.02681474
GUIUtilities:0.023156524
VFSManager:0.019245805
MiscUtilities:0.015224053
