TextEditor:0.43
LinkEditor:0.43
TodoEditor:0.42
Factory:0.2683333333333333
Slideshow:0.18333333333333332
MLoginPanel:0.16466666666666666
