MColorPicker:0.27122292
MSmallColorChooser:0.27118254
MColorChooser:0.10464366
MSmallColorButton:0.09843326
