Widget:0.66
WidgetPeer:0.4220674603174603
MInternalFrame:0.36
GhostFrame:0.2733333333333333
TodoWidget:0.17
CalendarWidget:0.17
