CanvasMouseMotionListener:0.38333333333333336
CanvasMouseListener:0.3433333333333333
GUI:0.3233333333333333
CanvasMapEditorMouseListener:0.31666666666666665
PreGameController:0.24666666666666667
MapEditorController:0.225
