Task:0.5166666666666667
PluginManager:0.4066666666666667
ArchiveItem:0.4066666666666667
TodoEditorCore:0.32
