ReportPanel:0.18718421
UnitLabel:0.17139263
ProductionLabel:0.13496546
FreeColPanel:0.03506619
