MainWindow:0.41
PluginSettings:0.3433333333333333
VersionProperty:0.31
StuffRenderer:0.26666666666666666
PluginDownloader:0.19138888888888891
TreePanel:0.18
