FreeColGameObject:0.23332886
Europe:0.1636647
Player:0.15439805
ModelMessage:0.13881914
ColonyTile:0.13817433
UnitTradeItem:0.13575259
ColonyTradeItem:0.13562019
Tile:0.13128738
FreeColGameObjectListener:0.13100307
PlayerExploredTile:0.12838207
GoodsContainer:0.12832774
ModelController:0.12803517
NationOptions:0.12577364
GoldTradeItem:0.1252916
Market:0.12304806
GoodsTradeItem:0.12200574
TradeRoute:0.12084564
IndianSettlement:0.11855877
FreeColObject:0.11734768
Region:0.113590434
Map:0.112280555
DiplomaticTrade:0.10846014
Monarch:0.10487569
Resource:0.10282064
Colony:0.099813305
Building:0.09698702
TileItemContainer:0.093538865
StanceTradeItem:0.091539
Unit:0.08856006
LostCityRumour:0.08729505
TileImprovement:0.08518546
GameOptions:0.076452136
Settlement:0.07632705
TradeItem:0.074819334
Goods:0.07470937
TileItem:0.07347689
HighScore:0.06547923
SimpleCombatModel:0.056192376
Nation:0.03136936
TradeRouteStop:0.029026201
CombatModel:0.013364182
Tension:0.009089062
Turn:0.0072257235
