TileItemContainer:0.31985506
Tile:0.31946903
LostCityRumour:0.22065414
IndianSettlement:0.14167315
Resource:0.114794396
TileImprovement:0.11166761
FreeColObject:0.09078982
Game:0.0840417
FreeColGameObject:0.0815804
Colony:0.06673896
Unit:0.060314413
Player:0.046241824
UnitType:0.021855514
GoodsType:0.015910937
