Tile:0.3455984
PlayerExploredTile:0.33628213
TileItem:0.29662704
TileImprovement:0.2491651
TileImprovementType:0.17372732
Resource:0.15226053
LostCityRumour:0.14859277
Unit:0.08572098
Colony:0.08255257
TileType:0.03926963
FreeColObject:0.038574185
Player:0.036196776
FreeColGameObject:0.036081567
Game:0.035604212
Modifier:0.021863075
ResourceType:0.018545121
UnitType:0.01796831
GoodsType:0.015959186
Named:0.004200762
