Canvas:0.6233333333333333
MapViewer:0.5966666666666667
InGameController:0.38
GUI:0.3566666666666667
CanvasMapEditorMouseListener:0.22333333333333333
MapEditorController:0.2
TilePopup:0.2
DebugMenu:0.16
DisplayTileTextAction:0.14333333333333334
RefreshCanvasSwingTask:0.13666666666666666
ScaleMapAction:0.12333333333333334
DisplayBordersAction:0.11333333333333333
DisplayGridAction:0.11333333333333333
UnitAttackAnimationCanvasSwingTask:0.10333333333333333
NewEmptyMapAction:0.09333333333333334
UnitMoveAnimationCanvasSwingTask:0.08333333333333333
