MainWindowMenuHandler:0.6333333333333333
Preferences:0.5855555555555555
MainWindowMenu:0.38
FindThread:0.2733333333333333
