HTMLOptions:0.75
EditOptionsDialog:0.32666666666666666
FilterVisitor:0.3233333333333333
