MScrollPane:0.4666666666666667
NotepadEditorDesigner:0.30666666666666664
CachedImageView:0.24666666666666667
SnippetAction:0.21333333333333335
DeletePrivateDataPlugin:0.12
HTMLPreviewProvider:0.09666666666666666
