Main:0.4533333333333333
PluginManager:0.43
Help:0.32
TreeFS:0.23
PluginSettingsPage:0.20777777777777778
PluginSettings:0.18916666666666668
Desktop:0.17
