ProjectUICommands:0.5066666666666667
RecentProjects:0.5033333333333333
MainWindowMenu:0.4633333333333333
CloseThenOpen:0.23666666666666666
