Expression:0.5266666666666666
FunctionSQL:0.3466666666666667
ParserDDL:0.29333333333333333
ExpressionColumn:0.28
Values:0.2733333333333333
IntValueHashMap:0.2
OrderedIntHashSet:0.14333333333333334
FunctionCustom:0.12333333333333334
