Canvas:0.61
ReportUnitPanel:0.44
ReportCargoPanel:0.38
ReportCargoAction:0.2633333333333333
ActionManager:0.15833333333333333
ReportMilitaryPanel:0.1322222222222222
ReportNavalPanel:0.1322222222222222
InGameMenuBar:0.11
