Player:0.5833333333333334
Unit:0.5566666666666666
Region:0.33166666666666667
SimpleCombatModel:0.17333333333333334
GoodsTest:0.17
MarketTest:0.12666666666666668
MapGeneratorTest:0.12333333333333334
PreGameController:0.11
