Game:0.7466666666666667
InGameController:0.6333333333333333
ServerGame:0.3
