DeskletWidgetDockingContainer:0.043294862
DeskletWidgetContainer:0.020264339
DeskletDialog:0.017980644
