Widget:0.16185676
WidgetInternalFrame:0.13286312
Pager:0.11500909
DesktopPanel:0.06418835
DesktopSettings:0.04879865
WidgetPlugin:0.032057926
WidgetPeer:0.021281876
