Tokens:0.5433333333333333
HsqlDatabaseProperties:0.4766666666666667
Database:0.4266666666666667
Scanner:0.4033333333333333
Table:0.4033333333333333
Logger:0.37
Session:0.33666666666666667
Constraint:0.26266666666666666
View:0.25333333333333335
Routine:0.23666666666666666
ParserDQL:0.23666666666666666
ParserBase:0.21666666666666667
ParserCommand:0.20666666666666667
TableDerived:0.19666666666666666
StatementCommand:0.18333333333333332
ParserDDL:0.17666666666666667
RowInputTextLog:0.17333333333333334
StatementSchemaDefinition:0.15333333333333332
ScriptReaderText:0.13666666666666666
