PersistentStore:0.6533333333333333
RangeVariable:0.4533333333333333
RowStoreAVLHybrid:0.29333333333333333
ExpressionLogical:0.2866666666666667
RowStoreAVL:0.23
StatementDML:0.21
RangeVariableConditions:0.19666666666666668
SortAndSlice:0.18
