DOMMessage:0.1393487
Connection:0.044626396
