TransactionSession:0.05262056
ServerPlayer:0.031259026
