ServerPlayer:0.10483092
ServerModelObject:0.07640717
TransactionSession:0.026466403
