LootSession:0.22762874
DiplomacySession:0.19511032
TradeSession:0.14650871
DemandSession:0.1318243
ServerGame:0.062886395
