Interpreter:0.17881702
View:0.14688653
jEdit:0.14667863
EditServer:0.13751905
NameSpace:0.12099311
SearchAndReplace:0.11277363
BshClassManager:0.08630317
Buffer:0.08602656
VFS:0.07883671
Macros:0.07493224
EditPane:0.06825922
DockableWindowManager:0.06575774
InputHandler:0.064226374
BeanShellAction:0.060524233
GUIUtilities:0.05679184
JEditTextArea:0.052610118
VFSManager:0.04723266
JARClassLoader:0.046712026
Log:0.03891143
TargetError:0.035985056
Selection:0.03386243
RESearchMatcher:0.031775635
BoyerMooreSearchMatcher:0.027131302
EvalError:0.015978757
Primitive:0.015127905
BeanShellErrorDialog:0.01353663
