AbstractIconLoader:0.18177667
IconLoader:0.14768705
