OpenXMLFilter:0.02927851
EditOpenXMLOptionsDialog:0.017565796
OpenXMLDialect:0.01461787
