StatusBar:0.5733333333333334
View:0.5366666666666666
