Links:0.37457117
MetaInfoAction:0.15202212
MetaInfo:0.14247696
