Links:0.30119756
MetaInfoMenu:0.2887422
MetaInfo:0.22598028
