MainWindow:0.20969895
Sidebar:0.07486442
Main:0.023973227
Vars:0.012493989
