MActionInfo:0.45666666666666667
MText:0.405
SelectAllAction:0.17666666666666667
UnselectAllAction:0.17666666666666667
UnselectAll:0.15666666666666668
SelectAll:0.15666666666666668
