Player:0.7733333333333333
InGameController:0.3933333333333333
SetTradeRoutesMessage:0.2711111111111111
TradeRouteDialog:0.19122222222222224
