ReportPanel:0.15663327
FreeColPanel:0.05573666
