StarDict:0.5366666666666666
DictionariesManager:0.42
IDictionaries:0.3678888888888889
LingvoDSL:0.2633333333333333
DictionariesTextArea:0.24333333333333335
IDictionary:0.22888888888888886
IDictionaryFactory:0.16666666666666666
StarDictDict:0.15
DictionariesManagerTest:0.14666666666666667
LingvoDSLTest:0.10666666666666667
StarDictTest:0.07583333333333334
LingvoDSLDict:0.013333333333333334
