Console:0.49
TextUtils:0.4326666666666667
SearchHighlighter:0.27666666666666667
RoundedPainter:0.16333333333333333
TextHighligther:0.1588888888888889
