UnitLabel:0.3077045
DefaultTransferHandler:0.23587231
ColonyPanel:0.16097976
DragListener:0.13836785
ReportCargoPanel:0.12039649
CargoPanel:0.11327069
ReportNavalPanel:0.108722955
ReportProductionPanel:0.10375494
WarehouseDialog:0.07957983
EuropePanel:0.074951224
