Resource:0.23088433
FontResource:0.22766839
VideoResource:0.20203914
ColorResource:0.18171047
AudioResource:0.17209423
FAFileResource:0.16925184
SZAResource:0.11160339
ChipResource:0.107250296
ImageResource:0.08510166
