Resource:0.33348086
ResourceFactory:0.1855749
ResourceManager:0.09869937
