OSXIntegration:0.41
FilterVisitor:0.39
IOpenFilesHandler:0.2999047619047619
TMXReader2:0.2833333333333333
LuceneKoreanTokenizer:0.16333333333333333
LuceneJapaneseTokenizer:0.16
TestRealProject:0.13
