UI:0.685
Button:0.31666666666666665
MSmallColorButton:0.25
StatsPlugin:0.17666666666666667
