MText:0.07187426
MFontComboBox:0.04391954
UI:0.036391784
MFileChooser:0.029820701
AbstractIterator:0.026411127
