AdvantageCellRenderer:0.17529364
ColorCellRenderer:0.13193703
AdvantageCellEditor:0.09959744
StartGamePanel:0.098580986
