ReportPanel:0.14642072
FreeColPanel:0.11851298
