Core:0.59
CommentsTextArea:0.48333333333333334
ProviderStorage:0.19666666666666666
ICommentProvider:0.07611111111111112
IComments:0.06333333333333334
