View:0.5366666666666666
JEditTextArea:0.4033333333333333
VFSBrowser:0.3433333333333333
TextAreaPainter:0.2808333333333333
VFSFileNameField:0.20333333333333337
VFSFileChooserDialog:0.18666666666666668
BrowserHandler:0.16111111111111112
Debug:0.016666666666666666
