ClobData:0.76
ResultLob:0.56
Session:0.3433333333333333
LobManager:0.3233333333333333
ClobDataID:0.23666666666666666
BlobDataID:0.21333333333333335
CharacterType:0.20472222222222225
LobResultTypes:0.03333333333333333
