FileUtil:0.6233333333333333
ScriptItem:0.37333333333333335
ScriptingWindow:0.36333333333333334
FileUtilTest:0.2
ScriptRunner:0.19333333333333336
ScriptsMonitor:0.18194444444444446
