Session:0.8733333333333333
TransactionManagerCommon:0.27666666666666667
LobManager:0.26666666666666666
