UnitTypeOption:0.41203135
AbstractOption:0.24955025
StringOption:0.22620498
IntegerOption:0.20786124
OptionGroup:0.18155843
Option:0.11327664
