TileType:0.21151195
FreeColGameObjectType:0.17069805
FoundingFather:0.15158053
Colony:0.14104897
IndianNationType:0.13699554
Feature:0.13485283
Player:0.13265221
Game:0.1320122
BuildingType:0.12499609
TileImprovementType:0.122649744
Resource:0.11330899
Building:0.112076364
BuildableType:0.10711163
EuropeanNationType:0.10586738
Unit:0.10384237
Tile:0.103788696
IndianSettlement:0.10036681
UnitType:0.10010573
ResourceType:0.10005949
GoodsContainer:0.09966833
GoodsType:0.09688621
ColonyTile:0.09671503
NationType:0.096012555
Settlement:0.09583128
Ability:0.093881086
Market:0.090522096
Europe:0.089781284
TileImprovement:0.08794911
FreeColObject:0.08671628
TileItemContainer:0.08374737
Modifier:0.08153293
Goods:0.07793092
Monarch:0.07668724
FreeColGameObject:0.07411111
Event:0.0707817
EquipmentType:0.06967195
TradeRoute:0.06695701
Nation:0.06529682
AbstractUnit:0.062042993
UnitTypeChange:0.060779776
Limit:0.058392942
AbstractGoods:0.057748694
BuildQueue:0.05697605
SettlementType:0.05151121
PlayerExploredTile:0.05077617
Region:0.049306344
ProductionCache:0.046423744
MarketData:0.042466253
NationOptions:0.04174368
SimpleCombatModel:0.040251564
Operand:0.036060832
ModelMessage:0.03281711
Turn:0.013644559
GameOptions:0.007478811
