TodoEditor:0.49
ColumnManager:0.38666666666666666
PropertiesBar:0.3466666666666667
MDateSpinner:0.25833333333333336
