ActionGroup:0.56
TextEditor:0.5133333333333333
InsertImageAction:0.3333333333333333
MGroupLayout:0.21666666666666667
