MTextPreviewPanel:0.42333333333333334
SettingsForm:0.30333333333333334
Settings:0.26666666666666666
FeedsFSPlugin:0.22666666666666666
AbstractClockWidget:0.22666666666666666
NotepadEditorPlugin:0.22444444444444447
NoteWidget:0.22333333333333333
MFontChooser:0.20916666666666667
FeedsConfigPanel:0.19026984126984126
