Tokens:0.75
Log:0.39666666666666667
ErrorCode:0.3765555555555556
Session:0.3466666666666667
Constraint:0.32
Table:0.2916666666666667
HsqlDatabaseProperties:0.2733333333333333
UserManager:0.27
ParserDDL:0.25666666666666665
SessionManager:0.24666666666666667
StatementDML:0.23666666666666666
ParserCommand:0.22666666666666666
CharacterType:0.20333333333333334
SchemaManager:0.19666666666666666
Database:0.19
Logger:0.16
ParserDML:0.14333333333333334
