RedoAction:0.3933333333333333
DefaultOSXApplication:0.37666666666666665
SlantedLiner:0.25083333333333335
SVGProject:0.24666666666666667
UndoAction:0.22666666666666666
ChopRectangleConnector:0.19
SVGZInputFormat:0.09
DrawApplicationModel:0.08666666666666667
ODGApplicationModel:0.08666666666666667
ODGProject:0.06333333333333334
Main:0.03166666666666667
