RiverSection:0.19980535
TerrainGenerator:0.19797894
SimpleMapGenerator:0.056942884
