MText:0.5666666666666667
AutoCompletion:0.35333333333333333
Item:0.31666666666666665
MountPanel:0.22
RenameEditor:0.18
AbstractSpinner:0.17333333333333334
EditorQuickFind:0.15333333333333332
InternetSearch:0.15
InternetBrowserSettings:0.12666666666666668
