MPanel:0.5633333333333334
PropertyPanel:0.5166666666666667
Archive:0.2633333333333333
FileCache:0.2633333333333333
Template:0.16
