Table:0.61
RoutineSchema:0.39
ParserDDL:0.31333333333333335
SchemaObjectSet:0.31333333333333335
Schema:0.3
TableWorks:0.28
ParserDQL:0.27
SchemaManager:0.26
ParserRoutine:0.23333333333333334
LobManager:0.20666666666666667
StatementCommand:0.18666666666666668
ParserCommand:0.18333333333333332
RowDiskDataChange:0.15333333333333332
ParserDML:0.145
ParserTable:0.08666666666666667
