ScriptingWindow:0.69
ScriptItem:0.5933333333333334
ScriptsMonitor:0.30333333333333334
