DictionariesTextArea:0.48833333333333334
CommentsTextArea:0.4177777777777778
MachineTranslateTextArea:0.27666666666666667
