RowIterator:0.48
IntervalType:0.4166666666666667
DTIType:0.29333333333333333
PersistentStore:0.2833333333333333
RowStoreAVLHybrid:0.2633333333333333
RowStoreAVLDisk:0.25666666666666665
FunctionSQL:0.25
RowStoreAVLMemory:0.24666666666666667
RowSetNavigatorData:0.24
RowStoreAVLDiskData:0.22333333333333333
IndexRowIterator:0.20333333333333334
