Buffer:0.5466666666666666
OffsetManager:0.3233333333333333
FoldVisibilityManager:0.2277777777777778
LineElement:0.18666666666666668
RootElement:0.15333333333333332
IntegerArray:0.07
