FS:0.4866666666666667
Editor:0.32883333333333337
Tabs:0.32666666666666666
MainWindow:0.225
EditorCrypto:0.21166666666666667
SessionTab:0.15666666666666668
TestDefaultPageChecker:0.15333333333333332
