WikiUtil:0.7058333333333333
EditServlet:0.3566666666666667
ToWikipediaEx:0.22666666666666666
