FreeCol:0.73
ConnectController:0.28
LoadingSavegameDialog:0.23611111111111113
NewPanel:0.22666666666666666
