NotepadEditorCore:0.4266666666666667
NotepadEditorPlugin:0.36333333333333334
SimpleProgressBar:0.3333333333333333
Benchmark:0.30333333333333334
MNumberSpinner:0.15666666666666668
Settings:0.1352777777777778
