AnsiDataHandler:0.47333333333333333
QueryHandler:0.42333333333333334
AnsiQueryHandler:0.23333333333333334
