Unit:0.7
InGameController:0.4066666666666667
TransportMission:0.23666666666666666
BuildColonyMission:0.2288888888888889
PrivateerMission:0.2
DragListener:0.18333333333333332
MoveToAmericaMessage:0.10333333333333333
MoveToEuropeMessage:0.10333333333333333
