MPasswordPanel:0.17468253
MText:0.04966661
MLoginPanel:0.03586733
MNotification:0.024615915
TK:0.020846112
MLabel:0.020507513
MLogger:0.010371769
UI:0.010283142
MDocumentAdapter:0.008975958
