ChartModel:0.7966666666666666
SummaryData:0.44666666666666666
StatsPanel:0.2833333333333333
TaskModel:0.2633333333333333
