Unit:0.61
Colony:0.5333333333333333
AIColony:0.30666666666666664
Building:0.30333333333333334
ColonyTile:0.29
