MDialog:0.7233333333333334
PrintDialog:0.37666666666666665
ChartDialog:0.21666666666666667
PropertiesPanel:0.21666666666666667
