Editor:0.6166666666666667
EditorPassword:0.37333333333333335
EditorCrypto:0.35
