TransportMission:0.23919956
Mission:0.21596257
WorkInsideColonyMission:0.19161601
