Game:0.18890257
FreeColGameObject:0.10052959
