UI:0.7233333333333334
MApplication:0.48
AbstractRequestManager:0.37666666666666665
