FS:0.6033333333333334
MAboutDialog:0.2625
ActionProperties:0.25
BufferedFileInput:0.20666666666666667
MZip:0.20333333333333334
MGroupLayout:0.17666666666666667
BufferedFileOutput:0.16333333333333333
Checksum:0.12666666666666668
