Console:0.77
Control:0.44333333333333336
MainWindow:0.31666666666666665
IconTheme:0.23666666666666666
AbstractTextEditor:0.18666666666666668
Action:0.16333333333333333
Frame:0.056666666666666664
ConsoleTab:0.04
