RectangleTool:0.21668017
Tool:0.14591902
EraserTool:0.08520523
RedRectangleTool:0.08403214
