UI:0.117476285
MApplication:0.03259906
MSplashScreen:0.021269543
MNotification:0.017801931
