RealProject:0.35
SegmentBuilder:0.31666666666666665
TMXWriter2:0.22666666666666666
TMXReader2:0.20666666666666667
Loader:0.17333333333333334
