MTextField:0.43
MTextFieldPanel:0.36333333333333334
Links:0.30333333333333334
SearchBar:0.21
StaticHandler:0.19333333333333333
