MIcon:0.6916666666666667
Checksum:0.44333333333333336
Backup:0.38
