Unit:0.69
Player:0.5
UnitIterator:0.4
InGameController:0.38333333333333336
Europe:0.3233333333333333
UnitPredicate:0.27051984126984113
FreeColDialog:0.21666666666666667
GUI:0.21444444444444447
ChangeAction:0.17444444444444446
CanvasMouseListener:0.15333333333333332
ActionManager:0.11333333333333333
GotoAction:0.06
FreeColMenuBar:0.043333333333333335
ActivePredicate:0.0
GoingToPredicate:0.0
