SearchResultEntry:0.5566666666666666
LuceneSearchEngine:0.37666666666666665
RankingAlgorithmSearchEngine:0.2733333333333333
