Shapes:0.26112583
Geom:0.22899121
BezierPathIterator:0.21453331
Bezier:0.15680902
DoubleStroke:0.15548106
GrowStroke:0.13200061
