Index:0.7633333333333333
IndexAVL:0.30333333333333334
DataFileCache:0.265
RoutineSchema:0.2633333333333333
TableBase:0.25
