OptionGroup:0.14666702
PluginOptions:0.11410878
OptionPane:0.05671515
GlobalOptions:0.045801707
jEdit:0.035841294
EditPlugin:0.03499848
GUIUtilities:0.031819288
BeanShell:0.019605005
Log:0.019509032
EnhancedDialog:0.009447789
OperatingSystem:0.008084452
