MFontChooser:0.6533333333333333
MFontButton:0.5066666666666667
FontAction:0.2833333333333333
