UI:0.65
MColorIcon:0.35333333333333333
MCheckBox:0.2377777777777778
MToggleButton:0.2211111111111111
MButton:0.2086111111111111
MTextField:0.20194444444444445
