ClientConnection:0.35
BitMap:0.33
PIFGenerator:0.24
SqltoolRB:0.21833333333333332
DatabaseURL:0.14416666666666667
