FeedsFS:0.10964733
FeedsFSPlugin:0.067602664
ArticleList:0.06718969
FeedThread:0.0583789
