FreeColGameObject:0.6416666666666667
InGameController:0.4533333333333333
RandomChoice:0.27
