ColonyPlan:0.2794304
WorkLocationPlan:0.23358399
AIPlayer:0.2032319
AIGoods:0.15981738
GoodsWish:0.11102005
TileImprovementPlan:0.09091714
AIUnit:0.08548345
AIMain:0.07912226
WorkerWish:0.06364113
Wish:0.041153077
AIObject:0.02143141
Transportable:0.018406756
