Player:0.6166666666666667
FreeColGameObject:0.5783333333333334
MapGenerator:0.18895238095238095
