BufferChangeListener:0.9747718
Buffer:0.21993446
