ImageUtil:0.21004437
Utilities:0.14879923
InterWikiHandler:0.10143602
NamespaceHandler:0.03398596
WikiUtil:0.0
WikiLink:0.0
WikiLogger:0.0
