GUIUtilities:0.32673487
MacrosMenu:0.090059124
RecentFilesMenu:0.05886698
MarkersMenu:0.045334347
OpenWithEncodingMenu:0.03864357
jEdit:0.033897255
CurrentDirectoryMenu:0.03295622
PluginsMenu:0.021492397
