JEditTextArea:0.2008507
Buffer:0.16906632
Abbrevs:0.16780058
MiscUtilities:0.09581048
KeywordMap:0.028554572
Token:0.017485993
