MainWindow:0.6033333333333334
AutoZoomAction:0.17
ZoomOutAction:0.09666666666666666
ZoomInAction:0.09666666666666666
