Colony:0.36666666666666664
ColonyPanel:0.3466666666666667
Canvas:0.3233333333333333
ImageLibrary:0.31666666666666665
Server:0.2866666666666667
ClientMessageHandler:0.25
UserInputHandler:0.23
GUI:0.19666666666666666
SoundPlayer:0.14
DefaultTransferHandler:0.13444444444444442
DragListener:0.07
