WebBrowser:0.55
Editor:0.43
PrintBuilder:0.37333333333333335
PrintDialog:0.3233333333333333
SwingWebBrowser:0.23666666666666666
MainWindow:0.23
FeedViewer:0.22666666666666666
TodoEditor:0.21666666666666667
CalendarTab:0.2
ImageEditor:0.19333333333333333
PrintAction:0.18666666666666668
AbstractTextEditor:0.18666666666666668
WebBrowserTab:0.18333333333333332
SummaryTree:0.16333333333333333
DocumentPrint:0.13
