Canvas:0.4222222222222222
ModelMessage:0.4
FreeColGameObject:0.3233333333333333
PersistentObject:0.23166666666666666
ReportTurnPanel:0.2111111111111111
