CalendarWidget:0.6
PluginManager:0.4266666666666667
CalendarWidgetPlugin:0.20666666666666667
OptionsPanel:0.19333333333333333
