VFSFileChooserDialog:0.12224467
VFS:0.1081931
BrowserPopupMenu:0.10751797
BrowserView:0.10013227
jEdit:0.09961978
Buffer:0.092772014
VFSManager:0.08969693
GUIUtilities:0.087001875
View:0.07697639
Macros:0.076114744
FileRootsVFS:0.06832738
FavoritesVFS:0.06343307
HistoryTextField:0.051289428
BrowserIORequest:0.05050872
DockableWindowManager:0.04238144
MiscUtilities:0.041338228
ToolBarAddDialog:0.041075863
BrowserListener:0.033687238
HistoryModel:0.02780327
VFSUpdate:0.027243003
Log:0.02555732
BufferUpdate:0.020296378
DockableWindow:0.0143608665
EditBus:0.012647272
ViewUpdate:0.012523686
EBMessage:0.009574866
RE:0.007086307
PropertiesChanged:0.005751585
EBComponent:0.0038987321
