VFS:0.091114014
Buffer:0.08079168
jEdit:0.079354934
FileVFS:0.07166312
VFSBrowser:0.06641884
Macros:0.06404643
WorkThreadPool:0.062179226
VFSUpdate:0.059118185
BufferIORequest:0.051132746
MiscUtilities:0.048835445
FileRootsVFS:0.048132416
GUIUtilities:0.0451402
FavoritesVFS:0.04401296
StatusBar:0.04392207
BeanShell:0.04175716
UrlVFS:0.039481774
Log:0.03798254
EditPane:0.037724596
BrowserPopupMenu:0.03175965
SearchAndReplace:0.02838191
BrowserIORequest:0.027338156
VFSFileChooserDialog:0.025732193
BrowserView:0.025249222
EditBus:0.02096096
IOProgressMonitor:0.017730223
HyperSearchResults:0.016801719
CloseDialog:0.014486136
RecentFilesMenu:0.014275437
Roster:0.014199644
HyperSearchRequest:0.01020214
