MainWindowMenuHandler:0.47333333333333333
FileUtil:0.3933333333333333
SegmentExportImport:0.30333333333333334
OConsts:0.02
