MList:0.4266666666666667
GHNSDialog:0.2833333333333333
Filter:0.24666666666666667
SummaryPanel:0.24
SearchableFilter:0.15333333333333332
