WikiDatabase:0.7533333333333333
UpgradeServlet:0.4533333333333333
AdminServlet:0.2733333333333333
