Figure:0.8533333333333334
DrawingModelEvent:0.41
AbstractDrawingModel:0.30666666666666664
AbstractFigure:0.24
