AbstractFigure:0.40426993
Drawing:0.25268483
AbstractCompositeFigure:0.2162026
ConnectionTool:0.20011017
LineConnectionFigure:0.1956935
GraphicalCompositeFigure:0.18206584
BidirectionalConnectionTool:0.17176194
ConnectionFigure:0.16635612
CreationTool:0.15697066
Handle:0.15673682
LabeledLineConnectionFigure:0.14872324
DrawingView:0.14758931
AttributeKey:0.14606252
DefaultDrawingView:0.14312398
AbstractConnectionHandle:0.13801894
QuadTreeDrawing:0.13687205
Connector:0.13345776
FigureListener:0.13258655
ConnectorHandle:0.13222896
CompositeFigure:0.12803993
DrawingEditor:0.124511264
SelectionTool:0.11738163
TextAreaCreationTool:0.115449175
LabelFigure:0.11516594
DefaultDrawing:0.115014724
AbstractHandle:0.11478325
Tool:0.11220434
AbstractAttributedFigure:0.110369
DefaultDragTracker:0.10215449
DefaultHandleTracker:0.10173575
AbstractAttributedCompositeFigure:0.09763911
DelegationSelectionTool:0.0970932
TextCreationTool:0.097043574
DefaultSelectAreaTracker:0.09182441
AttributeKeys:0.09057165
QuadTreeCompositeFigure:0.08965916
AbstractConnector:0.088023715
ConnectionEndHandle:0.08659756
DefaultDrawingEditor:0.08586265
ConnectionStartHandle:0.08573119
DefaultDrawingViewTransferHandler:0.082546346
ResizeHandleKit:0.082309
AbstractRotateHandle:0.08184642
TransformHandleKit:0.08017861
AbstractTool:0.07386471
BezierTool:0.073723994
BezierScaleHandle:0.07324288
DecoratedFigure:0.07151276
DnDTracker:0.07125277
FloatingTextArea:0.07052121
LocatorConnector:0.070389524
DragHandle:0.068329774
TransformEdit:0.066851474
FigureEvent:0.0665532
ChopRectangleConnector:0.0639305
TextInputFormat:0.06289562
TextAreaEditingTool:0.056599125
BezierNodeHandle:0.056493536
MoveHandle:0.05633705
FloatingTextField:0.05629047
RelativeLocator:0.05621122
ImageTool:0.05549736
DnDDrawingViewTransferHandler:0.05515819
ImageInputFormat:0.053749777
FontSizeHandle:0.053687226
PictImageInputFormat:0.05246138
BezierControlPointHandle:0.050499655
ImageOutputFormat:0.05021153
BoundsOutlineHandle:0.05006525
LocatorLayouter:0.049232446
AbstractAttributedDecoratedFigure:0.048463844
TextHolderFigure:0.04839789
StickyRectangleConnector:0.047414653
OutputFormat:0.046140365
Locator:0.043428194
CompositeFigureEvent:0.042828977
RoundRectangleRadiusHandle:0.041082308
LineDecoration:0.0404987
TextOverflowHandle:0.037630115
CloseHandle:0.037514657
AbstractLineDecoration:0.037434086
TextEditingTool:0.037365865
AbstractDrawing:0.035154313
HorizontalLayouter:0.035049386
ChopRoundRectangleConnector:0.03446824
DOMStorableInputOutputFormat:0.033556502
FontSizeLocator:0.032598767
BezierLabelLocator:0.031885985
VerticalLayouter:0.03140762
AbstractLocator:0.029371781
ChopEllipseConnector:0.028908571
NullHandle:0.028342573
SerializationInputOutputFormat:0.027804375
CompositeLineDecoration:0.02766565
CompositeTransformEdit:0.027269423
ChopBezierConnector:0.0264438
FigureSelectionEvent:0.025165966
LocatorHandle:0.025065258
TriangleRotationHandler:0.024450744
DrawingPageable:0.024063045
RotateHandle:0.023367092
BezierPointLocator:0.021953205
ChopTriangleConnector:0.021880435
ChopDiamondConnector:0.021738987
RestoreDataEdit:0.021280507
ListFigure:0.02023972
AttributeChangeEdit:0.02000907
ImageHolderFigure:0.016812922
RelativeDecoratorLocator:0.015111277
ArrowTip:0.014464871
AbstractLayouter:0.014345902
FigureLayerComparator:0.012115394
PerpendicularBar:0.0093346
GeometryEdit:0.008745257
DragTracker:0.008547142
