ChartPainter:0.6833333333333333
MToolBar:0.44111111111111106
