Document3:0.6502777777777777
DocumentFilter3:0.4766666666666667
EditorController:0.36333333333333334
