AnsiQueryHandler:0.7466666666666667
AnsiDataHandler:0.33666666666666667
DatabaseUpgrades:0.23333333333333334
