Expression:0.5833333333333334
TriggerDef:0.5733333333333334
Table:0.56
ResultGroup:0.4483333333333333
Function:0.2966666666666667
TransactionManager:0.2866666666666667
RangeIterator:0.23666666666666666
ClientRowSetNavigator:0.23333333333333334
CompiledStatementExecutor:0.21666666666666667
Select:0.21666666666666667
GroupedResult:0.21
DatabaseScript:0.19333333333333333
DDLParser:0.18833333333333332
