StringEntry:0.15269166
RealProject:0.09481212
ProjectFileData:0.07013323
IProject:0.060044136
NotLoadedProject:0.05916395
STEComparator:0.048169028
