JEditBuffer:0.73
BufferUndoListener:0.6833333333333333
UndoManager:0.2633333333333333
