Archive:0.6166666666666667
ArchiveChannel:0.5366666666666666
