Config:0.51
DT:0.36666666666666664
Property:0.36333333333333334
PropertyPanel:0.27666666666666667
MDateTimePanel:0.23666666666666666
BackupDialog:0.22444444444444447
VersionControl:0.22444444444444447
ListWriter:0.21444444444444447
VersionInfo:0.17666666666666667
DateTimeProperty:0.075
