ParserInput:0.5133333333333333
TemplateTag:0.23
IncludeOnlyTag:0.12333333333333334
NoIncludeTag:0.12333333333333334
