Consumer:0.5553333333333333
Unit:0.5433333333333333
BuildingType:0.32
Building:0.30333333333333334
Colony:0.2966666666666667
UnitType:0.27
ColonyProductionTest:0.11333333333333333
