Unit:0.5166666666666667
Canvas:0.44666666666666666
TradeRoute:0.43333333333333335
ReportLabourAction:0.3227777777777778
ReportTradeAction:0.3227777777777778
ReportForeignAction:0.3227777777777778
ReportColonyAction:0.3227777777777778
ReportMilitaryAction:0.3227777777777778
ReportContinentalCongressAction:0.3227777777777778
ReportIndianAction:0.3227777777777778
ReportNavalAction:0.3227777777777778
ReportReligionAction:0.3227777777777778
InGameController:0.2833333333333333
InGameInputHandler:0.25
FreeColMenuBar:0.21333333333333335
TradeRouteInputDialog:0.18333333333333332
TradeRouteDialog:0.12
ActionManager:0.08666666666666667
AssignTradeRouteAction:0.02666666666666667
