Unit:0.49333333333333335
Game:0.4877142857142856
Player:0.42633333333333334
FreeColGameObject:0.34833333333333333
InGameInputHandler:0.31666666666666665
InGameController:0.25333333333333335
ServerPlayer:0.21333333333333335
ColonyPanel:0.2111111111111111
CargoPanel:0.19944444444444445
WarehousePanel:0.11666666666666667
