jEdit:0.5866666666666667
InputHandler:0.32666666666666666
ActionSet:0.30666666666666664
DockableWindowManager:0.27
JARClassLoader:0.22
JAR:0.21333333333333335
ActionBar:0.18333333333333332
DefaultInputHandler:0.17
DockableListHandler:0.17
CompletionPopup:0.15
ToolBarEditDialog:0.14
Factory:0.03666666666666667
