InGameInputHandler:0.4666666666666667
ServerModelController:0.43666666666666665
TaskEntry:0.3855555555555556
ClientModelController:0.31333333333333335
