Building:0.73
GoodsContainer:0.43333333333333335
ColonyPlan:0.3433333333333333
AIColony:0.31
