UI:0.6766666666666666
MasterKey:0.3933333333333333
Tabs:0.27
EncryptDialog:0.16
