Unit:0.6866666666666666
FreeColAction:0.38333333333333336
ClearOrdersAction:0.36666666666666664
ColopediaAction:0.34
UnitAction:0.31666666666666665
DragListener:0.22
ColopediaTreeItem:0.18166666666666667
MapControls:0.1811111111111111
ColopediaPanel:0.18
FreeColMenuBar:0.15666666666666668
ActionManager:0.13
UnloadAction:0.1
InGameMenuBar:0.08333333333333333
FortifyAction:0.06666666666666667
SentryAction:0.04
SkipUnitAction:0.04
