TransformHandleKit:0.24
ResizeHandle:0.23
ResizeHandleKit:0.22666666666666666
HandleMulticaster:0.21333333333333335
DefaultDragTracker:0.2
SouthEastHandle:0.12333333333333334
WestHandle:0.12333333333333334
NorthWestHandle:0.12333333333333334
SouthHandle:0.12333333333333334
SouthWestHandle:0.12333333333333334
TransformHandle:0.12333333333333334
NorthEastHandle:0.12333333333333334
MoveAction:0.12333333333333334
NorthHandle:0.12333333333333334
EastHandle:0.12333333333333334
MoveConstrainedAction:0.11333333333333333
GroupFigure:0.013333333333333334
