Tree:0.49666666666666665
FeedsFS:0.4266666666666667
ArticleList:0.28
FeedViewer:0.25333333333333335
FeedThread:0.2425
