AbbrevsModel:0.16010986
EditAbbrevDialog:0.091492936
Abbrevs:0.090309285
GUIUtilities:0.03718642
AbstractOptionPane:0.028443485
jEdit:0.0216937
GlobalOptions:0.021048201
RolloverButton:0.017865377
Mode:0.013043608
