Buffer:0.053630967
BufferIORequest:0.046775118
OffsetManager:0.035341885
