MButton:0.09639065
MCalendar:0.06916398
MNotification:0.06302659
MRating:0.037601735
MLogger:0.03563518
MTextFieldPanel:0.02170454
FS:0.008740724
