Project:0.6366666666666667
RealProject:0.44
IRemoteRepository2:0.3680555555555556
RepositoryDefinition:0.29333333333333333
ProjectProperties:0.27666666666666667
ProjectTMX:0.22666666666666666
ProjectUICommands:0.21333333333333335
RemoteRepositoryProvider:0.20333333333333334
RepositoryMapping:0.17333333333333334
ProjectFileStorage:0.16333333333333333
RemoteRepositoryProviderTest:0.1
GITCredentialsProvider:0.08833333333333333
SVNRemoteRepository2:0.08833333333333333
ObjectFactory:0.06444444444444444
RebaseAndCommit:0.06333333333333334
Repositories:0.062222222222222213
GITRemoteRepository2:0.051666666666666666
RemoteRepositoryFactory:0.023333333333333334
