EditorColorChooserAction:0.11802345
DrawingColorChooserAction:0.112343445
AttributeAction:0.11160563
DrawingAttributeAction:0.103635825
DefaultAttributeAction:0.09362128
PickAttributesAction:0.085812956
ApplyAttributesAction:0.07502496
SelectionColorChooserAction:0.072287366
SelectionColorIcon:0.07139027
EditorColorIcon:0.07045796
AttributeToggler:0.06776256
FontChooserHandler:0.065406546
DrawingColorIcon:0.061921462
ColorIcon:0.048782684
AlignAction:0.046809748
AbstractSelectedAction:0.03999051
ZoomEditorAction:0.02853652
MoveAction:0.026553908
AbstractDrawingViewAction:0.02268113
ZoomAction:0.02136888
UngroupAction:0.020805903
GroupAction:0.020623099
SendToBackAction:0.018723002
BringToFrontAction:0.01859025
SelectSameAction:0.018278642
StrokeIcon:0.0066880016
LineDecorationIcon:0.0035922802
