UI:0.94
ProxySettings:0.27
ImageEditor:0.26666666666666666
PrintDialog:0.21444444444444447
ArchiveOptions:0.18
