CanvasKeyListener:0.10158153
TerrainCursor:0.100535944
GUI:0.06978533
Canvas:0.007829736
