BeanShellAction:0.13521054
HandlerBase:0.102656364
jEdit:0.06256868
ActionSet:0.031000502
Log:0.018299732
