Tabs:0.57
Editor:0.5266666666666666
WebBrowserTab:0.4533333333333333
MainWindow:0.2
