SoLTest:0.007166039
MonarchTest:0.0063038343
AbstractUnitTest:0.004290826
GameTest:0.0035788927
ModelMessageTest:0.0033777694
ScopeTest:0.0029390668
NationTypeTest:0.0028548131
ColonyConsumptionTest:0.0028395534
IndianSettlementTest:0.0025969148
ColonyProductionTest:0.002515755
FoundingFatherTest:0.0021417716
ModifierTest:0.0020884625
MarketTest:0.0019298556
ContactTest:0.0018932316
BuildingTest:0.0018593891
MovementTest:0.0017531886
MapTest:0.0016556932
PlayerTest:0.001605065
TileTest:0.0013851444
GoodsTest:0.0013081835
SchoolTest:0.0012998848
DemotionTest:0.0012416912
CombatTest:0.0010173736
UnitTest:9.0713386E-4
