PluginManager:0.1400207
jEdit:0.055267103
VFSManager:0.0545618
ErrorListCellRenderer:0.048536297
Log:0.021314342
EnhancedDialog:0.015286635
