PluginJAR:0.21714038
PluginList:0.17581275
jEdit:0.14843486
ManagePanel:0.106455445
MiscUtilities:0.07905642
InstallPanel:0.073220626
PluginManagerProgress:0.06312807
GUIUtilities:0.051290747
Log:0.044256814
