MTextFieldPanel:0.54
MPanel:0.39
TagsEditor:0.37333333333333335
InternetSearch:0.2425
EditorQuickFind:0.188
MSmallButton:0.14166666666666666
