FeedComponent:0.7669444444444444
ItemRenderer:0.39222222222222225
