Collation:0.33710593
Type:0.17569947
CharacterType:0.068150595
