BaseHashMap:0.12967932
ValuePoolHashMap:0.0823701
