RowOutputBase:0.36799517
RowOutputBinary180:0.2872068
RowOutputBinaryEncode:0.21908607
RowOutputInterface:0.20334756
RowInputBinary:0.13976632
