Type:0.25586367
NumberType:0.16073363
CharacterType:0.14432961
BinaryType:0.14155626
OtherType:0.14109322
IntervalType:0.1350878
DateTimeType:0.114039466
BitType:0.10698323
NullType:0.09883269
BooleanType:0.09871761
RowType:0.097974166
ArrayType:0.08651826
DTIType:0.08582408
ClobType:0.08387973
BlobType:0.08094446
IntervalMonthData:0.07907122
