AbstractFileCache:0.5316666666666666
ChartUtils:0.31666666666666665
Title:0.18
