Ability:0.47333333333333333
ColonyTile:0.45666666666666667
AIColony:0.3233333333333333
ColonyPlan:0.31333333333333335
