Preferences:0.9283333333333333
SpellcheckerConfigurationDialog:0.4
DictionaryManager:0.36666666666666664
