InGameController:0.4166666666666667
ClientOptions:0.33666666666666667
UnitMoveAnimationCanvasSwingTask:0.29444444444444445
InGameInputHandler:0.27
RefreshTilesSwingTask:0.1
