UI:0.6766666666666666
ImageEditorCore:0.36333333333333334
ImageEditor:0.26666666666666666
ImagePrintable:0.16444444444444445
ZoomComponent:0.056666666666666664
AutoZoomAction:0.023333333333333334
