JEditTextArea:0.5166666666666667
TextUtilities:0.33
ChunkCache:0.24333333333333335
BufferPrintable:0.20333333333333334
