GUI:0.6566666666666666
ColonyPanel:0.37666666666666665
ProductionLabel:0.33
GoodsLabel:0.2866666666666667
FreeColPanel:0.21666666666666667
ReportColonyPanel:0.09
