OptionGroupUI:0.5833333333333334
DifficultyDialog:0.33666666666666667
GameOptionsDialog:0.24666666666666667
ClientOptionsDialog:0.24
MapGeneratorOptionsDialog:0.24
