FeedComponent:0.6013333333333334
MTaskPanel:0.37666666666666665
AddFeedDialog:0.3
