TileImprovement:0.59
TileImprovementType:0.5833333333333334
AIColony:0.30333333333333334
WorkLocationPlan:0.24333333333333335
TileTest:0.23666666666666666
ColonyPlanTest:0.04666666666666667
