jEdit:0.5333333333333333
JEditTextArea:0.4633333333333333
HistoryModel:0.25
Registers:0.23333333333333334
EditPane:0.2
TextAreaPainter:0.19666666666666666
PaintSelection:0.19444444444444445
RegistersHandler:0.023333333333333334
