RangeVariable:0.45
ExpressionLogical:0.44333333333333336
ParserDQL:0.4033333333333333
StatementDMQL:0.28233333333333327
ExpressionOrderBy:0.2727777777777778
RangeVariableConditions:0.23733333333333334
QuerySpecification:0.21666666666666667
