FeedThread:0.15910204
FeedsFSPlugin:0.13162397
AddFeedDialog:0.08186303
FeedDownloader:0.07970014
FeedViewer:0.060934335
Filters:0.04695362
