MWizard:0.04907618
UI:0.04608771
MAbout:0.026588624
TK:0.020873422
AbstractIterator:0.017762668
MIcon:0.01261149
