MFlipPanel:0.046769165
MThrobber:0.030375477
MLabel:0.029537667
TK:0.026376968
MMessage:0.018512437
MMouseAdapter:0.013464566
