ClobData:0.48
JDBCResultSet:0.4033333333333333
ClobDataMemory:0.3136111111111111
ErrorCode:0.26944444444444443
CharacterType:0.2633333333333333
ClobDataID:0.26166666666666666
DatabaseInformationFull:0.21
BitType:0.20444444444444446
BinaryType:0.2
