RangeGroup:0.7166666666666667
Routine:0.3933333333333333
Expression:0.3866666666666667
SimpleLog:0.31666666666666665
ColumnSchema:0.2921111111111111
QueryExpression:0.2733333333333333
ParserRoutine:0.27
RangeGroupSimple:0.24333333333333335
QuerySpecification:0.24
StatementCompound:0.21166666666666667
Logger:0.20666666666666667
ParserDDL:0.20333333333333334
ParserCommand:0.20333333333333334
ParserDML:0.20333333333333334
SessionContext:0.18333333333333332
TestSqlPersistent:0.18166666666666667
RangeGroupEmpty:0.04
