AboutAction:0.2030058
MapControlsAction:0.17484754
ChatAction:0.16320963
ShowMainAction:0.16210738
ExecuteGotoOrdersAction:0.16193733
ReportContinentalCongressAction:0.15855053
ReportReligionAction:0.15579416
ReportLabourAction:0.15533312
ReportMilitaryAction:0.155138
ColopediaSkillAction:0.1551312
ColopediaFatherAction:0.15512499
ColopediaTerrainAction:0.15510978
ReportForeignAction:0.15509187
ReportNavalAction:0.15482089
ReportCargoAction:0.15470469
TradeRouteAction:0.15469714
ReportRequirementsAction:0.1546497
ReportExplorationAction:0.15464775
ColopediaBuildingAction:0.15458074
ReportIndianAction:0.15451968
ReportTradeAction:0.15448394
ReportTurnAction:0.15432274
ColopediaGoodsAction:0.1543072
ColopediaUnitAction:0.15409116
ReportColonyAction:0.1540857
EndTurnAction:0.15343855
NewAction:0.15154514
FreeColAction:0.1469379
ZoomOutAction:0.13165146
ChangeWindowedModeAction:0.1308742
DetermineHighSeasAction:0.1307244
DeclareIndependenceAction:0.12889396
ZoomInAction:0.12826192
ReconnectAction:0.12686443
SaveAction:0.12648201
PreferencesAction:0.1264712
AssignTradeRouteAction:0.12581195
ToggleViewModeAction:0.12568803
DisplayTileOwnersAction:0.12411635
GotoAction:0.12409452
ClearOrdersAction:0.12397045
DisplayGridAction:0.123885974
DisplayTileNamesAction:0.12376325
DisplayRegionAction:0.12365257
OpenAction:0.1231188
RenameAction:0.12301225
EuropeAction:0.12237604
WaitAction:0.1219914
ScaleMapAction:0.11569085
NewEmptyMapAction:0.11517113
QuitAction:0.10973953
DisbandUnitAction:0.10879306
SkipUnitAction:0.108136676
BuildColonyAction:0.10769764
SentryAction:0.107481174
FortifyAction:0.10740258
MiniMapZoomOutAction:0.10607382
UnloadAction:0.10565972
MiniMapZoomInAction:0.104393825
MiniMapChangeBackgroundAction:0.09223233
ChangeAction:0.0836269
ImprovementAction:0.070573516
ImprovementActionType:0.006344401
