Buffer:0.6866666666666666
BufferChangeListener:0.48823015873015874
DisplayManager:0.45
JEditTextArea:0.35
ChunkCache:0.3144444444444444
BufferChangeHandler:0.2733333333333333
EditPane:0.1927777777777778
BufferChangeAdapter:0.15833333333333333
PaintText:0.14
PaintWrapGuide:0.12
