MainWindow:0.49666666666666665
MMenuBar:0.49333333333333335
Presentation:0.30333333333333334
MinimizedUI:0.18
