Database:0.56
DITableInfo:0.36666666666666664
Log:0.2966666666666667
DatabaseInformationFull:0.29333333333333333
HsqlProperties:0.27666666666666667
HsqlDatabaseProperties:0.26166666666666666
HsqlHashSet:0.19333333333333333
DatabaseInformationMain:0.19
