WikiPageInfo:0.7566666666666667
JAMWikiServlet:0.29
WikiPageInfoTest:0.17666666666666667
