Tree:0.5833333333333334
PluginMenu:0.4511111111111111
Tabs:0.30666666666666664
ImageEditor:0.24333333333333335
TrashFS:0.22
AbstractSettings:0.19666666666666666
MenuButton:0.17333333333333334
