ShortcutPrefixActiveEvent:0.59
GrabKeyDialog:0.38666666666666666
DefaultInputHandler:0.38333333333333336
