DisplayManager:0.4866666666666667
BufferIORequest:0.33
FontSelector:0.23
FontSelectorDialog:0.22333333333333333
BufferChangeHandler:0.20666666666666667
TextAreaOptionPane:0.18333333333333332
ActionHandler:0.16066666666666668
