Unit:0.6466666666666666
Building:0.45
Tile:0.3933333333333333
ColonyTile:0.37
Colony:0.33
Consumer:0.32600793650793647
UnitType:0.31666666666666665
ColonyProductionTest:0.21666666666666667
TileTest:0.19666666666666666
BuildQueue:0.17666666666666667
ServerColonyTile:0.13333333333333333
