SearchAndReplace:0.40166666666666667
VFSBrowser:0.35333333333333333
PluginManagerProgress:0.31333333333333335
CompleteWord:0.20444444444444446
BrowserView:0.19444444444444445
TOCHandler:0.1927777777777778
HelpViewer:0.13
