Player:0.8333333333333334
TransportMission:0.27666666666666667
MapGenerator:0.22666666666666666
WishRealizationMission:0.21944444444444447
FreeColMenuBar:0.18666666666666668
