PanelWindowContainer:0.17303419
View:0.07717397
jEdit:0.07037177
FloatingWindowContainer:0.06489195
VFSBrowser:0.04934247
EditBus:0.037940543
ActionSet:0.03433718
JARClassLoader:0.032486044
CreateDockableWindow:0.032251954
QuickNotepad:0.03124031
EditAction:0.030419607
SearchAndReplace:0.02950399
DockableWindow:0.029442463
WindowTableModel:0.028865892
BeanShell:0.028639905
XmlParser:0.024544746
DockingOptionPane:0.024112826
Log:0.024092143
DockableWindowContainer:0.020679703
NameSpace:0.017829068
HandlerBase:0.011069467
XmlException:0.005458654
EvalError:0.0027192167
