ScriptExecutor:0.6466666666666666
ScriptPlugin:0.43111111111111117
ScriptCommand:0.28556349206349213
