MDialog:0.5533333333333333
SafeActionHandler:0.4166666666666667
MTextLabel:0.37
