Player:0.6975
ServerPlayer:0.5266666666666666
InGameInputHandler:0.23888888888888885
