Player:0.8166666666666667
PlayerTest:0.36666666666666664
DiplomaticTradeTest:0.17
