EditPane:0.72
SelectionManager:0.4533333333333333
PaintLineBackground:0.32666666666666666
