jEdit:0.5233333333333333
Buffer:0.43333333333333335
MiscUtilities:0.3933333333333333
JEditTextArea:0.37666666666666665
Anchor:0.3272804232804233
ChunkCache:0.31
OffsetManager:0.2833333333333333
DockableWindowManager:0.2597777777777778
BufferChangeListener:0.25567460317460305
BufferIORequest:0.25
TextUtilities:0.25
PluginList:0.23833333333333334
PluginTableModel:0.23333333333333334
VFSBrowser:0.22666666666666666
TextAreaPainter:0.22333333333333333
OptionsDialog:0.22166666666666668
MouseHandler:0.22
FileVFS:0.20333333333333334
PluginInfoBox:0.20333333333333334
BufferChangeHandler:0.18166666666666667
ListUpdater:0.17166666666666666
BufferChangeAdapter:0.16166666666666665
TextRenderer:0.15
InstallPanel:0.12
SizeLabel:0.12
PluginManager:0.09166666666666666
DownloadThread:0.08
ManagePanel:0.043333333333333335
DirectoryEntryCompare:0.015
