Log:0.7266666666666667
CoreEvents:0.3275
UIThreadsUtil:0.2733333333333333
Main:0.14777777777777779
