VersionControl:0.24031095
VersionInfo:0.09214436
VersionException:0.015684454
