Table:0.7482777777777778
RowOutputTextLog:0.44055555555555553
