Player:0.615
Market:0.42
MarketData:0.25
MarketTest:0.22666666666666666
InGameController:0.2
InGameInputHandler:0.2
ServerPlayerTest:0.12666666666666668
