DatabaseManager:0.087264836
HsqlProperties:0.05876373
Trace:0.057255104
