DatabaseInformationFull:0.13942829
DINameSpace:0.13116978
Types:0.1235702
CompiledStatement:0.04561304
Trace:0.03248363
HsqlException:0.0040456434
