MText:0.5033333333333333
Clear:0.42333333333333334
ClearAction:0.14
Output:0.10333333333333333
