Canvas:0.6033333333333334
ReportNavalPanel:0.20666666666666667
ReportForeignAction:0.15333333333333332
ReportNavalAction:0.15333333333333332
ReportHighScoresPanel:0.14333333333333334
ReportForeignAffairPanel:0.07
