UnitType:0.11590241
Goods:0.07878776
Unit:0.016583316
