ColonialAIPlayer:0.47143397
EuropeanAIPlayer:0.24269585
AIPlayer:0.2029336
AIUnit:0.15138711
NewAIPlayer:0.14084709
AIColony:0.1008851
WorkerWish:0.08749261
AIMessage:0.07594618
Wish:0.032140292
AIInGameInputHandler:0.019496862
AIObject:0.010721014
ValuedAIObject:0.001171522
