Constraint:0.6533333333333333
TableWorks:0.38733333333333336
ParserDDL:0.34
