Type:0.6886666666666666
DatabaseInformationFull:0.38666666666666666
ArrayType:0.34
StatementDMQL:0.20222222222222225
DatabaseInformationMain:0.20222222222222225
RowType:0.18
DatabaseInformation:0.16142857142857145
