Statement:0.7033333333333334
StatementDMQL:0.44083333333333335
TransactionManagerMVCC:0.3333333333333333
StatementHandler:0.25
StatementSession:0.15666666666666668
StatementSimple:0.12666666666666668
