MArrayList:0.12776378
ContainerScanner:0.120504655
MMultiPanel:0.09235308
Property:0.08335237
MURLButton:0.06153465
AbstractIterator:0.051325932
MMessage:0.035983525
MFileChooser:0.032386847
MRating:0.026321445
AbstractScanner:0.002836101
