FSHelper:0.2730299
MetaInfo:0.17045708
MountPanel:0.10872165
FSException:0.086531796
