WebPanel:0.077152364
WebProperties:0.040151794
WebDialog:0.02554384
WebException:0.0121451095
WebResult:0.006768597
