Unit:0.6133333333333333
Client:0.3466666666666667
Canvas:0.3333333333333333
Server:0.27666666666666667
ClientMessageHandler:0.24666666666666667
ClientMessageCreator:0.20666666666666667
