GameOptions:0.6733333333333333
SpecificationTest:0.35333333333333333
PreGameController:0.2733333333333333
