FeatureContainer:0.38333333333333336
Specification:0.33666666666666667
Feature:0.32566666666666666
Modifier:0.2966666666666667
Colony:0.2725
InGameController:0.2633333333333333
ColonyTest:0.17333333333333334
