Colony:0.3053949
BuildingType:0.30078962
WorkLocation:0.20158032
Unit:0.16849509
Settlement:0.15885007
ProductionCache:0.15721741
Player:0.14353701
UnitLocation:0.14293179
GoodsType:0.13589418
Specification:0.13547352
UnitType:0.1283138
GoodsLocation:0.106520556
AbstractGoods:0.09724646
FoundingFather:0.08273583
FreeColGameObject:0.08230476
Ability:0.08095606
ProductionInfo:0.07990162
Consumer:0.0780025
FreeColObject:0.0734544
Game:0.06520662
UnitWas:0.063762836
FreeColGameObjectType:0.06313393
Modifier:0.05853563
StringTemplate:0.039265063
FeatureContainer:0.03355213
GameOptions:0.016782641
Locatable:0.012082764
Named:0.0054564835
