UI:0.6333333333333333
MAction:0.3933333333333333
Button:0.38333333333333336
Sidebar:0.3716666666666667
KeyPressedListener:0.2633333333333333
MLinkButton:0.25666666666666665
ToggleButton:0.22111111111111115
MTogglePanel:0.21
