AnsiQueryHandler:0.6416666666666667
DateUtil:0.5153333333333333
WikiSignatureTag:0.15
