Tile:0.44333333333333336
Goods:0.4395555555555556
Player:0.38333333333333336
IndianSettlement:0.24666666666666667
ColopediaPanel:0.23666666666666666
AIColony:0.22666666666666666
