EditorController:0.3599874
EditorSettings:0.0434518
IPopupMenuConstructor:0.017830629
