Table:0.69
NumberSequence:0.37666666666666665
CompiledStatement:0.3233333333333333
DatabaseCommandInterpreter:0.25833333333333336
TextTable:0.21
