MetaInfo:0.7766666666666666
ItemRenderer:0.30666666666666664
FSHelper:0.2733333333333333
