UI:0.044759516
MBorderLayout:0.04437304
MouseGestures:0.0428593
MMainWindow:0.037952818
