Unit:0.7333333333333333
IndianSettlement:0.36666666666666664
InGameController:0.2916666666666667
InGameInputHandler:0.245
SimpleCombatModel:0.23
