OutOfTurnTag:0.36630628
Element:0.21129903
Entry:0.20618916
AggregatedTag:0.12966436
Attributes:0.10732217
Attribute:0.03226257
