MMainWindow:0.06978867
UI:0.06652841
MLogger:0.06399109
Config:0.06256719
OS:0.059493277
MSystemTray:0.055533595
MAboutDialog:0.051055957
MAction:0.04934085
MDialog:0.047872487
MActionInfo:0.047149617
MNotification:0.04423387
MMessage:0.041257486
Preloader:0.03414602
MIcon:0.032069515
MTip:0.031404056
TK:0.031227939
Args:0.0308934
MainView:0.030253978
FS:0.02843125
MInternalFrame:0.023306698
MFrame:0.022500075
Property:0.022197673
Kiosk:0.021600675
MStatusBar:0.0210655
VersionProperty:0.020310294
MSettingsDialog:0.019606829
Net:0.019546174
MFileChooser:0.019149145
BooleanProperty:0.018213639
LogFile:0.014678534
ColorProperty:0.014379577
IntegerProperty:0.013601053
MGraphics2D:0.012566888
MLoginPanel:0.012460215
MDataAction:0.012450342
MCalendarPanel:0.012407154
FileCache:0.012371343
MAuthenticator:0.011471297
StringProperty:0.008783489
MWindow:0.008143013
MSplashScreen:0.008121554
MComponent:0.007479284
MColor:0.004148317
