LinkUtil:0.52
LinkTag:0.30333333333333334
ParserUtil:0.25666666666666665
UpgradeServlet:0.21666666666666667
SearchServlet:0.14
