Property:0.6633333333333333
PluginManager:0.49
Dialog:0.33
PluginDownloader:0.23277777777777775
