ClobDataID:0.75237125
BlobData:0.2216195
BinaryData:0.20655696
BlobType:0.0931811
BlobInputStream:0.070427954
