Table:0.27552527
TableDerived:0.065387875
TableUtil:0.06251015
StatementDML:0.054469552
TableWorks:0.05298009
QueryExpression:0.05123504
QuerySpecification:0.045557205
Constraint:0.045533683
SortAndSlice:0.043251447
SessionData:0.03970938
RowAVLDiskLarge:0.03678885
RowAVLDiskData:0.03665162
RowAVLDisk:0.035092626
ExpressionLogical:0.03266366
StatementCommand:0.03190634
SchemaManager:0.031555694
ParserDDL:0.030914914
RangeVariable:0.030285282
StatementSchema:0.03016807
TextTable:0.030016419
RowAVL:0.029968632
StatementResultUpdate:0.027650464
Row:0.026573516
Database:0.026186738
Session:0.025897501
Routine:0.025747519
RowDiskDataChange:0.024149667
TransactionManagerMV2PL:0.024031404
TransactionManagerCommon:0.023562647
RangeVariableJoined:0.023175701
ParserDML:0.02284077
TransactionManagerMVCC:0.021591231
View:0.020966463
ParserDQL:0.020696051
ParserRoutine:0.018252654
RowAction:0.018023852
StatementSession:0.016587108
ParserCommand:0.016020205
HsqlException:0.004317884
