Table:0.42161646
Constraint:0.37531108
SchemaManager:0.3397726
StatementSchema:0.20275162
ParserDDL:0.19168213
SchemaObject:0.15343875
ConstraintCore:0.14797983
ColumnSchema:0.12934327
Expression:0.0958121
StatementCommand:0.08822394
TableBase:0.08215596
HsqlNameManager:0.079275906
Database:0.072360784
ExpressionLogical:0.04172219
Session:0.041681834
SessionData:0.026832096
SessionManager:0.02259701
ColumnBase:0.020220079
Row:0.016846577
HsqlException:0.010372539
