IntervalType:0.33109292
NumberType:0.24771315
DTIType:0.23810822
DateTimeType:0.21894927
CharacterType:0.1915347
OtherType:0.16731648
BinaryType:0.16375305
BitType:0.15846516
RowType:0.15839644
ArrayType:0.14721549
BooleanType:0.1455102
Types:0.1435486
NullType:0.14112861
IntervalMonthData:0.12106835
ClobType:0.1175811
BlobType:0.11616184
IntervalSecondData:0.11239249
UserTypeModifier:0.10382213
Charset:0.049287736
Collation:0.045125887
BinaryData:0.03245192
