MList:0.55
MMenu:0.43333333333333335
InternetSearch:0.21833333333333332
CompletionWindow:0.19000000000000003
PluginSettingsPage:0.16333333333333333
