FeedComponent:0.5133333333333333
FeedUtils:0.29800000000000004
ScriptComboBox:0.23666666666666666
PluginComboBox:0.15666666666666668
