WikiBase:0.42333333333333334
AnsiDataHandler:0.42
WikiDatabase:0.33666666666666667
JAMWikiServlet:0.2
UpgradeServlet:0.18333333333333332
StylesheetServlet:0.18
