Game:0.9566666666666667
FreeColServer:0.38333333333333336
