MTogglePanel:0.32666666666666666
Panel:0.31166666666666665
TextEditorDesigner:0.3
ToggleButton:0.26666666666666666
ImageEditorDesigner:0.19111111111111112
ToolManager:0.18194444444444446
CharacterAction:0.13
FontButton:0.09333333333333334
ImageInfo:0.07333333333333333
