AbstractLexer:0.34329897
ParserUtil:0.2886245
HtmlCommentTag:0.2501334
NoIncludeTag:0.23930064
WikiHeadingTag:0.23270293
IncludeOnlyTag:0.22950938
HtmlPreTag:0.22642899
WikiLinkTag:0.2241904
WikiSignatureTag:0.21248026
CharacterTag:0.19040573
WikiNowikiTag:0.18192703
TemplateTag:0.17479785
WikiReferenceTag:0.16769902
WikiReferencesTag:0.16605768
