NoteWidget:0.6394444444444445
CalendarComponent:0.41333333333333333
MColorButton:0.41333333333333333
