Utilities:0.91
DiffHelper:0.3044444444444444
XMLUtil:0.2633333333333333
ParserUtil:0.23
DiffUtil:0.21666666666666667
