TaskTable:0.66
TodoEditor:0.39666666666666667
CircleEditor:0.26666666666666666
SetPriorityAction:0.09583333333333334
SetValueAction:0.06666666666666667
SetDateTimeAction:0.06333333333333334
SetCompleteAction:0.013055555555555556
