Handler:0.559674603174603
MacOSPlugin:0.51
AbbrevsOptionPane:0.33
MacOSHandler:0.10666666666666667
MacOSMenu:0.08333333333333333
MacOSOptionPane:0.06
ScriptsMenu:0.056666666666666664
ShowBufferMenu:0.05
ShowRecentDirMenu:0.05
ShowRecentMenu:0.043333333333333335
MacOSActions:0.0
