DTD:0.09357044
Entity:0.08979244
XMLFilter:0.08009858
XMLDialect:0.078546636
Translator:0.02276796
XMLOutOfTurnTag:0.01268193
XMLTag:0.011641207
XMLText:0.011006262
XMLEntityText:0.010958343
XMLIntactTag:0.0101897875
ProcessingInstruction:0.007557539
Comment:0.003529012
