PropertyPanel:0.6566666666666666
Autosave:0.31666666666666665
Advanced:0.23
GeneralSettings:0.18666666666666668
