FileCache:0.19556661
FS:0.085511096
TK:0.06284143
SimpleXMLReader:0.03706558
MLogger:0.028449265
AbstractMarkupBuilder:0.025311777
RegExp:0.020988056
StringList:0.014469856
XMLBuilder:0.0049822903
