FeedComponent:0.03278005
AbstractChannel:0.030147446
FeedException:0.016078334
FeedUtils:0.013499581
AbstractItem:0.012380439
FeedListException:0.010153029
