FS:0.054999363
OS:0.039604925
TK:0.017161878
MLogger:0.00963116
