FreeColServerHolder:0.37170586
InputHandler:0.23889159
PreGameController:0.21718232
InGameController:0.111286
