InputHandler:0.16693585
ConnectController:0.06684944
