MTaskPanel:0.5588888888888889
StaticThrobber:0.46
MSizeGrip:0.3333333333333333
ProxySettings:0.17333333333333334
StaticHandler:0.17333333333333334
