Namespace:0.29128277
LogItem:0.2875457
TopicType:0.26165074
RecentChange:0.21317963
TopicVersion:0.117544755
