Tokens:0.57
Log:0.4377777777777777
User:0.34
UserManager:0.27666666666666667
ParserDDL:0.25
JDBCConnection:0.22666666666666666
ScriptWriterBase:0.22142857142857145
ParserRoutine:0.21
ParserCommand:0.20333333333333334
StatementCommand:0.18333333333333332
TestTypeConversion:0.16333333333333333
ScriptWriterText:0.15666666666666668
