Expression:0.4033333333333333
RowStoreAVLHybridExtended:0.3933333333333333
ParserDQL:0.36
Scanner:0.35333333333333333
RowStoreAVLHybrid:0.335
RangeVariable:0.3333333333333333
ExpressionColumn:0.32666666666666666
RangeVariableJoined:0.27666666666666667
QuerySpecification:0.25
ExpressionColumnAccessor:0.25
ParserDDL:0.18333333333333332
