ArrayUtil:0.59
Session:0.4166666666666667
DateTimeType:0.23666666666666666
TransactionManagerCommon:0.22666666666666666
ExpressionOp:0.17777777777777778
ExpressionLike:0.17
DataFileDefrag:0.16333333333333333
OpTypes:0.155
