EditPane:0.20958787
jEdit:0.19798656
Buffer:0.18716303
View:0.1759064
MacOSPlugin:0.14364706
EBMessage:0.12495019
Macros:0.117885605
VFSBrowser:0.115910955
HyperSearchResults:0.09079757
BufferOptions:0.060092494
