HsqlArrayList:0.3411099
DoubleIntIndex:0.32264555
StringConverter:0.32254177
IntValueHashMap:0.098348536
