ModelController:0.6866666666666666
Map:0.48
Monarch:0.29333333333333333
FreeColServer:0.27
AIMain:0.27
Colony:0.25
MapGenerator:0.22333333333333333
TerrainGenerator:0.2
GUI:0.1975
FreeColClient:0.18666666666666668
ServerPseudoRandom:0.18333333333333332
River:0.18166666666666667
PreGameInputHandler:0.1811111111111111
InGameInputHandler:0.18083333333333335
ClientModelController:0.125
ClientPseudoRandom:0.08666666666666667
InputHandler:0.07333333333333333
