FS:0.9233333333333333
Feed:0.28
Template:0.20666666666666667
