Limit:0.17651889
FreeColObject:0.06091272
Scope:0.055406217
Game:0.04076809
Colony:0.039894845
Player:0.036425017
Settlement:0.029083341
Turn:0.01802813
