TileType:0.20800631
FreeColGameObjectType:0.19395372
FoundingFather:0.14755681
Colony:0.14747196
TileImprovementType:0.1451054
Game:0.13395764
Player:0.13338333
FeatureContainer:0.130723
IndianNationType:0.12957904
Feature:0.12698303
BuildingType:0.11988272
EuropeanNationType:0.1149798
Resource:0.10878865
ColonyTile:0.10737262
Ability:0.10649928
Tile:0.106408864
Building:0.10619846
BuildableType:0.103942476
NationType:0.10350803
Europe:0.100878425
UnitType:0.100530766
GoodsContainer:0.09932213
IndianSettlement:0.09890291
ResourceType:0.09444975
Unit:0.09372272
GoodsType:0.09221863
Settlement:0.087914765
TileItemContainer:0.08750175
Market:0.087018505
TileImprovement:0.086108714
Monarch:0.08246563
FreeColObject:0.0809143
Goods:0.07904217
Modifier:0.07851559
Event:0.077236496
AbstractUnit:0.0756621
Nation:0.074739374
FreeColGameObject:0.073326245
EquipmentType:0.07190988
TradeRoute:0.06746789
AbstractGoods:0.067196555
Limit:0.056414213
SettlementType:0.053968187
UnitTypeChange:0.05330492
PlayerExploredTile:0.051422473
Region:0.05023892
SimpleCombatModel:0.04346747
NationOptions:0.042044297
MarketData:0.040945664
ModelMessage:0.031874783
GameOptions:0.0040021986
