PercentageOption:0.5166666666666667
FreeColClient:0.3466666666666667
SoundPlayer:0.29
PercentageOptionUI:0.23
OptionMapUI:0.19666666666666666
SoundPlayerThread:0.19333333333333333
OptionGroupUI:0.1811111111111111
ClientOptions:0.16
