VFSDirectoryEntryTable:0.22002563
VFS:0.12005818
FileCellRenderer:0.07519414
BrowserView:0.055153616
jEdit:0.050337184
VFSManager:0.041206684
Log:0.020387901
