Player:0.6366666666666667
Game:0.46
MapGeneratorTest:0.39666666666666667
