View:0.5066666666666667
EditPane:0.45666666666666667
BufferSet:0.4266666666666667
BufferSetManager:0.25666666666666665
BufferSetWidget:0.19777777777777777
