Preview:0.11060274
PreviewPanel:0.06315617
AbstractPreview:0.021334564
