AbstractFileCache:0.37868184
Net:0.13986507
SimpleXMLReader:0.066528946
MDownloadDialog:0.06229338
AbstractMarkupBuilder:0.03898114
MApplication:0.017623834
MLogger:0.010638825
Pair:0.005998579
XMLBuilder:0.0042890147
