JFlexLexer:0.5133333333333333
WikiHeadingTag:0.47333333333333333
AbstractHeadingTag:0.12333333333333334
HtmlHeadingTag:0.016666666666666666
