Cache:0.39
Group:0.37
CacheEntry:0.3466666666666667
Entry:0.13666666666666666
CacheException:0.10333333333333333
TestFileCache:0.1
