Widget:0.6433333333333333
Desktop:0.32
MainWindow:0.32
DesktopPanel:0.31333333333333335
DesktopToolBar:0.17333333333333334
WidgetListAction:0.15333333333333332
SelectWidgetAction:0.1
AddWidgetAction:0.09333333333333334
