DefaultDrawingView:0.09343365
DrawingView:0.031077547
Drawing:0.03012899
DrawingEditor:0.018228006
CompositeFigure:0.017020477
Figure:0.016197454
