SegmentBuilder:0.5766666666666667
RealProject:0.4955555555555555
EditorController:0.39666666666666667
