JEditTextArea:0.111742236
ViewRegisters:0.06826905
Java14:0.04822162
HistoryModel:0.047039866
Log:0.020454252
