Widget:0.26085252
Desktop:0.16530465
Pager:0.14770445
WidgetPeer:0.10725243
