jEdit:0.5266666666666666
JEditVisitorAdapter:0.3453333333333334
JEditVisitor:0.3453333333333334
Buffer:0.3233333333333333
View:0.31333333333333335
CompleteWord:0.22444444444444447
SaveCaretInfoVisitor:0.13333333333333333
SetCursorVisitor:0.11
