DatabaseManager:0.6866666666666666
DatabaseManagerSwing:0.4666666666666667
QueryTool:0.31333333333333335
TransferCommon:0.2175
