Settlement:0.35018495
Europe:0.3493818
GoodsContainer:0.3475306
Unit:0.3348659
Locatable:0.31747115
ColonyTile:0.30645427
Colony:0.2671984
UnitContainer:0.26255482
ModelController:0.2454227
Tile:0.24154352
Goods:0.23087777
Player:0.19194445
WorkLocation:0.19167593
FreeColGameObject:0.12198168
