ImportExport:0.6341666666666667
BackupDialog:0.615
DesktopSettings:0.30666666666666664
