Preferences:0.6719999999999999
CommandThread:0.5833333333333334
SearchWindow:0.43333333333333335
