Player:0.7633333333333333
InGameController:0.5966666666666667
SetCurrentPlayerSwingTask:0.14666666666666667
SkipUnitAction:0.13666666666666666
WaitAction:0.13666666666666666
