ArticleList:0.091595575
FeedsFS:0.09030579
FeedsFSPlugin:0.05333213
