Components:0.5766666666666667
PropertyPanel:0.36333333333333334
MRating:0.2633333333333333
MSpinnerPanel:0.23611111111111113
ToolManager:0.2
StaticPropertyHandler:0.19555555555555554
MWhatsThis:0.18333333333333332
