Tile:0.59312606
Goods:0.5233476
Colony:0.48770997
Player:0.47835147
Building:0.46996942
IndianSettlement:0.45991915
Europe:0.37928358
Map:0.37189737
ColonyTile:0.33311728
Settlement:0.23689449
GoodsContainer:0.19404463
Location:0.16225414
PathNode:0.15973137
UnitContainer:0.15543295
ModelMessage:0.1217042
Market:0.11650962
ModelController:0.096938655
Game:0.07334658
FreeColGameObject:0.058745086
Locatable:0.05566687
WorkLocation:0.049912546
FoundingFather:0.044469353
