MColorButton:0.23254277
MColorPicker:0.22755462
MSmallColorButton:0.09660203
MMenu:0.04607806
TK:0.025966436
MPanel:0.025896495
MLabel:0.022477597
MAction:0.021423485
MColorIcon:0.021157028
UI:0.020963501
MButton:0.020781027
MActionInfo:0.014345393
MSmallButton:0.012151745
MSmallColorChooserBeanInfo:0.0065752366
MMenuAdapter:0.005459425
ValueEvent:0.004788667
MDataAction:0.0031307803
