RealProject:0.5666666666666667
StaticUtils:0.5166666666666667
StaticUtilsTest:0.12822222222222224
