jEdit:0.57
JEditTextArea:0.45166666666666666
MiscUtilities:0.38333333333333336
VFS:0.30333333333333334
StatusBar:0.19
MouseHandler:0.17444444444444446
StatusBarOptionPane:0.11
