Figure:0.71
AttributeKey:0.45666666666666667
AbstractFigure:0.29
TransformHandleKit:0.24
MoveHandle:0.24
West:0.23
East:0.23
ResizeHandle:0.20333333333333334
WestHandle:0.2
SouthHandle:0.2
NorthHandle:0.2
EastHandle:0.2
North:0.15666666666666668
South:0.15666666666666668
SouthEastHandle:0.14666666666666667
NorthWestHandle:0.14666666666666667
SouthWestHandle:0.14666666666666667
NorthEastHandle:0.14666666666666667
DefaultDrawingViewTransferHandler:0.14
Vertical:0.13666666666666666
Horizontal:0.13666666666666666
OpenAction:0.13
BoundsOutlineHandle:0.12166666666666667
BezierOutlineHandle:0.11333333333333333
MoveConstrainedAction:0.08333333333333333
