MDialog:0.4988888888888889
TaskTable:0.32166666666666666
DateTimeRenderer:0.21444444444444447
MLinkButton:0.21333333333333335
TaskButton:0.12
