RoundRectangleFigure:0.6733333333333333
PropertyChangeEdit:0.3
RoundRectangleRadiusHandle:0.2633333333333333
