ColonyPanel:0.5266666666666666
TrainDialog:0.20333333333333334
InformationDialog:0.2030952380952381
RecruitDialog:0.17666666666666667
TradeRouteDialog:0.15666666666666668
LoadingSavegameDialog:0.15333333333333332
ConfirmDeclarationDialog:0.12333333333333334
PreCombatDialog:0.08333333333333333
