StandardAIPlayer:0.4447958
NewAIPlayer:0.4108877
ColonialAIPlayer:0.4003116
EuropeanAIPlayer:0.34180942
REFAIPlayer:0.29799265
AIUnit:0.20605876
IndianAIPlayer:0.20094597
AIMessage:0.18467243
AIColony:0.1720483
AIInGameInputHandler:0.118572645
AIMain:0.1068221
TileImprovementPlan:0.08701438
AIObject:0.05063616
Wish:0.0463223
ValuedAIObject:0.020194517
