RowOutputTextQuoted:0.23229721
RowOutputBase:0.13752271
RowOutputInterface:0.058864187
