DOMOutput:0.45398894
DOMFactory:0.08514427
