ActionManager:0.38666666666666666
FreeColMenuBar:0.36333333333333334
Messages:0.33
SelectLanguageAction:0.15666666666666668
