MetaInfo:0.75
AbstractFS:0.3433333333333333
LinkMetaInfo:0.30333333333333334
ExternalFolderList:0.19333333333333333
LinkButton:0.13333333333333333
