MatchesTextArea:0.5233333333333333
MatchesVarExpansion:0.21666666666666667
Result:0.19061111111111112
DiffDriver:0.19
Styles:0.11666666666666667
