ColonyTile:0.26868057
Building:0.23661359
Unit:0.2049817
GoodsContainer:0.19415787
Tile:0.18652342
Settlement:0.17827399
IndianSettlement:0.17813754
Player:0.17268561
Europe:0.16438824
GoodsType:0.13897675
Market:0.1340466
BuildableType:0.12297929
TileImprovement:0.11912864
Goods:0.11874836
BuildingType:0.094165266
PlayerExploredTile:0.08791979
SimpleCombatModel:0.08434122
TileType:0.08261016
ModelMessage:0.08180983
WorkLocation:0.07851408
UnitType:0.07816573
TileItemContainer:0.07814257
ExportData:0.07747167
AbstractGoods:0.073856376
FreeColGameObject:0.06434181
Game:0.060128346
ModelController:0.056105748
Location:0.051229034
Map:0.05050715
FreeColGameObjectType:0.050471716
FreeColObject:0.047698203
FeatureContainer:0.040856898
Ability:0.038395707
Modifier:0.037532315
DiplomaticTrade:0.035020906
Feature:0.034179907
ColonyTradeItem:0.03298573
GameOptions:0.022824826
CombatModel:0.019595359
Locatable:0.011103412
Turn:0.0062288516
Nameable:0.0036599485
