UnitLabel:0.16133983
CargoPanel:0.15958151
DefaultTransferHandler:0.14456525
DragListener:0.13480522
BuildingPanel:0.12829007
BuildingSitePanel:0.08168625
WarehouseDialog:0.063335
BuildQueuePanel:0.057490505
GoodsLabel:0.051730283
FreeColPanel:0.04430217
ProductionLabel:0.03824784
ProductionMultiplesLabel:0.037806656
RebelToolTip:0.032777444
DropListener:0.0056351796
