JFlexParserUtil:0.58
JFlexTagItem:0.43333333333333335
HtmlTagItem:0.28
HtmlHeadingTag:0.16333333333333333
