Parser:0.5338888888888889
Log:0.37166666666666665
StringConverter:0.3577777777777778
