RepositoriesCredentialsDialog:0.48
MainWindowMenuHandler:0.42333333333333334
TeamSettings:0.35
RepositoriesCredentialsController:0.2755555555555555
MainWindowMenu:0.2733333333333333
SVNAuthenticationManager:0.2661111111111111
GITCredentialsProvider:0.24
