JEditTextArea:0.6133333333333333
Buffer:0.5233333333333333
MouseHandler:0.31333333333333335
ActionListHandler:0.25
BufferChangeHandler:0.22333333333333333
InputHandler:0.22111111111111115
EditPane:0.20111111111111113
DockingOptionPane:0.2
PaintSelection:0.13666666666666666
