Tester:0.5233333333333333
BackupDialog:0.36
MZip:0.3566666666666667
CachedImageView:0.26
