Tracker:0.7566666666666667
Armor:0.3333333333333333
Permission:0.1
