Table:0.58
RangeIterator:0.52
RangeVariable:0.45
Expression:0.4266666666666667
ExpressionColumn:0.31666666666666665
RangeVariableResolver:0.31333333333333335
ExpressionLogical:0.31
RowSetNavigator:0.30333333333333334
QuerySpecification:0.2808333333333333
RangeIteratorJoined:0.24
RangeIteratorMain:0.23
TriggerDefSQL:0.21972222222222218
FunctionSQL:0.20666666666666667
StatementDML:0.20333333333333334
SortAndSlice:0.19333333333333333
ExpressionValue:0.19111111111111112
StatementInsert:0.14333333333333334
RangeIteratorBase:0.135
RangeIteratorRight:0.05333333333333334
RangeVariableConditions:0.02666666666666667
