SelectionOpacityIcon:0.32
LinkToolBar:0.21333333333333335
ArrangeToolBar:0.21333333333333335
ViewToolBar:0.21333333333333335
AlignToolBar:0.21333333333333335
ToolsToolBar:0.21333333333333335
FontToolBar:0.21333333333333335
CanvasToolBar:0.19
SVGApplicationModel:0.14666666666666667
ActionsToolBar:0.13
FillToolBar:0.11666666666666667
StrokeToolBar:0.11666666666666667
FigureToolBar:0.10666666666666667
