Unit:0.77
FreeColClient:0.36333333333333334
Colony:0.36333333333333334
InGameController:0.24277777777777781
ColonyPanel:0.22333333333333333
TrainPanel:0.21333333333333335
UnitLabel:0.19
EuropePanel:0.17666666666666667
PurchasePanel:0.15
DragListener:0.12666666666666668
RecruitPanel:0.12
CargoPanel:0.11
BuildingBox:0.043333333333333335
