MapboardAction:0.2431179
ActionManager:0.23153123
