MapEditorMenuBar:0.5597303
FreeColMenuBar:0.33589515
FreeColMenuTest:0.05878415
Canvas:0.042208374
