MapboardAction:0.28907374
ActionManager:0.26710474
