ActionManager:0.28121457
MapboardAction:0.2125153
