MapControlsAction:0.24183054
ActionManager:0.14038347
MapboardAction:0.12076169
