FeedsFS:0.7216666666666667
Fade:0.36666666666666664
