PluginManager:0.7138888888888889
PropertiesPanel:0.5146111111111111
