MPanel:0.72
MIndicator:0.24666666666666667
AbstractRenderer:0.22666666666666666
MCalendar:0.22
MPasswordPanel:0.21
PropertiesPanel:0.20666666666666667
StuffRenderer:0.2
FilterItem:0.19166666666666668
Filters:0.16
MButtonPanel:0.13666666666666666
ActionProperties:0.12333333333333334
ItemRenderer:0.11
Renderer:0.08666666666666667
