QueryEditor:0.22311927
Query:0.114052966
SortMethod:0.008516129
