InGameController:0.48
ServerPlayer:0.41
InGameInputHandler:0.27
TransactionSession:0.2633333333333333
TaxSession:0.24
MonarchActionMessage:0.17733333333333334
NewLandNameSwingTask:0.11
