UI:0.78
Armor:0.33666666666666667
MainWindow:0.24666666666666667
ConsoleIO:0.24666666666666667
