JEditTextArea:0.57
Registers:0.35333333333333333
RegisterViewer:0.2833333333333333
FileVFS:0.27666666666666667
PanelWindowContainer:0.22333333333333333
