StaticUIUtils:0.5866666666666667
SegmentBuilder:0.38333333333333336
EditorTextArea3:0.24
EntryInfoPane:0.21
TagValidationFrame:0.20805555555555558
EntryListPane:0.20805555555555558
TitledTablePanel:0.12666666666666668
