DatabaseManagerSwing:0.13502498
ConnectionDialogCommon:0.12800267
CommonSwing:0.064312786
ConnectionSetting:0.053370103
