Entry:0.57
FilterVisitor:0.43666666666666665
XHTMLFilterTest:0.26666666666666666
HTMLFilter2Test:0.24333333333333335
XLIFFFilterTest:0.15
