Feature:0.5766666666666667
Modifier:0.5066666666666667
Ability:0.36666666666666664
FeatureContainer:0.31666666666666665
ColopediaPanel:0.24333333333333335
