ZaurusConnectionDialog:0.49777558
Transfer:0.14540151
ConnectionDialogCommon:0.10870186
DatabaseManager:0.058707047
ConnectionSetting:0.022952795
