DatabaseManager:0.1321311
DatabaseManagerSwing:0.13154982
ZaurusDatabaseManager:0.06958628
