HsqlByteArrayOutputStream:0.26289657
ArrayUtil:0.13592544
HsqlByteArrayInputStream:0.13160254
