MRating:0.5066666666666667
PropertiesPanel:0.36333333333333334
PropertiesBar:0.25333333333333335
MIndicator:0.17333333333333334
