BuildingTest:0.4388888888888889
SchoolTest:0.4305555555555555
FreeColTestCase:0.2733333333333333
