MCellTip:0.023069568
TK:0.020064613
UI:0.019841785
AbstractIterator:0.016821852
MScrollPane:0.01497232
SimpleTableCellRenderer:0.013320882
Config:0.011796219
MMouseAdapter:0.007947671
MLogger:0.00690092
EnumProperty:0.0053066425
MV:0.0046953214
