Database:0.4033333333333333
Logger:0.37333333333333335
Log:0.36
HsqlDatabaseProperties:0.32416666666666666
ScriptReaderText:0.19333333333333333
ParserCommand:0.18333333333333332
