Unit:0.6520628
Europe:0.35186136
FreeColObject:0.34679157
Colony:0.3409937
GoodsType:0.26639947
Location:0.13904019
Ownable:0.06494578
Player:0.0
Game:0.0
FreeColGameObject:0.0
Specification:0.0
