GUI:0.6466666666666666
InGameController:0.44666666666666666
InGameInputHandler:0.32
PreGameController:0.23
