MAction:0.48
MTimer:0.3283333333333333
SearchBar:0.32066666666666666
EditorQuickFind:0.27777777777777773
MColorChooserDialog:0.2711111111111111
PickerColorChooserPanel:0.24444444444444446
Tracker:0.23444444444444448
StaticHandler:0.15944444444444444
