Widget:0.5272222222222221
MStatusBar:0.4266666666666667
Console:0.3333333333333333
