Editor:0.6333333333333333
Tabs:0.38
TodoEditor:0.25666666666666665
MFlipPanel:0.22666666666666666
ShowGridAction:0.18333333333333332
StaticTaskPanel:0.02666666666666667
