MCalendarPanel:0.72
IconTheme:0.3466666666666667
MDateSpinner:0.29333333333333333
DateTimeDialog:0.26
MGroupLayout:0.22
CategoryList:0.16333333333333333
TestStringList:0.013333333333333334
