Unit:0.9066666666666666
ServerUnit:0.3933333333333333
InGameController:0.25333333333333335
