Utilities:0.5166666666666667
WikiUtil:0.41333333333333333
UtilitiesTest:0.27
LinkUtil:0.25666666666666665
JFlexParser:0.2075
UploadServlet:0.18
ManageServlet:0.17
WikiLinkTag:0.14666666666666667
TranslationServlet:0.13333333333333333
MoveServlet:0.11
ContributionsServlet:0.08333333333333333
