ModelMessage:0.15611497
Game:0.10740946
