TradeRoute:0.47
InGameController:0.44
Stop:0.24666666666666667
TradeRouteInputDialog:0.16333333333333333
