AIColony:0.15491335
AIUnit:0.14820482
AIMain:0.072407044
AIGoods:0.059112977
WorkerWish:0.056361735
AIInGameInputHandler:0.053922858
TileImprovement:0.04300296
GoodsWish:0.040917538
Transportable:0.03535757
AIObject:0.02180374
Wish:0.016292188
