StaticUtils:0.7366666666666667
StaticUtilsTest:0.2833333333333333
TagValidationTool:0.2833333333333333
TranslateEntry:0.24194444444444443
TagOrder:0.12333333333333334
