MText:0.6322222222222222
Reflection:0.5066666666666667
Blend:0.43888888888888894
