Unit:0.7866666666666666
InGameInputHandler:0.2633333333333333
ServerModelController:0.24666666666666667
ClientModelController:0.14333333333333334
InfoPanel:0.13
