JFlexTagItem:0.6566666666666666
JFlexLexer:0.3933333333333333
ParseWikiSyntaxTest:0.29333333333333333
