ProxyModel:0.44666666666666666
Model:0.38333333333333336
ProxyPanel:0.35333333333333333
MSettingsDialog:0.2833333333333333
ProxyManager:0.22555555555555556
Table:0.18
ProxySettings:0.11
