StaticUtils:0.0998662
Log:0.06936428
