MTable:0.19967288
MTableHeader:0.09516832
AbstractListTableModel:0.06162109
MMenu:0.05387991
Config:0.036080718
MActionInfo:0.02278229
MAction:0.021228857
MButton:0.014638262
MArrayList:0.014060584
Kiosk:0.012844626
StringList:0.012623125
MMenuAdapter:0.01128541
MDataAction:0.007572961
MSmallButton:0.00582377
Property:0.0053897
BooleanProperty:0.0021197812
MV:2.3286837E-5
