Console:0.6033333333333334
ScriptCommand:0.30666666666666664
ConsoleCommand:0.2966666666666667
