MActionInfo:0.6133333333333333
Tabs:0.3433333333333333
HistoryCommand:0.29
IconTheme:0.23666666666666666
HistoryDialog:0.16111111111111112
HistoryMenuAction:0.16
HistoryAction:0.14333333333333334
