RowInputTextQuoted:0.4039968
RowInputBase:0.15412407
RowInputInterface:0.09323604
