DataFileCache:0.24268974
Cache:0.07929167
HsqlProperties:0.06683068
HsqlDatabaseProperties:0.06456698
Log:0.057702266
ScaledRAFile:0.053738166
PersistentStore:0.040239148
CachedObject:0.018928465
