MIcon:0.5733333333333334
MLabel:0.4866666666666667
MList:0.27
PreviewPanel:0.25666666666666665
PluginDownloader:0.23111111111111116
PrintPreview:0.23
ItemRenderer:0.20333333333333337
CoolHeader:0.2013888888888889
CalendarComponent:0.14
