Unit:0.6433333333333333
Tile:0.5866666666666667
SimpleCombatModel:0.25
