AbstractSpinner:0.63
MDateSpinner:0.5466666666666666
MNumberSpinner:0.3344444444444445
