AnsiDataHandler:0.42
ImageUtil:0.41333333333333333
Environment:0.4033333333333333
ServletUtil:0.30333333333333334
LinkTag:0.23333333333333334
ImageLinkTag:0.16
AdminServlet:0.15666666666666668
UpgradeServlet:0.13666666666666666
JAMWikiUnitTest:0.05333333333333334
