SVGDrawingPanel:0.4666666666666667
SVGApplet:0.38333333333333336
AbstractDrawing:0.3566666666666667
SVGView:0.30666666666666664
