UITest:0.098804705
AbstractEnumTest:0.046456095
