Chunk:0.18534781
TextAreaPainter:0.13103816
StyleEditor:0.11532871
GUIUtilities:0.10884872
BufferPrintable:0.04229445
StyleTableModel:0.037276942
EditPane:0.032610733
DisplayTokenHandler:0.029791696
SyntaxHiliteOptionPane:0.01811946
