JDBCSQLXML:0.36333333333333334
JDBCPool:0.285
LobManager:0.26166666666666666
ScaledRAFileSimple:0.25
Exceptions:0.23444444444444448
ScaledRAFile:0.22083333333333333
ScaledRAFileNIO:0.20666666666666667
JDBCRowId:0.15944444444444444
