Tool:0.5397777777777778
ImageEditorCore:0.4533333333333333
ToolManager:0.41
AbstractTool:0.29333333333333333
ToolPanel:0.17
