MText:0.44
Kiosk:0.3175555555555555
AutoCompletionData:0.25666666666666665
MURLButton:0.23333333333333334
