TransportMission:0.55
AIPlayer:0.38333333333333336
ColonialAIPlayer:0.295
StandardAIPlayer:0.25666666666666665
