MText:0.7066666666666667
AutoCompletion:0.49333333333333335
LinkEditor:0.23666666666666666
TagsEditor:0.23333333333333334
NoteWidget:0.22
TextChangedListener:0.19
ConsoleCommandLine:0.18666666666666668
CategoryPropertiesPanel:0.18
AddFeedDialog:0.17333333333333334
CommonExtensions:0.06666666666666667
