FS:0.4766666666666667
TextEditor:0.35
RichTextPane:0.32666666666666666
HTMLRichTextPane:0.32
TextEditorDesigner:0.31333333333333335
HighlightAction:0.11666666666666667
