Session:0.71
ScaledRAFile:0.2833333333333333
TestBench:0.2633333333333333
DoubleIntIndex:0.22666666666666666
DataFileDefrag:0.21
RowInputInterface:0.2
TransactionManagerCommon:0.19333333333333333
IntLookup:0.14984920634920637
