Task:0.46
Stuff:0.2966666666666667
PluginInfo:0.2733333333333333
Author:0.25666666666666665
Searchable:0.2
