AIPlayer:0.58
EuropeanAIPlayer:0.5233333333333333
AIMain:0.365
NativeAIPlayer:0.3
PioneeringMission:0.23611111111111113
AIInGameInputHandler:0.22333333333333333
TransportMission:0.21150000000000002
StandardAIPlayerTest:0.17666666666666667
MissionAssignmentTest:0.16666666666666666
TensionTest:0.11666666666666667
