EuropePanel:0.30426294
ColonyPanel:0.24852486
CargoPanel:0.1776086
UnitLabel:0.13713266
TradeRouteInputDialog:0.13634099
GoodsLabel:0.077883884
MarketLabel:0.058821738
DropListener:0.04958261
ImageSelection:0.04486786
FreeColPanel:0.0129218595
SelectAmountDialog:0.0077616014
