MMessage:0.71
PropertyPanel:0.38666666666666666
MNumberSpinner:0.355
ScriptIDE:0.30666666666666664
