Database:0.6283333333333333
CountdownInputStream:0.3944444444444445
