Utilities:0.6566666666666666
WikiUtil:0.42
LinkUtil:0.319047619047619
WikiPageInfo:0.24666666666666667
JAMWikiServlet:0.21444444444444447
ImageUtil:0.185
UploadServlet:0.15666666666666668
ServletUtil:0.155
WatchlistServlet:0.11666666666666667
