JDBCXADataSource:0.119350664
JDBCXAConnectionWrapper:0.07103673
JDBCXAConnection:0.07021207
