Expression:0.29003868
QueryExpression:0.25419495
ExpressionColumn:0.22242454
RangeVariable:0.20492497
RangeVariableJoined:0.19543305
RangeVariableResolver:0.18044741
ParserDML:0.17086826
SortAndSlice:0.12821762
ParserDQL:0.12792948
ExpressionLogical:0.11482928
Table:0.10791759
ParserRoutine:0.10695675
StatementDML:0.098040245
ExpressionAggregate:0.09041773
Constraint:0.08001681
ExpressionOp:0.07433862
SessionContext:0.07205844
TableDerived:0.05590544
ExpressionOrderBy:0.04460003
View:0.042876557
ColumnSchema:0.037552062
ExpressionValue:0.036402076
Session:0.03603634
RangeGroup:0.03155162
TableBase:0.027004624
HsqlNameManager:0.02673504
Database:0.02181317
SchemaObject:0.017483516
SessionData:0.016563404
OpTypes:0.0046379697
ColumnBase:0.0042371606
SqlInvariants:0.0012014396
Tokens:0.0
