ClientConnection:0.41370532
Session:0.22173895
Database:0.024566593
HsqlException:0.018594528
Scanner:0.017152473
TransactionManagerMVCC:0.015905753
ParserCommand:0.0145517215
RowAction:0.014280226
TransactionManagerCommon:0.012316263
Like:0.00864208
