ScriptingWindow:0.05632234
ScriptsMonitor:0.028525017
