ValuePoolHashMap:0.20124553
HashIndex:0.12649749
ValuePool:0.015819093
