Database:0.11333285
DatabaseCommandInterpreter:0.07882674
TableWorks:0.06814046
Trace:0.033981115
HsqlException:0.011327435
