Server:0.1408401
Database:0.10272713
HsqlDatabaseProperties:0.102242626
Log:0.07705048
HsqlProperties:0.07053332
Servlet:0.060306136
Trace:0.05931956
Session:0.055746693
WebServerConnection:0.054134775
SessionManager:0.050802544
ServerConstants:0.049640566
jdbcDriver:0.045698572
DatabaseCommandInterpreter:0.04057014
ServerConnection:0.040562544
LockFile:0.02954469
CompiledStatementExecutor:0.0200529
HsqlException:0.007716151
Record:0.004427776
