DatabaseInformationMain:0.16831096
DatabaseCommandInterpreter:0.15917233
Database:0.15257083
DatabaseInformationFull:0.14305344
Constraint:0.14191332
Index:0.13871643
TableWorks:0.123762354
Result:0.1225852
DINameSpace:0.11982441
DatabaseScript:0.117278755
Expression:0.116984285
TextTable:0.11385488
Session:0.11105334
Select:0.10952921
Parser:0.10492449
CompiledStatementExecutor:0.10390958
Node:0.09948212
Trace:0.09118479
CachedRow:0.09089277
UserManager:0.087199695
Row:0.08718085
Log:0.08462717
TableFilter:0.084555805
Column:0.084111206
Tokenizer:0.08352013
DiskNode:0.08252281
Cache:0.08121064
DITableInfo:0.08119722
DataFileCache:0.07755065
CachedDataRow:0.077151775
CompiledStatement:0.0761389
Logger:0.07164468
PointerNode:0.067215815
TextCache:0.066776134
DataFileDefrag:0.059161544
View:0.05889985
TriggerDef:0.05685792
DatabaseInformation:0.056008995
HsqlNameManager:0.046644267
ConstraintCore:0.042990305
Types:0.0418962
Trigger:0.02978582
Transaction:0.024576075
SessionManager:0.022885628
BaseTable:0.019143062
PointerCachedDataRow:0.018818717
NumberSequence:0.013524888
SubQuery:0.01114732
HsqlException:0.010200447
Record:0.002569032
