ValuePoolHashMap:0.081356555
BaseHashMap:0.010620955
