View:0.0944553
JEditTextArea:0.0857597
Buffer:0.07831793
EditPane:0.06567704
InputHandler:0.058463715
IOProgressMonitor:0.056707907
BufferOptions:0.04794846
jEdit:0.042733025
VFSManager:0.036221445
GUIUtilities:0.032666724
Macros:0.032488726
SearchAndReplace:0.03183128
WorkThreadPool:0.02377511
RecentFilesMenu:0.020354846
DefaultInputHandler:0.016195104
WorkThread:0.012074331
Mode:0.011748082
WorkThreadProgressListener:0.009806473
