JEditTextArea:0.5733333333333334
BufferChangeHandler:0.32666666666666666
ActionSet:0.31083333333333335
FirstLine:0.23333333333333334
PluginJAR:0.19
