TaasDomain:0.7
TaaSClient:0.32666666666666666
SelectDomainUI:0.32666666666666666
TaaSPlugin:0.2733333333333333
ObjectFactory:0.16
SelectDomainController:0.14
TaasDomains:0.12666666666666668
