DataFileCache:0.7566666666666667
RowAction:0.3911111111111111
