MButton:0.4533333333333333
MTextField:0.4533333333333333
InternetSearch:0.29333333333333333
Console:0.2733333333333333
