Game:0.5733333333333334
FreeColGameObject:0.47888888888888886
Unit:0.4033333333333333
Building:0.255
ColonyTile:0.22666666666666666
