ColonyPanel:0.5366666666666666
TransactionLog:0.4483333333333333
EuropePanel:0.36666666666666664
ReportIndianPanel:0.17666666666666667
