InstallThread:0.5083333333333333
TextAreaPainter:0.5066666666666667
SwingInstall:0.18666666666666668
NonInteractiveInstall:0.14
