ColonyTile:0.3925173
Europe:0.36695713
Unit:0.3632748
Settlement:0.35312477
Locatable:0.33329996
Tile:0.32356176
Colony:0.30956212
GoodsContainer:0.297265
Goods:0.29147547
WorkLocation:0.25096375
TileItem:0.23610437
ModelController:0.22822498
Player:0.22274277
ModelMessage:0.17234987
TileItemContainer:0.15728372
SimpleCombatModel:0.15269604
TradeRoute:0.13880932
TradeRouteStop:0.13038544
FreeColGameObject:0.11095948
GoodsTradeItem:0.10825739
DefaultCostDecider:0.044078786
