ComponentAnimation:0.7533333333333333
Message:0.38666666666666666
MStatusBar:0.26666666666666666
MApplication:0.2633333333333333
MDialog:0.22
MText:0.22
Tabs:0.21666666666666667
MMessageLabel:0.21333333333333335
Desktop:0.21166666666666667
MMultiPanel:0.21
MLinkButton:0.20666666666666667
MNotification:0.17
Preview:0.15666666666666668
StaticMouseHandler:0.14
DebugCommand:0.03666666666666667
