Column:0.19829047
Expression:0.0756556
Types:0.05365127
Session:0.026409104
Trace:0.026000123
Database:0.015267387
Collation:0.003077018
HsqlException:0.0019003412
