ChooseFoundingFatherMessage:0.4266666666666667
InGameController:0.4166666666666667
AIMessage:0.2866666666666667
ServerPlayer:0.25666666666666665
InGameInputHandler:0.25333333333333335
AIPlayer:0.24666666666666667
AIInGameInputHandler:0.23444444444444448
ServerAPI:0.23333333333333334
EuropeanAIPlayer:0.21583333333333332
