HelpGenerator:0.505
MSmallColorChooser:0.4033333333333333
MToolBar:0.28
DayButton:0.26
HelpAction:0.14333333333333334
