Player:0.07996942
FreeColObject:0.07702443
Game:0.07123325
FreeColGameObject:0.04679187
Turn:0.020211436
