TK:0.7366666666666667
DefaultPreview:0.31666666666666665
Mods:0.30222222222222217
Editor:0.285
PluginManager:0.20666666666666667
Wizard:0.2
Main:0.18833333333333332
GeneralSettings:0.1838888888888889
MainWindow:0.17083333333333334
