Figure:0.5433333333333333
TransformableFigure:0.5133333333333333
RotateHandle:0.2966666666666667
NonTransformableFigure:0.013333333333333334
