WorkInsideColonyMission:0.3818444
TransportMission:0.38096568
Mission:0.3249921
