ServerAPI:0.11001804
DOMMessage:0.064334005
Connection:0.02799302
