ServerAPI:0.16541095
DOMMessage:0.08257451
Connection:0.037228793
