FSHelper:0.67
AbstractFS:0.4633333333333333
DnDTransferHandler:0.25666666666666665
