InternetSearchPlugin:0.16638085
OpenSearchDescription:0.02513991
