MFileChooser:0.6016666666666667
ItemRenderer:0.29833333333333334
LookAndFeelSettings:0.27666666666666667
