Session:0.47
DataFileCache:0.4
RowStoreAVLHybrid:0.32
SessionData:0.29
RowStoreAVL:0.28065079365079365
SessionContext:0.26944444444444443
PersistentStoreCollectionSession:0.26666666666666666
StatementDMQL:0.21416666666666667
