RowAVL:0.32059288
Row:0.16806933
TableBase:0.042170823
