RowSetNavigatorData:0.67642814
RowSetNavigator:0.09269389
RowIterator:0.05616763
