Token:0.27875617
ParserBase:0.10294754
ParserRoutine:0.06729065
ParserDQL:0.066455506
ParserDDL:0.05080229
ParserCommand:0.04478662
HsqlDateTime:0.030301342
Table:0.029613938
Routine:0.027836522
ParserDML:0.025890209
Constraint:0.020011999
Session:0.015363198
View:0.013221097
ClientConnection:0.008203698
SessionInterface:0.0036285701
Tokens:0.0
