MTaskPanel:0.0269823
MPanel:0.012898212
