UI:0.9033333333333333
MButtonPanel:0.15666666666666668
Advanced:0.15333333333333332
