Tile:0.69341695
Building:0.564914
Colony:0.5386712
Goods:0.5289822
ColonyTile:0.47147772
Europe:0.43588877
Player:0.36909673
IndianSettlement:0.29785854
UnitContainer:0.28495368
GoodsContainer:0.26936355
Settlement:0.2067253
Map:0.19497521
Location:0.19264308
Market:0.18402511
ModelController:0.1060279
FreeColGameObject:0.100323215
Game:0.09807307
ModelMessage:0.073218875
WorkLocation:0.06338473
Locatable:0.063130915
FoundingFather:0.043984897
