MainWindow:0.5933333333333334
Styles:0.4885714285714286
StaticUtils:0.23666666666666666
Preferences:0.19920634920634922
EditorTextArea:0.12
MatchesTextArea:0.07666666666666666
GlossaryTextArea:0.016666666666666666
