Table:0.56
Expression:0.46
Select:0.4066666666666667
View:0.24
DatabaseCommandInterpreter:0.21333333333333335
Parser:0.18666666666666668
DatabaseInformationMain:0.18333333333333332
