GraphicalCompositeFigure:0.42333333333333334
AbstractAttributedFigure:0.42333333333333334
AbstractAttributedCompositeFigure:0.42333333333333334
