Player:0.64
Unit:0.5633333333333334
Colony:0.3566666666666667
InGameController:0.33666666666666667
Stop:0.24444444444444446
PioneeringMission:0.21333333333333335
BuildColonyMission:0.18666666666666668
NewLandNameMessage:0.13666666666666666
UnloadCargoMessage:0.12666666666666668
PayForBuildingMessage:0.12666666666666668
