Console:0.55
PluginSettings:0.44666666666666666
ScriptCommand:0.24666666666666667
