MyMemoryHumanTranslate:0.18401606
MyMemoryMachineTranslate:0.16485511
BaseTranslate:0.07833405
