Canvas:0.8433333333333334
StartGamePanel:0.3244444444444444
GUI:0.26
ShowGameOptionsAction:0.19666666666666666
