PluginInfo:0.7952777777777779
Renderer:0.2991666666666667
