Utilities:0.39
JAMWikiServlet:0.37472222222222223
FileHandler:0.3566666666666667
DatabaseHandler:0.33666666666666667
WikiVersion:0.30333333333333334
SetupServlet:0.20666666666666667
UpgradeServlet:0.03333333333333333
