AIPlayer:0.41957512
AIMain:0.18423194
AIObject:0.17410609
