PreGameController:0.14127056
InputHandler:0.123156525
