Unit:0.49
Game:0.39666666666666667
Canvas:0.31
InGameController:0.2633333333333333
SelectableAction:0.19222222222222224
ReportTurnAction:0.17888888888888888
ReportTurnPanel:0.16
FreeColMenuBar:0.15833333333333333
