ToolEvent:0.4709843
ToolAdapter:0.395121
