ImageResource:0.24836443
ResourceFactory:0.2025239
ResourceManager:0.026353812
ResourceMapping:0.019684099
