MDesktopPane:0.16183001
MMouseAdapter:0.048856754
MPanel:0.043309618
MMenu:0.040981848
MAction:0.035947673
UI:0.031688757
MApplication:0.022646565
MIcon:0.011152764
TK:0.011036483
MActionInfo:0.00762745
MLogger:0.0050271824
