IProject:0.13868065
ProjectTMX:0.11367189
ImportFromAutoTMX:0.067941435
ParseEntry:0.059756067
PrepareTMXEntry:0.05434651
LastSegmentManager:0.050183125
ProjectProperties:0.04844428
TMXEntry:0.0478643
TranslateEntry:0.04652742
SourceTextEntry:0.034406923
ExternalTMX:0.02928436
CommandVarExpansion:0.0155743295
ProjectFactory:0.015320592
EntryKey:0.0084881885
ProtectedPart:0.005628862
