Vars:0.45118253968253963
ItemRenderer:0.37666666666666665
TreeSettings:0.37666666666666665
