MApplication:0.6333333333333333
OS:0.3566666666666667
Args:0.23333333333333334
MAboutDialog:0.22333333333333333
MFileChooser:0.21
AbstractFS:0.20555555555555557
