GraphicalCompositeFigure:0.43333333333333335
TaskFigure:0.4166666666666667
Insets2D:0.32666666666666666
PertView:0.24333333333333335
Main:0.14994444444444444
