Unit:0.6433333333333333
Tile:0.42333333333333334
IndianSettlement:0.3688888888888889
Player:0.36666666666666664
InGameController:0.31666666666666665
Settlement:0.31
ServerPlayer:0.2966666666666667
ColonyTile:0.26
InGameInputHandler:0.21666666666666667
MapGenerator:0.19666666666666666
MapTest:0.19666666666666666
UnitTest:0.19666666666666666
FoundingFatherTest:0.17
MovementTest:0.15333333333333332
ContactTest:0.09666666666666666
DefaultCostDeciderTest:0.08666666666666667
TensionTest:0.07666666666666666
ScoutingMissionTest:0.07666666666666666
ClaimLandMessage:0.07333333333333333
