Canvas:0.5133333333333333
InGameController:0.38333333333333336
ClientOptions:0.2733333333333333
ToAmericaPanel:0.21444444444444447
