Database:0.51
Expression:0.41
Select:0.36666666666666664
DatabaseCommandInterpreter:0.3466666666666667
Function:0.31
DatabaseScript:0.2844444444444445
Parser:0.2833333333333333
DINameSpace:0.27666666666666667
ScriptReaderBase:0.1780952380952381
Tokenizer:0.17666666666666667
ScriptReaderBinary:0.16
CompiledStatementExecutor:0.12333333333333334
ScriptReaderText:0.12333333333333334
ScriptRunner:0.08333333333333333
