DrawingView:0.6733333333333333
SimpleDrawingView:0.47
SimpleDragTracker:0.3466666666666667
SelectionTool:0.27
