ConnectionDialog:0.025047122
ConnectionDialogSwing:0.01691857
ConnectionSetting:0.0091902
