DatabaseManagerSwing:0.073645875
ConnectionDialogCommon:0.06275231
CommonSwing:0.025076587
