DatabaseManager:0.4378524
ZaurusConnectionDialog:0.08742897
ZaurusEditor:0.07272473
DatabaseManagerCommon:0.057925634
Tree:0.026556233
Grid:0.017904202
