Buffer:0.63
BufferIORequest:0.2488888888888889
SearchDialog:0.22388888888888892
ActionHandler:0.15333333333333332
BrowserCommandsMenu:0.15333333333333332
VFSBrowser:0.15083333333333335
GeneralOptionPane:0.11666666666666667
