Transfer:0.3591666666666667
DatabaseManagerSwing:0.35
TransferDb:0.2677777777777778
DatabaseManagerCommon:0.2577777777777778
HsqlDateTime:0.24083333333333334
PopupListener:0.22666666666666666
ZaurusTableForm:0.21666666666666667
DatabaseManager:0.18333333333333332
