Buffer:0.6866666666666666
JEditTextArea:0.5933333333333334
Gutter:0.24333333333333335
BufferChangeHandler:0.20833333333333334
MouseHandler:0.17333333333333334
DropHandler:0.16
TextAreaTransferHandler:0.15
HyperSearchRequest:0.14666666666666667
Java14:0.07333333333333333
TextAreaSelection:0.03222222222222222
