SourceTextEntry:0.43
TestFilterBase:0.37666666666666665
ParseEntry:0.31333333333333335
IParseCallback:0.25883333333333336
TmxComplianceBase:0.17666666666666667
SearchCallback:0.08333333333333333
LoadFilesCallback:0.06
ParseEntryQueueItem:0.006666666666666667
ParsedEntry:0.006666666666666667
