OptionGroup:0.41333333333333333
FreeColClient:0.37
ClientOptions:0.33666666666666667
OptionMap:0.2833333333333333
SoundTest:0.14666666666666667
