Building:0.7433333333333333
AIColony:0.27666666666666667
ServerColony:0.19111111111111112
ReportRequirementsPanel:0.14666666666666667
ProductionCache:0.14333333333333334
BuildingToolTip:0.1
