ZaurusDatabaseManager:0.5690737
Transfer:0.18213959
DatabaseManagerCommon:0.12433373
Tree:0.0808471
ConnectionDialog:0.072044946
Grid:0.067610785
CSVWriter:0.022725724
