ServerConfiguration:0.18156922
Server:0.05505592
WebServer:0.033517208
DatabaseManager:0.021887694
WebServerConnection:0.018005997
HsqlServerFactory:0.011074609
