UI:0.67
MColor:0.44
ItemRenderer:0.2277777777777778
GlassPainter:0.13666666666666666
