SchemaManager:0.6083333333333333
RowStoreAVL:0.5433333333333333
RowStoreAVLHybrid:0.39920634920634923
