Java14:0.13939928
JEditTextArea:0.10226205
ViewRegisters:0.06917595
HistoryModel:0.046201456
Selection:0.027076025
Log:0.020257227
