Registers:0.07396824
jEdit:0.05442623
View:0.045255456
EnhancedDialog:0.02394788
