ScoutingMission:0.25486487
PioneeringMission:0.24059953
BuildColonyMission:0.23907848
WishRealizationMission:0.23611002
UnitSeekAndDestroyMission:0.23021428
CashInTreasureTrainMission:0.20372777
DefendSettlementMission:0.20004764
Mission:0.1979447
