StuffRenderer:0.5956666666666667
GHNSDialog:0.5
PluginRenderer:0.38666666666666666
