Types:0.64
Expression:0.41
DITypeInfo:0.3233333333333333
jdbcParameterMetaData:0.29333333333333333
DataFileCache:0.25
jdbcResultSetMetaData:0.21472222222222223
