Result:0.5222222222222221
Tokens:0.3428174603174603
DataFileCache:0.3233333333333333
FunctionCustom:0.2544444444444445
StatementDMQL:0.24
