MetaInfo:0.65
MTreeItem:0.29333333333333333
MirrorDialog:0.2577777777777778
Node:0.24777777777777782
