Utilities:0.6633333333333333
PersistencyHandler:0.5433333333333333
JAMWikiServlet:0.4666666666666667
EditServlet:0.2633333333333333
