MWhatsThis:0.4766666666666667
MainWindow:0.39722222222222225
Kiosk:0.39533333333333337
