jEdit:0.08297441
AbstractOptionPane:0.042164043
