VFSDirectoryEntryTable:0.13089609
BrowserView:0.11689226
VFSDirectoryEntryTableModel:0.07392756
GUIUtilities:0.059084333
VFS:0.053109143
VFSBrowser:0.03622235
jEdit:0.032094017
FavoritesProvider:0.028713431
HelpTOCPanel:0.013414863
DirectoryProvider:0.006687366
ShowRecentDirMenu:0.0052618426
ShowRecentMenu:0.0052526584
RecentDirectoriesProvider:0.0041502607
RecentFilesProvider:0.0037329341
ShowBufferMenu:0.00347945
