Unit:0.6266666666666667
UnitType:0.5433333333333333
DemotionTest:0.19333333333333333
