ScriptYourself:0.073700294
ScriptError:0.022522312
ScriptExecutor:0.0131882895
