Tree:0.5766666666666667
MTree:0.43
PriorityRenderer:0.2633333333333333
SummaryRenderer:0.2633333333333333
SummaryTree:0.19
