CalendarDesklet:0.26090294
CalendarWidget:0.052810196
