Preview:0.09650644
PreviewPanel:0.085447
AbstractPreview:0.020478643
