Unit:0.8388888888888889
SchoolTest:0.2966666666666667
