EditorController:0.10130914
SegmentBuilder:0.04263453
IEditor:0.02189423
EditorPopups:0.009264837
EditorTextArea3:0.009210459
