jEdit:0.7433333333333333
FileVFS:0.48
MouseHandler:0.30666666666666664
