HelpIndex:0.5666666666666667
StatusBar:0.3433333333333333
Word:0.30333333333333334
HelpFile:0.2733333333333333
ActionHandler:0.24666666666666667
MouseHandler:0.16444444444444445
ResultRenderer:0.12666666666666668
Expansion:0.1
