StringUtil:0.6566666666666666
XMLStreamReader:0.5
StringUtilTest:0.24666666666666667
XMLStreamReaderTest:0.08666666666666667
