ResourceUtil:0.3233333333333333
AnsiDataHandler:0.30333333333333334
WikiUtil:0.28
LuceneSearchEngine:0.25
DiffUtil:0.245
WikiLogger:0.24111111111111114
WikiConfiguration:0.23333333333333334
DatabaseConnection:0.22833333333333333
JFlexParser:0.22666666666666666
ReCaptchaUtil:0.20333333333333334
SpamFilter:0.17
MigrationUtil:0.11
WikiMailAuthenticator:0.09
