InGameController:0.6633333333333333
SimpleCombatModel:0.38266666666666665
