Desktop:0.7716666666666666
NoteWidgetPlugin:0.2833333333333333
