Preferences:0.0669804
TMXWriter:0.065947816
FileUtil:0.06579288
TMXWriter2:0.0541741
ProjectFileStorage:0.05275839
PatternConsts:0.047561772
Log:0.04700985
OConsts:0.036163297
VarExpansion:0.03378015
LFileCopy:0.02556988
OStrings:0.022899866
RuntimePreferences:0.009512386
