UnitType:0.5366666666666666
Specification:0.3333333333333333
UnitTypeChange:0.23111111111111116
TypeReader:0.22444444444444447
UnitTest:0.19666666666666666
FreeColGameObjectType:0.17944444444444446
UnitTypeChangeTest:0.10333333333333333
