jdbcPreparedStatement:0.33193853
jdbcUtil:0.075414196
