DefaultInputHandler:0.5
View:0.4672222222222222
TextAreaOptionPane:0.24333333333333335
