Projects:0.35
IconTheme:0.29
ScriptCommand:0.26666666666666666
AddLinkAddressAction:0.21
ButtonRenderer:0.18
TestAction:0.18
MLinkButtonBeanInfo:0.17666666666666667
LinkEditorPlugin:0.11666666666666667
