Map:0.7366666666666667
InGameController:0.4166666666666667
Animations:0.2733333333333333
