MGuardedObject:0.25630665
BackgroundTaskManager:0.005644842
