ServerPlayer:0.6433333333333333
Europe:0.5033333333333333
InGameController:0.28
