InternetSearchPanel:0.1794561
OpenSearchDescription:0.06229052
