MURLButton:0.065847665
MMessage:0.049122818
CoolHeader:0.047493692
MLogger:0.042684957
MMenu:0.04176871
UI:0.03917339
Config:0.031586163
MApplication:0.029797265
SimpleXMLReader:0.024663923
MLabel:0.024511315
TK:0.024148801
MMainWindow:0.01882845
MMouseAdapter:0.017550755
MDate:0.017308705
MIcon:0.017042572
Net:0.00928019
OS:0.0072603165
Property:0.0055311806
