MURLButton:0.22849897
TK:0.15579319
MMainWindow:0.14343902
MAction:0.028593818
