MAboutDialog:0.055877
MURLAction:0.054563224
MMessage:0.045318693
MDialog:0.04315257
MAction:0.04195008
MMenu:0.041092426
MMainWindow:0.041071218
MButton:0.036554083
MTip:0.03498205
MPasswordPanel:0.030304193
MMouseAdapter:0.030173108
MTextPane:0.029995004
TK:0.029900566
UI:0.027702693
MColor:0.020221671
MClipboard:0.01446953
Net:0.013956243
ColorProperty:0.010515292
Property:0.0072973263
BooleanProperty:0.006126795
Kiosk:0.0060170344
ClipboardException:0.0011640377
