PluginManager:0.33666666666666667
PluginClassLoader:0.32
Permission:0.29
AbstractPlugin:0.2866666666666667
Armor:0.25666666666666665
Mods:0.25333333333333335
PluginPermission:0.16666666666666666
SecurityDialog:0.023333333333333334
