MMenu:0.94
CategoryMenu:0.26666666666666666
Links:0.2413888888888889
TagsEditor:0.22583333333333333
SummaryCategory:0.17
TagsMenu:0.1577777777777778
