ImageEditor:0.5066666666666667
MFontChooser:0.31666666666666665
ConfigFile:0.27
ImageInfo:0.27
ColorProperty:0.22
