Environment:0.7733333333333333
AdminServlet:0.3566666666666667
ParserUtil:0.23333333333333334
