FeedsFS:0.76
AbstractNavigationAction:0.29
FeedsFSPlugin:0.2866666666666667
FeedDownloader:0.24
ArchiveOptions:0.2086111111111111
ArticleList:0.12333333333333334
