PluginList:0.18648934
PluginManager:0.09903635
jEdit:0.084989585
Roster:0.07551774
MiscUtilities:0.045376975
VFSManager:0.041343987
PluginManagerProgress:0.035921667
GUIUtilities:0.03371447
