DataSpaceManager:0.7466666666666667
Table:0.62
TableSpaceManager:0.59
Constraint:0.3466666666666667
Database:0.29333333333333333
RangeVariable:0.26666666666666666
DataFileCache:0.2522222222222222
ParserDDL:0.23666666666666666
TableSpaceManagerDefault:0.23
ExpressionAggregate:0.22666666666666666
DataSpaceManagerBlocks:0.21666666666666667
TableWorks:0.20333333333333334
DatabaseInformationFull:0.20333333333333334
TableSpaceManagerBlocks:0.19
DataSpaceManagerSimple:0.19
TableSpaceManagerText:0.17
TableSpaceManagerSimple:0.17
PersistentStoreCollectionDatabase:0.13166666666666665
