Buffer:0.6733333333333333
JEditTextArea:0.4033333333333333
PanelWindowContainer:0.24666666666666667
FocusHandler:0.24333333333333335
BufferIORequest:0.23666666666666666
LoadSaveOptionPane:0.20666666666666667
UndoManager:0.17333333333333334
BrowserJTree:0.16944444444444443
BrowserView:0.15333333333333332
SwingInstall:0.13666666666666666
MarkersMenu:0.11333333333333333
RecentDirectoriesMenu:0.11333333333333333
OpenWithEncodingMenu:0.09333333333333334
RecentFilesMenu:0.08333333333333333
CurrentDirectoryMenu:0.08333333333333333
