PluginManager:0.18849435
PluginInfo:0.115186684
PluginList:0.09203978
ScriptPlugin:0.08684203
PluginDownloader:0.086618595
LookAndFeelSettings:0.07131227
PluginType:0.047050778
Pluggable:0.04018767
PluginInstaller:0.03712559
PluginRenderer:0.037004963
