Colony:0.1326423
Building:0.12361944
UnitType:0.06942667
GoodsType:0.051786203
BuildableType:0.043556113
Player:0.030230986
ModelController:0.024804743
FreeColObject:0.018396588
FreeColGameObjectType:0.01825013
Modifier:0.014864665
