Player:0.1789687
AbstractUnit:0.1150174
FreeColGameObjectType:0.0951243
UnitType:0.092857525
Building:0.07332272
FreeColObject:0.04255749
