ParserDDL:0.59671414
StatementSchema:0.5285201
Database:0.44958043
Session:0.40847912
StatementTypes:0.32300213
Statement:0.31082934
ParserCommand:0.29360998
SchemaManager:0.27883223
Table:0.22093341
Routine:0.219534
SessionData:0.16483647
TableWorks:0.1645301
Constraint:0.16321741
TextTable:0.16320278
TableBase:0.1589888
SchemaObject:0.1501219
ParserDML:0.14570019
NumberSequence:0.13059734
SessionManager:0.121633776
HsqlException:0.09630411
TransactionManager:0.06591162
DatabaseURL:0.042693336
SqlInvariants:0.03871426
Tokens:0.0
