AIPlayer:0.12480363
AIMain:0.11939745
