Map:0.65
CostDecider:0.48333333333333334
MapTest:0.25666666666666665
BaseCostDeciderTest:0.23333333333333334
BaseCostDecider:0.07333333333333333
AvoidSettlementsCostDecider:0.04666666666666667
AvoidSettlementsAndBlockingUnitsCostDecider:0.04666666666666667
