SelectOption:0.6433333333333333
RangeOptionUI:0.34222222222222226
SelectOptionUI:0.3233333333333333
