InGameController:0.7666666666666667
BuildColonyMission:0.25
MoveToAmericaMessage:0.18666666666666668
MoveToEuropeMessage:0.18666666666666668
