Player:0.15641463
Game:0.11697795
Colony:0.089990094
Unit:0.08397263
Tile:0.07470914
FreeColGameObject:0.0667578
TradeRoute:0.060492102
Building:0.059970576
TileImprovement:0.059525464
SimpleCombatModel:0.056136046
IndianSettlement:0.055589035
Location:0.046793997
UnitType:0.027159676
BuildingType:0.009197102
