Expression:0.54
ArrayUtil:0.45
ParserDQL:0.36333333333333334
RangeIteratorMain:0.26666666666666666
ExpressionLike:0.23333333333333334
RangeVariableResolver:0.20666666666666667
