VFS:0.24347381
VFSBrowser:0.10743679
VFSManager:0.08207324
BrowserView:0.06530478
WorkRequest:0.05739927
jEdit:0.054863743
WorkThread:0.050336357
Log:0.027232096
