InGameController:0.6316666666666667
InGameInputHandler:0.41
FreeColObject:0.4008333333333333
