DOMMessage:0.6933333333333334
InGameInputHandler:0.45
AIInGameInputHandler:0.2633333333333333
