MColorChooserDialog:0.6358333333333334
MColorButton:0.3233333333333333
MSmallColorButton:0.32
PickerColorChooserPanel:0.2966666666666667
