PoFilter:0.44111111111111106
FilterVisitor:0.44
ResourceBundleFilter:0.3333333333333333
