UI:0.76
Style:0.38666666666666666
SimpleListCellRenderer:0.22333333333333333
MColorIcon:0.22
Net:0.22
MTextFieldPanel:0.21333333333333335
MButton:0.21333333333333335
MToolBar:0.19
MAbout:0.16666666666666666
MTip:0.16333333333333333
LinearGradientPainter:0.12333333333333334
SimpleTableCellRenderer:0.1
MetalTitle:0.08
