MainWindow:0.65
Action:0.38666666666666666
Page:0.17666666666666667
