VFSBrowser:0.88
VFSFileChooserDialog:0.3233333333333333
VFSFileNameField:0.29333333333333333
VFSDirectoryEntryTable:0.25333333333333335
ParentDirectoryList:0.14333333333333334
