Animations:0.59
UnitImageAnimation:0.41333333333333333
UnitAttackAnimation:0.33666666666666667
UnitAttackAnimationCanvasSwingTask:0.24
