JFlexParser:0.18988064
WikiLinkTag:0.12744248
TemplateTag:0.113270395
HtmlPreTag:0.10578445
WikiHeadingTag:0.10499631
NoIncludeTag:0.10368475
IncludeOnlyTag:0.10155855
WikiReferenceTag:0.09968482
WikiSignatureTag:0.09509918
HtmlTag:0.07903595
WikiNowikiTag:0.06953093
WikiReferencesTag:0.05752177
