VersionControl:0.5684337
VersionPanel:0.28064644
VersionException:0.062130105
