XHTMLOptions:0.205
HTMLOptions:0.205
OpenXMLOptions:0.205
OpenDocOptions:0.14583333333333334
TextOptions:0.043333333333333335
