AbstractSelection:0.18701993
FS:0.04956428
TK:0.04222941
MLogger:0.01809009
