Link:0.5405555555555556
AbstractItem:0.43
Info:0.014071428571428572
