MTable:0.05110586
MDialog:0.044905853
MActionInfo:0.033165734
AbstractListTableModel:0.032495458
MRenderer:0.019188711
MPanel:0.018878076
UI:0.01639281
MLabel:0.010650484
MButton:0.00979845
WTFError:0.0064291973
