MTable:0.35833333333333334
TodoEditorCore:0.33
TodoEditor:0.3233333333333333
FeedsFS:0.3016666666666667
MainWindow:0.29
RowIterator:0.23333333333333334
