ProjectFileStorage:0.09178653
StaticUtils:0.08554228
OStrings:0.056786776
TMXWriter2:0.04275954
FileUtil:0.040061925
WikiGet:0.03560034
