ParserRuleSet:0.7533333333333333
XModeHandler:0.37
TokenMarker:0.3466666666666667
