Help:0.7520035
HelpContext:0.06719072
