ImageUtil:0.68
LinkUtil:0.5366666666666666
ImageUtilTest:0.14666666666666667
