Unit:0.37056994
ModelController:0.21037066
Location:0.05186507
Ownable:0.03732541
Player:0.0
Game:0.0
FreeColGameObject:0.0
