PluginManager:0.435
ColumnInfo:0.38666666666666666
AbstractListTableModel:0.32666666666666666
Main:0.22111111111111115
ColumnManager:0.21
