ReportPanel:0.09823585
MarketLabel:0.091698945
