Utilities:0.5433333333333333
JAMWikiServlet:0.46
FileHandler:0.33666666666666667
Encryption:0.28
WikiPreparedStatement:0.22333333333333333
PersistencyHandler:0.21833333333333332
XMLUtil:0.21333333333333335
DiffHelper:0.19666666666666666
AdminServlet:0.19333333333333333
TopicServlet:0.16666666666666666
SetupServlet:0.15
DatabaseSearchEngine:0.14
FileSearchEngine:0.13333333333333333
LoginServlet:0.12666666666666668
EditServlet:0.12333333333333334
RSSServlet:0.11
SearchServlet:0.09333333333333334
PrintableServlet:0.09333333333333334
