Location:0.6966666666666667
Unit:0.64
Colony:0.41333333333333333
Europe:0.38333333333333336
IndianSettlement:0.36
Mission:0.29333333333333333
ColonyTile:0.27666666666666667
Building:0.2733333333333333
InGameController:0.22333333333333333
StandardAIPlayer:0.22333333333333333
TransportMission:0.21666666666666667
SimpleCombatModel:0.19333333333333333
BuildColonyMission:0.18666666666666668
SelectDestinationDialog:0.15333333333333332
EquipUnitMessage:0.12333333333333334
