Table:0.65
Tokens:0.62
TableWorks:0.28611111111111115
Constraint:0.27666666666666667
SchemaManager:0.23
SchemaObjectSet:0.2127777777777778
FunctionCustom:0.2088888888888889
TestStoredProcedure:0.20722222222222222
Grantee:0.19333333333333333
