InGameController:0.49333333333333335
IndianDemandMessage:0.3233333333333333
InGameInputHandler:0.23
TransactionSession:0.21666666666666667
ServerGame:0.215
TradeSession:0.2
LootSession:0.14666666666666667
DiplomacySession:0.14666666666666667
DemandSession:0.13333333333333333
