TileImprovementType:0.3458209
TileItemContainer:0.34420022
Tile:0.28981447
Colony:0.16238366
TileType:0.1488415
PlayerExploredTile:0.13770306
Unit:0.12523594
Specification:0.12390075
FreeColGameObject:0.11673424
FreeColObject:0.10550968
Player:0.09797195
Game:0.096268736
GoodsType:0.08598537
Modifier:0.06890523
EquipmentType:0.06830159
TileItem:0.06043829
Named:0.006087419
