AbstractFS:0.14979175
FSHelper:0.14025311
FSProperties:0.09441759
ItemRenderer:0.075851955
MountManager:0.06641424
FSQuery:0.051320903
FSNewFile:0.038569316
FSOpen:0.032577254
FSDynamic:0.028148122
FSException:0.0025253876
FSAction:0.0016094446
