MPanel:0.6866666666666666
MSettingsDialog:0.4166666666666667
MSeparator:0.31
