MatchStatCounts:0.33552563
CalcStandardStatistics:0.26439217
CalcMatchStatistics:0.12627056
Statistics:0.050667018
