FirewallPlugin:0.17764895
jEdit:0.09663675
AbstractOptionPane:0.037263144
