PluginManager:0.20700476
jEdit:0.0692264
GUIUtilities:0.065015644
PluginList:0.030398339
Log:0.023628319
XmlException:0.009461783
