Colony:0.7933333333333333
InGameController:0.48333333333333334
DragListener:0.13666666666666666
