Routine:0.5666666666666667
ErrorCode:0.5496507936507937
SchemaManager:0.46
FunctionSQLInvoked:0.24666666666666667
