Unit:0.6216666666666667
Building:0.41333333333333333
Player:0.3875
Colony:0.33
SchoolTest:0.21333333333333335
ColonyPlan:0.19
ReportColonyPanel:0.16333333333333333
BuildingTest:0.14333333333333334
DragListener:0.12333333333333334
