FeedsFS:0.47
Settings:0.31333333333333335
FeedViewer:0.2833333333333333
MSmallColorChooser:0.2608333333333333
MTimer:0.21666666666666667
FeedsConfigPanel:0.21416666666666667
FeedsFSPlugin:0.16
CustomAdvancedPanel:0.13333333333333333
