MApplication:0.7266666666666667
MainWindow:0.5033333333333333
Main:0.38666666666666666
