DisplayManager:0.2105014
ExtensionManager:0.2001618
JEditTextArea:0.18181993
TextAreaPainter:0.16605803
Gutter:0.098851
Buffer:0.04805876
Chunk:0.031872682
DisplayTokenHandler:0.022425417
TokenMarker:0.020947803
DefaultTokenHandler:0.014593227
Log:0.011939918
Token:0.007691071
Debug:0.005284429
