MTextFieldPanel:0.19790003
MFontChooser:0.04680535
