MDialog:0.18031181
MPasswordField:0.08713505
MMenu:0.059543323
MPanel:0.054944914
MText:0.050059542
MLabeledTextField:0.048768464
MFileChooser:0.04703963
AppAction:0.042523924
MURLButton:0.035341803
MLabel:0.031973522
UI:0.028249294
MButton:0.027283413
FS:0.026460038
MTextFieldPanel:0.025030687
MTextArea:0.024937263
MLogger:0.021803703
MTextPane:0.020462804
MTip:0.01546197
TK:0.013136696
MList:0.012435356
MScrollPane:0.011183499
OS:0.009515334
ContainerScanner:0.005729734
AppInfo:0.005107131
MMouseAdapter:0.004929957
Property:0.002552716
BooleanProperty:0.0016640949
MDocumentAdapter:0.001599669
Uninstantiable:1.0553084E-6
