BitType:0.5818285
CharacterType:0.44755694
BlobType:0.39817962
BinaryData:0.2837232
Type:0.21839935
BlobData:0.18217987
Types:0.0833524
