IndexAVL:0.5324989
NodeAVL:0.115817584
NodeAVLDisk:0.07769243
NodeAVLDiskLarge:0.06643755
