IndexAVLMemory:0.5481053
NodeAVL:0.33603942
Index:0.28764442
