RandomAccessInterface:0.3273174603174603
ScaledRAFile:0.2833333333333333
ScaledRAFileHybrid:0.2758333333333333
ScaledRAFileNIO:0.26027777777777783
ScaledRAFileInJar:0.23616666666666664
ScaledRAFileSimple:0.21
