WebBrowser:0.6466666666666666
MWebBrowserPanel:0.3233333333333333
Help:0.25333333333333335
Browser:0.21333333333333335
CachedImageView:0.21
HTMLViewFactory:0.19333333333333333
DefaultIconLoader:0.13
BrowserViewFactory:0.04622222222222223
