MPanel:0.6633333333333333
AbstractTextEditor:0.2866666666666667
PrintPreviewPanel:0.26666666666666666
PropertiesPanel:0.25666666666666665
NoteWidget:0.245
MWebBrowserPanel:0.22916666666666666
FeedComponent:0.20361111111111113
MAboutDialog:0.18666666666666668
