GUI:0.6066666666666667
CombatOdds:0.4066666666666667
CombatModel:0.3933333333333333
InGameController:0.37666666666666665
Animations:0.24666666666666667
InGameInputHandler:0.19916666666666666
CombatResult:0.15
