Geom:0.6366666666666667
TransformableFigure:0.29
GrowStroke:0.25666666666666665
AbstractLabelFigure:0.23666666666666666
Shapes:0.22666666666666666
Scratchpad:0.16666666666666666
LabelFigure:0.13333333333333333
Subpath:0.04
OffsetStroke:0.03
FlatteningGrowStroke:0.005888888888888889
