Desktop:0.38
PluginInfo:0.36333333333333334
Editor:0.32666666666666666
PluginManager:0.29
InternetSearch:0.22
AbstractPlugin:0.21
PluginSettings:0.21
LookAndFeelPlugin:0.19666666666666666
PluginComboBox:0.19
TreeFS:0.16333333333333333
NoteWidgetPlugin:0.15666666666666668
DeskletWidget:0.1511111111111111
NewWidgetAction:0.12
NewFileAction:0.11666666666666667
StatsDialog:0.11333333333333333
