WikiDatabase:0.3031619
QueryHandler:0.29161826
AnsiQueryHandler:0.19596599
DatabaseConnection:0.1347154
CacheDataHandler:0.01375671
H2DataHandler:0.013712666
DB2400DataHandler:0.013712664
DB2DataHandler:0.013712659
HSqlDataHandler:0.012292511
MSSqlDataHandler:0.0121373115
MySqlDataHandler:0.012061191
SybaseASADataHandler:0.011998589
OracleDataHandler:0.011998587
PostgresDataHandler:0.011998584
