GoodsWish:0.5866666666666667
AIMain:0.3516666666666667
TransportMission:0.3
AIPlayer:0.29333333333333333
AIColony:0.22
