TeddyView : 0.83236337
CharacterSetAccessory : 0.8147973
AbstractView : 0.8324328
MDIApplication : 0.80568385
AbstractToolBar : 0.83805
ToolBarPrefsHandler : 0.81859213
AbstractApplication : 0.8148971
FindDialog : 0.8113836
SDIApplication : 0.80948895
OSXApplication : 0.80335575
SVGDrawingPanel : 0.81966597
AbstractPreferencesAction : 0.8424589
Base64 : 0.7097648
EditCanvasAction : 0.829112
EditGridAction : 0.82814586
ColorFormatter : 0.7962607
BezierDemo : 0.6900671
ColorSliderUI : 0.8117946
DefaultDrawingView : 0.8135492
ViewToolBar : 0.8363513
Figure : 0.7949123
FloatingTextField : 0.8266679
JColorWheel : 0.80874056
OpenFileAction : 0.81856436
MultiEditorSample : 0.81063443
EditorPanel : EditorPanel is not exist in project code
FloatingTextArea : 0.8219681
ViewSourceAction : 0.82139385
ToolBarLayout : 0.8085336
DnDMultiEditorSample : 0.8040622
Drawing : 0.7585621
CreationToolSample : 0.8128087
EditCanvasPanel : 0.8154403
FigureToolBar : 0.8290389
ColorToolTipTextFormatter : 0.8239796
MessagePanel : 0.7997073
LocaleUtil : 0.84186894
EditGridPanel : 0.82849324
SummaryToolBar : 0.8356087
PaletteFontChooserSelectionPanel : 0.8203382
ColorUtil : 0.81095505
