SelectionComponentDisplayer : 0.84492916
BezierTool : 0.86065
SVGDrawingPanel : 0.833506
ConnectionTool : 0.84516555
TextAreaCreationTool : 0.8548958
NetPanel : 0.8344429
DrawingPanel : 0.834561
TextCreationTool : 0.8395211
PertPanel : 0.83340925
ODGDrawingPanel : 0.83599037
DrawApplicationModel : 0.82616574
PathTool : 0.8454167
DrawingEditor : 0.7605812
Methods : 0.8079046
Images : 0.8221851
Bezier : 0.80030024
ToolsToolBar : 0.83907014
DefaultDrawingEditor : 0.8271421
ToolButtonListener : ToolButtonListener is not exist in project code
PertApplicationModel : 0.81416255
ODGConstants : 0.7879454
ColorUtil : 0.7958651
SVGConstants : 0.65493596
ButtonFactory : 0.8145765
ActionUtil : 0.8314421
URIUtil : 0.8008827
AlignToolBar : 0.8387855
ArrangeToolBar : 0.839316
CreationToolSample : 0.83127093
FontToolBar : 0.8335445
ODGApplicationModel : 0.82158923
NetApplicationModel : 0.8180427
ODGAttributeKeys : 0.83357525
DnDMultiEditorSample : 0.8252406
ToolEvent : 0.8546393
ToggleToolBarAction : 0.8501184
ToolAdapter : 0.812225
SelectionTool : 0.8342905
DockingListener : DockingListener is not exist in project code
PaletteToolBarUI : 0.8277958
SVGTextFigure : 0.82306594
