LabelFigure : 0.80158895
FloatingTextArea : 0.77531433
FloatingTextField : 0.7726335
TextAreaFigure : 0.7858392
SVGTextFigure : 0.7911936
TextAreaCreationTool : 0.76400673
TextFigure : 0.7943567
TextCreationTool : 0.775825
SVGTextAreaFigure : 0.7788657
TextAreaEditingTool : 0.77954966
TextEditingTool : 0.7774032
TextOverflowHandle : 0.802959
TextInputFormat : 0.78100216
FontSizeHandle : 0.77180105
FontSizeLocator : 0.70094025
SVGCreateFromFileTool : 0.7443314
FontToolBar : 0.78438264
FontChooserHandler : 0.7409308
ImageInputFormat : 0.771251
ImageTool : 0.7539288
ImageHolderFigure : 0.90142995
SVGAttributeKeys : 0.78099537
TaskFigure : 0.7577253
AttributeKeys : 0.76172715
DefaultSVGFigureFactory : 0.7507419
Tool : 0.8966258
AbstractTool : 0.7889219
SVGFigureFactory : 0.8943659
PaletteColorSlidersChooser : 0.76879776
PertFactory : 0.77172655
Figure : 0.89210343
DrawLiveConnectApplet : 0.7328863
DrawApplet : 0.74612916
DelegationSelectionTool : 0.75133896
PertApplet : 0.74794406
AbstractAttributedFigure : 0.7709132
ImageMapOutputFormat : 0.7649925
DrawView : 0.7496818
NetApplet : 0.7477632
DrawFigureFactory : 0.76019067
ImageFigure : 0.7630554
