Tool : 0.7817634
AbstractTool : 0.8485856
ButtonFactory : 0.82105005
SelectionToolButtonHandler : SelectionToolButtonHandler is not exist in project code
DelegationSelectionTool : 0.85980386
ToolButtonListener : ToolButtonListener is not exist in project code
DefaultDrawingEditor : 0.8469561
SelectionToolSample : 0.8354816
TrackerHandler : TrackerHandler is not exist in project code
Figure : 0.7631349
ToggleToolBarAction : 0.8807118
CreationTool : 0.83429056
SelectionComponentDisplayer : 0.86335474
DrawApplicationModel : 0.82822716
DrawingPanel : 0.83366376
BezierTool : 0.845215
AlignToolBar : 0.84629023
TextAreaCreationTool : 0.84340876
DnDTracker : 0.84504247
SVGApplicationModel : 0.8269652
TextCreationTool : 0.8455478
DrawingEditor : 0.7549421
ColorListCellRenderer : 0.8226841
DrawingView : 0.7629523
EditableComponent : 0.7701476
ToolsToolBar : 0.8429838
ODGDrawingPanel : 0.8343869
DefaultSelectAreaTracker : 0.8553747
ToolEvent : 0.8596666
CreationToolSample : 0.84528655
ArrangeToolBar : 0.8480979
DnDMultiEditorSample : 0.8285794
AbstractFigure : 0.8337553
JFontChooser : 0.84079325
PertPanel : 0.8318303
PertApplicationModel : 0.8155835
DefaultHandleTracker : 0.8609655
FontToolBar : 0.83803195
ToolAdapter : 0.8269618
DockingListener : DockingListener is not exist in project code
PaletteToolBarUI : 0.8317759
