ConnectorHandle : 0.7747053
LineConnectionFigure : 0.7772348
AbstractConnectionHandle : 0.7831762
ConnectionTool : 0.76622903
NodeFigure : 0.7740443
AbstractConnector : 0.794112
ODGEllipseFigure : 0.798957
ODGPathFigure : 0.78392243
ODGRectFigure : 0.79961276
Figure : 0.8970244
EllipseFigure : 0.79316354
RoundRectangleFigure : 0.7906044
ImageFigure : 0.7842172
AbstractFigure : 0.7902287
TriangleFigure : 0.777623
ChopDiamondConnector : 0.77875286
DiamondFigure : 0.77589864
BezierFigure : 0.7953162
ConnectionFigure : 0.91869664
ChopBezierConnector : 0.8117601
ConnectionStartHandle : 0.8049398
ConnectionEndHandle : 0.8055885
ChopRectangleConnector : 0.7738851
StickyRectangleConnector : 0.7961798
ChopRoundRectangleConnector : 0.782829
ChopEllipseConnector : 0.79109585
DrawFigureFactory : 0.75462246
ChopTriangleConnector : 0.7992857
LocatorConnector : 0.8057093
HandleAttributeKeys : 0.0
SmartConnectionFigure : SmartConnectionFigure is not exist in project code
PertFactory : 0.7703895
DependencyFigure : 0.7769261
ConnectionHandler : ConnectionHandler is not exist in project code
TaskFigure : 0.76927996
NetFactory : 0.8019805
ConnectingFiguresSample : 0.7146724
EditorSample : 0.7141162
SmartConnectionFigureSample : 0.71674305
LabeledLineConnectionFigureSample : 0.7531982
ODGInputFormat : 0.7755553
