ConvexHullOutlineHandle : 0.82738644
DrawingOpacityIcon : 0.8353198
DrawingColorIcon : 0.8203541
SelectionOpacityIcon : 0.8347882
EditorColorIcon : 0.8205679
SelectionColorIcon : 0.8277423
SVGTextAreaFigure : 0.8276574
ODGRectFigure : 0.85248464
SVGImageFigure : 0.834007
SVGRectFigure : 0.8571757
SVGEllipseFigure : 0.8607584
ODGEllipseFigure : 0.85069937
SVGTextFigure : 0.8342587
SVGPathFigure : 0.8474888
TextFigure : 0.8215662
CreationTool : 0.7939394
ODGPathOutlineHandle : 0.8289917
BoundsOutlineHandle : 0.82197666
ODGInputFormat : 0.82053936
ButtonFactory : 0.8043744
EnhancedPath : 0.8686423
AbstractHandle : 0.80827844
BezierPath : 0.87444437
ODGAttributeKeys : 0.83643067
Figure : 0.7559037
AttributeKeys : 0.8279892
TriangleFigure : 0.8554773
ImageMapOutputFormat : 0.8380711
ConvexHull : 0.885736
Polygon2D : Polygon2D is not exist in project code
SVGAttributeKeys : 0.83468485
GroupFigure : 0.82706195
DoubleStroke : 0.866739
DefaultDrawingView : 0.8170102
ODGPathFigure : 0.84865063
BezierFigure : 0.86386096
ODGStylesReader : 0.7905051
SVGOutputFormat : 0.71844715
QuadTreeCompositeFigure : 0.8257877
Geom : 0.86224407
GrowStroke : 0.89197993
