OrientationHandle : 0.8149893
AbstractConnector : 0.8055265
StickyRectangleConnector : 0.8423892
ElbowLiner : 0.8053239
GroupFigure : 0.8256542
SlantedLiner : 0.83665144
ChopEllipseConnector : 0.83277196
ChopRectangleConnector : 0.8464268
NodeFigure : 0.813034
CurvedLiner : 0.80686396
AbstractRotateHandle : 0.8289959
BezierPath : 0.8504233
RectangleFigure : 0.8554846
RoundRectangleFigure : 0.8565665
ChopRoundRectangleConnector : 0.8253207
ImageFigure : 0.8309665
StraightLineFigure : 0.83199733
EllipseFigure : 0.85358924
SVGRectFigure : 0.8574819
SVGEllipseFigure : 0.8515557
RoundRectangleRadiusHandle : 0.84436274
ODGEllipseFigure : 0.8434462
ODGRectFigure : 0.853034
BezierScaleHandle : 0.8331504
BezierFigure : 0.8431715
AbstractAttributedFigure : 0.7973147
TriangleFigure : 0.8431006
SeparatorLineFigure : 0.834161
ChopDiamondConnector : 0.80743
EastHandle : EastHandle is not exist in project code
Bezier : 0.8654835
ConnectingFiguresSample : 0.82373804
AbstractLineDecoration : 0.8162663
NorthHandle : NorthHandle is not exist in project code
SouthHandle : SouthHandle is not exist in project code
WestHandle : WestHandle is not exist in project code
SVGBezierFigure : 0.8441585
SVGTextAreaFigure : 0.82333446
QuadTreeDrawing : 0.813822
SVGTextFigure : 0.8290638
Shapes : 0.86224407
