DrawingView : 0.79097235
DrawingEditor : 0.78456575
Tool : 0.8134128
