ConnectorHandle : 0.8229089
BidirectionalConnectionTool : BidirectionalConnectionTool is not exist in project code
LineConnectionFigure : 0.8249064
AbstractConnectionHandle : 0.82995474
ConnectionTool : 0.8126396
Figure : 0.7826492
SVGTextAreaFigure : 0.8093972
SVGRectFigure : 0.8225929
EllipseFigure : 0.8240114
SVGTextFigure : 0.81765926
SVGEllipseFigure : 0.8266228
RoundRectangleFigure : 0.82567215
SVGImageFigure : 0.8147687
SVGPathFigure : 0.8129871
TriangleFigure : 0.81054735
NodeFigure : 0.81296146
BezierFigure : 0.82443595
DiamondFigure : 0.8109816
AbstractFigure : 0.8204471
ConnectionFigure : 0.79489326
ImageFigure : 0.81607985
ChopBezierConnector : 0.82720757
ConnectionEndHandle : 0.84718806
ConnectionStartHandle : 0.8466717
Connector : 0.79411197
ChopEllipseConnector : 0.8252606
ChopDiamondConnector : 0.8073663
StickyRectangleConnector : 0.8187503
ChopRectangleConnector : 0.8227684
ChopRoundRectangleConnector : 0.8143222
DrawFigureFactory : 0.7371388
ChopTriangleConnector : 0.81745124
LocatorConnector : 0.82892126
SmartConnectionFigure : SmartConnectionFigure is not exist in project code
DependencyFigure : 0.82707494
ConnectionHandler : ConnectionHandler is not exist in project code
NetFactory : 0.7762114
PertFactory : 0.74838346
TaskFigure : 0.80337805
ConnectingFiguresSample : 0.7878958
EditorSample : 0.78817743
