ConnectionHandler : ConnectionHandler is not exist in project code
ChildHandler : ChildHandler is not exist in project code
LabeledLineConnectionFigure : 0.84114474
LabeledLineConnectionFigureSample : 0.8511306
Liner : 0.7791324
AbstractConnectionHandle : 0.84779596
Figure : 0.77053016
BidirectionalConnectionTool : BidirectionalConnectionTool is not exist in project code
ConnectorHandle : 0.83906716
ConnectionTool : 0.82887584
AbstractFigure : 0.833978
NetFactory : 0.78895056
LineDecorationIcon : 0.83858436
BezierFigure : 0.8399432
ConnectionEndHandle : 0.85837
ConnectionStartHandle : 0.8564094
ConnectionFigure : 0.7885192
Connector : 0.77723485
AbstractConnector : 0.8249063
LineFigure : 0.85372716
DrawApplicationModel : 0.81086403
DrawingPanel : 0.81534505
StraightLineFigure : 0.8310988
SeparatorLineFigure : 0.8251379
DrawFigureFactory : 0.7576466
LocatorConnector : 0.8346144
ConnectingFiguresSample : 0.83886933
DrawLiveConnectApplet : 0.82398283
NodeFigure : 0.83407044
SmartConnectionFigure : SmartConnectionFigure is not exist in project code
TextFigure : 0.8281601
EllipseFigure : 0.8289886
TriangleFigure : 0.8234191
RoundRectangleFigure : 0.8322545
ChopRectangleConnector : 0.84888345
DependencyFigure : 0.850473
SVGEllipseFigure : 0.8343866
SVGImageFigure : 0.8250846
SVGTextFigure : 0.8270495
SVGPathFigure : 0.8326268
SVGRectFigure : 0.83160466
