ChildHandler : ChildHandler is not exist in project code
GroupAction : 0.8489775
AbstractAttributedCompositeFigure : 0.82934296
UngroupAction : 0.84938633
PresentationFigureHandler : PresentationFigureHandler is not exist in project code
Figure : 0.7652046
GraphicalCompositeFigure : 0.8480032
TransformEdit : 0.8487142
CompositeFigure : 0.7837495
TextFigure : 0.83407944
LineFigure : 0.8479052
SVGFigureFactory : 0.7971601
Drawing : 0.7592817
AbstractDrawing : 0.8410053
ConnectionFigure : 0.7681222
SVGTextAreaFigure : 0.82669634
CreationTool : 0.8340187
DefaultSVGFigureFactory : 0.8561356
ImageOutputFormat : 0.8252199
Layouter : 0.7769238
AbstractFigure : 0.8446351
RectangleFigure : 0.83851403
SVGEllipseFigure : 0.8412601
RoundRectangleFigure : 0.84056985
DiamondFigure : 0.82551205
ImageFigure : 0.83685374
TextAreaFigure : 0.82755256
EllipseFigure : 0.82965004
AlignAction : 0.8380798
CompositeTransferable : 0.79246914
RoundRectangleRadiusHandle : 0.8387224
BezierControlPointHandle : 0.8432949
BezierNodeHandle : 0.8395247
HandleMulticaster : 0.80660003
SVGRectRadiusHandle : 0.838146
SplitAction : 0.8497765
LocatorLayouter : 0.83770645
CompositeTransformEdit : CompositeTransformEdit is not exist in project code
SVGImageFigure : 0.83481145
SVGRectFigure : 0.8390894
HorizontalLayouter : 0.85184926
