ImageMapOutputFormat : 0.848101
SVGView : 0.8326374
ODGView : 0.8235543
DnDMultiEditorSample : 0.8344108
SVGApplet : 0.82278764
PertView : 0.82446104
PertApplet : 0.8283688
NetApplet : 0.82927305
DrawApplet : 0.8297559
PictImageInputFormat : PictImageInputFormat is not exist in project code
ImageInputFormat : 0.84741807
Drawing : 0.7657081
ColorFormatter : 0.8004644
TextInputFormat : 0.84771806
SerializationInputOutputFormat : 0.86005545
DrawView : 0.8291581
NetView : 0.82511514
AbstractDrawing : 0.84930515
DOMStorableInputOutputFormat : 0.8604502
SVGZOutputFormat : 0.8535139
SVGOutputFormat : 0.7269856
MultiEditorSample : 0.8372553
ImageFigure : 0.83656484
SVGImageFigure : 0.8331532
OutputFormat : 0.78842306
SVGInputFormat : 0.715259
ImageTransferable : 0.8445548
Images : 0.84832317
DrawingPageable : 0.85123307
DefaultDrawingViewTransferHandler : 0.8384148
PrintAction : PrintAction is not exist in project code
ODGInputFormat : 0.8325284
ClientHttpRequest : 0.8282911
JavaxDOMOutput : 0.8278274
CreationToolSample : 0.8360584
ImageBevelBorder : 0.83702105
ColorSliderUI : 0.82623786
JColorWheel : 0.8173633
ImageHolderFigure : 0.8052897
SVGDrawingPanelBeanInfo : 0.81234264
JPopupButtonBeanInfo : 0.8119556
