FocusAction : FocusAction is not exist in project code
DefaultAppletApplication : DefaultAppletApplication is not exist in project code
AbstractViewAction : 0.7871899
FloatingTextArea : 0.7626865
Application : 0.87357783
AbstractHandle : 0.76751447
AbstractApplication : 0.76143825
ViewToolBar : 0.7779347
AbstractDrawingViewAction : 0.7723655
ExitAction : 0.76276445
ToolEvent : 0.79007035
AbstractAttributeEditorHandler : 0.7549002
FloatingTextField : 0.7627722
DrawingPanel : 0.7484244
ApplicationModel : 0.86466336
SVGDrawingPanel : 0.7584612
PertPanel : 0.75369173
ODGDrawingPanel : 0.7570217
NetPanel : 0.7539357
CloseAction : CloseAction is not exist in project code
ODGView : 0.7623137
SVGView : 0.77214015
NetView : 0.759969
DefaultApplicationModel : 0.762932
DrawView : 0.7523685
PertView : 0.75474286
ViewSourceAction : 0.75423414
AbstractView : 0.78882736
Handle : 0.8594996
AbstractSaveBeforeAction : AbstractSaveBeforeAction is not exist in project code
ODGPropertiesPanel : 0.75239474
NumberedEditorKit : 0.77777576
DefaultDrawingEditor : 0.74800545
TeddyApplicationModel : 0.76052266
NumberedParagraphView : 0.75492674
ToggleLineNumbersAction : 0.7778612
AbstractDrawingEditorAction : 0.7923277
DrawingEditor : 0.85188997
ToggleStatusBarAction : 0.77964145
ToggleLineWrapAction : 0.78320223
TogglePropertiesPanelAction : 0.77310103
