QuadTreeCompositeFigure : 0.8795643
QuadTree : 0.8487049
QuadTreeEventHandler : QuadTreeEventHandler is not exist in project code
FigureHandler : FigureHandler is not exist in project code
DrawFigureFactory : 0.74909985
DrawView : 0.8061597
SVGView : 0.81557006
QuadNode : QuadNode is not exist in project code
FontCollectionNode : 0.8346198
AbstractFontChooserModel : 0.8205986
StdXMLBuilder : 0.7857822
FontFaceNode : 0.82600164
FontFamilyNode : 0.83452886
DefaultFontChooserModel : 0.8280644
JFontChooser : 0.81331915
BezierPath : 0.8284166
FontChooserHandler : 0.83033884
AbstractDrawing : 0.83090544
DrawingPageable : 0.8237029
EditCanvasPanel : 0.81581974
DrawingPanel : 0.8073319
DefaultDrawingView : 0.8285829
DrawingAttributeEditorHandler : 0.837355
ODGDrawingPanel : 0.8112966
AbstractFigure : 0.83720714
PertPanel : 0.80585396
NetPanel : 0.80710185
EnhancedPath : 0.8254804
FontChooserModel : 0.76623243
PaletteFontChooserUI : 0.819297
SerializationInputOutputFormat : 0.8194487
SVGApplet : 0.8091917
DrawingView : 0.76405203
SVGDrawingPanel : 0.81110823
ODGView : 0.8076426
FloatingTextArea : 0.8371322
NetApplet : 0.81202495
PertApplet : 0.81185293
DrawingComponent : 0.75217533
DrawLiveConnectApplet : 0.8114227
DrawApplet : 0.8137528
