FloatingTextArea : 0.84847504
AbstractHandle : 0.8254262
ViewToolBar : 0.84778625
AbstractDrawingViewAction : 0.84934855
ToolEvent : 0.8518323
AbstractAttributeEditorHandler : 0.85231316
FloatingTextField : 0.8461825
DrawView : 0.8315038
DrawingPanel : 0.8325811
NetView : 0.8315032
SVGDrawingPanel : 0.83095646
PertPanel : 0.8320073
ODGView : 0.83207345
ODGDrawingPanel : 0.83452463
PertView : 0.83116007
NetPanel : 0.8330562
DrawingEditor : 0.74915034
DrawingEditorProxy : 0.8239976
Constrainer : 0.7611556
DefaultDrawingEditor : 0.8365573
FigureSelectionEvent : 0.8458694
Handle : 0.7554516
DrawingView : 0.75879216
AbstractSelectedAction : 0.8515012
BezierTool : 0.8443534
AbstractDrawingEditorAction : 0.84894556
AbstractTool : 0.8338024
AttributeToggler : 0.8356951
ODGPropertiesPanel : 0.8417616
SelectionComponentRepainter : 0.84293926
AbstractDrawing : 0.83582604
DrawingComponentRepainter : 0.84296995
Tool : 0.7667895
DnDDrawingViewTransferHandler : DnDDrawingViewTransferHandler is not exist in project code
DefaultDrawingViewTransferHandler : 0.8406502
ODGPathOutlineHandle : 0.8058971
BezierOutlineHandle : 0.8107401
SVGPathOutlineHandle : 0.8048723
AbstractRotateHandle : 0.82834417
ConnectorHandle : 0.8255101
EditCanvasAction : 0.84356856
