DefaultHandleTracker : 0.82750255
DefaultDrawingView : 0.8254262
DrawingView : 0.77998376
HandleTracker : 0.66695637
Handle : 0.78651905
HandleEvent : 0.8525749
HandleMulticaster : 0.8196911
AbstractConnectionHandle : 0.81987065
ConnectorHandle : 0.81690514
SelectionTool : 0.83321667
GraphicalCompositeFigure : 0.82266337
SVGGroupFigure : 0.81857413
ODGRectFigure : 0.832744
SVGRectFigure : 0.8296093
TransformHandleKit : 0.8227922
ResizeHandleKit : 0.82480705
DefaultSelectAreaTracker : 0.8308706
HandleListener : 0.7840319
SVGEllipseFigure : 0.83186215
SVGImageFigure : 0.82751733
ODGEllipseFigure : 0.8256767
TextFigure : 0.82870746
SVGTextAreaFigure : 0.81945366
AbstractFigure : 0.8313762
TextAreaFigure : 0.82261884
AbstractCompositeFigure : 0.83126247
ODGPathFigure : 0.82527775
SVGTextFigure : 0.8251888
SVGPathFigure : 0.82526803
BezierFigure : 0.82190484
EventHandler : EventHandler is not exist in project code
NullHandle : 0.8234363
LineFigure : 0.8282234
RoundRectangleFigure : 0.8298753
ODGGroupFigure : 0.81909156
JHarmonicColorWheel : 0.82024103
AbstractRotateHandle : 0.8205483
BezierOutlineHandle : 0.82705396
BezierScaleHandle : 0.8202903
AbstractTool : 0.8362461
Tool : 0.7926101
