RotateHandle : 0.869259
HandleAttributeKeys : 0.0
TransformHandleKit : 0.8298244
TriangleFigure : 0.8342237
SVGTextFigure : 0.83250594
GridConstrainer : 0.83253074
DefaultHandleTracker : 0.8255087
DefaultDrawingView : 0.82834417
TriangleRotationHandler : TriangleRotationHandler is not exist in project code
DrawingView : 0.7657703
HandleTracker : 0.6509178
Constrainer : 0.78459877
Handle : 0.7716222
HandleEvent : 0.8488329
HandleMulticaster : 0.8101376
AbstractConnectionHandle : 0.8285293
ConnectorHandle : 0.8212344
AbstractHandle : 0.8205482
SelectionTool : 0.82629895
GraphicalCompositeFigure : 0.82233256
SVGGroupFigure : 0.818284
ODGRectFigure : 0.8457459
SVGRectFigure : 0.8498894
SVGFigureFactory : 0.8010972
ResizeHandleKit : 0.82998645
DefaultSelectAreaTracker : 0.8279829
HandleListener : 0.7679425
SVGEllipseFigure : 0.8472445
SVGImageFigure : 0.83342636
ODGEllipseFigure : 0.8391312
TextFigure : 0.83192396
SVGTextAreaFigure : 0.82705534
AbstractFigure : 0.82358086
TextAreaFigure : 0.82587236
AbstractCompositeFigure : 0.82441705
DefaultSVGFigureFactory : 0.8395084
ODGPathFigure : 0.8357861
SVGPathFigure : 0.8372688
BezierFigure : 0.8333164
EventHandler : EventHandler is not exist in project code
NullHandle : 0.8217371
