BezierPathIterator : 0.8168393
Example : Example is not exist in project code
BezierFigure : 0.86626
LineConnectionFigure : 0.8361577
BezierTool : 0.8335992
HandleAttributeKeys : 0.0
ODGInputFormat : 0.8218002
BezierNodeEdit : 0.8451234
BezierNodeHandle : 0.84284246
BezierControlPointHandle : 0.8499937
SVGFigureFactory : 0.78989595
SlantedLiner : 0.8488216
ElbowLiner : 0.82134277
SVGOutputFormat : 0.72343946
PathTool : 0.83630264
DefaultSVGFigureFactory : 0.85010165
AttributeKeys : 0.8162214
EnhancedPath : 0.8641691
AbstractConnectionHandle : 0.8319059
ConnectionFigure : 0.7818809
Bezier : 0.8607282
SVGPathFigure : 0.85081
ODGPathFigure : 0.85130453
Liner : 0.77241313
LineFigure : 0.8727605
ODGBezierFigure : 0.8542686
SVGBezierFigure : 0.86045253
Node : Node is not exist in project code
ImageMapOutputFormat : 0.83689827
SVGInputFormat : 0.71544224
GrowStroke : 0.87441605
BezierOutlineHandle : 0.82585657
SVGPathOutlineHandle : 0.8251777
BezierDemo : 0.70547295
DoubleStroke : 0.8564776
GeneralPathTip : 0.8364062
Canvas : Canvas is not exist in project code
CombineAction : 0.83720064
TriangleFigure : 0.8430975
Shapes : 0.87444437
BezierScaleHandle : 0.8328013
