SVGCreateFromFileTool : 0.7686201
ImageInputFormat : 0.80326384
PictImageInputFormat : PictImageInputFormat is not exist in project code
ImageTool : 0.78340214
TextInputFormat : 0.8032014
LabelFigure : 0.8011571
FloatingTextField : 0.77781814
FloatingTextArea : 0.78289944
TextAreaFigure : 0.787871
SVGTextFigure : 0.7921622
TextFigure : 0.7944936
TextAreaCreationTool : 0.77496904
TextHolderFigure : 0.9014298
TextAreaEditingTool : 0.7877374
TextEditingTool : 0.7829517
SVGTextAreaFigure : 0.78033173
TextCreationTool : 0.7801729
TextOverflowHandle : 0.7978166
FontSizeHandle : 0.7742714
ImageFigure : 0.7925171
DefaultSVGFigureFactory : 0.76456463
ImageTransferable : 0.80104995
FontSizeLocator : 0.71292925
SVGFigureFactory : 0.89018434
SVGImageFigure : 0.79481083
ImageOutputFormat : 0.8052896
FontChooserHandler : 0.7558514
FontToolBar : 0.7888636
SVGOutputFormat : 0.76563424
SVGView : 0.7884472
ImageBevelBorder : 0.808778
Images : 0.7792802
ColorSliderUI : 0.7782133
JColorWheel : 0.7627903
DrawView : 0.76837504
SVGInputFormat : 0.7628464
ODGView : 0.775641
OutputFormat : 0.8950326
ImageMapOutputFormat : 0.7842151
DrawFigureFactory : 0.73762536
DOMStorableInputOutputFormat : 0.80853665
