AbstractDrawing : 0.78905994
Drawing : 0.8197174
ColorFormatter : 0.767891
SVGZInputFormat : 0.78864014
ODGInputFormat : 0.771211
SerializationInputOutputFormat : 0.8038095
PictImageInputFormat : PictImageInputFormat is not exist in project code
DOMStorableInputOutputFormat : 0.8023698
ImageInputFormat : 0.7855285
SVGInputFormat : 0.75058144
TextInputFormat : 0.79327804
MultiEditorSample : 0.7393511
SVGView : 0.7741435
PertView : 0.75555515
PertApplet : 0.7499887
DrawView : 0.75752157
NetApplet : 0.7510962
DrawApplet : 0.74948174
DnDMultiEditorSample : 0.73379326
ODGView : 0.76151484
NetView : 0.7609751
SVGApplet : 0.7553405
DefaultDrawingViewTransferHandler : 0.7592047
SVGImageFigure : 0.7653176
ImageFigure : 0.7622663
CompositeFigure : 0.85393435
AttributeKey : 0.7740417
CreationToolSample : 0.72348875
DrawingPageable : 0.7701867
ImageOutputFormat : 0.78421474
JavaxDOMInput : 0.7315558
ElbowLiner : 0.7747898
AbstractTool : 0.7814056
SheetEvent : 0.7973815
ResourceBundleUtil : 0.7600482
SVGZOutputFormat : 0.80001915
SVGOutputFormat : 0.74981815
JLifeFormattedTextField : 0.75928533
ImageMapOutputFormat : 0.7698199
JLifeFormattedTextArea : 0.7922261
NanoXMLDOMInput : 0.7490145
