LabelFigure : 0.80158895
FloatingTextField : 0.7726335
FloatingTextArea : 0.77531433
TextAreaFigure : 0.7858392
SVGTextFigure : 0.7911936
TextFigure : 0.7943567
TextAreaCreationTool : 0.76400673
TextAreaEditingTool : 0.77954966
TextEditingTool : 0.7774032
SVGTextAreaFigure : 0.7788657
TextCreationTool : 0.775825
TextOverflowHandle : 0.802959
TextInputFormat : 0.78100216
FontSizeHandle : 0.77180105
FontSizeLocator : 0.70094025
SVGCreateFromFileTool : 0.7443314
FontToolBar : 0.78438264
FontChooserHandler : 0.7409308
ImageInputFormat : 0.771251
PictImageInputFormat : PictImageInputFormat is not exist in project code
ImageTool : 0.7539288
SVGAttributeKeys : 0.78099537
ImageHolderFigure : 0.90142995
TaskFigure : 0.7577253
AttributeKeys : 0.76172715
DefaultSVGFigureFactory : 0.7507419
Tool : 0.8966258
AbstractTool : 0.7889219
SVGFigureFactory : 0.8943659
PertFactory : 0.77172655
DrawLiveConnectApplet : 0.7328863
DrawApplet : 0.74612916
Figure : 0.89210343
PertApplet : 0.74794406
DelegationSelectionTool : 0.75133896
AbstractAttributedCompositeFigure : 0.7712409
AbstractAttributedFigure : 0.7709132
ImageMapOutputFormat : 0.7649925
NetApplet : 0.7477632
ImageFigure : 0.7630554
DrawFigureFactory : 0.76019067
