VerticalGridLayout : 0.83992976
JPopupButton : 0.8251752
BezierFigure : 0.831281
ListFigure : 0.7941248
LabeledLineConnectionFigure : 0.8600664
EditGridPanel : 0.8453498
CharacterSetAccessory : 0.84814674
PaletteToolBarUI : 0.8241075
WheelsAndSlidersMain : 0.83833456
TextAreaFigure : 0.83641785
PaletteLabelUI : 0.84694606
SVGTextAreaFigure : 0.83750695
ODGView : 0.8154438
ColorWheelChooser : 0.7868438
ColorSliderUI : 0.8532596
JColorWheel : 0.83430463
ArrangeAction : ArrangeAction is not exist in project code
TeddyView : 0.81731
PertView : 0.8171909
NetView : 0.8160584
DrawView : 0.81708676
AbstractCompositeFigure : 0.85514885
ColorWheelImageProducer : ColorWheelImageProducer is not exist in project code
ToolBarPrefsHandler : 0.8263044
FindDialog : 0.78688556
CompositeFigure : 0.75286096
TextFigure : 0.83396727
ToolBarLayout : 0.84215945
LayouterSample : 0.8784452
Vertical : Vertical is not exist in project code
PaletteRootLayout : PaletteRootLayout is not exist in project code
LocatorLayouter : 0.8772509
DefaultOSXApplication : DefaultOSXApplication is not exist in project code
FloatingTextArea : 0.83946276
JAttributeSlider : 0.8147727
GridConstrainer : 0.84440583
PlacardScrollPaneLayout : 0.8715684
TaskFigure : 0.8236614
MultiEditorSample : 0.84450984
FileIconsSample : 0.86417055
CreationToolSample : 0.8559032
