Example : Example is not exist in project code
BezierPathIterator : 0.8047896
BezierFigure : 0.8524403
BezierNodeEdit : 0.818391
BezierScaleHandle : 0.83485377
BezierControlPointHandle : 0.8385489
AbstractConnectionHandle : 0.81794935
BezierTool : 0.81886894
ODGBezierFigure : 0.8407462
ChopBezierConnector : 0.820305
BezierPath : 0.8607282
SVGBezierFigure : 0.8540211
BezierOutlineHandle : 0.8111951
HandleAttributeKeys : 0.0
ConnectionStartHandle : 0.82095736
BezierNodeHandle : 0.8286643
SVGOutputFormat : 0.7220804
ODGInputFormat : 0.8130674
ConnectionEndHandle : 0.8204829
LineConnectionFigure : 0.82109785
SVGFigureFactory : 0.7919837
DefaultSVGFigureFactory : 0.84950465
PathTool : 0.82444584
SVGPathFigure : 0.8383532
ODGPathFigure : 0.83993816
AttributeKeys : 0.8080235
ConnectionFigure : 0.7765616
SlantedLiner : 0.84223276
ElbowLiner : 0.80949837
BezierLabelLocator : 0.85647595
BezierPointLocator : 0.86139536
BezierDemo : 0.6995919
LineFigure : 0.8563763
ImageMapOutputFormat : 0.8273314
EnhancedPath : 0.845988
Node : Node is not exist in project code
DrawFigureFactory : 0.75359607
SVGInputFormat : 0.71450686
SVGPathOutlineHandle : 0.8079476
Liner : 0.76606977
Canvas : Canvas is not exist in project code
