AbstractToolBar : 0.8350781
NetPanel : 0.8351083
AbstractTool : 0.8401218
SelectionComponentRepainter : 0.83897805
AbstractDrawingEditorAction : 0.85766935
ToolButtonListener : ToolButtonListener is not exist in project code
AbstractSelectedAction : 0.85979015
DrawingOpacityIcon : 0.83158165
AttributeToggler : 0.84097975
SelectionOpacityIcon : 0.8304841
AbstractDrawingViewAction : 0.8600948
ODGDrawingPanel : 0.8349265
EditorColorIcon : 0.83963835
DrawingColorIcon : 0.83544314
DefaultDrawingView : 0.8365573
SVGDrawingPanel : 0.8323473
SelectionColorIcon : 0.8370785
DrawingPanel : 0.831995
SelectionComponentDisplayer : 0.85668784
ODGPropertiesPanel : 0.8413648
DrawingComponentRepainter : 0.8391153
PertPanel : 0.83404016
NetView : 0.8331246
ConnectionTool : 0.81688684
PertView : 0.83281916
ODGView : 0.83387053
DrawView : 0.8318968
AbstractAttributeEditorHandler : 0.8588882
DrawingEditorProxy : 0.8340843
SelectionTool : 0.846956
PertApplicationModel : 0.82072073
NetApplicationModel : 0.826981
DrawApplicationModel : 0.83319134
SVGApplicationModel : 0.8342796
ODGApplicationModel : 0.83187246
DrawingView : 0.7554656
DrawingAttributeEditorHandler : 0.84274465
TextAreaEditingTool : 0.83998483
West : West is not exist in project code
South : South is not exist in project code
AlignAction : 0.8336685
