BezierNodeEdit : 0.84303355
BezierTool : 0.83650225
BezierScaleHandle : 0.8376228
BezierControlPointHandle : 0.85480887
AbstractConnectionHandle : 0.8368912
ODGBezierFigure : 0.8568217
SVGBezierFigure : 0.8625518
BezierOutlineHandle : 0.83744544
ODGInputFormat : 0.82378703
ChopBezierConnector : 0.83370084
SVGPathFigure : 0.85469854
ODGPathFigure : 0.85504943
BezierNodeHandle : 0.84731835
DefaultSVGFigureFactory : 0.85171646
ConnectionEndHandle : 0.8492596
SVGFigureFactory : 0.8057697
SVGOutputFormat : 0.73001033
PathTool : 0.84846497
BezierLabelLocator : 0.8531579
BezierPointLocator : 0.87024415
Example : Example is not exist in project code
LineFigure : 0.871123
ImageMapOutputFormat : 0.8398397
DrawFigureFactory : 0.7654367
BezierPathIterator : 0.8235218
AttributeKeys : 0.8111477
Bezier : 0.85244036
SVGInputFormat : 0.72272074
Liner : 0.79652643
BezierPath : 0.86626005
CombineAction : 0.84086037
LineConnectionFigure : 0.83994323
DrawApplicationModel : 0.80463994
HandleAttributeKeys : 0.0
DrawingPanel : 0.81523573
ElbowLiner : 0.8324833
RestoreDataEdit : RestoreDataEdit is not exist in project code
ConnectionStartHandle : 0.8487387
TriangleFigure : 0.84528166
AbstractFigure : 0.83228815
CreationTool : 0.81783795
