DefaultAppletApplication : DefaultAppletApplication is not exist in project code
PertApplet : 0.85170937
NetApplet : 0.8525169
DrawApplet : 0.85217
SVGConstants : 0.65428257
DrawLiveConnectApplet : 0.8536328
FormListener : FormListener is not exist in project code
SVGPathFigure : 0.82770854
SVGView : 0.84168774
DefaultSVGFigureFactory : 0.8279357
SVGRectRadiusUndoableEdit : SVGRectRadiusUndoableEdit is not exist in project code
SVGApplicationModel : 0.83267725
SVGOutputFormat : 0.69526064
SVGAttributedFigure : 0.83668715
SVGBezierFigure : 0.83216846
SVGInputFormat : 0.6890658
SVGGroupFigure : 0.8204451
SVGPathOutlineHandle : 0.79514205
ODGConstants : 0.80609894
SVGRectRadiusHandle : 0.82402307
SVGTextFigure : 0.82457536
SVGTextAreaFigure : 0.82015246
ConvexHullOutlineHandle : 0.79772085
SVGEllipseFigure : 0.8214081
SVGZInputFormat : 0.836709
SVGDrawingPanel : 0.83910125
PathTool : 0.8155058
SVGAttributeKeys : 0.8310405
SVGRectFigure : 0.82437277
SVGImageFigure : 0.82220095
ImageMapOutputFormat : 0.82706445
ODGAttributeKeys : 0.83297724
CombineAction : 0.8346086
ODGDrawing : 0.839837
SplitAction : 0.83326024
Main : 0.8564912
ViewSourceAction : 0.8516133
ODGInputFormat : 0.814737
ToolsToolBar : 0.8467561
SVGCreateFromFileTool : 0.8288801
SVGDrawingPanelBeanInfo : 0.80950046
