HandleMulticaster : 0.8188851
DefaultDrawingView : 0.8095023
SVGGroupFigure : 0.81215096
GraphicalCompositeFigure : 0.808879
DefaultHandleTracker : 0.8112406
DefaultSelectAreaTracker : 0.81215954
SVGRectFigure : 0.8334513
ODGRectFigure : 0.8371855
SVGEllipseFigure : 0.8361644
SVGImageFigure : 0.8235147
ODGEllipseFigure : 0.83201194
ODGGroupFigure : 0.8121007
AbstractFigure : 0.8167754
TextAreaFigure : 0.82250595
AbstractCompositeFigure : 0.8130409
SVGTextAreaFigure : 0.8214429
RoundRectangleFigure : 0.83235264
SVGPathFigure : 0.8271389
ODGPathFigure : 0.82816255
TextFigure : 0.82914424
TriangleFigure : 0.8222458
LineFigure : 0.83263445
SVGTextFigure : 0.8294504
ODGBezierFigure : 0.82337964
SVGBezierFigure : 0.8309365
BezierFigure : 0.8363347
NodeFigure : 0.80471057
TaskFigure : 0.7996282
BezierNodeHandle : 0.8289227
AbstractConnectionHandle : 0.8191469
DrawingView : 0.7910732
HandleTracker : 0.6809658
Handle : 0.81210494
HandleEvent : 0.8365537
ConnectorHandle : 0.8091284
LinkToolBar : 0.8214009
SVGAttributeKeys : 0.83164454
AbstractHandle : 0.8199925
SelectionTool : 0.8177171
AbstractApplication : 0.78723764
AbstractAttributeEditorHandler : 0.805862
