FloatingTextArea : 0.7762245
AbstractHandle : 0.7799837
ViewToolBar : 0.7834017
AbstractDrawingViewAction : 0.775572
ToolEvent : 0.80195326
AbstractAttributeEditorHandler : 0.76203334
FloatingTextField : 0.7747874
DrawView : 0.75783193
DrawingPanel : 0.7601487
NetView : 0.7668487
SVGDrawingPanel : 0.7644263
PertPanel : 0.763796
ODGView : 0.76864225
ODGDrawingPanel : 0.76824194
PertView : 0.7610701
NetPanel : 0.7643033
DrawingEditor : 0.8541932
DrawingEditorProxy : 0.792219
Constrainer : 0.8616896
DefaultDrawingEditor : 0.7554656
FigureSelectionEvent : 0.7976404
Handle : 0.8648754
AbstractSelectedAction : 0.77403545
BezierTool : 0.7719858
AbstractDrawingEditorAction : 0.7945532
AbstractTool : 0.7909724
AttributeToggler : 0.80542296
ODGPropertiesPanel : 0.762638
SelectionComponentRepainter : 0.74160385
AbstractDrawing : 0.7906008
DrawingComponentRepainter : 0.72886324
Tool : 0.8712008
DnDDrawingViewTransferHandler : DnDDrawingViewTransferHandler is not exist in project code
DefaultDrawingViewTransferHandler : 0.76205635
ODGPathOutlineHandle : 0.7903533
BezierOutlineHandle : 0.79592764
SVGPathOutlineHandle : 0.7890246
AbstractRotateHandle : 0.7657703
ConnectorHandle : 0.7566806
EditCanvasAction : 0.77260345
DrawApplicationModel : 0.76230675
