JLifeFormattedTextField : 0.8356872
EditGridPanel : 0.8414538
EditCanvasPanel : 0.81391
StreamPosTokenizer : 0.8351358
FontFormatter : 0.8650052
ODGPropertiesPanel : 0.82493377
ResourceBundleUtil : 0.82912064
ColorFormatter : 0.813905
ButtonFactory : 0.79965335
JLifeFormattedTextArea : 0.841936
ViewToolBar : 0.8276193
StrokeToolBar : 0.8396328
CanvasToolBar : 0.8324857
FontToolBar : 0.8345396
Polygon2D : Polygon2D is not exist in project code
NumberedParagraphView : 0.8416154
FigureToolBar : 0.82848287
FillToolBar : 0.84083754
IXMLValidator : 0.77388185
ValidatorPlugin : 0.78644955
Base64 : 0.712941
InputStream : InputStream is not exist in project code
OutputStream : OutputStream is not exist in project code
IXMLElement : 0.7874491
DrawingPageable : 0.83393365
SegType : SegType is not exist in project code
NumberedViewFactory : 0.8482143
XMLElement : 0.83244485
VerticalGridLayout : 0.8364435
CDATAReader : 0.8247129
PIReader : 0.8285369
StackedReader : StackedReader is not exist in project code
TeddyView : 0.83648074
ToggleLineNumbersAction : 0.8100225
Drawing : 0.7667263
NumberedEditorKit : 0.85163766
DrawingView : 0.7809719
Double : Double is not exist in project code
Float : Float is not exist in project code
SVGOutputFormat : 0.7108055
StdXMLReader : 0.8148978
