ODGApplicationModel : 0.85035074
DrawApplicationModel : 0.8429838
DrawingPanel : 0.8433994
ZoomEditorAction : 0.856419
ZoomAction : 0.84283257
DOMStorableInputOutputFormat : 0.81972116
ODGDrawingPanel : 0.8419773
NanoXMLDOMOutput : 0.809471
JavaxDOMOutput : 0.8119935
DrawView : 0.8311455
PertView : 0.8279948
ODGView : 0.8286687
StrokeToolBar : 0.8548251
SVGInputFormat : 0.6997511
PertPanel : 0.8370381
PertApplicationModel : 0.828817
EditCanvasPanel : 0.8475607
NumberedEditorKit : 0.8333912
ActionsToolBar : 0.84741
NetView : 0.8278163
NumberedParagraphView : 0.822657
ToolsToolBar : 0.8461239
NetApplicationModel : 0.83526844
NetPanel : 0.83766854
ResourceBundleUtil : 0.824064
FontToolBar : 0.84502494
NanoXMLDOMInput : 0.79407835
JavaxDOMInput : 0.8090314
FillToolBar : 0.8533959
ODGPropertiesPanel : 0.86340237
ViewToolBar : 0.85347813
DefaultDrawingView : 0.8265967
FindDialog : 0.8181812
BezierDemo : 0.69979703
DrawLiveConnectApplet : 0.82830405
JDisclosureToolBar : 0.8493775
FigureToolBar : 0.8493771
PaletteButtonUI : 0.8574159
DefaultSVGFigureFactory : 0.83120227
ODGFigureFactory : 0.0
DefaultDOMFactory : 0.79635394
