DrawingPageable : 0.76028293
EditCanvasPanel : 0.7373248
DrawingPanel : 0.73805624
DefaultDrawingView : 0.7404562
DrawingAttributeEditorHandler : 0.7600975
ODGDrawingPanel : 0.7465022
AbstractFigure : 0.7655599
PertPanel : 0.74112105
NetPanel : 0.74176645
SerializationInputOutputFormat : 0.7660939
SVGApplet : 0.7357786
DrawingView : 0.83165973
SVGDrawingPanel : 0.7417955
ODGView : 0.74308336
FloatingTextArea : 0.75963336
AbstractDrawing : 0.77692884
NetApplet : 0.73403096
PertApplet : 0.7337767
DrawingComponent : 0.8279271
DrawLiveConnectApplet : 0.7263666
DrawApplet : 0.73302263
OutputFormat : 0.82228273
MultiEditorSample : 0.7105443
Connector : 0.84091103
DrawView : 0.73614824
NetView : 0.7422754
AbstractAttributeEditorHandler : 0.7394956
Tool : 0.8333028
PertView : 0.7376407
AbstractToolBar : 0.7397714
DelegationSelectionTool : 0.7383207
AbstractTool : 0.76164156
SelectionComponentRepainter : 0.7313923
AbstractDrawingEditorAction : 0.75860596
DrawingEditorProxy : 0.75937694
AbstractHandle : 0.75731534
Constrainer : 0.8397618
ToolButtonListener : ToolButtonListener is not exist in project code
AbstractSelectedAction : 0.7429651
DrawingOpacityIcon : 0.7281825
ViewToolBar : 0.75750387
