HandleAttributeKeys : 0.0
LineConnectionFigure : 0.83906716
NodeFigure : 0.8296643
Figure : 0.7631784
TriangleFigure : 0.8262334
TaskFigure : 0.81302243
SmartConnectionFigure : SmartConnectionFigure is not exist in project code
DependencyFigure : 0.83955306
ConnectionFigure : 0.7745858
AbstractConnectionHandle : 0.8488896
BidirectionalConnectionTool : BidirectionalConnectionTool is not exist in project code
ConnectionTool : 0.8357657
SVGTextFigure : 0.8209669
SVGPathFigure : 0.82878095
SVGImageFigure : 0.82514954
SVGRectFigure : 0.83019346
AbstractConnector : 0.8229089
SVGEllipseFigure : 0.8339651
SVGTextAreaFigure : 0.81563175
ODGEllipseFigure : 0.8297274
EllipseFigure : 0.82980365
ODGPathFigure : 0.83251756
RoundRectangleFigure : 0.8328951
ImageFigure : 0.8283549
ODGRectFigure : 0.83465856
DefaultHandleTracker : 0.81987935
DefaultDrawingView : 0.8255101
AbstractFigure : 0.82629544
DiamondFigure : 0.8224896
ChopDiamondConnector : 0.819398
BezierFigure : 0.8279197
DrawingView : 0.7566806
HandleTracker : 0.6626421
Handle : 0.758995
HandleEvent : 0.84151685
HandleMulticaster : 0.7998437
ChopBezierConnector : 0.8295396
AbstractHandle : 0.81690514
SelectionTool : 0.8261464
GraphicalCompositeFigure : 0.8260085
ConnectionEndHandle : 0.848426
