ODGApplicationModel : 0.85035074
DrawApplicationModel : 0.8429838
DrawingPanel : 0.8433994
DOMStorableInputOutputFormat : 0.81972116
ZoomEditorAction : 0.856419
ZoomAction : 0.84283257
NanoXMLDOMOutput : 0.809471
JavaxDOMOutput : 0.8119935
ODGDrawingPanel : 0.8419773
DrawView : 0.8311455
PertView : 0.8279948
ODGView : 0.8286687
SVGInputFormat : 0.6997511
StrokeToolBar : 0.8548251
PertPanel : 0.8370381
PertApplicationModel : 0.828817
EditCanvasPanel : 0.8475607
NumberedEditorKit : 0.8333912
NumberedParagraphView : 0.822657
ActionsToolBar : 0.84741
ToolsToolBar : 0.8461239
NanoXMLDOMInput : 0.79407835
JavaxDOMInput : 0.8090314
NetView : 0.8278163
NetPanel : 0.83766854
NetApplicationModel : 0.83526844
ResourceBundleUtil : 0.824064
FillToolBar : 0.8533959
ODGPropertiesPanel : 0.86340237
FontToolBar : 0.84502494
ViewToolBar : 0.85347813
FigureToolBar : 0.8493771
FindDialog : 0.8181812
JDisclosureToolBar : 0.8493775
DrawLiveConnectApplet : 0.82830405
BezierDemo : 0.69979703
DefaultSVGFigureFactory : 0.83120227
DefaultDOMFactory : 0.79635394
DefaultODGFigureFactory : 0.0
PaletteButtonUI : 0.8574159
TeddyView : 0.83119684
