ODGDrawingPanel : 0.7465022
DrawingPageable : 0.76028293
DrawingAttributeEditorHandler : 0.7600975
EditCanvasPanel : 0.7373248
DrawingPanel : 0.73805624
AbstractFigure : 0.7655599
DefaultDrawingView : 0.7404562
PertPanel : 0.74112105
NetPanel : 0.74176645
SVGView : 0.749815
SerializationInputOutputFormat : 0.7660939
SVGApplet : 0.7357786
SVGDrawingPanel : 0.7417955
ODGView : 0.74308336
DrawingView : 0.83165973
AbstractDrawing : 0.77692884
FloatingTextArea : 0.75963336
NetApplet : 0.73403096
PertApplet : 0.7337767
DrawingComponent : 0.8279271
DrawApplet : 0.73302263
DrawLiveConnectApplet : 0.7263666
OutputFormat : 0.82228273
DrawView : 0.73614824
NetView : 0.7422754
AbstractAttributeEditorHandler : 0.7394956
PertView : 0.7376407
Tool : 0.8333028
Connector : 0.84091103
AbstractToolBar : 0.7397714
DelegationSelectionTool : 0.7383207
SelectionComponentDisplayer : 0.7383789
SelectionToolButtonHandler : SelectionToolButtonHandler is not exist in project code
AbstractDrawingEditorAction : 0.75860596
SVGOutputFormat : 0.70871675
Constrainer : 0.8397618
ToolButtonListener : ToolButtonListener is not exist in project code
EditorColorIcon : 0.74279004
AbstractHandle : 0.75731534
AbstractSelectedAction : 0.7429651
ToolEvent : 0.7759966
