DelegationSelectionTool : 0.8589775
ActionUtil : 0.8479801
ButtonFactory : 0.8387994
SelectSameAction : 0.8543736
ODGApplicationModel : 0.8457337
SVGApplicationModel : 0.84664327
TogglePaletteAction : 0.8760229
ToggleToolBarAction : 0.8936487
ClearSelectionAction : 0.86636794
EventHandler : EventHandler is not exist in project code
SelectAllAction : 0.85977805
DefaultApplicationModel : 0.82830733
FontChooserHandler : 0.8681114
TeddyView : 0.86030596
AttributeAction : 0.864333
DefaultDrawingEditor : 0.85979015
JFontChooser : 0.86411875
JPopupButton : 0.8631415
ODGDrawingPanel : 0.85269094
SDIApplication : 0.84459674
MDIApplication : 0.8420427
FindDialog : 0.84073496
SelectionColorChooserAction : 0.8679983
ToggleLineWrapAction : 0.866754
DrawApplicationModel : 0.852348
DrawingPanel : 0.8511953
ToolsToolBar : 0.85870624
ToggleVisibleAction : 0.876871
OSXApplication : 0.84221816
AlignAction : 0.8529412
ToggleViewPropertyAction : 0.8856318
Figure : 0.77319074
ToggleStatusBarAction : 0.8614054
ToggleLineNumbersAction : 0.86206985
TogglePropertiesPanelAction : 0.8741128
ToggleGridAction : 0.87499034
ViewPropertyAction : 0.88526887
MoveAction : 0.8792456
DnDTracker : 0.82495326
DefaultAttributeAction : 0.856696
SelectionToolSample : 0.8490573
