AbstractClipboard : 0.80530894
OSXClipboard : 0.9026911
AWTClipboard : 0.8599146
XMLTransferable : 0.8344747
CopyAction : 0.8497782
CompositeTransferable : 0.80963033
CutAction : 0.8544921
PasteAction : 0.8618195
DOMStorableInputOutputFormat : 0.8419189
SerializationInputOutputFormat : 0.8406159
JNLPClipboard : 0.8723056
AbstractTool : 0.84556776
Tool : 0.7709428
CreationToolSample : 0.86715764
Drawing : 0.7183435
EditCanvasPanel : 0.8425738
PaletteFontChooserSelectionPanel : 0.83670795
ActionUtil : 0.8476514
FigureToolBar : 0.8501594
MessagePanel : 0.81619424
FindDialog : 0.8233461
PreferencesUtil : 0.8386352
URIUtil : 0.8414445
LocaleUtil : 0.84705913
AbstractApplication : 0.8341128
LinkToolBar : 0.8536802
EditGridPanel : 0.8469493
SummaryToolBar : 0.8518755
SVGDrawingPanel : 0.8497922
DnDMultiEditorSample : 0.85706407
UndoRedoManager : 0.8429442
StyleManager : 0.83500963
AttributeKey : 0.8330711
ToggleLineNumbersAction : 0.8370923
ODGAttributeKeys : 0.84448177
UndoAction : 0.8588186
RedoAction : 0.8587915
AbstractSelectedAction : 0.86677635
ApplyAttributesAction : 0.80532265
AttributeKeys : 0.8112575
SVGAttributeKeys : 0.8403031
