ChopRoundRectangleConnector : 0.84895355
RoundRectangleRadiusHandle : 0.86571753
SVGRectFigure : 0.8813293
ODGRectFigure : 0.8793317
DrawFigureFactory : 0.7646686
TriangleFigure : 0.86305034
DiamondFigure : 0.8667469
ODGRectRadiusHandle : 0.8680529
SVGRectRadiusHandle : 0.8631746
RectangleFigure : 0.8838072
ImageFigure : 0.85818326
DefaultDragTracker : 0.835087
DnDTracker : 0.8238778
ChopRectangleConnector : 0.85327387
StickyRectangleConnector : 0.855792
DrawApplicationModel : 0.8096662
DrawingPanel : 0.8235718
ImageMapOutputFormat : 0.848274
Figure : 0.7760958
DrawingView : 0.7711781
Drawing : 0.7593621
BorderRectangleFigure : 0.85441095
AbstractAttributedDecoratedFigure : 0.8524493
AlignAction : 0.8413244
ODGInputFormat : 0.82234424
DefaultDrawingView : 0.83602583
QuadTreeCompositeFigure : 0.84689796
EllipseFigure : 0.875347
NodeFigure : 0.83249706
AbstractFigure : 0.8359394
SVGImageFigure : 0.85665923
QuadTreeDrawing : 0.8366406
DefaultSelectAreaTracker : 0.8343709
GridConstrainer : 0.84895754
TextAreaFigure : 0.8475915
Connector : 0.79060435
FigureEvent : 0.8588781
SVGTextAreaFigure : 0.8466081
GraphicalCompositeFigure : 0.8326207
LineDecoration : 0.8018236
DefaultDrawing : 0.83858997
