SVGTextAreaFigure : 0.8227376
TextAreaFigure : 0.82438695
SVGTextFigure : 0.8273229
TextFigure : 0.8348979
Tool : 0.80761087
AbstractTool : 0.8517491
LabelFigure : 0.82920736
TextAreaEditingTool : 0.86863685
AbstractHandle : 0.8301816
DrawApplicationModel : 0.83609384
TextHolderFigure : 0.7774033
DrawingPanel : 0.83367205
ODGDrawingPanel : 0.8338355
Node : Node is not exist in project code
TextAreaCreationTool : 0.8543678
FloatingTextArea : 0.8554023
FloatingTextField : 0.8548503
PertPanel : 0.8310046
PertApplicationModel : 0.8191657
TextCreationTool : 0.8637463
BezierTool : 0.8421179
ToolListener : 0.8057018
DefaultDrawingView : 0.8302678
NetApplicationModel : 0.8253747
NetPanel : 0.8320916
AlignAction : 0.8432545
ConnectionTool : 0.8216073
AbstractFigure : 0.8311767
Handle : 0.7820651
CreationTool : 0.8341353
FontSizeHandle : 0.83667785
DefaultDrawingEditor : 0.8364939
ToolButtonListener : ToolButtonListener is not exist in project code
PaletteToolBarUI : 0.8275144
ODGRectRadiusHandle : 0.8348578
RoundRectangleRadiusHandle : 0.82817894
SVGRectRadiusHandle : 0.82955086
TransformHandle : TransformHandle is not exist in project code
ResourceBundleUtil : 0.8195996
Figure : 0.7834167
TextOverflowHandle : 0.820805
