FigureToolBar : 0.8335562
FillToolBar : 0.8480624
SelectionColorChooserAction : 0.8731289
StrokeToolBar : 0.8516757
DrawingOpacityIcon : 0.9705465
PaletteMenuItemUI : 0.8506636
EditCanvasPanel : 0.85675305
ODGPropertiesPanel : 0.9004746
LinearGradient : 0.83979106
RadialGradient : 0.8397123
ButtonFactory : 0.85850704
CanvasToolBar : 0.8454367
SVGAttributeKeys : 0.8718842
ColorListCellRenderer : 0.86142796
MessagePanel : 0.79561466
SelectionColorIcon : 0.9426104
Figure : 0.7555603
JSheet : 0.81751055
SliderThumbIcon : SliderThumbIcon is not exist in project code
MultiIcon : 0.8204102
Gradient : 0.7627498
SVGOutputFormat : 0.6953445
EditableComponent : 0.7528839
DrawingView : 0.7541722
ODGAttributeKeys : 0.8759414
AttributeKeys : 0.83703935
Tool : 0.75872844
AbstractFigure : 0.81810313
AbstractTool : 0.82302505
SummaryToolBarBeanInfo : 0.8038757
ArrangeToolBarBeanInfo : 0.8038963
DrawingPanelBeanInfo : 0.80496824
FontToolBarBeanInfo : 0.8047668
DefaultDrawingViewBeanInfo : 0.8051711
JLifeFormattedTextFieldBeanInfo : 0.8083945
LinkToolBarBeanInfo : 0.8044012
FigureToolBarBeanInfo : 0.8043669
CanvasToolBarBeanInfo : 0.80472547
FillToolBarBeanInfo : 0.80534726
ToolsToolBarBeanInfo : 0.8040357
JLifeFormattedTexAreaBeanInfo : 0.80907625
