AbstractApplication : 0.83837926
AbstractDrawingViewAction : 0.8728721
View : 0.78718984
DefaultAppletApplication : DefaultAppletApplication is not exist in project code
RedoAction : 0.8597079
UndoAction : 0.86042774
Application : 0.8006428
AbstractSaveUnsavedChangesAction : 0.8437086
SaveFileAction : 0.85916895
OSXApplication : 0.8311256
SDIApplication : 0.83475685
EmptyApplicationModel : 0.8580341
ApplicationModel : 0.7958125
SVGApplicationModel : 0.8369759
ToggleGridAction : 0.8572776
MDIApplication : 0.8329967
ToggleViewPropertyAction : 0.88680017
ViewSourceAction : 0.84418803
ODGView : 0.8503904
PertView : 0.8460546
NetView : 0.84840035
DrawView : 0.84277534
SVGView : 0.84815097
JPopupButton : 0.84774685
PrintFileAction : 0.8498962
FindAction : 0.85181916
EventHandler : EventHandler is not exist in project code
ToggleLineWrapAction : 0.8614178
SaveFileAsAction : 0.8594267
CloseFileAction : 0.8667452
LoadFileAction : 0.85335976
AbstractFindAction : 0.8518585
ToggleStatusBarAction : 0.8604461
ExportFileAction : 0.8554009
LoadDirectoryAction : 0.8508691
MinimizeWindowAction : 0.852274
MaximizeWindowAction : 0.8517994
ToggleLineNumbersAction : 0.8554266
LoadRecentFileAction : 0.8508244
AttributeAction : 0.84792364
DefaultApplicationModel : 0.83748794
