AbstractView : 0.84843445
MDIApplication : 0.86224556
AbstractToolBar : 0.8576958
ToolBarPrefsHandler : 0.835944
AbstractApplication : 0.85147136
FindDialog : 0.0
SDIApplication : 0.8597543
OSXApplication : 0.85210127
SVGDrawingPanel : 0.0
Base64 : 0.0
OSXAdapter : 0.8477731
PreferencesUtil : 0.8424589
JPopupButton : 0.8372
ColorSliderUI : 0.8362603
ColorFormatter : 0.79593337
DefaultDrawingView : 0.8250204
TeddyView : 0.0
CharacterSetAccessory : 0.0
Figure : 0.7769342
FloatingTextField : 0.8388981
JColorWheel : 0.82512945
PaletteLazyActionMap : 0.862473
NetApplicationModel : 0.86698294
AttributeToggler : 0.8431146
PertApplicationModel : 0.8584909
ActionsToolBar : 0.8856154
EditorPanel : EditorPanel is not exist in project code
FloatingTextArea : 0.83297276
Actions : Actions is not exist in project code
DelegationSelectionTool : 0.8326926
ResourceBundleUtil : 0.8565046
ToolBarLayout : 0.8248591
RedoAction : 0.87307006
UndoAction : 0.8712691
OpenRecentMenuHandler : OpenRecentMenuHandler is not exist in project code
OpenApplicationAction : 0.8927288
AbstractTool : 0.8373327
UndoRedoManager : 0.8567194
CombineAction : 0.8717626
GroupAction : 0.8424843
DrawingEditor : 0.7851135
