OSXAdapter : 0.8383792
SDIApplication : 0.8415042
MDIApplication : 0.8433692
OSXApplication : 0.83647937
JPopupButton : 0.8235835
DrawingComponent : 0.77121514
PaletteLazyActionMap : 0.8327822
NetApplicationModel : 0.8462476
AttributeToggler : 0.82397074
PertApplicationModel : 0.8374334
Figure : 0.7600064
AbstractFigure : 0.80137604
Actions : Actions is not exist in project code
DelegationSelectionTool : 0.81996316
ResourceBundleUtil : 0.8373485
RedoAction : 0.85080266
UndoAction : 0.850923
OpenRecentMenuHandler : OpenRecentMenuHandler is not exist in project code
ActionsToolBar : 0.85552645
AbstractApplication : 0.82769597
OpenApplicationAction : 0.86771506
AbstractTool : 0.8181174
UndoRedoManager : 0.82778114
CombineAction : 0.8483843
GroupAction : 0.82299536
DrawingEditor : 0.763047
DefaultDrawingEditor : 0.81695163
View : 0.7648305
DrawingEditorProxy : 0.8143903
SVGApplet : 0.8373949
TeddyView : 0.8248631
PaletteToolBarUI : 0.81913143
DefaultAppletApplication : DefaultAppletApplication is not exist in project code
EmptyApplicationModel : 0.8497994
FloatingTextField : 0.82129985
Application : 0.7790058
ODGApplicationModel : 0.83835
ActionUtil : 0.8562189
FindAction : 0.8462965
DefaultApplicationModel : 0.8268557
ODGView : 0.8106625
