LineConnectionFigure : 0.8236016
Liner : 0.79964113
DrawFigureFactory : 0.75451106
ConnectionFigure : 0.8024357
SlantedLiner : 0.8458859
AttributeKeys : 0.7863873
ElbowLiner : 0.8374233
AbstractConnectionHandle : 0.8151757
Bezier : 0.8113546
DrawingPanel : 0.7778813
DrawApplicationModel : 0.78758436
BezierPath : 0.8224434
SVGRectFigure : 0.82189494
EnhancedPath : 0.82409614
BezierTool : 0.8061994
Polygon2D : Polygon2D is not exist in project code
ConnectingFiguresSample : 0.7879866
ChopRectangleConnector : 0.8146224
EditorSample : 0.7893135
SmartConnectionFigureSample : 0.7918661
DoubleStroke : 0.81563085
LabeledLineConnectionFigureSample : 0.8104797
GrowStroke : 0.83220077
ODGInputFormat : 0.81215733
SVGInputFormat : 0.7018474
