DefaultDrawingView : 0.8406503
DragHandler : DragHandler is not exist in project code
InputFormat : 0.7592047
ODGPropertiesPanel : 0.8208768
DnDTracker : 0.82293606
AbstractDrawingViewAction : 0.84766525
AbstractDrawingEditorAction : 0.8470434
SVGDrawingPanel : 0.82386416
AbstractAttributeEditorHandler : 0.85657233
AbstractSelectedAction : 0.85067207
EventHandler : EventHandler is not exist in project code
OutputFormat : 0.7609458
DefaultDrawingEditor : 0.83251894
FloatingTextArea : 0.8424861
ImageOutputFormat : 0.8384148
SelectionComponentDisplayer : 0.8491014
ToolEvent : 0.8479885
ViewToolBar : 0.8469117
AbstractHandle : 0.8202414
FloatingTextField : 0.8416238
EditCanvasPanel : 0.8238799
SVGOutputFormat : 0.7075568
WheelsAndSlidersMain : 0.80321693
PaletteToolBarUI : 0.8236833
ImageMapOutputFormat : 0.84212756
MDIApplication : 0.8203752
CopyAction : 0.8271252
PasteAction : 0.8337505
DrawView : 0.8249762
DrawingPanel : 0.8196142
NetView : 0.82247937
PertPanel : 0.81858605
ODGView : 0.82204825
ODGDrawingPanel : 0.82223004
PertView : 0.8215019
NetPanel : 0.8190785
ODGInputFormat : 0.8289744
SVGInputFormat : 0.7013231
DrawingEditor : 0.75380075
DrawingEditorProxy : 0.82723105
ViewSourceAction : 0.84544545
