AbstractToolBar : 0.7696805
NetPanel : 0.76351666
AbstractDrawingEditorAction : 0.78945386
ToolButtonListener : ToolButtonListener is not exist in project code
AbstractSelectedAction : 0.7691979
DrawingOpacityIcon : 0.7508005
SelectionComponentDisplayer : 0.76305974
DrawingComponentRepainter : 0.7182824
AttributeToggler : 0.8079336
SelectionOpacityIcon : 0.7512331
AbstractDrawingViewAction : 0.7716197
SelectionToolButtonHandler : SelectionToolButtonHandler is not exist in project code
ODGDrawingPanel : 0.76540905
EditorColorIcon : 0.7647525
DrawingColorIcon : 0.755039
SelectionComponentRepainter : 0.72869647
DefaultDrawingView : 0.7491504
SVGDrawingPanel : 0.76190096
SelectionColorIcon : 0.7574685
DrawingPanel : 0.7566484
ODGPropertiesPanel : 0.76031554
PertPanel : 0.7631142
AbstractTool : 0.7845657
NetView : 0.7627678
ConnectionTool : 0.74634016
PertView : 0.7576053
ODGView : 0.76429135
DrawView : 0.75419635
AbstractAttributeEditorHandler : 0.7587216
DrawingEditorProxy : 0.79126734
SelectionTool : 0.7549421
PertApplicationModel : 0.7732175
NetApplicationModel : 0.7755658
DrawApplicationModel : 0.7605436
SVGApplicationModel : 0.7720314
ODGApplicationModel : 0.7543083
DrawingView : 0.8541932
DrawingAttributeEditorHandler : 0.7757264
TextAreaCreationTool : 0.7631873
West : West is not exist in project code
TextCreationTool : 0.76804876
