CompositeFigureEdit : 0.77773684
TransformEdit : 0.77118313
CreationTool : 0.7707559
AbstractFigure : 0.7866999
AbstractAttributedDecoratedFigure : 0.7752148
AttributeChangeEdit : 0.7692807
CompositeFigureEvent : 0.7979402
TransformRestoreEdit : 0.77249265
AbstractHandle : 0.7852429
AbstractConnectionHandle : 0.7716771
DefaultDragTracker : 0.7599967
DnDTracker : 0.7809889
DrawingView : 0.8689519
ConnectionTool : 0.76078814
BezierTool : 0.77319974
ConnectorHandle : 0.7631784
DragTracker : 0.87890184
UndoableAttributeEdit : UndoableAttributeEdit is not exist in project code
AbstractAttributeEditorHandler : 0.7622049
AbstractConnector : 0.7826492
DefaultHandleTracker : 0.7573207
DefaultSelectAreaTracker : 0.76557547
SVGPathFigure : 0.76768273
Drawing : 0.8326895
FigureEvent : 0.80680645
ODGPathFigure : 0.7740818
SetBoundsEdit : 0.7740101
Locator : 0.84745187
GraphicalCompositeFigure : 0.7586844
AbstractCompositeFigure : 0.7652046
DefaultDrawingView : 0.75818974
LabeledLineConnectionFigure : 0.76338214
EventHandler : EventHandler is not exist in project code
FigureAdapter : 0.81400347
LabelFigure : 0.8003447
DecoratedFigure : 0.8626644
DrawingEditor : 0.858652
QuadTreeCompositeFigure : 0.76818967
LineDecorationIcon : 0.79294187
Gradient : 0.88421863
FloatingTextArea : 0.7771698
