AbstractApplication : 0.82482654
Application : 0.78541493
NetApplicationModel : 0.820027
TeddyApplicationModel : 0.8270089
DrawApplicationModel : 0.8212509
PertApplicationModel : 0.815108
Main : 0.8374606
ODGApplicationModel : 0.8075399
DefaultAppletApplication : DefaultAppletApplication is not exist in project code
SVGApplicationModel : 0.82261413
SDIApplication : 0.8153216
AbstractView : 0.8263676
OSXApplication : 0.8089679
LoadDirectoryAction : 0.8455921
OpenDirectoryAction : 0.84515196
JFontChooser : 0.8193721
MDIApplication : 0.8175591
ApplicationModel : 0.7946672
View : 0.7716181
JColorWheel : 0.79788786
HarmonicRule : 0.77288103
AbstractViewAction : 0.8366484
EditCanvasAction : 0.8366549
EditGridAction : 0.8360591
FindDialog : 0.79797167
AbstractApplicationAction : 0.83430284
LoadFileAction : 0.8359057
AbstractSaveUnsavedChangesAction : 0.81986594
SaveFileAction : 0.8368345
ExitAction : 0.8335155
OpenApplicationAction : 0.8453894
JHarmonicColorWheel : 0.7976772
DefaultHarmonicColorModel : 0.8062949
ProgressIndicator : 0.8227183
WheelsAndSlidersMain : 0.7930861
JMixer : 0.79849684
DefaultColorSliderModel : 0.80103433
ColorWheelChooser : 0.80476063
TogglePaletteAction : 0.8205277
OSXPaletteHandler : 0.8034124
AbstractFontChooserModel : 0.80037534
