OpenApplicationFileAction : 0.896925
SVGDrawingPanelSample : 0.8527105
OpenRecentMenuHandler : OpenRecentMenuHandler is not exist in project code
OSXApplication : 0.8541964
SDIApplication : 0.85564864
AbstractApplication : 0.8434734
MDIApplication : 0.85624343
DefaultApplicationModel : 0.83520424
OpenDirectoryAction : 0.8930373
OpenRecentFileAction : 0.8801463
DropFileTransferHandler : DropFileTransferHandler is not exist in project code
OSXAdapter : 0.8443568
URIChooser : 0.77185374
ODGInputFormat : 0.8065628
NewFileAction : 0.8846395
ReOpenApplicationAction : 0.8807881
OpenApplicationAction : 0.8593192
PrintApplicationFileAction : 0.89116156
TeddyApplicationModel : 0.85508454
JSheet : 0.84252614
SaveFileAction : 0.87671226
AbstractApplicationModel : 0.831161
DrawApplicationModel : 0.85359585
PertApplicationModel : 0.8393447
NetApplicationModel : 0.8477025
IXMLReader : 0.74598694
FrameHandler : FrameHandler is not exist in project code
FormListener : FormListener is not exist in project code
JPopupButton : 0.8488114
Base64 : 0.6750425
PrintFileAction : 0.87841845
SaveFileAsAction : 0.9043522
CloseFileAction : 0.9025833
LoadFileAction : 0.89565456
ExportFileAction : 0.8592031
LoadRecentFileAction : 0.8784268
ImageTool : 0.84313715
SVGApplicationModel : 0.8462985
ODGApplicationModel : 0.8453258
ClearFileAction : 0.8869247
StdXMLReader : 0.8085329
