ImageMapOutputFormat : 0.848101
ODGView : 0.8235543
SVGDrawingPanel : 0.82531375
SVGApplet : 0.82278764
DnDMultiEditorSample : 0.8344108
PertView : 0.82446104
PertApplet : 0.8283688
NetApplet : 0.82927305
DrawApplet : 0.8297559
Drawing : 0.7657081
ColorFormatter : 0.8004644
TextInputFormat : 0.84771806
SerializationInputOutputFormat : 0.86005545
DrawView : 0.8291581
NetView : 0.82511514
AbstractDrawing : 0.84930515
DOMStorableInputOutputFormat : 0.8604502
ImageInputFormat : 0.84741807
SVGZOutputFormat : 0.8535139
SVGOutputFormat : 0.7269856
SVGDrawingPanelSample : 0.83595365
SVGView : 0.8326374
ImageFigure : 0.83656484
SVGImageFigure : 0.8331532
MultiEditorSample : 0.8372553
OutputFormat : 0.78842306
SVGApplicationModel : 0.8305209
ODGApplicationModel : 0.82434267
SVGInputFormat : 0.715259
ViewSourceAction : 0.8339869
ImageTransferable : 0.8445548
Images : 0.84832317
DrawingPageable : 0.85123307
DefaultDrawingViewTransferHandler : 0.8384148
PrintFileAction : 0.8331979
ODGInputFormat : 0.8325284
ClientHttpRequest : 0.8282911
JavaxDOMOutput : 0.8278274
CreationToolSample : 0.8360584
ImageBevelBorder : 0.83702105
ColorSliderUI : 0.82623786
