TogglePaletteAction : 0.8637962
OSXPaletteHandler : 0.85057765
OSXAdapter : 0.8185053
ReOpenApplicationAction : 0.8519259
OpenApplicationAction : 0.82906324
FindAction : 0.8468794
PrintApplicationFileAction : 0.8514304
OpenApplicationFileAction : 0.8523556
Application : 0.7577298
Main : 0.85204595
AbstractView : 0.8173713
OSXClipboard : 0.83615416
WindowMenuHandler : WindowMenuHandler is not exist in project code
ApplicationModel : 0.7548447
View : 0.7369445
AbstractViewAction : 0.8311256
EditCanvasAction : 0.8586764
EditGridAction : 0.8550936
FindDialog : 0.8244852
AbstractApplicationAction : 0.8256412
AbstractApplicationModel : 0.8089679
AbstractApplication : 0.8268061
AboutAction : 0.83647937
NetApplicationModel : 0.8323641
TeddyApplicationModel : 0.83608854
ExitAction : 0.8561763
AbstractPreferencesAction : 0.8521013
DrawApplicationModel : 0.83910453
PertApplicationModel : 0.8258332
MDIApplication : 0.85206103
SDIApplication : 0.84948915
ClearRecentFilesMenuAction : 0.8411607
CloseFileAction : 0.86481756
NewWindowAction : 0.8504409
DefaultApplicationModel : 0.82672614
NewFileAction : 0.8477426
DefaultAppletApplication : DefaultAppletApplication is not exist in project code
EmptyApplicationModel : 0.8358987
AbstractSaveUnsavedChangesAction : 0.8394063
SaveFileAction : 0.8493112
ODGApplicationModel : 0.8335221
