ButtonFactory : 0.8101059
ColorIcon : 0.85152984
CompositeColor : 0.88202435
WheelsAndSlidersMain : 0.83292973
ODGApplicationModel : 0.8082178
PaletteToolBarBorder : 0.81401455
ColorSliderUI : 0.81983775
PaletteSliderUI : 0.8026516
PaletteButtonBorder : 0.8103647
ODGPathOutlineHandle : 0.7994616
NetApplicationModel : 0.8030879
PertPanel : 0.7992604
NetPanel : 0.80069506
PertApplicationModel : 0.79610825
HandleAttributeKeys : 0.0
PaletteToolBarUI : 0.7990943
LinearGradient : 0.8365214
RadialGradient : 0.8415199
SVGConstants : 0.6910942
PaletteLabelUI : 0.82340014
PaletteTextComponentBorder : 0.82184196
ODGDrawingPanel : 0.79970366
TextAreaFigure : 0.82165897
PaletteLookAndFeel : 0.83602804
TextFigure : 0.82926965
SVGTextFigure : 0.82976145
DragWindow : DragWindow is not exist in project code
JAttributeTextArea : 0.82138354
JAttributeTextField : 0.8214042
Colors : Colors is not exist in project code
DefaultColorSliderModel : 0.86119646
SVGTextAreaFigure : 0.82366735
GridConstrainer : 0.8218953
ColorTrackImageProducer : 0.8596594
DefaultSelectAreaTracker : 0.79467344
EditorColorChooserAction : 0.84132195
ColorSliderModel : 0.7930549
EditCanvasPanel : 0.8267419
ColorWheelChooser : 0.8192034
HarmonicColorModel : 0.78742117
CMYKICCColorSystem : CMYKICCColorSystem is not exist in project code
