DrawingPageable : 0.76028293
EditCanvasPanel : 0.7373248
DrawingPanel : 0.73805624
DefaultDrawingView : 0.7404562
ODGDrawingPanel : 0.7465022
DrawingAttributeEditorHandler : 0.7600975
AbstractFigure : 0.7655599
PertPanel : 0.74112105
NetPanel : 0.74176645
SVGView : 0.749815
SerializationInputOutputFormat : 0.7660939
SVGApplet : 0.7357786
DrawingView : 0.83165973
SVGDrawingPanel : 0.7417955
ODGView : 0.74308336
FloatingTextArea : 0.75963336
AbstractDrawing : 0.77692884
NetApplet : 0.73403096
PertApplet : 0.7337767
DrawingComponent : 0.8279271
DrawLiveConnectApplet : 0.7263666
DrawApplet : 0.73302263
OutputFormat : 0.82228273
DrawView : 0.73614824
NetView : 0.7422754
Tool : 0.8333028
Connector : 0.84091103
AbstractAttributeEditorHandler : 0.7394956
PertView : 0.7376407
AbstractToolBar : 0.7397714
SelectionComponentDisplayer : 0.7383789
AbstractDrawingEditorAction : 0.75860596
Constrainer : 0.8397618
ToolButtonListener : ToolButtonListener is not exist in project code
AbstractSelectedAction : 0.7429651
ToolEvent : 0.7759966
DrawingOpacityIcon : 0.7281825
DrawingComponentRepainter : 0.7199546
DrawingEditorProxy : 0.75937694
ViewToolBar : 0.75750387
AttributeToggler : 0.7737032
