PaletteSliderUI : 0.806784
PaletteButtonUI : 0.8516476
PaletteToolBarUI : 0.82587785
PaletteLabelUI : 0.8432809
OSXApplication : 0.8196855
JFontChooser : 0.835522
Actions : Actions is not exist in project code
PaletteFontChooserPreviewPanel : 0.83919626
SDIApplication : 0.8223269
MDIApplication : 0.81873244
PaletteLazyActionMap : 0.856801
PaletteFontChooserSelectionPanel : 0.8421355
JSheet : 0.82646924
EditCanvasPanel : 0.8365262
FontChooserMain : 0.8527181
PaletteTextFieldUI : 0.8444665
PaletteFormattedTextFieldUI : 0.84719837
TogglePaletteAction : 0.8473506
LinkToolBar : 0.84881794
OSXPaletteHandler : 0.829314
Application : 0.7900805
AbstractApplication : 0.8229847
URIChooser : 0.79122
PaletteFontChooserUI : 0.83846337
CharacterSetAccessory : 0.83142006
OpenFileAction : 0.82990474
DrawApplet : 0.83009267
FindDialog : 0.8162725
DrawLiveConnectApplet : 0.82582176
PertApplet : 0.8312723
SVGApplet : 0.8325769
NetApplet : 0.8320306
SVGDrawingPanel : 0.83308095
Handler : Handler is not exist in project code
PaletteMenuItemUI : 0.84456044
ButtonFactory : 0.82580197
PaletteRootPaneUI : 0.86524177
PreferencesUtil : 0.84731567
SVGCreateFromFileTool : 0.8320866
PaletteRootLayout : PaletteRootLayout is not exist in project code
JDisclosureToolBar : 0.8460588
