SVGApplicationModel : 0.8460917
ToggleGridAction : 0.87464577
EventHandler : EventHandler is not exist in project code
AbstractDrawingEditorAction : 0.89902353
FloatingTextArea : 0.8676987
DelegationSelectionTool : 0.8556365
DrawView : 0.85697705
AbstractSelectedAction : 0.8962646
SelectionComponentDisplayer : 0.87885237
ToolEvent : 0.86664
ViewToolBar : 0.86681825
AbstractHandle : 0.83903974
FloatingTextField : 0.86568475
AbstractAttributeEditorHandler : 0.8786999
ZoomEditorAction : 0.86697805
ZoomAction : 0.85011154
DefaultDrawingViewTransferHandler : 0.84766525
AbstractApplication : 0.84168357
SendToBackAction : 0.85058886
BringToFrontAction : 0.855421
TeddyApplicationModel : 0.8359267
View : 0.7723655
SelectionToolSample : 0.8486085
DefaultAppletApplication : DefaultAppletApplication is not exist in project code
RedoAction : 0.8723209
UndoAction : 0.87274
DefaultDrawingEditor : 0.8600947
AnimationSample : 0.862151
DrawingPanel : 0.8512937
NetView : 0.8576846
SVGDrawingPanel : 0.8535268
PertPanel : 0.8529292
ODGView : 0.85785466
ODGDrawingPanel : 0.8527414
PertView : 0.85670274
NetPanel : 0.8537993
ODGApplicationModel : 0.8433833
PertApplicationModel : 0.8336202
NetApplicationModel : 0.84029746
Application : 0.7847069
DefaultAttributeAction : 0.8549025
