FloatingTextArea : 0.84847504
AbstractAttributeEditorHandler : 0.85231316
ToolEvent : 0.8518323
ViewToolBar : 0.84778625
SelectionComponentDisplayer : 0.8508567
AbstractHandle : 0.8254262
FloatingTextField : 0.8461825
DrawingPanel : 0.8325811
DrawView : 0.8315038
NetView : 0.8315032
SVGDrawingPanel : 0.83095646
PertPanel : 0.8320073
ODGView : 0.83207345
ODGDrawingPanel : 0.83452463
PertView : 0.83116007
NetPanel : 0.8330562
DrawingEditor : 0.74915034
Constrainer : 0.7611556
FigureSelectionEvent : 0.8458694
AbstractDrawingViewAction : 0.84934855
Handle : 0.7554516
DefaultDrawingEditor : 0.8365573
AbstractSelectedAction : 0.8515012
DrawingEditorProxy : 0.8239976
DrawingView : 0.75879216
SVGView : 0.8362511
AbstractDrawingEditorAction : 0.84894556
AttributeToggler : 0.8356951
BezierTool : 0.8443534
AbstractTool : 0.8338024
AbstractDrawing : 0.83582604
SelectionComponentRepainter : 0.84293926
ODGPropertiesPanel : 0.8417616
DrawingComponentRepainter : 0.84296995
Tool : 0.7667895
DefaultDrawingViewTransferHandler : 0.8406502
ConnectorHandle : 0.8255101
AbstractRotateHandle : 0.82834417
EditCanvasAction : 0.84356856
DrawApplicationModel : 0.82946736
IncreaseHandleDetailLevelAction : 0.84819233
