DOMStorableInputOutputFormat : 0.8296639
DrawLiveConnectApplet : 0.8315748
PertApplet : 0.8307142
DrawApplet : 0.8292922
DefaultDOMStorableSample : 0.8323422
NetApplet : 0.8326094
NanoXMLDOMOutput : 0.86753684
ODGStylesReader : 0.82702667
JavaxDOMInput : 0.86959
AbstractTool : 0.81336737
SheetEvent : 0.8277099
DefaultDrawingEditor : 0.8085861
DrawingEditorProxy : 0.81898665
Drawing : 0.7321967
DrawingEditor : 0.75805545
SVGInputFormat : 0.7129949
ColorFormatter : 0.7806899
AbstractDrawing : 0.83077824
ElbowLiner : 0.8115291
CurvedLiner : 0.8107005
SVGZInputFormat : 0.82423323
ODGInputFormat : 0.81949514
SVGDrawingPanelSample : 0.8359393
InputStream : InputStream is not exist in project code
PaletteToolBarUI : 0.7928676
DOMStorable : 0.78363436
SVGApplicationModel : 0.80989444
IXMLElement : 0.7822245
XMLElement : 0.8531505
IXMLEntityResolver : 0.79046434
ClientHttpRequest : 0.8380433
SerializationInputOutputFormat : 0.8226769
BoundedRangeInputStream : 0.81725645
ImageHolderFigure : 0.76491916
ChopTriangleConnector : 0.7738357
MultiEditorSample : 0.8099163
ChopEllipseConnector : 0.7966078
ChopRoundRectangleConnector : 0.78474736
DOMFactory : 0.78845125
JavaNumberFormatter : 0.8173377
MyObject : MyObject is not exist in project code
