SVGTextAreaFigure : 0.8473551
SVGAttributeKeys : 0.8513831
ImageMapOutputFormat : 0.8375579
DefaultSVGFigureFactory : 0.84785265
SVGConstants : 0.681283
SVGPathFigure : 0.84808844
SVGOutputFormat : 0.7209064
SVGInputFormat : 0.715509
SVGAttributedFigure : 0.84764904
SVGBezierFigure : 0.85337967
TextAreaFigure : 0.84579104
TextFigure : 0.852792
SVGGroupFigure : 0.8358664
SVGPathOutlineHandle : 0.8264076
TextInputFormat : 0.8278895
ConvexHullOutlineHandle : 0.82776964
ODGDrawingPanel : 0.8358755
LabelFigure : 0.81795627
TextHolderFigure : 0.79119354
FloatingTextArea : 0.83828884
FloatingTextField : 0.84048396
PathTool : 0.83700436
SVGDrawingPanel : 0.83048695
SVGEllipseFigure : 0.85582924
TextAreaCreationTool : 0.834657
TextOverflowHandle : 0.83084124
TextCreationTool : 0.82496274
TextAreaEditingTool : 0.8373987
TextEditingTool : 0.8273229
ViewSourceAction : 0.8254572
SVGRectRadiusHandle : 0.84371936
SVGRectFigure : 0.8546762
SVGImageFigure : 0.8450738
ODGInputFormat : 0.8210818
TaskFigure : 0.81911844
ToolsToolBar : 0.8417882
SVGCreateFromFileTool : 0.81977147
AttributeKeys : 0.8165389
ODGView : 0.83116686
CombineAction : 0.83948284
Tool : 0.7927824
