DOMStorableInputOutputFormat : 0.8425065
PertApplet : 0.8348103
DrawApplet : 0.83347154
DrawLiveConnectApplet : 0.8339788
DefaultDOMStorableSample : 0.8474927
NetApplet : 0.8363807
NanoXMLDOMInput : 0.86753684
ClientHttpRequest : 0.85037065
JavaxDOMOutput : 0.88158685
Drawing : 0.743276
ColorFormatter : 0.7924028
AbstractDrawing : 0.84594715
CurvedLiner : 0.8176582
SVGZOutputFormat : 0.8385842
SVGOutputFormat : 0.72096944
ElbowLiner : 0.8186658
OutputFormat : 0.7628497
SVGDrawingPanelSample : 0.84108806
OutputStream : OutputStream is not exist in project code
DOMStorable : 0.7935415
DelegationSelectionTool : 0.81313604
BezierTool : 0.817836
PathTool : 0.80883324
DefaultDrawingView : 0.8178697
ImageMapOutputFormat : 0.83124036
XMLWriter : 0.8276123
ODGInputFormat : 0.8274321
SVGApplicationModel : 0.82675076
DnDMultiEditorSample : 0.82370365
SerializationInputOutputFormat : 0.8368761
DOMFactory : 0.7992347
ImageOutputFormat : 0.82226497
ODGView : 0.8291187
NetView : 0.8305561
MultiEditorSample : 0.8284427
SVGInputFormat : 0.7158553
DrawView : 0.8310355
PerpendicularBar : 0.81079084
NodeFigure : 0.8232795
PertView : 0.82948893
SVGApplet : 0.82962877
