SheetEvent : 0.83609825
SheetListener : 0.7811977
ExitAction : 0.8490695
SaveFileAction : 0.8400309
ExportFileAction : 0.8325186
LoadFileAction : 0.8452222
AbstractSaveUnsavedChangesAction : 0.8355596
OpenRecentFileAction : 0.8182506
OpenApplicationFileAction : 0.841368
LoadRecentFileAction : 0.8184952
SVGInputFormat : 0.6745457
PrintFileAction : 0.8434149
OpenFileAction : 0.84252614
ODGDrawingPanel : 0.81601477
PertPanel : 0.81419647
BezierDemo : 0.67443454
DrawingPanel : 0.81715995
NetPanel : 0.8146348
DrawingComponentRepainter : 0.8158044
EditCanvasAction : 0.8408613
JFontChooser : 0.8357133
SelectionComponentRepainter : 0.8189957
EditGridAction : 0.8419477
FrameHandler : FrameHandler is not exist in project code
AppletApplication : 0.830921
AbstractToolBar : 0.8318781
PaletteColorChooserUI : 0.84470147
EditorPanel : EditorPanel is not exist in project code
TeddyView : 0.82923526
ItemChangeHandler : ItemChangeHandler is not exist in project code
Handler : Handler is not exist in project code
ToolBarPrefsHandler : 0.82773197
ColorSliderModel : 0.7641718
BorderRectangleFigure : 0.8050229
PaletteSwatchesChooser : 0.8322067
AttributeEditor : 0.7538887
DrawingView : 0.74932116
DrawLiveConnectApplet : 0.82074845
JAttributeSlider : 0.8191068
DefaultColorSliderModel : 0.8223954
JMixer : 0.81608415
