EditCanvasPanel : 0.83052975
ODGPropertiesPanel : 0.83667016
ColorSliderTextFieldHandler : 0.8437291
FloatingTextField : 0.84859574
JLifeFormattedTextField : 0.8546918
JMixer : 0.82255733
PaletteRGBChooser : 0.82652265
PaletteHSBChooser : 0.8220593
PaletteCMYKChooser : 0.7220721
EditGridPanel : 0.84693193
JLifeFormattedTextArea : 0.8716789
SummaryToolBar : 0.86002403
PaletteTextFieldUI : 0.83209854
PaletteFormattedTextFieldUI : 0.83814156
AttributeEditor : 0.8220698
FindDialog : 0.8186949
JAttributeTextFieldBeanInfo : 0.84673214
TextCreationTool : 0.8304052
TextEditingTool : 0.8374612
LinkToolBar : 0.8532179
FontToolBar : 0.85349977
JAttributeTextArea : 0.88376874
StrokeToolBar : 0.86154926
CanvasToolBar : 0.85796374
JAttributeSliderBeanInfo : 0.8429289
FigureToolBar : 0.848333
FillToolBar : 0.86260206
JLifeFormattedTextFieldBeanInfo : 0.84652597
ViewToolBar : 0.8521392
EditorPanel : EditorPanel is not exist in project code
TextFigure : 0.8463042
ButtonFactory : 0.8216901
TeddyView : 0.8466612
SVGAttributeKeys : 0.8372148
JAttributeTextAreaBeanInfo : 0.84659547
AttributeKeys : 0.80625415
BezierDemo : 0.68563765
FloatingTextArea : 0.84209895
TextAreaEditingTool : 0.8396791
TextAreaCreationTool : 0.83085895
PertPanel : 0.83138955
