AbstractView : 0.793986
ApplicationModel : 0.8973323
View : 0.87357783
AbstractViewAction : 0.8006429
EditCanvasAction : 0.7833265
EditGridAction : 0.7858336
FindDialog : 0.78458697
AbstractApplicationAction : 0.77883697
OpenApplicationAction : 0.8155065
AbstractApplicationModel : 0.78541493
AbstractApplication : 0.7778382
TogglePaletteAction : 0.77390033
OSXPaletteHandler : 0.75589883
OSXAdapter : 0.77832204
AboutAction : 0.7790058
NetApplicationModel : 0.7922956
PrintApplicationFileAction : 0.78977835
OpenApplicationFileAction : 0.78823674
OSXApplication : 0.7577298
TeddyApplicationModel : 0.78738075
ExitAction : 0.7782173
ReOpenApplicationAction : 0.7762732
AbstractPreferencesAction : 0.79625684
DrawApplicationModel : 0.77543646
PertApplicationModel : 0.79061794
MDIApplication : 0.76480067
SDIApplication : 0.7580576
ClearRecentFilesMenuAction : 0.7857889
CloseFileAction : 0.8029353
NewWindowAction : 0.82024586
DefaultApplicationModel : 0.788043
NewFileAction : 0.80282164
AppletApplication : 0.8188585
FindAction : 0.78650343
Main : 0.7656657
EmptyApplicationModel : 0.8100908
AbstractSaveUnsavedChangesAction : 0.7820984
SaveFileAction : 0.78526175
ODGApplicationModel : 0.7666622
LoadDirectoryAction : 0.8061366
JSheet : 0.75922716
