AbstractCompositeFigure : 0.84800327
GroupAction : 0.8389522
CombineAction : 0.8417041
CompositeFigure : 0.7590674
LayouterSample : 0.8363944
CompositeFigureEvent : 0.8458253
UngroupAction : 0.84273076
LabeledLineConnectionFigure : 0.8506846
SVGCreateFromFileTool : 0.8309723
ImageOutputFormat : 0.8247032
CompositeFigureListener : 0.78547525
SVGPathFigure : 0.83869356
SVGAttributedFigure : 0.84606487
ODGPathFigure : 0.8409657
ODGAttributedFigure : 0.8445159
Figure : 0.7586844
Drawing : 0.74080694
QuadTreeCompositeFigure : 0.84445757
SVGFigureFactory : 0.7862226
TextFigure : 0.8293771
ODGInputFormat : 0.8249293
AttributeKeys : 0.8018859
DefaultSVGFigureFactory : 0.852352
CompositeFigureEdit : 0.8548566
CreationTool : 0.8301685
SVGImageFigure : 0.8287449
Layouter : 0.7618687
FileIconsSample : 0.8330742
ConnectionFigure : 0.7603154
AbstractAttributedFigure : 0.8300825
AlignAction : 0.8295012
SVGGroupFigure : 0.843386
ODGGroupFigure : 0.84350395
DefaultDrawingViewTransferHandler : 0.8418239
CompositeTransferable : 0.79238236
CompositeLineDecoration : 0.8344531
SplitAction : 0.8400027
EventHandler : EventHandler is not exist in project code
QuadTreeDrawing : 0.83611465
BezierControlPointHandle : 0.8361718
BezierNodeHandle : 0.8329981
