AbstractView : 0.82922584
ApplicationModel : 0.776149
View : 0.76143825
AbstractViewAction : 0.83837926
EditCanvasAction : 0.84618276
EditGridAction : 0.8464778
FindDialog : 0.81722176
AbstractApplicationAction : 0.83410364
OpenApplicationAction : 0.83720654
AbstractApplicationModel : 0.8248265
TogglePaletteAction : 0.83878
OSXPaletteHandler : 0.82392776
Application : 0.77783805
OSXAdapter : 0.8155079
AboutAction : 0.827696
NetApplicationModel : 0.82696223
PrintApplicationFileAction : 0.85269225
OpenApplicationFileAction : 0.85403657
OSXApplication : 0.8268061
TeddyApplicationModel : 0.83109653
ExitAction : 0.84756136
ReOpenApplicationAction : 0.8433664
AbstractPreferencesAction : 0.8514714
DrawApplicationModel : 0.82853335
PertApplicationModel : 0.82155895
MDIApplication : 0.8327366
SDIApplication : 0.8320427
ClearRecentFilesMenuAction : 0.8450938
CloseFileAction : 0.86016214
NewWindowAction : 0.85486907
DefaultApplicationModel : 0.82492214
NewFileAction : 0.85654074
AppletApplication : 0.849257
FindAction : 0.8413804
Main : 0.8358972
EmptyApplicationModel : 0.8413444
AbstractSaveUnsavedChangesAction : 0.83626217
SaveFileAction : 0.84554857
ODGApplicationModel : 0.8205571
LoadDirectoryAction : 0.84941953
JSheet : 0.8146864
