SelectionTool : 0.8609655
Figure : 0.7573207
DefaultDragTracker : 0.84438705
DnDTracker : 0.83032554
TrackerHandler : TrackerHandler is not exist in project code
SelectionToolSample : 0.8121607
DefaultSelectAreaTracker : 0.8555302
DelegationSelectionTool : 0.84670454
DefaultDrawingView : 0.82999647
DrawingView : 0.75688505
TextAreaCreationTool : 0.8319548
HandleTracker : 0.66148
HandleEvent : 0.8486311
Handle : 0.7630041
HandleMulticaster : 0.8421338
ConnectorHandle : 0.81987935
AbstractConnectionHandle : 0.823878
AbstractHandle : 0.82750255
TextCreationTool : 0.83224386
SVGGroupFigure : 0.8093915
ODGRectFigure : 0.8210008
LabeledEllipseFigure : LabeledEllipseFigure is not exist in project code
SVGRectFigure : 0.8224557
ResizeHandleKit : 0.8140744
TransformHandleKit : 0.81601727
HandleListener : 0.77660686
SVGEllipseFigure : 0.8241472
SVGImageFigure : 0.81739235
CIELABColorSpace : 0.7907363
ODGEllipseFigure : 0.814278
TextFigure : 0.8120061
SVGTextAreaFigure : 0.8082803
AbstractFigure : 0.8210066
TextAreaFigure : 0.8080705
AbstractCompositeFigure : 0.82343
ODGPathFigure : 0.8216315
SVGTextFigure : 0.8110954
SVGPathFigure : 0.82327956
BezierFigure : 0.8158025
EventHandler : EventHandler is not exist in project code
NullHandle : 0.8114216
