DefaultAttributeAction : 0.8123335
FigureEvent : 0.8124286
AbstractAttributedFigure : 0.8040462
EditorColorIcon : 0.8187986
SelectionColorIcon : 0.8187315
DrawingColorChooserHandler : 0.814625
DrawingColorIcon : 0.81793904
AttributeKey : 0.80294496
FontChooserHandler : 0.81877893
EditorColorChooserAction : 0.8125575
AttributeToggler : 0.8068246
SelectionColorChooserHandler : 0.8159963
BezierTool : 0.80696666
DrawingAttributeAction : 0.8240237
AttributeAction : 0.8146882
AbstractAttributeEditorHandler : 0.81182754
UndoableAttributeEdit : UndoableAttributeEdit is not exist in project code
ODGGroupFigure : 0.8142887
SVGGroupFigure : 0.81413645
DrawingOpacityIcon : 0.8396705
SelectionOpacityIcon : 0.83703935
DefaultDrawingEditor : 0.7983844
DrawingEditorProxy : 0.791707
AttributeChangeEdit : 0.7962182
QuadTreeDrawing : 0.78981286
DefaultDrawing : 0.79489076
Figure : 0.7575635
SVGTextAreaFigure : 0.8152326
PickAttributesAction : 0.780007
ApplyAttributesAction : 0.7831131
DrawingEditor : 0.74491704
AbstractCompositeFigure : 0.7970073
Viewport : Viewport is not exist in project code
SVGTextFigure : 0.8165389
OrientationHandle : 0.7984709
ConvexHullOutlineHandle : 0.81079185
BoundsOutlineHandle : 0.8140624
ODGAttributeKeys : 0.8624999
SelectionColorChooserAction : 0.8160041
DrawFigureFactory : 0.8145257
DrawingColorChooserAction : 0.8150034
