HandleAttributeKeys : 0.0
BezierControlPointHandle : 0.8679768
LineFigure : 0.86089283
BezierFigure : 0.84731835
AbstractConnectionHandle : 0.8388747
LineConnectionFigure : 0.833961
ODGBezierFigure : 0.851714
SVGBezierFigure : 0.8586952
ConnectionFigure : 0.78151345
BezierNodeEdit : 0.85356003
ConnectionStartHandle : 0.8340183
ConnectionEndHandle : 0.8346548
BezierOutlineHandle : 0.8327305
BezierScaleHandle : 0.84575236
CurvedLiner : 0.81658566
ElbowLiner : 0.8169831
SlantedLiner : 0.8422028
SVGOutputFormat : 0.7076286
Node : Node is not exist in project code
Liner : 0.77938765
DefaultSVGFigureFactory : 0.84690094
ODGPathFigure : 0.847504
SVGPathFigure : 0.84786546
ODGInputFormat : 0.81840664
BezierPointLocator : 0.8638924
BezierPath : 0.84284246
SVGPathOutlineHandle : 0.8269806
Canvas : Canvas is not exist in project code
Bezier : 0.8286643
Example : Example is not exist in project code
BezierTool : 0.8438762
ImageMapOutputFormat : 0.8376629
BezierPathIterator : 0.8070901
JavaxDOMOutput : 0.82653856
JavaxDOMInput : 0.8250228
DefaultHandleTracker : 0.83234334
DefaultDrawingView : 0.8358306
DrawingView : 0.7711862
HandleTracker : 0.6597913
HandleEvent : 0.84791815
Handle : 0.77323824
