UndoRedoManager : 0.8306946
EditCanvasPanel : 0.8228954
FigureToolBar : 0.833856
ColorToolTipTextFormatter : 0.84339285
MessagePanel : 0.8064466
FindDialog : 0.8095287
AbstractApplication : 0.81902206
EditGridPanel : 0.82627016
SummaryToolBar : 0.8492829
PaletteFontChooserSelectionPanel : 0.8274647
LinkToolBar : 0.84002113
SVGDrawingPanel : 0.82576394
ToggleLineNumbersAction : 0.8304938
ODGAttributeKeys : 0.82654667
AbstractSelectedAction : 0.83725935
ToggleStatusBarAction : 0.82757217
UndoAction : 0.83431286
RedoAction : 0.83686894
AttributeKeys : 0.80128676
SVGAttributeKeys : 0.82970655
ToggleLineWrapAction : 0.8356058
ODGPropertiesPanel : 0.8285748
AttributeKey : 0.83886194
NewFileAction : 0.84751254
TransformEdit : 0.822073
PrintFileAction : 0.8419212
SaveFileAsAction : 0.8515151
OpenFileAction : 0.83225197
ExitAction : 0.83935255
TransformRestoreEdit : 0.8248262
CloseFileAction : 0.84613955
LoadFileAction : 0.8372385
AbstractFindAction : 0.8488904
ExportFileAction : 0.8224078
OpenDirectoryAction : 0.84237015
LoadDirectoryAction : 0.8364791
MinimizeWindowAction : 0.8337406
AbstractPreferencesAction : 0.85650444
ToolsToolBar : 0.84368813
MaximizeWindowAction : 0.8323168
ViewSourceAction : 0.8426219
