AbstractView : 0.8365722
DurationAdapter : DurationAdapter is not exist in project code
NameAdapter : NameAdapter is not exist in project code
BackdropBorder : 0.81123316
TaskFigure : 0.82038546
DependencyFigure : 0.8339508
ColorSliderUI : 0.8116836
JFontChooser : 0.83402544
UIResource : UIResource is not exist in project code
PaletteColorChooserPreviewPanel : 0.8219148
DefaultDrawingView : 0.8144408
ConnectionFigure : 0.8102747
View : 0.7963004
PertFactory : 0.76854455
PaletteLabelUI : 0.81604713
PaletteMenuItemUI : 0.81783223
EditCanvasPanel : 0.8093591
PalettePanelUI : 0.82594556
OSXAdapter : 0.82999736
CompositeFigure : 0.79205805
Layouter : 0.75615543
EditorPanel : EditorPanel is not exist in project code
LabeledLineConnectionFigure : 0.82395077
PaletteListUI : 0.8253661
PaletteLookAndFeel : 0.8338113
ImageOutputFormat : 0.8129835
PaletteFormattedTextFieldUI : 0.8202391
PaletteTextFieldUI : 0.8151024
PaletteListCellRenderer : 0.80549365
PertPanel : 0.8053392
PertApplicationModel : 0.80701214
Drawing : 0.75521135
PaletteSliderUI : 0.7930363
ProxyPanel : ProxyPanel is not exist in project code
PaletteColorChooserUI : 0.8250696
AbstractCompositeFigure : 0.82093775
FloatingTextArea : 0.830356
ODGStylesReader : 0.8026121
SVGApplet : 0.826418
PaletteFontChooserPreviewPanel : 0.80293405
PaletteToolBarUI : 0.80669034
