EditGridPanel : 0.79422647
DefaultDrawingView : 0.7611556
DrawingView : 0.8616896
SVGApplicationModel : 0.77837116
AbstractConstrainer : 0.7894826
ODGView : 0.77107394
GridConstrainer : 0.7716825
AbstractTool : 0.79298526
East : East is not exist in project code
North : North is not exist in project code
NetView : 0.7719491
PertView : 0.76500607
West : West is not exist in project code
South : South is not exist in project code
EditCanvasPanel : 0.7623325
EditGridAction : 0.7709726
ViewToolBar : 0.78192717
DefaultDragTracker : 0.77104163
DnDTracker : 0.79041994
ToggleGridAction : 0.7791164
DragHandle : 0.7911099
MoveHandle : 0.75333613
Geom : 0.78602463
BezierNodeHandle : 0.7787403
ConnectionFigure : 0.8819678
MoveConstrainedAction : 0.7962558
BezierControlPointHandle : 0.78659153
TransformHandle : TransformHandle is not exist in project code
DefaultDrawingEditor : 0.7534085
CreationTool : 0.7655756
AbstractConnectionHandle : 0.7681969
ButtonFactory : 0.7552274
BezierTool : 0.7767923
ResizeHandle : ResizeHandle is not exist in project code
DependencyFigure : 0.76700616
AbstractRotateHandle : 0.78459877
ConnectionTool : 0.7520547
ConnectorHandle : 0.75767833
