ConnectionHandler : ConnectionHandler is not exist in project code
ChildHandler : ChildHandler is not exist in project code
LabeledLineConnectionFigure : 0.84114474
LabeledLineConnectionFigureSample : 0.8511306
Liner : 0.7791324
AbstractConnectionHandle : 0.84779596
ConnectorHandle : 0.83906716
ConnectionTool : 0.82887584
Figure : 0.77053016
AbstractFigure : 0.833978
NetFactory : 0.78895056
LineDecorationIcon : 0.83858436
LineFigure : 0.85372716
ConnectionEndHandle : 0.85837
ConnectionStartHandle : 0.8564094
ConnectionFigure : 0.7885192
AbstractConnector : 0.8249063
Connector : 0.77723485
StraightLineFigure : 0.8310988
SeparatorLineFigure : 0.8251379
GroupFigure : 0.8211203
DrawApplicationModel : 0.81086403
DrawingPanel : 0.81534505
DrawFigureFactory : 0.7576466
LocatorConnector : 0.8346144
ConnectingFiguresSample : 0.83886933
DrawLiveConnectApplet : 0.82398283
TextFigure : 0.8281601
SmartConnectionFigure : SmartConnectionFigure is not exist in project code
ChopRectangleConnector : 0.84888345
ClientHttpRequest : 0.82808363
DependencyFigure : 0.850473
NodeFigure : 0.83407044
ODGEllipseFigure : 0.8305314
ODGPathFigure : 0.83891535
ODGRectFigure : 0.8325373
EditorSample : 0.83733547
TextInputFormat : 0.82408494
TextHolderFigure : 0.75746423
ODGInputFormat : 0.8197123
NetApplicationModel : 0.80954254
