SVGTextFigure : 0.852792
TextAreaFigure : 0.8505558
SVGTextAreaFigure : 0.84822255
TextInputFormat : 0.8348873
LabelFigure : 0.8223459
TextHolderFigure : 0.79435664
FloatingTextArea : 0.8481492
FloatingTextField : 0.85015684
SVGAttributeKeys : 0.85373926
TextAreaCreationTool : 0.84120804
TextOverflowHandle : 0.8324309
TextCreationTool : 0.83185077
TextAreaEditingTool : 0.84466046
TextEditingTool : 0.8348979
TaskFigure : 0.8216673
AttributeKeys : 0.8161598
DefaultSVGFigureFactory : 0.84097993
Tool : 0.79731256
FontSizeHandle : 0.84680367
AbstractTool : 0.83965176
SVGFigureFactory : 0.8117604
PertFactory : 0.7743329
Figure : 0.7898397
DrawLiveConnectApplet : 0.8225459
DrawApplet : 0.8270017
DelegationSelectionTool : 0.8211375
PertApplet : 0.82676333
AbstractAttributedFigure : 0.8259354
ImageMapOutputFormat : 0.8351538
FontSizeLocator : 0.7924201
DrawView : 0.82912886
NetApplet : 0.82760113
FontToolBar : 0.84962106
DrawFigureFactory : 0.7702685
ImageFigure : 0.8395472
NetFactory : 0.80727506
CompositeFigureEdit : 0.8478028
ODGFigure : 0.78855795
SVGFigure : 0.78855795
SVGOutputFormat : 0.7176547
ConnectingFiguresSample : 0.81905156
