FloatingTextArea : 0.7762245
AbstractAttributeEditorHandler : 0.76203334
ToolEvent : 0.80195326
ViewToolBar : 0.7834017
SelectionComponentDisplayer : 0.76840156
AbstractHandle : 0.7799837
FloatingTextField : 0.7747874
DrawingPanel : 0.7601487
DrawView : 0.75783193
NetView : 0.7668487
SVGDrawingPanel : 0.7644263
PertPanel : 0.763796
ODGView : 0.76864225
ODGDrawingPanel : 0.76824194
PertView : 0.7610701
NetPanel : 0.7643033
DrawingEditor : 0.8541932
Constrainer : 0.8616896
FigureSelectionEvent : 0.7976404
AbstractDrawingViewAction : 0.775572
Handle : 0.8648754
DefaultDrawingEditor : 0.7554656
AbstractSelectedAction : 0.77403545
DrawingEditorProxy : 0.792219
SVGView : 0.77650803
AbstractDrawingEditorAction : 0.7945532
AttributeToggler : 0.80542296
BezierTool : 0.7719858
AbstractTool : 0.7909724
AbstractDrawing : 0.7906008
SelectionComponentRepainter : 0.74160385
ODGPropertiesPanel : 0.762638
DrawingComponentRepainter : 0.72886324
Tool : 0.8712008
DefaultDrawingViewTransferHandler : 0.76205635
ConnectorHandle : 0.7566806
AbstractRotateHandle : 0.7657703
EditCanvasAction : 0.77260345
DefaultDrawingView : 0.75879216
DrawApplicationModel : 0.76230675
IncreaseHandleDetailLevelAction : 0.78642565
