DefaultHandleTracker : 0.7630041
DefaultDrawingView : 0.75545156
DrawingView : 0.8648754
HandleTracker : 0.74482465
HandleEvent : 0.80731654
HandleMulticaster : 0.78239465
ConnectorHandle : 0.758995
AbstractConnectionHandle : 0.7691306
SelectionTool : 0.7670132
AbstractHandle : 0.78651905
SVGGroupFigure : 0.7676452
ODGRectFigure : 0.7827131
LabeledEllipseFigure : LabeledEllipseFigure is not exist in project code
SVGRectFigure : 0.7717881
ResizeHandleKit : 0.7676223
TransformHandleKit : 0.76051813
DefaultSelectAreaTracker : 0.7669888
HandleListener : 0.8608229
SVGEllipseFigure : 0.7778718
SVGImageFigure : 0.77401555
CIELABColorSpace : 0.7701434
ODGEllipseFigure : 0.77977175
TextFigure : 0.7864331
SVGTextAreaFigure : 0.77393955
AbstractFigure : 0.77920145
TextAreaFigure : 0.7813831
AbstractCompositeFigure : 0.7588801
ODGPathFigure : 0.7686537
SVGTextFigure : 0.78546166
SVGPathFigure : 0.7639994
BezierFigure : 0.7824325
EventHandler : EventHandler is not exist in project code
NullHandle : 0.8245156
LineFigure : 0.7712594
RoundRectangleFigure : 0.77397394
BezierOutlineHandle : 0.8138155
ODGGroupFigure : 0.7714226
OrientationHandle : 0.7483986
JHarmonicColorWheel : 0.7449519
AbstractTool : 0.7937179
Tool : 0.8884975
