AbstractSelectionAction : 0.780489
FloatingTextArea : 0.7797879
DuplicateAction : 0.7887475
DeleteAction : 0.78675383
ToggleVisibleAction : 0.7633738
TextFigure : 0.7928724
SelectAllAction : 0.7974613
SVGTextAreaFigure : 0.7773888
TextAreaFigure : 0.7844786
SVGTextFigure : 0.7891802
BezierControlPointHandle : 0.77577007
BezierNodeHandle : 0.7725677
ODGRectRadiusHandle : 0.78300977
FloatingTextField : 0.78077435
TeddyView : 0.78876317
ClearSelectionAction : 0.79948485
FontCollectionNode : 0.7955321
FontFaceNode : 0.8053867
FontFamilyNode : 0.7942298
ColorTrackImageProducer : 0.78297997
ColorSliderTextFieldHandler : 0.7914159
DrawingComponentRepainter : 0.7259978
SelectionComponentRepainter : 0.7418
UndoableAttributeEdit : UndoableAttributeEdit is not exist in project code
AbstractDrawingViewAction : 0.7893306
AbstractSelectedAction : 0.78770226
CompositeEdit : 0.81089437
AppletApplication : 0.8027789
PaletteRootLayout : PaletteRootLayout is not exist in project code
SDIApplication : 0.75058573
OSXApplication : 0.7489479
MDIApplication : 0.75679713
DefaultDrawingView : 0.76176924
FigureHandler : FigureHandler is not exist in project code
DrawingComponent : 0.8767466
Application : 0.88965505
PaletteToolBarUI : 0.7607519
Drawing : 0.82278466
PropertyChangeEdit : 0.8055846
RedoAction : 0.77839005
UndoAction : 0.77582186
