FrameHandler : FrameHandler is not exist in project code
WindowMenuHandler : WindowMenuHandler is not exist in project code
FocusWindowAction : 0.75171614
OpenRecentMenuHandler : OpenRecentMenuHandler is not exist in project code
AbstractViewAction : 0.7871899
AppletApplication : 0.79059047
FloatingTextArea : 0.7626865
Application : 0.87357783
AbstractApplication : 0.76143825
AbstractAttributeEditorHandler : 0.7549002
ToolEvent : 0.79007035
ExitAction : 0.76276445
ViewToolBar : 0.7779347
SelectionComponentDisplayer : 0.7589367
AbstractHandle : 0.76751447
FloatingTextField : 0.7627722
DrawingPanel : 0.7484244
ApplicationModel : 0.86466336
SVGDrawingPanel : 0.7584612
PertPanel : 0.75369173
ODGDrawingPanel : 0.7570217
NetPanel : 0.7539357
AbstractApplicationModel : 0.7716181
ViewSourceAction : 0.75423414
AbstractSaveUnsavedChangesAction : 0.7625886
Handle : 0.8594996
AbstractView : 0.78882736
AbstractDrawingViewAction : 0.7723655
ODGPropertiesPanel : 0.75239474
NumberedEditorKit : 0.77777576
CloseFileAction : 0.78122306
DrawView : 0.7523685
DefaultDrawingEditor : 0.74800545
NetView : 0.759969
TeddyApplicationModel : 0.76052266
DefaultApplicationModel : 0.762932
ODGView : 0.7623137
AbstractSelectedAction : 0.7693356
NumberedParagraphView : 0.75492674
PertView : 0.75474286
ToggleLineNumbersAction : 0.7778612
