SVGEllipseFigure : 0.8805457
ODGEllipseFigure : 0.8720464
ChopEllipseConnector : 0.8523554
ODGInputFormat : 0.81311375
LabeledEllipseFigure : LabeledEllipseFigure is not exist in project code
DefaultSVGFigureFactory : 0.86434215
ImageMapOutputFormat : 0.84088016
SVGFigureFactory : 0.81325215
AnimationSample : 0.81439745
SVGOutputFormat : 0.7266561
DrawFigureFactory : 0.76819956
ODGFigure : 0.75834477
SVGFigure : 0.75834477
MovableChildFiguresSample : 0.80471814
SVGInputFormat : 0.71512043
ConnectionTool : 0.80976546
EnhancedPath : 0.86091185
CompositeFigureEdit : 0.83273923
ODGDrawingPanel : 0.8208474
DrawApplicationModel : 0.79708654
DrawingPanel : 0.814668
AbstractConnector : 0.8240114
TransformEdit : 0.82736546
CreationTool : 0.8175834
AbstractFigure : 0.82620424
AttributeChangeEdit : 0.79686534
CompositeFigureEvent : 0.84794223
TransformRestoreEdit : 0.8113647
AbstractHandle : 0.8199876
AbstractConnectionHandle : 0.83375686
DefaultDragTracker : 0.82797575
DnDTracker : 0.82165676
DrawingView : 0.7632464
Figure : 0.77263594
BezierTool : 0.8367352
ConnectorHandle : 0.82980365
DragTracker : 0.78932774
UndoableAttributeEdit : UndoableAttributeEdit is not exist in project code
AbstractAttributeEditorHandler : 0.81454635
ToolsToolBar : 0.8221442
DefaultHandleTracker : 0.81275827
