EditGridPanel : 0.8387838
SVGApplicationModel : 0.8235427
DefaultDrawingView : 0.83176035
ODGView : 0.8151011
NetView : 0.8156325
PertView : 0.81520265
EditCanvasPanel : 0.81207174
ViewToolBar : 0.8432702
Constrainer : 0.77168244
EditGridAction : 0.8293621
DrawingView : 0.7558826
ButtonFactory : 0.8109007
ActionsToolBar : 0.82363725
SVGView : 0.8151396
AbstractConstrainer : 0.82545626
ToggleGridAction : 0.8271536
AbstractTool : 0.82341766
East : East is not exist in project code
North : North is not exist in project code
West : West is not exist in project code
South : South is not exist in project code
VerticalGridLayout : 0.84491223
JMixer : 0.7986153
NetPanel : 0.81740314
PertPanel : 0.8161744
DrawingPanel : 0.8151129
MessagePanel : 0.7788157
PaletteRGBChooser : 0.7894825
PaletteCMYKChooser : 0.6771386
ODGDrawingPanel : 0.81594944
ProgressIndicator : 0.82590294
BezierDemo : 0.6613635
DefaultDragTracker : 0.82664055
DnDTracker : 0.8099931
DragHandle : 0.8168508
MoveHandle : 0.79701436
PaletteHSBChooser : 0.78357077
SummaryToolBar : 0.8181404
JDisclosureToolBar : 0.84223604
ODGPropertiesPanel : 0.82893854
Figure : 0.7543344
