SVGInputFormat : 0.7009391
CSSParser : 0.8530341
SDIApplication : 0.80402255
MDIApplication : 0.800746
OSXApplication : 0.80094075
ODGInputFormat : 0.8254826
PaletteLabelUI : 0.81585866
JMDIDesktopPane : 0.82199794
TeddyView : 0.82672226
ODGConstants : 0.81688946
ActionsToolBar : 0.83226806
NetPanel : 0.8027038
ODGDrawingPanel : 0.80531055
SVGDrawingPanel : 0.8133727
PertPanel : 0.80159825
DrawingPanel : 0.79937685
ODGStylesReader : 0.84080595
AttributeKeys : 0.79077995
ODGAttributeKeys : 0.81733775
SVGView : 0.8252137
JEditorArea : 0.8350024
PertView : 0.81012064
ODGView : 0.8129297
DrawView : 0.81164974
PaletteTabbedPaneUI : 0.8004662
StreamPosTokenizer : 0.8203559
NetView : 0.81325465
JSheet : 0.8059624
ToolBarLayout : 0.81185657
ButtonFactory : 0.8004981
OpenFileAction : 0.81043434
SVGOutputFormat : 0.6976896
UndoRedoManager : 0.8224179
DuplicateAction : 0.81923586
ColorWheelChooser : 0.8023299
DeleteAction : 0.81123674
MDIDesktopManager : MDIDesktopManager is not exist in project code
CopyAction : 0.81057256
SVGFigureFactory : 0.7900344
JComponentPopup : 0.8158947
PasteAction : 0.82620555
