FeedViewer:0.5183333333333333
FeedsFSPlugin:0.35
MFontChooser:0.30666666666666664
MFontButton:0.268611111111111
FeedsConfigPanel:0.2277777777777778
