Cache:0.4766666666666667
Group:0.36666666666666664
FileCache:0.32966666666666666
Entry:0.32
Feed:0.27
