Unit:0.6733333333333333
Colony:0.5833333333333334
Tile:0.5833333333333334
