Session:0.72
DiskNode:0.36333333333333334
NIOScaledRAFile:0.2733333333333333
SessionManager:0.26
