Expression:0.74
View:0.44666666666666666
Parser:0.44333333333333336
