Log:0.49
Logger:0.47
Database:0.3933333333333333
HsqlDatabaseProperties:0.33
ScaledRAFile:0.25666666666666665
DataFileCache:0.22333333333333333
ScaledRAFileNIO:0.19666666666666666
ParserCommand:0.19333333333333333
StatementCommand:0.17666666666666667
ScriptReaderBinary:0.16333333333333333
ScriptReaderText:0.16333333333333333
DataFileCacheSession:0.15666666666666668
RAShadowFile:0.1511111111111111
ScriptRunner:0.13333333333333333
StatementTypes:0.13
