Cache:0.5933333333333334
NIOScaledRAFile:0.26
DatabaseInformationFull:0.24
DataFileCache:0.21333333333333335
DataFileDefrag:0.17666666666666667
