RuntimePreferences:0.5966666666666667
RealProject:0.59
Main:0.35333333333333333
