MAction:0.5766666666666667
SummaryData:0.42333333333333334
MPasswordField:0.33666666666666667
MSpinnerPanel:0.21333333333333335
DesktopTab:0.20666666666666667
DT:0.11333333333333333
