Tree:0.6466666666666666
MAbout:0.49666666666666665
