LinkEditor:0.12078032
Link:0.05536164
