Ability:0.47
ServerPlayer:0.38666666666666666
Monarch:0.3233333333333333
SimpleCombatModel:0.2866666666666667
