AbstractHandle:0.2632261
LocatorHandle:0.14446196
RotateHandle:0.08396481
BoundsOutlineHandle:0.06909028
Handle:0.041814454
HandleAttributeKeys:0.011387411
