TaskTable:0.7833333333333333
TaskPanel:0.3466666666666667
TodoEditorDesigner:0.2833333333333333
