ServletUtil:0.5033333333333333
Utilities:0.45666666666666667
UtilitiesTest:0.3433333333333333
RegisterServlet:0.14666666666666667
JFlexParserTest:0.14333333333333334
JAMWikiLocaleInterceptor:0.12666666666666668
