MLabel:0.5266666666666666
Info:0.32
MTextFieldPanel:0.27666666666666667
TextEditorCore:0.22583333333333333
MWhatsThis:0.21666666666666667
MSplashScreen:0.17
