View:0.6866666666666666
KeyEventWorkaround:0.4533333333333333
TextAreaTransferHandler:0.25
InputPane:0.12333333333333334
