FS:0.7933333333333333
TextWriter:0.26277777777777783
TestVCalendar:0.22666666666666666
MDataTransfer:0.20333333333333334
TextReader:0.18444444444444444
Main:0.16833333333333333
TestICalendar:0.1
