Preferences:0.5733333333333334
MainWindowMenuHandler:0.4272222222222223
MainWindow:0.38
