MRenderer:0.8533333333333334
DeskletLoader:0.33666666666666667
FSHelper:0.28
CompletionWindow:0.19333333333333333
