DeskletLoader:0.14123555
DeskletWidgetPlugin:0.075639896
DeskletInfo:0.050303284
