MAction:0.1483461
DesktopFile:0.13683051
AbstractSelection:0.113747545
Config:0.10237327
MClipboard:0.0986685
LogFile:0.09307949
MList:0.08762328
FS:0.085288055
AbstractMarkupBuilder:0.08450747
ImageSelection:0.07637429
Property:0.07100218
UI:0.06677519
AbstractFileCache:0.06604553
MText:0.063986704
ColorProperty:0.061403614
MDate:0.060340233
OS:0.060258243
MTable:0.05895252
MButton:0.057531174
Item:0.056761928
MMenu:0.05259615
MTabbedPane:0.051096577
Args:0.049847975
MPasswordField:0.047843363
MURLAction:0.045489933
SecureProperty:0.04472679
MouseGestures:0.042656504
MDialog:0.041672718
Net:0.04146249
StringProperty:0.041260287
MToolBar:0.039558645
MSettingsDialog:0.035987727
EnumProperty:0.03490984
AbstractListTableModel:0.034456566
MStatusBar:0.033015955
MIcon:0.033001237
MSmallColorChooser:0.03235211
MNotification:0.032347247
MApplication:0.032305706
MAbout:0.031291306
MTreeItem:0.030998198
MLogger:0.030404009
MTip:0.030044308
MCalendar:0.029998869
MWebBrowser:0.029943181
MURLButton:0.02874683
Watermark:0.028072169
MTogglePanel:0.0275326
VersionProperty:0.027432648
MFileChooser:0.027298365
MMessage:0.027043553
MColorIcon:0.02698088
MTextPane:0.02629502
ActionGroup:0.02549623
MFrame:0.024011364
Mnemonic:0.022983395
MMultiPanel:0.02257326
MInternalFrame:0.02247484
MWizard:0.021982169
MMainWindow:0.02119692
MIconChooser:0.020186832
Gettext:0.018076852
MRating:0.016416162
MHighlighter:0.015828136
MFontChooser:0.015786571
StringList:0.015543375
MButtonPanel:0.0151963
MTextFieldPanel:0.014086882
MColorPicker:0.014077725
MProcess:0.012467468
MAuthenticator:0.010870932
MIndicator:0.009985039
CoolHeader:0.008868288
MSystemTray:0.007161979
MUndoManager:0.0069904346
StateEvent:0.0061258096
MHTMLViewer:0.0018249549
ContainerScanner:0.0010104007
