FS:0.7966666666666666
TestTK:0.3374206349206349
