WidgetInternalFrameUI:0.10675221
WidgetDesktopIconUI:0.035157956
