MInternalFrame:0.4533333333333333
MTip:0.29333333333333333
StaticHandler:0.2733333333333333
MProcess:0.27
