jEdit:0.7066666666666667
KillRing:0.2966666666666667
HistoryModel:0.2833333333333333
UndoManager:0.26
BrowserView:0.24666666666666667
HyperSearchRequest:0.21333333333333335
Registers:0.20833333333333334
VFSFileChooserDialog:0.18333333333333332
