OptionGroupUI:0.2536161
OptionMapUI:0.15032323
OptionUpdater:0.06664059
