MainWindow:0.15217078
Tabs:0.09015517
