MainWindow:0.83
NoteWidgetPlugin:0.23
InputMethodAction:0.16333333333333333
PasteAsStickyNoteAction:0.10444444444444444
