FeedsFS:0.6333333333333333
ArticleMetaInfo:0.5466666666666666
HTMLAutodiscovery:0.28
TestHTMLAutodiscovery:0.18666666666666668
FeedThread:0.17333333333333334
ArchiveItemRenderer:0.11333333333333333
NewFilter:0.11333333333333333
