Console:0.44666666666666666
MTableFilterPanel:0.44333333333333336
TaskPanel:0.36333333333333334
Model:0.3362777777777778
CheckBoxModel:0.26722222222222225
ProxyPanel:0.15666666666666668
ShowCompletedTasksAction:0.13
MCheckBoxTable:0.13
