UI:0.6133333333333333
MSmallColorButton:0.25333333333333335
Style:0.23666666666666666
CheckIcon:0.22
Screen:0.19166666666666668
ColorComponent:0.18611111111111112
MColorButton:0.14333333333333334
