Index:0.7466666666666667
Table:0.56
RangeIteratorMain:0.27
RangeVariableResolver:0.23333333333333334
RowSetNavigatorDataTable:0.21333333333333335
IndexAVL:0.19333333333333333
RangeVariableConditions:0.19055555555555556
RangeIteratorRight:0.11333333333333333
