Editor:0.69
MText:0.30666666666666664
CategoryList:0.2711111111111111
Day:0.22444444444444447
SummaryCategory:0.20777777777777778
TodoEditorCore:0.19
TextUtils:0.16666666666666666
