InGameController:0.4666666666666667
ScrollThread:0.38666666666666666
CanvasMouseListener:0.31333333333333335
CanvasKeyListener:0.16
CanvasMouseMotionListener:0.08
