MapEditorMenuBar:0.6491774
FreeColMenuBar:0.35357153
FreeColMenuTest:0.061422415
Canvas:0.0480749
