ReportPanel:0.16871686
ReportUnitPanel:0.11425825
