ReportPanel:0.16721545
ReportUnitPanel:0.11149845
