UnitLabel:0.0825229
ReportPanel:0.07025938
GoodsLabel:0.06640503
ReportCargoPanel:0.03509717
ReportMilitaryPanel:0.034623582
ReportNavalPanel:0.034365874
FreeColPanel:0.026606137
