Stuff:0.08588326
StuffRenderer:0.040651187
GHNSDownload:0.03965115
