Benchmark:0.088786446
TK:0.07609143
Config:0.07105395
MApplication:0.05853805
UI:0.0561728
Gettext:0.05540975
Preloader:0.054551337
MMessage:0.05233639
MDialog:0.05131558
MText:0.050005034
OS:0.049326204
MTip:0.04654989
MStatusBar:0.0448794
FS:0.041524135
AbstractFileCache:0.039555617
MWebBrowserPanel:0.036492404
MPasswordField:0.0352861
MButton:0.03375391
MColorChooser:0.03346518
ConfigFile:0.032897618
MProcess:0.031976074
MTextPane:0.031305224
MCalendarPanel:0.030550735
MouseGestures:0.029053675
MTable:0.028872918
MMenu:0.027795712
MTimer:0.02761634
MDataTransfer:0.027445298
CommandOptions:0.027442034
MSmallButton:0.02721952
MList:0.026975513
Property:0.025900943
MIcon:0.025764117
FileSelection:0.022769215
XMLHelper:0.021417005
MCellTip:0.02069757
Net:0.017934643
HTMLViewFactory:0.017697522
SimpleXMLReader:0.017662738
PropertyAccess:0.017639158
MDate:0.01736513
MClipboard:0.01733839
MFormat:0.016486524
BeanProperty:0.016073644
MIconChooser:0.01568166
MArrayList:0.015452386
MSystemTray:0.013997759
FileCache:0.013963175
MHighlighter:0.0138557255
TriBoolean:0.012192253
BooleanProperty:0.009228237
MUndoManager:0.008775151
AbstractListTableModel:0.00798942
MApplet:0.007972474
MAuthenticator:0.007123907
AbstractSelection:0.006106083
StringProperty:0.0058157286
MInternalFrame:0.0051721656
MColor:0.005071014
Linkify:0.004110614
ImageSelection:0.0039914884
MZip:0.0039153197
HTMLEntities:0.0029935753
MDropTarget:0.0010264863
