StarDict:0.59
DictionariesTextArea:0.37333333333333335
DictionariesManager:0.29333333333333333
