Tool:0.69
BrushTool:0.47
RectangleTool:0.31
AbstractRectangleTool:0.25555555555555554
SelectionTool:0.21666666666666667
LineTool:0.21666666666666667
RedRectangleTool:0.17777777777777778
