Result:0.61
Session:0.59
DataOutputStream:0.35333333333333333
ResultLob:0.33666666666666667
ServerConnection:0.21333333333333335
ClientConnection:0.19666666666666666
LobManager:0.19166666666666668
HsqlByteArrayOutputStream:0.16
SessionData:0.14
ClientConnectionHTTP:0.14
Servlet:0.13333333333333333
WebServerConnection:0.12
CharArrayWriter:0.11333333333333333
TestJDBCGeneratedColumns:0.08666666666666667
