RefCapablePropertyResourceBundle:0.41227323
ValidatingResourceBundle:0.30702466
SqltoolRB:0.27989572
SqlToolError:0.111678235
AppendableException:0.034612
SqlTool:0.0
