HelpSystem:0.6408333333333334
Help:0.62
DefaultHelpSystem:0.2633333333333333
