jEdit:0.5533333333333333
Interpreter:0.43
JARClassLoader:0.4
NameSpace:0.3333333333333333
