Filters:0.5666666666666667
FilterMaster:0.43333333333333335
FiltersCustomizer:0.25
FiltersTableModel:0.21361111111111114
Convert20to21:0.16
