PIMUtils:0.082908824
PIMEntry:0.06752008
