PIMProperty:0.35032317
PIMData:0.21478504
