PIMEntry:0.2978088
QuotedPrintableCodec:0.056238547
PIMUtils:0.038221028
