Preferences:0.48
CharTableAutoCompleterOptionsDialog:0.2833333333333333
StaticUIUtils:0.2733333333333333
AutotextAutoCompleterOptionsDialog:0.23333333333333334
GlossaryAutoCompleterOptionsDialog:0.17666666666666667
AutotextAutoCompleterView:0.10666666666666667
GlossaryAutoCompleterView:0.09666666666666666
CharTableAutoCompleterView:0.09666666666666666
