Cache:0.5766666666666667
TestCacheSize:0.3933333333333333
ScaledRAFile:0.37666666666666665
