VFSBrowser:0.5733333333333334
FilePropertiesDialog:0.4266666666666667
BrowserCommandsMenu:0.28
