TK:0.7166666666666667
ChartPainter:0.24666666666666667
InternetSearch:0.21
Main:0.20666666666666667
Args:0.195
AbstractSelection:0.19333333333333333
FSHelper:0.19333333333333333
PropertiesPanel:0.18666666666666668
EnumProperty:0.18333333333333332
IconButton:0.15
Result:0.11333333333333333
AbstractImportExportAction:0.07666666666666666
