AbstractTextEditor:0.2056066
Editor:0.052881096
