ImageEditorCore:0.10761241
ImageEditorDesigner:0.07253245
FilterDialog:0.03421657
ResizeDialog:0.028722275
ImageInfo:0.027424404
ImageEditorPlugin:0.017025594
ImagePreloader:0.0019541278
