Unit:0.7266666666666667
Tile:0.41
ImageLibrary:0.27666666666666667
MapControls:0.24666666666666667
ImageProvider:0.21333333333333335
