MComboBox:0.5472222222222222
Button:0.53
MAbout:0.3333333333333333
