MDialog:0.44333333333333336
Reflection:0.39666666666666667
Filter:0.29
FilterDialog:0.21666666666666667
