DockableWindowManager:0.16110697
View:0.097550705
GUIUtilities:0.06008834
jEdit:0.02366697
DockableWindowContainer:0.005463474
