EditorCrypto:0.4
Archive:0.3993333333333333
SessionManager:0.2633333333333333
PluginClassLoader:0.2633333333333333
ImageEditorDesigner:0.25
Bookmarks:0.20476190476190476
