QueryHandler:0.7
DataHandler:0.6066666666666667
AnsiQueryHandler:0.3433333333333333
WikiDatabase:0.24
AnsiDataHandler:0.22333333333333333
LuceneSearchEngine:0.22
ItemsServlet:0.17333333333333334
