Player:0.59
ServerPlayer:0.4866666666666667
InGameController:0.35333333333333333
ConfirmDeclarationDialog:0.3311111111111111
DeclareIndependenceMessage:0.22444444444444447
