OStrings:0.616388888888889
SearchWindow:0.3933333333333333
TextFileHandler:0.32
