ShowMainAction:0.19470057
AboutAction:0.19313398
FreeColAction:0.17857045
ChatAction:0.17012161
MapControlsAction:0.16580667
ExecuteGotoOrdersAction:0.1549603
DeclareIndependenceAction:0.1531389
ReportContinentalCongressAction:0.15145376
ReconnectAction:0.15116614
OpenAction:0.1509888
PreferencesAction:0.15071265
SaveAction:0.1507038
ToggleViewModeAction:0.15021099
AssignTradeRouteAction:0.15007651
ReportReligionAction:0.1484393
ReportLabourAction:0.14816093
DisplayTileOwnersAction:0.14784768
ReportMilitaryAction:0.14775841
ColopediaSkillAction:0.14770418
ClearOrdersAction:0.14759624
ReportForeignAction:0.14759141
ColopediaTerrainAction:0.14754714
ColopediaFatherAction:0.14747849
DisplayTileNamesAction:0.14746845
ReportNavalAction:0.14746794
GotoAction:0.14744823
ReportRequirementsAction:0.14744006
DisplayGridAction:0.14739388
TradeRouteAction:0.14722094
ColopediaBuildingAction:0.14705727
ReportTradeAction:0.14697783
ReportTurnAction:0.14697704
ReportIndianAction:0.14684749
ColopediaGoodsAction:0.14678657
ReportCargoAction:0.14656845
ReportColonyAction:0.14656126
ColopediaUnitAction:0.14652482
EndTurnAction:0.14639404
RenameAction:0.1462452
EuropeAction:0.14597522
NewAction:0.14384013
UnloadAction:0.13455151
QuitAction:0.13159578
DisbandUnitAction:0.13058911
SkipUnitAction:0.12977661
MiniMapZoomOutAction:0.12919442
SentryAction:0.12869866
NewEmptyMapAction:0.12814562
WaitAction:0.1277593
MiniMapZoomInAction:0.12704028
BuildRoadAction:0.11132949
BuildColonyAction:0.11078466
FortifyAction:0.110276625
ChangeAction:0.09895909
PlowAction:0.076206274
