NotepadEditorCore:0.44
NotepadEditor:0.43333333333333335
MColor:0.37666666666666665
NotepadEditorPlugin:0.31333333333333335
Settings:0.25
