MInternalFrame:0.5755555555555555
BackgroundTask:0.41333333333333333
MTextArea:0.3488888888888889
