AbstractUnit:0.246248
Player:0.21457332
Europe:0.1848052
UnitType:0.14563622
Market:0.111687995
Game:0.096133925
FreeColGameObject:0.076888666
FreeColObject:0.059255153
EquipmentType:0.044444863
GameOptions:0.042691115
FreeColGameObjectType:0.031259403
BuildableType:0.028095165
AbstractGoods:0.025962986
Turn:0.016438697
