Tag:0.5133333333333333
Handler:0.38
Entry:0.3233333333333333
TMXReader:0.2966666666666667
XMLDialect:0.22166666666666668
DefaultXMLDialect:0.19666666666666666
OutOfTurnTag:0.19111111111111112
XMLOutOfTurnTag:0.14
XMLPseudoTag:0.09333333333333334
XHTMLDialect:0.08666666666666667
XMLTag:0.02666666666666667
XMLIntactTag:0.023333333333333334
OpenDocDialect:0.02
