IndianSettlement:0.4166666666666667
InGameInputHandler:0.36333333333333334
UnitType:0.35
InGameController:0.27805555555555556
PioneeringMission:0.2527777777777778
AIColony:0.21805555555555553
