MainWindow:0.63
Core:0.6066666666666667
CommandThread:0.43
Main:0.3775
MMx:0.14
SaveThread:0.13277777777777777
IMainWindow:0.0011111111111111111
IDataEngine:0.0011111111111111111
