Canvas:0.5366666666666666
NewPanel:0.45666666666666667
StartGamePanel:0.235
ServerListPanel:0.23111111111111116
MainPanel:0.22444444444444447
VictoryPanel:0.21
AboutAction:0.13666666666666666
AboutPanel:0.13
ShowVictoryPanelSwingTask:0.10666666666666667
