Canvas:0.55
InGameController:0.49
GUI:0.42333333333333334
CanvasMapEditorMouseListener:0.3466666666666667
CanvasMouseMotionListener:0.2763888888888889
CanvasMouseListener:0.255
ServerPlayer:0.2111111111111111
ConnectController:0.20666666666666667
PreGameController:0.18666666666666668
ScaleMapAction:0.11666666666666667
TilePopupAction:0.08333333333333333
GotoTileAction:0.03916666666666667
