MActionInfo:0.7233333333333334
QueryEditor:0.30333333333333334
Dialog:0.22444444444444447
SaveAsAction:0.17
