TK:0.78
Task:0.3
TodoEditorCore:0.25
Index:0.23666666666666666
TextUtils:0.16333333333333333
StaticHighlighterHandler:0.14
Filter:0.12666666666666668
