FreeCol:0.43666666666666665
FreeColModFile:0.35333333333333333
FreeColClient:0.35
Mods:0.3333333333333333
FreeColTcFile:0.2868333333333334
Messages:0.18333333333333332
ClientOptions:0.15
