FreeColClient:0.7466666666666667
FreeCol:0.6066666666666667
FreeColMenuTest:0.23444444444444448
SoundTest:0.14666666666666667
ClientTestHelper:0.11333333333333333
SfxLibrary:0.023333333333333334
MusicLibrary:0.023333333333333334
