Editor:0.6266666666666667
MainWindow:0.5133333333333333
TreePanel:0.2733333333333333
DateProperty:0.23
FSHelper:0.20666666666666667
HTMLBuilder:0.19333333333333333
FeedViewer:0.18666666666666668
LockAction:0.18333333333333332
PropertiesDialog:0.16
LabelItemAction:0.12
DefaultLabelAction:0.11666666666666667
