Unit:0.54
Messages:0.5333333333333333
Canvas:0.36333333333333334
SimpleCombatModel:0.21333333333333335
