MActionInfo:0.37
PropertyPanel:0.2966666666666667
ColumnManager:0.19777777777777777
NoteWidget:0.19
FilterDialog:0.19
MSmallColorChooser:0.18055555555555555
MColorChooser:0.18
ResizeDialog:0.17333333333333334
OptionsPanel:0.13333333333333333
MTableHeader:0.12333333333333334
