Player:0.65
Europe:0.36333333333333334
Colony:0.30333333333333334
GameOptions:0.26666666666666666
