Message:0.07494149
Connection:0.019065535
