Message:0.06801507
Connection:0.01973894
