TestFileUtil:0.5466666666666666
JAMWikiModel:0.36333333333333334
ParserTest:0.3433333333333333
JAMWikiUnitTest:0.21
