Map:0.8066666666666666
MapTest:0.36666666666666664
GameOptions:0.014071428571428572
