OConsts:0.7930555555555554
StaticUtils:0.49333333333333335
SegmentBuilder:0.36333333333333334
OStrings:0.18
