Editor:0.7066666666666667
MainWindow:0.35
FeedViewer:0.33
ConsoleTab:0.30333333333333334
