IProject:0.6533333333333333
MainWindowMenuHandler:0.36333333333333334
FiltersCustomizer:0.3566666666666667
FilterMaster:0.33666666666666667
RealProject:0.22
MainWindowMenu:0.20666666666666667
ProjectUICommands:0.19333333333333333
Searcher:0.13666666666666666
