TK:0.6333333333333333
MNotification:0.25
MCalendar:0.20333333333333334
MColorIcon:0.19666666666666666
ImageSelection:0.12333333333333334
RoundedBackgroundPainter:0.12333333333333334
PreviewPanel:0.12333333333333334
LogFile:0.12
MURLAction:0.12
TaskSelection:0.11666666666666667
