WikiPageInfo : 0.87815726
WikiVersion : 0.8613654
DatabaseUpgrades : 0.8672808
ParserInput : 0.86185366
JAMWikiServlet : 0.90588385
ImportServlet : 0.9099569
LoginServlet : 0.9152021
CategoryServlet : 0.90133315
SearchServlet : 0.90764093
UploadServlet : 0.8923144
ItemsServlet : 0.89774543
WatchlistServlet : 0.8967416
HistoryServlet : 0.9089283
MoveServlet : 0.8963749
RecentChangesFeedServlet : 0.87359166
AdminServlet : 0.8963692
EditServlet : 0.8880471
DiffServlet : 0.9041378
RegisterServlet : 0.9002669
ContributionsServlet : 0.9039984
ServletUtil : 0.88233376
JAMWikiLocaleInterceptor : 0.8796523
PrintableServlet : 0.90196246
TopicServlet : 0.90311867
PersistencyServlet : PersistencyServlet is not exist in project code
SpecialPagesServlet : 0.89897794
TopicsAdminServlet : TopicsAdminServlet is not exist in project code
SetupServlet : 0.90381545
TranslationServlet : 0.8907949
LinkToServlet : 0.8961514
ManageServlet : 0.90238875
RecentChangesServlet : 0.90841806
StylesheetServlet : 0.9150435
ExportServlet : 0.9092268
AnsiDataHandler : 0.8633607
LinkUtil : 0.66399586
