LinkUtil : 0.6747666
ParserInput : 0.85310024
JAMWikiServlet : 0.90290433
ImportServlet : 0.89353555
LoginServlet : 0.904654
CategoryServlet : 0.8797727
SearchServlet : 0.89598346
UploadServlet : 0.87412673
ItemsServlet : 0.8957637
WatchlistServlet : 0.89823484
HistoryServlet : 0.90081406
MoveServlet : 0.8839965
RecentChangesFeedServlet : 0.86113197
AdminServlet : 0.886494
EditServlet : 0.8809339
DiffServlet : 0.88071674
RegisterServlet : 0.88900864
ContributionsServlet : 0.8764557
JAMWikiLocaleInterceptor : 0.8807149
PrintableServlet : 0.885485
TopicServlet : 0.8924722
PersistencyServlet : PersistencyServlet is not exist in project code
SpecialPagesServlet : 0.86597437
TopicsAdminServlet : TopicsAdminServlet is not exist in project code
SetupServlet : 0.88230544
UpgradeServlet : 0.8823338
TranslationServlet : 0.88569003
LinkToServlet : 0.8821887
ManageServlet : 0.9064412
RecentChangesServlet : 0.875495
StylesheetServlet : 0.8815524
ExportServlet : 0.8920316
ImageUtil : 0.8531281
WikiReference : 0.84948117
WikiHeadingTag : 0.8532227
Utilities : 0.6752453
JFlexParser : 0.8639335
ParserUtil : 0.87453455
WikiDatabase : 0.68127847
DiffUtil : 0.8572452
XMLUtil : 0.84402126
