WikiPageInfo : 0.8718371
JFlexParserTest : JFlexParserTest is not exist in project code
ParserInput : 0.85609424
AnsiDataHandler : 0.86640275
WikiDatabase : 0.69062006
JAMWikiServlet : 0.90308917
ImportServlet : 0.90188366
DataHandler : DataHandler is not exist in project code
LoginServlet : 0.9110538
CategoryServlet : 0.8893308
SearchServlet : 0.89785874
UploadServlet : 0.883759
ItemsServlet : 0.89082694
WatchlistServlet : 0.8899108
HistoryServlet : 0.8967256
MoveServlet : 0.8852162
RecentChangesFeedServlet : 0.86809486
AdminServlet : 0.8974543
EditServlet : 0.8810105
DiffServlet : 0.89084816
RegisterServlet : 0.90004915
ContributionsServlet : 0.89151174
ServletUtil : 0.88230544
JAMWikiLocaleInterceptor : 0.8848284
PrintableServlet : 0.8890187
TopicServlet : 0.8943424
PersistencyServlet : PersistencyServlet is not exist in project code
SpecialPagesServlet : 0.88288766
TopicsAdminServlet : TopicsAdminServlet is not exist in project code
UpgradeServlet : 0.9038155
TranslationServlet : 0.88793725
LinkToServlet : 0.8863981
ManageServlet : 0.89849687
RecentChangesServlet : 0.8923952
StylesheetServlet : 0.8992433
ExportServlet : 0.9006814
WikiBase : 0.8528878
LinkUtil : 0.66153735
