TopicsAdminServlet : TopicsAdminServlet is not exist in project code
ParserInput : 0.85701716
Topic : 0.86308396
LinkUtil : 0.6911551
JAMWikiServlet : 0.9216219
ImportServlet : 0.92349786
LoginServlet : 0.9319345
CategoryServlet : 0.9434631
SearchServlet : 0.9400629
UploadServlet : 0.8906602
ItemsServlet : 0.9294265
WatchlistServlet : 0.9415846
HistoryServlet : 0.9462442
MoveServlet : 0.9033582
RecentChangesFeedServlet : 0.85986924
AdminServlet : 0.9008674
EditServlet : 0.90130705
DiffServlet : 0.9436733
RegisterServlet : 0.9004624
ContributionsServlet : 0.9431537
ServletUtil : 0.8924722
JAMWikiLocaleInterceptor : 0.8788263
PrintableServlet : 0.92920005
PersistencyServlet : PersistencyServlet is not exist in project code
SpecialPagesServlet : 0.9406765
SetupServlet : 0.8943424
UpgradeServlet : 0.90311867
TranslationServlet : 0.89754534
LinkToServlet : 0.9348928
ManageServlet : 0.93225604
RecentChangesServlet : 0.94454557
StylesheetServlet : 0.90973383
ExportServlet : 0.91919816
SearchResultEntry : 0.8338219
FileHandler : FileHandler is not exist in project code
WatchlistTag : 0.88162875
Watchlist : 0.8542434
Environment : 0.79813796
AnsiQueryHandler : 0.8026696
TopicVersion : 0.840522
SearchEngine : 0.7577341
