Environment : 0.85244596
JAMWikiModel : 0.832707
WikiUserInfo : WikiUserInfo is not exist in project code
WikiDatabase : 0.7167079
AnsiDataHandler : 0.83133787
FileHandler : FileHandler is not exist in project code
TemplateTag : 0.83343047
DatabaseUpgrades : 0.83258927
LinkUtil : 0.69441336
JFlexParser : 0.86259687
WikiPageInfo : 0.8496805
WikiLinkTag : 0.8416884
XMLUtil : 0.832522
WikiSignatureTag : 0.843058
XMLTopicFactory : XMLTopicFactory is not exist in project code
Encryption : 0.8388545
DataHandler : DataHandler is not exist in project code
WikiFile : 0.8615411
WikiImage : 0.8431082
VirtualWiki : 0.8543133
WikiLink : 0.84894526
WikiDiff : 0.8483327
RecentChange : 0.8453016
Category : 0.8552811
Watchlist : 0.83896947
Topic : 0.85281825
WikiException : 0.8548303
ServletUtil : 0.84044254
ParserInput : 0.85183907
AnsiQueryHandler : 0.8359011
WikiFileVersion : 0.8595152
WikiConfiguration : 0.8552032
QueryHandler : 0.7609717
WikiNowikiTag : WikiNowikiTag is not exist in project code
WikiVersion : 0.82308096
WikiConfigurationObject : 0.85842204
WikiReference : 0.85010767
JAMWikiFilter : 0.84361494
WikiPreparedStatement : WikiPreparedStatement is not exist in project code
WikiCache : 0.8477969
WikiMessage : 0.8433556
