ParserUtil : 0.72167325
ImageUtil : 0.6962807
LinkUtil : 0.8013644
DiffUtil : 0.6933899
XMLUtil : 0.71502733
ServletUtil : 0.67524534
LinkUtilTest : 0.7214184
XMLUtilTest : 0.71422756
UtilitiesTest : 0.72740144
WikiUtilTest : 0.7173124
DiffUtilTest : 0.725548
ParserUtilTest : ParserUtilTest is not exist in project code
UploadServlet : 0.7008032
WikiReference : 0.7037299
JAMWikiFilter : 0.6863303
WikiLogger : 0.7175575
WikiUser : 0.70703185
JFlexParser : 0.7165238
WikiDatabase : 0.79405814
WikiUtil : 0.6886009
WikiBase : 0.7051253
LinkTag : 0.6959935
JAMWikiTestSuite : JAMWikiTestSuite is not exist in project code
XMLTopicFactory : XMLTopicFactory is not exist in project code
TranslationServlet : 0.6905053
CharacterTag : CharacterTag is not exist in project code
EditServlet : 0.697625
TopicServlet : 0.683408
WikiLinkTag : 0.68882793
TextTag : 0.6991408
JAMWikiLocaleInterceptor : 0.6895239
RecentChangesFeedServlet : 0.6990676
AuthMsgTag : 0.6892159
HtmlTag : HtmlTag is not exist in project code
AbstractButtonTag : 0.69726306
ManageServlet : 0.6717776
WikiConfiguration : 0.70857394
Environment : 0.71019757
LuceneSearchEngine : 0.67929834
PrintableServlet : 0.6887187
ImageUtilTest : 0.8061434
WikiPreparedStatement : WikiPreparedStatement is not exist in project code
MoveServlet : 0.66664886
HtmlPreTag : HtmlPreTag is not exist in project code
PaginationTag : 0.69441944
WikiNowikiTag : WikiNowikiTag is not exist in project code
ImportTiddlyWikiServlet : ImportTiddlyWikiServlet is not exist in project code
WatchlistServlet : 0.676513
ImportServlet : 0.6936272
ContributionsServlet : 0.6933391
RegisterServlet : 0.68358374
SpamFilter : 0.6942224
SearchServlet : 0.67952925
WatchlistTag : 0.67921454
ImageLinkTag : 0.68309087
JAMWikiAuthenticationProcessingFilterEntryPoint : 0.7133588
WikiMessage : 0.7146364
LoginServlet : 0.68079543
WikiHeadingTag : 0.725061
ItemsServlet : 0.68774813
TemplateTag : 0.7020149
HtmlLinkTag : 0.77358025
AdminServlet : 0.6805358
Encryption : 0.7018293
RoleMap : 0.698729
NoIncludeTag : 0.70405304
SetupServlet : 0.683996
IncludeOnlyTag : 0.69576824
WikiVersion : 0.6798936
HistoryServlet : 0.68051296
WikiPageInfo : 0.7124917
LdapUserHandler : LdapUserHandler is not exist in project code
JAMWikiAuthenticationProcessingFilter : 0.683428
DiffServlet : 0.6830335
UpgradeServlet : 0.6717322
JAMWikiModel : 0.6972781
RecentChangesServlet : 0.6969427
JAMWikiExceptionMessageFilter : JAMWikiExceptionMessageFilter is not exist in project code
LinkParamTag : 0.6916915
StylesheetServlet : 0.6902701
TableOfContents : 0.685615
AlternateTag : AlternateTag is not exist in project code
NamespaceHandler : NamespaceHandler is not exist in project code
AnsiQueryHandler : 0.65772444
DatabaseConnection : 0.67140186
JAMWikiLogoutFilter : JAMWikiLogoutFilter is not exist in project code
LinkToServlet : 0.68790334
SpecialPagesServlet : 0.6997534
RolesServlet : 0.6700986
AnsiDataHandler : 0.6714086
WikiReferencesTag : 0.6844062
DB2400QueryHandler : 0.7096593
WikiSignatureTag : 0.69521433
DB2QueryHandler : 0.7099455
ExportServlet : 0.66742563
WikiResultSet : WikiResultSet is not exist in project code
OracleQueryHandler : 0.70570874
JAMWikiAccessDeniedHandler : 0.7116689
JAMWikiServlet : 0.66600144
JAMWikiAnonymousProcessingFilter : JAMWikiAnonymousProcessingFilter is not exist in project code
CategoryServlet : 0.6948182
JFlexParserTest : JFlexParserTest is not exist in project code
WikiReferenceTag : 0.6933347
InterWikiHandler : InterWikiHandler is not exist in project code
