WikiUtil : 0.83002895
HtmlLinkTag : 0.6382136
SetupServlet : 0.81917095
LdapUserHandler : LdapUserHandler is not exist in project code
DatabaseConnection : 0.78691274
AdminServlet : 0.81978
OracleQueryHandler : 0.7971648
PostgresQueryHandler : 0.80967283
HSqlQueryHandler : 0.820036
MSSqlQueryHandler : 0.82486546
DB2QueryHandler : 0.7915561
MySqlQueryHandler : 0.81331044
DB2400QueryHandler : 0.77994895
AnsiQueryHandler : 0.83345085
WikiMail : 0.79514015
WikiMailAuthenticator : WikiMailAuthenticator is not exist in project code
WikiCache : 0.7914994
WikiDatabase : 0.6768664
EncryptionTest : 0.7941382
WikiPageInfo : 0.79883057
ImageUtil : 0.82207364
EnabledTag : 0.8086607
HtmlTag : HtmlTag is not exist in project code
Encryption : 0.81133974
DatabaseUpgrades : 0.7936025
WikiBase : 0.8524461
ServletUtil : 0.8145573
HtmlPreTag : HtmlPreTag is not exist in project code
UploadServlet : 0.80235577
TableOfContents : 0.8116022
ParserUtil : 0.80387604
ImportServlet : 0.81031734
ImportTiddlyWikiServlet : ImportTiddlyWikiServlet is not exist in project code
RecentChangesFeedServlet : 0.8325135
UtilitiesTest : 0.7859241
TranslationServlet : 0.8136481
UpgradeServlet : 0.81732285
SpamFilter : 0.8180111
WikiUtilTest : 0.7828895
WikiSignatureTag : 0.8254318
JAMWikiLogoutFilter : JAMWikiLogoutFilter is not exist in project code
