WikiPageInfo : 0.8665955
TranslationServlet : 0.8917648
ManageServlet : 0.9140065
Environment : 0.81978
RolesServlet : 0.9002273
Topic : 0.8446067
WikiFile : 0.84314674
AnsiQueryHandler : 0.8207002
TemplateTag : 0.87012243
ItemsServlet : 0.9075275
SetupServlet : 0.8974543
Role : 0.8482711
ServletUtil : 0.886494
EditServlet : 0.88397616
DataHandler : DataHandler is not exist in project code
ParserInput : 0.843933
QueryHandler : 0.740961
JAMWikiFilter : 0.86354494
DB2400QueryHandler : 0.8481273
RegisterServlet : 0.90086854
WikiUser : 0.8457232
OracleQueryHandler : 0.86047333
AnsiDataHandler : 0.87143415
DB2QueryHandler : 0.8555823
JAMWikiExceptionMessageFilter : JAMWikiExceptionMessageFilter is not exist in project code
JAMWikiServlet : 0.9117406
WikiUtil : 0.8861027
ImportServlet : 0.906769
JAMWikiLocaleInterceptor : 0.88507414
PrintableServlet : 0.8908238
TopicServlet : 0.9008673
JAMWikiErrorMessageProvider : 0.858386
SearchServlet : 0.90832275
CategoryServlet : 0.893778
UpgradeServlet : 0.8963692
ExportServlet : 0.90138954
LinkToServlet : 0.8922371
ImportTiddlyWikiServlet : ImportTiddlyWikiServlet is not exist in project code
ContributionsServlet : 0.8934885
StylesheetServlet : 0.88764936
RecentChangesServlet : 0.8922703
