AnsiQueryHandler : 0.80873567
RecentChange : 0.89120585
AnsiDataHandler : 0.83560646
QueryHandler : 0.7767111
DiffUtil : 0.85403186
DataHandler : DataHandler is not exist in project code
WikiBaseMock : WikiBaseMock is not exist in project code
TiddlyWikiParser : TiddlyWikiParser is not exist in project code
EditServlet : 0.8547
WikiBaseFascade : WikiBaseFascade is not exist in project code
ManageServlet : 0.83737993
HistoryServlet : 0.848682
DiffServlet : 0.8432596
Topic : 0.89301
TranslationServlet : 0.8405143
WikiDatabase : 0.67360383
DatabaseUpgrades : 0.84115505
RecentChangesFeedServlet : 0.87969375
Environment : 0.8088246
TiddlyWikiParserTest : TiddlyWikiParserTest is not exist in project code
ServletUtil : 0.84480244
UploadServlet : 0.8507647
MoveServlet : 0.84386504
TemplateTag : 0.85014135
WikiFileVersion : 0.90261775
SetupServlet : 0.84832335
WikiVersion : 0.85588896
WikiVersionTest : 0.8325663
UpgradeServlet : 0.85692036
XMLTopicFactory : XMLTopicFactory is not exist in project code
SearchResultEntry : 0.89006394
RadioTag : 0.8739326
WikiImage : 0.88541776
CheckboxTag : 0.87704015
WikiUser : 0.8783094
WatchlistTag : 0.86275506
Watchlist : 0.88338256
WikiUtil : 0.8506238
WikiPageInfo : 0.87285024
SearchEngine : 0.77298284
ParserInput : 0.8860334
