JAMWikiFilter : 0.8622111
WikiUtil : 0.8873944
Utilities : 0.6752453
EditServlet : 0.8809339
LoginServlet : 0.904654
JAMWikiLocaleInterceptor : 0.8807149
JAMWikiAccessDeniedHandler : 0.8656681
ItemsServlet : 0.8957637
TopicServlet : 0.8924722
ImageLinkTag : 0.8785592
JAMWikiExceptionMessageFilter : JAMWikiExceptionMessageFilter is not exist in project code
RecentChangesFeedServlet : 0.86113197
AuthMsgTag : 0.8774326
LinkUtil : 0.6747666
ManageServlet : 0.9064412
TranslationServlet : 0.88569003
UpgradeServlet : 0.8823338
HistoryServlet : 0.90081406
WatchlistServlet : 0.89823484
JAMWikiServlet : 0.90290433
MoveServlet : 0.8839965
SetupServlet : 0.88230544
WatchlistTag : 0.8791367
SearchServlet : 0.89598346
JAMWikiAuthenticationProcessingFilterEntryPoint : 0.8664576
PrintableServlet : 0.885485
AdminServlet : 0.886494
RolesServlet : 0.88441604
StylesheetServlet : 0.8815524
ImportTiddlyWikiServlet : ImportTiddlyWikiServlet is not exist in project code
ImportServlet : 0.89353555
JAMWikiLogoutFilter : JAMWikiLogoutFilter is not exist in project code
ExportServlet : 0.8920316
PaginationTag : 0.8740452
LinkTag : 0.8704193
RegisterServlet : 0.88900864
ParserInput : 0.85310024
ContributionsServlet : 0.8764557
JAMWikiAuthenticationProcessingFilter : 0.8882626
ImageUtil : 0.8531281
XMLUtil : 0.84402126
