RecentChange : 0.87346685
Environment : 0.8325135
RecentChangesServlet : 0.8567219
AnsiQueryHandler : 0.8201901
AdminServlet : 0.8634112
AnsiDataHandler : 0.85092163
QueryHandler : 0.7586279
DataHandler : DataHandler is not exist in project code
HistoryServlet : 0.8642401
DB2400QueryHandler : 0.8405164
WikiUtil : 0.86855847
DB2QueryHandler : 0.8460277
OracleQueryHandler : 0.8519013
WikiDiff : 0.87209773
WikiPageInfo : 0.8760294
WatchlistServlet : 0.8537157
WikiBase : 0.8643795
ServletUtil : 0.86113197
AbstractLexer : AbstractLexer is not exist in project code
Role : 0.86073047
ParserInput : 0.8727939
JAMWikiFilter : 0.86289185
JAMWikiAnonymousProcessingFilter : JAMWikiAnonymousProcessingFilter is not exist in project code
WikiUser : 0.87321556
JAMWikiExceptionMessageFilter : JAMWikiExceptionMessageFilter is not exist in project code
JAMWikiServlet : 0.8695878
ImportServlet : 0.8702857
PrintableServlet : 0.8633134
SetupServlet : 0.868095
CategoryServlet : 0.85979784
LinkToServlet : 0.8611066
ManageServlet : 0.8564447
TranslationServlet : 0.8616199
StylesheetServlet : 0.8820435
LoginServlet : 0.8668806
SpecialPagesServlet : 0.8472189
MoveServlet : 0.8581611
DiffServlet : 0.86058694
JAMWikiLocaleInterceptor : 0.8552666
RolesServlet : 0.8563785
TopicServlet : 0.85986936
