Utilities : 0.6886009
WikiUtilTest : 0.8539761
WikiBase : 0.8486351
LinkUtil : 0.6648792
ImageUtil : 0.8625568
ParserUtil : 0.86934173
ServletUtil : 0.88739437
XMLUtil : 0.8580862
DiffUtil : 0.86935616
WikiUser : 0.85642326
LinkUtilTest : 0.85224974
TopicServlet : 0.8737209
WikiLinkTag : 0.89287585
RecentChangesFeedServlet : 0.8685584
ParserUtilTest : ParserUtilTest is not exist in project code
EditServlet : 0.87355244
JAMWikiFilter : 0.86564267
PrintableServlet : 0.8716045
ImageLinkTag : 0.8946694
RegisterServlet : 0.88785136
AdminServlet : 0.88610274
WatchlistServlet : 0.87825286
JAMWikiTestSuite : JAMWikiTestSuite is not exist in project code
TranslationServlet : 0.88627803
JAMWikiLocaleInterceptor : 0.88251084
SearchServlet : 0.8841939
LinkTag : 0.87620807
ContributionsServlet : 0.85791
MoveServlet : 0.8805153
WikiPageInfo : 0.8666752
AuthMsgTag : 0.88158983
JAMWikiAuthenticationProcessingFilterEntryPoint : 0.8670197
ManageServlet : 0.89284176
JAMWikiLogoutFilter : JAMWikiLogoutFilter is not exist in project code
JAMWikiAuthenticationProcessingFilter : 0.8918356
XMLTopicFactory : XMLTopicFactory is not exist in project code
ImportTiddlyWikiServlet : ImportTiddlyWikiServlet is not exist in project code
PaginationTag : 0.8808105
ImportServlet : 0.8890829
UploadServlet : 0.8746134
WatchlistTag : 0.88096875
