Environment : 0.85244596
JAMWikiModel : 0.832707
TiddlyWikiParser : TiddlyWikiParser is not exist in project code
WikiUserInfo : WikiUserInfo is not exist in project code
WikiDatabase : 0.7167079
UploadServlet : 0.84859395
AnsiDataHandler : 0.83133787
ServletUtil : 0.84044254
UpgradeServlet : 0.8533347
InMemoryDaoWithDefaultRoles : InMemoryDaoWithDefaultRoles is not exist in project code
PaginationTag : 0.841809
RecentChangesFeedServlet : 0.8643795
WikiUser : 0.85528654
RegisterServlet : 0.8458544
DatabaseUpgrades : 0.83258927
TemplateTag : 0.83343047
JAMWikiLogoutFilter : JAMWikiLogoutFilter is not exist in project code
TopicServlet : 0.84360594
WikiUtil : 0.8486351
AdminServlet : 0.83852696
JAMWikiAuthenticationProcessingFilter : 0.83647037
SearchServlet : 0.8451326
ManageServlet : 0.8304723
MoveServlet : 0.83913046
PrintableServlet : 0.8479575
SetupServlet : 0.8528878
RolesServlet : 0.8308842
HistoryServlet : 0.8427308
WatchlistServlet : 0.8341368
EditServlet : 0.8378256
StylesheetServlet : 0.8603853
TranslationServlet : 0.8397006
ContributionsServlet : 0.84301573
JFlexParser : 0.86259687
JAMWikiFilter : 0.84361494
ItemsServlet : 0.8427482
RecentChangesServlet : 0.8436356
JAMWikiDaoImpl : 0.82074434
WikiLinkTag : 0.8416884
WikiPageInfo : 0.8496805
LuceneSearchEngine : 0.83327526
