ImageUtil : 0.6962807
XMLUtil : 0.71502733
ParserUtil : 0.72167325
LinkUtil : 0.8013644
DiffUtil : 0.6933899
ServletUtil : 0.67524534
LinkUtilTest : 0.7214184
XMLUtilTest : 0.71422756
UtilitiesTest : 0.72740144
ParserUtilTest : ParserUtilTest is not exist in project code
UploadServlet : 0.7008032
WikiUtilTest : 0.7173124
DiffUtilTest : 0.725548
WikiReference : 0.7037299
JAMWikiFilter : 0.6863303
WikiLogger : 0.7175575
WikiUser : 0.70703185
JFlexParser : 0.7165238
WikiDatabase : 0.79405814
WikiUtil : 0.6886009
WikiBase : 0.7051253
LinkTag : 0.6959935
JAMWikiTestSuite : JAMWikiTestSuite is not exist in project code
XMLTopicFactory : XMLTopicFactory is not exist in project code
TranslationServlet : 0.6905053
EditServlet : 0.697625
TopicServlet : 0.683408
CharacterTag : CharacterTag is not exist in project code
WikiLinkTag : 0.68882793
TextTag : 0.6991408
RecentChangesFeedServlet : 0.6990676
HtmlTag : HtmlTag is not exist in project code
JAMWikiLocaleInterceptor : 0.6895239
AuthMsgTag : 0.6892159
AbstractButtonTag : 0.69726306
ManageServlet : 0.6717776
Environment : 0.71019757
WikiConfiguration : 0.70857394
LuceneSearchEngine : 0.67929834
ImageUtilTest : 0.8061434
PrintableServlet : 0.6887187
WikiPreparedStatement : WikiPreparedStatement is not exist in project code
HtmlPreTag : HtmlPreTag is not exist in project code
PaginationTag : 0.69441944
WikiNowikiTag : WikiNowikiTag is not exist in project code
MoveServlet : 0.66664886
WatchlistServlet : 0.676513
ImportTiddlyWikiServlet : ImportTiddlyWikiServlet is not exist in project code
ImportServlet : 0.6936272
ContributionsServlet : 0.6933391
RegisterServlet : 0.68358374
SpamFilter : 0.6942224
WatchlistTag : 0.67921454
WikiMessage : 0.7146364
SearchServlet : 0.67952925
ImageLinkTag : 0.68309087
JAMWikiAuthenticationProcessingFilterEntryPoint : 0.7133588
TemplateTag : 0.7020149
RoleMap : 0.698729
NoIncludeTag : 0.70405304
IncludeOnlyTag : 0.69576824
WikiVersion : 0.6798936
HistoryServlet : 0.68051296
LoginServlet : 0.68079543
WikiHeadingTag : 0.725061
ItemsServlet : 0.68774813
HtmlLinkTag : 0.77358025
AdminServlet : 0.6805358
Encryption : 0.7018293
SetupServlet : 0.683996
WikiPageInfo : 0.7124917
LdapUserHandler : LdapUserHandler is not exist in project code
DiffServlet : 0.6830335
JAMWikiAuthenticationProcessingFilter : 0.683428
RecentChangesServlet : 0.6969427
UpgradeServlet : 0.6717322
JAMWikiModel : 0.6972781
JAMWikiExceptionMessageFilter : JAMWikiExceptionMessageFilter is not exist in project code
LinkParamTag : 0.6916915
StylesheetServlet : 0.6902701
TableOfContents : 0.685615
AlternateTag : AlternateTag is not exist in project code
AnsiQueryHandler : 0.65772444
NamespaceHandler : NamespaceHandler is not exist in project code
DatabaseConnection : 0.67140186
SpecialPagesServlet : 0.6997534
JAMWikiLogoutFilter : JAMWikiLogoutFilter is not exist in project code
LinkToServlet : 0.68790334
RolesServlet : 0.6700986
AnsiDataHandler : 0.6714086
WikiReferencesTag : 0.6844062
DB2QueryHandler : 0.7099455
ExportServlet : 0.66742563
DB2400QueryHandler : 0.7096593
WikiSignatureTag : 0.69521433
WikiResultSet : WikiResultSet is not exist in project code
OracleQueryHandler : 0.70570874
JAMWikiAnonymousProcessingFilter : JAMWikiAnonymousProcessingFilter is not exist in project code
JAMWikiAccessDeniedHandler : 0.7116689
JAMWikiServlet : 0.66600144
CategoryServlet : 0.6948182
InterWikiHandler : InterWikiHandler is not exist in project code
JFlexParserTest : JFlexParserTest is not exist in project code
WikiReferenceTag : 0.6933347
