JFlexLexer : 0.8561334
JFlexParserUtil : 0.86889964
IncludeOnlyTag : 0.8777606
NoIncludeTag : 0.885397
TableOfContents : 0.87739754
JFlexParser : 0.8621205
WikiHeadingTag : 0.87284976
WikiConfiguration : 0.836786
TemplateTag : 0.8691744
WikiSignatureTag : 0.86468494
WikiReferenceTag : 0.8619718
WikiLinkTag : 0.86528486
WikiReferencesTag : 0.8668107
XMLUtil : 0.87751734
XMLUtilTest : 0.8638485
DataHandler : DataHandler is not exist in project code
Utilities : 0.69863904
TiddlyWiki2MediaWikiTranslator : TiddlyWiki2MediaWikiTranslator is not exist in project code
ParserTest : 0.6766023
UtilitiesTest : 0.8243496
HtmlLinkTag : 0.6760145
Environment : 0.79623204
TiddlyWikiParser : TiddlyWikiParser is not exist in project code
AbstractParser : AbstractParser is not exist in project code
ParserUtil : 0.8586587
LinkUtil : 0.661725
ParserFunctionUtil : 0.84315854
MagicWordUtil : 0.6653123
