WikiReferencesTag : 0.9210581
WikiReference : 0.87931484
JFlexLexer : 0.8214687
WikiLinkTag : 0.8912971
WikiSignatureTag : 0.88756627
WikiHeadingTag : 0.8796299
NoIncludeTag : 0.9018168
TemplateTag : 0.885386
JFlexTagItem : 0.86197186
HtmlLinkTag : 0.6750034
IncludeOnlyTag : 0.89206064
JFlexParser : 0.8645887
JFlexParserUtil : 0.87886167
AbstractParser : AbstractParser is not exist in project code
LinkUtil : 0.6705461
XMLUtil : 0.85853183
XMLUtilTest : 0.8410264
ParserUtil : 0.87305504
TableOfContents : 0.86916417
Environment : 0.78549945
Utilities : 0.69333464
WikiUser : 0.83807
WikiLink : 0.8611167
WikiCache : 0.84500164
TiddlyWikiParser : TiddlyWikiParser is not exist in project code
WikiImage : 0.84385055
WikiFile : 0.85295886
WikiGroup : 0.85137075
VirtualWiki : 0.8527533
WikiDiff : 0.8579413
ParserFunctionUtil : 0.8393395
UtilitiesTest : 0.812901
WikiUtil : 0.86412984
Category : 0.8586493
RecentChange : 0.8479632
Topic : 0.8520929
WikiException : 0.85619956
Watchlist : 0.8480927
WikiFileVersion : 0.85783714
ParserInput : 0.8576921
WikiConfiguration : 0.82845575
