Utilities : 0.6886009
WikiBase : 0.8486351
WikiUtilTest : 0.8539761
MagicWordUtil : 0.6537784
ParserUtil : 0.86934173
TestFileUtil : 0.884584
DiffUtil : 0.86935616
ParserFunctionUtil : 0.85580987
JFlexParserUtil : 0.86874604
LinkUtil : 0.6648792
XMLUtil : 0.8580862
ImageUtil : 0.8625568
WikiLinkTag : 0.89287585
TestDataHandler : TestDataHandler is not exist in project code
LinkUtilTest : 0.85224974
JFlexParser : 0.8705669
JFlexLexer : 0.8139866
WikiVersion : 0.8558518
WikiConfiguration : 0.8458387
ParserTest : 0.6595064
WikiFileVersion : 0.85816866
TiddlyWikiParser : TiddlyWikiParser is not exist in project code
WikiReferenceTag : 0.86412984
InterWikiHandler : InterWikiHandler is not exist in project code
WikiSignatureTag : 0.90189075
WikiMessage : 0.8627332
Environment : 0.83002895
WikiReferencesTag : 0.8898438
WikiHeadingTag : 0.85921264
TemplateTag : 0.8841278
NamespaceHandler : NamespaceHandler is not exist in project code
WikiUser : 0.85642326
WikiLink : 0.8567488
WikiCache : 0.849299
WikiImage : 0.83809507
WikiFile : 0.8547044
WikiGroup : 0.8576116
VirtualWiki : 0.86022866
WikiDiff : 0.8465797
Category : 0.8574903
RecentChange : 0.85742825
