Role : 0.7704442
Encryption : 0.7567051
TestDataHandler : TestDataHandler is not exist in project code
JFlexParser : 0.7638782
Environment : 0.683004
WikiLogger : 0.78158766
DataHandler : DataHandler is not exist in project code
WikiUser : 0.78405565
WikiLink : 0.7883418
WikiCache : 0.79492337
TiddlyWikiParser : TiddlyWikiParser is not exist in project code
WikiImage : 0.7855669
WikiFile : 0.7999964
JFlexParserUtil : 0.73714525
WikiGroup : 0.7877026
VirtualWiki : 0.8022023
WikiDiff : 0.7954388
WikiUtil : 0.7329746
Category : 0.7940646
RecentChange : 0.7641098
Topic : 0.79366165
WikiException : 0.7936087
Watchlist : 0.7731876
WikiFileVersion : 0.8014202
ParserInput : 0.79469603
WikiConfiguration : 0.7096701
TiddlyWiki2MediaWikiTranslator : TiddlyWiki2MediaWikiTranslator is not exist in project code
WikiBase : 0.7868736
InterWikiHandler : InterWikiHandler is not exist in project code
WikiLinkTest : 0.75072634
WikiReference : 0.79228544
WikiVersion : 0.7441573
WikiLinkTag : 0.73818743
WikiMessage : 0.7875238
WikiConfigurationObject : 0.8110643
WikiReferencesTag : 0.702947
WikiSignatureTag : 0.7333222
WikiHeadingTag : 0.76376444
WikiReferenceTag : 0.73692864
InterWikiHandlerTest : InterWikiHandlerTest is not exist in project code
WikiMessageTest : 0.7605367
