WikiUtil : 0.8873944
Utilities : 0.6752453
ParserInput : 0.85310024
LinkUtil : 0.6747666
ParserUtil : 0.87453455
DiffUtil : 0.8572452
XMLUtil : 0.84402126
ImageUtil : 0.8531281
JFlexParserUtil : 0.86246514
LinkUtilTest : 0.8488544
XMLUtilTest : 0.8346827
HtmlLinkTag : 0.627177
DiffUtilTest : 0.82441455
WikiUtilTest : 0.84940195
ParserTest : 0.6632132
UtilitiesTest : 0.8304767
WikiBase : 0.84044254
WikiLogger : 0.84476507
WikiReference : 0.84948117
TestFileUtil : 0.86698556
MagicWordUtil : 0.65291685
ParserFunctionUtil : 0.835299
JFlexParser : 0.8639335
WikiLinkTag : 0.89065504
JFlexLexer : 0.8001125
WikiUser : 0.843631
TemplateTag : 0.8724081
Environment : 0.8145573
SpamFilter : 0.85662913
WikiConfiguration : 0.83897996
TestDataHandler : TestDataHandler is not exist in project code
JFlexTagItem : 0.84279746
WikiFile : 0.85225654
ImageUtilTest : 0.6912049
WikiMessage : 0.8564613
WikiVersion : 0.8444656
RoleMap : 0.84906816
WikiFileVersion : 0.84930736
WikiHeadingTag : 0.8532227
TableOfContents : 0.8615596
NamespaceHandler : NamespaceHandler is not exist in project code
