DataHandler : DataHandler is not exist in project code
RecentChange : 0.89120585
TestDataHandler : TestDataHandler is not exist in project code
WikiBaseMock : WikiBaseMock is not exist in project code
TiddlyWikiParser : TiddlyWikiParser is not exist in project code
WikiBaseFascade : WikiBaseFascade is not exist in project code
Topic : 0.89301
Environment : 0.8088246
TiddlyWikiParserTest : TiddlyWikiParserTest is not exist in project code
WikiFileVersion : 0.90261775
WikiVersion : 0.85588896
WikiVersionTest : 0.8325663
WikiUtil : 0.8506238
WikiImage : 0.88541776
MagicWordUtil : 0.6631569
Watchlist : 0.88338256
TestFileUtil : 0.8635218
SearchEngine : 0.77298284
ParserInput : 0.8860334
VirtualWiki : 0.88463336
WikiFile : 0.89768404
Category : 0.89876
PseudoTopicHandler : 0.85763633
DiffUtilTest : 0.8253107
WikiUtilTest : 0.83117485
PseudoTopicHandlerTest : 0.8494374
JFlexParser : 0.86469936
WikiBase : 0.85479754
UtilitiesTest : 0.8342401
ParserOutput : 0.87449265
AbstractParser : AbstractParser is not exist in project code
TemplateTag : 0.85014135
ParserUtil : 0.8591573
WikiCache : 0.86230254
ParserTest : 0.6640156
LinkUtil : 0.6628015
RoleMap : 0.8942369
LinkUtilTest : 0.83787864
Utilities : 0.70160407
WikiUser : 0.8783094
WikiCacheTest : 0.0
