DiffUtil : 0.6933899
XMLUtil : 0.71502733
ImageUtil : 0.6962807
LinkUtil : 0.8013644
JFlexParserUtil : 0.6913938
LinkUtilTest : 0.7214184
XMLUtilTest : 0.71422756
HtmlLinkTag : 0.77358025
DiffUtilTest : 0.725548
WikiUtilTest : 0.7173124
ParserTest : 0.78850687
UtilitiesTest : 0.72740144
WikiBase : 0.7051253
WikiLogger : 0.7175575
WikiReference : 0.7037299
TestFileUtil : 0.7175577
MagicWordUtil : 0.7727351
ParserUtil : 0.72167325
ParserFunctionUtil : 0.72724897
WikiUtil : 0.6886009
JFlexParser : 0.7165238
WikiLinkTag : 0.68882793
JFlexLexer : 0.69183654
WikiUser : 0.70703185
TemplateTag : 0.7020149
Environment : 0.71019757
SpamFilter : 0.6942224
WikiConfiguration : 0.70857394
TestDataHandler : TestDataHandler is not exist in project code
JFlexTagItem : 0.69863904
WikiFile : 0.6954613
ImageUtilTest : 0.8061434
WikiMessage : 0.7146364
WikiVersion : 0.6798936
RoleMap : 0.698729
WikiFileVersion : 0.6998197
WikiHeadingTag : 0.725061
TableOfContents : 0.685615
NamespaceHandler : NamespaceHandler is not exist in project code
WikiSignatureTag : 0.69521433
WikiReferencesTag : 0.6844062
TiddlyWikiParser : TiddlyWikiParser is not exist in project code
IncludeOnlyTag : 0.69576824
NoIncludeTag : 0.70405304
WikiReferenceTag : 0.6933347
InterWikiHandler : InterWikiHandler is not exist in project code
Encryption : 0.7018293
