WikiVersion : 0.8613654
ParserInput : 0.86185366
WikiUtil : 0.8799339
WikiBase : 0.8533347
Utilities : 0.6717322
LinkUtil : 0.66399586
ParserUtil : 0.8720259
