ParserInput : 0.85609424
TestDataHandler : TestDataHandler is not exist in project code
WikiUtil : 0.88275725
Role : 0.8545124
Utilities : 0.683996
DataHandler : DataHandler is not exist in project code
WikiBase : 0.8528878
LinkUtil : 0.66153735
ParserUtil : 0.86614394
