IncludeOnlyTag : 0.90368927
NoIncludeTag : 0.9176677
JFlexParser : 0.8866079
TemplateTag : 0.8988333
JFlexLexer : 0.8302418
WikiLinkTag : 0.89777267
JFlexTagItem : 0.8688996
WikiHeadingTag : 0.8754301
TableOfContents : 0.8706976
WikiSignatureTag : 0.89849514
WikiReferencesTag : 0.90926063
WikiReferenceTag : 0.8788616
ParserFunctionUtil : 0.8805311
WikiConfiguration : 0.860726
ParserTest : 0.6593233
ParserUtil : 0.8700979
Environment : 0.8524681
Utilities : 0.69139373
HtmlLinkTag : 0.6668838
ParserInput : 0.8572168
ParserOutput : 0.8706574
AbstractParser : AbstractParser is not exist in project code
DiffUtil : 0.87988514
XMLUtil : 0.86262745
ImageUtil : 0.8579056
LinkUtil : 0.6553794
MagicWordUtil : 0.64902055
TiddlyWiki2MediaWikiTranslator : TiddlyWiki2MediaWikiTranslator is not exist in project code
TiddlyWikiParser : TiddlyWikiParser is not exist in project code
LinkUtilTest : 0.8229846
XMLUtilTest : 0.83738333
DiffUtilTest : 0.8142869
WikiUtilTest : 0.8168383
UtilitiesTest : 0.8180232
WikiBase : 0.85891753
WikiLogger : 0.8431996
WikiReference : 0.86644024
TestFileUtil : 0.8650046
WikiUtil : 0.86874604
WikiUser : 0.8472768
TiddlyWikiParserTest : TiddlyWikiParserTest is not exist in project code
SpamFilter : 0.8642073
TestDataHandler : TestDataHandler is not exist in project code
WikiFile : 0.8537712
ImageUtilTest : 0.67190677
WikiMessage : 0.86078197
WikiVersion : 0.7837237
RoleMap : 0.8632566
WikiFileVersion : 0.8537702
NamespaceHandler : NamespaceHandler is not exist in project code
InterWikiHandler : InterWikiHandler is not exist in project code
Encryption : 0.85298175
