Role : 0.87539935
WikiConfiguration : 0.83752203
Encryption : 0.8529137
WikiCache : 0.85882264
WikiConfigurationObject : 0.86110115
WikiLogger : 0.8584375
TestDataHandler : TestDataHandler is not exist in project code
JFlexParser : 0.84358686
Environment : 0.8047914
NamespaceHandler : NamespaceHandler is not exist in project code
PseudoTopicHandler : 0.84566474
WikiUtil : 0.885334
ParserUtil : 0.85395175
AbstractParser : AbstractParser is not exist in project code
JFlexLexer : 0.8074736
DataHandler : DataHandler is not exist in project code
SpamFilter : 0.853935
WikiUser : 0.86201817
WikiLink : 0.8509768
TiddlyWikiParser : TiddlyWikiParser is not exist in project code
WikiImage : 0.83604306
WikiFile : 0.84965277
JFlexParserUtil : 0.8592895
WikiGroup : 0.87426245
VirtualWiki : 0.8602013
WikiDiff : 0.8450037
Category : 0.85166615
RecentChange : 0.84965163
Topic : 0.8476863
WikiException : 0.86678827
Watchlist : 0.8501594
WikiFileVersion : 0.86003834
ParserInput : 0.84776646
TiddlyWiki2MediaWikiTranslator : TiddlyWiki2MediaWikiTranslator is not exist in project code
WikiBase : 0.83736014
InterWikiHandler : InterWikiHandler is not exist in project code
WikiLinkTest : 0.8520973
WikiReference : 0.8555226
WikiVersion : 0.8459733
WikiLinkTag : 0.87775195
WikiMessage : 0.8638875
