TiddlyWikiParser : TiddlyWikiParser is not exist in project code
WikiUser : 0.8923645
ParserInput : 0.8883388
WikiBase : 0.84401375
DataHandler : DataHandler is not exist in project code
TestDataHandler : TestDataHandler is not exist in project code
WikiSignatureTag : 0.8660431
TopicVersion : 0.87933224
Role : 0.8640744
WikiUtil : 0.8491841
WikiGroup : 0.8978106
WikiUtilTest : 0.84116983
NamespaceHandler : NamespaceHandler is not exist in project code
RoleMap : 0.912661
Environment : 0.78737795
MagicWordUtil : 0.65324974
ParserTest : 0.6456207
LinkUtil : 0.6549462
TableOfContents : 0.857098
WikiLink : 0.88779503
WikiCache : 0.87773913
WikiImage : 0.8892483
WikiFile : 0.89478034
JFlexParserUtil : 0.85260975
VirtualWiki : 0.89116454
WikiDiff : 0.8964789
Category : 0.89430267
RecentChange : 0.87177324
Topic : 0.88637114
WikiException : 0.8998577
Watchlist : 0.8754751
WikiFileVersion : 0.9022555
WikiConfiguration : 0.8209806
TiddlyWiki2MediaWikiTranslator : TiddlyWiki2MediaWikiTranslator is not exist in project code
InterWikiHandler : InterWikiHandler is not exist in project code
WikiBaseFascade : WikiBaseFascade is not exist in project code
WikiLinkTest : 0.8398254
WikiReference : 0.89611
WikiVersion : 0.8389929
WikiLinkTag : 0.8557618
WikiMessage : 0.8878781
