DiffUtilTest : 0.86138755
WikiDiff : 0.87430227
Utilities : 0.6933899
ImageUtil : 0.8499135
LinkUtil : 0.6414917
XMLUtil : 0.84902334
JFlexParserUtil : 0.87988514
LinkUtilTest : 0.8376545
HtmlLinkTag : 0.6335565
XMLUtilTest : 0.8431253
WikiUtilTest : 0.83889043
UtilitiesTest : 0.8293115
RecentChange : 0.8543719
TopicVersion : 0.85403186
LogItem : 0.85407275
ParserTest : 0.65560544
WikiMessage : 0.8601737
WikiLogger : 0.8556761
TestFileUtil : 0.8683309
WikiReference : 0.85691494
MigrationUtil : 0.8560949
MagicWordUtil : 0.6416806
ImageUtilTest : 0.68042856
ParserUtil : 0.8635682
ParserFunctionUtil : 0.84215885
WikiUtil : 0.86935604
WikiLinkTag : 0.87175053
MigrationUtilTest : 0.846118
WikiUser : 0.8482502
JFlexLexer : 0.8227798
WikiBase : 0.8378671
WikiConfiguration : 0.83080566
TestDataHandler : TestDataHandler is not exist in project code
Environment : 0.7969006
JFlexTagItem : 0.85510474
JFlexParser : 0.85409975
WikiFile : 0.85764354
WikiReferenceTag : 0.8582736
MediaWikiXmlMigrator : MediaWikiXmlMigrator is not exist in project code
TemplateTag : 0.86950636
SpamFilter : 0.85972214
