WikiBase : 0.8477969
ImageUtil : 0.8459909
WikiCacheTest : 0.0
DiffUtil : 0.8559928
Environment : 0.7914993
ParserOutput : 0.8707949
WikiUser : 0.8632421
WikiLink : 0.8719157
TiddlyWikiParser : TiddlyWikiParser is not exist in project code
WikiImage : 0.8699523
WikiFile : 0.8800056
WikiGroup : 0.8748625
VirtualWiki : 0.8786032
WikiDiff : 0.8750975
WikiUtil : 0.84929895
Category : 0.8713184
RecentChange : 0.8560125
Topic : 0.8687382
WikiException : 0.8811149
Watchlist : 0.8623075
LogItem : 0.8530575
MigrationUtilTest : 0.83401436
WikiFileVersion : 0.8810486
ParserInput : 0.8707446
WikiConfiguration : 0.83197016
TiddlyWiki2MediaWikiTranslator : TiddlyWiki2MediaWikiTranslator is not exist in project code
InterWikiHandler : InterWikiHandler is not exist in project code
TestDataHandler : TestDataHandler is not exist in project code
WikiLinkTest : 0.84504217
WikiReference : 0.8706958
WikiVersion : 0.83945006
WikiLinkTag : 0.8510364
WikiMessage : 0.8711375
WikiConfigurationObject : 0.88832515
WikiReferencesTag : 0.8368957
WikiSignatureTag : 0.84765875
MediaWikiXmlMigrator : MediaWikiXmlMigrator is not exist in project code
WikiHeadingTag : 0.84470147
WikiReferenceTag : 0.8450016
InterWikiHandlerTest : InterWikiHandlerTest is not exist in project code
WikiMessageTest : 0.8553344
