WikiUser : 0.8612948
JFlexParser : 0.882735
AbstractParser : AbstractParser is not exist in project code
Environment : 0.8254318
ParserInput : 0.85829604
ParserUtil : 0.8883182
WikiReferenceTag : 0.8875664
JFlexLexer : 0.8224447
WikiLinkTag : 0.91605616
WikiReferencesTag : 0.9208722
WikiHeadingTag : 0.87961423
NoIncludeTag : 0.92168933
TemplateTag : 0.9071953
JFlexTagItem : 0.864685
HtmlLinkTag : 0.6545094
IncludeOnlyTag : 0.90507805
JFlexParserUtil : 0.898495
XMLUtil : 0.86898774
TiddlyWikiParser : TiddlyWikiParser is not exist in project code
MediaWikiXmlMigrator : MediaWikiXmlMigrator is not exist in project code
LinkUtil : 0.66474843
XMLUtilTest : 0.84818506
TableOfContents : 0.8761042
UtilitiesTest : 0.8391464
Utilities : 0.69521445
ParserFunctionUtil : 0.87100863
WikiLink : 0.86166394
WikiCache : 0.8476589
WikiImage : 0.8371498
WikiFile : 0.85359186
WikiGroup : 0.8592027
VirtualWiki : 0.85698587
WikiDiff : 0.8536011
WikiUtil : 0.90189093
Category : 0.857056
RecentChange : 0.85699207
Topic : 0.8520717
WikiException : 0.8625704
Watchlist : 0.8516889
LogItem : 0.8658799
MigrationUtilTest : 0.86530757
