JFlexParserUtil : 0.8700978
ParserFunctionUtil : 0.8492606
ParserTest : 0.7252494
WikiReferenceTag : 0.87305504
IncludeOnlyTag : 0.88981295
NoIncludeTag : 0.910995
WikiLinkTag : 0.9013755
JFlexParser : 0.8924592
TemplateTag : 0.8969725
WikiConfiguration : 0.84331197
Environment : 0.8038759
Utilities : 0.7216732
JFlexLexer : 0.82726735
HtmlLinkTag : 0.69517773
WikiSignatureTag : 0.8883182
WikiHeadingTag : 0.8943678
JFlexTagItem : 0.85865885
ParserInput : 0.8738792
ParserOutput : 0.8735104
AbstractParser : AbstractParser is not exist in project code
WikiReferencesTag : 0.87580454
MigrationUtil : 0.9004434
DiffUtil : 0.8635681
XMLUtil : 0.8698193
ImageUtil : 0.8538871
LinkUtil : 0.7182939
MagicWordUtil : 0.6986984
ParserException : 0.0
TiddlyWikiParser : TiddlyWikiParser is not exist in project code
MediaWikiXmlMigrator : MediaWikiXmlMigrator is not exist in project code
LinkUtilTest : 0.8544303
TableOfContents : 0.86318165
XMLUtilTest : 0.85652405
WikiUtilTest : 0.8487524
UtilitiesTest : 0.8344138
RecentChange : 0.86069083
LogItem : 0.8467151
TopicVersion : 0.8591574
WikiMessage : 0.8744664
WikiLogger : 0.8543495
DiffUtilTest : 0.8517713
