HtmlLinkTag : 0.6382136
WikiUser : 0.8315784
JFlexLexer : 0.83083725
WikiUtil : 0.83002895
WikiCache : 0.7914994
EncryptionTest : 0.7941382
ImageUtil : 0.82207364
Encryption : 0.81133974
ParserFunctionUtil : 0.8364057
JFlexParserUtil : 0.852468
TableOfContents : 0.8116022
LinkUtil : 0.6553861
SpamFilter : 0.8180111
WikiSignatureTag : 0.8254318
ParserUtil : 0.80387604
MediaWikiXmlMigrator : MediaWikiXmlMigrator is not exist in project code
MigrationUtil : 0.8100055
MagicWordUtil : 0.6592965
