DiffUtilTest : 0.86138755
WikiDiff : 0.87430227
Utilities : 0.6933899
XMLUtil : 0.84902334
ImageUtil : 0.8499135
LinkUtil : 0.6414917
JFlexParserUtil : 0.87988514
LinkUtilTest : 0.8376545
HtmlLinkTag : 0.6335565
XMLUtilTest : 0.8431253
WikiUtilTest : 0.83889043
UtilitiesTest : 0.8293115
RecentChange : 0.8543719
LogItem : 0.85407275
TopicVersion : 0.85403186
ParserTest : 0.65560544
WikiMessage : 0.8601737
WikiLogger : 0.8556761
WikiReference : 0.85691494
TestFileUtil : 0.8683309
MagicWordUtil : 0.6416806
ParserUtil : 0.8635682
ParserFunctionUtil : 0.84215885
WikiUtil : 0.86935604
MigrationUtil : 0.8560949
ImageUtilTest : 0.68042856
WikiLinkTag : 0.87175053
MigrationUtilTest : 0.846118
JFlexLexer : 0.8227798
WikiUser : 0.8482502
WikiBase : 0.8378671
WikiConfiguration : 0.83080566
Environment : 0.7969006
JFlexParser : 0.85409975
TestDataHandler : TestDataHandler is not exist in project code
JFlexTagItem : 0.85510474
WikiFile : 0.85764354
WikiReferenceTag : 0.8582736
MediaWikiXmlMigrator : MediaWikiXmlMigrator is not exist in project code
TemplateTag : 0.86950636
SpamFilter : 0.85972214
