WikiFile : 0.84314674
Environment : 0.81978
Topic : 0.8446067
MagicWordUtil : 0.64691496
Role : 0.8482711
ParserInput : 0.843933
DataHandler : DataHandler is not exist in project code
WikiUtil : 0.8861027
TestDataHandler : TestDataHandler is not exist in project code
Utilities : 0.68053585
WikiBase : 0.83852696
LinkUtil : 0.65500015
ParserUtil : 0.8695281
