WikiConfiguration : 0.7012667
Environment : 0.66479915
WikiBase : 0.7512659
WikiUtil : 0.72421247
AbstractParser : AbstractParser is not exist in project code
SearchResultEntry : 0.78223205
DataHandler : DataHandler is not exist in project code
ParserUtil : 0.765534
JFlexParser : 0.75940067
Utilities : 0.70626897
SpamFilter : 0.74847716
