MediaWikiXmlMigrator : MediaWikiXmlMigrator is not exist in project code
TiddlyWikiParser : TiddlyWikiParser is not exist in project code
MigrationUtil : 0.8939679
TiddlyWiki2MediaWikiTranslator : TiddlyWiki2MediaWikiTranslator is not exist in project code
TiddlyWiki2MediaWikiTranslatorTest : TiddlyWiki2MediaWikiTranslatorTest is not exist in project code
MigrationUtilTest : 0.86316925
XMLUtil : 0.8614054
Migrator : Migrator is not exist in project code
WikiConfiguration : 0.8573449
XMLUtilTest : 0.84375393
Environment : 0.85362995
WikiUser : 0.83535784
WikiLink : 0.84836775
WikiCache : 0.84126496
WikiImage : 0.8240542
WikiFile : 0.84390277
WikiGroup : 0.84254277
VirtualWiki : 0.8436389
WikiDiff : 0.8391285
WikiUtil : 0.87628645
Category : 0.8503496
RecentChange : 0.84705293
Topic : 0.85076505
WikiException : 0.8590324
Watchlist : 0.8519908
LogItem : 0.84884536
WikiFileVersion : 0.8436998
ParserInput : 0.84593374
WikiBase : 0.86903316
InterWikiHandler : InterWikiHandler is not exist in project code
TestDataHandler : TestDataHandler is not exist in project code
WikiLinkTest : 0.85103005
WikiReference : 0.8524324
WikiVersion : 0.78786874
WikiLinkTag : 0.884498
WikiMessage : 0.85206
WikiConfigurationObject : 0.842812
WikiReferencesTag : 0.88150316
WikiSignatureTag : 0.8796096
WikiHeadingTag : 0.8558735
WikiReferenceTag : 0.8543108
InterWikiHandlerTest : InterWikiHandlerTest is not exist in project code
WikiMessageTest : 0.8574817
Encryption : 0.84875834
Utilities : 0.683647
LinkUtilTest : 0.8425006
Role : 0.8426051
AbstractParser : AbstractParser is not exist in project code
DataHandler : DataHandler is not exist in project code
JFlexLexer : 0.81502116
WikiCacheTest : 0.0
WikiLoggerTest : WikiLoggerTest is not exist in project code
WikiLogger : 0.8419175
NoIncludeTag : 0.8728741
MagicWordUtil : 0.6659938
ParserUtil : 0.87336487
PseudoTopicHandler : 0.84816295
TemplateTag : 0.87845576
TableOfContents : 0.86176354
TopicVersion : 0.84517395
SpamFilter : 0.86938614
DiffUtil : 0.8690934
ParserFunctionUtil : 0.8629498
JFlexParserUtil : 0.86842877
SortedProperties : 0.8601113
ParserTest : 0.67030716
JFlexTagItem : 0.84541893
LinkUtil : 0.67298526
HtmlLinkTag : 0.64015245
Pagination : 0.83716047
JFlexParser : 0.8712848
RoleMap : 0.85233736
NamespaceHandler : NamespaceHandler is not exist in project code
ImageUtil : 0.86041516
IncludeOnlyTag : 0.84718245
SearchResultEntry : 0.82901317
WikiUtilTest : 0.84274465
WikiVersionTest : 0.8109969
WikiLogFormatter : WikiLogFormatter is not exist in project code
WikiLogFormatterTest : WikiLogFormatterTest is not exist in project code
SearchEngine : 0.7327127
ParserOutput : 0.8615914
DiffUtilTest : 0.8277927
WikiBaseFascade : WikiBaseFascade is not exist in project code
WikiBaseMock : WikiBaseMock is not exist in project code
TiddlyWikiParserTest : TiddlyWikiParserTest is not exist in project code
