Encryption : 0.82668144
WikiUtil : 0.85796696
MediaWikiXmlMigrator : MediaWikiXmlMigrator is not exist in project code
Role : 0.83150154
JFlexParser : 0.8613411
Environment : 0.7890615
WikiLogger : 0.863928
MigrationUtilTest : 0.843509
LinkUtil : 0.68144864
WikiUser : 0.8510032
WikiLink : 0.8656572
WikiCache : 0.8501929
TiddlyWikiParser : TiddlyWikiParser is not exist in project code
WikiImage : 0.85428095
WikiFile : 0.8669185
WikiGroup : 0.861021
VirtualWiki : 0.86818665
WikiDiff : 0.8638156
Category : 0.8718809
RecentChange : 0.8555141
Topic : 0.8643388
WikiException : 0.86710876
Watchlist : 0.8631002
LogItem : 0.8512367
WikiFileVersion : 0.8676389
ParserInput : 0.8635813
WikiConfiguration : 0.8250223
TiddlyWiki2MediaWikiTranslator : TiddlyWiki2MediaWikiTranslator is not exist in project code
WikiBase : 0.832707
InterWikiHandler : InterWikiHandler is not exist in project code
TestDataHandler : TestDataHandler is not exist in project code
WikiLinkTest : 0.84122694
WikiReference : 0.867505
WikiVersion : 0.83277434
WikiLinkTag : 0.8726736
WikiMessage : 0.8625996
WikiConfigurationObject : 0.86796373
WikiReferencesTag : 0.8615184
WikiSignatureTag : 0.8655758
WikiHeadingTag : 0.86055636
WikiReferenceTag : 0.8573021
