WikiUtil : 0.8873944
Utilities : 0.6752453
ParserInput : 0.85310024
LinkUtil : 0.6747666
ParserUtil : 0.87453455
DiffUtil : 0.8572452
XMLUtil : 0.84402126
ImageUtil : 0.8531281
JFlexParserUtil : 0.86246514
LinkUtilTest : 0.8488544
HtmlLinkTag : 0.627177
XMLUtilTest : 0.8346827
WikiUtilTest : 0.84940195
UtilitiesTest : 0.8304767
RecentChange : 0.8512637
LogItem : 0.8525726
TopicVersion : 0.8448023
ParserTest : 0.6632132
WikiMessage : 0.8564613
WikiLogger : 0.84476507
DiffUtilTest : 0.82441455
WikiReference : 0.84948117
TestFileUtil : 0.86698556
MagicWordUtil : 0.65291685
ParserFunctionUtil : 0.835299
WikiDiff : 0.8426339
MigrationUtil : 0.8793318
ImageUtilTest : 0.6912049
WikiLinkTag : 0.89065504
MigrationUtilTest : 0.86794305
JFlexLexer : 0.8001125
WikiUser : 0.843631
WikiBase : 0.84044254
WikiConfiguration : 0.83897996
Environment : 0.8145573
JFlexParser : 0.8639335
TestDataHandler : TestDataHandler is not exist in project code
JFlexTagItem : 0.84279746
WikiFile : 0.85225654
WikiReferenceTag : 0.8531434
MediaWikiXmlMigrator : MediaWikiXmlMigrator is not exist in project code
