WikiReferenceTag : 0.8793151
JFlexParserUtil : 0.86644024
WikiReferencesTag : 0.8595329
Environment : 0.7961816
WikiUser : 0.87486565
WikiLink : 0.89322555
WikiCache : 0.8706959
TiddlyWikiParser : TiddlyWikiParser is not exist in project code
WikiImage : 0.8950272
WikiFile : 0.8996506
WikiGroup : 0.8898823
VirtualWiki : 0.89139277
WikiDiff : 0.89895266
WikiUtil : 0.8564442
Category : 0.9057756
RecentChange : 0.88324493
Topic : 0.8965632
WikiException : 0.8990177
Watchlist : 0.8834737
LogItem : 0.8695895
MigrationUtilTest : 0.84395486
WikiFileVersion : 0.90381515
ParserInput : 0.8912721
WikiConfiguration : 0.83242464
TiddlyWiki2MediaWikiTranslator : TiddlyWiki2MediaWikiTranslator is not exist in project code
WikiBase : 0.85010767
InterWikiHandler : InterWikiHandler is not exist in project code
TestDataHandler : TestDataHandler is not exist in project code
WikiLinkTest : 0.8458045
WikiVersion : 0.8482128
WikiLinkTag : 0.86801594
WikiMessage : 0.8876681
WikiConfigurationObject : 0.9019333
WikiSignatureTag : 0.8605764
MediaWikiXmlMigrator : MediaWikiXmlMigrator is not exist in project code
WikiHeadingTag : 0.8651474
InterWikiHandlerTest : InterWikiHandlerTest is not exist in project code
WikiMessageTest : 0.8530434
Encryption : 0.8398335
Utilities : 0.7037298
LinkUtilTest : 0.84503084
