TiddlyWikiParser : TiddlyWikiParser is not exist in project code
WikiUser : 0.87303615
ParserInput : 0.8561723
WikiBase : 0.8316437
DataHandler : DataHandler is not exist in project code
TestDataHandler : TestDataHandler is not exist in project code
LogItem : 0.8557555
WikiSignatureTag : 0.86940414
TopicVersion : 0.85694253
WikiUtilTest : 0.8386435
MigrationUtilTest : 0.83414936
Role : 0.86419773
WikiGroup : 0.87318844
WikiUtil : 0.8579078
NamespaceHandler : NamespaceHandler is not exist in project code
RoleMap : 0.88984275
Environment : 0.80026627
MagicWordUtil : 0.653517
MigrationUtil : 0.8338504
ParserTest : 0.6496224
MediaWikiXmlMigrator : MediaWikiXmlMigrator is not exist in project code
LinkUtil : 0.64918214
RecentChange : 0.8529622
TableOfContents : 0.8610626
WikiLink : 0.85650414
WikiCache : 0.8627076
WikiImage : 0.8518199
WikiFile : 0.8633341
VirtualWiki : 0.8653386
WikiDiff : 0.85841876
Category : 0.85545653
Topic : 0.8558743
WikiException : 0.8620937
Watchlist : 0.85153353
WikiFileVersion : 0.8739855
WikiConfiguration : 0.8263703
TiddlyWiki2MediaWikiTranslator : TiddlyWiki2MediaWikiTranslator is not exist in project code
InterWikiHandler : InterWikiHandler is not exist in project code
WikiLinkTest : 0.84095174
WikiReference : 0.8643237
WikiVersion : 0.84162474
