LinkUtilTest : 0.91053253
DiffUtilTest : 0.9051351
MigrationUtilTest : 0.87035775
TestDataHandler : TestDataHandler is not exist in project code
XMLUtilTest : 0.9015276
InterWikiHandlerTest : InterWikiHandlerTest is not exist in project code
UtilitiesTest : 0.8829932
WikiLoggerTest : WikiLoggerTest is not exist in project code
WikiVersionTest : 0.8848192
WikiCacheTest : 0.0
ImageUtilTest : 0.7678427
WikiMessageTest : 0.91956353
WikiLinkTest : 0.91771775
WikiLogFormatterTest : WikiLogFormatterTest is not exist in project code
WikiUtil : 0.85397613
ParserTest : 0.7428317
Utilities : 0.7173124
TiddlyWiki2MediaWikiTranslatorTest : TiddlyWiki2MediaWikiTranslatorTest is not exist in project code
MagicWordUtil : 0.67968976
ParserUtil : 0.8487524
DiffUtil : 0.83889043
ParserFunctionUtil : 0.8162422
JFlexParserUtil : 0.8168382
MigrationUtil : 0.86034596
LinkUtil : 0.69890136
XMLUtil : 0.8457074
ImageUtil : 0.83062387
TestFileUtil : 0.86636335
Environment : 0.7828895
WikiBase : 0.82783914
TiddlyWikiParser : TiddlyWikiParser is not exist in project code
WikiLinkTag : 0.8604717
LogItem : 0.8281981
JFlexParser : 0.83626497
WikiMessage : 0.848292
JFlexLexer : 0.80472535
WikiReferenceTag : 0.82490844
RecentChange : 0.8365238
WikiVersion : 0.84183025
EncryptionTest : 0.8959376
PseudoTopicHandler : 0.84133464
