ImageUtilTest : 0.7255049
Environment : 0.82207364
Topic : 0.8391078
WikiImage : 0.8441372
LinkUtil : 0.6753951
NamespaceHandler : NamespaceHandler is not exist in project code
ParserFunctionUtil : 0.8385855
Utilities : 0.6962807
WikiLinkTag : 0.85889095
JFlexParserUtil : 0.8579056
ImageDimensions : ImageDimensions is not exist in project code
WikiUtil : 0.8625568
DiffUtil : 0.8499135
XMLUtil : 0.83886373
LinkUtilTest : 0.8276233
HtmlLinkTag : 0.648987
XMLUtilTest : 0.8245742
WikiUtilTest : 0.83062387
UtilitiesTest : 0.81392765
RecentChange : 0.83735096
LogItem : 0.8431631
TopicVersion : 0.836146
ParserTest : 0.6699524
MigrationUtilTest : 0.8518897
WikiMessage : 0.84688836
WikiLogger : 0.8365431
DiffUtilTest : 0.816306
WikiReference : 0.841382
TestFileUtil : 0.86629546
MagicWordUtil : 0.66279554
ParserUtil : 0.8538871
WikiDiff : 0.837565
MigrationUtil : 0.85298157
JFlexLexer : 0.81377196
WikiUser : 0.84445864
WikiBase : 0.8454361
WikiConfiguration : 0.8383979
JFlexParser : 0.85180116
TestDataHandler : TestDataHandler is not exist in project code
JFlexTagItem : 0.8447293
WikiFile : 0.85014904
