WikiUtil : 0.86022866
Category : 0.906123
WikiFile : 0.9020237
RecentChange : 0.8827761
Topic : 0.89643335
Watchlist : 0.8905329
LogItem : 0.87208474
TiddlyWikiParser : TiddlyWikiParser is not exist in project code
MigrationUtilTest : 0.8495884
ParserInput : 0.8896518
TestDataHandler : TestDataHandler is not exist in project code
DataHandler : DataHandler is not exist in project code
WikiCacheTest : 0.0
SearchEngine : 0.7785748
JFlexParser : 0.861627
LinkUtil : 0.6890651
LinkUtilTest : 0.85370326
ParserUtil : 0.86635715
WikiLinkTag : 0.8681637
MigrationUtil : 0.8557254
ImageUtil : 0.85191643
ParserTest : 0.6864357
Migrator : Migrator is not exist in project code
ParserFunctionUtil : 0.8254367
WikiHeadingTag : 0.8579582
MagicWordUtil : 0.6794378
Environment : 0.79473835
WikiUser : 0.8785255
WikiLink : 0.893407
WikiCache : 0.8786032
WikiImage : 0.8878361
WikiGroup : 0.8943849
WikiDiff : 0.8952734
WikiException : 0.90430874
WikiFileVersion : 0.9040346
WikiConfiguration : 0.831396
TiddlyWiki2MediaWikiTranslator : TiddlyWiki2MediaWikiTranslator is not exist in project code
WikiBase : 0.8543134
InterWikiHandler : InterWikiHandler is not exist in project code
TemplateTag : 0.8533132
WikiLinkTest : 0.8597769
