Encryption : 0.8380533
WikiUtil : 0.8944106
MediaWikiXmlMigrator : MediaWikiXmlMigrator is not exist in project code
Role : 0.84429955
ParserInput : 0.8486516
JFlexParser : 0.8708817
Environment : 0.83838266
LinkUtil : 0.66900325
WikiLogger : 0.83771217
ParserUtil : 0.878871
Utilities : 0.6660015
MigrationUtilTest : 0.8803634
WikiUser : 0.84474915
WikiLink : 0.8566099
WikiCache : 0.8447635
TiddlyWikiParser : TiddlyWikiParser is not exist in project code
WikiImage : 0.8222987
WikiFile : 0.847314
WikiGroup : 0.84679455
VirtualWiki : 0.85496765
WikiDiff : 0.8362382
Category : 0.852167
RecentChange : 0.84749734
Topic : 0.8522773
WikiException : 0.8609272
Watchlist : 0.84095365
LogItem : 0.8567262
WikiFileVersion : 0.8415632
WikiConfiguration : 0.8583549
TiddlyWiki2MediaWikiTranslator : TiddlyWiki2MediaWikiTranslator is not exist in project code
WikiBase : 0.85493916
InterWikiHandler : InterWikiHandler is not exist in project code
TestDataHandler : TestDataHandler is not exist in project code
WikiLinkTest : 0.8597099
WikiReference : 0.8414796
WikiVersion : 0.840052
WikiLinkTag : 0.89741886
WikiMessage : 0.85343
WikiConfigurationObject : 0.83515936
WikiReferencesTag : 0.8919493
WikiSignatureTag : 0.898699
