TableOfContents : 0.86931413
NoIncludeTag : 0.9808657
JFlexParserUtil : 0.90368927
WikiSignatureTag : 0.90507805
WikiLink : 0.8514325
WikiFile : 0.8438417
Topic : 0.84000754
ParserOutput : 0.8676171
MediaWikiXmlMigrator : MediaWikiXmlMigrator is not exist in project code
DataHandler : DataHandler is not exist in project code
MigrationUtil : 0.83625597
LinkUtil : 0.6648553
HtmlLinkTag : 0.7137503
JFlexTagItem : 0.8777606
XMLUtil : 0.87180775
JFlexLexer : 0.838314
ParserInput : 0.85920763
XMLUtilTest : 0.84621584
WikiReferenceTag : 0.89206064
UtilitiesTest : 0.8138803
WikiMessage : 0.86271435
Utilities : 0.69576824
WikiUtil : 0.865655
TemplateTag : 0.91839164
WikiLinkTag : 0.9047007
JFlexParser : 0.8891081
WikiReferencesTag : 0.91722023
WikiHeadingTag : 0.9173744
AbstractParser : AbstractParser is not exist in project code
TiddlyWikiParser : TiddlyWikiParser is not exist in project code
WikiBase : 0.8262594
ParserUtil : 0.88981295
WikiConfiguration : 0.8276485
ParserTest : 0.6760191
ParserFunctionUtil : 0.862862
MagicWordUtil : 0.6598852
