SearchEngine : 0.7417022
WikiConfiguration : 0.8384079
Environment : 0.81195587
WikiBase : 0.83327514
WikiUtil : 0.88020355
AbstractParser : AbstractParser is not exist in project code
SearchResultEntry : 0.847552
DataHandler : DataHandler is not exist in project code
ParserUtil : 0.8684799
JFlexParser : 0.86537856
Utilities : 0.67929834
SpamFilter : 0.8629064
