Environment : 0.85244596
TiddlyWikiParser : TiddlyWikiParser is not exist in project code
WikiUtil : 0.8486351
MagicWordUtil : 0.6847754
MigrationUtilTest : 0.86066383
MediaWikiXmlMigrator : MediaWikiXmlMigrator is not exist in project code
LinkUtil : 0.69441336
WikiDiff : 0.8483327
JFlexParser : 0.86259687
TiddlyWikiParserTest : TiddlyWikiParserTest is not exist in project code
MigrationUtil : 0.84880096
WikiLinkTag : 0.8416884
WikiCache : 0.8477969
ParserUtil : 0.85004
XMLUtil : 0.832522
DataHandler : DataHandler is not exist in project code
TemplateTag : 0.83343047
WikiUser : 0.85528654
WikiLink : 0.84894526
WikiImage : 0.8431082
WikiFile : 0.8615411
WikiGroup : 0.8621015
VirtualWiki : 0.8543133
Category : 0.8552811
RecentChange : 0.8453016
Topic : 0.85281825
WikiException : 0.8548303
Watchlist : 0.83896947
LogItem : 0.8562235
WikiFileVersion : 0.8595152
ParserInput : 0.85183907
WikiConfiguration : 0.8552032
TiddlyWiki2MediaWikiTranslator : TiddlyWiki2MediaWikiTranslator is not exist in project code
InterWikiHandler : InterWikiHandler is not exist in project code
Encryption : 0.8388545
TestDataHandler : TestDataHandler is not exist in project code
WikiLinkTest : 0.84237885
WikiReference : 0.85010767
WikiVersion : 0.82308096
WikiMessage : 0.8433556
WikiConfigurationObject : 0.85842204
