RecentChange : 0.8763595
WikiException : 0.90064436
WikiMessageTest : 0.8784312
LogItem : 0.8653737
ParserException : 0.0
MigrationException : 0.0
WikiUtilTest : 0.848292
WikiUtil : 0.8627331
DataAccessException : 0.8729617
MigrationUtilTest : 0.8336403
Utilities : 0.7146363
TiddlyWikiParser : TiddlyWikiParser is not exist in project code
MigrationUtil : 0.8485709
DataHandler : DataHandler is not exist in project code
InterWikiHandler : InterWikiHandler is not exist in project code
UtilitiesTest : 0.83103234
WikiLogger : 0.8830775
WikiSignatureTag : 0.87154514
ParserInput : 0.88175297
WikiHeadingTag : 0.8755321
Environment : 0.79069287
LinkUtil : 0.6801241
WikiUser : 0.86608845
WikiLink : 0.88484067
WikiCache : 0.8711375
WikiImage : 0.8766629
WikiFile : 0.8843236
WikiGroup : 0.88599205
VirtualWiki : 0.8841568
WikiDiff : 0.89074886
Category : 0.8882361
Topic : 0.879472
Watchlist : 0.8753863
WikiFileVersion : 0.88985604
WikiConfiguration : 0.8312681
TiddlyWiki2MediaWikiTranslator : TiddlyWiki2MediaWikiTranslator is not exist in project code
WikiBase : 0.8433556
TestDataHandler : TestDataHandler is not exist in project code
WikiLinkTest : 0.85512817
WikiReference : 0.8876681
WikiVersion : 0.85616744
