WikiUtil : 0.8666752
LinkUtil : 0.68787426
WikiUtilTest : 0.85209227
DataHandler : DataHandler is not exist in project code
MagicWordUtil : 0.67492896
JFlexParser : 0.863968
TiddlyWiki2MediaWikiTranslator : TiddlyWiki2MediaWikiTranslator is not exist in project code
TestDataHandler : TestDataHandler is not exist in project code
SearchEngine : 0.76772976
WikiLogger : 0.87608117
MigrationUtilTest : 0.85206985
MediaWikiXmlMigrator : MediaWikiXmlMigrator is not exist in project code
WikiBase : 0.8496805
MigrationUtil : 0.86473477
InterWikiHandler : InterWikiHandler is not exist in project code
TemplateTag : 0.86079055
ParserFunctionUtil : 0.82957643
UtilitiesTest : 0.83338153
JFlexParserUtil : 0.85018504
WikiSignatureTag : 0.87047327
WikiHeadingTag : 0.8616592
WikiReferencesTag : 0.8568862
Environment : 0.79883057
WikiLinkTag : 0.8779582
HtmlLinkTag : 0.6714906
WikiUser : 0.86922824
WikiLink : 0.88433844
WikiCache : 0.8678929
TiddlyWikiParser : TiddlyWikiParser is not exist in project code
WikiImage : 0.86725974
WikiFile : 0.88608366
WikiGroup : 0.8799007
VirtualWiki : 0.8894641
WikiDiff : 0.88315403
Utilities : 0.7124917
IncludeOnlyTag : 0.8491253
NoIncludeTag : 0.86568564
Category : 0.89078385
RecentChange : 0.8731141
Topic : 0.8854272
WikiException : 0.89574707
