TopicVersion : 0.8789388
WikiConfiguration : 0.8307927
MediaWikiXmlMigrator : MediaWikiXmlMigrator is not exist in project code
Role : 0.8438787
LogItem : 0.87151307
WikiFileVersion : 0.88779885
RecentChange : 0.87930185
LinkUtil : 0.6684808
MigrationUtilTest : 0.8589625
ParserInput : 0.8817417
NamespaceHandler : NamespaceHandler is not exist in project code
WikiHeadingTag : 0.8732537
ParserTest : 0.66657305
WikiUtil : 0.8740243
WikiUtilTest : 0.84668905
JFlexTagItem : 0.87356734
JFlexParserUtil : 0.86577255
MigrationUtil : 0.86681074
MagicWordUtil : 0.65482265
XMLUtil : 0.8727208
JFlexLexer : 0.8517348
AbstractParser : AbstractParser is not exist in project code
JFlexParser : 0.8771078
WikiSignatureTag : 0.8780318
Environment : 0.79678535
XMLUtilTest : 0.8615113
WikiReferenceTag : 0.8625322
TableOfContents : 0.87529135
DataHandler : DataHandler is not exist in project code
UtilitiesTest : 0.83955884
Utilities : 0.6882737
ParserOutput : 0.88021576
NoIncludeTag : 0.8868675
TemplateTag : 0.8774859
WikiLinkTag : 0.88508636
WikiReferencesTag : 0.86804724
HtmlLinkTag : 0.660991
IncludeOnlyTag : 0.8702802
TiddlyWikiParser : TiddlyWikiParser is not exist in project code
ParserUtil : 0.8825523
TiddlyWikiParserTest : TiddlyWikiParserTest is not exist in project code
