TemplateTag : 0.8675394
JFlexParserUtil : 0.8805311
WikiMessage : 0.8346132
JFlexLexer : 0.82973456
ParserTest : 0.69274926
WikiReferenceTag : 0.8393396
IncludeOnlyTag : 0.862862
NoIncludeTag : 0.8779856
AbstractParser : AbstractParser is not exist in project code
WikiLinkTag : 0.8520283
ParserUtil : 0.8492606
JFlexParser : 0.8569964
WikiConfiguration : 0.8414272
Environment : 0.83640575
Utilities : 0.727249
HtmlLinkTag : 0.67910653
WikiSignatureTag : 0.87100863
WikiHeadingTag : 0.84882355
JFlexTagItem : 0.84315866
ParserInput : 0.8304068
ParserOutput : 0.8368669
WikiReferencesTag : 0.8587617
MigrationUtil : 0.83380264
DiffUtil : 0.84215885
XMLUtil : 0.8353479
ImageUtil : 0.83858556
LinkUtil : 0.6806581
MagicWordUtil : 0.68073094
ParserException : 0.0
TiddlyWikiParser : TiddlyWikiParser is not exist in project code
MediaWikiXmlMigrator : MediaWikiXmlMigrator is not exist in project code
LinkUtilTest : 0.8158042
TableOfContents : 0.85316586
XMLUtilTest : 0.82294184
WikiUtilTest : 0.81624216
UtilitiesTest : 0.81666136
RecentChange : 0.82751685
LogItem : 0.8395678
TopicVersion : 0.8305605
WikiLogger : 0.8225767
DiffUtilTest : 0.793028
