InterWikiHandler : InterWikiHandler is not exist in project code
Utilities : 0.673511
WikiMessage : 0.8390386
Environment : 0.8156222
WikiLogFormatterTest : WikiLogFormatterTest is not exist in project code
WikiCache : 0.85327363
DiffUtil : 0.85853744
XMLUtil : 0.85527927
ImageUtil : 0.8507923
LinkUtil : 0.6273522
JFlexParserUtil : 0.8586792
WikiLogger : 0.8634983
LinkUtilTest : 0.8515115
HtmlLinkTag : 0.6066764
XMLUtilTest : 0.8630498
WikiUtilTest : 0.85560316
UtilitiesTest : 0.8465887
RecentChange : 0.8377994
LogItem : 0.8502343
TopicVersion : 0.8404901
ParserTest : 0.63503534
DiffUtilTest : 0.82446986
WikiReference : 0.8421735
TestFileUtil : 0.8994798
MagicWordUtil : 0.6196093
ParserUtil : 0.8506111
ParserFunctionUtil : 0.8445621
WikiUtil : 0.8768188
WikiDiff : 0.84018314
MigrationUtil : 0.8597943
ImageUtilTest : 0.6797195
WikiLinkTag : 0.85925096
MigrationUtilTest : 0.87289613
JFlexLexer : 0.8126441
WikiUser : 0.85017186
WikiBase : 0.8369376
WikiConfiguration : 0.8345497
JFlexParser : 0.85098654
TestDataHandler : TestDataHandler is not exist in project code
JFlexTagItem : 0.8511823
WikiFile : 0.8532951
