JFlexParser : 0.8830249
JFlexLexer : 0.83161163
AbstractParser : AbstractParser is not exist in project code
JFlexTagItem : 0.87024033
JFlexParserUtil : 0.9048488
XMLUtil : 0.8586096
XMLUtilTest : 0.83367443
WikiReferenceTag : 0.8896413
TableOfContents : 0.88586986
UtilitiesTest : 0.8159696
Utilities : 0.67090076
NoIncludeTag : 0.94158936
TemplateTag : 0.9043659
WikiLinkTag : 0.91320527
WikiReferencesTag : 0.9333269
WikiSignatureTag : 0.91584224
HtmlLinkTag : 0.66580385
WikiHeadingTag : 0.89424044
IncludeOnlyTag : 0.93459994
MediaWikiXmlMigrator : MediaWikiXmlMigrator is not exist in project code
TiddlyWikiParser : TiddlyWikiParser is not exist in project code
WikiConfiguration : 0.84000355
ParserTest : 0.66139495
ParserUtil : 0.8848668
ParserFunctionUtil : 0.8659174
LinkUtil : 0.6468961
MagicWordUtil : 0.64739144
