Utilities : 0.6886009
WikiUtilTest : 0.8539761
MagicWordUtil : 0.6537784
ParserUtil : 0.86934173
DiffUtil : 0.86935616
ParserFunctionUtil : 0.85580987
JFlexParserUtil : 0.86874604
MigrationUtil : 0.8732317
LinkUtil : 0.6648792
XMLUtil : 0.8580862
ImageUtil : 0.8625568
LinkUtilTest : 0.85224974
TestDataHandler : TestDataHandler is not exist in project code
WikiBase : 0.8486351
WikiLinkTag : 0.89287585
MigrationUtilTest : 0.8722914
LogItem : 0.86514956
DiffUtilTest : 0.82557887
JFlexParser : 0.8705669
WikiMessage : 0.8627332
JFlexLexer : 0.8139866
WikiReferenceTag : 0.86412984
RecentChange : 0.85742825
WikiVersion : 0.8558518
MediaWikiXmlMigrator : MediaWikiXmlMigrator is not exist in project code
WikiConfiguration : 0.8458387
ParserTest : 0.6595064
NamespaceHandler : NamespaceHandler is not exist in project code
WikiFileVersion : 0.85816866
InterWikiHandler : InterWikiHandler is not exist in project code
WikiSignatureTag : 0.90189075
TemplateTag : 0.8841278
TiddlyWikiParser : TiddlyWikiParser is not exist in project code
Environment : 0.83002895
WikiUser : 0.85642326
WikiLink : 0.8567488
WikiCache : 0.849299
WikiImage : 0.83809507
WikiFile : 0.8547044
WikiGroup : 0.8576116
VirtualWiki : 0.86022866
