Environment : 0.8127881
MigrationUtilTest : 0.8593122
Topic : 0.8534041
ParserOutput : 0.87125593
NamespaceHandler : NamespaceHandler is not exist in project code
ParserInput : 0.8616604
MediaWikiXmlMigrator : MediaWikiXmlMigrator is not exist in project code
IncludeOnlyTag : 0.9183915
NoIncludeTag : 0.93332946
JFlexLexer : 0.8253819
WikiHeadingTag : 0.88919723
JFlexTagItem : 0.8691744
JFlexParserUtil : 0.8988333
XMLUtil : 0.86883736
XMLUtilTest : 0.8580216
WikiReferenceTag : 0.88538593
TableOfContents : 0.878803
MagicWordUtil : 0.6644371
WikiUtil : 0.8841277
DataHandler : DataHandler is not exist in project code
UtilitiesTest : 0.8413196
ParserFunctionUtil : 0.8675394
Utilities : 0.70201486
WikiLinkTag : 0.90004677
JFlexParser : 0.88962865
WikiReferencesTag : 0.90631187
WikiSignatureTag : 0.9071952
HtmlLinkTag : 0.67076546
TiddlyWikiParser : TiddlyWikiParser is not exist in project code
WikiConfiguration : 0.83883595
AbstractParser : AbstractParser is not exist in project code
ParserTest : 0.68023103
ParserUtil : 0.8969723
LinkUtil : 0.67361075
