JFlexParser : 0.83599776
JFlexParserUtil : 0.8302418
JFlexTagItem : 0.8561334
IncludeOnlyTag : 0.838314
NoIncludeTag : 0.8437105
TableOfContents : 0.8400962
WikiReferenceTag : 0.82146865
TemplateTag : 0.8253818
WikiLinkTag : 0.82375574
WikiHeadingTag : 0.8406559
WikiReferencesTag : 0.81568354
WikiSignatureTag : 0.82244456
WikiConfiguration : 0.83861715
TiddlyWiki2MediaWikiTranslator : TiddlyWiki2MediaWikiTranslator is not exist in project code
ParserTest : 0.6630589
Environment : 0.83083725
