TiddlyWikiParser : TiddlyWikiParser is not exist in project code
ParserInput : 0.8709645
WikiBase : 0.85528654
DataHandler : DataHandler is not exist in project code
TestDataHandler : TestDataHandler is not exist in project code
LogItem : 0.87093794
WikiSignatureTag : 0.8612948
TopicVersion : 0.8783094
WikiUtilTest : 0.83364433
MigrationUtilTest : 0.84512913
Role : 0.866148
WikiGroup : 0.88383394
WikiUtil : 0.85642326
NamespaceHandler : NamespaceHandler is not exist in project code
RoleMap : 0.8976239
Environment : 0.8315783
MagicWordUtil : 0.65852773
MigrationUtil : 0.8353118
ParserTest : 0.65678823
MediaWikiXmlMigrator : MediaWikiXmlMigrator is not exist in project code
LinkUtil : 0.6563712
RecentChange : 0.8681
TableOfContents : 0.86664337
WikiLink : 0.8664399
WikiCache : 0.86324215
WikiImage : 0.87277025
WikiFile : 0.88164705
VirtualWiki : 0.87852544
WikiDiff : 0.8732161
Category : 0.878564
Topic : 0.8719511
WikiException : 0.86901027
Watchlist : 0.86452425
WikiFileVersion : 0.89130175
WikiConfiguration : 0.842319
TiddlyWiki2MediaWikiTranslator : TiddlyWiki2MediaWikiTranslator is not exist in project code
InterWikiHandler : InterWikiHandler is not exist in project code
WikiLinkTest : 0.8394212
WikiReference : 0.8748658
WikiVersion : 0.83486325
WikiLinkTag : 0.84299296
