WikiImage : 0.9072365
WikiFileVersion : 0.9172226
TestDataHandler : TestDataHandler is not exist in project code
DataHandler : DataHandler is not exist in project code
MediaWikiXmlMigrator : MediaWikiXmlMigrator is not exist in project code
MigrationUtilTest : 0.8481365
TiddlyWikiParser : TiddlyWikiParser is not exist in project code
LinkUtil : 0.6595845
Migrator : Migrator is not exist in project code
WikiLogger : 0.8894743
ImageUtil : 0.8501491
WikiUtil : 0.8547044
WikiUtilTest : 0.8414085
Environment : 0.8010261
InterWikiHandler : InterWikiHandler is not exist in project code
Topic : 0.9015784
WikiBase : 0.861541
MagicWordUtil : 0.6552656
MigrationUtil : 0.85768527
UtilitiesTest : 0.8317188
TestFileUtil : 0.87461156
Utilities : 0.6954613
WikiConfiguration : 0.838155
ParserFunctionUtil : 0.8275707
WikiCache : 0.88000566
SpamFilter : 0.87341636
ParserTest : 0.6588551
XMLUtil : 0.858397
SortedProperties : 0.8720683
WikiUser : 0.88164705
WikiLink : 0.8952381
WikiGroup : 0.89343894
VirtualWiki : 0.9020238
WikiDiff : 0.90406793
Category : 0.9085593
RecentChange : 0.88630146
WikiException : 0.9077574
Watchlist : 0.8905468
LogItem : 0.8768237
ParserInput : 0.8961053
TiddlyWiki2MediaWikiTranslator : TiddlyWiki2MediaWikiTranslator is not exist in project code
