XMLUtilTest : 0.88787097
WikiConfiguration : 0.82703024
WikiCache : 0.85345984
MediaWikiXmlExporter : 0.7134357
MigrationUtilTest : 0.83929104
MediaWikiXmlImporter : 0.8614055
WikiLogger : 0.8774494
DateUtil : 0.8641444
DiffUtil : 0.84902334
ParserTest : 0.685826
MigrationUtil : 0.8558536
JFlexParserUtil : 0.86262757
LinkUtilTest : 0.8419596
WikiUtilTest : 0.8457073
RecentChange : 0.8525793
ResourceUtilTest : 0.83789974
LogItem : 0.85330105
TopicVersion : 0.8502967
UtilitiesTest : 0.83470076
ParserTestUtils : 0.8646542
Utilities : 0.7150274
JFlexTagItem : 0.87751746
WikiMessage : 0.8595239
VirtualWiki : 0.86180246
DiffUtilTest : 0.8246114
WikiReference : 0.8578201
TestFileUtil : 0.8662676
WikiUtil : 0.8580863
MagicWordUtil : 0.6776375
ParserUtil : 0.8698193
MathUtil : 0.8263284
ParserFunctionUtil : 0.83534795
WikiDiff : 0.85710126
ImageUtil : 0.83886373
GalleryTag : 0.87019414
LinkUtil : 0.67119545
ResourceUtil : 0.85527927
WikiDatabase : 0.68813246
WikiLink : 0.85550094
JFlexLexer : 0.831739
AnsiDataHandler : 0.8375774
