TiddlyWikiParser : TiddlyWikiParser is not exist in project code
AnsiQueryHandler : 0.8141328
ParserInput : 0.8709645
WikiBase : 0.85528654
QueryHandler : 0.76230097
AnsiDataHandler : 0.83513635
UserBlock : 0.88276345
WikiDatabase : 0.6710383
LogItem : 0.87093794
AnsiDataValidator : 0.8340708
JAMWikiUnitTest : 0.82587767
TopicVersion : 0.8783094
DB2400QueryHandler : 0.8321884
WikiSignatureTag : 0.8612948
Namespace : 0.8452716
WikiUserDetails : 0.8923645
WikiUtilTest : 0.83364433
DatabaseUpgrades : 0.84086734
DateUtil : 0.8684537
ImageUtil : 0.84445864
MigrationUtilTest : 0.84512913
CacheQueryHandler : 0.83210236
OracleQueryHandler : 0.8388718
DB2QueryHandler : 0.83341146
WikiUtil : 0.85642326
WikiGroup : 0.88383394
Role : 0.866148
MagicWordUtil : 0.65852773
RoleMap : 0.8976239
Environment : 0.8315783
GroupMap : 0.89016896
LinkUtil : 0.6563712
MigrationUtil : 0.8353118
ParserTestUtils : 0.84960574
GalleryTag : 0.86296207
RecentChange : 0.8681
NoParseDirectiveTag : 0.84697783
MediaWikiXmlExporter : 0.67681694
WikiImage : 0.87277025
WikiFile : 0.88164705
WikiDiff : 0.8732161
