UserBlock : 0.871302
MediaWikiXmlImporter : 0.8583594
WikiSignatureTag : 0.87948793
WikiConfiguration : 0.8329991
WikiFile : 0.85711265
WikiUser : 0.8684537
TopicVersion : 0.8534614
Topic : 0.85273445
Environment : 0.8009619
LogItem : 0.8583109
RecentChange : 0.8533052
WikiFileVersion : 0.8648489
MediaWikiXmlExporter : 0.68969727
MediaWikiConstants : 0.83136606
TiddlyWikiParser : TiddlyWikiParser is not exist in project code
ImageUtil : 0.8481955
AnsiDataHandler : 0.8439356
DiffUtil : 0.8607671
XMLUtil : 0.8641444
ParserTest : 0.6597197
AnsiQueryHandler : 0.79499936
MagicWordUtil : 0.66919225
JFlexParserUtil : 0.8607438
LinkUtilTest : 0.8313749
XMLUtilTest : 0.8417465
QueryHandler : 0.75613856
WikiUtilTest : 0.8340478
ResourceUtilTest : 0.8262447
UtilitiesTest : 0.83094287
ParserTestUtils : 0.8541112
Utilities : 0.7159828
JFlexTagItem : 0.8588204
TiddlyWikiParserTest : TiddlyWikiParserTest is not exist in project code
CacheQueryHandler : 0.8402194
WikiMessage : 0.85819846
DiffUtilTest : 0.8238513
WikiReference : 0.8532478
VirtualWiki : 0.8597402
TestFileUtil : 0.8715289
WikiUtil : 0.869047
WikiDiff : 0.8572823
