WikiUser : 0.8674256
AnsiQueryHandler : 0.78398675
QueryHandler : 0.76973945
WikiDatabase : 0.6849726
AnsiDataHandler : 0.82558763
DateUtil : 0.87609357
AnsiDataValidator : 0.83586675
WikiConfiguration : 0.81858414
DatabaseUpgrades : 0.8268894
UserBlock : 0.861413
WikiSignatureTag : 0.8558471
MigrationUtilTest : 0.8256035
WikiBase : 0.83162117
Namespace : 0.8207596
TiddlyWikiParser : TiddlyWikiParser is not exist in project code
RoleMap : 0.8739163
WikiUtil : 0.84422934
WikiUtilTest : 0.8272147
WikiGroup : 0.8678172
LogItem : 0.8442279
Environment : 0.78340477
GroupMap : 0.8773228
MagicWordUtil : 0.66575915
ParserInput : 0.8560997
DatabaseConnection : 0.8252519
LinkUtil : 0.66610384
JavascriptTag : 0.83849627
ParserTestUtils : 0.8447484
DiffUtil : 0.84712136
XMLUtil : 0.8442946
ImageUtil : 0.83333313
MigrationUtil : 0.83638126
NoParseDirectiveTag : 0.83962023
MediaWikiXmlExporter : 0.6858923
ParserTest : 0.6637242
GalleryTag : 0.8498864
RecentChange : 0.84489524
TableOfContents : 0.84782904
JFlexParserUtil : 0.83800596
TopicVersion : 0.85125417
LinkUtilTest : 0.8232946
