VirtualWiki : 0.85191643
ImageUtilTest : 0.7255049
ImageProcessor : 0.8733719
ImageLinkTag : 0.86662894
JAMWikiUnitTest : 0.85232633
GalleryTag : 0.87088555
Environment : 0.82207364
WikiImage : 0.8441372
AnsiQueryHandler : 0.8092266
JFlexLexer : 0.81377196
ImageMetadata : 0.8387976
ParserFunctionUtil : 0.8385855
AnsiDataHandler : 0.84138435
QueryHandler : 0.742889
JFlexParserUtil : 0.8579056
WikiFile : 0.85014904
LinkUtil : 0.6753951
ImageVerticalAlignmentEnum : 0.0
DiffUtil : 0.8499135
XMLUtil : 0.83886373
ParserTest : 0.6699524
WikiLinkTag : 0.85889095
ImageData : 0.85345376
LinkUtilTest : 0.8276233
XMLUtilTest : 0.8245742
WikiUtilTest : 0.83062387
ResourceUtilTest : 0.8244963
TopicVersion : 0.836146
RecentChange : 0.83735096
LogItem : 0.8431631
UtilitiesTest : 0.81392765
ParserTestUtils : 0.8388581
Utilities : 0.6962807
JFlexTagItem : 0.8447293
WikiMessage : 0.84688836
DiffUtilTest : 0.816306
WikiReference : 0.841382
TestFileUtil : 0.86629546
WikiUtil : 0.8625568
MagicWordUtil : 0.66279554
WikiDiff : 0.837565
