JFlexLexer : 0.83252126
ParserTestUtils : 0.85500306
JAMWikiParser : 0.7644818
ParserTest : 0.6345891
JFlexParser : 0.86526996
ParserUtil : 0.8735104
TemplateTag : 0.8712559
AbstractJAMWikiLexer : 0.86595756
ParserFunctionUtil : 0.8368669
JFlexParserUtil : 0.8706574
WikiLinkTag : 0.8765999
HtmlLinkTag : 0.61933404
AbstractHeadingTag : 0.8705187
NoIncludeTag : 0.8801902
NoParseDirectiveTag : 0.8726835
RedirectTag : 0.8714362
IncludeOnlyTag : 0.8676172
JFlexCustomTagItem : 0.77622706
MagicWordUtil : 0.6156188
AnsiDataHandler : 0.84312207
EditSectionTag : 0.8625069
GalleryTag : 0.8745862
Environment : 0.80056626
WikiConfiguration : 0.8389537
ImageLinkTag : 0.8683916
WikiSignatureTag : 0.8692102
ImageUtil : 0.84847665
WikiDatabase : 0.6337832
MigrationUtil : 0.85837954
WikiBoldItalicTag : 0.85667616
OnlyIncludeTag : 0.86993283
TiddlyWikiParser : TiddlyWikiParser is not exist in project code
TiddlyWiki2MediaWikiTranslator : TiddlyWiki2MediaWikiTranslator is not exist in project code
JavascriptTag : 0.86198795
MediaWikiXmlImporter : 0.8615914
WikiBase : 0.84501755
WikiReferencesTag : 0.86865735
WikiUtil : 0.8618672
ParserInput : 0.8817241
WikiReferenceTag : 0.8625521
ParserException : 0.0
