WikiLink : 0.8326463
AnsiDataHandler : 0.8266293
AnsiDataValidator : 0.8199521
WikiCache : 0.8319701
AnsiQueryHandler : 0.82468265
Environment : 0.863264
AbstractJAMWikiCustomTagLexer : 0.8414359
WikiBase : 0.85520315
DateUtil : 0.83299905
WikiLogger : 0.8242834
WikiUtil : 0.8458387
JAMWikiParser : 0.71967673
WikiDatabase : 0.6866985
ParserUtil : 0.8433119
QueryHandler : 0.71305114
JFlexLexer : 0.838617
MediaWikiXmlImporter : 0.85734504
JFlexCustomTagItem : 0.7420436
JFlexParser : 0.84601164
ParserInput : 0.83307415
JFlexParserUtil : 0.8607261
GalleryTag : 0.8443014
LinkUtil : 0.66832954
SpamFilter : 0.8376591
Encryption : 0.8208072
DatabaseConnection : 0.814483
WikiImage : 0.82170695
TiddlyWikiParser : TiddlyWikiParser is not exist in project code
WikiFile : 0.838155
WikiDiff : 0.8259594
Category : 0.83736867
WikiException : 0.8390024
RecentChange : 0.8298425
Topic : 0.83035463
Watchlist : 0.8218389
LogItem : 0.838997
MigrationUtilTest : 0.8481168
WikiMessageParam : 0.8385569
TiddlyWiki2MediaWikiTranslator : TiddlyWiki2MediaWikiTranslator is not exist in project code
WikiLinkTag : 0.8407852
AbstractJAMWikiHtmlTagLexer : 0.8477535
