WikiBase : 0.83133787
QueryHandler : 0.74851763
CacheQueryHandler : 0.8824658
AnsiQueryHandler : 0.82919526
SybaseASAQueryHandler : 0.8462467
DB2400QueryHandler : 0.8626616
OracleQueryHandler : 0.8741978
PostgresQueryHandler : 0.8420564
HSqlQueryHandler : 0.8436649
MSSqlQueryHandler : 0.8485123
MySqlQueryHandler : 0.8428823
DB2QueryHandler : 0.87002766
H2QueryHandler : 0.84723
WikiDatabase : 0.6907927
DatabaseConnection : 0.8656332
AnsiDataHandlerTest : 0.848433
ResourceUtil : 0.8517526
ImageProcessor : 0.8678498
DatabaseUpgrades : 0.8510075
InterwikiTest : 0.80387014
MagicWordUtil : 0.64510924
UserBlock : 0.8584225
JAMWikiUnitTest : 0.8648313
Namespace : 0.82703173
WikiConfiguration : 0.8266293
ImageData : 0.8183901
ParserTest : 0.65430045
MigrationUtilTest : 0.85409373
TiddlyWikiParser : TiddlyWikiParser is not exist in project code
MediaWikiXmlImporter : 0.8666147
PseudoTopicHandler : 0.8352312
WikiUtil : 0.8692021
Environment : 0.79911613
LinkUtil : 0.66153026
ParserFunctionUtil : 0.8202104
ImageUtil : 0.84138435
TestFileUtil : 0.8485394
MediaWikiXmlExporter : 0.68312395
ParserUtil : 0.8597987
PseudoTopicHandlerTest : 0.8382515
MigrationUtil : 0.87354547
