AnsiQueryHandler : 0.81840134
AnsiDataValidator : 0.8347451
RecentChange : 0.87983173
QueryHandler : 0.7481095
AnsiDataHandler : 0.8444691
CacheQueryHandler : 0.8398598
DB2400QueryHandler : 0.8300891
OracleQueryHandler : 0.8380028
DB2QueryHandler : 0.8330283
JFlexTagItem : 0.8659699
CustomTagItem : CustomTagItem is not exist in project code
WikiConfiguration : 0.838997
Pagination : 0.8652739
WikiLogger : 0.87957096
AbstractJAMWikiHtmlTagLexer : 0.87405455
AbstractJAMWikiLexer : 0.8489882
AbstractJAMWikiCustomTagLexer : 0.86701065
TopicVersion : 0.8777054
ParserInput : 0.8675649
Utilities : 0.70177925
Role : 0.85666394
JFlexParserUtil : 0.8524424
MathUtil : 0.8490041
HtmlTagItem : 0.8695803
WikiMessage : 0.8653737
TiddlyWikiParser : TiddlyWikiParser is not exist in project code
Environment : 0.82045496
WikiDatabase : 0.678038
ResourceUtil : 0.8502343
NoParseDirectiveTag : 0.85738885
JavascriptTag : 0.84279656
PseudoTopicHandler : 0.8549766
WikiBoldItalicTag : 0.8464393
LinkUtil : 0.66586065
