QueryHandler : 0.7033407
AnsiDataHandler : 0.82919526
CacheQueryHandler : 0.844079
SybaseASAQueryHandler : 0.8120171
DB2400QueryHandler : 0.81839633
OracleQueryHandler : 0.8318376
PostgresQueryHandler : 0.8064812
HSqlQueryHandler : 0.81097484
MSSqlQueryHandler : 0.8164899
MySqlQueryHandler : 0.8091398
DB2QueryHandler : 0.83069146
H2QueryHandler : 0.81540394
WikiConfiguration : 0.8246826
WikiBase : 0.8359011
DatabaseConnection : 0.8131378
WikiDatabase : 0.6758913
DatabaseUpgrades : 0.8062415
WikiLink : 0.7896582
PseudoTopicHandler : 0.7957081
ResourceUtil : 0.8092814
LocalDataSource : 0.0
LinkUtil : 0.6332701
Utilities : 0.65772444
LinkUtilTest : 0.77263206
WikiLinkTest : 0.7863938
PseudoTopicHandlerTest : 0.77606183
AnsiDataHandlerTest : 0.78551203
InterwikiTest : 0.7949352
MagicWordUtil : 0.63174677
Environment : 0.8334509
WikiUtil : 0.82325023
Namespace : 0.83209014
ParserTest : 0.6262623
MigrationUtilTest : 0.8286913
ImageProcessor : 0.8177605
UserBlock : 0.81457764
JAMWikiUnitTest : 0.80870867
MediaWikiXmlImporter : 0.8502152
TiddlyWikiParser : TiddlyWikiParser is not exist in project code
ImageUtil : 0.8092265
ParserFunctionUtil : 0.81461644
