WikiDatabase : 0.6920592
Topic : 0.8854272
AnsiDataHandler : 0.8524217
ImageUtil : 0.8504429
Environment : 0.79883057
WikiBase : 0.8496805
MagicWordUtil : 0.67492896
AnsiQueryHandler : 0.8026236
JFlexParser : 0.863968
MediaWikiXmlExporter : 0.70457613
TiddlyWiki2MediaWikiTranslator : TiddlyWiki2MediaWikiTranslator is not exist in project code
SearchEngine : 0.76772976
LinkUtil : 0.68787426
AnsiDataHandlerTest : 0.84241927
WikiLogger : 0.87608117
QueryHandler : 0.7780542
ParserOutput : 0.87978345
MigrationUtilTest : 0.85206985
MediaWikiConstants : 0.8160272
AnsiDataValidator : 0.8586352
JAMWikiUnitTest : 0.8585625
ImageProcessor : 0.851722
WikiBoldItalicTag : 0.8509114
WikiCache : 0.8678929
WikiUtil : 0.8666752
GalleryTag : 0.8667852
LogItem : 0.86573833
MediaWikiXmlImporter : 0.84758383
LinkUtilTest : 0.85345036
ParserUtil : 0.8731631
TemplateTag : 0.86079055
AbstractJAMWikiCustomTagLexer : 0.87076217
DataAccessException : 0.86582965
DiffUtil : 0.85921687
SpamFilter : 0.8594034
UtilitiesTest : 0.83338153
JFlexLexer : 0.8454039
AbstractHeadingTag : 0.86342835
ParserFunctionUtil : 0.82957643
WikiLink : 0.88433844
WikiSignatureTag : 0.87047327
