Role : 0.8388202
LocalDataSource : 0.0
VirtualWiki : 0.7947384
WikiUtil : 0.83002895
LinkUtil : 0.6553861
JFlexLexer : 0.83083725
AbstractJAMWikiTemplateLexer : 0.8038621
ImageUtilTest : 0.69868004
SybaseASAQueryHandler : 0.8194419
DB2400QueryHandler : 0.77994895
ImageUtil : 0.82207364
OracleQueryHandler : 0.7971648
PostgresQueryHandler : 0.80967283
HSqlQueryHandler : 0.820036
MSSqlQueryHandler : 0.82486546
MySqlQueryHandler : 0.81331044
CacheQueryHandler : 0.7995876
DB2QueryHandler : 0.7915561
H2QueryHandler : 0.8234273
AnsiQueryHandler : 0.83345085
WikiDatabase : 0.6768664
EncryptionTest : 0.7941382
ParserTest : 0.66371006
AnsiDataHandler : 0.7991162
WikiConfiguration : 0.86326396
Encryption : 0.81133974
JavascriptTag : 0.79391366
MediaWikiXmlExporter : 0.678281
ParserInput : 0.7930886
TableOfContents : 0.8116022
ParserFunctionUtil : 0.8364057
WikiSignatureTag : 0.8254318
TemplateTag : 0.8127881
SpamFilter : 0.8180111
MediaWikiXmlImporter : 0.85363
ResourceUtil : 0.81562227
DatabaseConnection : 0.78691274
MagicWordUtil : 0.6592965
JAMWikiUnitTest : 0.80866903
HtmlLinkTag : 0.6382136
WikiCache : 0.7914994
