WikiConfiguration : 0.71305114
AnsiDataHandler : 0.74851763
WikiDatabase : 0.73195237
SybaseASAQueryHandler : 0.7950703
DB2400QueryHandler : 0.79880965
OracleQueryHandler : 0.7860523
PostgresQueryHandler : 0.7921946
HSqlQueryHandler : 0.7892843
MSSqlQueryHandler : 0.7916085
MySqlQueryHandler : 0.7919147
CacheQueryHandler : 0.7607027
DB2QueryHandler : 0.79477596
H2QueryHandler : 0.7904061
AnsiQueryHandler : 0.70334065
DatabaseConnection : 0.7512669
DatabaseUpgrades : 0.7570293
WikiLink : 0.78164583
PseudoTopicHandler : 0.7687939
WikiBase : 0.7609717
LocalDataSource : 0.0
LinkUtil : 0.71384996
Utilities : 0.74187994
LinkUtilTest : 0.7756065
WikiLinkTest : 0.7779816
PseudoTopicHandlerTest : 0.7774742
AnsiDataHandlerTest : 0.7688281
InterwikiTest : 0.7340671
MagicWordUtil : 0.7077265
Environment : 0.6752863
WikiUtil : 0.73473287
Namespace : 0.72102416
ParserTest : 0.72907734
MigrationUtilTest : 0.7438476
ImageProcessor : 0.72193706
UserBlock : 0.7662006
JAMWikiUnitTest : 0.7582381
MediaWikiXmlImporter : 0.7454255
TiddlyWikiParser : TiddlyWikiParser is not exist in project code
ImageUtil : 0.742889
ParserFunctionUtil : 0.7245598
MediaWikiXmlExporter : 0.74040157
