DatabaseUpgrades : 0.8672808
ParserInput : 0.86185366
WikiLink : 0.87025964
WikiVersion : 0.8613654
WikiUtil : 0.8799339
QueryHandler : 0.7577491
Utilities : 0.6717322
WikiBase : 0.8533347
AnsiQueryHandler : 0.8132888
ParserUtil : 0.8720259
DatabaseConnection : 0.84874827
WikiDatabase : 0.68755525
LinkUtil : 0.66399586
ImageUtil : 0.85704255
AnsiDataHandler : 0.8633607
PseudoTopicHandler : 0.8560418
