Utilities : 0.6886009
DiffUtil : 0.86935616
LinkUtilTest : 0.85224974
MagicWordUtil : 0.6537784
DateUtil : 0.869047
JFlexParserUtil : 0.86874604
LinkUtil : 0.6648792
ParserUtil : 0.86934173
MathUtil : 0.8384903
ParserFunctionUtil : 0.85580987
MigrationUtil : 0.8732317
ImageUtil : 0.8625568
XMLUtil : 0.8580862
ResourceUtil : 0.8768189
WikiUtilTest : 0.8539761
VirtualWiki : 0.86022866
WikiBase : 0.8486351
WikiLinkTag : 0.89287585
AnsiDataHandler : 0.8692021
MigrationUtilTest : 0.8722914
DiffUtilTest : 0.82557887
WikiMessage : 0.8627332
LogItem : 0.86514956
JFlexLexer : 0.8139866
AbstractJAMWikiTemplateLexer : 0.8637674
WikiLink : 0.8567488
WikiDatabase : 0.6753892
WikiReferenceTag : 0.86412984
WikiConfiguration : 0.8458387
MediaWikiXmlExporter : 0.6758681
JAMWikiUnitTest : 0.8726326
AnsiDataValidator : 0.85538566
RecentChange : 0.85742825
JFlexParser : 0.8705669
UserBlock : 0.87150115
MediaWikiXmlImporter : 0.87628645
ParserTest : 0.6595064
WikiVersion : 0.8558518
OracleQueryHandler : 0.8566051
Interwiki : 0.85958624
Topic : 0.85409427
