DiffUtil : 0.6933899
XMLUtil : 0.71502733
ParserTest : 0.78850687
JFlexParserUtil : 0.6913938
LinkUtilTest : 0.7214184
XMLUtilTest : 0.71422756
WikiUtilTest : 0.7173124
ResourceUtilTest : 0.72807145
TopicVersion : 0.7016041
RecentChange : 0.6976688
LogItem : 0.70177925
UtilitiesTest : 0.72740144
ParserTestUtils : 0.73719645
JFlexTagItem : 0.69863904
WikiMessage : 0.7146364
DiffUtilTest : 0.725548
WikiReference : 0.7037299
VirtualWiki : 0.7126586
TestFileUtil : 0.7175577
WikiUtil : 0.6886009
MagicWordUtil : 0.7727351
WikiDiff : 0.70504284
DateUtil : 0.7159828
GalleryTag : 0.70558214
LinkUtil : 0.8013644
WikiDatabase : 0.79405814
ParserUtil : 0.72167325
MathUtil : 0.684957
ParserFunctionUtil : 0.72724897
MigrationUtil : 0.703412
ImageUtil : 0.6962807
ResourceUtil : 0.673511
MigrationUtilTest : 0.71635497
WikiLink : 0.6926202
JFlexLexer : 0.69183654
AnsiDataHandler : 0.6714086
AbstractJAMWikiTemplateLexer : 0.7003885
OracleQueryHandler : 0.70570874
WikiLinkTag : 0.68882793
WikiConfiguration : 0.70857394
Environment : 0.71019757
JAMWikiUnitTest : 0.7010322
WikiFile : 0.6954613
WikiReferenceTag : 0.6933347
DatabaseConnection : 0.67140186
UserBlock : 0.6904515
WikiBase : 0.7051253
RedirectTag : 0.68829745
TableOfContents : 0.685615
WikiSignatureTag : 0.69521433
NoParseDirectiveTag : 0.6989068
SpamFilter : 0.6942224
Interwiki : 0.7174477
MediaWikiXmlImporter : 0.683647
NoIncludeTag : 0.70405304
TemplateTag : 0.7020149
Topic : 0.69575626
AbstractJAMWikiLexer : 0.67265177
RoleMap : 0.698729
AnsiDataValidator : 0.7290454
JFlexParser : 0.7165238
JavascriptTag : 0.69742584
AbstractHeadingTag : 0.7218046
IncludeOnlyTag : 0.69576824
HtmlHeadingTag : 0.7251858
WikiVersion : 0.6798936
WikiFileVersion : 0.6998197
ImageUtilTest : 0.8061434
MediaWikiXmlExporter : 0.80642927
HtmlLinkTag : 0.77358025
ImageProcessor : 0.6541975
ImageLinkTag : 0.68309087
AbstractJAMWikiCustomTagLexer : 0.6757574
EditSectionTag : 0.69773847
Namespace : 0.6940307
AnsiQueryHandler : 0.65772444
WikiReferencesTag : 0.6844062
Pagination : 0.6943333
QueryHandler : 0.7418798
Encryption : 0.7018293
TiddlyWikiParser : TiddlyWikiParser is not exist in project code
OnlyIncludeTag : 0.6780609
LocalDataSource : 0.0
WikiCache : 0.70320725
