DiffUtilTest : 0.86138755
WikiDiff : 0.87430227
XMLUtil : 0.84902334
ParserTest : 0.65560544
JFlexParserUtil : 0.87988514
LinkUtilTest : 0.8376545
XMLUtilTest : 0.8431253
WikiUtilTest : 0.83889043
ResourceUtilTest : 0.8340675
TopicVersion : 0.85403186
RecentChange : 0.8543719
LogItem : 0.85407275
UtilitiesTest : 0.8293115
ParserTestUtils : 0.8539964
Utilities : 0.6933899
JFlexTagItem : 0.85510474
WikiMessage : 0.8601737
WikiReference : 0.85691494
VirtualWiki : 0.8529663
TestFileUtil : 0.8683309
WikiUtil : 0.86935604
MagicWordUtil : 0.6416806
DateUtil : 0.8607671
GalleryTag : 0.8728138
LinkUtil : 0.6414917
WikiDatabase : 0.6607015
ParserUtil : 0.8635682
MathUtil : 0.8420596
ParserFunctionUtil : 0.84215885
MigrationUtil : 0.8560949
ImageUtil : 0.8499135
ResourceUtil : 0.8585374
MigrationUtilTest : 0.846118
WikiLink : 0.8541758
JFlexLexer : 0.8227798
AnsiDataHandler : 0.8481664
AbstractJAMWikiTemplateLexer : 0.8539733
PseudoTopicHandler : 0.8385673
OracleQueryHandler : 0.8465507
WikiLinkTag : 0.87175053
WikiConfiguration : 0.83080566
