WikiException : 0.90064436
WikiPageInfo : 0.88247013
AnsiQueryHandler : 0.78769
DatabaseUpgrades : 0.84287703
AnsiDataHandler : 0.84413713
DataHandler : DataHandler is not exist in project code
InterWikiHandler : InterWikiHandler is not exist in project code
WikiHeadingTag : 0.8755321
XMLTopicFactory : XMLTopicFactory is not exist in project code
JAMWikiModel : 0.8625996
ParserInput : 0.88175297
WikiSignatureTag : 0.87154514
WikiLogger : 0.8830775
Encryption : 0.84673506
XMLUtil : 0.85952383
DB2400QueryHandler : 0.8528508
Environment : 0.79069287
FileHandler : FileHandler is not exist in project code
WikiFile : 0.8843236
WikiLinkTag : 0.87638235
WikiImage : 0.8766629
VirtualWiki : 0.8841568
WikiLink : 0.88484067
WikiDiff : 0.89074886
WikiLogFormatter : WikiLogFormatter is not exist in project code
RecentChange : 0.8763595
Category : 0.8882361
Watchlist : 0.8753863
Topic : 0.879472
ServletUtil : 0.8564613
WikiFileVersion : 0.88985604
WikiConfiguration : 0.8312681
WikiBase : 0.8433556
WikiUserInfo : WikiUserInfo is not exist in project code
QueryHandler : 0.78311515
WikiNowikiTag : WikiNowikiTag is not exist in project code
WikiVersion : 0.85616744
WikiConfigurationObject : 0.89342225
WikiDatabase : 0.69063
WikiReference : 0.8876681
JAMWikiFilter : 0.8598672
