TopicsAdminServlet : TopicsAdminServlet is not exist in project code
WikiPageInfo : 0.8665955
FileHandler : FileHandler is not exist in project code
Topic : 0.8446067
WikiFile : 0.84314674
Environment : 0.81978
TemplateTag : 0.87012243
AnsiQueryHandler : 0.8207002
ParserInput : 0.843933
JAMWikiServlet : 0.9117406
ImportServlet : 0.906769
LoginServlet : 0.9131359
CategoryServlet : 0.893778
SearchServlet : 0.90832275
UploadServlet : 0.8769083
ItemsServlet : 0.9075275
WatchlistServlet : 0.90152633
HistoryServlet : 0.9060201
MoveServlet : 0.88543755
RecentChangesFeedServlet : 0.8634112
EditServlet : 0.88397616
DiffServlet : 0.89146346
RegisterServlet : 0.90086854
ContributionsServlet : 0.8934885
ServletUtil : 0.886494
JAMWikiLocaleInterceptor : 0.88507414
PrintableServlet : 0.8908238
TopicServlet : 0.9008673
PersistencyServlet : PersistencyServlet is not exist in project code
SpecialPagesServlet : 0.88350236
SetupServlet : 0.8974543
UpgradeServlet : 0.8963692
TranslationServlet : 0.8917648
LinkToServlet : 0.8922371
ManageServlet : 0.9140065
RecentChangesServlet : 0.8922703
StylesheetServlet : 0.88764936
ExportServlet : 0.90138954
DataHandler : DataHandler is not exist in project code
QueryHandler : 0.740961
DB2400QueryHandler : 0.8481273
