FileHandler : FileHandler is not exist in project code
AnsiQueryHandler : 0.80873567
RecentChange : 0.89120585
AnsiDataHandler : 0.83560646
QueryHandler : 0.7767111
DataHandler : DataHandler is not exist in project code
DiffUtil : 0.85403186
Topic : 0.89301
WikiDatabase : 0.67360383
DatabaseUpgrades : 0.84115505
Environment : 0.8088246
WikiFileVersion : 0.90261775
TemplateTag : 0.85014135
XMLTopicFactory : XMLTopicFactory is not exist in project code
WikiVersion : 0.85588896
SearchResultEntry : 0.89006394
ServletUtil : 0.84480244
WikiImage : 0.88541776
SetupServlet : 0.84832335
WikiUser : 0.8783094
WatchlistTag : 0.86275506
Watchlist : 0.88338256
LinkUtil : 0.6628015
SearchEngine : 0.77298284
ParserInput : 0.8860334
WikiPageInfo : 0.87285024
WikiFile : 0.89768404
VirtualWiki : 0.88463336
Utilities : 0.70160407
LuceneSearchEngine : 0.85202086
Category : 0.89876
WikiVersionTag : 0.84503907
JAMWikiModel : 0.85518575
JFlexParser : 0.86469936
WikiBase : 0.85479754
ImageUtil : 0.836146
JAMWikiLogoutFilter : JAMWikiLogoutFilter is not exist in project code
AbstractParser : AbstractParser is not exist in project code
ParserDocument : ParserDocument is not exist in project code
PseudoTopicHandler : 0.85763633
ParserTag : ParserTag is not exist in project code
