DB2400QueryHandler : 0.8489971
DataHandler : DataHandler is not exist in project code
OracleQueryHandler : 0.8452711
DB2QueryHandler : 0.8453152
QueryHandler : 0.78056985
AnsiQueryHandler : 0.7891191
PaginationTag : 0.88158256
AnsiDataHandler : 0.8322404
