VFSBrowser:0.7666666666666667
Abbrevs:0.33666666666666667
Expansion:0.21777777777777782
BrowserCommandsMenu:0.21666666666666667
