jEdit:0.1877767
AbstractOptionPane:0.039370842
OptionsDialog:0.014334487
