Mode:0.17294787
jEdit:0.078665644
OptionsDialog:0.024962833
AbstractOptionPane:0.019721083
