Region:0.38
Map:0.36777777777777776
TerrainGenerator:0.2966666666666667
InGameController:0.29
Canvas:0.2633333333333333
ServerRegion:0.22
InGameInputHandler:0.21333333333333335
