MIcon:0.36333333333333334
FeedViewer:0.32666666666666666
FeedsFS:0.30333333333333334
Favicon:0.2833333333333333
Info:0.25666666666666665
RSSChannel:0.18666666666666668
Atom10Channel:0.16
TestFavicon:0.06666666666666667
