SearchMatcher:0.5266666666666666
PatternSearchMatcher:0.48
SearchAndReplace:0.4533333333333333
HyperSearchRequest:0.16111111111111112
