GUI:0.66
CanvasMapEditorMouseListener:0.2733333333333333
CanvasMouseListener:0.2733333333333333
