MainWindow:0.5833333333333334
Desktop:0.58
Vars:0.5374444444444445
NoteWidgetPlugin:0.21833333333333332
LiveTutorial:0.2
GeneralSettings:0.17
