SchemaObject:0.6864444444444445
Tokens:0.6864444444444445
SchemaObjectSet:0.38
Schema:0.34
ParserDDL:0.30666666666666664
SchemaManager:0.2966666666666667
ReferenceObject:0.25333333333333335
StatementSchema:0.2377777777777778
StatementTypes:0.11833333333333333
