UI:0.77
MText:0.43333333333333335
MList:0.3566666666666667
MFontChooser:0.21888888888888886
Input:0.20777777777777778
MMessage:0.2
TagsEditor:0.18666666666666668
DateTimeDialog:0.17166666666666666
Editor:0.12666666666666668
MFontButton:0.12
