UnitContainer:0.39876655
Unit:0.3318676
Player:0.2983767
Tile:0.26840287
Goods:0.25870517
Map:0.18533254
FreeColGameObject:0.18430193
GoodsContainer:0.164757
Game:0.14804502
Location:0.09166543
ModelMessage:0.09107812
Locatable:0.062454738
Ownable:0.0612127
FoundingFather:0.010865402
