TestSchemaParse:0.5366666666666666
TestDatetimeSimple:0.36333333333333334
TestStressInsert:0.32666666666666666
TestBatchExecution:0.27666666666666667
TestLobs:0.19666666666666666
TestBase:0.17077777777777778
TriggerClass:0.08666666666666667
TestJDBCGeneratedColumns:0.043333333333333335
