FreeColGameObject:0.29253045
Player:0.11650746
Colony:0.07753086
Unit:0.076379865
GoodsContainer:0.07542763
Market:0.067606315
Building:0.0666296
Europe:0.061421324
Goods:0.04546345
IndianSettlement:0.045176405
Settlement:0.03330159
Ownable:0.01953773
LostCityRumour:0.016657233
