DiplomacyMessage:0.5233333333333333
InGameController:0.43
InGameInputHandler:0.36666666666666664
DiplomaticTrade:0.25333333333333335
AIInGameInputHandler:0.20444444444444446
GoodsTradeItem:0.13666666666666666
StanceTradeItem:0.12444444444444443
GoldTradeItem:0.10777777777777776
ColonyTradeItem:0.10444444444444444
UnitTradeItem:0.10444444444444444
