Tokens:0.57
HsqlDatabaseProperties:0.38333333333333336
StatementSchema:0.3233333333333333
Log:0.31333333333333335
ParserDDL:0.31
DatabaseURL:0.25333333333333335
Logger:0.21333333333333335
ScriptWriterText:0.2
ParserCommand:0.19
DataFileCache:0.1875
StatementCommand:0.18333333333333332
ScriptRunner:0.14666666666666667
ScriptReaderText:0.12333333333333334
StringConverter:0.10666666666666667
StatementTypes:0.056666666666666664
