Topic:0.5133333333333333
QueryHandler:0.44949999999999996
WikiCache:0.4033333333333333
DatabaseHandler:0.3933333333333333
DefaultQueryHandler:0.22
ServletUtil:0.15333333333333332
