JDBCStatement:0.46001026
JDBCResultSet:0.44029406
JDBCDatabaseMetaData:0.42715186
JDBCPreparedStatement:0.42696667
JDBCCallableStatement:0.4192318
JDBCClob:0.30647647
JDBCDriver:0.29727674
JDBCResultSetMetaData:0.29506788
JDBCArray:0.2925143
JDBCBlob:0.2621457
JDBCSQLXML:0.23839554
JDBCStatementBase:0.19480312
JDBCSavepoint:0.19057737
Util:0.17365654
JDBCParameterMetaData:0.16502169
JDBCNClob:0.12287096
JDBCConnectionEventListener:0.019499892
