TokenHandler:0.7200000000000001
DisplayTokenHandler:0.5333333333333333
TokenMarker:0.39666666666666667
ChunkCache:0.37666666666666665
DefaultTokenHandler:0.17
BufferPrintable:0.16333333333333333
FilesChangedDialog:0.15333333333333332
DummyTokenHandler:0.1162777777777778
