View:0.37666666666666665
Server:0.29333333333333333
DatabaseCommandInterpreter:0.2866666666666667
Database:0.2733333333333333
Parser:0.2733333333333333
TableWorks:0.24333333333333335
ServerConnection:0.21
