FreeColGameObjectType:0.30421567
Feature:0.22834608
Unit:0.10867665
SimpleCombatModel:0.09484367
Colony:0.09114449
Player:0.08739104
Modifier:0.082977064
TileType:0.0781929
Settlement:0.077233374
Ability:0.06790186
UnitType:0.06643997
IndianSettlement:0.05673148
Building:0.05228207
Tile:0.0476636
Market:0.04102794
FreeColObject:0.020568844
Turn:0.010941055
