WikiBase:0.7
WikiServlet:0.46
AdminController:0.26666666666666666
PrintableServlet:0.14333333333333334
