MarketTest:0.6033333333333334
FreeColTestCase:0.5766666666666667
AllTests:0.2866666666666667
