jEdit:0.12200352
UndoManager:0.11529915
Log:0.10316367
MiscUtilities:0.041318383
XmlParser:0.040984225
HandlerBase:0.02402477
XmlException:0.010959769
