Utilities:0.54
PersistencyHandler:0.45666666666666667
JAMWikiServlet:0.4033333333333333
EditServlet:0.19333333333333333
