Specification:0.46
FoundingFather:0.39666666666666667
Player:0.35555555555555557
