FreeColDialog:0.12413808
FreeColPanel:0.07843645
