GUIUtilities:0.7633333333333333
VFSFileChooserDialog:0.4066666666666667
MultiFileActionHandler:0.16333333333333333
