Filters:0.46
AlarmManager:0.38333333333333336
Summary:0.3433333333333333
FeedsConfigPanel:0.13333333333333333
CustomAdvancedPanel:0.13
