Topic:0.9366666666666666
JAMWikiServlet:0.5033333333333333
ImageUtil:0.43
UploadServlet:0.29333333333333333
