Database:0.54
Trace:0.49166666666666664
AllTests:0.31
TestSubselect:0.23
ServerConfiguration:0.22666666666666666
TestViewAsterisks:0.22666666666666666
ScaledRAFile:0.20666666666666667
TestTextTable:0.19
TestGroupByHaving:0.19
