Syntax:0.8733333333333333
SyntaxException:0.3433333333333333
SyntaxLayerUI:0.24666666666666667
