MainWindow:0.4166666666666667
Editor:0.37333333333333335
TaskTable:0.30666666666666664
MNotification:0.2966666666666667
CloseAction:0.2866666666666667
MTip:0.20444444444444446
BooleanRenderer:0.16
