Config:0.93
TreeFS:0.2833333333333333
Editor:0.15666666666666668
