BaseHashMap:0.124333106
ValuePoolHashMap:0.08660729
