MTable:0.059487857
ColumnManager:0.036559954
MMenu:0.030645512
MLabel:0.02793735
MRenderer:0.02523855
MMouseAdapter:0.020391641
Kiosk:0.011952753
Property:0.0077557457
BooleanProperty:0.00757611
MColor:0.0044781454
