SummaryData:0.25669745
SummaryPanel:0.09968573
