IEditor:0.072601125
EditorTextArea3:0.07032509
SegmentBuilder:0.05122249
MarkerController:0.048334025
EditorPopups:0.03325459
SegmentExportImport:0.022868304
AlphabeticalMarkers:0.02212512
DocumentFilter3:0.019105671
Document3:0.017467769
EditorSettings:0.01608144
TranslationUndoManager:0.015264783
EditorUtils:0.013716332
IEditorFilter:0.012575612
IPopupMenuConstructor:0.0066018873
SegmentHistory:0.0062493696
ViewLabel:0.0051963874
