FoldHandler:0.18416785
Buffer:0.120339334
PluginJAR:0.057097152
