FoldHandler:0.084568396
Buffer:0.062029593
