SummaryData:0.67
SummaryTree:0.47111111111111115
SummaryPanel:0.4166666666666667
