XLIFFDialect:0.10091333
EditXLIFFOptionsDialog:0.04062702
XLIFFOptions:0.032214552
