Unit:0.6233333333333333
Building:0.5866666666666667
SchoolTest:0.4
