MapTest:0.31333333333333335
MockModelController:0.30666666666666664
SchoolTest:0.2866666666666667
GoodsTest:0.26
UnitTest:0.25
FreeColTestCase:0.21666666666666667
PlayerTest:0.17
ColonyProductionTest:0.12666666666666668
BuildingTest:0.11666666666666667
GameTest:0.11
TileTest:0.08916666666666667
ModelMessageTest:0.08333333333333333
