MetaInfo:0.4556666666666666
Editor:0.43555555555555553
TaskList:0.38666666666666666
MTree:0.2633333333333333
TaskManager:0.26066666666666666
TreeSettings:0.215
DeskletLoader:0.2
AlarmManager:0.1511111111111111
Action:0.11
