Environment:0.7516666666666667
DateUtil:0.38
WikiSignatureTag:0.19666666666666666
