GoToMission:0.2115241
CompoundMission:0.20885393
ImprovementMission:0.20323448
AbstractMission:0.14011948
MissionManager:0.04776531
