IconLoader:0.40222222222222226
MIcon:0.38
ChartDialog:0.3077777777777778
MURLButton:0.25333333333333335
MTextFieldPanel:0.2402777777777778
TodoEditor:0.22
DoneComponent:0.22
Browser:0.21944444444444447
FeedViewer:0.19666666666666666
LookAndFeelSettings:0.17333333333333334
DefaultIconLoader:0.16333333333333333
TangoIconLoader:0.11
IconSizePreview:0.1
StatsDialog:0.08333333333333333
IconTheme:0.056666666666666664
