PluginManager:0.79
PluginSettings:0.44666666666666666
PluginEvent:0.43333333333333335
