FreeColProgressBar:0.7166666666666667
ColonyPanel:0.49666666666666665
ReportReligiousPanel:0.15333333333333332
ReportContinentalCongressPanel:0.13666666666666666
