Player:0.6833333333333333
Messages:0.34
InGameController:0.31
BuildColonyMessage:0.24
MapGenerator:0.21
InGameInputHandler:0.20666666666666667
BuildColonyMission:0.19
SettlementTransform:0.12333333333333334
