UI:0.7482777777777778
ActionGroup:0.3938888888888889
