OS:0.4666666666666667
AbstractMarkupBuilder:0.31
OpenSearchDescription:0.27666666666666667
TagsUtils:0.20666666666666667
Content:0.20666666666666667
