ClientOptions:0.8838888888888887
MapControls:0.6166666666666667
