Unit:0.37721875
Location:0.35846654
Goods:0.3321062
Settlement:0.22641994
ColonyTile:0.20931363
Europe:0.19415021
Building:0.18137375
Colony:0.17107514
Tile:0.15712099
IndianSettlement:0.117109016
