DisbandUnitAction:0.33821917
SkipUnitAction:0.33534804
WaitAction:0.33367854
ReportForeignAction:0.3246911
PreferencesAction:0.28339255
ReconnectAction:0.28291956
AboutAction:0.2823928
ReportHighScoresAction:0.28108644
FortifyAction:0.28101513
ReportContinentalCongressAction:0.2808838
ShowGameOptionsAction:0.2798907
SentryAction:0.27983016
ReportReligionAction:0.2795265
MapEditorAction:0.27897248
ReportEducationAction:0.27868128
ReportHistoryAction:0.27850285
ReportMilitaryAction:0.27831602
ShowDifficultyAction:0.2781057
ReportNavalAction:0.2779145
ReportExplorationAction:0.27784556
ReportCargoAction:0.27775356
ReportRequirementsAction:0.27758673
ReportTurnAction:0.27753767
ReportProductionAction:0.27747092
ReportIndianAction:0.27745506
ReportTradeAction:0.27741334
OpenAction:0.2773076
ReportColonyAction:0.27692673
QuitAction:0.27537084
NewAction:0.27380982
MiniMapZoomOutAction:0.27358112
MiniMapZoomInAction:0.26875556
ToggleViewModeAction:0.24704958
DisplayGridAction:0.24665724
DisplayBordersAction:0.24604835
ZoomOutAction:0.24331026
ShowMapGeneratorOptionsAction:0.24232845
ClearOrdersAction:0.24135095
ZoomInAction:0.24131614
TilePopupAction:0.24104095
FindSettlementAction:0.24047546
RenameAction:0.23977803
TradeRouteAction:0.23970717
CenterAction:0.23875046
MoveAction:0.23809588
RetireAction:0.23718835
ChatAction:0.23554419
ReportLabourAction:0.2353355
DebugAction:0.23507363
ContinueAction:0.23450819
ImprovementAction:0.2341103
SaveAndQuitAction:0.2336331
SaveAction:0.23163752
BuildColonyAction:0.22814555
UnloadAction:0.21066283
DeclareIndependenceAction:0.21020395
ChangeWindowedModeAction:0.20980036
ColopediaAction:0.20822158
GotoTileAction:0.20814285
ExecuteGotoOrdersAction:0.20715232
GotoAction:0.20685475
MapControlsAction:0.20588209
AssignTradeRouteAction:0.20415522
EndTurnAction:0.20370932
EuropeAction:0.20009944
ShowMainAction:0.19031173
NewEmptyMapAction:0.18260856
FreeColAction:0.17594372
LoadAction:0.16690649
ScaleMapAction:0.1590316
DisplayTileTextAction:0.15735722
DetermineHighSeasAction:0.15187736
ChangeAction:0.1284692
