ActionManager:0.2492454
FreeColAction:0.13548544
