ModOption:0.3051756
OptionGroup:0.25364763
AbstractOption:0.23704994
UnitListOption:0.13555263
ModListOption:0.124026045
Option:0.10170876
