AbstractOption:0.31073558
BooleanOption:0.21712482
ListOption:0.21229216
ModOption:0.21189965
IntegerOption:0.20287713
AbstractUnitOption:0.19860622
StringOption:0.19599685
UnitTypeOption:0.17068943
ModListOption:0.15180399
UnitListOption:0.15180393
Option:0.1365665
