ActionManager:0.37942874
MapControlsAction:0.31876904
MapboardAction:0.2748891
