MSmallColorChooser:0.7482777777777778
DesktopSettings:0.35555555555555557
