Buffer:0.5466666666666666
jEdit:0.4866666666666667
JEditTextArea:0.38
BufferChangeListener:0.32600793650793647
FirstLine:0.2866666666666667
ChunkCache:0.24666666666666667
BufferChangeHandler:0.22638888888888886
BufferChangeAdapter:0.22166666666666668
SearchAndReplace:0.22
EditServer:0.19333333333333333
DisplayManager:0.16333333333333333
ScrollLineCount:0.051666666666666666
