TransportMission:0.6427777777777778
SwingTask:0.43
ImageResource:0.4166666666666667
