FeedsFS:0.6333333333333333
PropertiesCompiler:0.3566666666666667
ArchiveOptions:0.3
FeedsConfigPanel:0.11666666666666667
