OutputFormat:0.16825111
Drawing:0.046522323
Figure:0.046294946
AttributeKeys:0.031947937
AttributeKey:0.017758684
