MCellTip:0.10013087
MTable:0.07145703
MMouseAdapter:0.07012686
MWhatsThis:0.06912981
Watermark:0.06658145
UI:0.05434242
MSettingsDialog:0.047164254
MAboutDialog:0.044397853
MAction:0.041519616
MTree:0.029616514
MWebBrowserPanel:0.010329384
Flags:0.007447088
