Specification:0.4372222222222223
SelectOption:0.42333333333333334
OptionGroup:0.32666666666666666
