ActionManager:0.5142066
MapboardAction:0.44431108
