JFlexTagItem:0.8133333333333334
Utilities:0.4533333333333333
AbstractJAMWikiLexer:0.33666666666666667
