EditorTextArea3:0.5841666666666666
SearchWindowForm:0.37333333333333335
EntryInfoPane:0.36833333333333335
