JEditBuffer:0.3566666666666667
FoldHandler:0.28611111111111115
IndentFoldHandler:0.26
