IndianSettlement:0.6733333333333333
InGameInputHandler:0.3333333333333333
InGameController:0.2966666666666667
