Editor:0.06648337
EditorImport:0.04451792
EditorExport:0.006664623
