ImageLibrary:0.8766666666666667
TilePanel:0.2833333333333333
