MAction:0.8333333333333334
MDate:0.4155555555555555
MDateSpinner:0.35333333333333333
HelpGenerator:0.2811111111111111
HelpAction:0.20333333333333334
