FS:0.7766666666666666
MetaInfo:0.42333333333333334
VersionInfo:0.25
Tester:0.23
VersionPanel:0.22666666666666666
FSHelper:0.21333333333333335
