Unit:0.6533333333333333
Modifier:0.4033333333333333
Tile:0.39
ColopediaPanel:0.23333333333333334
FreeColDialog:0.19333333333333333
