Tile:0.6666666666666666
TileItemContainer:0.39166666666666666
TileTest:0.2
