ListSelectionValidator:0.46
TextComponentValidator:0.36666666666666664
NotEmptyValidator:0.2733333333333333
