FileUtil:0.52
RemoteRepositoryProviderTest:0.26666666666666666
FileUtilTest:0.19666666666666666
XLIFFFilterTest:0.18
TestTeamIntegration:0.17222222222222222
ConvertProject26to37team:0.17
ProjectFileStorageTest:0.12333333333333334
PreferencesTest:0.11666666666666667
TestCore:0.1
