SimpleLog:0.44333333333333336
DatabaseCommandInterpreter:0.27666666666666667
Logger:0.27
SchemaManager:0.26
DataFileCache:0.23833333333333334
DataFileBlockManager:0.15
ScriptRunner:0.12333333333333334
