Types:0.345
Expression:0.34
DatabaseCommandInterpreter:0.32
HsqlDateTime:0.27666666666666667
Select:0.23333333333333334
TestStressInsert:0.22611111111111115
jdbcConnection:0.20805555555555558
Util:0.18
DatabaseScript:0.16333333333333333
