Unit:0.8666666666666667
InGameController:0.3
InGameInputHandler:0.26666666666666666
ReportTurnPanel:0.17333333333333334
