EditPane:0.13283809
jEdit:0.06933528
Java14:0.063843444
Buffer:0.030415732
