MainWindow:0.6466666666666666
Note:0.28
ImportExport:0.26666666666666666
