TarGenerator:0.107374586
TarReader:0.106337704
RB:0.04802668
TarMalformatException:0.0016023164
