NodeAVLDisk:0.526629
NodeAVLDiskLarge:0.4612256
IndexAVLMemory:0.2717896
IndexAVL:0.2480601
Index:0.075996384
