RowInputBinary:0.58947384
RowInputText:0.36190823
RowInputTextLog:0.3276266
