HsqlNameManager:0.46066707
SchemaManager:0.24715394
SchemaObject:0.17650455
StatementSchema:0.17136356
SchemaObjectSet:0.16192128
ParserDDL:0.13892657
Table:0.10826173
Routine:0.103408515
Database:0.092146754
StatementCommand:0.078159265
ParserRoutine:0.06487115
ParserDQL:0.06049242
StatementDMQL:0.05178875
TransactionManagerCommon:0.040904664
StatementSet:0.032242674
QuerySpecification:0.031518146
StatementDML:0.031179983
TransactionManagerMVCC:0.0049909465
