StatementHandler:0.04003883
Statement:0.037767217
StatementSession:0.033182804
ParserDDL:0.031982914
StatementSchema:0.031819023
StatementCommand:0.030287541
StatementCompound:0.028515132
StatementSet:0.027560534
Session:0.027014326
TriggerDef:0.026944345
StatementDML:0.026770199
StatementDMQL:0.025948554
StatementSimple:0.025660288
StatementResultUpdate:0.025032058
StatementInsert:0.024705961
ParserCommand:0.024520095
StatementQuery:0.024336249
StatementExpression:0.02369501
ParserDML:0.022629919
View:0.022020895
ParserRoutine:0.021712985
StatementProcedure:0.021670006
StatementSchemaDefinition:0.020203866
ParserDQL:0.019287823
