StatementHandler:0.31617647
Routine:0.245765
StatementSimple:0.2330807
ParserRoutine:0.21738142
StatementDMQL:0.2105663
Table:0.19773337
ParserDDL:0.19094318
StatementExpression:0.17396715
QueryExpression:0.16660789
Statement:0.15318327
RangeVariable:0.15236394
SessionContext:0.14698629
Session:0.10986983
StatementQuery:0.10919733
ColumnSchema:0.09959003
HsqlNameManager:0.08926376
StatementCursor:0.07899089
SchemaObject:0.07356446
StatementTypes:0.056731753
HsqlException:0.036532044
ColumnBase:0.0117145665
RangeGroup:0.010841887
Tokens:0.0
