UnloadAction:0.29844004
MiniMapZoomOutAction:0.124502204
MiniMapZoomInAction:0.12450218
SelectableAction:0.08930118
ActionManager:0.08278493
