LinkTag:0.44666666666666666
ImageLinkTag:0.22666666666666666
LinkParamTag:0.19333333333333333
RadioTag:0.18666666666666668
TextTag:0.18666666666666668
CheckboxTag:0.18666666666666668
WatchlistTag:0.17666666666666667
PaginationTag:0.12666666666666668
