FeedViewer:0.5016666666666667
EditorNavigation:0.32066666666666666
UnreadFilter:0.21666666666666667
NewFilter:0.21666666666666667
ImportMenu:0.21666666666666667
AbstractNavigationAction:0.21
NavigationUtils:0.16666666666666666
ImportFolderAction:0.16
HelpAction:0.15
GoToUnreadAction:0.09333333333333334
GoToNewAction:0.09333333333333334
