Buffer:0.55
jEdit:0.46
JEditTextArea:0.43666666666666665
GUIUtilities:0.3933333333333333
StyleEditor:0.24
SearchAndReplace:0.23
AbbrevsModel:0.22666666666666666
BeanShell:0.22
EditPane:0.21333333333333335
Macros:0.21333333333333335
FileVFS:0.20333333333333334
DockableWindowManager:0.19
TextAreaPainter:0.18333333333333332
MarkerHighlight:0.18333333333333332
Gutter:0.18333333333333332
MouseHandler:0.1775
TextAreaHighlight:0.17422222222222225
BufferOptions:0.16666666666666666
BrowserJTree:0.16666666666666666
AbbrevEditor:0.16333333333333333
Entry:0.13333333333333333
WindowHandler:0.12333333333333334
AddAbbrevDialog:0.09666666666666666
HyperSearchResults:0.07833333333333334
AbbrevsOptionPane:0.06666666666666667
ActionHandler:0.06
EditAbbrevDialog:0.013333333333333334
TreeSelectionHandler:0.0025
SelectionHandler:0.0
