FSHelper:0.4241666666666667
MetaInfoComparator:0.39
TreePanel:0.3233333333333333
HitComparator:0.23333333333333334
SortAction:0.21
SortComparator:0.14666666666666667
