QueryHandler:0.37123412698412694
TopicVersion:0.36333333333333334
AdminServlet:0.35333333333333333
DeleteServlet:0.32
DefaultQueryHandler:0.31666666666666665
RecentChange:0.31166666666666665
FileHandler:0.26666666666666666
PersistencyHandler:0.23333333333333334
DatabaseHandler:0.19
