MRating:0.55
PropertiesPanel:0.39
PropertiesBar:0.27666666666666667
MIndicator:0.20416666666666666
