Building:0.5366666666666666
UnitType:0.49333333333333335
BuildingType:0.37333333333333335
