LocationBar:0.2674839
ImportExport:0.18166941
ItemRenderer:0.15659761
TreePanel:0.15323943
PropertiesPanel:0.123810254
TreeSettings:0.09395292
