PerspectiveManager:0.057406805
jEdit:0.03995763
Log:0.032610454
Buffer:0.021506079
