SchemaObject:0.57
Error:0.44333333333333336
ParserDQL:0.39666666666666667
ErrorCode:0.3765555555555556
TableUtil:0.30333333333333334
ExpressionColumn:0.29333333333333333
ParserBase:0.2633333333333333
RangeVariable:0.23333333333333334
QueryExpression:0.23333333333333334
Scanner:0.23
SubQuery:0.21666666666666667
CompileContext:0.21333333333333335
View:0.21
QuerySpecification:0.19
ScriptReaderText:0.18666666666666668
