Tracker:0.49333333333333335
Tree:0.4905555555555555
VersionInfo:0.38666666666666666
