KeywordMap:0.23078212
TextUtilities:0.13432392
JEditTextArea:0.11719426
View:0.093055815
Buffer:0.086374655
TextAreaPainter:0.041125357
GUIUtilities:0.021886472
MiscUtilities:0.016432647
KeyEventWorkaround:0.012496631
