jEdit:0.04157779
MiscUtilities:0.013013147
Log:0.009923135
