InstallPluginsDialog:0.27017924
PluginListDownloadProgress:0.2268491
PluginList:0.16205658
VFSBrowser:0.15760452
ErrorListDialog:0.14511201
EditPlugin:0.13079515
jEdit:0.11648274
PluginManagerProgress:0.11419682
GUIUtilities:0.091905236
Roster:0.07262739
MiscUtilities:0.06208784
JCheckBoxList:0.04735286
EnhancedDialog:0.018637078
