Expression:0.5933333333333334
ExpressionLogical:0.5033333333333333
ParserDQL:0.4083333333333333
