AbbrevEditor:0.1514268
Abbrevs:0.09989377
jEdit:0.07815363
GUIUtilities:0.06674426
View:0.05264043
Buffer:0.035260044
Mode:0.015697649
