StyleEditor:0.113430835
GutterOptionPane:0.068656094
TextAreaOptionPane:0.053026248
GUIUtilities:0.04730432
StatusBarOptionPane:0.045973618
EnhancedDialog:0.032065656
jEdit:0.026761308
OperatingSystem:0.0075268648
