AbbrevsOptionPane:0.20480564
AbbrevEditor:0.14212744
jEdit:0.046584576
