PluginManager:0.20394665
VFSManager:0.060211137
jEdit:0.047452223
ErrorListCellRenderer:0.046730418
EnhancedDialog:0.017427422
Log:0.016729338
