DockableWindowManager:0.20727977
DockableWindowContainer:0.09305568
GUIUtilities:0.031237219
