DefaultInputHandler:0.17028894
ShortcutsOptionPane:0.09009848
KeyEventWorkaround:0.07168459
jEdit:0.048660036
Buffer:0.047248874
GUIUtilities:0.046278432
Log:0.014552791
