jEdit:0.02705967
Log:0.009445023
