jEdit:0.06496147
View:0.026361909
MiscUtilities:0.018810108
Log:0.015165959
EnhancedDialog:0.010071701
