Mode:0.15094289
jEdit:0.11583576
AbstractOptionPane:0.04358773
OptionsDialog:0.035453845
