Gutter:0.75
EditPane:0.41
GutterPopupHandler:0.28272619047619046
MouseHandler:0.21333333333333335
GutterOptionPane:0.15333333333333332
