View:0.81
EditPane:0.44666666666666666
VarCompressor:0.19333333333333333
