UI:0.8566666666666667
IconLoader:0.3333333333333333
DefaultPreview:0.29333333333333333
