PropertiesBar:0.7
TagsUtils:0.6166666666666667
TestXML:0.3466666666666667
