XMLStreamReader:0.48333333333333334
AntiCRInputStream:0.43333333333333335
FileHandler:0.33
ResourceBundleFileHandler:0.29333333333333333
