ProductionLabel:0.5066666666666667
MarketLabel:0.42
AbstractGoodsLabel:0.29333333333333333
GoodsLabel:0.25333333333333335
