Player:0.7066666666666667
TradeRoute:0.6466666666666666
Canvas:0.3566666666666667
TradeItem:0.29333333333333333
FreeColMenuBar:0.22333333333333333
TradeRouteDialog:0.21666666666666667
PersistentObject:0.16
GoodsTradeItem:0.10666666666666667
GoldTradeItem:0.10333333333333333
UnitTradeItem:0.10333333333333333
ColonyTradeItem:0.10333333333333333
ActionManager:0.1
TradeRouteAction:0.09333333333333334
StanceTradeItem:0.03
