MCellTip:0.5266666666666666
MButton:0.49666666666666665
PopupContent:0.29333333333333333
ArticleList:0.25
