MIconChooser:0.063326254
MButton:0.057169776
MApplication:0.05317006
MLabel:0.044602446
Ico:0.038928602
UI:0.038016457
HTMLViewFactory:0.03782479
MAction:0.037645463
MRating:0.034304887
ImageBorder:0.032529145
MSystemTray:0.031998992
TK:0.0306052
MSizeGrip:0.030575667
MColorIcon:0.030106502
MAboutDialog:0.02926479
MStatusBar:0.027938772
MSettingsPage:0.022843955
MDialog:0.022696774
MMessage:0.021905024
MToolBar:0.02026202
MTabbedPane:0.017425356
MFileChooser:0.016365271
MMenu:0.015862994
MLogger:0.01566973
Item:0.015200888
MTip:0.014474065
Base64:0.014459765
MSettingsDialog:0.014415627
MNotification:0.014232418
MArrayList:0.012450362
MRenderer:0.010957968
MThrobber:0.010779809
MInternalFrame:0.010535177
MTable:0.009900589
MCalendarPanel:0.00926347
MMultiPanel:0.008961592
MActionInfo:0.008834672
MFontChooser:0.008689909
MWizardDialog:0.008401034
MPasswordPanel:0.00815952
MColorChooser:0.007841862
Property:0.007466063
BadIcoResException:0.006645575
CoolHeader:0.006424583
MToggleButton:0.0056649973
MTextFieldPanel:0.005656071
IntegerProperty:0.0044217994
BackgroundTaskManager:0.0044074757
MMenuItem:0.004339588
