OpenXMLOptions:0.06945102
OpenXMLFilter:0.06883835
