TextUtils:0.07836279
Editor:0.05689154
