Widget:0.6766666666666666
MSettingsDialog:0.43666666666666665
AbstractClockWidget:0.19333333333333333
