JAMWikiServlet:0.4866666666666667
FileHandler:0.44333333333333336
Utilities:0.41333333333333333
AdminServlet:0.29
PersistencyHandler:0.22333333333333333
DatabaseHandler:0.20777777777777778
EditServlet:0.17
LoginServlet:0.14333333333333334
AbstractWikiMembers:0.12333333333333334
RegisterServlet:0.05
