BuildingSiteToolTip:0.09882054
ReportContinentalCongressPanel:0.078398205
ReportReligiousPanel:0.055333484
