Location:0.64
TodoWidget:0.43
Language:0.28888888888888886
GuessLocationAction:0.24666666666666667
