TK:0.9166666666666666
TextEditor:0.31
MTreeScanner:0.26222222222222225
