ClientOptionsDialog:0.33
MapGeneratorOptionsDialog:0.33
GameOptionsDialog:0.33
OptionUpdater:0.24233333333333335
OptionMapUI:0.18666666666666668
OptionGroupButton:0.16
OptionGroupUI:0.13666666666666666
FreeColActionUI:0.10166666666666667
FileOptionUI:0.08
SelectOptionUI:0.08
BooleanOptionUI:0.08
IntegerOptionUI:0.08
