EuropePanel:0.100181766
UnitLabel:0.084952466
ColonyPanel:0.08097961
CargoPanel:0.078423254
TradeRouteInputDialog:0.032317813
FreeColPanel:0.017690308
MarketLabel:0.017159656
AbstractGoodsLabel:0.012995736
GoodsLabel:0.012073268
