Option:0.57
Messages:0.36
FreeColClient:0.31333333333333335
MapGeneratorOptions:0.29
FreeCol:0.2733333333333333
PreGameController:0.26666666666666666
OptionMap:0.22333333333333333
SelectOption:0.21333333333333335
FreeColMenuBar:0.20333333333333334
GameOptionsDialog:0.15666666666666668
ActionManager:0.14
ClientOptions:0.13
SelectOptionUI:0.11666666666666667
GameOptions:0.11
