Canvas:0.46
Monarch:0.38666666666666666
FreeColDialog:0.31666666666666665
InGameInputHandler:0.27
MonarchPanel:0.22333333333333333
TilePanel:0.21944444444444447
Addition:0.21
InGameController:0.1741111111111111
AIInGameInputHandler:0.11444444444444443
FreeColLookAndFeel:0.11
