ErrorCode:0.7633333333333333
RangeVariable:0.3933333333333333
Session:0.38
RowSetNavigator:0.30666666666666664
QuerySpecification:0.28833333333333333
StatementDMQL:0.26666666666666666
ParserDQL:0.23333333333333334
Logger:0.22333333333333333
FunctionSQLInvoked:0.22
RowSetNavigatorDataTable:0.20666666666666667
ParserRoutine:0.2
StatementSet:0.2
RowSetNavigatorData:0.19666666666666666
RowSetNavigatorClient:0.19666666666666666
ParserTable:0.18
RangeVariableJoined:0.17
StatementQuery:0.14
ParserDML:0.12666666666666668
