MAction:0.5433333333333333
MSmallColorButton:0.4266666666666667
FilterDialog:0.3433333333333333
TreePanel:0.3416666666666667
