Preferences:0.7233333333333334
PatternConsts:0.30333333333333334
PreferencesXML:0.27666666666666667
MatchesTextArea:0.23
TagProcessingOptionsDialog:0.18666666666666668
WorkflowOptionsDialog:0.18
IPreferences:0.17638888888888887
