Back:0.5230478
Body:0.501608
Martif:0.30974096
ObjectFactory:0.02917786
