NotepadEditorCore:0.047045007
NotepadEditorPlugin:0.008328207
