MSettingsDialog:0.8166666666666667
PluginList:0.22311111111111112
