Utilities:0.6566666666666666
UtilitiesTest:0.31666666666666665
JFlexParserUtil:0.29
TemplateTag:0.25666666666666665
