MMessage:0.5433333333333333
Tabs:0.49
LinkEditor:0.24333333333333335
Backup:0.21666666666666667
