Factory:0.21026772
PropertyPanel:0.089157425
