Player:0.6033333333333334
Unit:0.5866666666666667
MapGenerator:0.4066666666666667
IndianSettlement:0.35
