Tile:0.22828546
Europe:0.22336115
Player:0.21290745
Colony:0.20914678
Settlement:0.20342003
Building:0.19151609
ColonyTile:0.17893526
Goods:0.17653137
IndianSettlement:0.1759545
SimpleCombatModel:0.16699144
DefaultCostDecider:0.15575986
Map:0.15150744
TileImprovement:0.102934174
UnitType:0.09440772
TradeRoute:0.08814802
TileImprovementType:0.08632548
PathNode:0.08568769
Market:0.08561224
ModelMessage:0.08122992
GoodsContainer:0.07196225
EquipmentType:0.071369834
Locatable:0.067799516
Location:0.06767405
CostDecider:0.063273475
ModelController:0.057027873
WorkLocation:0.045685377
FreeColGameObject:0.037003793
Game:0.036852136
GoodsType:0.035728954
TileType:0.03322683
FeatureContainer:0.032534156
GoodsTradeItem:0.032452293
GoalDecider:0.031839628
FreeColGameObjectType:0.02977589
FreeColObject:0.029005677
Ownable:0.028827582
UnitTradeItem:0.028218726
AbstractGoods:0.024785094
Modifier:0.0236956
BuildableType:0.020671906
CombatModel:0.020660808
Tension:0.018850295
GameOptions:0.018110897
Ability:0.015763214
Feature:0.015098335
Nameable:0.007973171
FreeColGameObjectListener:0.0017880856
