Tabs:0.7566666666666667
Tree:0.69
Vars:0.39533333333333337
