DockableWindowManager:0.42
PanelWindowContainer:0.29
ButtonLayout:0.23722222222222225
GlobalOptions:0.15333333333333332
AppearanceOptionPane:0.13333333333333333
FloatingWindowContainer:0.11
MouseHandler:0.023333333333333334
ActionHandler:0.023333333333333334
