Player:0.0844338
Building:0.038189434
Unit:0.011339403
IndianSettlement:0.011172524
Tile:0.008659184
Monarch:0.007785684
Europe:0.0074345754
Colony:0.0062763067
