FreeColDialog:0.22994097
EventPanel:0.21978377
