JDBCPreparedStatement:0.6327801
JDBCResultSet:0.6006921
JDBCConnection:0.5501546
JDBCDatabaseMetaData:0.5477597
JDBCStatementBase:0.42481062
JDBCResultSetMetaData:0.40523088
Util:0.21059802
