RowSetNavigator:0.4091357
RowIterator:0.07260088
