Log:0.5533333333333333
jdbcResultSet:0.5266666666666666
Logger:0.25666666666666665
TestCacheSize:0.255
jdbcDatabaseMetaData:0.24666666666666667
ConnectionDialogCommon:0.21333333333333335
Server:0.20744444444444443
CompiledStatementExecutor:0.17666666666666667
LogSyncRunner:0.1411111111111111
