AbstractFS:0.47
FeedsFS:0.36333333333333334
PluginDownloader:0.22333333333333333
StatsPanel:0.18333333333333332
TreeFS:0.1577777777777778
