Buffer:0.5833333333333334
jEdit:0.5333333333333333
BufferOptionPane:0.3
ActionHandler:0.17
GeneralOptionPane:0.16666666666666666
BufferOptions:0.12666666666666668
