ResourceManager:0.8866666666666667
SignaturePanel:0.30333333333333334
FreeColLookAndFeel:0.2833333333333333
ResourceFactory:0.16666666666666666
