MButton:0.5633333333333334
Action:0.4633333333333333
ArchiveOptions:0.2
FeedsFSPlugin:0.18666666666666668
Links:0.18666666666666668
HelpGenerator:0.16
FullScreenAction:0.13333333333333333
MColorChooserDialog:0.12333333333333334
PluginSettingsTab:0.10666666666666667
EmailAction:0.09666666666666666
UpdatePanel:0.07333333333333333
