ColumnManager:0.4066666666666667
ColumnInfo:0.4
AbstractListTableModel:0.36333333333333334
Model:0.21
ArticleList:0.15333333333333332
