ArchiveItem:0.72
Archive:0.43333333333333335
ArchiveChannel:0.30666666666666664
