MainWindowMenu:0.17912388
IMainWindow:0.012155279
MainWindow:0.0072744573
ConsoleWindow:0.005984092
