Tile:0.32884607
Colony:0.32382292
Unit:0.316018
IndianSettlement:0.2811018
Europe:0.24359167
Market:0.22039181
Settlement:0.21636479
ColonyTile:0.20867153
Building:0.20371942
Map:0.15736605
ModelMessage:0.15484942
Game:0.15293388
Goods:0.14900039
TradeRoute:0.13804147
SimpleCombatModel:0.12996733
Monarch:0.12925792
GoodsContainer:0.12786649
FreeColGameObject:0.12704712
FoundingFather:0.12298034
TileImprovement:0.12016688
TileItemContainer:0.11989747
Resource:0.11607968
ModelController:0.0975171
Region:0.09332757
MarketData:0.09281575
GoodsType:0.08486242
UnitType:0.0843214
FreeColGameObjectType:0.083501145
DiplomaticTrade:0.069757506
FreeColObject:0.06693258
Nation:0.06577487
ColonyTradeItem:0.0634711
Location:0.05901662
GoodsTradeItem:0.05835083
UnitTradeItem:0.05702576
FeatureContainer:0.056297977
StanceTradeItem:0.05461567
Modifier:0.05330295
GameOptions:0.053227916
WorkLocation:0.05192121
AbstractGoods:0.05097768
GoldTradeItem:0.048770152
BuildingType:0.048007865
AbstractUnit:0.046257272
NationType:0.04397695
Ability:0.038604856
Tension:0.036643192
TradeItem:0.03508057
Ownable:0.02979581
Feature:0.02020172
DifficultyLevel:0.017409775
Nameable:0.010454606
Turn:0.008643733
FreeColGameObjectListener:0.0060960427
