JEditTextArea:0.4755555555555555
View:0.24333333333333335
MouseHandler:0.23222222222222225
DisplayManager:0.22066666666666668
RingListModel:0.14666666666666667
