Topic:0.6466666666666666
DatabaseHandler:0.29333333333333333
FileHandler:0.29333333333333333
EditServlet:0.2633333333333333
AbstractNotify:0.14666666666666667
AttachServlet:0.14
SaveAttachmentServlet:0.13666666666666666
DiffServlet:0.11333333333333333
RSSServlet:0.08666666666666667
