FeedComponentBeanInfo:0.06691374
Feed:0.038938142
AbstractChannel:0.021622265
FeedUtils:0.019516625
FeedListException:0.007964812
