LinkEditorPlugin:0.050398167
Link:0.023618747
