MTextArea:0.10987873
MText:0.10190268
MHTMLViewer:0.09774925
MURLButton:0.08863065
MWebBrowserPanel:0.062428758
MMainWindow:0.041313726
MMenu:0.029837264
TK:0.029488707
UI:0.01594251
Property:0.015572051
MLogger:0.013560095
BooleanProperty:0.008837471
MTextPaneBeanInfo:0.0023126008
Kiosk:0.0021381872
