MButton:0.6533333333333333
PluginDownloader:0.37666666666666665
MToolBar:0.26
CompletionWindow:0.25666666666666665
