PropertyPanel:0.37666666666666665
MPanel:0.36333333333333334
MScrollPane:0.25333333333333335
MDateSpinner:0.22666666666666666
Wrapper:0.22
HorizontalWrapper:0.15666666666666668
StaticFocusHandler:0.10333333333333333
DatePropertyEditorButton:0.056666666666666664
