MetaInfo:0.9533333333333334
CategoryListRenderer:0.29
ItemRenderer:0.23666666666666666
Query:0.23555555555555557
PropertiesPanel:0.2288888888888889
