ServerAPI:0.15313548
DOMMessage:0.10888202
Connection:0.043810092
