ServerAPI:0.18095607
DOMMessage:0.12703632
Connection:0.04635917
