ServerAPI:0.16078678
DOMMessage:0.15980527
Connection:0.047693223
