ServerAPI:0.1656898
DOMMessage:0.11090624
Connection:0.04150503
