CreateMissionAtSettlementGoal:0.65265983
Goal:0.42427012
GoalConstants:0.002707354
