ServerAPI:0.19178313
DOMMessage:0.18217576
Connection:0.061106242
