ServerAPI:0.14736055
DOMMessage:0.11575825
Connection:0.044892672
