Modifier:0.5683333333333334
Ability:0.4033333333333333
ModifierTest:0.25333333333333335
