Tile:0.5533333333333333
Map:0.4166666666666667
MapGenerator:0.3466666666666667
Position:0.3433333333333333
