ImageLibrary:0.5366666666666666
ResourceManager:0.5
ResourceMapping:0.36333333333333334
