WikiUtil:0.1295374
WikiLogger:0.12115929
LinkUtil:0.055758476
SpamFilter:0.04335652
InterWikiHandler:0.032761045
