MProgressIcon:0.5666666666666667
FeedsFSPlugin:0.4816666666666667
EraserTool:0.36666666666666664
