jdbcPreparedStatement:0.33447942
jdbcResultSet:0.2674546
jdbcUtil:0.10221673
