Server:0.47001612
ServerConfiguration:0.2622716
WebServerConnection:0.16546941
ServerConstants:0.13146676
HsqlProperties:0.09766011
