GUI:0.17999482
Canvas:0.13989851
FreeColMenuTest:0.118829675
