MColorPicker:0.43666666666666665
MSmallColorChooser:0.43333333333333335
PropertyPanel:0.35
PropertiesBar:0.23333333333333334
TextEditorDesigner:0.21
MColorChooser:0.2
ColorComponent:0.19333333333333333
ImageEditorDesigner:0.19
ColorAction:0.12
StaticPropertyHandler:0.11333333333333333
ColorPaletteMenuAdapter:0.07333333333333333
