Cache:0.4866666666666667
DatabaseRowOutput:0.29
DatabaseRowInput:0.265
DataFileCache:0.2633333333333333
BinaryServerRowInput:0.26
HSQLClientConnection:0.25333333333333335
jdbcPreparedStatement:0.21333333333333335
TextCache:0.2030952380952381
TestCacheSize:0.19666666666666666
ServerConnection:0.1877777777777778
TestTextTables:0.1877777777777778
BaseHashIterator:0.16333333333333333
HsqlByteArrayOutputStream:0.15666666666666668
BaseListIterator:0.15
BinaryServerRowOutput:0.12333333333333334
