Message:0.097716466
Connection:0.023020497
