Message:0.045968194
Connection:0.01714521
