Message:0.039110217
Connection:0.012491422
