Message:0.05432882
Connection:0.019251572
