Message:0.09717997
Connection:0.022123734
