ProjectProperties:0.5866666666666667
ProjectFileStorage:0.36666666666666664
CommandThread:0.24666666666666667
ProjectUICommands:0.24333333333333335
IDataEngine:0.235
MainWindowMenuHandler:0.22666666666666666
ProjectPropertiesDialog:0.21
