TileItemContainer:0.7666666666666667
TerrainGenerator:0.33
AllTests:0.19
TileItemContainerTest:0.16333333333333333
