AbstractApplicationModel:0.5833333333333334
ApplicationModel:0.3466666666666667
LoadDirectoryAction:0.15333333333333332
OpenDirectoryAction:0.15333333333333332
