HyperSearchFileNode:0.78
HyperSearchRequest:0.35333333333333333
ResultCellRenderer:0.2237301587301587
