Colony:0.4533333333333333
ModelMessage:0.4384444444444445
Canvas:0.33666666666666667
InGameController:0.3
Building:0.21833333333333332
ClientOptions:0.15333333333333332
