MapGenerator:0.7269444444444445
SimpleMapGenerator:0.5333333333333333
NewEmptyMapAction:0.31333333333333335
MockMapGenerator:0.20333333333333334
