UnitLabel:0.2746344
InfoPanel:0.15894715
MiniMap:0.07161143
