PropertiesBar:0.13874283
TreePanel:0.10958504
AdvancedProperties:0.06291321
Tree:0.05680995
