MIcon:0.8433333333333334
MRating:0.25333333333333335
MAuthenticator:0.23666666666666666
CreateReflectionAction:0.15
