Tile:0.51
Settlement:0.45
PlayerExploredTile:0.31333333333333335
ServerPlayer:0.29333333333333333
TileItemContainer:0.25083333333333335
