FS:0.095034204
Preloader:0.051518634
MLogger:0.020925635
PropertyAccess:0.0091322
