UI:0.5266666666666666
Desktop:0.47
Widget:0.33
MainWindow:0.22583333333333333
WidgetInternalFrame:0.21
LazyLoader:0.06666666666666667
DesktopPanel:0.06666666666666667
