SqltoolRB:0.4715059
SqlToolError:0.13357903
SqlTool:0.0
