Token:0.018521257
TokenSource:9.5153745E-4
