PluginSettings:0.046059318
LookAndFeelSettings:0.027173089
