Topic:0.5233333333333333
WikiFile:0.35
FileHandler:0.2966666666666667
PersistencyHandler:0.2833333333333333
DefaultQueryHandler:0.26111111111111107
DatabaseHandler:0.19
ManageServlet:0.16666666666666666
DatabaseUpgrades:0.11
