CalendarDesklet:0.14575073
CalendarWidgetPlugin:0.051431354
