Desktop:0.08360802
Widget:0.0022577404
