MFontComboBox:0.38333333333333336
MFontComboBoxBeanInfo:0.12333333333333334
