MLabeledTextField:0.49537867
MText:0.34950465
MTextFieldPanel:0.33279258
MTextLabel:0.09768653
MDocumentAdapter:0.08718656
UI:0.0317829
MAction:0.02190991
Size:0.0018057496
