MInternalFrame:0.5166666666666667
DeskletWidgetContainer:0.22333333333333333
ContentPane:0.1691111111111111
DeskletWidgetDockingContainer:0.14666666666666667
ShapedUI:0.12666666666666668
