Colony:0.34525847
Tile:0.25897923
Unit:0.23513348
IndianSettlement:0.21808493
WorkLocation:0.16848382
Player:0.15509683
Settlement:0.15150994
GoodsContainer:0.1262652
Location:0.09043017
FreeColGameObject:0.089814514
GoodsType:0.082887396
Game:0.081476755
FreeColObject:0.07106486
UnitType:0.051511273
Modifier:0.049560465
Locatable:0.033893816
Ownable:0.025183886
