CargoPanel:0.12824732
ColonyPanel:0.12819146
EuropePanel:0.11290524
UnitLabel:0.082774885
TradeRouteInputDialog:0.05212271
GoodsLabel:0.03610988
ColopediaPanel:0.0297621
MarketLabel:0.024815524
FreeColPanel:0.004336485
