jEdit:0.5733333333333334
PluginUpdate:0.42333333333333334
View:0.38
DockableWindowManager:0.28733333333333333
PanelWindowContainer:0.23
PluginJAR:0.22
ScrollLayout:0.17
FloatingWindowContainer:0.13166666666666665
DockableWindowContainer:0.09166666666666666
