JDBCCallableStatement:0.9000455
JDBCDatabaseMetaData:0.82875586
JDBCArray:0.7351534
JDBCResultSetMetaData:0.72989446
JDBCArrayBasic:0.7082115
JDBCClob:0.6832375
JDBCBlob:0.614235
JDBCBlobClient:0.43442076
JDBCClobClient:0.39470437
Util:0.3727485
JDBCNClob:0.2859621
JDBCConnection:0.0
JDBCStatement:0.0
JDBCSQLXML:0.0
JDBCStatementBase:0.0
JDBCPreparedStatement:0.0
