RangeVariable:0.09319451
QuerySpecification:0.08144847
ExpressionColumn:0.07170706
StatementDMQL:0.054885782
StatementCompound:0.047191426
Table:0.035916377
Session:0.03484894
ParserRoutine:0.033658005
Routine:0.032472298
TransactionManagerMV2PL:0.01656346
TransactionManagerMVCC:0.015721705
TransactionManagerCommon:0.015427273
StatementSet:0.015003748
StatementSession:0.014207403
SessionData:0.012272213
ParserCommand:0.011958456
TriggerDefSQL:0.011264524
FunctionCustom:0.010935225
StatementResultUpdate:0.010589389
Statement:0.0099546425
StatementProcedure:0.00956002
TransactionManager2PL:0.009078505
ColumnSchema:0.0076516904
StatementCursor:0.0040595415
