SubQuery:0.3600649
QueryExpression:0.23105223
View:0.21452276
Table:0.14122947
TableBase:0.12690493
Expression:0.119220175
RangeVariable:0.09769369
QuerySpecification:0.0971054
ParserDML:0.07871423
StatementDML:0.07049138
TableUtil:0.062279038
Routine:0.021255335
ParserRoutine:0.019593924
Database:0.011472022
