Table:0.27910528
TableDerived:0.08475174
TableUtil:0.068115555
StatementDML:0.057425145
TableWorks:0.054861993
QueryExpression:0.048719194
Constraint:0.046923175
QuerySpecification:0.046555784
SessionData:0.040168587
SortAndSlice:0.039820366
RangeVariable:0.03725889
SubQuery:0.03362187
Database:0.032492336
TextTable:0.032260515
RowAVLDisk:0.032222394
ParserDDL:0.031931516
ExpressionLogical:0.03177687
StatementSchema:0.031397946
SchemaManager:0.0312768
RowAVL:0.030907622
StatementResultUpdate:0.030340109
RowAVLDiskData:0.030317448
RangeVariableResolver:0.028231755
Row:0.027593026
Session:0.027173659
Routine:0.026708836
TransactionManagerCommon:0.026507983
TransactionManagerMV2PL:0.026223933
RangeVariableJoined:0.024509704
TransactionManagerMVCC:0.023241555
ParserDML:0.02188389
ParserRoutine:0.021787057
ParserDQL:0.020312648
RowAction:0.018929504
View:0.01888081
StatementSession:0.017307557
ParserCommand:0.015930573
HsqlException:0.0043169316
