ParserRule:0.5566666666666666
TokenMarker:0.37
XModeHandler:0.29
TagDecl:0.17666666666666667
