Canvas:0.5066666666666667
GUI:0.42
InGameInputHandler:0.2833333333333333
InGameController:0.2808333333333333
ChatPanel:0.24
