MButton:0.9266666666666666
CalendarWidget:0.3244444444444444
PropertiesPanel:0.26666666666666666
MColorChooser:0.25666666666666665
StaticRolloverHandler:0.18333333333333332
