Unit:0.87
StandardAIPlayer:0.3111111111111111
BuildColonyMessage:0.20333333333333334
