Handler:0.57
CompletionInfo:0.49
TagHighlight:0.21666666666666667
CompletionInfoHandler:0.2061111111111111
