Token:0.6233333333333333
Table:0.56
ScriptWriterText:0.40444444444444444
Expression:0.3433333333333333
Cache:0.3333333333333333
ScaledRAFile:0.31
Tokenizer:0.24666666666666667
DatabaseScript:0.23333333333333334
Parser:0.2175
DataFileCache:0.19666666666666666
ScriptWriterBase:0.18666666666666668
TextCache:0.17333333333333334
ScriptWriterZipped:0.16
ScriptRunner:0.1075
