Archive:0.5333333333333333
ArchiveChannel:0.39666666666666667
FeedsFS:0.3333333333333333
