Environment:0.8133333333333334
AdminServlet:0.32666666666666666
HtmlLinkTag:0.2866666666666667
