KeywordMap:0.2163184
TextUtilities:0.15760209
View:0.1227688
JEditTextArea:0.11176161
Buffer:0.09457228
EditPane:0.055009358
TextAreaPainter:0.04375796
jEdit:0.027973616
GUIUtilities:0.024017697
MiscUtilities:0.021388222
KeyEventWorkaround:0.013471614
