MText:0.4527777777777777
MaximumLengthDocumentFilter:0.44333333333333336
HelpGenerator:0.44
HelpAction:0.16
