Filter:0.23167156
ObjectFactory:0.008757949
