Table:0.54
Constraint:0.4066666666666667
DatabaseCommandInterpreter:0.38666666666666666
NumberSequence:0.3566666666666667
Database:0.30666666666666664
Expression:0.30333333333333334
Token:0.29
HsqlByteArrayOutputStream:0.27666666666666667
TableWorks:0.24
BaseHashMap:0.23
Parser:0.2111111111111111
DatabaseScript:0.17333333333333334
