Property:0.2304496
TK:0.18107502
MApplication:0.14694484
UI:0.115172535
MLogger:0.09608078
PropertyAccess:0.09525153
IntegerProperty:0.09083251
MProperties:0.085963756
SecureProperty:0.08316351
MDate:0.076708704
FS:0.075463705
MTable:0.06941876
MFileChooser:0.069238536
EnumProperty:0.06840608
ColorProperty:0.06135476
OS:0.05131196
MTip:0.048954885
DateProperty:0.047700528
DoubleProperty:0.0474378
FloatProperty:0.04527485
MList:0.044856332
Flags:0.039280567
BooleanProperty:0.038743403
MTabbedPane:0.036025904
RegExp:0.035564687
StringProperty:0.0341846
FontProperty:0.028722974
MSettingsDialog:0.027050376
ColumnManager:0.02407336
MTogglePanel:0.023202214
MNotification:0.02151674
MMainWindow:0.0180726
MFrame:0.016743012
MTableHeader:0.016451979
MFontChooser:0.015061547
MLoginPanel:0.013081875
Kiosk:0.010250761
