ProjectProperties:0.59
RealProject:0.33666666666666667
ProjectTMX:0.2511111111111111
ProjectUICommands:0.2
RebaseAndCommit:0.19666666666666666
