PoFilter:0.48
XMLFilter:0.3233333333333333
AbstractFilter:0.29
PoOptionsDialog:0.2866666666666667
XtagFilter:0.2633333333333333
PluralInfo:0.2516296296296296
TextFilter:0.25
LatexFilter:0.24666666666666667
DokuWikiFilter:0.24666666666666667
ResourceBundleFilter:0.23666666666666666
HTMLFilter2:0.22666666666666666
OpenDocFilter:0.20666666666666667
OpenXMLFilter:0.20666666666666667
HHCFilter2:0.14666666666666667
MozillaDTDFilter:0.13666666666666666
RcFilter:0.13666666666666666
MagentoFilter:0.1
INIFilter:0.1
SrtFilter:0.1
