TaskSummary:0.22487399
TaskInfoButton:0.13304792
TaskList:0.11978043
TaskInfo:0.113554634
