Plugin:0.48333333333333334
Tester:0.4633333333333333
Sidebar:0.35
