Player:0.63
Colony:0.5533333333333333
ReportLabourPanel:0.24666666666666667
