AbstractOptionPane:0.04564669
GUIUtilities:0.044062834
jEdit:0.041450262
