MFileChooser:0.2866666666666667
PropertyPanel:0.27
ScriptCommand:0.25666666666666665
Projects:0.25333333333333335
ColumnManager:0.23333333333333334
RunAction:0.20666666666666667
ZoomComponent:0.19333333333333333
PluginSettings:0.18
GoToNewAction:0.14
TestMycroft:0.14
