Plugin:0.64
PluginInfo:0.31
PluginManager:0.2966666666666667
Panel:0.28
WidgetPlugin:0.24333333333333335
Desktop:0.2175
InternetSearchPlugin:0.20666666666666667
PropertiesPanel:0.19333333333333333
PluginSettings:0.18666666666666668
NoteWidgetPlugin:0.18333333333333332
BackupPlugin:0.08333333333333333
