TransactionManagerMV2PL:0.38416582
TransactionManager2PL:0.345735
TransactionManagerMVCC:0.3363648
RowAction:0.19804282
Session:0.19513616
TransactionManager:0.14100042
Row:0.126198
SessionContext:0.1036196
RowActionBase:0.10273788
SessionManager:0.09726871
SessionData:0.071029335
TableBase:0.067084596
Database:0.06189993
Statement:0.05250122
SessionInterface:0.029058265
SqlInvariants:0.008718565
HsqlException:0.0037114471
