HsqlByteArrayOutputStream:0.2746844
ArrayUtil:0.13847564
HsqlByteArrayInputStream:0.120150775
MD5:0.02013233
