ActionManager:0.38843462
SelectableAction:0.3350605
