ActionManager:0.3653918
SelectableAction:0.31098953
