ActionManager:0.3703898
SelectableAction:0.31934327
