SelectableAction:0.33709747
MiniMapZoomInAction:0.15559153
MiniMapZoomOutAction:0.15559149
ActionManager:0.07344819
