ActionManager:0.3906239
MapboardAction:0.38776436
