ActionManager:0.4247645
MapboardAction:0.30424774
