ActionManager:0.37204194
MapboardAction:0.28640372
