ActionManager:0.30173978
FreeColAction:0.23938538
MapboardAction:0.21208617
