ActionManager:0.38039744
MapboardAction:0.26695466
