ActionManager:0.43096003
MapboardAction:0.3119162
