ActionManager:0.30020985
MapboardAction:0.16531013
