GUI:0.6016666666666667
PreGameController:0.37666666666666665
MapEditorController:0.31
ConnectController:0.2833333333333333
