TokenMarker:0.06255035
ParserRule:0.039326314
KeywordMap:0.036443442
ParserRuleFactory:0.031691696
Buffer:0.029978931
XModeHandler:0.025542013
Mode:0.01889463
Token:0.018496398
jEdit:0.015411661
