WikiUtil:0.48333333333333334
WikiBase:0.35
Environment:0.32
AdminServlet:0.31666666666666665
WikiConfiguration:0.27
