MirrorListHandler:0.20216507
PluginManagerOptionPane:0.11251145
PluginList:0.06906847
jEdit:0.02365895
XmlParser:0.021056606
