View:0.058688235
GUIUtilities:0.05542359
JEditTextArea:0.046658445
jEdit:0.034162223
EnhancedDialog:0.017382778
