PoFilter:0.7766666666666666
PoOptionsDialog:0.4033333333333333
POFilterTest:0.12666666666666668
