Table:0.6433333333333333
Constraint:0.41
Database:0.36
ConstraintCore:0.24666666666666667
TableWorks:0.17
DatabaseInformation:0.16
DatabaseScript:0.11333333333333333
TempConstraint:0.05
