jEdit:0.30516845
BeanShell:0.07681798
Buffer:0.076059364
Log:0.06757612
View:0.06151314
FileVFS:0.0525639
OperatingSystem:0.022330059
