MTip:0.5833333333333334
AbstractTransition:0.4766666666666667
MFlipPanel:0.4033333333333333
StaticHandler:0.13444444444444442
