FSHelper:0.07131779
MetaInfo:0.07001519
