jEdit:0.6233333333333333
HelpViewer:0.59
HelpViewerInterface:0.5533333333333333
JEditTextArea:0.45666666666666667
HelpSearchPanel:0.19333333333333333
HelpTOCPanel:0.13333333333333333
PaintCaret:0.12
HelpButton:0.1
ActionHandler:0.0938888888888889
LinkHandler:0.017388888888888888
PropertyChangeHandler:0.017388888888888888
