Canvas:0.5255555555555556
FreeColDialog:0.42333333333333334
MarketPanel:0.2733333333333333
