RAFileInJar:0.48511362
RAFileHybrid:0.16076173
RAFileNIO:0.1513975
RAStorageWrapper:0.10067147
RandomAccessInterface:0.09446431
RAShadowFile:0.06755956
DataFileCache:0.026836526
TextCache:0.022382084
DataFileCacheSession:0.020886114
LobStoreRAFile:0.020119363
HsqlDatabaseProperties:0.014953001
