RAFileHybrid:0.21621281
RAFile:0.20132369
RandomAccessInterface:0.10144112
