Main:0.8016666666666666
Wizard:0.3433333333333333
