MDialog:0.625
MTextLabel:0.3433333333333333
MEditorPane:0.3383333333333333
