Unit:0.85
InGameController:0.4266666666666667
DragListener:0.23333333333333334
