ScoutingMission:0.6083333333333333
AIPlayer:0.43888888888888894
PioneeringMission:0.31666666666666665
