MMouseAdapter:0.5966666666666667
MouseGestures:0.37333333333333335
Widget2Help:0.3244444444444445
