Player:0.6333333333333333
InGameController:0.3
DeclareIndependenceMessage:0.22
Monarch:0.2
ConfirmDeclarationDialog:0.14333333333333334
ReportHighScoresPanel:0.11
