MMenu:0.6333333333333333
FeedsFS:0.3933333333333333
TagsMenu:0.10333333333333333
