AbstractFS:0.92
TrashFS:0.3566666666666667
ExternalFolder:0.2733333333333333
ExternalFolderList:0.25
