MatchesTextArea:0.4766666666666667
GlossaryTextArea:0.4166666666666667
DictionariesTextArea:0.32
MultipleTransPane:0.27
NotesTextArea:0.19666666666666666
EntryInfoPane:0.19
CommentsTextArea:0.17333333333333334
