HelpViewer:0.41333333333333333
HelpViewerInterface:0.3233333333333333
ActionHandler:0.26722222222222225
TOCTree:0.21
LinkHandler:0.19880952380952382
MouseHandler:0.1
