ActionManager:0.4297266
FreeColAction:0.14396398
