ReportPanel:0.3327719
FreeColPanel:0.07609489
