MPanel:0.7933333333333333
PluginInfo:0.4033333333333333
WebPanel:0.23666666666666666
