RESearchMatcher:0.4254385
SearchAndReplace:0.2813559
BoyerMooreSearchMatcher:0.24914704
HyperSearchRequest:0.15936737
