Task:0.37
TodoEditor:0.32
NotepadEditor:0.31666666666666665
InternetSearch:0.24
PluginComboBox:0.20111111111111113
