FeedsFS:0.4370312
FeedDownloader:0.2815458
