Session:0.5566666666666666
SessionData:0.37
LobManager:0.3566666666666667
ClobDataID:0.33666666666666667
JDBCBlobClient:0.29333333333333333
OrderedHashSet:0.2633333333333333
JDBCClobClient:0.24666666666666667
TransactionManager2PL:0.23666666666666666
FunctionSQLInvoked:0.23333333333333334
RowStoreAVLHybrid:0.23
DatabaseInformationFull:0.21333333333333335
SessionContext:0.15333333333333332
LOB_IDS:0.023888888888888887
GET_LOB_PART:0.023888888888888887
DIVIDE_BLOCK:0.023888888888888887
DELETE_BLOCKS:0.023888888888888887
UPDATE_USAGE:0.023888888888888887
UPDATE_LENGTH:0.023888888888888887
