IndexAVL:0.6227777777777778
RangeVariableResolver:0.6066666666666667
