FunctionCustom:0.7416666666666667
ExpressionOp:0.6476666666666667
