Tile:0.4633333333333333
NationCellRenderer:0.24
PlayersTableModel:0.23333333333333334
ConnectController:0.22666666666666666
MapGenerator:0.2
StartGamePanel:0.2
UserConnectionHandler:0.14
NationCellEditor:0.09
