jEdit:0.6733333333333333
GUIUtilities:0.5244444444444444
BeanShell:0.19833333333333333
EBMessage:0.17333333333333334
GlobalOptions:0.13
EnhancedMenu:0.12
MarkersProvider:0.11561111111111112
RecentDirectoriesProvider:0.08616666666666667
RecentFilesProvider:0.08333333333333333
EnhancedMenuItem:0.06
DynamicMenuProvider:0.03666666666666667
MacrosProvider:0.021111111111111112
DirectoryProvider:0.007777777777777778
PluginsProvider:0.0
EnhancedCheckBoxMenuItem:0.0
