EquipmentType:0.22902358
GoodsType:0.19598082
AbstractGoods:0.17068112
UnitType:0.17005396
Limit:0.13753138
BuildingType:0.1322716
Colony:0.12915468
IndianSettlement:0.12472006
FreeColGameObjectType:0.1238703
FreeColObject:0.119669184
Scope:0.1163487
Europe:0.10828223
Settlement:0.10382429
Specification:0.09382015
BuildQueue:0.072981365
Player:0.069913596
Unit:0.046708487
ColonyWas:0.012400713
