PlayerExploredTile:0.1217547
TileItemContainer:0.103361055
Tile:0.100937225
FreeColObject:0.0818492
TileType:0.070152715
Game:0.06783986
FreeColGameObject:0.06779337
UnitType:0.056523815
Ability:0.052685205
Player:0.04885796
Unit:0.047766533
TileItem:0.038496178
