MSearchPanel:0.57
TodoEditor:0.3233333333333333
GHNSDialog:0.2966666666666667
Summary:0.27
SearchBar:0.20722222222222222
InternetSearchPanel:0.20722222222222222
MFontChooser:0.1788888888888889
MIconChooser:0.1788888888888889
QuickOpen:0.1488888888888889
