FunctionCustom:0.6169701
ExpressionLogical:0.3189467
ExpressionValue:0.30044958
Expression:0.29594857
ParserRoutine:0.119661294
ParserDQL:0.07097345
ParserCommand:0.048653558
Session:0.03088485
Database:0.026841773
TypeInvariants:0.015695805
SessionData:0.0149519555
OpTypes:0.007596755
Tokens:0.0
