PersistentStoreCollection:0.19509226
PersistentStore:0.073370546
