MiscUtilities:0.49333333333333335
IOUtilities:0.41
VFS:0.39
VFSFile:0.2
Install:0.17
StandardUtilities:0.15666666666666668
BufferSaveRequest:0.12333333333333334
BufferLoadRequest:0.12333333333333334
BufferInsertRequest:0.1
BufferAutosaveRequest:0.09666666666666666
