SearchWindowController:0.067754164
SearchWindowForm:0.009396241
