JDBCPreparedStatement:0.6416666666666667
JDBCConnection:0.3933333333333333
