MList:0.68
AutoCompletion:0.5066666666666667
InternetSearchPanel:0.2861111111111111
HistoryDialog:0.19777777777777777
StaticListHandler:0.18
