MainWindow:0.5766666666666667
PropertiesBar:0.33
TreePanel:0.31166666666666665
PropertiesPanel:0.21666666666666667
ToggleBookmarkAction:0.145
