FreeColDialog:0.49333333333333335
ReportRequirementsPanel:0.25
ReportProductionPanel:0.17666666666666667
RecruitDialog:0.14333333333333334
NegotiationDialog:0.14333333333333334
TilePopup:0.12333333333333334
ReportTurnPanel:0.12333333333333334
