Environment:0.6933333333333334
WikiPageInfo:0.4766666666666667
AdminServlet:0.26666666666666666
EnvironmentTest:0.15666666666666668
