ParserTest:0.5241666666666667
MigrationUtilTest:0.3433333333333333
JAMWikiUnitTest:0.2866666666666667
