Unit:0.6633333333333333
Tile:0.55
UnitLocation:0.3333333333333333
