Unit:0.6233333333333333
Message:0.36333333333333334
JoinColonyMessage:0.31333333333333335
InGameController:0.26
InGameInputHandler:0.19666666666666666
BuildColonyAction:0.18333333333333335
