Tabs:0.6333333333333333
Editor:0.42333333333333334
AppletTab:0.33
