Buffer:0.6461111111111111
MiscUtilities:0.38666666666666666
JEditTextArea:0.36
DirectoryEntry:0.35
VFS:0.34
FileCellRenderer:0.3
GUIUtilities:0.2966666666666667
VFSBrowser:0.22333333333333333
BrowserIORequest:0.20333333333333334
BufferIORequest:0.20333333333333334
FileVFS:0.19333333333333333
DockableWindowManager:0.19333333333333333
BrowserView:0.19
FloatingWindowContainer:0.18166666666666667
InputHandler:0.17333333333333334
MouseHandler:0.15333333333333332
CurrentDirectoryMenu:0.13333333333333333
RecentFilesMenu:0.11
VFSFileChooserDialog:0.09
RecentDirectoriesMenu:0.035555555555555556
