MetaInfo:0.6666666666666666
ItemStatus:0.5733333333333334
StuffRenderer:0.2833333333333333
ItemRenderer:0.23333333333333334
Renderer:0.07333333333333333
