Watermark:0.102958865
UI:0.07976505
MTable:0.07442206
MAction:0.06902408
MMessage:0.041442078
MAbout:0.03375442
MWebBrowser:0.023577413
MMouseAdapter:0.02129717
Flags:0.0033882847
