MPanel:0.08106124
CoolHeader:0.074548975
UI:0.055865906
MMouseAdapter:0.02527516
TK:0.022096979
Config:0.013780242
Size:0.011131942
