Tile:0.1555063
Player:0.12544619
FreeColObject:0.12469514
FreeColGameObject:0.10739936
Game:0.09458641
Map:0.08534292
IndianNationType:0.063247345
GameOptions:0.04800262
Nameable:0.03869982
Turn:0.010327468
