ActionManager:0.3389307
MapboardAction:0.25173575
