MActionInfo:0.35
MMessage:0.29
MApplication:0.2733333333333333
LinkEditor:0.2644444444444445
ImportExport:0.25666666666666665
CategoryManager:0.22666666666666666
MainWindow:0.21
PrintDialog:0.19666666666666666
