ServerPlayer:0.49333333333333335
ChangeSet:0.4266666666666667
InGameController:0.38666666666666666
ServerUnit:0.26666666666666666
ServerColony:0.22333333333333333
