DefaultTransferHandler:0.19883278
ColonyPanel:0.16087626
ReportProductionPanel:0.11322044
DragListener:0.09464694
ReportUnitPanel:0.06776014
EuropePanel:0.064784996
WarehouseDialog:0.059769403
