ReportPanel:0.104071304
MarketLabel:0.089648336
FreeColPanel:0.068133615
