FreeColDialog:0.06481346
GoodsLabel:0.04459513
FreeColPanel:0.037756335
