ActionManager:0.38528615
FreeColAction:0.13318054
