CoolHeader:0.12521018
MMainWindow:0.087678716
UI:0.064360574
Blend:0.053571846
FS:0.046363734
MHighlighter:0.03826268
MTimer:0.0377267
MPanel:0.03431633
MWebBrowser:0.028300568
Flags:0.022944238
TK:0.020500947
MouseGestures:0.01630321
BooleanProperty:0.009456054
Property:0.008548786
