GHNSDialog:0.0936006
LocalizedString:0.08409075
GHNSDownload:0.046145186
