ActionManager:0.36401394
MapboardAction:0.23708013
