Player:0.5833333333333334
FreeColGameObject:0.55
Market:0.39666666666666667
MarketData:0.2733333333333333
Colony:0.2708333333333333
InGameController:0.23666666666666666
MarketLabel:0.19
UnitTest:0.18666666666666668
FoundingFatherTest:0.17666666666666667
MarketTest:0.13
SelectAmountDialog:0.10333333333333333
PreGameController:0.1
