TestSql:0.45
TestLobs:0.31333333333333335
TestTriggers:0.23
TestBug785429:0.22333333333333333
TestBase:0.19694444444444445
TestUpdatableResults:0.19444444444444445
TestSqlPersistent:0.17
AllTests:0.15
