HelpViewer:0.09554845
jEdit:0.04796496
PluginJAR:0.029478269
EditPlugin:0.028605945
MiscUtilities:0.022296218
FileCellRenderer:0.0182345
VFSManager:0.014453751
JARClassLoader:0.01191474
Log:0.010153878
XmlParser:0.009106599
OperatingSystem:0.008034998
HandlerBase:0.0058321366
XmlException:0.002394166
