SummaryData:0.49666666666666665
SummaryPanel:0.34
Node:0.26666666666666666
Model:0.25666666666666665
SummaryTree:0.16333333333333333
