RangeVariable:0.5488038
QuerySpecification:0.21674493
ExpressionColumn:0.17824258
Expression:0.14399302
Table:0.09102761
ParserDQL:0.079221204
ColumnSchema:0.036194507
Session:0.022971718
TableBase:0.01249685
