Index:0.7233333333333334
Table:0.6
Cache:0.31333333333333335
Logger:0.2866666666666667
RowStoreAVL:0.2833333333333333
IndexAVL:0.26
RowStoreAVLDiskData:0.25
RowStoreAVLMemory:0.21666666666666667
RowStoreAVLHybrid:0.2
DataFileCache:0.19083333333333333
CachedObjectComparator:0.13
