Property:0.16748711
Config:0.14743531
TK:0.14335462
MColorChooser:0.10730773
MColorPicker:0.071036145
HTMLBuilder:0.03788276
MURLButton:0.036152344
