PluginManager:0.071801625
PluginSettings:0.060036216
PluginInfo:0.057514146
LookAndFeelSettings:0.02698284
PluginType:0.023438528
PluginInstaller:0.02341052
PluginException:0.016482253
