Validator:0.7266666666666667
MWizardDialog:0.45666666666666667
ValidatorSupport:0.3333333333333333
PackageNameValidator:0.04
ProjectNameValidator:0.04
