BrushTool:0.5366666666666666
ImageEditor:0.49666666666666665
ImageEditorDesigner:0.42333333333333334
BrushTypeAction:0.21
