MWrapperPanel:0.7066666666666667
MPanel:0.49
FormPanel:0.29
PropertyPanel:0.2866666666666667
TagsEditor:0.23
MMessage:0.21333333333333335
TodoEditorPlugin:0.19666666666666666
MComponent:0.16
FileInfoPanel:0.13666666666666666
GeneralSettings:0.13
