WidgetPeer:0.4101424
WidgetInternalFrame:0.20312092
Desktop:0.072047934
Pager:0.025908478
AppletWidget:0.023878263
SessionEvent:0.007736599
WidgetPlugin:0.0046451073
