jEdit:0.5766666666666667
JEditTextArea:0.38
DockableWindowManager:0.2866666666666667
FirstLine:0.26666666666666666
FoldHandler:0.23666666666666666
ResourceCache:0.22
JAR:0.17333333333333334
PluginCacheEntry:0.16666666666666666
ServiceManager:0.16
ServiceListHandler:0.15333333333333332
Debug:0.14666666666666667
