Canvas:0.5333333333333333
InGameController:0.39
Messages:0.2833333333333333
InGameInputHandler:0.23
