UI:0.7733333333333333
DateTimeDialog:0.32666666666666666
MDialog:0.31666666666666665
Title:0.3
ScriptExecutor:0.27972222222222226
Input:0.19333333333333333
MetaInfoList:0.18333333333333332
ScriptIDE:0.16333333333333333
Editor:0.1575
StatsPanel:0.14333333333333334
MCheckBoxTable:0.13666666666666666
