JFlexParserUtil:0.362261
ParserFunctionUtil:0.23418087
JFlexParser:0.22514854
AbstractHeadingTag:0.22358482
JFlexLexer:0.15521409
OnlyIncludeTag:0.054960694
MagicWordUtil:0.051177878
JFlexParserTag:0.01899587
