jdbcConnection:0.35813436
jdbcUtil:0.12504308
