HSQLClientConnection:0.35271737
Session:0.294586
Result:0.081202805
HsqlException:0.07486474
