XMLBlock:0.076196246
XMLReader:0.014200653
DefaultEntityFilter:0.0139156785
XMLAttribute:0.0013025701
