MLogger:0.5566666666666666
PluginManager:0.34
MCalendarPanel:0.33
SecurityDialog:0.21
CircleRenderer:0.18
WeekLabel:0.17333333333333334
