StringConverter:0.32231873
IntValueHashMap:0.078406736
