NIOScaledRAFile:0.1733149
DataFileCache:0.067462824
TextCache:0.041749578
Cache:0.040046368
