MPanel:0.4633333333333333
MainWindow:0.3933333333333333
MDialog:0.31666666666666665
AdvancedProperties:0.27
AbstractSettingsPage:0.24666666666666667
MAbout:0.24666666666666667
CoolLabel:0.23666666666666666
MWizard:0.22666666666666666
PrintPreview:0.22666666666666666
MTextFieldPanel:0.21666666666666667
LinkEditor:0.21
Backup:0.20666666666666667
MNotification:0.20666666666666667
PropertiesDialog:0.2
ProxySettings:0.17
MContentPane:0.16333333333333333
EditorQuickFind:0.15
NewFolderDialog:0.12333333333333334
SearchBar:0.10333333333333333
GeneralSettings:0.1
CustomGeneralPanel:0.06333333333333334
CustomAdvancedPanel:0.016666666666666666
