JEditBuffer:0.6266666666666667
StandardUtilities:0.44666666666666666
jEdit:0.36388888888888893
