MetaInfo:0.5688888888888889
Tree:0.41333333333333333
Pager:0.3044444444444444
TestOS:0.28
StaticMenuAdapter:0.27666666666666667
