MainWindow:0.5266666666666666
MountPanel:0.38666666666666666
GeneralSettings:0.28444444444444444
AdvancedProperties:0.25
TabIcon:0.18583333333333332
ToggleAction:0.18583333333333332
NewFolderDialog:0.1511111111111111
Vars:0.045182539682539685
