IntervalSecondData:0.4866666666666667
IntervalType:0.36666666666666664
DateTimeType:0.32666666666666666
ExpressionArithmetic:0.3025555555555555
ParserDQL:0.2966666666666667
ParserDML:0.2866666666666667
FunctionSQL:0.2833333333333333
FunctionCustom:0.2644444444444445
Scanner:0.18
