Game:0.63
ServerGame:0.4
MapGeneratorTest:0.2833333333333333
FreeColServer:0.22666666666666666
FreeColTestCase:0.22288888888888891
GameTest:0.15333333333333332
