Geom:0.7233333333333334
SimpleDrawingView:0.38333333333333336
RotateHandle:0.25
