Token:0.45666666666666667
Logger:0.42055555555555557
FunctionSQL:0.28
