DiffUtil:0.5644444444444445
RecentChangesFeedServlet:0.42333333333333334
LuceneSearchEngine:0.42333333333333334
