QueryHandler:0.36096928
AnsiQueryHandler:0.29907098
WikiDatabase:0.23528668
DatabaseUserHandler:0.1261587
DatabaseUpgrades:0.09575364
DatabaseConnection:0.073630124
WikiResultSet:0.064607605
DB2DataHandler:0.015319307
DB2400DataHandler:0.0153193055
HSqlDataHandler:0.013928086
OracleDataHandler:0.013679092
MSSqlDataHandler:0.013531154
MySqlDataHandler:0.013531152
PostgresDataHandler:0.013404378
