SqlFile:0.67
SqlTool:0.27666666666666667
SqlToolException:0.26733333333333337
SqlToolError:0.14
RowError:0.05
BadCmdline:0.04566666666666666
BadSpecial:0.043333333333333335
AppendableException:0.04
SqlToolSprayer:0.016666666666666666
BooleanBucket:0.013333333333333334
