EquipmentType:0.37177676
FoundingFather:0.26333255
EuropeanNationType:0.24828045
Monarch:0.23646297
UnitType:0.18026556
FreeColObject:0.15440547
Specification:0.13672104
Player:0.08013678
