HistoryEvent:0.16392976
IndianNationType:0.12704977
FreeColObject:0.12640259
Tile:0.12009886
FreeColGameObject:0.10307005
Game:0.102969214
StringTemplate:0.0947361
Map:0.08208767
Player:0.07905445
Specification:0.051796496
Turn:0.039782513
Nameable:0.039473616
GameOptions:0.008960406
