ConnectionDialog:0.02403876
ConnectionDialogSwing:0.022430127
DatabaseManagerSwing:0.019991687
ConnectionSetting:0.008096896
