Database:0.07322767
SessionManager:0.07043665
DatabaseURL:0.063488744
Session:0.044467337
HsqlException:0.008358122
Server:0.004329908
