FileAccess:0.13650875
SimpleLog:0.031735543
StringUtil:0.016005171
HsqlArrayList:0.008226011
