HsqlDatabaseProperties:0.16734263
Logger:0.07134643
Log:0.050399125
TextFileSettings:0.049399313
