HsqlArrayHeap:0.025238222
ThreadFactory:0.02399675
