Logger:0.05966559
HsqlDatabaseProperties:0.017488588
