RowOutputBase:0.42296222
RowOutputBinary180:0.3290545
RowOutputBinaryEncode:0.24283929
RowOutputInterface:0.2302975
RowInputBinary:0.1768686
