WebServer:0.23451598
ServerConfiguration:0.17153452
ServerProperties:0.14629792
ServerConnection:0.0865288
WebServerConnection:0.080148324
HsqlServerFactory:0.07997857
ServerAcl:0.073700376
ServerConstants:0.06872859
HsqlSocketFactory:0.040874418
HsqlSocketRequestHandler:0.010377496
