jEdit:0.44
Buffer:0.35333333333333333
FoldVisibilityManager:0.3333333333333333
JEditTextArea:0.31666666666666665
ChunkCache:0.28444444444444444
TextAreaPainter:0.24444444444444446
EditPane:0.23444444444444443
Gutter:0.21194444444444446
TipOfTheDay:0.15333333333333332
LineInfo:0.14333333333333334
