MPasswordField:0.4666666666666667
Index:0.4083333333333333
MTogglePanel:0.38333333333333336
