ParserDQL:0.45666666666666667
ExpressionColumn:0.4533333333333333
StatementCompound:0.36
TestStoredProcedure:0.241984126984127
ParserDDL:0.22333333333333333
