StringEntry:0.7416666666666667
FuzzyMatcher:0.29333333333333333
MatchesTextArea:0.24833333333333332
