RecentChange:0.445
LogItem:0.36666666666666664
AnsiQueryHandler:0.32
AnsiDataHandler:0.30333333333333334
