TaasCollection:0.65
TaasTerm:0.4633333333333333
ObjectFactory:0.09333333333333334
TaasCollections:0.08
TaasArrayOfTerm:0.08
TaasDomain:0.05444444444444444
TaaSClient:0.013333333333333334
TaasLanguage:0.01
