UpgradeServlet:0.57
FileUpgrades:0.49333333333333335
DatabaseUpgrades:0.4633333333333333
