MApplication:0.7066666666666667
MAction:0.38333333333333336
MAbout:0.2733333333333333
ScriptError:0.23
FullScreenAction:0.15
