Unit:0.47333333333333333
Tile:0.37666666666666665
IndianSettlement:0.25333333333333335
SimpleCombatModel:0.22666666666666666
Europe:0.22333333333333333
AIPlayer:0.21833333333333332
