Task:0.9066666666666666
MainWindow:0.30666666666666664
AddAction:0.20333333333333334
