Session:0.63
Log:0.3433333333333333
TransactionManagerMV2PL:0.24
TransactionManagerMVCC:0.23
TransactionManager2PL:0.22
TransactionManagerCommon:0.17666666666666667
