InGameController:0.5566666666666666
Monarch:0.31666666666666665
MonarchTest:0.27666666666666667
AIInGameInputHandler:0.2577222222222222
DebugMenu:0.1877777777777778
