IProject:0.7
ProjectProperties:0.4066666666666667
RealProject:0.4066666666666667
EditorController:0.23166666666666666
Core:0.22666666666666666
ProjectUICommands:0.16666666666666666
LoadFilesCallback:0.11666666666666667
TranslateFilesCallback:0.09666666666666666
NotLoadedProject:0.09333333333333334
ProjectFactory:0.04833333333333333
