MDialog:0.5033333333333333
MMainWindow:0.5033333333333333
MURLButton:0.44666666666666666
ScriptIDE:0.22111111111111115
