OptionsDialog:0.1947949
FreeColPanel:0.044589315
