OptionsDialog:0.24761938
FreeColPanel:0.055432938
