Archive:0.5733333333333334
DownloadInfo:0.43333333333333335
FeedsFSPlugin:0.27666666666666667
MDownloadDialog:0.18666666666666668
