GUI:0.44333333333333336
FreeColListUI:0.24666666666666667
FreeColLookAndFeel:0.21
FreeColTextFieldUI:0.18911111111111112
FreeColTextAreaUI:0.18911111111111112
MainPanel:0.17333333333333334
FreeColPopupMenuUI:0.16777777777777778
FreeColMenuBarUI:0.16777777777777778
FreeColPanelUI:0.16777777777777778
VictoryPanel:0.16
