jEdit:0.8966666666666666
WorkThread:0.31
Remove:0.15666666666666668
