MDialog:0.73
MTree:0.32
MFontChooser:0.2833333333333333
DayButton:0.25
StaticHandler:0.22666666666666666
MWizardDialog:0.19
StatsPlugin:0.14
