TaasCollections:0.61917394
TaasDomain:0.46223372
TaasLanguage:0.42134023
TaasCollectionType:0.15353574
ObjectFactory:0.12912932
