Pagination:0.5966666666666667
QueryHandler:0.44583333333333336
FileHandler:0.3466666666666667
DatabaseHandler:0.33
JAMWikiServlet:0.2833333333333333
DefaultQueryHandler:0.20666666666666667
LinkTag:0.2
PaginationTag:0.2
PersistencyHandler:0.18666666666666668
TopicServlet:0.12
WikiVersionTag:0.12
HistoryServlet:0.12
ContributionsServlet:0.11
RecentChangesServlet:0.11
CategoryServlet:0.10333333333333333
OracleQueryHandler:0.03
DB2QueryHandler:0.03
