BaseTokenizer:0.13792996
Tokenizer:0.013448852
