GUI:0.13739863
Canvas:0.12977935
FreeColMenuTest:0.036623213
FreeColMenuBar:0.014827925
