ResourceManager:0.4859407
Resource:0.07193049
