ImageOutputFormat:0.35
SVGInputFormat:0.3333333333333333
SVGEllipseFigure:0.28472222222222227
SVGPathFigure:0.25
ImageTransferable:0.235
SVGImageFigure:0.2286111111111111
ImageInputFormat:0.22255555555555556
PictImageInputFormat:0.21666666666666667
BezierNodeHandle:0.20666666666666667
DefaultDrawingViewTransferHandler:0.20666666666666667
SVGBezierFigure:0.20172222222222222
EditDrawingPanel:0.17666666666666667
DrawView:0.17166666666666666
ImageTool:0.14333333333333334
EditDrawingAction:0.07333333333333333
