Routine:0.71
QueryExpression:0.37
ParserDDL:0.30333333333333334
SchemaManager:0.2866666666666667
