MDialog:0.12453046
MMultiPanel:0.113485634
MTogglePanel:0.10565582
MCalendarPanel:0.10279998
MButtonPanel:0.102073036
MTabbedPane:0.09300955
MWizardDialog:0.08805627
MTextFieldPanel:0.08488803
MLayout:0.08191804
MMessage:0.08133157
MColorChooser:0.08016798
UI:0.07574725
MAboutDialog:0.07118073
MRenderer:0.068431415
MPasswordPanel:0.06714385
MFontChooser:0.06492942
MInternalFrame:0.06403484
MNotification:0.055878043
MSettingsDialog:0.05150017
MLabel:0.047545876
MFlipPanel:0.04753164
MFileChooser:0.041786432
MSmallColorChooser:0.04119437
MStatusBar:0.039016277
MIconChooser:0.038574032
MColorPicker:0.033239815
MDownloadDialog:0.028698811
MApplication:0.026072344
CoolHeader:0.024714284
MLoginPanel:0.020189682
MWebBrowserPanel:0.018901465
MRating:0.018799763
TK:0.017849516
MArrayList:0.017000418
AbstractIndicator:0.014327973
Pair:0.001490745
