ImageEditorCore:0.6133333333333333
ImageEditor:0.49666666666666665
ImageEditorDesigner:0.45
