PluginManager:0.5466666666666666
MAbout:0.44
PluginInfo:0.37777777777777777
