TileType:0.24928293
Resource:0.16967188
Tile:0.11179128
GoodsType:0.10077424
Modifier:0.09360523
FreeColGameObjectType:0.06564048
FreeColObject:0.041768152
Feature:0.016931517
