TileImprovementType:0.17576408
ResourceType:0.16881311
Tile:0.11691018
Colony:0.08967134
GoodsType:0.07768574
TileImprovement:0.063524075
AbstractGoods:0.051638868
IndianNationType:0.04497925
Unit:0.044294424
Modifier:0.043469753
FreeColGameObjectType:0.04230557
FreeColObject:0.034545448
FeatureContainer:0.02716481
SimpleCombatModel:0.025576571
Map:0.025436915
Feature:0.009550565
