SummaryData:0.65
Model:0.34
Reminder:0.2966666666666667
SummaryTree:0.12666666666666668
