Unit:0.62
TileType:0.34
ColonyTile:0.2966666666666667
Building:0.26666666666666666
AIColony:0.21333333333333335
TileTest:0.08333333333333333
