MetaInfo:0.6933333333333334
Tabs:0.36
TrashFS:0.27777777777777773
PropertiesBar:0.26111111111111107
MetaInfoAction:0.20666666666666667
