AboutAction:0.079338804
ActionManager:0.073435545
DebugAction:0.067735836
MapboardAction:0.05824753
DisplayTileTextAction:0.055698134
RetireAction:0.0543145
QuitAction:0.0522971
MiniMapZoomOutAction:0.051755983
ShowGameOptionsAction:0.051462553
ZoomOutAction:0.051165167
MiniMapZoomInAction:0.050888993
EndTurnAction:0.050846282
ZoomInAction:0.050553262
PreferencesAction:0.050535157
SaveAction:0.050314363
ReportTurnAction:0.0496401
ReportHistoryAction:0.049569543
ChatAction:0.048855495
ShowDifficultyAction:0.048247606
OpenAction:0.048059102
FortifyAction:0.047947202
ReconnectAction:0.047925025
NewAction:0.047857303
ReportCargoAction:0.047775954
ReportContinentalCongressAction:0.047775954
ReportColonyAction:0.04777595
ReportIndianAction:0.04777595
ReportHighScoresAction:0.04777595
ReportReligionAction:0.047775947
ReportNavalAction:0.047775947
ReportExplorationAction:0.047775947
ReportTradeAction:0.047775943
ReportProductionAction:0.047775943
ReportRequirementsAction:0.04777594
ReportMilitaryAction:0.04777594
ReportForeignAction:0.04768962
ColopediaAction:0.046169344
DeclareIndependenceAction:0.045800906
SkipUnitAction:0.045520253
DisbandUnitAction:0.04455285
WaitAction:0.0440798
ReportLabourAction:0.04359922
ShowMapGeneratorOptionsAction:0.042728297
BuildColonyAction:0.04020732
SaveAndQuitAction:0.04007384
ShowMainAction:0.03970503
SentryAction:0.035329882
ImprovementAction:0.034520928
DetermineHighSeasAction:0.028745396
ScaleMapAction:0.02861182
