MapboardAction:0.5139633
MapControlsAction:0.4384327
ChangeWindowedModeAction:0.39192474
DisplayGridAction:0.3800521
DisplayBordersAction:0.3622402
DisplayTileTextAction:0.28750074
