jEdit:0.36
TextUtilities:0.25333333333333335
OSTask:0.24333333333333335
Install:0.19
NonInteractiveInstall:0.17
SwingInstall:0.15666666666666668
ConsoleInstall:0.13444444444444442
