StatementDML:0.38905096
StatementDMQL:0.19637585
ParserDML:0.17059153
Table:0.06333517
QueryExpression:0.05768841
Session:0.03969085
Expression:0.03757091
StatementTypes:0.01382291
Trigger:0.006149594
HsqlException:0.0047938395
