ButtonFactory:0.6866666666666666
ColorFormatter:0.56
FillToolBar:0.20333333333333334
StrokeToolBar:0.20333333333333334
CanvasToolBar:0.19333333333333333
