MText:0.33
MSmallColorButton:0.27666666666666667
MFileChooser:0.26666666666666666
Blend:0.24
InternetSearch:0.2305555555555555
MNotification:0.23
MDialog:0.22166666666666668
Main:0.215
MURLButton:0.20333333333333334
AutoCompletion:0.17666666666666667
PluginRenderer:0.16333333333333333
RenameEditor:0.12333333333333334
ItemRenderer:0.12333333333333334
MProgressBar:0.11333333333333333
AbstractRenderer:0.10333333333333333
Net:0.08333333333333333
