CachedObject:0.14296912
DataFileCache:0.13711146
TextCache:0.08091772
