CharacterType:0.42283192
ClobData:0.17615932
Type:0.1654994
ClobDataID:0.14274572
Collation:0.030086875
Types:0.02295918
