HsqlProperties:0.54307574
Logger:0.13990662
TextFileSettings:0.08968987
DataFileCache:0.044436563
ScaledRAFile:0.032559894
Log:0.031872816
ScriptRunner:0.02374802
LockFile:0.023281947
