ParserDDL:0.6643907
SchemaManager:0.5393499
StatementCommand:0.28259298
TableWorks:0.2630634
StatementSchemaDefinition:0.25372782
Table:0.24293903
StatementTypes:0.22349362
Routine:0.20988236
SchemaObject:0.19798048
Database:0.19430098
ColumnSchema:0.19136257
Constraint:0.16945058
View:0.1637747
Statement:0.15467753
RoutineSchema:0.14890617
Schema:0.13913815
TriggerDef:0.1364391
ParserCommand:0.13600421
StatementDMQL:0.13506307
Session:0.1344031
NumberSequence:0.13425338
ParserRoutine:0.13327895
Expression:0.13038626
TableBase:0.08749097
ParserBase:0.06830516
SqlInvariants:0.059867855
SessionData:0.0586525
SessionManager:0.05848033
Token:0.05387655
HsqlException:0.038312785
ColumnBase:0.028536802
Row:0.012594298
