StatementCommand:0.10842496
StatementDMQL:0.105479494
ParserDDL:0.09891261
StatementCompound:0.0920871
StatementSchema:0.08635651
StatementSimple:0.08457878
StatementSession:0.07812627
StatementProcedure:0.06732477
StatementDML:0.064951345
Routine:0.06405153
StatementHandler:0.0612644
ParserRoutine:0.060158197
StatementQuery:0.058515213
ParserCommand:0.057331044
StatementSchemaDefinition:0.05568273
StatementSet:0.047382265
StatementManager:0.044756748
StatementResultUpdate:0.04328651
ExpressionColumn:0.04163754
StatementTypes:0.041073117
StatementExpression:0.03740251
Session:0.036480002
ParserDML:0.035969593
TransactionManagerCommon:0.03341914
Database:0.026753072
TransactionManagerMV2PL:0.018980172
SessionContext:0.013174348
TransactionManager:0.013157624
TransactionManager2PL:0.01138382
TransactionManagerMVCC:0.011250747
