StatementSet:0.36543885
StatementExpression:0.3121103
StatementDML:0.22008991
Expression:0.21465316
ParserDML:0.18291977
QueryExpression:0.17867124
ExpressionColumn:0.17460263
StatementProcedure:0.17236957
Table:0.17214678
StatementInsert:0.16126838
StatementCompound:0.15791203
Routine:0.15399143
RangeVariable:0.15202862
StatementResultUpdate:0.14296617
StatementQuery:0.12135871
ColumnSchema:0.106769584
Session:0.099558756
ParserRoutine:0.08901357
ParserDQL:0.08871296
Statement:0.07750109
TableDerived:0.07319245
StatementSchema:0.06465505
SchemaObject:0.053307932
StatementSession:0.051957652
SessionContext:0.049291518
StatementCursor:0.041598875
StatementTypes:0.026674988
ColumnBase:0.012010289
HsqlException:0.010394219
SqlInvariants:0.005584244
