InGameInputHandler:0.6933333333333334
ClientOptions:0.5727142857142856
