FreeColDialog:0.19176173
ColonyPanel:0.12245856
