Game:0.15924881
FreeColGameObject:0.09031107
Player:0.022834484
Building:0.021798892
Colony:0.020269183
Tile:0.020195805
Unit:0.01369252
