MMessage:0.6033333333333334
MFileChooser:0.5533333333333333
MPasswordField:0.48
PrintAction:0.07666666666666666
