DebugOutputStream:0.83
VCalendar:0.48333333333333334
PIMData:0.22666666666666666
TestICalendar:0.17333333333333334
TestVCalendar:0.15
ICalendar:0.13333333333333333
