AbstractCompositeFigure:0.5547222222222223
AbstractTransferable:0.43666666666666665
