InstallPluginsDialog:0.25318143
PluginListHandler:0.25004858
Roster:0.12370429
jEdit:0.11868477
MiscUtilities:0.1094622
PluginManager:0.098510385
EditPlugin:0.08074319
PluginListDownloadProgress:0.028014967
XmlParser:0.021082217
Log:0.019589538
