WikiPageInfo:0.43
AdminServlet:0.29333333333333333
JAMWikiServlet:0.28
UpgradeServlet:0.27666666666666667
AdminVirtualWikiServlet:0.26
RolesServlet:0.25
EditServlet:0.23666666666666666
ExportServlet:0.18333333333333332
UploadServlet:0.16666666666666666
ImportServlet:0.14333333333333334
SetupServlet:0.12666666666666668
RegisterServlet:0.10666666666666667
