Table:0.73
TextDatabaseRowInput:0.4266666666666667
TextTable:0.38666666666666666
