VFSBrowser:0.49
BrowserView:0.3433333333333333
BrowserIORequest:0.3076666666666667
DockableLayout:0.2866666666666667
TextAreaPainter:0.27666666666666667
BufferIORequest:0.25333333333333335
IndentFoldHandler:0.1
IOProgressMonitor:0.07666666666666666
