TodoEditorCore:0.7566666666666667
ItemRenderer:0.3222222222222222
