Environment:0.4266666666666667
FileHandler:0.4
Utilities:0.29333333333333333
WikiBase:0.23483333333333334
AdminController:0.21
FileNotify:0.20277777777777778
AbstractSearchEngine:0.2
FileSearchEngine:0.09
DatabaseSearchEngine:0.08666666666666667
