Tool:0.4533333333333333
ImageEditorCore:0.3933333333333333
BrushTool:0.36666666666666664
LineTool:0.23
SelectionTool:0.17333333333333334
