Session:0.7033333333333334
Database:0.6633333333333333
