Error:0.5666666666666667
Cache:0.44333333333333336
NodeAVLDiskLarge:0.24333333333333335
RowStoreAVL:0.23666666666666666
HsqlDatabaseProperties:0.21587301587301586
Result:0.21194444444444446
RowStoreAVLDisk:0.19333333333333333
HashSet:0.19333333333333333
PersistentStore:0.18837301587301591
RowStoreAVLHybrid:0.18666666666666668
DataFileCache:0.18638888888888888
RowStoreAVLDiskData:0.17333333333333334
SimpleStore:0.15333333333333332
