View:0.45
BufferSet:0.43
EditPane:0.3333333333333333
BufferSetManager:0.32666666666666666
ViewOptionPane:0.17333333333333334
BufferSetWidget:0.15
