FileVFS:0.20638062
jEdit:0.17827214
VFS:0.14927486
Buffer:0.1395445
GUIUtilities:0.10202003
VFSBrowser:0.09565905
Macros:0.09267314
TextUtilities:0.09145945
VFSManager:0.08246717
JARClassLoader:0.078810275
CurrentDirectoryMenu:0.07550081
AllBufferSet:0.072740234
Abbrevs:0.070234165
BufferIORequest:0.068042986
BrowserView:0.0644734
Log:0.06328977
HistoryModel:0.062922195
HelpViewer:0.058727562
EditPlugin:0.057090692
Roster:0.05590189
PluginList:0.05578153
JEditTextArea:0.055569835
SearchAndReplace:0.054614015
SearchDialog:0.050815936
Mode:0.044133946
RE:0.04377575
VFSFileChooserDialog:0.039409917
OperatingSystem:0.035638127
ModeCatalogHandler:0.0326376
RESearchMatcher:0.031949915
RecentFilesMenu:0.03162968
PluginManager:0.031279877
PluginResURLConnection:0.029308211
InputHandler:0.028811222
RecentDirectoriesMenu:0.026177973
WindowTableModel:0.024368208
InstallPluginsDialog:0.024078896
ToolBarEditDialog:0.02167266
ContextOptionPane:0.020574221
AbbrevsModel:0.018805664
CompleteWord:0.018384933
ToolBarOptionPane:0.01754053
ShortcutsOptionPane:0.017447472
DirectoryListSet:0.012418274
TipOfTheDay:0.011933477
StyleTableModel:0.01004917
ColorTableModel:0.009691594
ContextAddDialog:0.0067427014
LogViewer:0.005285888
