SearchThread:0.4533333333333333
SearchWindow:0.4166666666666667
EntryListPane:0.2866666666666667
Match:0.05333333333333334
