OptionsDialog:0.2966666666666667
TokenMarker:0.285
HyperSearchResults:0.26888888888888884
PanelWindowContainer:0.25
MouseHandler:0.18
KeyHandler:0.10527777777777778
