Europe:0.7966666666666666
EuropePanel:0.39666666666666667
InPortPanel:0.34
DocksPanel:0.26666666666666666
ToAmericaPanel:0.24666666666666667
TrainDialog:0.12333333333333334
