Preferences:0.5855555555555555
MainWindowMenuHandler:0.4533333333333333
MainWindowMenu:0.36
MachineTranslateTextArea:0.32
