Database:0.14207432
Session:0.09433719
SchemaManager:0.068422064
TransactionManagerMVCC:0.048813008
TransactionManagerCommon:0.04841973
TransactionManager2PL:0.045384225
StatementCommand:0.0444933
TransactionManagerMV2PL:0.043733157
StatementSchema:0.036753822
TableWorks:0.029980613
ParserDDL:0.022206154
Schema:0.016794465
