ClientConnection:0.2281693
SessionInterface:0.18689935
Database:0.13074386
SessionContext:0.11608379
SessionData:0.090439826
TransactionManagerMVCC:0.08444029
StatementCommand:0.072089255
ParserCommand:0.06762163
StatementSession:0.065565534
StatementManager:0.06275003
StatementSchema:0.05832768
Statement:0.057995375
Table:0.05785795
TransactionManager2PL:0.0565492
SchemaManager:0.052881952
StatementSchemaDefinition:0.052772574
StatementCompound:0.05161557
Routine:0.050858893
TransactionManagerCommon:0.04987935
TransactionManagerMV2PL:0.049471263
Scanner:0.04759505
StatementDMQL:0.047077067
TextTable:0.04671748
StatementDML:0.04577332
HsqlException:0.04240285
ParserRoutine:0.041567065
ParserBase:0.041461024
QuerySpecification:0.0414458
TransactionManager:0.041440427
Constraint:0.04046994
RowAction:0.040215425
FunctionCustom:0.040014997
ParserDDL:0.039204173
SessionManager:0.039038576
QueryExpression:0.03830351
DatabaseManager:0.038279094
NumberSequence:0.037333976
HsqlDateTime:0.037328705
Expression:0.037100703
TriggerDef:0.03710001
ParserTable:0.034789536
StatementSignal:0.03345346
StatementSimple:0.03342594
TableWorks:0.033314653
View:0.033216078
TableBase:0.032014355
StatementResultUpdate:0.030867463
StatementSet:0.030135179
ParserDML:0.028466692
ExpressionTable:0.028391793
StatementHandler:0.027573464
ParserDQL:0.027402604
StatementExpression:0.027357807
FunctionSQL:0.026897287
ExpressionColumn:0.026090179
RowActionBase:0.026051207
TableDerived:0.025985977
ExpressionLogical:0.02560043
ColumnSchema:0.025535686
RangeVariable:0.025276488
SetFunction:0.024569526
StatementProcedure:0.024384245
Schema:0.02411492
RoutineSchema:0.023245482
TriggerDefSQL:0.02214063
FunctionSQLInvoked:0.021559985
ExpressionAccessor:0.021446
StatementQuery:0.0212211
ExpressionOp:0.020703103
StatementInsert:0.020090433
ExpressionArrayAggregate:0.019945834
ExpressionAggregate:0.019160388
StatementTypes:0.019056283
ExpressionLike:0.018033309
Like:0.017852224
ExpressionArithmetic:0.017667975
SchemaObject:0.017553892
StatementCursor:0.017536856
RangeVariableJoined:0.017465949
ExpressionOrderBy:0.016730838
SortAndSlice:0.015408236
ExpressionValue:0.013697073
Row:0.013354622
DatabaseURL:0.011475622
RangeVariableResolver:0.010739826
RowDiskDataChange:0.009745978
ExpressionColumnAccessor:0.009216597
Tokens:0.0
