IntervalType:0.3314284
DTIType:0.2407481
NumberType:0.23171343
DateTimeType:0.19636577
CharacterType:0.18060924
OtherType:0.17788918
BinaryType:0.17105818
RowType:0.16676472
BitType:0.16458198
ArrayType:0.15254404
BooleanType:0.14827338
NullType:0.14788653
IntervalMonthData:0.14668564
Types:0.1419548
IntervalSecondData:0.12908797
BlobType:0.1260855
ClobType:0.12323946
UserTypeModifier:0.10761637
Collation:0.047216363
Charset:0.036331642
BinaryData:0.033870105
