DefaultNumberRule:0.1454772
Number:0.08739749
ZeroOneNumberRule:0.08269546
OtherNumberRule:0.072220705
PluralNumberRule:0.070962556
DualNumberRule:0.061116714
Messages:0.050783187
Rule:0.028424634
