Number:0.49328536
Messages:0.25355583
