ErrorReport:0.49333333333333335
TagValidationTest:0.3466666666666667
TagValidationTool:0.2922222222222222
