DataFileCacheSession:0.36962193
TextCache:0.28081757
RowStoreAVLDisk:0.112736225
DataFileDefrag:0.11245145
Cache:0.10448872
RowStoreAVLDiskData:0.10073342
PersistentStore:0.0826801
ScaledRAFile:0.07425215
Logger:0.07286014
RowStoreAVL:0.072433576
Log:0.06832651
RowStoreAVLMemory:0.062648
RAShadowFile:0.045125555
RowStoreAVLHybrid:0.042737205
CachedObject:0.03601839
HsqlDatabaseProperties:0.033035807
ScaledRAFileSimple:0.031511463
PersistentStoreCollectionSession:0.021879856
RandomAccessInterface:0.018965783
DataFileBlockManager:0.01289509
