PluginClassLoader:0.44
Desktop:0.355
Title:0.33
DeskletWidget:0.3006666666666667
DeskletLoader:0.26666666666666666
