TemplateTag:0.42863816
WikiReferenceTag:0.24353749
JFlexParser:0.20185217
JFlexLexer:0.18633346
HtmlLinkTag:0.17497425
WikiLinkTag:0.1729023
JavascriptTag:0.15744591
ParserFunctionUtil:0.13832776
ImageLinkTag:0.13814865
WikiHeadingTag:0.13291049
WikiReferencesTag:0.09174341
NoIncludeTag:0.08248347
JFlexTagItem:0.081841156
IncludeOnlyTag:0.07957121
WikiSignatureTag:0.06697997
HtmlTagItem:0.023120286
