ActionManager:0.43421748
FreeColAction:0.14415377
