ActionManager:0.43980932
FreeColAction:0.14689139
