ActionManager:0.44236714
FreeColAction:0.14814411
