ActionManager:0.4024524
FreeColAction:0.12852764
