ActionManager:0.5008262
FreeColAction:0.1588832
