ActionManager:0.43275914
FreeColAction:0.14344011
