UI:0.64
MScrollPane:0.58
ImageEditor:0.21333333333333335
Console:0.21333333333333335
SwingWebBrowser:0.20666666666666667
FeedComponent:0.20666666666666667
MAboutDialog:0.20333333333333334
SummaryPanel:0.2
MColorPicker:0.2
AbstractTextEditor:0.19666666666666666
TreePanel:0.17
PluginSettingsTab:0.17
