Expression:0.22638492
QueryExpression:0.2197486
ExpressionColumn:0.19825001
RangeVariable:0.18653654
RangeVariableJoined:0.16749778
ParserDML:0.15236126
RangeVariableResolver:0.14973818
ParserDQL:0.13168366
SortAndSlice:0.12283007
ExpressionLogical:0.10934147
ParserRoutine:0.1050807
StatementDML:0.09710128
Table:0.09528246
Constraint:0.074512415
ExpressionOp:0.07363965
SessionContext:0.06775717
View:0.05658055
ExpressionOrderBy:0.045220677
ExpressionValue:0.037104476
Session:0.03526739
ColumnSchema:0.031674206
TableBase:0.026093772
HsqlNameManager:0.025215622
Database:0.024435453
TableDerived:0.019196782
SessionData:0.01575745
SchemaObject:0.015448661
OpTypes:0.0050537223
ColumnBase:0.0037746953
SqlInvariants:0.0010640952
Tokens:0.0
