ExpressionAggregate:0.16057727
OpTypes:0.08001627
Session:0.017657513
