InGameController:0.4533333333333333
Goods:0.38
Canvas:0.37666666666666665
CaptureGoodsDialog:0.3233333333333333
GoodsItem:0.3138888888888889
SwingTask:0.25333333333333335
LootCargoMessage:0.13666666666666666
CheckBoxRenderer:0.11666666666666667
