JEditTextArea:0.4866666666666667
SearchAndReplace:0.41333333333333333
CharIndexedSegment:0.24
SearchMatcher:0.24
FoldVisibilityManager:0.23333333333333334
BrowserJTree:0.19444444444444445
BoyerMooreSearchMatcher:0.18666666666666668
HyperSearchRequest:0.17444444444444446
RESearchMatcher:0.08
