PropertiesPanel:0.56
PropertiesBar:0.5233333333333333
Submenu:0.3466666666666667
TagsMenu:0.17
