Tile:0.5933333333333334
Unit:0.48
River:0.36333333333333334
TileItemContainer:0.29
TileTest:0.25666666666666665
MapGenerator:0.21333333333333335
TerrainGenerator:0.21333333333333335
MovementTest:0.15666666666666668
CombatTest:0.13
TileTypeTransform:0.11666666666666667
RiverTransform:0.08
