UI:0.66
MColor:0.3233333333333333
SimpleProgressBar:0.27666666666666667
MProgressIcon:0.19
MProgressBar:0.15333333333333332
AdvancedProperties:0.14333333333333334
