KeyEventTranslator:0.52082765
DefaultInputHandler:0.3685206
ActionBar:0.34189394
GrabKeyDialog:0.300595
View:0.18190925
CompleteWord:0.16403769
Debug:0.013607875
OperatingSystem:0.006076344
