MButton:0.10903623
MSmallButton:0.105934806
MDialog:0.09975069
UI:0.0844041
ActionGroup:0.07135914
MMessage:0.059340406
MAction:0.05714118
MIcon:0.055776082
MText:0.04383416
MLogger:0.033106428
TK:0.03092997
MUndoManager:0.029705042
Flags:0.02706389
FS:0.015010986
WTFError:0.0045390856
Property:0.0041580084
EnumProperty:0.002556093
