MiscUtilities:0.72
JEditTextArea:0.4066666666666667
BrowserJTree:0.20444444444444446
KeyHandler:0.15666666666666668
