SessionManager:0.42
EditorQuickFind:0.33
Armor:0.29333333333333333
Permission:0.14333333333333334
