SVGInputFormat:0.4633333333333333
ODGInputFormat:0.37666666666666665
PaletteToolBarUI:0.3433333333333333
SVGTextAreaFigure:0.20833333333333334
OpenFileAction:0.19666666666666666
AbstractSaveUnsavedChangesAction:0.19666666666666666
SaveFileAction:0.19
OpenApplicationFileAction:0.15
OpenRecentFileAction:0.15
