SqlFile:0.5033333333333333
RB:0.4166666666666667
SharedFields:0.32022222222222224
TokenList:0.31666666666666665
RefCapablePropertyResourceBundle:0.3
SqlFileScanner:0.29
SqlTool:0.23666666666666666
ValidatingResourceBundle:0.23
AppendableException:0.19666666666666666
SqltoolRB:0.16666666666666666
TarGenerator:0.16666666666666666
TarHeaderFields:0.16
SqlToolSprayer:0.09333333333333334
PIFData:0.08666666666666667
