PioneeringMission:0.27769363
BuildColonyMission:0.25580847
WishRealizationMission:0.24315259
ScoutingMission:0.23155808
UnitSeekAndDestroyMission:0.21278682
DefendSettlementMission:0.20669116
Mission:0.19519702
CashInTreasureTrainMission:0.18185052
