MainWindow:0.3616666666666667
MMessage:0.3333333333333333
MSmallColorChooser:0.29333333333333333
SummaryPanel:0.26666666666666666
ColorPaletteMenuAdapter:0.17666666666666667
ConfigureAction:0.1511111111111111
