ResourceUtil:0.7533333333333333
Utilities:0.48
Environment:0.35
WikiUtil:0.25666666666666665
UtilitiesTest:0.23666666666666666
WikiDatabase:0.22583333333333333
TestFileUtil:0.21666666666666667
ServletUtil:0.20666666666666667
DatabaseConnection:0.20333333333333334
WikiConfiguration:0.19333333333333333
SpamFilter:0.16444444444444445
TranslationServlet:0.16
AbstractJAMWikiCustomTagLexer:0.14
LocalDataSource:0.12
ResourceUtilTest:0.03916666666666667
