Link:0.72
LinkEditor:0.3466666666666667
ImportExport:0.32666666666666666
LinkEditorPlugin:0.24666666666666667
ExportAction:0.13666666666666666
AbstractImportExportAction:0.1
