FullScreenFrame:0.47836196
WindowedFrameListener:0.07119651
Canvas:0.015128575
