ClipboardException:0.048606098
TK:0.029863812
MLogger:0.017661905
MText:0.013991975
