JDBCCommonDataSource:0.2882823
JDBCDriver:0.24501862
Util:0.109962784
JDBCDataSourceFactory:0.10391547
