TransactionManager:0.42752156
TransactionManagerCommon:0.42060667
RowAction:0.3308741
Session:0.29532027
Row:0.19456758
RowActionBase:0.19284964
SessionManager:0.08483287
SessionContext:0.083690025
TableBase:0.05953421
Table:0.057915553
Database:0.05762281
SchemaManager:0.05136671
SessionInterface:0.039843265
StatementManager:0.038944576
Statement:0.03498338
HsqlException:0.0030321656
SqlInvariants:0.0010901989
