TransactionManager:0.47035
TransactionManagerCommon:0.47004238
RowAction:0.27016217
Session:0.22714868
Row:0.17744967
SessionContext:0.07881294
SessionManager:0.06728084
Table:0.057324436
Database:0.05618801
TableBase:0.05423953
SchemaManager:0.0445672
StatementManager:0.034979887
Statement:0.024822196
