TransactionManager:0.66325384
TransactionManagerCommon:0.47684714
RowAction:0.34605554
Session:0.30368453
RowActionBase:0.2677668
Row:0.19739354
SessionContext:0.112915054
SessionManager:0.08574346
Database:0.07923762
Table:0.07037296
SchemaManager:0.054462086
StatementManager:0.0496502
Statement:0.03443614
