Expression:0.46610832
ExpressionLogical:0.41483012
RangeVariable:0.38616684
QuerySpecification:0.33063626
RangeVariableJoined:0.2532341
FunctionSQLInvoked:0.24441516
ExpressionAggregate:0.24123089
ExpressionArrayAggregate:0.21734492
Table:0.17723508
ParserDML:0.170245
QueryExpression:0.14312287
SortAndSlice:0.124483705
StatementDMQL:0.113521494
ParserDDL:0.10681172
StatementDML:0.105899446
Token:0.105417304
ParserDQL:0.10346983
TableDerived:0.09860784
ColumnSchema:0.087144226
SessionContext:0.07660061
OpTypes:0.065093
SchemaManager:0.05976876
NumberSequence:0.053175487
HsqlNameManager:0.046782367
FunctionCustom:0.04614811
RangeGroup:0.040268403
Session:0.03017127
Database:0.030169645
Statement:0.025267756
SchemaObject:0.023651022
ParserCommand:0.0205172
ColumnBase:0.017615162
SessionData:0.011504427
Tokens:0.0
