QueryExpression:0.25956216
Expression:0.24934153
ExpressionColumn:0.23658808
RangeVariable:0.20922802
RangeVariableJoined:0.19521101
RangeVariableResolver:0.18328895
ParserDML:0.16666101
ParserDQL:0.12926783
SortAndSlice:0.12905279
ExpressionLogical:0.11910813
Table:0.111278065
StatementDML:0.10415469
ParserRoutine:0.09966741
ExpressionAggregate:0.092186935
Constraint:0.08152235
ExpressionOp:0.0808108
SessionContext:0.074113436
TableDerived:0.056299888
ExpressionOrderBy:0.044533137
ColumnSchema:0.03799188
RangeGroup:0.037271272
ExpressionValue:0.036462054
View:0.035286102
Session:0.03368184
TableBase:0.028896373
Database:0.028542329
HsqlNameManager:0.02690648
SchemaObject:0.018318292
SessionData:0.016801799
OpTypes:0.0048028966
ColumnBase:0.0042025396
SqlInvariants:0.0012612287
Tokens:0.0
