RowStoreAVLHybrid:0.7365245
RowStoreAVL:0.5505717
CachedObject:0.07676247
Logger:0.055744044
DataFileCache:0.051332153
TableSpaceManager:0.021919416
PersistentStoreCollection:0.008027125
