ScriptWriterBase:0.24426226
ScriptWriterEncode:0.08589266
ScriptReaderText:0.039934732
ScriptReaderBase:0.02586977
ScriptReaderDecode:0.020623958
