QuerySpecification:0.08699298
RangeVariable:0.08170109
StatementDML:0.080204695
ExpressionColumn:0.07170205
StatementDMQL:0.05649343
StatementCompound:0.048394244
Table:0.03701527
Session:0.03393626
Routine:0.033475343
ParserRoutine:0.029062362
TableDerived:0.019842703
StatementSet:0.01767417
StatementSession:0.016156688
TransactionManagerMVCC:0.014946481
TransactionManagerCommon:0.014707212
StatementResultUpdate:0.014287835
TransactionManagerMV2PL:0.013870496
ParserCommand:0.013810389
FunctionCustom:0.0123874415
SessionData:0.011950955
TriggerDefSQL:0.0117275845
RangeGroup:0.011583043
StatementProcedure:0.010942998
TransactionManager2PL:0.009474028
ColumnSchema:0.0072615314
Statement:0.0068790484
StatementCursor:0.004244278
