TableDerived:0.34090844
Table:0.2569486
TableBase:0.1587709
ColumnSchema:0.1496176
View:0.14947118
ParserDDL:0.1274663
HsqlNameManager:0.11458657
SchemaManager:0.087956116
Database:0.03237373
