BaseHashMap:0.6566666666666666
HashIndex:0.5433333333333333
ValuePoolHashMap:0.23
