jEdit:0.6833333333333333
Buffer:0.6566666666666666
View:0.46
TextAreaPainter:0.32
KeyHandler:0.25666666666666665
Renderer:0.23666666666666666
VFSBrowser:0.23
CompleteWord:0.20666666666666667
ButtonLayout:0.19
InputHandler:0.18777777777777777
PanelWindowContainer:0.17666666666666667
EditServer:0.16
AppearanceOptionPane:0.12333333333333334
FileCellRenderer:0.1
