FreeColActionUI:0.14416489
OptionUI:0.099881545
OptionUpdater:0.06229061
