IntegerOption:0.23771925
AbstractOption:0.1487209
