TK:0.8466666666666667
MTogglePanel:0.2966666666666667
TaskPanel:0.2733333333333333
