Desktop:0.5166666666666667
WidgetDesktopPaneUI:0.44333333333333336
Action:0.37
DesktopPanel:0.20666666666666667
IntegerProperty:0.19333333333333333
