FS:0.8666666666666667
Group:0.39444444444444443
PluginDownloader:0.2633333333333333
HistoryCommand:0.2633333333333333
