PersistentStore:0.82379615
BlockObjectStore:0.25866967
CachedObject:0.13471195
DataFileCache:0.1322556
TableSpaceManager:0.03034572
