ParserDDL:0.6563793
SchemaManager:0.5399366
TableWorks:0.27548394
Table:0.2549284
StatementCommand:0.2509748
StatementSchemaDefinition:0.24639378
Database:0.22118995
StatementTypes:0.22034363
Routine:0.2102262
SchemaObject:0.19331166
ColumnSchema:0.18579122
Constraint:0.16729832
View:0.15749297
Statement:0.15730965
Schema:0.14664815
RoutineSchema:0.14639556
TriggerDef:0.13856573
ParserCommand:0.13831097
Session:0.13507383
StatementDMQL:0.13410288
NumberSequence:0.13246419
ParserRoutine:0.13041657
Expression:0.113650344
TriggerDefSQL:0.09644962
TableBase:0.09533159
ParserBase:0.06830503
SqlInvariants:0.060288653
SessionData:0.05911057
SessionManager:0.058072347
Token:0.058007456
HsqlException:0.037726976
ColumnBase:0.027808284
Row:0.010677889
