TransactionManagerCommon:0.38220185
RowAction:0.355142
TransactionManager:0.3479711
Session:0.28997397
Row:0.19842474
RowActionBase:0.18386675
TableBase:0.078978665
SessionManager:0.07676524
SessionContext:0.06623404
Table:0.05789868
Database:0.05652527
SchemaManager:0.05232354
SessionInterface:0.039516166
Statement:0.03673562
StatementManager:0.036139112
HsqlException:0.004537569
SqlInvariants:0.0011696758
