Query:0.26387894
SortComparator:0.10143884
