VersionInfo:0.44363603
VersionPanel:0.31074965
VersionException:0.1014074
