Player:0.6433333333333333
NationOptions:0.42333333333333334
Game:0.37666666666666665
Canvas:0.33
FreeColServer:0.2977777777777778
StartGamePanel:0.2833333333333333
ConnectController:0.23333333333333334
PreGameController:0.21666666666666667
FreeColTestCase:0.18333333333333332
UserConnectionHandler:0.18333333333333332
PreGameInputHandler:0.16
GameTest:0.08
ClientTestHelper:0.07333333333333333
NationStateRenderer:0.0
