ServerPlayer:0.7533333333333333
Region:0.3933333333333333
InGameController:0.33
StanceChange:0.2811111111111111
