Buffer:0.43
VFSBrowser:0.3233333333333333
EnhancedMenu:0.29333333333333333
KeyEventWorkaround:0.29
ActionBar:0.2866666666666667
View:0.2633333333333333
WorkThreadPool:0.26
BrowserView:0.21722222222222218
BrowserIORequest:0.19666666666666666
RingListModel:0.14333333333333334
DirectoryLoadedAWTRequest:0.07666666666666666
EditBusStub:0.0033333333333333335
