MainWindowMenuHandler:0.16516185
MainWindow:0.110945314
MainWindowUI:0.0893531
IMainWindow:0.07288899
