IndianNationType:0.5566666666666666
ColopediaPanel:0.39
ReportIndianPanel:0.24333333333333335
