Query:0.9
MetaInfoList:0.30333333333333334
StatsPanel:0.3
SearchPane:0.19666666666666666
