FunctionSQL:0.4966818
ExpressionArithmetic:0.34221426
ExpressionOp:0.30459398
ExpressionLogical:0.23207748
ExpressionValue:0.18543419
Expression:0.17675231
ExpressionColumn:0.15343235
ParserDQL:0.089043446
SortAndSlice:0.06851891
HsqlDateTime:0.058190137
Session:0.057760686
Database:0.032556113
SessionInterface:0.030895326
SessionContext:0.030687848
SessionData:0.026317779
HsqlException:0.017530644
TransactionManager:0.012770481
OpTypes:0.0085140765
Tokens:0.0
