SchemaManager:0.24687418
ParserDDL:0.17092733
RoutineSchema:0.16660939
Routine:0.15862359
Table:0.15233517
SqlInvariants:0.1504717
TriggerDef:0.14315645
SchemaObject:0.13151748
TableUtil:0.1229921
TableWorks:0.11188635
ExpressionColumn:0.109743975
ParserRoutine:0.08981924
StatementCompound:0.08921275
Database:0.07982342
QueryExpression:0.07367258
TextTable:0.07340496
ParserDQL:0.07324767
QuerySpecification:0.073056854
TypeInvariants:0.058447044
TriggerDefSQL:0.029349085
Tokens:0.0
