ParserInput:0.55
JFlexParserUtil:0.47
TemplateTag:0.24333333333333335
HtmlLinkTag:0.19
AbstractHeadingTag:0.17222222222222225
OnlyIncludeTag:0.14666666666666667
WikiLinkTag:0.13888888888888887
FacebookTag:0.13333333333333333
TwitterTag:0.13333333333333333
