MDate:0.20898971
MCalendar:0.19989605
MText:0.101947606
AbstractSpinner:0.06783215
MMenu:0.02027706
UI:0.017360115
MAction:0.010431994
