BitMap:0.44666666666666666
DataFileCache:0.27666666666666667
DataFileDefrag:0.26666666666666666
Routine:0.24966666666666668
DataSpaceManagerBlocks:0.2425
RowStoreAVLDisk:0.23666666666666666
RowStoreAVLHybrid:0.21333333333333335
