SearchAndReplace:0.11688472
SearchMatcher:0.06762883
BeanShell:0.042584453
NameSpace:0.03867982
CharIndexed:0.024811177
BshMethod:0.013183007
