jEdit:0.17729189
EditPlugin:0.16367106
Buffer:0.125657
Macros:0.122206196
VFSBrowser:0.11643174
MiscUtilities:0.109748006
PanelWindowContainer:0.103429765
EditAction:0.10262178
View:0.10069066
HistoryTextField:0.093389675
JEditTextArea:0.08211718
EditPane:0.07454752
VFSManager:0.072008006
SearchAndReplace:0.068812296
Log:0.06865741
BeanShell:0.06849727
HyperSearchResults:0.066773355
Gutter:0.06460013
EnhancedMenuItem:0.06455459
HelpViewer:0.0604922
BrowserView:0.059222665
EnhancedCheckBoxMenuItem:0.05871946
GrabKeyDialog:0.05660497
EnhancedMenu:0.05303385
ToolBarOptionPane:0.05223101
ToolBarEditDialog:0.050239135
SearchDialog:0.05005824
RecentFilesMenu:0.049295112
InputHandler:0.048202682
VFSFileChooserDialog:0.04572332
RecentDirectoriesMenu:0.04553074
VariableGridLayout:0.045198385
BufferPrintable:0.043864015
OperatingSystem:0.043038733
ColorWellButton:0.042007435
BrowserCommandsMenu:0.041066375
StyleTableModel:0.039934333
MarkersMenu:0.03913967
OptionsDialog:0.03793877
DirectoryMenu:0.037598506
MacrosMenu:0.037533134
MacOSPlugin:0.03733664
ContextOptionPane:0.03678705
HelpSearchPanel:0.034181535
CloseDialog:0.03412526
PluginManager:0.03174998
FoldVisibilityManager:0.03053491
AppearanceOptionPane:0.029897476
AbbrevsOptionPane:0.028660422
StyleEditor:0.028255032
BufferOptions:0.028014481
SyntaxStyle:0.027182883
ShortcutsOptionPane:0.026129147
QuickNotepadToolPanel:0.025305506
QuickNotepadOptionPane:0.025168011
CompleteWord:0.024934674
FileCellRenderer:0.023998123
PastePrevious:0.023799933
FloatingWindowContainer:0.02220873
QuickNotepad:0.022166852
FontSelector:0.021742437
ContextAddDialog:0.020631252
Token:0.020137798
PluginManagerProgress:0.018104682
PluginListDownloadProgress:0.018017033
Roster:0.017028384
BrowserColorsOptionPane:0.016944494
DockingOptionPane:0.0156691
EnhancedButton:0.0147941895
Java14:0.014292723
AddAbbrevDialog:0.012031384
XModeHandler:0.01149201
QuickNotepadPlugin:0.011430543
LatestVersionPlugin:0.010441449
IOProgressMonitor:0.008551806
SelectLineRange:0.008041748
HyperSearchRequest:0.006302014
