MMessage:0.7133333333333334
MFrame:0.29333333333333333
MMainWindow:0.2733333333333333
Wizard:0.19250000000000003
ChartPanel:0.1813888888888889
SDK:0.15444444444444444
