Vars:0.5986666666666667
MTreeItem:0.4633333333333333
SummaryData:0.32
MTreeModel:0.21666666666666667
SummaryPanel:0.17
SortAction:0.11666666666666667
NodeComparator:0.06
