JDBCXAConnectionWrapper:0.28740525
JDBCXADataSource:0.22632477
JDBCXAResource:0.16895899
JDBCPooledConnection:0.12509738
