ColonyPanel:0.49333333333333335
ColopediaPanel:0.4066666666666667
FreeColPanel:0.2966666666666667
EuropePanel:0.27
ReportPanel:0.25333333333333335
FindSettlementDialog:0.1611111111111111
TradeRouteInputDialog:0.15944444444444442
TradeRouteDialog:0.11666666666666667
