DataSpaceManager:0.55
PersistentStore:0.51
RowStoreAVL:0.43166666666666664
Cache:0.4166666666666667
TextCache:0.36333333333333334
DataSpaceManagerBlocks:0.3333333333333333
TableSpaceManagerBlocks:0.28833333333333333
DirectoryBlockCachedObject:0.28361111111111115
DataFileCache:0.28
RowStoreAVLHybrid:0.22
RowStoreAVLDisk:0.20666666666666667
RowStoreAVLHybridExtended:0.20333333333333334
TextTable:0.2
RowStoreAVLDiskData:0.18333333333333332
Log:0.17833333333333334
BitMapCachedObject:0.17333333333333334
DataSpaceManagerSimple:0.17333333333333334
IntArrayCachedObject:0.17333333333333334
BlockObjectStore:0.16
DatabaseInformationFull:0.15
