GoodsTest:0.61
FreeColTestCase:0.3466666666666667
ColonyProductionTest:0.3333333333333333
