Roster:0.13730377
PluginManager:0.12926969
jEdit:0.07158629
GUIUtilities:0.052429043
