Figure:0.6633333333333333
DrawingModel:0.5216666666666666
SimpleDrawingView:0.3433333333333333
AbstractTool:0.2633333333333333
MoveHandle:0.21
PointHandle:0.19
AbstractDrawingModel:0.16
ConnectionPointHandle:0.15666666666666668
