Settlement:0.5236111111111111
Unit:0.5133333333333333
IndianNationType:0.35865079365079366
IndianSettlement:0.31333333333333335
ImageLibrary:0.2733333333333333
