Database:0.5966666666666667
TableFilter:0.42333333333333334
HsqlDatabaseProperties:0.41
