ConnectionFigure:0.22931936
BezierFigure:0.06807374
AbstractFigure:0.053265102
LabeledLineConnectionFigure:0.045703277
Figure:0.040109985
LineFigure:0.03859563
DrawingView:0.0
Drawing:0.0
