RB:0.43
TarHeaderFields:0.4083333333333333
TarReader:0.3233333333333333
TarFileInputStream:0.23666666666666666
TarEntrySupplicant:0.22583333333333333
TarFileOutputStream:0.21666666666666667
TarGenerator:0.19333333333333333
TarEntryHeader:0.18583333333333332
DbBackup:0.17333333333333334
PIFGenerator:0.12
PIFData:0.05
