WikiBase:0.6466666666666666
JAMController:0.5633333333333334
AdminController:0.2
TopicController:0.16
EditServlet:0.15
AbstractNotify:0.14
MemberServlet:0.13666666666666666
LockListServlet:0.13
LoginServlet:0.13
ImportServlet:0.12
AbstractWikiMembers:0.11333333333333333
RecentChangesServlet:0.11333333333333333
SearchServlet:0.10333333333333333
RSSServlet:0.10333333333333333
PrintableServlet:0.10333333333333333
AttachServlet:0.09666666666666666
VirtualWikiServlet:0.09666666666666666
DiffServlet:0.09333333333333334
HistoryServlet:0.09
