Canvas:0.4766666666666667
BuildQueue:0.44666666666666666
BuildQueuePanel:0.26666666666666666
BuildQueueTransferHandler:0.16
BuildQueueCellRenderer:0.15
