CategoryListEditor:0.37691012
CategoryMenu:0.35816213
Category:0.124949895
