SummaryData:0.7266666666666667
Vars:0.39533333333333337
TasksSettings:0.21666666666666667
