HighScore:0.6766666666666666
FreeColServer:0.36333333333333334
ReportHighScoresPanel:0.24666666666666667
