MTextFieldPanel:0.6883333333333334
SearchBar:0.3333333333333333
AddRemovePanel:0.205
