IEditor:0.6016666666666667
SegmentBuilder:0.4066666666666667
EditorUtils:0.36666666666666664
EditorController:0.29
MainWindowMenuHandler:0.27666666666666667
EntryMarks:0.19777777777777777
DocumentFilter3:0.16111111111111112
InsertTagsPopup:0.13666666666666666
GlossaryTextAreaTest:0.11
SearchWindowTest:0.11
