TextArea:0.5833333333333334
jEdit:0.5533333333333333
JEditActionContext:0.24749999999999994
MouseActions:0.23666666666666666
JEditTextArea:0.22333333333333333
