LinkTag:0.4666666666666667
WatchlistTag:0.27666666666666667
AlternateTag:0.2
ImageLinkTag:0.18333333333333332
TextTag:0.18
AbstractButtonTag:0.15
AuthMsgTag:0.12
PaginationTag:0.12
LinkParamTag:0.11333333333333333
