Tile:0.5766666666666667
Player:0.53
GUI:0.25333333333333335
