MLabel:0.054680802
UI:0.037426617
MAction:0.016567705
