FS:0.6933333333333334
Config:0.5933333333333334
MText:0.3233333333333333
Widget:0.31166666666666665
HistoryCommand:0.23
ScriptExecutor:0.20333333333333334
HelpAction:0.13333333333333333
