Expression:0.6333333333333333
Select:0.38333333333333336
DatabaseCommandInterpreter:0.30333333333333334
Function:0.25833333333333336
CompiledStatement:0.23166666666666666
TableFilter:0.22
Like:0.19
