Colony:0.5266666666666666
Building:0.35333333333333333
BuildingType:0.34
PreCombatDialog:0.31
Canvas:0.2833333333333333
ColonyTile:0.27666666666666667
ColopediaPanel:0.23594444444444443
DragListener:0.17333333333333334
ColonyTileProductionPanel:0.16333333333333333
FreeColPanel:0.14333333333333334
