ColumnSchema:0.40512666
ParserTable:0.10475454
SchemaObject:0.08839611
QueryExpression:0.0651745
ExpressionColumn:0.054263525
QuerySpecification:0.049179155
StatementDMQL:0.048988417
Routine:0.047933936
StatementSchema:0.04526764
Table:0.042943325
ParserDDL:0.041078802
ParserRoutine:0.036212485
TableWorks:0.024579918
ParserDML:0.023195032
StatementProcedure:0.020703012
StatementCompound:0.014289126
