DatabaseManager:0.072133616
SessionManager:0.06713905
Session:0.057281744
StatementCommand:0.046770677
SchemaManager:0.044513796
Table:0.04071293
StatementSchema:0.036933407
ParserCommand:0.031149777
Routine:0.029260475
TextTable:0.027169144
StatementSession:0.026341021
QuerySpecification:0.023644421
StatementCompound:0.023612028
ParserRoutine:0.023163492
HsqlNameManager:0.022999296
ParserDDL:0.021384649
StatementSchemaDefinition:0.021362305
TransactionManagerCommon:0.020720072
TableWorks:0.020394042
Statement:0.019767534
View:0.018716682
Expression:0.018511906
TransactionManagerMVCC:0.018314742
ParserTable:0.018309793
ExpressionColumn:0.017862555
DatabaseURL:0.017720962
TableBase:0.017184716
SessionData:0.0170807
StatementDML:0.01707932
ParserDML:0.016860938
ParserDQL:0.01667538
QueryExpression:0.016484253
ExpressionLogical:0.015483588
FunctionCustom:0.01546268
SessionInterface:0.015453417
HsqlException:0.014591946
TransactionManager2PL:0.0141936885
FunctionSQL:0.01287588
TransactionManagerMV2PL:0.0125327995
ExpressionLike:0.01249564
TransactionManager:0.011286562
TableDerived:0.010852863
StatementManager:0.009294384
ExpressionArithmetic:0.009202088
Scanner:0.008862285
RowDiskDataChange:0.0066565103
SqlInvariants:0.004714254
SetFunction:0.0042583933
TableUtil:0.0030319337
Tokens:0.0
