FunctionSQL:0.49730968
ExpressionArithmetic:0.34334844
ExpressionOp:0.32617897
ExpressionLogical:0.23346385
ExpressionValue:0.18473113
Expression:0.17762081
ExpressionColumn:0.13405319
ParserDQL:0.08082394
SortAndSlice:0.06839497
HsqlDateTime:0.059160136
Session:0.058062084
Database:0.03267841
SessionInterface:0.031263635
SessionContext:0.027847448
SessionData:0.02739498
HsqlException:0.017645242
TransactionManager:0.012308198
OpTypes:0.008560251
Tokens:0.0
