ColumnSchema:0.2045893
Table:0.19108574
RoutineSchema:0.18692036
Routine:0.18501301
SchemaManager:0.1796518
Constraint:0.17620523
Schema:0.17099406
TriggerDef:0.16970466
StatementSchema:0.1586755
StatementDMQL:0.14511773
SchemaObjectSet:0.1392263
NumberSequence:0.13777557
View:0.12453803
TriggerDefSQL:0.11870891
ParserTable:0.116448395
ParserDDL:0.11251634
TableWorks:0.110972896
HsqlNameManager:0.104636714
ParserRoutine:0.10284654
ParserCommand:0.090654045
QueryExpression:0.08757436
StatementCommand:0.08316092
Expression:0.08140025
QuerySpecification:0.078696616
StatementCompound:0.07563473
StatementSet:0.07371574
ExpressionColumn:0.06765552
StatementDML:0.06466409
ParserDML:0.056036938
ParserDQL:0.05478921
Session:0.053003795
StatementProcedure:0.050029542
Token:0.04317838
ExpressionValue:0.0277906
SortAndSlice:0.022315199
ExpressionLogical:0.022024158
TypeInvariants:0.020466587
SqlInvariants:0.01839338
ColumnBase:0.014041224
