User:0.2751597
Grantee:0.25608635
GranteeManager:0.24830392
