FileUtil:0.65
ScriptItem:0.36333333333333334
FileUtilTest:0.30666666666666664
