Environment:0.6333333333333333
ServletUtil:0.51
EditServlet:0.26666666666666666
AdminServlet:0.24333333333333335
DatabaseUpgrades:0.19333333333333333
