EBComponent:0.30003017
EBPlugin:0.23136587
EBMessage:0.21321495
QuickNotepad:0.09422531
VFS:0.09204464
Macros:0.08306561
View:0.081593804
DockableWindowManager:0.07228275
PluginJAR:0.070766546
Java14:0.065092325
VFSBrowser:0.05722834
Debug:0.053077124
HelpViewer:0.052763656
LogViewer:0.050757956
EditPane:0.050679307
VFSManager:0.04985513
Buffer:0.0493614
EnhancedMenu:0.048628356
PluginManager:0.04598944
jEdit:0.042433012
HyperSearchResults:0.040564615
SearchAndReplace:0.031223692
SearchDialog:0.030254636
Log:0.02936825
BufferHistory:0.018151676
FavoritesVFS:0.01159676
