GUIUtilities:0.056404956
EditPlugin:0.05223857
EditBus:0.028426202
DynamicMenuChanged:0.025147423
EBMessage:0.023968328
jEdit:0.022775099
BeanShell:0.014163829
ActionContext:0.013540513
DynamicMenuProvider:0.011319542
OperatingSystem:0.008585016
EBComponent:0.008365623
PropertiesChanged:0.0030731445
