EBMessage:0.22393462
EBComponent:0.18296205
VFSBrowser:0.14486285
View:0.13813347
LogViewer:0.12949164
EditPane:0.12275388
PluginManager:0.12079865
VFS:0.111863695
DockableWindowManager:0.10646474
MacOSPlugin:0.10575503
QuickNotepad:0.093132205
jEdit:0.092719786
PluginJAR:0.0710914
EnhancedMenu:0.06722048
