jEdit:0.25727898
DirectoryListSet:0.09738341
VFSUpdate:0.096294336
VFS:0.07642158
VFSManager:0.06543916
MiscUtilities:0.058256354
Macros:0.055922676
BufferListSet:0.040171698
SearchAndReplace:0.0393654
EBMessage:0.0210226
SearchFileSet:0.019957587
EBComponent:0.014642181
