Buffer:0.05552987
KillRing:0.027858073
Log:0.0072766794
