MCalendarPanel:0.5983333333333334
GlassPainter:0.5316666666666666
CategoryListRenderer:0.26666666666666666
