MPanel:0.82
Content:0.30333333333333334
MMessage:0.21333333333333335
PropertyPanel:0.21
MLoginPanel:0.1766666666666667
Factory:0.13333333333333333
