GroupTree:0.56
MMessage:0.49666666666666665
SummaryCategory:0.29333333333333333
ListPanel:0.10666666666666667
