Console:0.41
Group:0.36666666666666664
CollectionMap:0.31333333333333335
QueryMenu:0.2966666666666667
AbstractTest:0.23666666666666666
PluginInstaller:0.18
TagsMenu:0.16
Sorter:0.13
FileSizeVisitor:0.1
