Table:0.58
Expression:0.32
HsqlProperties:0.32
Session:0.23416666666666666
ExpressionAggregate:0.23253968253968252
DatabaseInformationFull:0.20666666666666667
QuerySpecification:0.1925
JDBCClobFile:0.18666666666666668
ExpressionArrayAggregate:0.18142857142857144
StatementCommand:0.18
TransactionManagerMVCC:0.18
