UI:0.8366666666666667
LookAndFeelSettings:0.31666666666666665
PluginDownloader:0.2866666666666667
