Filters:0.5202777777777778
FeedThread:0.42333333333333334
MRegexPanel:0.4033333333333333
FilterItem:0.20555555555555557
Criteria:0.184
FilterNotificationAction:0.13333333333333333
