GHNSDialog:0.6116666666666667
PluginSettingsTab:0.4766666666666667
PluginInstaller:0.275
