jEdit:0.16692552
JEditTextArea:0.16400374
DisplayManager:0.14101481
LineManager:0.12644504
VFS:0.11534749
MiscUtilities:0.10810063
IndentFoldHandler:0.10375935
BufferIORequest:0.101528525
ExplicitFoldHandler:0.094062
Macros:0.09256857
TextUtilities:0.08511227
BufferChangeListener:0.0835373
FoldHandler:0.08259082
View:0.08253732
Registers:0.082395494
Selection:0.079781026
GUIUtilities:0.07842598
VFSManager:0.07633189
Mode:0.07611101
PluginJAR:0.07574523
SearchAndReplace:0.075656354
Abbrevs:0.07496196
DummyFoldHandler:0.074794285
BufferChangeAdapter:0.07394235
VFSBrowser:0.07136001
EditPane:0.06905303
TextAreaPainter:0.0676639
BeanShell:0.06646004
Log:0.06622159
FileVFS:0.06507075
Gutter:0.05732751
Java14:0.054717492
StatusBar:0.052204736
ChunkCache:0.05017627
RESearchMatcher:0.049914874
UndoManager:0.049538303
TokenMarker:0.04910005
PerspectiveManager:0.04890204
Marker:0.048729394
EditServer:0.04805269
HyperSearchResult:0.04727299
EditBus:0.046839435
BufferOptions:0.04625835
AllBufferSet:0.042091206
BufferUpdate:0.03998666
DefaultTokenHandler:0.03968518
RE:0.038785145
GrabKeyDialog:0.03664227
TokenHandler:0.034842066
DummyTokenHandler:0.034531873
InputHandler:0.034352228
VFSFileNameField:0.03375158
VFSDirectoryEntryTable:0.03371134
HyperSearchResults:0.03334349
KeywordMap:0.033154335
Delegate:0.032713827
VFSFileChooserDialog:0.03243796
ParserRuleSet:0.03240976
CompleteWord:0.03157106
BufferPrintable:0.031545084
ReadWriteLock:0.03134657
HyperSearchRequest:0.03121592
RootElement:0.030910477
ContentManager:0.030799717
CloseDialog:0.030783044
SearchDialog:0.030386958
LineElement:0.029739918
Token:0.02682408
PositionManager:0.025989525
SearchBar:0.025592532
MarkersProvider:0.024013635
BufferListSet:0.023619194
RESyntax:0.021053946
FilesChangedDialog:0.019746074
DirectoryProvider:0.018019905
SelectLineRange:0.017510192
Debug:0.017471652
ShowBufferMenu:0.015350932
Autosave:0.014056529
REException:0.012121308
CurrentBufferSet:0.012076395
BufferPrinter1_4:0.010347315
IntegerArray:0.009112968
BufferPrinter1_3:0.007200476
AddAbbrevDialog:0.005759715
MacOSMenu:0.005652016
BufferSwitcher:0.0054798448
