OperatingSystem:0.08915881
jEdit:0.083082974
View:0.07865625
JEditTextArea:0.07642315
Buffer:0.07532742
TextAreaPainter:0.07023059
DisplayManager:0.069096155
BeanShell:0.068262994
KeyEventTranslator:0.06667309
GUIUtilities:0.051779464
EditBus:0.046482246
ChunkCache:0.039407168
SearchDialog:0.03562948
LineManager:0.031128967
KeyEventWorkaround:0.027563024
Chunk:0.025394756
