DefaultInputHandler:0.3598569
KeyEventWorkaround:0.13778302
GrabKeyDialog:0.12458473
View:0.091583386
MiscUtilities:0.061295353
InputHandler:0.03769426
Debug:0.025760513
Log:0.01771926
OperatingSystem:0.014005625
