Message:0.67
InGameController:0.5266666666666666
InGameInputHandler:0.49333333333333335
