FeedsFS:0.49666666666666665
FeedThread:0.35
ActionProperties:0.19333333333333333
TreePanel:0.19166666666666668
OpenAllInTabsAction:0.16944444444444445
Submenu:0.16666666666666666
ScriptIDE:0.13666666666666666
