MColorButton:0.07770562
MSmallColorButton:0.027007082
ColorProperty:0.023108758
UI:0.018111091
Blend:0.009968305
MPanel:0.006849443
Property:0.004449647
BooleanProperty:6.031904E-4
