BuildQueue:0.489622
Colony:0.24768361
Building:0.2335821
UnitType:0.20987086
BuildingType:0.16915411
GoodsType:0.09451952
Unit:0.09398179
AbstractGoods:0.08851066
