MainWindow:0.51
CommandThread:0.48
IMainWindow:0.32466666666666666
Log:0.3
MainWindowMenuHandler:0.2866666666666667
TMXReader:0.2866666666666667
ProjectUICommands:0.2
SearchThread:0.15
