Console:0.47
ConsoleConfig:0.4066666666666667
Model:0.29
TaskTable:0.25333333333333335
