UI:0.52
DefaultComparator:0.2966666666666667
FileScanner:0.2833333333333333
LazySimpleButtonUIHolder:0.22666666666666666
