Config:0.43166666666666664
EditorPlugin:0.294
Tabs:0.28
Query:0.22666666666666666
DnDTransferHandler:0.21666666666666667
HTMLColorChooserPanel:0.20666666666666667
