ReceivingThread:0.23235728
Message:0.09321886
NetworkReplyObject:0.064247295
MessageHandler:0.05476339
StreamedMessageHandler:0.03882783
BuyLandMessage:0.008032383
StealLandMessage:0.0074226125
