NetworkHandler:0.29687124
MetaRegister:0.07779412
