MetaItem:0.6764568
NetworkHandler:0.3528676
MetaServer:0.08195347
