InputHandler:0.16182439
ConnectController:0.079198845
