Connection:0.16173685
NetworkReplyObject:0.09407565
Message:0.03967112
