ImageResource:0.19374798
ResourceMapping:0.14246953
Resource:0.024143735
