Canvas:0.5333333333333333
UnitLabel:0.36333333333333334
PlayersTable:0.31666666666666665
DragListener:0.21666666666666667
DefaultTransferHandler:0.21000000000000002
