MTable:0.72
TodoEditorCore:0.5066666666666667
CompleteRenderer:0.3566666666666667
