jEdit:0.5105555555555557
Buffer:0.45
JEditTextArea:0.4
TextAreaPainter:0.25666666666666665
FoldListener:0.24934126984126975
PanelWindowContainer:0.24666666666666667
Gutter:0.22
EditPane:0.21666666666666667
DockableLayout:0.21333333333333335
StyleEditor:0.21333333333333335
ModeOptionPane:0.20333333333333334
VFSBrowser:0.19777777777777777
BufferOptions:0.19
SearchDialog:0.19
Factory:0.16333333333333333
StatusBar:0.15
MouseHandler:0.14
EditingOptionPane:0.13666666666666666
ColorTableModel:0.11333333333333333
Entry:0.11055555555555555
HyperSearchResults:0.07333333333333333
FoldEventHandler:0.013333333333333334
