Colony:0.6833333333333333
Goods:0.43666666666666665
Building:0.3
CargoPanel:0.2693333333333333
ColonyTile:0.21666666666666667
InGameInputHandler:0.17666666666666667
ColonyPanel:0.17333333333333334
OutsideColonyPanel:0.13
