TagsUtils:0.071690746
Tags:0.018089782
