MapViewer:0.5833333333333334
GUI:0.4533333333333333
MapEditorController:0.23333333333333334
ZoomOutAction:0.1811111111111111
ZoomInAction:0.1811111111111111
