MWhatsThis:0.21914564
MActionInfo:0.16549106
TK:0.14508852
MButton:0.123233534
MDialog:0.118614756
MMenu:0.11551603
ActionGroup:0.0992891
MText:0.09414491
MApplication:0.083482854
MUndoManager:0.080064006
MURLButton:0.079283446
MNotification:0.06960127
MMessage:0.06448454
MInternalFrame:0.06295029
MMenuItem:0.059625078
UI:0.059491705
MTip:0.054255363
MIcon:0.05334552
MSmallColorChooser:0.053103723
MTogglePanel:0.049301032
MToolBar:0.048876904
MDataAction:0.03977905
MMouseAdapter:0.03835803
MScrollPane:0.035240132
MCalendarPanel:0.034402978
MSystemTray:0.034148768
MTree:0.033591874
MURLAction:0.03313594
AbstractSpinner:0.03167507
MouseGestures:0.030827235
MFontChooser:0.030780336
MColorChooser:0.02930745
MDateSpinner:0.028148253
ColumnManager:0.026198136
HistoryManager:0.025465757
MSwingWorker:0.024127636
MSmallButton:0.0233816
MWebBrowserPanel:0.02302418
OS:0.019220892
PropertyAccess:0.014692872
MSlider:0.014466592
MainView:0.009942802
