GUI:0.7733333333333333
PlayersTable:0.2561111111111111
TilePanel:0.24
ReportPanel:0.22444444444444447
UnitLabel:0.20750000000000002
ColopediaAction:0.16666666666666666
DragListener:0.14333333333333334
BuildQueueMouseAdapter:0.13333333333333333
MonarchPanel:0.13333333333333333
