Region:0.8472222222222222
TerrainGenerator:0.3433333333333333
