Colony:0.514
Unit:0.5133333333333333
ProductionMap:0.31333333333333335
ColonyProductionTest:0.3
BuildQueue:0.25
