Specification:0.76
ColopediaPanel:0.3755555555555556
BuildQueuePanel:0.36666666666666664
DefaultBuildQueueCellRenderer:0.19444444444444445
ColonyTest:0.18666666666666668
