Sorter:0.5266666666666666
Filter:0.45666666666666667
TodoEditorCore:0.43888888888888894
