MDialog:0.7933333333333333
DefaultPageChecker:0.31666666666666665
TextUtils:0.28
