NumberRules:0.07878851
Number:0.055377383
