Table:0.6266666666666667
TextCache:0.33666666666666667
Tokenizer:0.30666666666666664
Column:0.25
Logger:0.23333333333333334
Transaction:0.22333333333333333
PersistentStore:0.22166666666666668
Session:0.21333333333333335
DataFileCache:0.20666666666666667
TextTable:0.2
JDBCBench:0.19666666666666666
RowStore:0.18166666666666667
ScriptRunner:0.08
