PluginMenu:0.6756111111111113
MainWindow:0.33666666666666667
NotepadEditor:0.28
ImageEditor:0.26666666666666666
Tabs:0.24666666666666667
TreePanel:0.15
