ImageEditor:0.53
MColor:0.49333333333333335
BrushTool:0.48333333333333334
ImageEditorDesigner:0.33
BrushTypeAction:0.13584126984126987
