Statement:0.51
StatementProcedure:0.31
ParserDDL:0.28
LobManager:0.2488888888888889
StatementManager:0.23666666666666666
ParserCommand:0.20666666666666667
StatementSchemaDefinition:0.1588888888888889
ScriptReaderText:0.14
