Tabs:0.3566666666666667
Desktop:0.26666666666666666
Tree:0.24333333333333335
Bookmarks:0.23444444444444448
MColorChooser:0.22333333333333333
TaskModel:0.2225
Links:0.21805555555555556
AbstractFileCache:0.18333333333333332
