Tool:0.6713888888888888
ImageEditorCore:0.4033333333333333
ToolButton:0.30666666666666664
ToolManager:0.2633333333333333
AbstractTool:0.23666666666666666
ToolPanel:0.19
