MDateSpinner:0.55
MCalendarPanel:0.43
PropertyPanel:0.29333333333333333
MDateSpinnerBeanInfo:0.11333333333333333
MLabelBeanInfo:0.09333333333333334
MCheckBoxBeanInfo:0.023333333333333334
