Tile:0.83
ImprovementAction:0.2966666666666667
MapControls:0.17333333333333334
