AnsiDataHandler:0.6488888888888888
AnsiQueryHandler:0.4166666666666667
WikiPreparedStatement:0.36333333333333334
