TileImprovement:0.6377777777777778
TileImprovementType:0.46
ScaleMapAction:0.31666666666666665
