ScriptPlugin:0.094805606
PluginInfo:0.083624296
PluginManager:0.053915907
PluginException:0.052649166
PluginType:0.032856107
