Utilities:0.67
DatabaseHandler:0.4
WikiDatabase:0.35
RegisterServlet:0.17666666666666667
LoginServlet:0.15333333333333332
