View:0.07012155
jEdit:0.04347968
BeanShell:0.03862784
BeanShellAction:0.020482352
EnhancedDialog:0.016591432
