JDBCCallableStatement:0.64158505
JDBCStatement:0.36719385
JDBCResultSet:0.35429052
JDBCConnection:0.35400015
JDBCDatabaseMetaData:0.32686228
JDBCClob:0.28697193
JDBCArray:0.25573033
JDBCBlob:0.24634558
JDBCResultSetMetaData:0.24498819
JDBCParameterMetaData:0.22054969
Util:0.17903815
JDBCBlobClient:0.17289528
JDBCClobClient:0.16168621
JDBCStatementBase:0.15342133
