RowInputBase:0.20423293
RowInputInterface:0.07346749
