RowOutputBinary:0.3971876
RowOutputInterface:0.11414117
