MetaItem:0.72417456
NetworkHandler:0.34504932
MetaServer:0.073440805
