ServerListTableModel:0.08931945
FreeColPanel:0.022782678
