MusicLibrary:0.11295362
SfxLibrary:0.09457382
Playlist:0.06989347
