MColor:0.5866666666666667
MActionInfo:0.5
Input:0.26
PluginInfo:0.24666666666666667
MColorChooserDialog:0.24444444444444444
HTMLColorChooserPanel:0.1811111111111111
MColorButton:0.15
