ServerPlayer:0.09349425
ServerModelObject:0.048712432
TransactionSession:0.016438238
