PrepareTMXEntry:0.34109074
ProjectTMX:0.21949866
ImportFromAutoTMX:0.19325142
IProject:0.17296551
RealProject:0.16349398
NotLoadedProject:0.15550958
