TarFileOutputStream:0.39666666666666667
TarEntryHeader:0.37333333333333335
TarFileInputStream:0.31
TarReader:0.30666666666666664
TarEntrySupplicant:0.22333333333333333
DbBackup:0.16833333333333333
