MComboBox:0.7233333333333334
LookAndFeelSettings:0.27
FeedComponent:0.24
WidgetDesktopIconUI:0.17888888888888888
LinkButton:0.16333333333333333
MButtonPanel:0.14333333333333334
TaskInfoButton:0.14
