LineLengthLimitWriter:0.14279222
TextOptionsDialog:0.047713418
