DisplayManager:0.22193702
Buffer:0.17899683
Gutter:0.13348368
Selection:0.12921362
TextAreaPainter:0.12905839
ChunkCache:0.12453044
Registers:0.096909285
StructureMatcher:0.08810898
TextUtilities:0.08469263
EditPane:0.08028299
CompleteWord:0.07563024
SearchAndReplace:0.06865968
jEdit:0.06803677
View:0.06683864
StatusBar:0.064869225
Java14:0.06095607
Abbrevs:0.060045395
HyperSearchResult:0.059453793
ExtensionManager:0.055653553
Macros:0.05462358
GUIUtilities:0.054179244
SelectLineRange:0.04803553
MiscUtilities:0.047790337
BeanShell:0.045185756
BufferIORequest:0.042030815
Chunk:0.037671287
Marker:0.034978226
SearchBar:0.033114605
Log:0.032288045
MarkersProvider:0.03224147
SearchDialog:0.028026551
PasteFromListDialog:0.027830143
InputHandler:0.02675831
OperatingSystem:0.018856851
Debug:0.017128658
Delegate:0.016178198
ScrollListener:0.0071964366
QuickNotepad:0.005765274
