Feed:0.6033333333333334
FeedComponent:0.32
FeedUtils:0.31333333333333335
FeedThread:0.26
Widget:0.25333333333333335
InternetSearch:0.22666666666666666
LockAction:0.16333333333333333
FeedListException:0.12666666666666668
ChannelInfo:0.07666666666666666
