Canvas:0.6733333333333333
EuropePanel:0.4766666666666667
