InGameController:0.5466666666666666
ModelMessage:0.465
ClientOptions:0.38333333333333336
