Table:0.5072222222222222
Expression:0.4255555555555555
TableDerived:0.4
ParserDQL:0.37333333333333335
CompileContext:0.34
BinaryData:0.33166666666666667
StatementDMQL:0.30266666666666664
View:0.25333333333333335
RowInputText:0.23
RowSetNavigatorData:0.22666666666666666
Constraint:0.21333333333333335
ParserDDL:0.21
StatementSet:0.2
ParserDML:0.18333333333333332
StatementProcedure:0.16666666666666666
StatementExpression:0.13666666666666666
