VFSManager:0.30950513
VFS:0.20608093
BrowserView:0.12340019
jEdit:0.10910498
VFSBrowser:0.10144651
BrowserPopupMenu:0.086423226
