AbstractOptionPane:0.41363898
EditPlugin:0.30266327
OptionsDialog:0.28800112
OptionGroup:0.13944063
