View:0.047343664
EnhancedDialog:0.03995841
HistoryModel:0.034465503
GUIUtilities:0.034322247
JEditTextArea:0.028295266
jEdit:0.02328923
