SqlFile:0.4666666666666667
ValidatingResourceBundle:0.4166666666666667
SqltoolRB:0.3522222222222222
SqlTool:0.26666666666666666
