Modifier:0.7833333333333333
UnitType:0.2966666666666667
BuildingType:0.22555555555555556
FoundingFather:0.2188888888888889
IndianNationType:0.18666666666666668
EuropeanNationType:0.14666666666666667
