Tool:0.124314815
ToolPanel:0.10628018
ToolButton:0.10571553
