UI:0.6566666666666666
Vars:0.44
Tabs:0.2866666666666667
TodoEditor:0.2733333333333333
MToolBar:0.24
MNotification:0.23222222222222225
Console:0.19
