MSettingsDialog:0.8
ArchiveOptions:0.47
FeedsConfigPanel:0.22333333333333333
ConfigureAction:0.18666666666666668
