HTMLOptions:0.5166666666666667
EditOptionsDialog:0.35
HTMLFilter2:0.3333333333333333
HTMLWriter:0.2396666666666667
FilterVisitor:0.23666666666666666
HHCFilterVisitor:0.15
AbstractOptions:0.07333333333333333
Convert20to21:0.07
