MMessage:0.8866666666666667
MAboutDialog:0.36333333333333334
SummaryEditor:0.22333333333333333
