WidgetUI:0.048412435
Desktop:0.02310023
Widget:0.016594408
