SqlFile:0.5
RCData:0.32
DatabaseManagerSwing:0.31166666666666665
SqlFileScanner:0.2675
DatabaseManager:0.20388888888888887
SqlTool:0.17777777777777778
SharedFields:0.013055555555555556
