OptionGroupUI:0.2512615
OptionMapUI:0.20516421
OptionUpdater:0.11262068
