FreeColDialog:0.17807044
FreeColPanel:0.14301327
