OptionGroupUI:0.24239962
OptionUpdater:0.010211966
