OptionGroupUI:0.30957788
OptionMapUI:0.25693333
OptionUpdater:0.13909741
