FreeColDialog:0.114356
FreeColPanel:0.063039444
