SelectOptionUI:0.42801812
BooleanOptionUI:0.42604253
IntegerOptionUI:0.37829205
OptionGroupUI:0.37079024
OptionMapUI:0.33445638
FileOptionUI:0.30725637
FreeColActionUI:0.20595476
