MarketData:0.4676253
Colony:0.2259298
TransactionListener:0.17861818
AbstractGoods:0.15685728
GoodsType:0.14049935
Tile:0.14022045
Europe:0.12924115
Goods:0.12235792
Player:0.1198951
Specification:0.09885578
FreeColGameObject:0.056471277
Game:0.056242216
ModelMessage:0.053961612
FreeColObject:0.053255398
FreeColGameObjectType:0.024418019
Ownable:0.0083762845
