PropertiesPanel:0.39
PropertiesBar:0.36
MRating:0.3433333333333333
RatingSelection:0.19333333333333333
