SqlFile:0.013106092
SqlTool:0.010685633
