JEditTextArea:0.56
BufferChangeHandler:0.27666666666666667
Gutter:0.2608333333333333
MouseHandler:0.24666666666666667
DisplayManager:0.24333333333333335
ActionHandler:0.15333333333333332
PaintWrapGuide:0.12666666666666668
EditingOptionPane:0.1225
SelectionManager:0.10666666666666667
PaintSelection:0.09666666666666666
BufferOptions:0.08583333333333333
PaintLineBackground:0.07333333333333333
