AutoCompletion:0.4666666666666667
ConsoleCommand:0.4166666666666667
CompletionWindow:0.25333333333333335
TodoCommand:0.20333333333333334
URLValidator:0.16666666666666666
