MDialog:0.43333333333333335
MComboBox:0.42333333333333334
TodoEditor:0.41933333333333334
Args:0.34
Base:0.14666666666666667
