HyperSearchResults:0.14814873
SearchAndReplace:0.11482406
HyperSearchResult:0.070638694
Buffer:0.06598993
SearchMatcher:0.03888341
Selection:0.0360536
jEdit:0.031805746
WorkRequest:0.025758522
View:0.020837205
WorkThread:0.019943854
GUIUtilities:0.018321058
VFSManager:0.013478904
Log:0.010879299
CharIndexedSegment:0.008671103
SearchFileSet:0.0077669867
