TextAreaPainter:0.22577438
JEditTextArea:0.18808155
Gutter:0.10811566
BufferPrintable:0.06344548
Buffer:0.059000697
FoldVisibilityManager:0.040023584
Log:0.015550665
Token:0.005623731
SyntaxStyle:0.0048630866
