QuerySpecification:0.6255555555555555
SessionContext:0.5233333333333333
SubQuery:0.34
