Expression:0.5416666666666666
Session:0.37888888888888883
Collation:0.34
SimpleLog:0.3337857142857143
RangeVariableResolver:0.2966666666666667
Logger:0.2833333333333333
RangeVariable:0.26
FunctionSQLInvoked:0.235
ExpressionAggregate:0.235
LobManager:0.21333333333333335
JDBCConnection:0.20027777777777778
ExpressionArrayAggregate:0.2
StatementCommand:0.16666666666666666
