InGameInputHandler:0.47333333333333333
Modifier:0.4533333333333333
InGameController:0.30333333333333334
DefendSettlementMission:0.22666666666666666
