UI:0.5766666666666667
MScrollPane:0.53
Info:0.31333333333333335
MNotification:0.2663730158730159
ComponentHighlight:0.2277777777777778
