ImageEditor:0.15332563
ImageEditorDesigner:0.037565127
