ToolManager:0.30658102
Tool:0.2771344
