AbstractTool:0.37938645
ToolManager:0.07155049
ToolButton:0.02649563
ToolPanel:0.020609448
