Canvas:0.6366666666666667
AIGoods:0.25
FreeColMenuBar:0.22333333333333333
FreeColLookAndFeel:0.16333333333333333
FreeColImageBorder:0.13
