Figure:0.82
ConnectionPointHandle:0.3333333333333333
ConnectionTool:0.32666666666666666
