ModelMessage:0.52
InGameController:0.37333333333333335
ClientOptions:0.3483333333333334
