FS:0.6066666666666667
Simple:0.57
Tester:0.27
BackupDialog:0.24666666666666667
