Shapes:0.5666666666666667
SvgExportOutputFormat:0.45666666666666667
SvgPath2D:0.3566666666666667
SvgTransformListConverter:0.15666666666666668
