Building:0.27072054
Colony:0.25743172
BuildQueue:0.20624283
ColonyTile:0.13463159
ProductionInfo:0.12785958
Consumer:0.114615686
ProductionMap:0.11158929
AbstractGoods:0.08123699
Unit:0.07759549
WorkLocation:0.077527225
GoodsType:0.06919613
Specification:0.06580473
TypeCountMap:0.026799355
FoundingFather:0.019923372
Modifier:0.014763969
FeatureContainer:0.013817815
FreeColGameObject:0.0131663345
