Map:0.38683745
Unit:0.18817076
Player:0.07264314
Tile:0.056867965
FreeColObject:0.016359992
