Type:0.48783333333333334
Expression:0.29333333333333333
CharacterType:0.29333333333333333
JDBCPreparedStatement:0.26
StatementSchema:0.24111111111111114
ParserDDL:0.2
ParserCommand:0.19333333333333333
Session:0.18666666666666668
