MThrobber:0.049869865
MFlipPanel:0.03491258
MLabel:0.010171279
