PrintDialog:0.06774571
PrintInfo:0.040116165
