AnsiDataHandler:0.42
WikiBase:0.4033333333333333
WikiDatabase:0.2987222222222222
UpgradeServlet:0.24
JAMWikiServlet:0.15
