MTextFieldPanel:0.44333333333333336
MNotification:0.31333333333333335
MSmallColorChooser:0.31
ColorAction:0.21333333333333335
