UI:0.7566666666666667
EnumProperty:0.2833333333333333
ColorComponent:0.25333333333333335
AbstractSelection:0.19
ConsoleConfig:0.16111111111111112
CustomColorSettings:0.14333333333333334
