Player:0.6066666666666667
Nation:0.28
TileType:0.24333333333333335
PreGameInputHandler:0.24
PreGameController:0.23
