CharIndexed:0.11042461
RESearchMatcher:0.068210326
