Unit:0.62
Tile:0.46882539682539676
Player:0.43666666666666665
Colony:0.41333333333333333
DefaultCostDecider:0.30977777777777776
AIPlayer:0.28
UnitSeekAndDestroyMission:0.23333333333333334
IndianDemandMission:0.21000000000000002
ServerPlayer:0.2075
