IEditor:0.7046666666666667
MainWindow:0.44
MatchesTextArea:0.3133333333333333
MainWindowMenuHandler:0.2866666666666667
EditorController:0.18333333333333332
GlossaryTextAreaTest:0.13
Styles:0.12833333333333333
