BinaryData:0.4533333333333333
Session:0.3466666666666667
NumberType:0.31
Scanner:0.25666666666666665
ParserCommand:0.22
ExpressionLogical:0.21666666666666667
BitType:0.214
ExpressionOp:0.2
StatementSession:0.19333333333333333
ExpressionArithmetic:0.18666666666666668
RowInputBinary:0.18666666666666668
StatementSchemaDefinition:0.11
