QueryHandler:0.6466666666666666
ParserUtil:0.43
DefaultQueryHandler:0.3433333333333333
