MNotification:0.5
MLinkButton:0.37666666666666665
Reminder:0.2633333333333333
TaskComponent:0.16333333333333333
MProgressBar:0.11666666666666667
