SummaryData:0.7861111111111111
Action:0.3933333333333333
