Specification:0.71
DifficultyLevel:0.43666666666666665
FreeColServer:0.2733333333333333
MapGenerator:0.23
