XMLStream:0.49333333333333335
FreeColServer:0.36333333333333334
FreeCol:0.34
OptionMap:0.22666666666666666
