JEditTextArea:0.54
ChunkCache:0.41
EnhancedCheckBoxMenuItem:0.23666666666666666
DockableWindowManager:0.20400000000000001
FileCellRenderer:0.19
PaneNameRenderer:0.19
StatusBar:0.18333333333333332
ParentDirectoryRenderer:0.11333333333333333
