OptionsDialog:0.5692222222222222
GlobalOptions:0.37666666666666665
