Game:0.54
Player:0.5333333333333333
TradeRoute:0.3933333333333333
Unit:0.38
PreGameController:0.17666666666666667
