FreeCol:0.55
SoundLibrary:0.30333333333333334
SfxLibrary:0.15666666666666668
MusicLibrary:0.15666666666666668
