Canvas:0.13303696
GUI:0.10443008
