FindSettlementDialog:0.19376408
FreeColPanel:0.059038214
