AbstractFilter:0.49
NullWriter:0.37
ResourceBundleFilter:0.2866666666666667
NullBufferedWriter:0.19805555555555554
IAlignCallback:0.18047619047619046
TestFilterBase:0.13666666666666666
ResourceBundleFilterTest:0.04
AlignResult:0.03333333333333333
