SchemaManager:0.5966666666666667
RowInputTextLog:0.52
Database:0.34444444444444444
ParserDDL:0.32
