TerrainGenerator:0.15017526
MapGenerator:0.12904269
MapGeneratorOptions:0.1051034
