QueryHandler:0.49366666666666664
DataHandler:0.44484523809523807
Role:0.36
AnsiQueryHandler:0.35
WikiDatabase:0.29
DatabaseUpgrades:0.22
AnsiDataHandler:0.19333333333333333
