Tabs:0.48333333333333334
MainWindow:0.42333333333333334
AnnotationBar:0.42
Archive:0.3233333333333333
