OS:0.62
MMessage:0.49
MAbout:0.2733333333333333
Args:0.22
Console:0.21666666666666667
