jEdit:0.5933333333333334
PluginJAR:0.42333333333333334
GUIUtilities:0.32666666666666666
JARClassLoader:0.31
VFSFileNameField:0.2
LatestVersionPlugin:0.17
PluginUpdate:0.14666666666666667
