Table:0.6233333333333333
Expression:0.455
Token:0.4116666666666667
Column:0.36333333333333334
DatabaseCommandInterpreter:0.31333333333333335
Server:0.26
Parser:0.21666666666666667
DatabaseInformationMain:0.18333333333333332
DatabaseScript:0.16222222222222224
