ImageEditor:0.14934194
ImageEditorDesigner:0.05224159
ImagePreloader:0.02478178
ImageInfo:0.020468231
