Mission:0.43526104
TransportMission:0.24032642
