WorkerWish:0.4296992
GoodsWish:0.42398125
AIObject:0.26845634
Transportable:0.26331475
AIPlayer:0.20546208
AIMain:0.2033055
AIColony:0.17373478
