TodoEditorCore:0.37666666666666665
AbstractPlugin:0.3
PluginManager:0.2966666666666667
Wizard:0.20333333333333334
EditorQuickFind:0.17444444444444446
