Buffer:0.6166666666666667
VFSBrowser:0.38
ParentDirectoryRenderer:0.34444444444444444
FileVFS:0.2966666666666667
ContentManager:0.28944444444444445
BrowserView:0.2733333333333333
TreeHandler:0.19777777777777777
ActionHandler:0.18444444444444444
VFSFileChooserDialog:0.17
MouseHandler:0.12333333333333334
