Query:0.7866666666666666
Criterium:0.23666666666666666
QueryEditor:0.23
Action:0.21
QueryMenu:0.20666666666666667
TodoCommand:0.14666666666666667
SelectionItem:0.12333333333333334
Submenu:0.12
BookmarksMenu:0.11
NameSelection:0.08399543049543051
FirstLettersMenu:0.05
