RequestInfo:0.052334826
RequestProperties:0.0026330305
