TopicVersion:0.6766666666666666
RecentChange:0.43333333333333335
MediaWikiXmlTopicFactory:0.3433333333333333
ImportServlet:0.2
