MapViewer:0.68
Canvas:0.4533333333333333
FreeColClient:0.36666666666666664
MiniMap:0.24
AudioMixerOptionUI:0.21666666666666667
WorkProductionPanel:0.15333333333333332
