SummaryData:0.38666666666666666
Node:0.374
Renderer:0.32
SummaryPanel:0.22055555555555553
SummaryTree:0.09
