MNotification:0.6033333333333334
Action:0.41
Reminder:0.23
WindowDragAdapter:0.21444444444444447
