JFlexParserUtil:0.74
TemplateTag:0.3466666666666667
WikiLinkTag:0.24333333333333335
JFlexLexer:0.23333333333333334
WikiReferenceTag:0.175
WikiHeadingTag:0.11666666666666667
HtmlLinkTag:0.11333333333333333
IncludeOnlyTag:0.09
WikiReferencesTag:0.09
NoIncludeTag:0.09
WikiSignatureTag:0.09
