Utilities:0.92
SetupServlet:0.26
LoginServlet:0.19666666666666666
UpgradeServlet:0.18666666666666668
RegisterServlet:0.14666666666666667
