GUIUtilities:0.091075085
DynamicMenuProvider:0.054106474
jEdit:0.043690342
MiscUtilities:0.039464597
StatusBar:0.031129433
View:0.0265195
BufferHistory:0.021802057
FileCellRenderer:0.007946475
