Canvas:0.6233333333333333
OptionsDialog:0.29333333333333333
MapGeneratorOptionsDialog:0.2833333333333333
MapEditorController:0.2
GameOptionsDialog:0.19666666666666666
StartGamePanel:0.18333333333333332
ShowMapGeneratorOptionsAction:0.15666666666666668
ShowGameOptionsAction:0.15333333333333332
