MSlider:0.94
MThrobber:0.33666666666666667
MSliderBeanInfo:0.08
MThrobberBeanInfo:0.04666666666666667
