TodoEditor:0.58
TodoEditorCore:0.4677777777777778
NotepadEditorCore:0.2966666666666667
NotepadEditor:0.2833333333333333
TodoEditorPlugin:0.19666666666666666
NotepadEditorPlugin:0.17
