Player:0.3531505
FreeColGameObject:0.2233039
Game:0.19132343
Turn:0.031717367
FoundingFather:0.031595632
