Europe:0.4053991
IndianSettlement:0.34047303
Tile:0.33495986
Unit:0.21855439
Player:0.21473822
FreeColGameObject:0.20020002
Game:0.18079625
Location:0.12868951
