MColorButton:0.24
MComboBox:0.23666666666666666
MTable:0.22
AppAction:0.20666666666666667
MLabeledTextField:0.20333333333333334
MList:0.19111111111111112
MCalendar:0.19
Button:0.18666666666666668
MTextField:0.18
MIndicator:0.17666666666666667
MColorPicker:0.17333333333333334
MSlider:0.16833333333333333
AbstractSpinner:0.16333333333333333
MSmallColorChooser:0.16
MRadioButton:0.14
MSmallColorButton:0.13666666666666666
MCheckBox:0.13666666666666666
DayButton:0.06
