MainWindow:0.6466666666666666
TreePanel:0.36
ImageEditor:0.30666666666666664
NewFileAction:0.25
RenameAction:0.2
TextEditor:0.1877777777777778
QuickPasteAction:0.16
DeleteAction:0.16
NewFolderAction:0.12
PropertiesAction:0.12
