Unit:0.7633333333333333
AIPlayer:0.26166666666666666
PioneeringMission:0.24
AIColony:0.22333333333333333
UnitInfoPanel:0.14666666666666667
