Logger:0.5655555555555555
TestUtil:0.54
TestScripts:0.33666666666666667
