AIColony:0.53
ColonyPlan:0.5233333333333333
AIPlayer:0.315
AIColonyTest:0.30333333333333334
