HyperSearchResults:0.42430896
SearchAndReplace:0.10893093
HyperSearchResult:0.044205695
jEdit:0.04112607
Buffer:0.038156297
WorkRequest:0.03156031
SearchFileSet:0.029984634
SearchMatcher:0.029592093
WorkThread:0.01872868
VFSManager:0.014841252
View:0.012148111
Log:0.009556314
