EditPlugin:0.19313158
jEdit:0.18677078
Roster:0.17660624
HelpViewer:0.07081019
Log:0.06562965
PluginResURLConnection:0.065078914
BeanShell:0.06442117
GUIUtilities:0.06336907
MiscUtilities:0.047083274
