CheckBoxListModel:0.16070865
InstallPluginsDialog:0.019970123
