InstallPluginsDialog:0.24483651
PluginListHandler:0.22796644
jEdit:0.12705384
Roster:0.123516865
PluginManager:0.09562589
EditPlugin:0.09466989
MiscUtilities:0.069152966
PluginListDownloadProgress:0.029141614
XmlParser:0.022261394
Log:0.0210491
