UnitType:0.8183333333333334
SimpleCombatModel:0.37333333333333335
DemotionTest:0.22333333333333333
