TK:0.20546716
FS:0.1571068
MArrayList:0.07031575
MLogger:0.055097718
MObject:0.052625228
BooleanProperty:0.027118977
ElementList:0.022960879
WTFError:0.011915476
