jEdit:0.13302527
JARClassLoader:0.13131323
PluginList:0.11779103
PluginManagerProgress:0.09968026
MiscUtilities:0.08769854
PluginManager:0.08530892
InstallPluginsDialog:0.04305217
EditPlugin:0.04202338
GUIUtilities:0.039994597
Log:0.026653746
