FSHelper:0.28567427
MetaInfo:0.18428078
FSException:0.12084326
