ReferenceCount:0.4766666666666667
SummaryData:0.435
BackupDialog:0.24333333333333335
Main:0.20777777777777778
StatsPanel:0.17733333333333334
Checksum:0.16666666666666666
