MainWindow:0.5866666666666667
Widget:0.34
SearchBar:0.28
EditorQuickFind:0.28
PluginSettings:0.27
NoteWidget:0.20333333333333334
