WikiUserDetails:0.4666666666666667
AnsiDataHandler:0.39666666666666667
JAMWikiAuthenticationConfiguration:0.3233333333333333
JAMWikiDaoImpl:0.16333333333333333
JAMWikiPostAuthenticationFilter:0.16333333333333333
JAMWikiAuthenticationProcessingFilter:0.09055555555555556
JAMWikiErrorMessageProvider:0.08333333333333333
JAMWikiExceptionTranslationFilter:0.06
JAMWikiAuthenticationConstants:0.05222222222222222
JAMWikiAuthenticationFailureHandler:0.02666666666666667
