FeedViewer:0.7066666666666667
ArticleList:0.3433333333333333
