Settlement:0.54
Colony:0.5266666666666666
SimpleCombatModel:0.30666666666666664
CombatTest:0.06333333333333334
