MZip:0.101498924
FileScanner:0.100962944
AbstractFileCache:0.09586397
DesktopFile:0.09311487
Net:0.07682772
XMLHelper:0.07248784
MApplication:0.06549671
Config:0.06186396
MProperties:0.060050815
AbstractMarkupBuilder:0.057460662
TK:0.056411605
OS:0.048167832
MFileChooser:0.047937624
LogFile:0.046454415
MText:0.040129375
SimpleXMLReader:0.037741516
FileSelection:0.034420043
Checksum:0.03346795
Args:0.028514013
MDownloadDialog:0.02794975
MMessage:0.024372686
MIconChooser:0.023715623
MProcess:0.021972673
MAbout:0.021352794
RegExp:0.02047517
Gettext:0.01830118
ImageSelection:0.014770558
HTMLViewFactory:0.014081786
MLogger:0.012042605
MToolBar:0.008316466
