Feed:0.5366666666666666
FeedsFS:0.43333333333333335
FeedThread:0.23444444444444448
CustomAdvancedPanel:0.20444444444444446
