ActionManager:0.25958827
MapboardAction:0.21420716
FreeColAction:0.2136522
