SimpleStore:0.36159745
CachedObject:0.23630181
DataFileCache:0.13899863
DataSpaceManagerBlocks:0.11570731
TableSpaceManager:0.06922333
