DataSpaceManagerSimple:0.35352576
DataSpaceManagerBlocks:0.28010684
TableSpaceManagerBlocks:0.14562944
TableSpaceManager:0.0881536
TableSpaceManagerSimple:0.07036515
RowStoreAVLDisk:0.036999755
DataFileCache:0.013574002
PersistentStoreCollectionDatabase:0.011804699
RowStoreAVLHybrid:0.0049180253
RowStoreAVLDiskData:0.003915126
