DataSpaceManagerBlocks:0.40309313
DataSpaceManager:0.31176957
TableSpaceManagerBlocks:0.20520768
TableSpaceManagerSimple:0.09682336
DataFileCache:0.08078319
DataFileCacheSession:0.06732176
TableSpaceManager:0.053664804
TextCache:0.047100518
