RowStoreAVL:0.52309877
CachedObject:0.25926062
TextCache:0.23491997
DataFileCache:0.19043827
Logger:0.057830054
TableSpaceManager:0.023524214
PersistentStoreCollection:0.021541346
DataSpaceManager:0.019905528
