DataFileCache:0.32655242
TextFileReader:0.2591386
TextFileSettings:0.182765
Cache:0.09397478
PersistentStore:0.08211097
RowStoreAVLDiskData:0.07640807
CachedObject:0.056679744
RAFile:0.04179259
Logger:0.03244587
DataSpaceManagerSimple:0.012769454
DataSpaceManager:0.0030817948
RandomAccessInterface:0.0024253142
