Task:0.5683333333333334
Console:0.4793333333333334
BackupDialog:0.37333333333333335
UpdatePlugin:0.22666666666666666
VersionPanel:0.21
