FeedsFS:0.6166666666666667
FeedThread:0.37333333333333335
ImportAction:0.3111111111111111
GlobalMouseService:0.17944444444444446
