MSimpleLayout:0.44333333333333336
TodoEditor:0.42333333333333334
TextEditor:0.33
Globals:0.32666666666666666
Builder:0.31666666666666665
