Environment:0.8133333333333334
AdminServlet:0.31
TableOfContents:0.24666666666666667
