Node:0.2560172
CachedRow:0.09242668
DataFileDefrag:0.051263895
Trace:0.045582075
Row:0.045328815
Table:0.027491102
HsqlException:0.0055997754
