IEditor:0.6652777777777779
MainWindowMenuHandler:0.38666666666666666
EditorController:0.2966666666666667
MainWindowMenu:0.23666666666666666
GlossaryTextAreaTest:0.17
