ModelController:0.543888888888889
Player:0.5233333333333333
Canvas:0.38666666666666666
ClientModelController:0.32466666666666666
UnitIterator:0.2733333333333333
ConnectController:0.23444444444444448
