GUIUtilities:0.8633333333333333
EnhancedMenuItem:0.31333333333333335
EnhancedCheckBoxMenuItem:0.22666666666666666
