MFontButton:0.52
Content:0.4166666666666667
Factory:0.2866666666666667
