WikiPanel:0.5566666666666666
MainWindow:0.38333333333333336
WikiTab:0.3433333333333333
Viewer:0.34
