MButton:0.5233333333333333
FS:0.41333333333333333
Sidebar:0.2866666666666667
MCheckBoxTable:0.23111111111111116
StaticRolloverHandler:0.12
StaticHoverTimelineScenario:0.10666666666666667
SecurityDialog:0.10333333333333333
