Building:0.5966666666666667
ProductionInfo:0.355
LabourData:0.21333333333333335
DragListener:0.15666666666666668
