jEdit:0.6066666666666667
Buffer:0.53
EditServer:0.26666666666666666
LoadSaveOptionPane:0.15666666666666668
