MCalendarPanel:0.7633333333333333
Updater:0.6466666666666666
SummaryData:0.3
CalendarComponent:0.24666666666666667
CalendarWidget:0.24
DayButton:0.18444444444444444
MonthAction:0.16777777777777778
