TaskTable:0.83
TaskPanel:0.3933333333333333
StaticTaskPanel:0.18333333333333332
