TransitionPanel:0.48865065
Transition:0.30772197
ImageView:0.1969599
