MainWindow:0.15096904
Tabs:0.09604024
