JEditTextArea:0.51
BrowserView:0.32
FoldVisibilityManager:0.25166666666666665
BrowserIORequest:0.23555555555555557
VFSBrowser:0.21333333333333335
TextAreaPainter:0.2
BufferPrintable:0.13666666666666666
