FreeColGameObject:0.44824368
Resource:0.26371247
Europe:0.25472844
Region:0.24104802
Ability:0.22683913
TradeRoute:0.22093792
Tile:0.21948427
ColonyTradeItem:0.21789485
UnitTradeItem:0.21789205
ColonyTile:0.21019799
AbstractUnit:0.20925768
GoodsContainer:0.20694403
TileImprovement:0.19574545
Market:0.19444492
TileItemContainer:0.1900436
AbstractGoods:0.18967743
GoodsTradeItem:0.18512051
Game:0.18426563
TradeItem:0.18089256
Building:0.18005337
ModelMessage:0.17929761
Modifier:0.17915721
Scope:0.17768559
Goods:0.17503044
IndianSettlement:0.1731537
ExportData:0.17225428
BuildQueue:0.16881134
MarketData:0.16635154
Player:0.15838067
Map:0.15485589
Monarch:0.15412869
DiplomaticTrade:0.1444786
Colony:0.14280303
FreeColGameObjectType:0.1408423
TradeRouteStop:0.13340856
Nation:0.11379
GoodsType:0.09852097
FoundingFather:0.097380094
TileItem:0.095879294
BuildableType:0.09526812
ResourceType:0.091529846
Settlement:0.09053152
TileType:0.08542914
DifficultyLevel:0.08444115
EuropeanNationType:0.084059075
Unit:0.080785155
EquipmentType:0.07529867
TileImprovementType:0.073945664
BuildingType:0.06860534
UnitType:0.06065929
IndianNationType:0.057069615
Feature:0.021880006
FeatureContainer:0.01845653
SimpleCombatModel:0.017400017
PathNode:0.012695919
