MLogger:0.5766666666666667
Armor:0.43
PluginManager:0.3
PluginEvent:0.2916666666666667
CachedImageView:0.18
