ImageUtil:0.5333333333333333
ParserTest:0.34
LinkUtil:0.30666666666666664
ParserFunctionUtil:0.25916666666666666
ServletUtilTest:0.25333333333333335
SetupServlet:0.21666666666666667
ImageUtilTest:0.12
JAMWikiUnitTest:0.11666666666666667
