Environment:0.7333333333333333
WikiBase:0.44333333333333336
AdminServlet:0.25
SetupServlet:0.25
