LinkUtil:0.55
JFlexParser:0.49
DiffUtil:0.3433333333333333
TiddlyWiki2MediaWikiTranslator:0.17333333333333334
WikiHeadingTag:0.12666666666666668
AuthMsgTag:0.12666666666666668
HtmlLinkTag:0.12333333333333334
