FreeColDialog:0.7533333333333333
DifficultyDialog:0.43333333333333335
OptionsDialog:0.43333333333333335
