Utilities:0.45
DatabaseHandler:0.33
JAMWikiServlet:0.31666666666666665
LinkUtil:0.30333333333333334
WikiBase:0.26
DefaultQueryHandler:0.2377777777777778
JFlexParser:0.21
EditServlet:0.21
TemplateTag:0.19
QueryHandler:0.18837301587301591
LuceneSearchEngine:0.18666666666666668
ManageServlet:0.17
UploadServlet:0.16666666666666666
MoveServlet:0.13666666666666666
TranslationServlet:0.12666666666666668
HistoryServlet:0.11
PrintableServlet:0.09333333333333334
