WidgetInternalFrame:0.6733333333333333
Wizard:0.5147222222222223
