Game:0.43287
FreeColObject:0.35466892
ModelMessage:0.33771497
Europe:0.27274963
PlayerExploredTile:0.24444048
ColonyTradeItem:0.2419467
UnitTradeItem:0.24081272
Market:0.24028367
GoodsContainer:0.23460394
ColonyTile:0.22477706
TradeRoute:0.22112453
GoldTradeItem:0.21484047
GoodsTradeItem:0.21176268
Region:0.20568682
Resource:0.20336884
Player:0.20189662
Building:0.18964025
Tile:0.18639451
Colony:0.1859995
LostCityRumour:0.18407884
TradeItem:0.1755847
TileItemContainer:0.17367901
DiplomaticTrade:0.17216194
StanceTradeItem:0.16855498
Monarch:0.16261092
TileImprovement:0.1574661
Map:0.15078534
IndianSettlement:0.14913462
TileItem:0.14256647
FreeColGameObjectListener:0.13105911
ModelController:0.12010454
Unit:0.10301172
Settlement:0.09975103
HighScore:0.09445568
Location:0.08761256
GameOptions:0.0739446
SimpleCombatModel:0.039036095
