JFlexParser:0.5833333333333334
JFlexLexer:0.2833333333333333
AbstractJAMWikiLexer:0.2833333333333333
AbstractJAMWikiCustomTagLexer:0.18
AbstractJAMWikiTemplateLexer:0.08166666666666667
