JEditTextArea:0.5033333333333333
SearchAndReplace:0.43
SearchMatcher:0.2961111111111111
HyperSearchRequest:0.2111111111111111
RESearchMatcher:0.19333333333333333
KeyEventWorkaround:0.16777777777777778
ActionHandler:0.1
BoyerMooreSearchMatcher:0.09666666666666666
