Player:0.6
Game:0.5166666666666667
Canvas:0.27666666666666667
ImageLibrary:0.2661111111111111
IndianSettlement:0.2550396825396825
PlayersTableModel:0.18666666666666668
StartGamePanel:0.17666666666666667
PreGameController:0.13888888888888887
FreeColMenuBar:0.056666666666666664
