AnsiDataHandler:0.7933333333333333
AnsiQueryHandler:0.47
DatabaseUserHandler:0.14
DatabaseUpgrades:0.11333333333333333
