ImageEditorCore:0.093514346
ImageEditorDesigner:0.049766917
FilterDialog:0.023079444
ImageInfo:0.018860953
ImageEditorPlugin:0.015016196
ResizeDialog:0.011880883
ImagePreloader:0.0019087997
