Unit:0.8522222222222222
InGameController:0.36333333333333334
