FeedThread:0.15060456
FeedDownloader:0.073829584
FeedViewer:0.067354575
FeedsFSPlugin:0.034076832
