WikiBase:0.46
PersistencyHandler:0.385
FileHandler:0.3566666666666667
Environment:0.29333333333333333
DatabaseHandler:0.29
WikiServlet:0.26666666666666666
DatabaseInit:0.24666666666666667
EditServlet:0.2
AdminController:0.18
ConvertVQWiki:0.14
ImportServlet:0.11
