BeanShell:0.4766666666666667
DockableWindowManager:0.4033333333333333
OptionGroup:0.35
EnhancedMenu:0.25666666666666665
PluginJAR:0.21333333333333335
EditServer:0.18444444444444444
Factory:0.1811111111111111
BeanShellAction:0.12333333333333334
PluginOptions:0.12333333333333334
PaneNameRenderer:0.09666666666666666
