ParserRuleSet:0.5633333333333334
ParserRule:0.38
XModeHandler:0.2633333333333333
LineContext:0.23
TokenMarker:0.22
