View:0.9033333333333333
TeddyView:0.3933333333333333
AbstractView:0.24666666666666667
OpenFileAction:0.23666666666666666
OpenRecentFileAction:0.21666666666666667
