ImageEditor:0.5333333333333333
AbstractTextEditor:0.39666666666666667
NotepadEditorDesigner:0.23333333333333334
TodoEditorDesigner:0.21333333333333335
