Colony:0.6566666666666666
InGameInputHandler:0.41333333333333333
InGameController:0.38
