FeedThread:0.13452876
FeedsFS:0.12951982
FeedsFSPlugin:0.026931107
