MarketLabel:0.5366666666666666
GoodsLabel:0.4666666666666667
UnitLabel:0.41333333333333333
DragListener:0.27666666666666667
DefaultTransferHandler:0.21
