Unit:0.5933333333333334
BuyGoodsMessage:0.44333333333333336
InGameController:0.3433333333333333
InGameInputHandler:0.2733333333333333
Mission:0.24666666666666667
