MColor:0.6466666666666666
MCalendarPanel:0.26
View:0.25
WidgetDesktopPaneUI:0.24666666666666667
MColorChooserDialog:0.24666666666666667
MSmallColorChooser:0.23
MColorIcon:0.22666666666666666
Title:0.21666666666666667
DesktopPanel:0.16
CategoryListRenderer:0.14
CategoriesPanel:0.10333333333333333
