Drawing:0.6866666666666666
Geom:0.58
DefaultDrawing:0.3233333333333333
AbstractCompositeFigure:0.31
QuadTreeDrawing:0.29
GrowStroke:0.12666666666666668
