MRating:0.093418
MDialog:0.074604824
MMenu:0.07339176
MToolBar:0.07135355
MURLButton:0.06724196
MSmallButton:0.066781044
MCalendarPanel:0.061048504
UI:0.058418464
MSettingsPage:0.056549054
MTabbedPane:0.055229057
MAction:0.05373102
MNotification:0.04525177
MIconButton:0.04326224
MTextFieldPanel:0.039466236
MIcon:0.037980538
MMouseAdapter:0.03789711
MMessage:0.037643023
MWizardDialog:0.03741409
MPasswordPanel:0.031129424
MMultiPanel:0.03006817
MSettingsDialog:0.028458754
MLogger:0.023860723
MFontButton:0.022798005
TK:0.01932881
MTimer:0.01777284
MAboutDialog:0.017198903
MSmallColorButton:0.016666465
MActionInfo:0.01613598
MColorButton:0.013936842
MColor:0.0049773385
BooleanProperty:0.004749079
Property:0.0035071147
