MButtonPanel:0.17636709
MWizardDialog:0.14690481
MMessage:0.12694763
MPanel:0.11618156
MColorChooser:0.097976536
MSettingsDialog:0.09227755
MButton:0.07824957
MIconChooser:0.07443321
UI:0.073072866
MAboutDialog:0.06848915
MToolBar:0.0680991
MPasswordPanel:0.066961706
MFontChooser:0.053449597
MURLButton:0.052312784
MAction:0.04770296
MMenu:0.047688816
MApplication:0.044766422
Args:0.04013919
MDownloadDialog:0.03980057
MLoginPanel:0.031070443
MLabel:0.026492268
Flags:0.02628431
MIcon:0.021109935
MLogger:0.018289017
Mnemonic:0.017650217
MActionInfo:0.016775971
MSplashScreen:0.014447639
BooleanProperty:0.01168248
PropertyAccess:0.01035802
WindowDragAdapter:0.009981596
MLayout:0.007471283
Property:0.0074161417
