MFontChooser:0.05710623
TK:0.030659366
MButton:0.006683387
