Table:0.41333333333333333
HsqlProperties:0.4066666666666667
Database:0.4033333333333333
Session:0.39
HsqlDatabaseProperties:0.325
ArrayUtil:0.31666666666666665
Log:0.2966666666666667
DatabaseObjectNames:0.25
BaseHashMap:0.24333333333333335
SessionManager:0.23166666666666666
ValuePool:0.23
UnifiedTable:0.23
DatabaseManager:0.22333333333333333
Logger:0.20666666666666667
DatabaseCommandInterpreter:0.19
HSQLClientConnection:0.19
jdbcPreparedStatement:0.19
TestLibSpeed:0.13333333333333333
DatabaseInformationFull:0.10333333333333333
Token:0.08
PrimBooleanCellComparator:0.041666666666666664
poolSettings:0.0
