ServerPlayer:0.62
Player:0.5766666666666667
InGameController:0.5033333333333333
ServerUnit:0.26
TransactionSession:0.23666666666666666
IndianNationType:0.16
ChatMessage:0.16
GoodsForSaleMessage:0.15333333333333332
ServerGame:0.09777777777777777
