GUI:0.11566728
Canvas:0.115487
