Message:0.07158766
Connection:0.019580975
