Table:0.5
Type:0.5
DateTimeType:0.3233333333333333
ColumnSchema:0.31
Expression:0.3
HsqlDatabaseProperties:0.2725396825396825
Logger:0.27
RowAVLDisk:0.26666666666666666
ExpressionLogical:0.23333333333333334
TableSpaceManagerBlocks:0.22666666666666666
RowStoreAVLDisk:0.22
TableWorks:0.21333333333333335
RowStoreAVL:0.21333333333333335
FunctionCustom:0.20666666666666667
ParserRoutine:0.20333333333333334
TestTextTable:0.2
DataSpaceManagerBlocks:0.19666666666666666
TextTableDescriptor:0.18666666666666668
TestJDBCSavepoints:0.18166666666666667
ExpressionArithmetic:0.1411111111111111
