LuceneSearchEngine:0.7733333333333333
WikiBase:0.44666666666666666
EditServlet:0.23666666666666666
AdminServlet:0.23666666666666666
SearchServlet:0.13
LinkToServlet:0.11
