Unit:0.6066666666666667
Colony:0.56
Ability:0.45666666666666667
UnitType:0.41
Monarch:0.24666666666666667
GoodsLabel:0.23833333333333334
AIColony:0.22333333333333333
ServerUnit:0.22
ColonyPlan:0.21666666666666667
UnitLabel:0.20666666666666667
EuropeanAIPlayer:0.19
ServerColony:0.19
DefaultTransferHandler:0.17333333333333334
DragListener:0.16333333333333333
BuildQueuePanel:0.16333333333333333
WarehouseGoodsPanel:0.13333333333333333
ReportTradePanel:0.11666666666666667
