NetworkHandler:0.27723312
MetaRegister:0.056875452
