Connection:0.12138962
NetworkReplyObject:0.05395063
Message:0.04995447
