SearchAndReplace:0.276214
RESyntax:0.18146136
RE:0.1765608
REMatch:0.16067684
SearchMatcher:0.13790432
BeanShell:0.086445905
Buffer:0.05561718
MiscUtilities:0.05088777
NameSpace:0.040564764
CharIndexedSegment:0.01035258
