Player:0.58
Tile:0.4033333333333333
TileType:0.30666666666666664
ColonyTile:0.29
InGameController:0.25
ColonyPanel:0.24777777777777782
TileTest:0.2
ColopediaPanel:0.19666666666666666
ColonyPlan:0.19
ReportColonyPanel:0.09333333333333334
