MRating:0.20231783
TK:0.046495467
MPanel:0.04276151
Flags:0.04027085
