Task:0.7733333333333333
TaskTable:0.4533333333333333
