ColumnManager:0.12459199
MCheckBoxTable:0.058135584
MCellTip:0.05714882
AbstractListTableModel:0.055284142
MTableHeader:0.04118393
TK:0.03795487
MMenu:0.03613425
MRenderer:0.03332287
MScrollPane:0.03233608
UI:0.02918403
MMessage:0.026221473
AbstractIterator:0.018722117
MActionInfo:0.01710244
Config:0.016814612
MIcon:0.015740735
MLogger:0.013530641
MMouseAdapter:0.01110573
EnumProperty:0.0056523923
MV:0.0029140874
WTFError:0.0024579982
