WikiConfiguration:0.7166666666666667
NamespaceHandler:0.42333333333333334
AdminServlet:0.24333333333333335
WikiConfigurationObject:0.21666666666666667
PseudoTopicHandler:0.16
