ChartModel:0.74
ChartPanel:0.37666666666666665
BackgroundTaskManager:0.2733333333333333
FileSelection:0.22333333333333333
