ChartPainter:0.5666666666666667
ChartDialog:0.4716666666666667
ChartUtils:0.24666666666666667
