UI:0.7633333333333333
Console:0.30927777777777776
MComboBox:0.2966666666666667
MRenderer:0.25222222222222224
ScriptCommand:0.2511111111111111
