PluginManager:0.4155555555555555
MFileChooser:0.37
MToolBar:0.36333333333333334
ImageEditor:0.26166666666666666
PropertiesBar:0.2277777777777778
