MArrayList:0.21727109
ConfigFile:0.19442557
StringList:0.16747078
Config:0.14331418
AbstractMarkupBuilder:0.14215496
FS:0.13753198
MAction:0.13609931
MList:0.13214223
ValueEvent:0.114039816
Property:0.1131632
MDate:0.10540068
MText:0.10522016
AbstractFileCache:0.10424551
UI:0.10311721
CommandOptions:0.098725125
OS:0.09629641
Item:0.0941337
MIcon:0.092725985
MDataTransfer:0.091861844
ColorProperty:0.08988079
MTable:0.08899989
MPasswordField:0.08734409
Attributes:0.086605154
LogFile:0.083235584
VersionProperty:0.0828182
MLabel:0.08168116
Net:0.08122136
AbstractListTableModel:0.079371944
MLogger:0.07507588
MTabbedPane:0.07401885
MApplication:0.07313575
MTreeItem:0.06872702
MDialog:0.06772688
MURLAction:0.06309275
MRenderer:0.06290745
MPanel:0.062835865
MSmallColorChooser:0.061028037
MNotification:0.05957935
SecureProperty:0.058281787
MSettingsDialog:0.058051363
Gettext:0.058049113
HistoryManager:0.056606326
MouseGestures:0.055567484
MSmallColorButton:0.05495502
ActionGroup:0.054870967
StringProperty:0.052965105
Args:0.050960153
MAboutDialog:0.05039222
MActionInfo:0.05029036
MPasswordPanel:0.04928562
MWhatsThis:0.048749376
AbstractProperty:0.04857535
MWebBrowserPanel:0.04809719
MFileChooser:0.047969334
MToolBar:0.047238152
MButtonPanel:0.04671889
MURLButton:0.045247536
BeanProperty:0.045129243
Globals:0.045073826
MTip:0.04472556
MMessage:0.044463716
FileSelection:0.041593507
MClipboard:0.041462567
MCalendarPanel:0.039995417
MMainWindow:0.039598532
MButton:0.03942275
MTree:0.039057333
Tuple:0.03905443
EnumProperty:0.0379037
AbstractSelection:0.037587382
MColorIcon:0.037249483
MTextPane:0.03514357
MColorChooser:0.034431126
MColorPicker:0.033684723
MStatusBar:0.03205419
ImageSelection:0.032012638
HTMLViewFactory:0.031537738
Watermark:0.03066767
XMLHelper:0.030605726
MHighlighter:0.029279834
MInternalFrame:0.028532
Mnemonic:0.027414529
MProgressIcon:0.02705459
MTextField:0.026933488
MWizardDialog:0.026634594
HTMLAutodiscovery:0.02632253
MRating:0.025015317
MMultiPanel:0.023100656
MIconChooser:0.022919256
MFontChooser:0.022828477
MSwingWorker:0.021883981
MProcess:0.020544348
MutableInteger:0.019405467
MTogglePanel:0.018870605
MHTMLViewer:0.017774928
Preloader:0.017283306
MTaskPanel:0.015685072
MTreeModel:0.014963611
MFontButton:0.014731982
MUndoManager:0.013527007
MIconButton:0.012655798
MGuardedObject:0.01196598
AbstractIndicator:0.011817146
Linkify:0.011775854
MLoginPanel:0.010395603
ItemStatus:0.008398021
MDocumentAdapter:0.00753725
CoolHeader:0.0071064634
HTMLSelection:0.0061732316
SimpleProgressBar:0.00586865
ContainerScanner:0.003947169
MLinkAction:0.0022292868
