ProductionLabel:0.6233333333333333
BuildingPanel:0.5233333333333333
BuildingToolTip:0.32
ReportProductionPanel:0.15
ReportReligiousPanel:0.15
