Player:0.5866666666666667
FoundingFather:0.44
Building:0.3433333333333333
