Editor:0.55
EditorCrypto:0.4166666666666667
EditorPlugin:0.31833333333333336
VersionPanel:0.25333333333333335
PropertiesPanel:0.24333333333333335
