Preferences:0.6933333333333334
SegmentBuilder:0.39
TagValidationFrame:0.2966666666666667
TagValidationOptionsDialog:0.27666666666666667
PatternConsts:0.23
Styles:0.2192619047619047
EditorSettings:0.21
TagValidationTool:0.16333333333333333
