OpenXMLOptions:0.7866666666666666
EditOpenXMLOptionsDialog:0.5233333333333333
OpenXMLFilter:0.2966666666666667
