UI:0.8833333333333333
MountManager:0.3333333333333333
PropertiesPanel:0.2511111111111111
ArchiveItem:0.21666666666666667
CircleRenderer:0.18666666666666668
FolderMetaInfo:0.12
FontPropertyInterpolator:0.12
ValidationException:0.06333333333333334
