Cache:0.3886223
TextCache:0.25351456
Log:0.13180359
CachedRow:0.11658156
CacheFree:0.089603
ScaledRAFile:0.079570696
DataFileDefrag:0.07625082
Trace:0.07191848
Database:0.06353532
Table:0.05504712
DatabaseInformationFull:0.05189295
HsqlDatabaseProperties:0.042859107
Logger:0.040914577
HsqlException:0.007989364
