MText:0.09849698
UI:0.038143504
MColor:0.027711574
CoolHeader:0.01410155
MTextFieldPanel:0.008373553
MStatusBar:0.006010053
MLogger:0.005669173
TK:0.005381467
MCalendarPanel:0.005209047
MMultiPanel:0.0045705438
MWizardDialog:0.004447436
MDocumentAdapter:0.0026336277
