ReportPanel:0.27755627
VictoryPanel:0.11252877
FreeColPanel:0.05860303
