ReportPanel:0.15082724
FreeColPanel:0.045864396
FreeColProgressBar:0.033537675
