MPanel:0.10626783
MTabbedPane:0.10166807
MAboutDialog:0.09806908
MNotification:0.084568895
MSeparator:0.0814501
MCalendarPanel:0.079450965
UI:0.07812614
MDialog:0.07512192
MSlider:0.0743895
MRenderer:0.07366474
MMenu:0.06618832
MColorChooser:0.0643709
MSplashScreen:0.06294946
MSmallColorChooser:0.06256038
MMessage:0.06142216
TK:0.059057083
MIcon:0.05783132
CoolHeader:0.057099383
MTableHeader:0.053943127
MTip:0.05234347
MWizardDialog:0.052210443
MLabelBeanInfo:0.050875746
MTextFieldPanel:0.04936385
MThrobber:0.046361595
HTMLBuilder:0.043899614
MSettingsDialog:0.043575883
BackgroundTaskManager:0.042125326
Mnemonic:0.03834834
MDownloadDialog:0.03622898
AbstractMarkupBuilder:0.036031067
MStatusBar:0.03250698
MTogglePanel:0.0322021
Preloader:0.024839131
MPasswordPanel:0.024600077
MMouseAdapter:0.015243036
MTaskPanel:0.01286524
MLayout:0.008639629
MColor:0.0045045353
