MDialog:0.6633333333333333
MPanel:0.6633333333333333
