BufferSaveRequest:0.07333333333333333
BufferLoadRequest:0.06333333333333334
BufferIORequest:0.06
BufferAutosaveRequest:0.02
BufferInsertRequest:0.02
MarkersSaveRequest:0.0033333333333333335
