TarFileOutputStream:0.61
TarEntrySupplicant:0.48333333333333334
TarGenerator:0.25666666666666665
