IFilter:0.31574303
FilterContext:0.053378202
IParseCallback:0.0408175
TranslationException:0.040264487
Instance:0.03856604
IAlignCallback:0.032858524
ITranslateCallback:0.031134013
