Config:0.6933333333333334
MText:0.38666666666666666
PluginInfo:0.33
CommentChecker:0.13333333333333333
