FreeCol:0.5566666666666666
FreeColServer:0.45
MapGenerator:0.29233333333333333
ConnectController:0.26
