TableBase:0.43333333333333335
QuerySpecification:0.39666666666666667
ParserRoutine:0.2733333333333333
QueryExpression:0.2633333333333333
StatementSession:0.26
ParserCommand:0.23333333333333334
