TaskPanel:0.14782107
TaskManager:0.07856635
TaskInfo:0.07095002
TaskList:0.06773349
Summary:0.016196687
