Unit:0.5366666666666666
IndianSettlement:0.37666666666666665
InGameController:0.30666666666666664
InGameInputHandler:0.2866666666666667
AIPlayer:0.21666666666666667
