MMessage:0.5066666666666667
MPasswordPanel:0.44
Console:0.38333333333333336
EditorCrypto:0.22
