Game:0.16794398
Nation:0.089988746
Player:0.07615185
Specification:0.06343045
FreeColObject:0.059383284
NationType:0.04985078
