AdvantageCellRenderer:0.177909
ColorCellRenderer:0.13510983
AdvantageCellEditor:0.07648613
ColopediaPanel:0.06351553
StartGamePanel:0.05906772
