InputHandler:0.283813
PreGameController:0.22883049
UserConnectionHandler:0.13504823
