PreGameInputHandler:0.3511703
InGameInputHandler:0.2352958
Controller:0.1996667
