View:0.20452215
HistoryTextField:0.14497058
KeyEventWorkaround:0.09755144
InputHandler:0.070115894
StatusBar:0.06453748
jEdit:0.06423099
GUIUtilities:0.052724246
EditAction:0.04588193
EditPane:0.04413401
Macros:0.042202424
MiscUtilities:0.03643154
BeanShell:0.03219393
NameSpace:0.009394338
RolloverButton:0.006621519
