SearchAndReplace:0.29136944
SearchDialog:0.20875828
View:0.19909997
Buffer:0.10369257
JEditTextArea:0.087074295
StatusBar:0.08632377
jEdit:0.076972336
HistoryTextField:0.07116979
EditPane:0.06948748
GUIUtilities:0.038847562
Selection:0.020634545
Log:0.017578242
RolloverButton:0.017122135
CurrentBufferSet:0.014105801
