HelpGenerator:0.5666666666666667
AbstractMarkupBuilder:0.46
HelpAction:0.26666666666666666
DocumentHelpAction:0.18
