Player:0.46
Map:0.37222222222222223
Region:0.34
River:0.2966666666666667
InGameController:0.28
TerrainGenerator:0.26666666666666666
InGameInputHandler:0.23666666666666666
GameOptions:0.22333333333333333
MarketTest:0.08
