ActionManager:0.35735214
FreeColAction:0.1339281
