ColonyPanel:0.2090171
DragListener:0.15860328
DefaultTransferHandler:0.13868484
WorkProductionPanel:0.12655371
ReportColonyPanel:0.12486305
BuildingToolTip:0.12118877
EuropePanel:0.1198724
BuildingPanel:0.11107798
ReportPanel:0.10965503
ProductionLabel:0.08139345
CargoPanel:0.073633015
ReportCargoPanel:0.067031704
GoodsLabel:0.06540562
ReportNavalPanel:0.06471268
PreCombatDialog:0.056240797
ReportMilitaryPanel:0.050996516
ReportEducationPanel:0.046704434
AbstractGoodsLabel:0.04633977
MarketLabel:0.038460158
