Buffer:0.6466666666666666
jEdit:0.4
XmlParser:0.3566666666666667
SplashScreen:0.3
BeanShell:0.26
SearchDialog:0.20333333333333334
ButtonLayout:0.19666666666666666
BufferListSet:0.14333333333333334
Debug:0.09333333333333334
