Log:0.47333333333333333
Session:0.4533333333333333
RangeVariable:0.2544444444444445
Database:0.24800000000000003
SessionManager:0.24333333333333335
RangeVariableResolver:0.21
CheckpointRunner:0.13666666666666666
