Colony:0.45666666666666667
Building:0.33666666666666667
InGameInputHandler:0.31666666666666665
ColonyPanel:0.23
InGameController:0.22333333333333333
BuildingBox:0.18
