Table:0.5133333333333333
Session:0.4633333333333333
TransactionManager:0.34
RowAction:0.309
TableBase:0.2966666666666667
LobManager:0.25333333333333335
Database:0.23111111111111116
