Buffer:0.51
JEditTextArea:0.49
LineManager:0.4666666666666667
DisplayManager:0.41
BufferChangeHandler:0.20800000000000002
