PluginManager:0.43666666666666665
ActivatorPlugin:0.3193888888888889
Reload:0.2966666666666667
ReloadPanel:0.2
CombinedPanel:0.15666666666666668
KeyHandler:0.03
