RowAction:0.79
TransactionManagerMVCC:0.30333333333333334
TransactionManagerCommon:0.2544444444444445
