OptionsDialog:0.063898206
AbstractOptionPane:0.011628621
Log:0.011569179
