MainWindow:0.0072387843
Main:0.0045760595
