Expression:0.14055677
SequenceManager:0.040241092
Table:0.026497846
DatabaseCommandInterpreter:0.022111166
Parser:0.020570675
Database:0.019580424
DINameSpace:0.018204518
DatabaseScript:0.01609376
View:0.013389662
DatabaseInformationMain:0.013185862
DITableInfo:0.011120509
Types:0.0090975035
Log:0.0071045463
Logger:0.0054120403
