MainWindow:0.42
ImageEditor:0.37
ImageEditorCore:0.36833333333333335
ImagePreviewPanel:0.24333333333333335
FilterDialog:0.20666666666666667
Filter:0.17733333333333334
ZoomSelectionAction:0.13
ImageLabel:0.09
