MCalendarPanel:0.12469391
MDialog:0.1161582
MLabel:0.09653546
MMultiPanel:0.09250393
MWizardDialog:0.08667944
MAboutDialog:0.08547665
MTabbedPane:0.08517189
MTogglePanel:0.08173423
MTextFieldPanel:0.07959702
MButtonPanel:0.07792574
MComponent:0.07526484
MLayout:0.07392196
MMessage:0.07184081
MRenderer:0.067931004
MSeparator:0.06466106
MInternalFrame:0.060377736
MNotification:0.05821312
UI:0.05709471
MSettingsDialog:0.055744298
MPasswordPanel:0.05506542
MStatusBar:0.054458406
MColorChooser:0.05296704
MFontChooser:0.05176411
MSmallColorChooser:0.048716214
MColorChooserPanel:0.0479004
MFlipPanel:0.039365526
MDownloadDialog:0.034784183
MFileChooser:0.033736534
MColorPicker:0.029094815
MIconChooser:0.027436921
MWebBrowserPanel:0.026841383
CoolHeader:0.024973474
TK:0.024207879
MRating:0.017868182
MArrayList:0.014205965
AbstractIndicator:0.013971528
Pair:0.0017390833
