StringUtil:0.7566666666666667
EditorTextArea3:0.5855555555555555
StringUtilTest:0.04666666666666667
