ImageEditor:0.43333333333333335
TextEditor:0.43333333333333335
TodoEditor:0.43333333333333335
NotepadEditor:0.43333333333333335
ImportExport:0.26
TaskSummary:0.212
