Player:0.78
IndianSettlement:0.5366666666666666
InGameControllerTest:0.20666666666666667
InGameController:0.205
GUI:0.19333333333333333
ScoutingMission:0.18
ServerIndianSettlement:0.17777777777777778
IndianSettlementPanel:0.14
ReportIndianPanel:0.09
