FeedsFS:0.6566666666666666
OS:0.31333333333333335
Model:0.2733333333333333
ArticleList:0.22444444444444447
ArchiveItemRenderer:0.19666666666666666
StatusRenderer:0.023055555555555555
