jEdit:0.06668585
Log:0.06331271
EditBus:0.06060474
Registers:0.0314259
MiscUtilities:0.026977146
EBMessage:0.0207652
PropertiesChanged:0.010110467
EBComponent:0.009018951
DefaultFocusComponent:0.0071025672
