LinkEditor:0.093588784
Link:0.033250015
