InGameController:0.8933333333333333
InGameInputHandler:0.6
ImprovementAction:0.22883333333333336
