MPanel:0.6427777777777778
AbstractIndicator:0.43
MButtonPanel:0.30666666666666664
