DT:0.6733333333333333
Task:0.4655555555555555
CalendarComponent:0.18
