UI:0.5388888888888889
MMenu:0.3233333333333333
ChartDialog:0.2225
ScriptIDE:0.2111111111111111
StatsDialog:0.2
Action:0.17666666666666667
SaveAction:0.11333333333333333
AddStickyNoteAction:0.1
