TestBug808460:0.07495753
TestBatchExecution:0.066659726
TestBug778213:0.06579043
TestINPredicateParameterizationAndCorrelation:0.061046418
TestSql:0.057460587
TestBug785429:0.045149215
TestScript:0.044977803
TestLikePredicateOptimizations:0.04185008
TestDateTime:0.038831014
TestDatabaseMetaData:0.028193692
