Environment:0.5066666666666667
RadioTag:0.4866666666666667
CheckboxTag:0.4866666666666667
AdminServlet:0.2966666666666667
