Config:0.57
TextEditorDesigner:0.35333333333333333
OS:0.3233333333333333
ImageEditorDesigner:0.2633333333333333
TextEditor:0.24777777777777782
Button:0.23444444444444448
Gettext:0.23333333333333334
WikiPanel:0.20333333333333334
DateRenderer:0.12
