HsqlProperties:0.2966666666666667
jdbcPreparedStatement:0.285
DatabaseCommandInterpreter:0.26666666666666666
WebServerConnection:0.25666666666666665
DataFileCache:0.25
LockFile:0.24166666666666667
DataFileDefrag:0.20666666666666667
Servlet:0.16777777777777778
