StaticUtils:0.11048046
LFileCopy:0.08329802
DirectoryMonitor:0.08012745
OConsts:0.04309674
Log:0.038303178
TMXWriter2:0.024752866
Platform:0.0021875387
