SourceTextEntry:0.029374147
ParseEntry:0.024591714
RealProject:0.011168712
