SearchDialog:0.1420657
MiscUtilities:0.12746084
BufferListSet:0.11603115
SearchAndReplace:0.10595757
jEdit:0.10546764
Buffer:0.10123247
Log:0.051915262
RE:0.023360645
