TokenMarker:0.11348592
SearchAndReplace:0.08296378
HyperSearchRequest:0.05960051
CharIndexed:0.045371186
