ServiceManager:0.16228564
PluginJAR:0.10923457
HandlerBase:0.0851389
Log:0.0194225
