CompositeFigure:0.8466666666666667
innerFigureChangeListener:0.12666666666666668
