MAction:0.7566666666666667
MButton:0.36
MDialog:0.28
MSmallButton:0.15333333333333332
MActionInfo:0.14666666666666667
