ColonyTile:0.2723209
IndianSettlement:0.24550614
Settlement:0.23136343
Building:0.22959952
Colony:0.22725217
Goods:0.22399291
Europe:0.2232394
AbstractGoods:0.2029085
Tile:0.16832963
Unit:0.1435836
GoodsType:0.12708342
Player:0.1169903
Specification:0.11634611
FreeColGameObject:0.1090408
Game:0.1030065
FreeColObject:0.09623795
Location:0.09233367
FreeColGameObjectType:0.043839257
Ownable:0.020433744
