ImageUtil:0.6166666666666667
LinkUtil:0.54
ParserFunctionUtil:0.3
ParserTest:0.19472222222222224
ImageLinkTag:0.16
JAMWikiUnitTest:0.14
JAMHTMLConverter:0.11333333333333333
