MatchesVarExpansion:0.09831177
IMatcher:0.08563438
FindMatchesThread:0.05793773
