HTMLBuilder:0.21254161
XMLBuilder:0.12822856
FS:0.08075216
TK:0.07526169
AbstractFileCache:0.025310159
FileCache:0.01993366
MHTMLViewer:0.0013099491
