MTip:0.10060755
AbstractFileCache:0.09840869
FS:0.0861485
FileCache:0.07720105
MLogger:0.017875712
