ClientOptions:0.37666666666666665
SelectOption:0.33666666666666667
AbstractOption:0.31666666666666665
OptionMap:0.23
BooleanOption:0.23
OptionGroup:0.22666666666666666
MapGeneratorOptions:0.22
Messages:0.21666666666666667
GameOptions:0.15333333333333332
ActionManager:0.14
IntegerOption:0.13
LanguageOption:0.1211111111111111
FileOption:0.11666666666666667
