Tile:0.7533333333333333
River:0.32
PlayerExploredTile:0.31666666666666665
TileType:0.29333333333333333
