Colony:0.2999056
Unit:0.19116017
BuildingType:0.18593542
Tile:0.14406703
Settlement:0.14237218
Player:0.1380971
GoodsContainer:0.1306691
GoodsType:0.10403377
UnitType:0.102422215
Specification:0.101053745
Consumer:0.09081235
Game:0.082931995
AbstractGoods:0.080054656
FreeColGameObject:0.076452546
FreeColObject:0.06449911
FoundingFather:0.06402512
WorkLocation:0.0633319
Modifier:0.048442658
FreeColGameObjectType:0.04585573
StringTemplate:0.029709263
FeatureContainer:0.025404138
GameOptions:0.024885662
Locatable:0.019806346
Ownable:0.012918967
Named:0.0075932345
