Colony:0.35269976
WorkLocation:0.30051407
Tile:0.26991156
TileType:0.26371026
Unit:0.20768288
UnitLocation:0.19651905
Player:0.19423097
Settlement:0.18986703
TileItemContainer:0.15881321
ProductionCache:0.13614276
UnitType:0.1357096
Specification:0.13462606
GoodsType:0.13012426
AbstractGoods:0.12496732
UnitWas:0.12331459
FreeColGameObject:0.10418907
FreeColObject:0.078368984
Game:0.07578939
Ability:0.069562346
FreeColGameObjectType:0.06057592
StringTemplate:0.05248885
Modifier:0.05117683
FeatureContainer:0.03151661
Locatable:0.017221624
Ownable:0.005686152
