GoodsContainer:0.49051508
UnitLocation:0.33878848
IndianSettlement:0.22527403
Goods:0.20704466
Colony:0.17763358
Settlement:0.14089233
Unit:0.13465849
Building:0.1323985
FreeColGameObject:0.1296013
AbstractGoods:0.09079709
FreeColObject:0.08404971
Game:0.079835355
Player:0.07748603
TileItem:0.07258331
GoodsType:0.06769214
Locatable:0.03455055
ColonyWas:0.00406552
