UnitLocation:0.6308115
Unit:0.33197555
Goods:0.30504525
Map:0.2931979
Locatable:0.28673765
Colony:0.2809074
Tile:0.27054885
GoodsContainer:0.25421232
WorkLocation:0.25184032
Player:0.22457069
FreeColGameObject:0.20039186
HighSeas:0.19498271
TileItem:0.1901856
Settlement:0.18520895
TradeRoute:0.15835792
UnitWas:0.12890036
TradeRouteStop:0.12537706
LastSale:0.11935145
StringTemplate:0.10127757
