LostCityRumour:0.5722222222222222
InGameController:0.3466666666666667
MapGenerator:0.26
