Preferences:0.8413095238095238
SearchThread:0.47333333333333333
SearchWindow:0.2966666666666667
