ArrayUtil:0.56
QuerySpecification:0.3433333333333333
ParserDQL:0.29
DateTimeType:0.2633333333333333
ParserDDL:0.22666666666666666
FunctionCustom:0.20333333333333334
