Player:0.65
Unit:0.49666666666666665
Monarch:0.3511111111111111
InGameController:0.22
InGameInputHandler:0.22
