jEdit:0.6266666666666667
DockableWindowManager:0.53
ChunkCache:0.3563888888888889
