jEdit:0.6966666666666667
Buffer:0.6566666666666666
BrowserView:0.23666666666666666
GrabKeyDialog:0.22333333333333333
Delegate:0.22333333333333333
DockableLayout:0.20333333333333334
OptionsDialog:0.17666666666666667
StatusBar:0.17666666666666667
ActionSet:0.17
Install:0.17
ResultCellRenderer:0.1688888888888889
PluginsMenuButton:0.16666666666666666
MacOSPlugin:0.15444444444444444
ErrorListCellRenderer:0.14333333333333334
ShortcutsModel:0.13
HelpIndex:0.13
BrowserActionContext:0.04811111111111111
