Player:0.64
Mission:0.3427777777777778
PrivateerMission:0.28
EuropeanAIPlayer:0.27666666666666667
PrivateerMissionTest:0.20666666666666667
TransportMission:0.1875
TransportMissionTest:0.06
