Environment:0.39
TemplateHandler:0.3433333333333333
ParserInput:0.33666666666666667
AdminServlet:0.22333333333333333
AbstractParser:0.18333333333333332
