DataFileCacheSession:0.3744385
TextCache:0.30278924
RowStoreAVLDisk:0.09996376
DataFileDefrag:0.096418634
Logger:0.07816911
RowStoreAVLDiskData:0.074521616
PersistentStore:0.068792865
Cache:0.06008938
RowStoreAVLMemory:0.05567867
RowStoreAVL:0.05466521
ScaledRAFile:0.05442928
Log:0.049528338
RowStoreAVLHybrid:0.040127322
RAShadowFile:0.040000502
CachedObject:0.03528503
ScaledRAFileSimple:0.033569954
HsqlDatabaseProperties:0.02346508
RandomAccessInterface:0.017196491
PersistentStoreCollectionSession:0.0154046435
DataFileBlockManager:0.012307617
