IntervalType:0.30381563
TimestampData:0.17096697
Type:0.16530517
TimeData:0.14166036
DTIType:0.13646162
NumberType:0.121532515
IntervalSecondData:0.10724249
Types:0.061731894
IntervalMonthData:0.03495474
