Unit:0.58
Europe:0.35333333333333333
EquipmentType:0.3433333333333333
BuildingTest:0.27666666666666667
EuropeTest:0.16333333333333333
AllTests:0.15333333333333332
