TK:0.7766666666666666
MActionInfo:0.36333333333333334
Tester:0.225
Style:0.225
FeedViewer:0.21
InternetSearchPanel:0.21
MLinkAction:0.2
FSHelper:0.18666666666666668
HTMLAutodiscovery:0.185
MIconChooser:0.16
PluginInstaller:0.13
TestTK:0.09
