MRenderer:0.69
List:0.5233333333333333
GHNSDialog:0.43333333333333335
MetaInfoList:0.12666666666666668
