Unit:0.62
Mission:0.47333333333333333
ModelController:0.4666666666666667
ServerPlayer:0.3933333333333333
ServerModelController:0.35
MockModelController:0.2966666666666667
BuildColonyMission:0.29
TransportMission:0.24833333333333332
ClientModelController:0.24
ScoutingMission:0.23
InGameInputHandler:0.22
InGameController:0.21
PioneeringMission:0.20666666666666667
ColonialAIPlayer:0.19666666666666666
MapTest:0.19
ServerUnit:0.18666666666666668
StandardAIPlayer:0.18333333333333332
FreeColClient:0.18333333333333332
MapGeneratorTest:0.16833333333333333
EuropeanAIPlayer:0.16666666666666666
