NamespaceHandler:0.28868225
Encryption:0.18003567
WikiLink:0.14892234
PseudoTopicHandler:0.10977386
Pagination:0.055049222
Utilities:0.0
LinkUtil:0.0
WikiLogger:0.0
