MIcon:0.37333333333333335
Reflect:0.35
MDialog:0.3
QueryMenu:0.29333333333333333
MSplashScreen:0.245
PropertiesBar:0.22111111111111115
MColor:0.22
MWizardDialog:0.19
FSException:0.17333333333333334
PopupWindow:0.15333333333333332
