MainWindow:0.4166666666666667
Main:0.31166666666666665
Core:0.28
MainWindowUI:0.25777777777777783
EditorController:0.25
ProjectUICommands:0.23
IMainWindow:0.21661111111111112
GlossaryTextArea:0.19111111111111112
IEditor:0.13916666666666666
MatchesTextArea:0.11666666666666667
