Logger:0.053799145
HsqlDatabaseProperties:0.01785442
