HsqlNameManager:0.47202572
SchemaManager:0.25415462
SchemaObject:0.18032438
StatementSchema:0.17123836
SchemaObjectSet:0.16470121
ParserDDL:0.14207737
Table:0.11079037
Routine:0.10813764
Database:0.09504155
StatementCommand:0.073285915
ParserRoutine:0.06711982
StatementDMQL:0.052358806
ParserDQL:0.04797276
TransactionManagerCommon:0.042250354
StatementSet:0.033113617
StatementDML:0.03190678
QuerySpecification:0.029247493
TransactionManagerMVCC:0.005221754
