HsqlByteArrayOutputStream:0.38016254
DataOutputStream:0.21407034
ArrayUtil:0.12754466
HsqlByteArrayInputStream:0.11912313
MD5:0.024340779
