MButton:0.47
MPasswordField:0.42333333333333334
MouseGestures:0.37666666666666665
HelpGenerator:0.3433333333333333
ZoomComponent:0.20333333333333334
