MTable:0.44333333333333336
ChartModel:0.30666666666666664
TodoEditorCore:0.30666666666666664
