ConnectController:0.5708333333333333
FreeColClient:0.52
FontTest:0.3647222222222222
