Canvas:0.7833333333333333
ReportColonyPanel:0.3377777777777778
