MIcon:0.76
AbstractFS:0.23333333333333334
MLabel:0.2288888888888889
MInternalFrame:0.2288888888888889
MButton:0.2288888888888889
MToggleButton:0.21333333333333335
