TreePanel:0.22605175
LocationBar:0.20194948
ImportExport:0.17654645
ItemRenderer:0.14899266
PropertiesPanel:0.14058563
TreeSettings:0.008970762
