MainWindowMenuHandler:0.4166666666666667
CreateGlossaryEntry:0.35333333333333333
GlossaryManager:0.32
