Topic:0.79
DatabaseHandler:0.5733333333333334
ConvertVQWiki:0.16666666666666666
