Preferences:0.5733333333333334
Searcher:0.36
GlossaryManager:0.31333333333333335
TaaSGlossary:0.24
BrowseTaasCollectionsController:0.2377777777777778
GlossaryTextArea:0.20666666666666667
TaaSPlugin:0.19
