GHNSDialog:0.5888888888888889
PluginDownloader:0.4633333333333333
VarListCommand:0.2866666666666667
