FeedsFS:0.5933333333333334
FeedDownloader:0.44333333333333336
FeedThread:0.31
