MText:0.49666666666666665
MouseGestures:0.2833333333333333
MPasswordField:0.28
MSizeGrip:0.27666666666666667
MSettingsPage:0.20833333333333334
MWhatsThis:0.18611111111111112
