AutoCompletion:0.5
CompletionWindow:0.43333333333333335
Validator:0.30666666666666664
