Tile:0.6266666666666667
TileItemContainer:0.5033333333333333
