Feature:0.29402062
FreeColObject:0.12544228
Scope:0.12138614
Tile:0.11777812
Resource:0.10853358
FoundingFather:0.10790154
ResourceType:0.102634236
TileType:0.09620633
TileImprovement:0.08766028
Player:0.08717703
ColonyTile:0.08624028
TileImprovementType:0.08520961
EuropeanNationType:0.08245417
IndianNationType:0.08175155
Colony:0.08119663
FreeColGameObjectType:0.07985753
TileItemContainer:0.07856623
FeatureContainer:0.078412175
BuildingType:0.06636306
Unit:0.06316707
EquipmentType:0.06200167
UnitType:0.056576245
Settlement:0.056048725
SimpleCombatModel:0.042833313
CombatModel:0.035664678
Features:0.034852367
Turn:0.007967912
