JEditTextArea:0.5566666666666666
DockableWindowManager:0.5033333333333333
DockableLayout:0.42
