StringConverter:0.14058422
InOutUtil:0.1330535
