Environment:0.44333333333333336
FileHandler:0.29333333333333333
DatabaseHandler:0.2761111111111111
WikiServlet:0.23666666666666666
RecentChangesServlet:0.18666666666666668
