Unit:0.6166666666666667
Player:0.6
ModelController:0.3819444444444444
Monarch:0.37
InGameInputHandler:0.30333333333333334
Tension:0.29333333333333333
IndianSettlement:0.2733333333333333
AIPlayer:0.21
InGameController:0.20666666666666667
AIInGameInputHandler:0.18
ServerModelController:0.15333333333333332
ClientModelController:0.13833333333333334
ReportIndianPanel:0.1
