User:0.31040683
DINameSpace:0.24173954
DatabaseInformationMain:0.16107492
Database:0.15937704
DatabaseCommandInterpreter:0.15635738
Table:0.15020053
Session:0.13741475
DatabaseInformationFull:0.13377424
Parser:0.120738685
DatabaseScript:0.09983714
TriggerDef:0.08381157
Trace:0.078380674
HsqlException:0.03175544
