UserManager:0.3370085
DINameSpace:0.16451663
Database:0.12192736
Session:0.1150587
DatabaseScript:0.11418935
DatabaseInformationFull:0.10798318
DatabaseCommandInterpreter:0.09884475
DatabaseInformationMain:0.0983023
Function:0.08799498
Trace:0.06605643
Token:0.057078406
SessionManager:0.040767055
Logger:0.037035197
HsqlException:0.010373212
