Buffer:0.5766666666666667
TokenHandler:0.29583333333333334
BufferIORequest:0.285
TokenMarker:0.26111111111111107
ChunkCache:0.20666666666666667
DefaultTokenHandler:0.16666666666666666
DummyTokenHandler:0.12833333333333333
LineInfo:0.014285714285714285
