Player:0.5983333333333334
Game:0.45777777777777773
Turn:0.4066666666666667
HistoryEvent:0.38666666666666666
Colony:0.36666666666666664
ServerPlayer:0.24
InGameController:0.23
InGameInputHandler:0.20666666666666667
SimpleCombatModel:0.2
Region:0.2
ServerPlayerTest:0.18666666666666668
ServerGame:0.1
MonarchTest:0.1
ReportHistoryPanel:0.07666666666666666
