Canvas:0.49333333333333335
FreeColDialog:0.4166666666666667
InGameController:0.27666666666666667
