SearchWindowController:0.4766666666666667
SearchWindowForm:0.36
Searcher:0.34833333333333333
Preferences:0.14333333333333334
SearchExpression:0.12111111111111111
