Tokenizer:0.31822985
Parser:0.28517383
Table:0.23734088
Session:0.23142573
Database:0.22609599
Expression:0.1722082
DatabaseScript:0.1717443
Trace:0.16202088
TableWorks:0.15295601
View:0.15258388
Function:0.13841768
Select:0.1311747
Token:0.13089524
User:0.1284231
Constraint:0.12597676
TriggerDef:0.09897884
TextTable:0.09544479
Column:0.09422919
Logger:0.09138442
HsqlNameManager:0.08718095
Result:0.08695405
Index:0.086440064
UserManager:0.086103976
DatabaseInformation:0.080239706
SequenceManager:0.07050012
CompiledStatement:0.06459627
HsqlDatabaseProperties:0.054051735
DatabaseObjectNames:0.051779527
DatabaseManager:0.047082596
Types:0.040359803
ConstraintCore:0.036435265
HsqlException:0.021092301
ResultConstants:0.01847718
NumberSequence:0.013724152
Trigger:0.010049685
