DataAccessPoint:0.08938968
DataAccessPointException:0.03417893
Transfer:0.028262587
TransferTable:0.028251031
TransferHelper:0.024575375
SQLStatements:0.02181627
TransferResultSet:0.011197395
JDBCTypes:0.0014513687
Traceable:1.5992539E-4
