ImageLibrary:0.72
Canvas:0.48
RiverStylePanel:0.3233333333333333
CanvasMapEditorMouseListener:0.24333333333333335
MapEditorTransformPanel:0.02
