Type:0.6966666666666667
ExpressionArithmetic:0.3277777777777778
ExpressionLogical:0.29
FunctionSQL:0.25666666666666665
ExpressionOp:0.25666666666666665
