Unit:0.6033333333333334
Map:0.5066666666666667
TerrainGenerator:0.265
InGameInputHandler:0.21666666666666667
MapTest:0.2
FreeColTestCase:0.19333333333333333
ServerModelController:0.17333333333333334
ScaleMapAction:0.14666666666666667
DetermineHighSeasAction:0.14666666666666667
ColonyProductionTest:0.09666666666666666
