AbstractFS:0.36
FeedsFS:0.31
TreeFS:0.25
TrashFS:0.2111111111111111
TextUtils:0.18666666666666668
MouseGestures:0.18666666666666668
