IProject:0.5666666666666667
TMXEntry:0.5066666666666667
PrepareTMXEntry:0.48
RealProject:0.4033333333333333
EditorController:0.3466666666666667
ProjectTMX:0.2733333333333333
TMXWriter:0.20333333333333334
ExternalTMX:0.20333333333333334
TagValidationFrame:0.2
Main:0.19666666666666666
TestFilterBase:0.19333333333333333
TmxComplianceTests:0.18666666666666668
RealProjectTest:0.18
NotLoadedProject:0.16420634920634922
FindMatches:0.16
AlignFilesCallback:0.15
Loader:0.15
TMXWriterTest:0.15
EmptyNoneTranslationPopup:0.13166666666666665
ReplaceFilter:0.12666666666666668
FalseFriendsTest:0.09666666666666666
TestProject:0.016666666666666666
