Preferences:0.5419444444444445
SearchWindowController:0.4266666666666667
SearchWindowForm:0.37
Searcher:0.305
SearchExpression:0.12111111111111111
