Mission:0.3047968
TransportMission:0.27866003
