ColonialAIPlayer:0.48194715
AIPlayer:0.40523213
IndianAIPlayer:0.31457463
EuropeanAIPlayer:0.28288972
AIUnit:0.27246132
REFAIPlayer:0.2359532
AIMain:0.10760228
AIObject:0.07629396
AIInGameInputHandler:0.06955654
