TransportMission:0.3399505
WorkInsideColonyMission:0.30084807
Mission:0.21360356
