MTextField:0.6544444444444444
MSearchPanel:0.5566666666666666
QuickOpenDialog:0.35
MTableFilterPanel:0.28
