AIGoods:0.34919456
Wish:0.3162008
AIColony:0.26584724
AIMain:0.23341358
AIObject:0.2052523
AIPlayer:0.17606252
Transportable:0.044346634
