ColonyPlan:0.38932434
AIColony:0.35334265
TileImprovement:0.1896417
AIMain:0.08049125
