Canvas:0.4766666666666667
FreeColClient:0.3233333333333333
Video:0.2866666666666667
ResourceManager:0.26
VideoComponent:0.18666666666666668
ResourceFactory:0.12666666666666668
VideoResource:0.11666666666666667
