MDialog:0.047330312
UI:0.03900638
MCellTip:0.033961263
MouseGestures:0.031024018
MMenu:0.02633183
MMainWindow:0.019486552
MApplication:0.0194502
MWhatsThis:0.017906327
MComponent:0.016172688
Config:0.009715826
MStatusBar:0.009702316
MSystemTray:0.006936514
OS:0.006741976
Property:0.0022691353
BooleanProperty:0.0019016071
