PropertyPanel:0.5333333333333333
PluginSettings:0.36666666666666664
TaskTable:0.3488888888888889
DefaultComparator:0.26666666666666666
MSettingsPage:0.23666666666666666
Designer:0.22333333333333333
