jEdit:0.7366666666666667
EditServer:0.43
MouseHandler:0.2733333333333333
