Buffer:0.9033333333333333
Registers:0.49333333333333335
BrowserCommandsMenu:0.27
