Table:0.5933333333333334
HsqlDatabaseProperties:0.37
Database:0.33666666666666667
HsqlProperties:0.30666666666666664
Log:0.2866666666666667
DatabaseScriptWriter:0.24
DatabaseInformationMain:0.23333333333333334
Logger:0.22
DatabaseInformationFull:0.2
DatabaseScriptReader:0.19111111111111112
DatabaseInformation:0.17666666666666664
ScriptRunner:0.08333333333333333
