MActionInfo:0.6633333333333333
Desktop:0.42055555555555557
LockButton:0.3522222222222222
