ServletUtil:0.4203581
JAMWikiServlet:0.31247896
WikiPageInfo:0.12778142
