UI:0.59
MTable:0.30333333333333334
Style:0.29
MTextPane:0.2633333333333333
PropertiesPanel:0.22333333333333333
TodoEditor:0.22
FeedViewer:0.21
NotepadEditor:0.20333333333333334
MDialog:0.2
