Result:0.64
DatabaseManager:0.5466666666666666
NIOScaledRAFile:0.2966666666666667
DatabaseCommandInterpreter:0.29
DataFileCache:0.2816666666666667
WebServerConnection:0.2
