Unit:0.6216666666666667
Player:0.5566666666666666
PlayerTest:0.028333333333333332
