Preferences:0.6195555555555555
SearchWindowController:0.47333333333333333
SearchWindowForm:0.37666666666666665
MainWindowMenuHandler:0.34
Searcher:0.27
SearchCallback:0.22611111111111115
MFindField:0.15333333333333332
SearchExpression:0.13666666666666666
SearchThread:0.06333333333333334
