MCalendarPanel:0.8466666666666667
SummaryData:0.47
CalendarWidget:0.20444444444444446
