ConnectionDialog:0.02504576
ConnectionDialogSwing:0.016917275
ConnectionSetting:0.009190419
