SqlFile:0.17372294
SqlToolSprayer:0.06770727
SqlToolError:0.042308353
