ExecHarness:0.21812864
TestSqlTool:0.037058625
