ZaurusComponent:0.15885112
ZaurusTableForm:0.1510678
