VFSManager:0.119265564
WorkThreadPool:0.0986043
WorkThreadProgressListener:0.08645637
WorkThread:0.06701968
jEdit:0.04229364
GUIUtilities:0.028502395
