TileTest:0.43666666666666665
BuildingTest:0.3466666666666667
ColonyProductionTest:0.21
ColonyTest:0.20666666666666667
