StaticUIUtils:0.5533333333333333
OmegaTFileChooser:0.35777777777777775
MainWindow:0.32666666666666666
ScriptingWindow:0.31666666666666665
ResourcesUtil:0.22666666666666666
AboutDialog:0.14
ProjectFilesList:0.12
SearchWindowForm:0.12
