Tree:0.57
DnDTransferHandler:0.36
MetaInfoSelection:0.18333333333333332
MetaInfoList:0.12333333333333334
