Topic:0.5466666666666666
FileHandler:0.42
PersistencyHandler:0.2908333333333333
DatabaseHandler:0.2908333333333333
FileSearchEngine:0.17666666666666667
