MSystemTray:0.080290645
MNotification:0.07328958
AppAction:0.07007968
MURLButton:0.06765266
MText:0.05990176
MMenuItem:0.057345018
MMessage:0.05369226
MDateSpinner:0.049742565
UI:0.04666484
MDialog:0.04196135
MTextPane:0.03836257
MMenuBar:0.03411792
MMenuAdapter:0.029341787
MMouseAdapter:0.0203153
Mnemonic:0.020022847
FS:0.014265153
IntegerProperty:0.0039120796
Size:0.002689685
Property:0.0025402484
