ScriptIDE:0.15836595
ScriptError:0.09490944
ScriptUtils:0.054729387
