IndianSettlementPanel:0.39247546
FreeColDialog:0.19241002
FreeColPanel:0.08149172
