Colony:0.3020381
Unit:0.28076747
Player:0.26426482
IndianSettlement:0.25016907
Tile:0.22105283
NationType:0.20432878
Building:0.18612282
UnitType:0.17202845
ColonyTile:0.17111276
WorkLocation:0.15755127
SettlementType:0.1518119
UnitLocation:0.1435539
GoodsLocation:0.14163405
TileType:0.13782634
PlayerExploredTile:0.1333911
Specification:0.1238977
FreeColGameObject:0.12227712
EquipmentType:0.115608715
FreeColGameObjectType:0.114893235
GoodsType:0.112239845
Game:0.11173915
Map:0.10438493
SimpleCombatModel:0.10162383
UnitWas:0.100520626
AbstractGoods:0.096602604
GoodsTradeItem:0.09153427
BuildableType:0.08586406
Location:0.08209774
FreeColObject:0.07831446
Operand:0.071272165
Limit:0.063847534
FeatureContainer:0.059497274
Modifier:0.059079014
BuildQueue:0.053407844
CombatModel:0.051714703
ColonyTradeItem:0.049433563
RandomRange:0.048582505
FreeColGameObjectListener:0.03672387
Ownable:0.035768867
Named:0.014446606
