GUI:0.5633333333333334
DisplayTileTextAction:0.2833333333333333
MoveAction:0.20666666666666667
ActionManager:0.20444444444444446
MapboardAction:0.14944444444444444
FreeColAction:0.14666666666666667
SelectableAction:0.14194444444444446
InGameMenuBar:0.13666666666666666
MapEditorMenuBar:0.13333333333333333
ColopediaAction:0.12333333333333334
