Canvas:0.06350725
ImageLibrary:0.060129825
CanvasMouseMotionListener:0.057355598
FreeColMenuBar:0.025167722
TilePopup:0.015497847
CanvasMouseListener:0.01337411
CanvasKeyListener:0.0048358873
GUIMessage:0.0029173482
