Settlement:0.31689283
Location:0.2868362
FoundingFather:0.04994458
Locatable:0.026001902
GoodsContainer:0.0
Tile:0.0
Player:0.0
Goods:0.0
ModelController:0.0
UnitContainer:0.0
Unit:0.0
Game:0.0
Map:0.0
FreeColGameObject:0.0
