SearchAndReplace:0.4066666666666667
PluginManager:0.38333333333333336
Highlight:0.38
Gutter:0.27666666666666667
EditServer:0.21777777777777782
