Player:0.08869815
Building:0.0378039
IndianSettlement:0.011072311
Unit:0.010242201
Monarch:0.009349771
Europe:0.008297174
Tile:0.0053767357
Colony:0.0041521606
