EditorPlugin:0.47
TodoEditor:0.3233333333333333
EditorExport:0.3205555555555556
LinkEditor:0.25666666666666665
PropertiesPanel:0.22666666666666666
TodoEditorPlugin:0.20166666666666666
ImageEditorPlugin:0.18
ImportExport:0.14
TextEditor:0.13666666666666666
NotepadEditor:0.13666666666666666
ImageEditor:0.13
LinkEditorPlugin:0.11333333333333333
NotepadEditorPlugin:0.10333333333333333
TextEditorPlugin:0.10333333333333333
