Mode:0.20681863
jEdit:0.07922781
FoldHandler:0.049178656
AbstractOptionPane:0.028310731
OptionsDialog:0.01993794
