BufferHandler:0.6766666666666666
Anchor:0.26666666666666666
