DatabaseConnection:0.6222222222222222
WikiCache:0.385
MediaWikiXmlExporter:0.2733333333333333
