MWizard:0.04557122
UI:0.02685002
MAbout:0.02245134
AbstractIterator:0.021583945
TK:0.02069135
FS:0.009833915
