MTreeItem:0.21052006
MTreeModel:0.20949481
