VFSDirectoryEntryTable:0.6566666666666666
FileCellRenderer:0.31666666666666665
PositionManager:0.24666666666666667
KeyEventWorkaround:0.14
