Preferences:0.7433333333333333
IProject:0.7035555555555555
MainWindowMenuHandler:0.3433333333333333
SourceTextEntry:0.31666666666666665
RealProject:0.3
SegmentBuilder:0.2733333333333333
MainWindowMenu:0.19333333333333333
