Armor:0.38666666666666666
PluginManager:0.37333333333333335
MTip:0.2833333333333333
MSettingsDialog:0.26
AnnotationBar:0.26
TridentConfig:0.25
PluginClassLoader:0.234
MainWindow:0.21666666666666667
StaticHandler:0.15444444444444444
