ScriptIDE:0.53
ScriptExecutor:0.5166666666666667
VersionPanel:0.4026666666666667
