OptionGroup:0.12403378
EditPlugin:0.045512237
ContextOptionPane:0.029749626
AbbrevsOptionPane:0.029134527
ToolBarOptionPane:0.02676761
BrowserColorsOptionPane:0.022073947
View:0.019403588
jEdit:0.018869156
OptionPane:0.017095137
ShortcutsOptionPane:0.014641636
Log:0.010534821
EnhancedDialog:0.009191701
ColorOptionPane:0.008496836
AppearanceOptionPane:0.008077415
StyleOptionPane:0.007898739
OverviewOptionPane:0.0064877886
DockingOptionPane:0.0058799875
ModeOptionPane:0.0041323323
LoadSaveOptionPane:0.003842132
GeneralOptionPane:0.0035010744
QuickNotepadPlugin:0.0033386361
EditingOptionPane:0.0025852108
BrowserOptionPane:0.002482661
MacOSPlugin:0.0023046988
GutterOptionPane:0.0017617679
FirewallOptionPane:0.0016650672
TextAreaOptionPane:0.001628081
PrintOptionPane:0.0012592648
