PaletteLookAndFeel:0.72
PaletteColorSlidersChooser:0.3333333333333333
JComponentPopup:0.2833333333333333
