ParserRoutine:0.44666666666666666
StatementCommand:0.3566666666666667
ParserDML:0.35333333333333333
ParserCommand:0.31333333333333335
