View:0.041192144
jEdit:0.03578326
Delegate:0.008507123
EnhancedDialog:0.0063689933
