FileUtil:0.5
DataFileCache:0.48
TestUtil:0.38666666666666666
TestScripts:0.14138888888888887
DatabaseFilenameFilter:0.12333333333333334
