TextEditorDesigner:0.69
MToolBar:0.29333333333333333
StyleButton:0.22333333333333333
TangoIconLoader:0.17
