TileType:0.15460363
MarketData:0.14588697
LastSale:0.14534467
UnitType:0.13975315
BuildingType:0.13537267
ResourceType:0.1346856
BuildableType:0.1297168
TileImprovementType:0.1277613
EquipmentType:0.1264952
Colony:0.12428953
AbstractGoods:0.123775125
Settlement:0.12090264
IndianSettlement:0.12042886
Market:0.12010237
IndianNationType:0.116894886
GoodsContainer:0.10539218
FreeColObject:0.10340546
Resource:0.101406425
ExportData:0.09943457
Europe:0.09917536
Building:0.09750549
TileImprovement:0.09617039
Goods:0.0951685
FreeColGameObjectType:0.0921637
ColonyTile:0.09033046
Tile:0.08914561
PlayerExploredTile:0.08536275
WorkLocation:0.084893994
Specification:0.07996659
StringTemplate:0.07496266
TradeRoute:0.07264792
GoodsLocation:0.06814865
Player:0.060222212
TileItemContainer:0.054125767
Unit:0.052324943
BuildQueue:0.04557796
ProductionCache:0.043657262
ProductionMap:0.024449226
TransactionListener:0.021191811
UnitWas:0.0198821
ProductionInfo:0.018868005
FeatureContainer:0.018326791
