TextEditor:0.52
MMenu:0.44
Action:0.3046666666666667
VersionControl:0.26
MMenuItem:0.183
BrushTypeAction:0.16333333333333333
SortAction:0.15
SelectWidgetAction:0.14666666666666667
ShowTaskAction:0.14333333333333334
CharacterAction:0.12666666666666668
AddTaskAction:0.11333333333333333
DateAction:0.11333333333333333
InsertTableAction:0.08
BackupPlugin:0.08
ForwardAction:0.08
BackAction:0.08
HistoryAction:0.06
TableForm:0.03
LinkForm:0.03
