DummyFoldHandler:0.26865578
IndentFoldHandler:0.1933144
ExplicitFoldHandler:0.17700543
Buffer:0.08393338
StatusBar:0.03353077
Log:0.025641706
BufferOptions:0.023747714
EditingOptionPane:0.017880376
ModeOptionPane:0.016476966
