EditableComponent:0.8233333333333334
SimpleDrawingView:0.3433333333333333
DocumentOrientedApplication:0.2866666666666667
AbstractTool:0.26666666666666666
SimpleLabelFigure:0.2633333333333333
SelectionTool:0.22
ClearSelectionAction:0.19005555555555556
CreationTool:0.18666666666666668
CutAction:0.18194444444444444
CopyAction:0.18194444444444444
PasteAction:0.18194444444444444
SelectAllAction:0.18194444444444444
DeleteAction:0.1622222222222222
DrawingEditor:0.1357142857142857
SimpleDrawingViewNode:0.11
ToolsToolbar:0.10666666666666667
SimpleDrawingEditor:0.04
NewFXMain:0.0
