TestDatetimeSimple:0.7433333333333333
TestUpdatableResults:0.33666666666666667
