MText:0.77
TextEditorCore:0.3233333333333333
NoteWidget:0.2866666666666667
