ExpressionArithmetic:0.7811657
ExpressionLike:0.6556327
ExpressionLogical:0.6063358
Expression:0.44976142
ExpressionValue:0.4022199
FunctionCustom:0.30094492
SortAndSlice:0.19250469
QuerySpecification:0.18676828
Constraint:0.09567694
ParserDQL:0.054801524
OpTypes:0.03842185
Session:0.023057548
SessionContext:0.01320335
RangeGroup:0.0011819894
Tokens:0.0
