ExpressionLike:0.027561935
Session:0.010226767
SessionInterface:0.0028540383
