PropertiesBar:0.35333333333333333
MTextFieldPanel:0.2866666666666667
IconButton:0.27
Renderer:0.27
CustomIconAction:0.25666666666666665
MMessageLabel:0.25
MSmallColorChooser:0.24333333333333335
LockButton:0.22611111111111115
DefaultIconAction:0.21
MRegexPanel:0.18666666666666668
ToggleTodoIconButton:0.16416666666666666
AbstractPainter:0.15333333333333332
ToggleIconButton:0.11666666666666667
