Unit:0.84
InGameController:0.38333333333333336
SkipUnitAction:0.14333333333333334
