EditOpenXMLOptionsDialog:0.47333333333333333
EditOpenDocOptionsDialog:0.3466666666666667
ExternalTMXMatchesDialog:0.27
AboutDialog:0.20666666666666667
EditXLIFFOptionsDialog:0.20666666666666667
