Plugin:0.43
PluginInfo:0.38666666666666666
PluginManager:0.3333333333333333
ScriptPlugin:0.2776666666666667
EditorPlugin:0.25333333333333335
LookAndFeelPlugin:0.23
PluginDownloader:0.21333333333333335
InstallButton:0.08666666666666667
WidgetPlugin:0.036166666666666666
