UI:0.6366666666666667
Style:0.4266666666666667
MIconButton:0.32
MIconChooser:0.27666666666666667
PropertiesBar:0.19666666666666666
CustomIconAction:0.15666666666666668
TestCryptoUtils:0.14333333333333334
MGroupLayout:0.14
CryptoUtils:0.13666666666666666
StringParseException:0.11833333333333333
DragScroller:0.08
StyleSupport:0.08
