ScriptWriterText:0.27680665
ScriptWriterBinary:0.19686967
ScriptWriterZipped:0.19112659
ScriptReaderBase:0.08416045
ScriptReaderBinary:0.067989185
