Specification:0.55
Nation:0.52
ConnectController:0.31666666666666665
UserConnectionHandler:0.24333333333333335
SpecificationTest:0.22333333333333333
