Environment:0.8966666666666666
SpamFilter:0.34
AdminServlet:0.31666666666666665
