BrushTool:0.43666666666666665
ImageEditor:0.41833333333333333
MText:0.35
ImageEditorDesigner:0.2633333333333333
InternetSearchWidgetPlugin:0.14666666666666667
