Buffer:0.37666666666666665
MiscUtilities:0.37666666666666665
LineContext:0.3466666666666667
View:0.31166666666666665
XModeHandler:0.25
TokenMarker:0.24333333333333335
ModeProperties:0.11333333333333333
