Table:0.58
QuerySpecification:0.3433333333333333
RangeVariable:0.3
RangeIteratorMain:0.2861111111111111
RangeVariableResolver:0.20666666666666667
ParserRoutine:0.19666666666666666
FunctionCustom:0.19055555555555556
OrderedIntHashSet:0.18
