ParserFunctionUtil:0.46
MagicWordUtil:0.44666666666666666
JFlexParserUtil:0.38666666666666666
TemplateTag:0.36666666666666664
