MainWindowMenuHandler:0.5733333333333334
NotesTextArea:0.32
INotes:0.28833333333333333
