StringUtil:0.7366666666666667
MainWindowMenuHandler:0.5
WikiGet:0.25333333333333335
TaaSClient:0.21666666666666667
