ScoutingMission:0.43254083
UnitSeekAndDestroyMission:0.40539923
PioneeringMission:0.3591232
CashInTreasureTrainMission:0.30896565
BuildColonyMission:0.30456984
DefendSettlementMission:0.25747475
TransportMission:0.25152487
UnitWanderHostileMission:0.23971868
IndianBringGiftMission:0.23034172
WishRealizationMission:0.20346153
IndianDemandMission:0.17626464
UnitWanderMission:0.15136139
WorkInsideColonyMission:0.082676925
