TarFileOutputStream:0.5866666666666667
TarEntryHeader:0.33666666666666667
TarEntrySupplicant:0.3233333333333333
TarGenerator:0.23494444444444446
TarReader:0.23
PIFData:0.2111111111111111
