Unit:0.7233333333333334
Tile:0.5166666666666667
InGameController:0.2733333333333333
TransportMission:0.24444444444444446
GUI:0.22166666666666668
PrivateerMission:0.19666666666666666
SelectDestinationDialog:0.19388888888888892
