ServletUtil:0.5233333333333333
AbstractLexer:0.36
ImageUtil:0.34
JAMWikiServlet:0.14777777777777776
