TextCache:0.5788888888888889
StatementSession:0.39666666666666667
StringUtil:0.20333333333333334
