MButton:0.6633333333333333
TabComponent:0.24944444444444447
TabIcon:0.23666666666666666
Title:0.2
WidgetDesktopIconUI:0.17
SafeActionHandler:0.12333333333333334
