AnsiDataHandler:0.4166666666666667
WikiBase:0.41
JAMWikiServlet:0.22333333333333333
WikiDatabase:0.19583333333333333
UpgradeServlet:0.15333333333333332
AnsiDataHandlerTest:0.13333333333333333
StylesheetServlet:0.11333333333333333
