ConstraintCore:0.60211515
TableWorks:0.21932563
Table:0.1894758
DatabaseCommandInterpreter:0.15643042
DatabaseInformationMain:0.13912952
Index:0.12623529
SchemaManager:0.108482495
DatabaseScript:0.07621115
Expression:0.06638451
DatabaseInformationFull:0.060730305
Session:0.058952354
Trace:0.057172626
TableFilter:0.05611
Row:0.031642396
HsqlException:0.0066617844
