FreeColDialog:0.2670176
EventPanel:0.22215086
