Modifier:0.47
FreeColObject:0.4633333333333333
Feature:0.31
Ability:0.29333333333333333
