Utilities:0.6066666666666667
UtilitiesTest:0.3566666666666667
WikiUtil:0.29
ServletUtil:0.22666666666666666
TableOfContents:0.21833333333333332
LinkUtil:0.21666666666666667
JAMWikiModel:0.21666666666666667
InterWikiHandler:0.21333333333333335
WikiReference:0.18333333333333332
TemplateTag:0.17333333333333334
WikiUtilTest:0.15666666666666668
RecentChangesFeedServlet:0.14333333333333334
WikiHeadingTag:0.11
BlikiParser:0.10333333333333333
