Location:0.67
Unit:0.6
Tile:0.36
Colony:0.35333333333333333
Market:0.32
Europe:0.31333333333333335
Building:0.2966666666666667
Goods:0.29333333333333333
DefaultTransferHandler:0.27666666666666667
ColonyTile:0.25666666666666665
PlayersTableModel:0.23666666666666666
InGameController:0.21666666666666667
ColonyPanel:0.2111111111111111
EuropePanel:0.2
CargoPanel:0.195
MarketLabel:0.19
MarketPanel:0.18444444444444444
Settlement:0.15333333333333332
FreeColDragHandler:0.13
DragListener:0.11333333333333333
FreeColDragGestureRecognizer:0.006666666666666667
