GroupTree:0.4066666666666667
MDate:0.37333333333333335
MText:0.35333333333333333
Selector:0.26
FeedViewer:0.22
ArchiveChannel:0.21333333333333335
DateAction:0.18
SummaryEditor:0.17555555555555558
