Type:0.37222222222222223
JDBCResultSet:0.34111111111111114
JDBCArray:0.31333333333333335
ArrayType:0.26666666666666666
JDBCConnection:0.25666666666666665
JDBCPreparedStatement:0.23
JDBCCallableStatement:0.22333333333333333
