ActionManager:0.4294084
FreeColAction:0.1311705
