TextAreaFigure:0.71
AttributeKeys:0.5066666666666667
FileIconsSample:0.15666666666666668
