AbstractDrawing:0.26626796
Figure:0.25680587
AbstractCompositeFigure:0.2329268
LabeledLineConnectionFigure:0.1881576
AbstractFigure:0.17394902
GraphicalCompositeFigure:0.14576116
DefaultDrawingView:0.1375807
DrawingView:0.12223584
LineConnectionFigure:0.09994488
ConnectionTool:0.09859646
CreationTool:0.08753567
BidirectionalConnectionTool:0.07131465
InputFormat:0.066679664
OutputFormat:0.064856924
AbstractConnectionHandle:0.06395622
TextInputFormat:0.05947997
DrawingEvent:0.059292246
TextAreaTool:0.057882074
TextTool:0.057641763
DefaultDrawingViewTransferHandler:0.05626414
AbstractTool:0.055648815
ImageOutputFormat:0.055199604
SelectionTool:0.049972516
ConnectorHandle:0.04936621
DelegationSelectionTool:0.046814572
BezierTool:0.046787675
DOMStorableInputOutputFormat:0.044663094
BezierNodeHandle:0.042588532
DragTracker:0.04230112
DrawingListener:0.04116178
ImageInputFormat:0.04052545
BezierControlPointHandle:0.032088175
DrawingPageable:0.02991766
BezierScaleHandle:0.028120706
RotateHandle:0.026925862
HandleMulticaster:0.014304574
