Colony:0.74
SchoolTest:0.2833333333333333
UnitLabel:0.24055555555555558
AIColony:0.18666666666666668
FoundingFatherTest:0.18666666666666668
DragListener:0.13
