FontBuilder:0.63
MRenderer:0.3433333333333333
View:0.24666666666666667
ColorRenderer:0.2394444444444445
CategoryListRenderer:0.21666666666666667
Syntax:0.21583333333333332
DurationRenderer:0.1
DateTimeRenderer:0.016666666666666666
