LongDeque:0.6541111111111112
MultiValueHashMap:0.33599999999999997
