Player:0.7966666666666666
Europe:0.43
InGameInputHandler:0.2733333333333333
