Widget:0.7166666666666667
MCalendar:0.2791666666666667
NoteWidget:0.24333333333333335
NewWidgetAction:0.20666666666666667
CalendarWidget:0.1675
GeneralSettings:0.15666666666666668
