BufferSaveRequest:0.5133333333333333
BufferLoadRequest:0.5133333333333333
BufferInsertRequest:0.29333333333333333
