SelectionTool:0.6797222222222223
FigureSelectorModel:0.5414444444444444
