TK:0.9233333333333333
MArrayList:0.43666666666666665
TestTK:0.25333333333333335
