GlossaryTextArea:0.5166666666666667
MultipleTransPane:0.4533333333333333
NotesTextArea:0.43
CommentsTextArea:0.11666666666666667
