MSettingsPage:0.11084455
MDialog:0.07449869
MMessage:0.039671957
UI:0.026850702
MActionInfo:0.026562693
MList:0.025202423
MPanel:0.024529869
MFlipPanel:0.023391984
MNotification:0.022738364
MLabel:0.02171568
MApplication:0.021477526
TK:0.021290524
MScrollPane:0.01687474
MButton:0.016112616
MIcon:0.011574222
MRenderer:0.010591932
Config:0.009737599
MArrayList:0.0065182974
Mnemonic:0.0045591206
Property:0.0034885546
BooleanProperty:0.0019591423
