EditableComponent:0.7866666666666666
DefaultDrawingView:0.44666666666666666
CopyAction:0.18333333333333332
CutAction:0.16666666666666666
PasteAction:0.16666666666666666
SelectAllAction:0.12333333333333334
ClearSelectionAction:0.12333333333333334
DuplicateAction:0.11666666666666667
DeleteAction:0.08666666666666667
AbstractSelectionAction:0.05333333333333334
