OpenXMLOptions:0.7566666666666667
EditOpenXMLOptionsDialog:0.51
OpenXMLFilter:0.2733333333333333
