SqlTool:0.09005386
DatabaseManagerSwing:0.053046875
DatabaseManager:0.050374813
