SqlFile:0.11558148
SqltoolRB:0.05931496
ValidatingResourceBundle:0.054248966
RefCapablePropertyResourceBundle:0.04807845
RCData:0.039857928
SqlToolSprayer:0.029642303
SqlToolError:0.018506527
