ClobType:0.42569652
Type:0.31505543
BooleanType:0.24073619
IntervalType:0.22245884
NullType:0.20389853
ClobData:0.13844119
Types:0.10856698
Collation:0.057876978
BlobData:0.039653946
Charset:0.03167666
