RowStoreAVLHybrid:0.4150236
RowStoreAVL:0.34584692
Logger:0.04024589
CachedObject:0.015114798
PersistentStoreCollection:0.0060184128
