RowStoreAVLDiskData:0.58646685
RowStoreAVL:0.4573056
CachedObject:0.17467697
DataFileCache:0.16252376
Logger:0.0569141
PersistentStoreCollection:0.015087427
