PersistentStore:0.455026
RowStoreAVL:0.40477243
CachedObject:0.11460913
DataFileCache:0.11364218
Logger:0.050929643
PersistentStoreCollection:0.01650449
