ParsedSection:0.093207836
WaitSection:0.07302901
ResultSetOutputParsedSection:0.067713924
TestScripts:0.06661583
ProceedSection:0.055920407
ResultSetParsedSection:0.05569844
DisplaySection:0.05142279
SilentParsedSection:0.049372032
CountParsedSection:0.047644254
IgnoreParsedSection:0.046984833
UpdateParsedSection:0.043965083
TestScriptRunner:0.043473154
BlankParsedSection:0.041329082
ExceptionParsedSection:0.040314212
TestSqlPersistent:0.021191586
TestDatetimeSimple:0.020229371
TestDatabaseMetaData:0.018033575
TestScript:0.01528555
TestTextTables:0.014329577
TestDima:0.013857607
TestSubselect:0.013527933
TestTriggers:0.012152429
ClearTests:0.0022809624
