GUI:0.6966666666666667
FreeColClient:0.5166666666666667
