MainWindowMenuHandler:0.44666666666666666
RealProject:0.43666666666666665
ProjectUICommands:0.38333333333333336
MainWindowMenu:0.32666666666666666
ProjectMedProcessing:0.23666666666666666
ChooseMedProject:0.03
