TaskTable:0.47
TaskModel:0.35333333333333333
CircleRenderer:0.23666666666666666
TaskComparator:0.23
Sorter:0.09333333333333334
CircleEditor:0.05
