Desktop:0.7433333333333333
WidgetDesktopPaneUI:0.23
Title:0.23
InternetSearchWidget:0.23
CalendarWidget:0.18666666666666668
DesktopPanel:0.14666666666666667
