LobManager:0.39825815
LobStore:0.27268386
RAFile:0.119650535
RAFileSimple:0.114452966
RandomAccessInterface:0.037552018
