QueryExpression:0.25932238
Expression:0.25669467
ExpressionColumn:0.2145995
ParserDML:0.21327917
RangeVariable:0.21279508
RangeVariableJoined:0.19748802
RangeVariableResolver:0.18855904
SortAndSlice:0.12942876
ParserDQL:0.12822524
ParserRoutine:0.123996966
Table:0.115055904
ExpressionLogical:0.113206685
StatementDML:0.11075731
ExpressionAggregate:0.09620104
ExpressionOp:0.08377998
Constraint:0.0833575
SessionContext:0.07856952
TableDerived:0.057820946
ParserTable:0.047575634
ExpressionOrderBy:0.045275886
ColumnSchema:0.039077364
RangeGroup:0.03738868
View:0.036053326
Session:0.03550537
TableBase:0.031664692
Database:0.029219026
HsqlNameManager:0.027206644
SchemaObject:0.018730821
SessionData:0.017479694
OpTypes:0.004797437
ColumnBase:0.004185523
SqlInvariants:0.0012525668
Tokens:0.0
