RowStoreAVLDisk:0.437073
RowStoreAVLHybrid:0.38524738
PersistentStore:0.35092998
RowStoreAVLHybridExtended:0.2544795
RowStoreAVLMemory:0.22441138
RowStoreAVLDiskData:0.21248241
DataFileCache:0.07066299
CachedObject:0.042526867
DataFileDefrag:0.03612147
TableSpaceManager:0.016306825
PersistentStoreCollection:0.012494154
