RowStoreAVLHybrid:0.3416111
Logger:0.07812899
CachedObject:0.06015619
PersistentStoreCollection:0.042564426
