RowStoreAVL:0.39738607
RowStoreAVLHybridExtended:0.37120983
PersistentStore:0.2948088
RowStoreDataChange:0.16347422
CachedObject:0.09077863
DataFileCache:0.08005202
PersistentStoreCollectionSession:0.06752964
Logger:0.03946038
DataSpaceManager:0.015856182
PersistentStoreCollection:0.013214107
TableSpaceManager:0.011046534
