RowStoreAVLHybrid:0.5845245
RowStoreAVL:0.42346215
Logger:0.059792493
CachedObject:0.03618023
PersistentStoreCollection:0.02051521
