PersistentStore:0.5251756
RowStoreAVL:0.3942135
DataFileCache:0.10714817
CachedObject:0.07568817
Logger:0.050735343
PersistentStoreCollection:0.011051052
