AbstractSpinner:0.6333333333333333
AbstractClockWidget:0.26805555555555555
