Index:0.52
DiskNode:0.4866666666666667
Logger:0.27666666666666667
BitMap:0.23666666666666666
TestStressInsert:0.22333333333333333
