MButton:0.2966666666666667
MColorPicker:0.29333333333333333
MColorButton:0.26
TextEditorDesigner:0.24666666666666667
Button:0.23166666666666666
ImageEditorDesigner:0.19000000000000003
MFontButton:0.18
MSmallColorChooser:0.16444444444444445
