PluginManager:0.3466666666666667
GHNSDialog:0.2966666666666667
InternetSearchPanel:0.27
AbstractFS:0.2633333333333333
Archive:0.26
PluginInstaller:0.26
TagsEditor:0.26
NotepadEditorPlugin:0.2227777777777778
PropertiesBar:0.21944444444444444
TrashFS:0.21222222222222223
PluginDownloader:0.1905952380952381
SnippetAction:0.19
SettingsAction:0.18333333333333332
ConsoleCommandLine:0.14333333333333334
LockButton:0.13666666666666666
