PluginManager:0.5272222222222221
Links:0.43
BookmarksMenu:0.27444444444444444
RemoveLinkAction:0.1877777777777778
MetaInfoAction:0.18444444444444444
