PreGameInputHandler:0.633888888888889
ReportForeignAffairPanel:0.36916666666666664
