TransportMission:0.6
AIUnit:0.4116666666666667
EuropeanAIPlayer:0.2916666666666667
LoadCargoMessage:0.23
AIGoods:0.20833333333333334
EmbarkMessage:0.19
