IFilter:0.5733333333333334
FilterMaster:0.3466666666666667
TextFilterTest:0.2733333333333333
AbstractFilter:0.26
TextFilter:0.25666666666666665
TextOptionsDialog:0.19
FiltersCustomizer:0.16666666666666666
TestFilterBase:0.08333333333333333
Convert20to21:0.04
