FreeColDialog:0.093827724
FreeColPanel:0.051650297
