FreeColDialog:0.19690484
IndianSettlementPanel:0.18122452
FreeColPanel:0.09727135
