MonarchPanel:0.14027302
ColopediaPanel:0.13567917
ReportTurnPanel:0.13563915
FreeColDialog:0.09470983
ColonyPanel:0.09009323
VictoryPanel:0.08544673
ChooseFoundingFatherDialog:0.08364115
ReportPanel:0.07545331
ClientOptionsDialog:0.075314134
MainPanel:0.07258959
EventPanel:0.06978741
EuropePanel:0.06602631
InfoPanel:0.06580325
PurchaseDialog:0.06508789
StatusPanel:0.0629992
TradeRouteInputDialog:0.06297346
RecruitDialog:0.061201435
LoadingSavegameDialog:0.05807021
EmigrationPanel:0.052048095
TrainDialog:0.05066452
StartGamePanel:0.04746764
DefaultTransferHandler:0.044748
ChatPanel:0.04124784
QuitDialog:0.039699756
NewPanel:0.037977245
MapGeneratorOptionsDialog:0.03724568
WarehouseDialog:0.03668617
GameOptionsDialog:0.03302565
ServerListPanel:0.031779926
TradeRouteDialog:0.029212933
DragListener:0.023529701
FreeColImageBorder:0.013474277
