FreeColDialog:0.1548858
FreeColPanel:0.106645845
