FreeColDialog:0.18128209
FreeColPanel:0.08591568
