FreeColDialog:0.40268818
FreeColPanel:0.085513294
