MPasswordField:0.6966666666666667
MDocumentAdapter:0.49666666666666665
Factory:0.27
