PrintPreviewPanel:0.4056666666666667
PrintableImage:0.34444444444444444
PrintDialog:0.33
ImagePrintInfo:0.2833333333333333
PrintTask:0.19111111111111112
