ColorResource:0.070681505
ResourceManager:0.05528358
ResourceFactory:0.037598148
Resource:0.027254289
