Colony:0.6166666666666667
EuropeanAIPlayer:0.27
ReportColonyPanel:0.25
GoodsDetailPanel:0.21333333333333335
ReportEducationPanel:0.17666666666666667
