DatabaseManager:0.07193592
SessionManager:0.06740033
Session:0.05718553
StatementCommand:0.046365634
SchemaManager:0.04455757
Table:0.040937945
StatementSchema:0.03656196
StatementSession:0.032495312
ParserCommand:0.030872228
Routine:0.029271767
TextTable:0.024316173
QuerySpecification:0.023832472
StatementCompound:0.02358172
HsqlNameManager:0.023161495
ParserDDL:0.022341756
StatementSchemaDefinition:0.021331267
ParserRoutine:0.021039527
TransactionManagerCommon:0.020896044
TableWorks:0.02075181
ExpressionColumn:0.020276804
StatementDML:0.019903103
Statement:0.019805225
TableBase:0.018815989
View:0.018757707
Expression:0.018390754
RoutineSchema:0.018217545
TransactionManagerMVCC:0.018179327
DatabaseURL:0.017634312
SessionData:0.01734208
ParserDQL:0.016843269
QueryExpression:0.016615914
ExpressionLogical:0.015940245
ParserDML:0.0156141445
FunctionCustom:0.015467964
SessionInterface:0.015310897
HsqlException:0.014410356
TransactionManager2PL:0.014219325
FunctionSQL:0.012786249
TransactionManagerMV2PL:0.012539616
ExpressionLike:0.012528924
TransactionManager:0.01129188
TableDerived:0.010696884
StatementManager:0.009319956
ExpressionArithmetic:0.009211631
Scanner:0.008854336
RowDiskDataChange:0.0065943184
SqlInvariants:0.0047212476
TableUtil:0.004471145
SetFunction:0.0042920355
Tokens:0.0
