Token:1.0
TriggerDef:0.79749924
ColumnSchema:0.7041681
SchemaObject:0.59401125
ExpressionColumn:0.56631094
HsqlNameManager:0.5419407
RoutineSchema:0.51317596
NumberSequence:0.5116404
QueryExpression:0.4568111
TriggerDefSQL:0.2857335
ConstraintCore:0.24453706
ExpressionLogical:0.23508315
RangeVariable:0.22865513
TableUtil:0.20279585
SqlInvariants:0.116719045
ColumnBase:0.0749413
RangeGroup:0.033170205
HsqlException:0.028282862
OpTypes:0.026221892
ParserDQL:0.0
SessionManager:0.0
Database:0.0
ParserCommand:0.0
Expression:0.0
ParserBase:0.0
TableBase:0.0
Table:0.0
SchemaManager:0.0
StatementTypes:0.0
View:0.0
Routine:0.0
Constraint:0.0
TextTable:0.0
Statement:0.0
StatementSchema:0.0
TableWorks:0.0
Scanner:0.0
StatementCompound:0.0
Tokens:0.0
StatementSchemaDefinition:0.0
StatementCommand:0.0
StatementSession:0.0
Session:0.0
ParserRoutine:0.0
StatementQuery:0.0
