FSHelper:0.75324064
MetaInfo:0.49630067
Links:0.39321056
MountPanel:0.20766084
FSException:0.058722194
FSPlugin:0.0074714036
FSAction:0.003436666
