ReportProductionPanel:0.6
ReportUnitPanel:0.3433333333333333
ReportReligiousPanel:0.3
ReportContinentalCongressPanel:0.14333333333333334
ReportForeignAffairPanel:0.11666666666666667
ReportColonyPanel:0.10666666666666667
