DT:0.62
MDateSpinner:0.44666666666666666
Incollector:0.36666666666666664
DateTimeEditor:0.24666666666666667
MCalendar:0.23
