Mods:0.6502777777777777
PluginManager:0.5105555555555555
ScriptIDE:0.29
