FreeColClient:0.4866666666666667
ListOptionUI:0.4033333333333333
ClientOptions:0.31
OptionMapUI:0.25
ClientOptionsDialog:0.23666666666666666
OptionGroupUI:0.23333333333333334
