ColonyPanel:0.36666666666666664
DragListener:0.35333333333333333
CargoPanel:0.2966666666666667
CanvasMapEditorMouseListener:0.24
WorkProductionPanel:0.2111111111111111
EuropePanel:0.20666666666666667
