Expression:0.5133333333333333
Select:0.49666666666666665
Parser:0.32166666666666666
DatabaseCommandInterpreter:0.24333333333333335
TestSql:0.14
