LinkUtil:0.4166666666666667
AnsiDataHandler:0.36333333333333334
ParserInput:0.34
LuceneSearchEngine:0.2866666666666667
MediaWikiXmlImporter:0.26166666666666666
MediaWikiXmlExporter:0.23694444444444443
JFlexParser:0.2111111111111111
TemplateTag:0.2
MigrationUtil:0.09
