AbstractFileCache:0.37914371
Net:0.12990518
SimpleXMLReader:0.06596825
MDownloadDialog:0.053074274
AbstractMarkupBuilder:0.031890675
MLogger:0.019451309
MApplication:0.018308664
Pair:0.0063246246
MGuardedObject:0.0049467357
XMLBuilder:0.0031606401
