MURLButton:0.07539522
MMessage:0.0521212
CoolHeader:0.050814178
UI:0.046138447
MMenu:0.038173202
MLogger:0.034967735
MLabel:0.025307437
Config:0.023109699
SimpleXMLReader:0.022233889
TK:0.020253308
MMouseAdapter:0.017901035
MApplication:0.017767703
MDate:0.016751263
MIcon:0.014912722
Net:0.011573399
MMainWindow:0.011366542
OS:0.0084752105
Property:0.0045097987
BooleanProperty:0.0024187516
