MetaInfo:0.5333333333333333
Editor:0.36333333333333334
LinkMetaInfo:0.36
ItemRenderer:0.29
EditorCrypto:0.18666666666666668
