AdminServlet:0.54
EditServlet:0.33666666666666667
SetupServlet:0.25166666666666665
