MTable:0.74
TodoEditorCore:0.38666666666666666
DateTimeEditor:0.16444444444444445
SummaryEditor:0.16
