ReportPanel:0.042143796
FreeColPanel:0.018242845
