Editor:0.6033333333333334
FilterDialog:0.29444444444444445
ImageEditor:0.26666666666666666
NotepadEditor:0.24333333333333335
