MIcon:0.61
MFrame:0.2833333333333333
MRegexPanel:0.23333333333333334
TestRepeatRule:0.22
Args:0.2086111111111111
HSBAdjustFilter:0.20333333333333334
LookAndFeelSettings:0.19666666666666666
HTMLColorChooserPanel:0.19
RandomPasswordGeneratorDialog:0.13666666666666666
FilterDialog:0.13666666666666666
FontFamilyParser:0.05333333333333334
