CompiledStatement:0.12546344
Parser:0.105091535
View:0.100132875
Select:0.07116323
SchemaManager:0.061045803
Database:0.058833282
Expression:0.053374868
Table:0.03777795
DatabaseInformationFull:0.028290978
Session:0.02511812
Result:0.024623977
HsqlException:0.003877303
