AIColony:0.4666666666666667
MapViewer:0.44
BuildColonyMission:0.2577777777777778
UnitSeekAndDestroyMission:0.22333333333333333
NewLandNameSwingTask:0.16333333333333333
