ValidatingResourceBundle:0.04894819
SqlFile:0.035159722
RefCapablePropertyResourceBundle:0.029143076
SqlTool:0.018687865
