Messages:0.4766666666666667
FreeColServer:0.4633333333333333
ColopediaPanel:0.4533333333333333
FreeColDataFile:0.18
