UnitType:0.43
GoodsType:0.39666666666666667
Specification:0.31666666666666665
EquipmentType:0.24
FoundingFatherTest:0.22666666666666666
IndianNationType:0.21666666666666667
FoundingFather:0.19333333333333333
TileImprovementType:0.19
Nation:0.18666666666666668
TileType:0.17333333333333334
NationType:0.16666666666666666
EuropeanNationType:0.16
BuildingType:0.16
UnitTypeChangeTest:0.15
ResourceType:0.13
DifficultyLevel:0.02666666666666667
