MainWindow:0.6833333333333333
FSHelper:0.32
ToggleDesktopAction:0.2511111111111111
ToolManager:0.17
