QuerySpecification:0.6166666666666667
Expression:0.5433333333333333
FunctionSQL:0.27666666666666667
