MText:0.7566666666666667
Syntax:0.3333333333333333
PrintDialog:0.2966666666666667
ScriptCommand:0.2966666666666667
MEditorPane:0.25333333333333335
NotepadEditor:0.2075
