ScriptingWindow:0.07921216
ScriptItem:0.032039568
