Canvas:0.13864546
GUI:0.078312226
MapViewer:0.07660658
