Utilities:0.6933333333333334
WikiLogger:0.3466666666666667
LinkTag:0.265
ImageLinkTag:0.22666666666666666
PaginationTag:0.13333333333333333
LinkParamTag:0.12
WatchlistTag:0.12
