Expression:0.49333333333333335
Parser:0.2633333333333333
Library:0.26
DataFileCache:0.24
Server:0.2111111111111111
HsqlDatabaseProperties:0.20333333333333334
Column:0.20333333333333334
Constraint:0.20333333333333334
NIOScaledRAFile:0.17333333333333334
TestSql:0.16333333333333333
ScaledRAFile:0.15333333333333332
