PluginSettings:0.5655555555555555
Atom10Item:0.45
Title:0.12166666666666667
