Buffer:0.54
GUIUtilities:0.45
DockableWindowManager:0.3094444444444444
BrowserView:0.28
BrowserIORequest:0.2761111111111111
VFSBrowser:0.18
MouseHandler:0.11
