UI:0.8833333333333333
MTextPreviewPanel:0.2833333333333333
NoteWidget:0.24666666666666667
CustomColorSettings:0.23333333333333334
FormPanel:0.22
MSpinnerPanel:0.18
MFontChooser:0.13333333333333333
