MTable:0.5583333333333333
Todo:0.525
StaticCoreHandler:0.3933333333333333
