FeedsFS:0.5422222222222222
ChartPainter:0.5294444444444444
StatsDialog:0.37333333333333335
