FillToolBar:0.023567287
FigureToolBar:0.01999992
StrokeToolBar:0.016061284
