Unit:0.6333333333333333
Player:0.44333333333333336
Map:0.41333333333333333
Mission:0.36666666666666664
AIPlayer:0.29
Monarch:0.25666666666666665
InGameController:0.25333333333333335
GUI:0.24777777777777782
FreeColServer:0.21666666666666667
MapGenerator:0.20666666666666667
ConnectController:0.20333333333333334
TransportMission:0.2
UnitSeekAndDestroyMission:0.18666666666666668
InGameInputHandler:0.17666666666666667
PreGameController:0.15444444444444444
NationCellRenderer:0.12666666666666668
ActionManager:0.10333333333333333
FreeColMenuBar:0.043333333333333335
DeclareIndependenceAction:0.02666666666666667
