UI:0.6266666666666667
Style:0.6033333333333334
MLabel:0.2733333333333333
TaskInfoButton:0.27
MToolBar:0.21
ResizeDialog:0.20666666666666667
ImageInfo:0.14
StyleSupport:0.09916666666666667
