AbstractOption:0.07279445
Option:0.032068662
