AbstractOption:0.23677664
Option:0.12611711
