SelectOption:0.24529643
AbstractOption:0.09147324
IntegerOption:0.07063102
