RangeOption:0.3609526
IntegerOption:0.19087619
AbstractOption:0.15862586
Option:0.0950119
