VersionControl:0.5822222222222222
Vars:0.39533333333333337
VersionPanel:0.33666666666666667
