EditServlet:0.5166666666666667
JAMWikiServlet:0.515
UploadServlet:0.3566666666666667
