Player:0.6466666666666666
Server:0.4533333333333333
FreeColServer:0.4033333333333333
ServerInfo:0.23666666666666666
FreeCol:0.20666666666666667
InGameInputHandler:0.19333333333333333
ConnectController:0.19333333333333333
AIInGameInputHandler:0.17666666666666667
NetworkHandler:0.17333333333333334
NewPanel:0.14666666666666667
ServerListTableModel:0.13666666666666666
NationCellRenderer:0.12333333333333334
MetaRegister:0.11
MetaItem:0.06333333333333334
UserConnectionHandler:0.043333333333333335
