ReportLabourPanel:0.28
ReportContinentalCongressPanel:0.26666666666666666
ReportReligiousPanel:0.25333333333333335
ReportContinentalCongressAction:0.17666666666666667
ReportReligionAction:0.17666666666666667
ReportHistoryAction:0.17666666666666667
ReportHistoryPanel:0.15333333333333332
ReportLabourDetailPanel:0.13666666666666666
