WebBrowser:0.59
FeedViewer:0.25
MTextPane:0.24666666666666667
SwingWebBrowser:0.24083333333333334
WebBrowserTab:0.23
WikiPanel:0.22333333333333333
MainWindow:0.19666666666666666
StaticHandler:0.11333333333333333
