Unit:0.49333333333333335
Settlement:0.43
Map:0.32
Player:0.3
Tile:0.27
InGameMessageHandler:0.2
GUI:0.2
MapGenerator:0.18666666666666668
TilePopup:0.18
Colony:0.17666666666666667
ImageLibrary:0.17666666666666667
MiniMap:0.16666666666666666
UserInputHandler:0.15
ServerGame:0.14666666666666667
Building:0.13666666666666666
TilePanel:0.12666666666666668
IndianSettlement:0.06666666666666667
