MSmallColorButton:0.14984871
MSystemTray:0.14551185
MURLButton:0.14371209
MNotification:0.11141069
BackgroundTaskManager:0.10628648
MouseGestures:0.103029184
MList:0.09788266
MButton:0.09375486
MScrollPane:0.089257315
MRating:0.087927856
MLabel:0.08715062
MCalendar:0.082595736
MTogglePanel:0.07878486
MMenu:0.07719407
MDialog:0.07215531
MToolBar:0.06637264
MTip:0.06548277
MMessage:0.058661036
MText:0.04955705
UI:0.029242761
OS:0.0051454306
BooleanProperty:0.0026287085
Property:0.0019247853
