ImageEditor:0.06912151
ImageEditorCore:0.030845217
