TextEditorWriter:0.3324902
TextEditorDocument:0.12739201
TextEditorCore:0.0892226
TextEditor:0.056638096
