NewPanel:0.6366666666666667
FreeColDialog:0.51
StartGamePanel:0.3466666666666667
MainPanel:0.21333333333333335
