MRating:0.84
PropertiesPanel:0.24
PropertiesBar:0.22333333333333333
ItemRenderer:0.21666666666666667
Archive:0.19666666666666666
RatingSelection:0.18333333333333332
KeywordsSelection:0.18333333333333332
QueryEditor:0.18
StuffRenderer:0.18
MRatingBeanInfo:0.011666666666666667
