DataFileCache:0.6566666666666666
RangeVariable:0.4666666666666667
RowAction:0.33
