Unit:0.6733333333333333
InGameController:0.44
ServerUnit:0.2966666666666667
ServerPlayer:0.26666666666666666
ServerModelController:0.14
