ImageUtil:0.6533333333333333
ImageProcessor:0.5083333333333333
UploadServlet:0.29333333333333333
