Table:0.59
Index:0.5466666666666666
RangeVariable:0.32666666666666666
IndexAVL:0.32
SortAndSlice:0.29
RangeIteratorMain:0.25666666666666665
ExpressionOp:0.24777777777777782
TestTriggers:0.22666666666666666
QuerySpecification:0.21666666666666667
ExpressionLogical:0.21
StatementDML:0.2
IndexRowIterator:0.15333333333333332
StatementInsert:0.15333333333333332
ExceptionParsedSection:0.13666666666666666
RangeVariableConditions:0.08333333333333333
