LobManager:0.5366666666666666
ScaledRAFileInJar:0.2866666666666667
RefCapablePropertyResourceBundle:0.2866666666666667
FileAccessRes:0.2833333333333333
LobStoreInJar:0.25666666666666665
