DragTracker:0.08208539
SelectionTool:0.07164728
NullTool:0.05728667
ActionTool:0.055868536
CreationTool:0.052755997
HandleTracker:0.052053805
ConnectionTool:0.04948876
SelectAreaTracker:0.03568532
