MTabbedPane:0.4866666666666667
MCellTip:0.44333333333333336
SimpleButtonUI:0.23155555555555557
WidgetInternalFrameUI:0.20333333333333334
MTextLabel:0.18666666666666668
