FreeColPanel:0.5316666666666666
ColopediaPanel:0.33
ReportPanel:0.19666666666666666
FoundingFatherPanel:0.19
LoadingSavegameDialog:0.17666666666666667
MonarchPanel:0.14333333333333334
EventPanel:0.14333333333333334
ReportTurnPanel:0.13666666666666666
VictoryPanel:0.13666666666666666
MapGeneratorOptionsDialog:0.09333333333333334
GameOptionsDialog:0.09333333333333334
