EuropeanAIPlayer:0.67974067
REFAIPlayer:0.46640664
NewAIPlayer:0.33534744
IndianAIPlayer:0.26150206
AIPlayer:0.2543999
AIUnit:0.2083005
AIColony:0.16304083
AIGoods:0.111462764
WorkerWish:0.07820903
AIMain:0.058961377
TileImprovementPlan:0.058686584
Transportable:0.05660725
AIInGameInputHandler:0.048556946
Wish:0.03811321
AIObject:0.02011202
ValuedAIObject:0.008465312
