MDialog:0.07444046
MAbout:0.065767914
MMainWindow:0.06292475
MMessage:0.045754895
MMenu:0.042397957
MTextPane:0.03802947
AppAction:0.037492726
OS:0.03263321
UI:0.031378288
TK:0.027356587
MButton:0.02647818
MColorChooser:0.024471436
MMouseAdapter:0.024044184
Net:0.012326305
BooleanProperty:0.008273708
StringProperty:0.00730355
Property:0.0067241522
Blend:0.00371006
