MSettingsDialog:0.53
GeneralSettings:0.35
LookAndFeelSettings:0.34
MSettingsPage:0.2833333333333333
ConfigureAction:0.16333333333333333
