FreeColDialog:0.36607948
StartGamePanel:0.21446665
FreeColPanel:0.14382948
