View:0.051179603
GUIUtilities:0.03932924
HistoryModel:0.03393604
jEdit:0.028641002
EnhancedDialog:0.025830666
JEditTextArea:0.02535489
