Buffer:0.07305296
JEditTextArea:0.028977592
Log:0.011507114
