jEdit:0.595
Buffer:0.52
GUIUtilities:0.47333333333333333
BufferPrintable:0.27666666666666667
PluginTableModel:0.26222222222222225
View:0.19416666666666665
ManagePanel:0.16
BufferPrinter1_4:0.15
BufferPrinter1_3:0.13
