ParserRule:0.5333333333333333
TextAreaPainter:0.3233333333333333
TokenMarker:0.3111111111111111
Chunk:0.30666666666666664
XModeHandler:0.23666666666666666
PaintLineBackground:0.20333333333333334
PanelWindowContainer:0.18333333333333332
ActionBar:0.15777777777777782
BufferPrintable:0.13666666666666666
