InternetSearch:0.27511984
SimplePlugin:0.109214075
