TransportMission:0.28799805
Mission:0.2798287
