Mission:0.34227088
TransportMission:0.34051085
