TK:0.7266666666666667
MApplication:0.5733333333333334
PluginDownloader:0.22111111111111115
MSystemTray:0.17333333333333334
TestTK:0.14666666666666667
AboutAction:0.1
