MApplication:0.09028597
MWhatsThis:0.07437368
MButton:0.06852167
MColorIcon:0.06395906
MIcon:0.059937865
MPanel:0.05918325
MDialog:0.058001883
MTabbedPane:0.057029337
MMenu:0.05247037
ImageBorder:0.051757313
MSizeGrip:0.050451875
Config:0.050065324
MDesktopPane:0.047577128
MCellTip:0.04671179
MHighlighter:0.04587636
Watermark:0.04289842
ImageSelection:0.041774437
MToolBar:0.04147539
MSplashScreen:0.037184678
MRenderer:0.03572451
TK:0.035561826
MAction:0.03520606
MColor:0.034806576
MLogger:0.03452205
MLabel:0.032466196
MColorChooser:0.030632274
OS:0.030514091
MWindow:0.030167943
CoolHeader:0.030021487
MFrame:0.028862683
MInternalFrame:0.028746286
MMessage:0.028025508
Property:0.027978105
MComboBox:0.0279449
MText:0.027839713
MTogglePanel:0.027666496
MScrollPane:0.027274052
BooleanProperty:0.025533358
MURLButton:0.025353214
MCalendarPanel:0.02509286
MFontChooser:0.024103427
MStatusBar:0.023215711
AbstractSpinner:0.022678457
MTable:0.021662753
MSettingsDialog:0.021079512
MWizardDialog:0.020402815
MSmallColorButton:0.019741394
MNotification:0.019533955
MFlipPanel:0.01950903
MTip:0.019223845
MMultiPanel:0.019090762
MTextFieldPanel:0.018866941
MList:0.018615924
MIconChooser:0.018469715
MRating:0.0184326
MTree:0.017226549
MFileChooser:0.017066658
MWebBrowserPanel:0.01684874
MouseGestures:0.01684133
MSmallColorChooser:0.015961891
MMainWindow:0.015732232
MColorPicker:0.015556748
MActionInfo:0.015491526
MSystemTray:0.015453019
MMouseAdapter:0.014666693
IntegerProperty:0.013647199
MButtonPanel:0.013424555
MTextPane:0.01340815
WindowDragAdapter:0.01282975
Preloader:0.011344753
MPasswordField:0.011221349
MDateSpinner:0.009981232
MTextArea:0.009926595
AbstractListTableModel:0.009793448
MArrayList:0.00948467
EnumProperty:0.009398758
Item:0.009078243
MSmallButton:0.00795453
MFormattedTextField:0.007920785
Flags:0.007538016
MTextField:0.00752643
FontProperty:0.0064251292
MSlider:0.0063623367
Gettext:0.0051924037
MToggleButton:0.0046598194
MAuthenticator:0.00419081
WTFError:0.0039151493
MMenuBar:0.0031668178
MMenuItem:0.0025984626
