Utilities:0.6133333333333333
UtilitiesTest:0.45
TemplateTag:0.37333333333333335
HtmlLinkTag:0.12333333333333334
