MetaInfo:0.5766666666666667
FS:0.5266666666666666
FSHelper:0.31
MTreeScanner:0.2644444444444444
AbstractFS:0.18
SearchBar:0.16666666666666666
DnDTransferHandler:0.15
ItemRenderer:0.09
