FS:0.04246834
OS:0.033996526
MLogger:0.008946831
TK:0.00764288
