AbstractGoods:1.0
GoodsTradeItem:0.45312655
TradeItem:0.2840486
Locatable:0.28071365
DiplomaticTrade:0.24349537
Ownable:0.117983334
Named:0.016785461
GoodsContainer:0.0
Market:0.0
Colony:0.0
StringTemplate:0.0
Tile:0.0
Player:0.0
Location:0.0
Settlement:0.0
IndianSettlement:0.0
FreeColObject:0.0
Unit:0.0
Game:0.0
GoodsType:0.0
Specification:0.0
