PrintDialog:0.47888888888888886
Vars:0.45118253968253963
ImportExport:0.35
