VFSBrowser:0.5333333333333333
MiscUtilities:0.49666666666666665
JEditTextArea:0.4
FirstLine:0.34
ChunkCache:0.2825
OffsetManager:0.27666666666666667
VFSFileChooserDialog:0.17333333333333334
ScrollLineCount:0.13
VFSFileNameField:0.09277777777777779
Autosave:0.08666666666666667
BrowserHandler:0.06333333333333334
ViewConfig:0.03333333333333333
