MPasswordPanel:0.29
MColorChooserDialog:0.21666666666666667
RandomPasswordGeneratorDialog:0.2158095238095238
IconTheme:0.21
SummaryPanel:0.2
TaskPanel:0.2
MFontChooser:0.2
