JAttributeTextField:0.5266666666666666
JAttributeTextFieldBeanInfo:0.24666666666666667
JAttributeTextAreaBeanInfo:0.22666666666666666
EditCanvasPanel:0.22333333333333333
ODGPropertiesPanel:0.21
PaletteSwatchesChooser:0.18666666666666668
JAttributeSlider:0.08333333333333333
ColorIcon:0.07666666666666666
JAttributeSliderBeanInfo:0.07666666666666666
JAttributeTextArea:0.05
