InGameInputHandler:0.14474574
InGameController:0.107007734
