Goal:0.5833333333333334
GUI:0.4347222222222223
ManageMissionariesGoal:0.16333333333333333
CreateMissionAtSettlementGoal:0.15333333333333332
GotoAdjacentGoal:0.13833333333333334
