Unit:0.7866666666666666
ClientOptions:0.38333333333333336
InGameController:0.24333333333333335
