IProject:0.6566666666666666
SourceTextEntry:0.49666666666666665
EditorController:0.3233333333333333
RealProject:0.2633333333333333
StringEntry:0.23666666666666666
NotLoadedProject:0.21666666666666667
FindMatchesThread:0.12333333333333334
