NumberType:0.42
RangeIteratorMain:0.36333333333333334
RangeVariable:0.33
QuerySpecification:0.265
FunctionSQL:0.26
TestSql:0.25
RangeVariableResolver:0.22333333333333333
ExpressionLogical:0.21333333333333335
FunctionCustom:0.20783333333333334
