Handler:0.5566666666666666
TestFilterBase:0.32
DefaultXMLDialect:0.23666666666666666
XMLDialect:0.19416666666666665
XLIFFDialect:0.18
XLIFFFilterTest:0.16333333333333333
