MTextArea:0.26539722
MText:0.07060577
