MWebBrowser:0.06647469
MURLButton:0.06365507
MText:0.05412485
MHTMLViewer:0.042077072
MMessage:0.027052687
TK:0.02598776
MMainWindow:0.02167028
MMenu:0.02093869
UI:0.01834464
FS:0.016549472
