ScriptExecutor:0.31843817
ScriptError:0.100564465
