VFS:0.4866666666666667
OptionsDialog:0.3333333333333333
BufferSaveRequest:0.2644444444444445
AbstractOptionPane:0.24333333333333335
