VideoListener:0.15406395
Video:0.013207677
