MainWindow:0.4166666666666667
PropertiesBar:0.3433333333333333
FeedViewer:0.30333333333333334
FeedsFS:0.3016666666666667
EditorQuickFind:0.22666666666666666
LockButton:0.2116666666666667
ShowHidePropertiesBarAction:0.18000000000000002
