Unit:0.6283333333333333
Building:0.59
SchoolTest:0.19333333333333333
