Specification:0.6783333333333333
GameOptions:0.416984126984127
FreeColServer:0.37333333333333335
NativeAIPlayer:0.36
