HsqlProperties:0.5365386
Logger:0.12778424
TextFileSettings:0.0890349
DataFileCache:0.040946346
RAFile:0.031158397
Log:0.029044945
ScriptRunner:0.023271693
LockFile:0.022113875
