TestUtil:0.05596449
TestCacheSize:0.049968567
