Player:0.6066666666666667
Game:0.5766666666666667
InGameController:0.2633333333333333
InGameInputHandler:0.22666666666666666
