ConsoleInstall:0.3408862
NonInteractiveInstall:0.2845652
OperatingSystem:0.2408978
SwingInstall:0.17940882
Install:0.04044331
Progress:0.033143185
