ConsoleInstall:0.12591448
InstallThread:0.09108032
OperatingSystem:0.082366064
NonInteractiveInstall:0.07714494
SwingInstall:0.062013622
JEditMetalTheme:0.0242131
