Modifier:0.55
Scope:0.4633333333333333
Feature:0.36666666666666664
FoundingFatherTest:0.31
Ability:0.2633333333333333
ModifierTest:0.056666666666666664
