MPasswordField:0.6066666666666667
MTextField:0.5
MPasswordPanel:0.32666666666666666
RandomPasswordGeneratorDialog:0.2633333333333333
