DatabaseInformationFull:0.6733333333333333
DatabaseInformationMain:0.5341111111111112
DatabaseInformation:0.502
