Buffer:0.16194157
StatusBar:0.075940974
jEdit:0.07279908
Mode:0.059677053
JEditTextArea:0.05275034
View:0.027837275
BufferUpdate:0.018805673
EnhancedDialog:0.018193169
EditBus:0.004446107
