Canvas:0.64
GUI:0.2833333333333333
PreGameController:0.25333333333333335
ClientOptionsDialog:0.21777777777777782
