Console:0.5333333333333333
ConsoleIO:0.51
DebugCommand:0.3
HistoryCommand:0.23666666666666666
