FormPanel:0.5733333333333334
MLoginPanel:0.21333333333333335
Wizard:0.21333333333333335
FieldProperty:0.15
StaticHandler:0.06
PasswordFieldProperty:0.04
StringFieldProperty:0.016666666666666666
FontFieldProperty:0.016666666666666666
IntegerFieldProperty:0.016666666666666666
BooleanFieldProperty:0.016666666666666666
ColorFieldProperty:0.016666666666666666
