Player:0.5466666666666666
Settlement:0.48
Tile:0.4166666666666667
ServerPlayer:0.30666666666666664
