MHighlighter:0.18425249
MDocumentAdapter:0.12131478
MDateSpinner:0.075549774
MUndoManager:0.06654458
MTextPane:0.06555178
AbstractSpinner:0.040425036
MComboBox:0.027731122
MMenu:0.022797579
MTextField:0.022392638
MPasswordField:0.021866571
MAction:0.019573268
MTextFieldPanel:0.018686065
MMessage:0.018043429
UI:0.016476722
MFormattedTextField:0.016369049
MActionInfo:0.015129774
TK:0.014330722
MEditorPane:0.014162465
MColorChooser:0.012907147
MTextArea:0.012523907
FS:0.011433913
MDate:0.011335452
MWebBrowserPanel:0.010106893
MToolBar:0.009223844
MLogger:0.008901145
MMouseAdapter:0.007991765
MFileChooser:0.0076646926
MComponent:0.005964179
OS:0.0051264926
MStatusBar:0.0048162458
MHTMLViewer:0.0038065314
MTimer:0.0037810318
MClipboard:0.0033900363
MDataAction:0.0031371368
Property:0.003128831
BooleanProperty:0.0015505435
Kiosk:0.001149088
ClipboardException:4.7853912E-4
