VirtualWiki:0.6333333333333333
AnsiQueryHandler:0.4666666666666667
AnsiDataHandler:0.4066666666666667
AdminVirtualWikiServlet:0.24666666666666667
DatabaseUpgrades:0.19
