TagsUtils:0.09978191
TagsEditor:0.09270729
TagsMenu:0.08759244
