TreeFS:0.38666666666666666
FileSelection:0.35214285714285715
AbstractSelection:0.29
TaskSelection:0.24666666666666667
MetaInfoSelection:0.16
ImageSelection:0.15666666666666668
