Tokens:0.62
ArrayType:0.46
ParserDQL:0.3933333333333333
SubQuery:0.29
FunctionCustom:0.23111111111111116
CharacterType:0.23
StatementCommand:0.22055555555555556
ExpressionTable:0.22055555555555556
DateTimeType:0.19983333333333334
ParserCommand:0.19
