Tokens:0.74
Table:0.5933333333333334
ErrorCode:0.3765555555555556
ParserDQL:0.3233333333333333
Database:0.29333333333333333
ParserDDL:0.27
RowSetNavigatorData:0.25666666666666665
TriggerDefSQL:0.2488888888888889
QueryExpression:0.24777777777777782
ExpressionTable:0.24
SessionContext:0.21
StatementSession:0.19666666666666666
