Mission:0.7833333333333333
Unit:0.65
ServerPlayer:0.30666666666666664
ServerUnit:0.2966666666666667
InGameController:0.2866666666666667
AbstractMission:0.22333333333333333
InGameControllerTest:0.21666666666666667
FreeColServer:0.21333333333333335
GUI:0.21333333333333335
MapTest:0.19333333333333333
TilePopup:0.16333333333333333
GoToMission:0.15666666666666668
BaseCostDeciderTest:0.15666666666666668
ServerUnitTest:0.15333333333333332
CompoundMission:0.14
ImprovementMission:0.11666666666666667
MissionManager:0.023333333333333334
