MetaInfo:0.5633333333333334
DiskFreeModel:0.45633333333333337
TaskPanel:0.36333333333333334
Main:0.30666666666666664
