OS:0.5533333333333333
FormPanel:0.30666666666666664
PluginManager:0.23
TestOS:0.17333333333333334
