Colony:0.7466666666666667
ColonyTile:0.48783333333333334
ColonyPlan:0.22166666666666668
AIColony:0.22
ServerColony:0.19472222222222224
UnitTest:0.18333333333333332
ReportColonyPanel:0.16666666666666666
