GoodsType:0.45666666666666667
IndianSettlement:0.41333333333333333
ServerPlayer:0.3566666666666667
InGameController:0.34
GoodsTest:0.21666666666666667
