MDialog:0.030961487
Net:0.024360893
OS:0.02071198
MLabeledTextField:0.01534291
TK:0.015337745
MIcon:0.014763412
MTextField:0.012104654
Config:0.010629708
MLogger:0.0084627215
Property:0.0043680863
