Specification:0.6
FreeCol:0.4866666666666667
AIMessage:0.3320555555555556
InGameController:0.29
SimpleMapGenerator:0.21333333333333335
