AbbrevEditor:0.8466666666666667
EditAbbrevDialog:0.22666666666666666
AddAbbrevDialog:0.13333333333333333
