MainWindow:0.36666666666666664
MMenuAdapter:0.32
NotepadEditor:0.2596666666666667
SearchHighlighter:0.23666666666666666
ImageEditor:0.22666666666666666
PrintPreview:0.21944444444444447
CalendarWidget:0.20333333333333334
LookAndFeelSettings:0.18333333333333332
TextUtils:0.175
Submenu:0.16666666666666666
TagsMenu:0.16
DayButton:0.14333333333333334
