MMainWindow:0.068342626
UI:0.06576044
MLogger:0.06306588
Config:0.062326793
OS:0.059288833
MSystemTray:0.05420109
MAction:0.05196956
MAboutDialog:0.049526505
MDialog:0.046432886
MActionInfo:0.04560129
MMessage:0.03999376
MNotification:0.038565166
MIcon:0.031915113
MTip:0.030739877
TK:0.030582398
Args:0.030372633
MainView:0.029017389
FS:0.028164426
Property:0.021791674
Kiosk:0.021613857
MFrame:0.020391466
MStatusBar:0.019882476
VersionProperty:0.019704225
MInternalFrame:0.019632094
Net:0.019082325
MSettingsDialog:0.01905365
MFileChooser:0.018830877
BooleanProperty:0.017870193
LogFile:0.01453282
ColorProperty:0.014042543
IntegerProperty:0.01320443
FileCache:0.012602713
MLoginPanel:0.012338088
MGraphics2D:0.0121871475
MCalendarPanel:0.012151971
MDataAction:0.012038771
MAuthenticator:0.011100056
StringProperty:0.008656751
MWindow:0.00784663
MSplashScreen:0.0078035705
MComponent:0.007219228
MColor:0.004005305
