UserManager:0.29837307
Grantee:0.25685963
GranteeManager:0.06844881
