MWebBrowserPanel:0.16687523
HTMLViewFactory:0.092183955
MTextPane:0.041191984
Args:0.028893378
MAboutDialog:0.017168084
MText:0.011021113
TK:0.00825903
HTMLBuilder:0.007951721
Net:0.0022605439
AbstractMarkupBuilder:0.0011106292
