TransactionManager:0.6700555555555555
RowAction:0.38333333333333336
TransactionManagerMVCC:0.37
TransactionManager2PL:0.33942857142857147
RowStoreAVLDisk:0.31333333333333335
IndexAVL:0.26
TransactionManagerMV2PL:0.18333333333333332
