Widget:0.8433333333333334
WidgetInternalFrame:0.4533333333333333
NoteWidget:0.32
