Query:0.43
FSQuery:0.3672222222222222
FeedsFS:0.3566666666666667
Archive:0.3433333333333333
ScriptPlugin:0.27666666666666667
