QueryHandler:0.7088888888888889
DatabaseHandler:0.6866666666666666
WikiDatabase:0.5166666666666667
Environment:0.35
WikiBase:0.34
DatabaseConnection:0.31
DefaultQueryHandler:0.22
DatabaseUpgrades:0.14666666666666667
UpgradeServlet:0.14333333333333334
SetupServlet:0.14
AdminServlet:0.13
RegisterServlet:0.10333333333333333
