TextEditorCore:0.16880924
TextEditorDesigner:0.13793552
TextEditorPlugin:0.015264479
TextEditorKit:0.013461024
TextEditorDocument:0.0105987135
