InGameController:0.7966666666666666
InGameInputHandler:0.39
PreGameController:0.27666666666666667
ConnectController:0.24111111111111114
