Table:0.20879728
Database:0.100267984
Parser:0.10017347
Expression:0.08671293
Session:0.08663892
Types:0.08631257
DIProcedureInfo:0.08170884
DITypeInfo:0.08043517
Result:0.07433465
Cache:0.070612766
Log:0.06397731
Select:0.06385471
TextCache:0.063229345
DataFileCache:0.05979282
TableFilter:0.059222963
Function:0.05619927
TriggerDef:0.052598707
Tokenizer:0.050964937
Constraint:0.050773937
Index:0.048181165
User:0.045509104
UserManager:0.043610424
View:0.031637758
ResultConstants:0.030408792
HsqlProperties:0.02924815
CacheFree:0.008779104
SubQuery:0.007795713
HsqlException:0.007237511
ConstraintCore:0.0059946724
