TestUtil:0.12716074
TestBase:0.06481544
