Map:0.84
TerrainGenerator:0.39666666666666667
SimpleMapGenerator:0.31666666666666665
LandGenerator:0.26111111111111107
