GUI:0.49666666666666665
ImageLibrary:0.49
MiniMap:0.31
MapControls:0.17333333333333334
FreeColLookAndFeel:0.15
