AbstractPlugin:0.49024442
PluginType:0.45026776
PluginAction:0.4074956
PluginComboBox:0.22212602
PluginRenderer:0.2126582
PluginEvent:0.20535226
ScriptPlugin:0.1999607
PluginList:0.09772834
Pluggable:0.0
PluginManager:0.0
