TK:0.9766666666666667
Links:0.2688888888888889
CategoryList:0.2438888888888889
ColorPalette:0.22555555555555556
Tags:0.21944444444444447
ImportExport:0.19333333333333333
SummaryCategory:0.14
AbstractEnumTest:0.1
