Config:0.7066666666666667
Console:0.45666666666666667
MCharsetMenu:0.37333333333333335
MLinkAction:0.19333333333333333
