PropertiesBar:0.5033333333333333
StatsPanel:0.48
HTMLColorChooserPanel:0.29333333333333333
