Player:0.8266666666666667
Messages:0.44333333333333336
InGameController:0.31
BuildColonyMission:0.25333333333333335
MapGenerator:0.23444444444444448
IndianSettlementBuilder:0.19666666666666666
SettlementTransform:0.11333333333333333
