jEdit:0.6
JAR:0.43333333333333335
MiscUtilities:0.4166666666666667
JARClassLoader:0.3433333333333333
EditAction:0.34
GUIUtilities:0.3333333333333333
MouseHandler:0.2733333333333333
ActionSet:0.25666666666666665
DockableWindowManager:0.23
DockableListHandler:0.21916666666666668
Model:0.18666666666666668
FoldHandler:0.18
Macros:0.17666666666666667
ResourceCache:0.17333333333333334
MacrosMenu:0.16666666666666666
BrowserView:0.16666666666666666
VFSDirectoryEntryTable:0.16333333333333333
Remove:0.15333333333333332
TableMouseHandler:0.15333333333333332
ServiceManager:0.13333333333333333
Wrapper:0.12333333333333334
VFSDirectoryEntryTableModel:0.12333333333333334
PluginCacheEntry:0.12333333333333334
Macro:0.12
Descriptor:0.12
FloatingWindowContainer:0.12
BeanShellAction:0.11333333333333333
EnhancedMenuItem:0.09666666666666666
EnhancedCheckBoxMenuItem:0.08333333333333333
Deferred:0.07333333333333333
EnhancedButton:0.04666666666666667
Factory:0.04
PluginsMenuButton:0.016666666666666666
