Selector:0.6621071428571426
Number:0.39666666666666667
OtherNumberRule:0.39666666666666667
