ItemStatus:0.19876567
UI:0.14931056
MLineBorder:0.1400812
MTabbedPane:0.12249937
MButton:0.06144496
MApplication:0.04171463
