Figure:0.6633333333333333
AbstractDrawingModel:0.29
AbstractFigure:0.2866666666666667
ConnectionsNoLayoutDrawingModel:0.25333333333333335
