MTogglePanel:0.5266666666666666
Panel:0.31333333333333335
TextEditorDesigner:0.27666666666666667
ToolManager:0.21011111111111117
ImageEditorDesigner:0.2
ToolPanel:0.1841666666666667
