TranslateEntry:0.28545555
RealProject:0.20827137
ProtectedPart:0.0520725
ProjectProperties:0.033528462
