Colony:0.5333333333333333
UnitType:0.42333333333333334
Settlement:0.30666666666666664
IndianSettlement:0.27666666666666667
TypeCountMap:0.22666666666666666
ColonyTest:0.16
IndianSettlementTest:0.15666666666666668
ColonyProductionTest:0.13333333333333333
