TextUtils:0.5333333333333333
StaticHighlighterHandler:0.39
AbstractTextEditor:0.31666666666666665
WebBrowserEditor:0.31666666666666665
