MRating:0.17678371
Flags:0.048933513
MPanel:0.016164014
