SimpleTableCellRenderer:0.39509085
MFontComboBox:0.08069137
MComboBox:0.07821762
MList:0.054686904
UI:0.04333771
Property:0.009461228
