MButton:0.83
MToolBar:0.3233333333333333
RatingButton:0.2966666666666667
MSmallButton:0.23444444444444448
