Table:0.64
ArrayUtil:0.38333333333333336
CompiledStatementExecutor:0.30333333333333334
DatabaseCommandInterpreter:0.27166666666666667
ValuePool:0.24666666666666667
BinaryServerRowOutput:0.19
