UI:0.6933333333333334
Desktop:0.3333333333333333
NoteWidget:0.31666666666666665
