UI:0.8633333333333333
TaskTable:0.29333333333333333
Renderer:0.27666666666666667
MColorIcon:0.23833333333333334
AboutAction:0.13666666666666666
