Unit:0.5
BuildableType:0.43666666666666665
Player:0.41
BuildingType:0.39666666666666667
Building:0.3562222222222223
Colony:0.30666666666666664
UnitType:0.27666666666666667
ColonyPanel:0.22666666666666666
ColopediaPanel:0.19666666666666666
AIColony:0.18333333333333332
ReportProductionPanel:0.12666666666666668
