MainWindow:0.5533333333333333
RealProject:0.35
ConsoleWindow:0.30666666666666664
SegmentBuilder:0.28
AboutDialog:0.24
IMainWindow:0.17472222222222222
