Canvas:0.4633333333333333
FreeColDialog:0.36
ReportTurnPanel:0.3566666666666667
Market:0.3566666666666667
