GrabKeyDialog:0.21272603
CompleteWord:0.06944409
HistoryTextField:0.044929318
View:0.028195316
JEditTextArea:0.005096794
