Location:0.5133333333333333
About:0.31
Builder:0.17
GuessLocationAction:0.12666666666666668
FindLocationDialog:0.03
