TextEditorDocument:0.05146868
TextEditorCore:0.051179156
TextEditor:0.02478919
TextEditorDesigner:0.013092139
