TeddyView:0.7866666666666666
TeddyApplicationModel:0.2633333333333333
ToggleLineWrapAction:0.2
ToggleLineNumbersAction:0.2
ToggleStatusBarAction:0.2
FindAction:0.16333333333333333
