Canvas:0.5833333333333334
GUI:0.42333333333333334
InfoPanel:0.2633333333333333
MapControls:0.23111111111111116
MoveAction:0.17
