TableWorks:0.4766666666666667
SchemaManager:0.3933333333333333
LobManager:0.31
StatementCompound:0.3
Database:0.2866666666666667
SessionContext:0.25666666666666665
TransactionManager2PL:0.25666666666666665
StatementSchema:0.17666666666666667
