InGameController:0.5599999999999999
ChangeStateMessage:0.5066666666666667
InGameInputHandler:0.33666666666666667
DefendSettlementMission:0.275
EuropeanAIPlayer:0.2
AIMessage:0.18166666666666667
