Desktop:0.5933333333333334
Pager:0.5166666666666667
DesktopPanel:0.29
