FeedsFS:0.025683125
FeedsFSPlugin:0.015652068
