ParserInput:0.6566666666666666
Utilities:0.5
ParserUtil:0.32
JAMWikiServlet:0.23666666666666666
VQWikiParser:0.23666666666666666
JAMWikiParser:0.22666666666666666
EditServlet:0.18
AbstractLexer:0.17333333333333334
AbstractParser:0.10666666666666667
