GUI:0.9
ZoomOutAction:0.18444444444444444
ZoomInAction:0.18444444444444444
MapEditorController:0.16
