CachedObject:0.14163968
DataFileCache:0.11769417
TextCache:0.08548501
