StatementSet:0.3513816
StatementExpression:0.29003772
StatementDML:0.21953984
StatementProcedure:0.18742004
ParserDML:0.18358517
Expression:0.18026882
QueryExpression:0.17953305
ExpressionColumn:0.17718053
Table:0.17623065
StatementCompound:0.1637351
StatementInsert:0.1621061
Routine:0.15496813
RangeVariable:0.15082276
StatementResultUpdate:0.14552237
StatementQuery:0.12212102
ColumnSchema:0.10730532
Session:0.10024702
Statement:0.09638368
ParserDQL:0.08745349
ParserRoutine:0.08739372
TableDerived:0.07784253
StatementSchema:0.066887535
StatementCursor:0.0599398
StatementSession:0.058227386
SchemaObject:0.053548537
SessionContext:0.050105195
StatementTypes:0.028578646
ColumnBase:0.012187382
HsqlException:0.010498486
SqlInvariants:0.00559249
