SqlFileScanner:0.027789358
TokenList:0.0076158205
TokenSource:0.0017061863
