MiscUtilities:0.5433333333333333
PluginJAR:0.4
IOUtilities:0.37
EditPlugin:0.17666666666666667
