MZip:0.45
MProperties:0.38
ImportExport:0.26
ArchiveChannel:0.22666666666666666
TodoEditorCore:0.21333333333333335
HistoryCommand:0.21
DefaultPreview:0.19444444444444445
PluginInstaller:0.18666666666666668
HTMLEntities:0.13222222222222219
