UI:0.7433333333333333
SimpleListCellRenderer:0.53
MList:0.3566666666666667
SimpleTableCellRenderer:0.25
PluginRenderer:0.18333333333333332
CompleteRenderer:0.14
DoneComponent:0.14
