InGameController:0.6166666666666667
Worker:0.41333333333333333
FreeColClient:0.30333333333333334
InGameInputHandler:0.2866666666666667
AIInGameInputHandler:0.18
ReportTurnPanel:0.12666666666666668
