JEditTextArea:0.15361208
Buffer:0.14383909
AbbrevsOptionPane:0.12917183
jEdit:0.1186188
TextUtilities:0.089226775
Mode:0.049754877
Log:0.04866237
View:0.042406175
MiscUtilities:0.03856062
AddAbbrevDialog:0.033370033
