BuildingToolTip:0.0706928
BuildingPanel:0.056535874
UnitLabel:0.050015166
ReportColonyPanel:0.043574926
AbstractGoodsLabel:0.042266596
RebelToolTip:0.040944923
ColonyPanel:0.038615376
