InGameInputHandler:0.36666666666666664
Animations:0.36333333333333334
UnitAttackAnimation:0.2733333333333333
UnitMoveAnimation:0.23666666666666666
UnitAttackAnimationCanvasSwingTask:0.19666666666666668
UnitMoveAnimationCanvasSwingTask:0.16444444444444445
