OptionGroupUI:0.23920009
OptionUpdater:0.008975279
