OptionGroupUI:0.25720885
OptionMapUI:0.19462162
OptionUpdater:0.07308455
