TextEditor:0.49666666666666665
TextEditorCore:0.36
ImageEditor:0.30333333333333334
FeedViewer:0.25333333333333335
TextEditorDesigner:0.25
InsertHRAction:0.24666666666666667
ImageEditorCore:0.2402777777777778
TodoEditor:0.23
NotepadEditor:0.18666666666666668
CompleteRenderer:0.14666666666666667
EditorZoom:0.04
