FeedsFS:0.6133333333333333
FeedsFSPlugin:0.5433333333333333
FeedThread:0.25333333333333335
FetchFeedsAction:0.14
FetchAllFeedsAction:0.14
