BrushTool:0.6433333333333333
ImageEditorDesigner:0.355
RectangleTool:0.17888888888888888
