jEdit:0.49
Buffer:0.45666666666666667
JEditTextArea:0.4066666666666667
FoldVisibilityManager:0.28
Abbrevs:0.25333333333333335
FavoritesVFS:0.24
TextAreaPainter:0.22333333333333333
BufferIORequest:0.21333333333333335
CheckBoxListModel:0.21333333333333335
View:0.20833333333333334
CompleteWord:0.19666666666666666
JARClassLoader:0.19
BeanShell:0.19
PastePrevious:0.19
ActionHandler:0.17166666666666666
InstallPluginsDialog:0.16
HyperSearchRequest:0.15083333333333335
MarkerHighlight:0.14333333333333334
ListHandler:0.13333333333333333
PluginList:0.10666666666666667
HyperSearchResults:0.10333333333333333
TableModelHandler:0.0025
KeyHandler:0.0
