Player:0.6266666666666667
ModelController:0.5916666666666667
InGameInputHandler:0.3566666666666667
TradeRoute:0.30333333333333334
TradeRouteDialog:0.17
ClientModelController:0.16
ServerModelController:0.11
