MApplication:0.6866666666666666
Console:0.4
StdOut:0.25333333333333335
ConsoleIO:0.25333333333333335
ConsoleTab:0.17
