ParserDQL:0.45
QuerySpecification:0.44333333333333336
ArrayType:0.27
RowType:0.24777777777777782
DatabaseInformationMain:0.23333333333333334
