jEdit:0.5933333333333334
GUIUtilities:0.4533333333333333
HelpViewer:0.3933333333333333
VICaretStatus:0.29166666666666674
StatusBar:0.12166666666666667
