Unit:0.5466666666666666
Colony:0.3566666666666667
Settlement:0.35333333333333333
InGameController:0.29333333333333333
Mission:0.25
ServerAPI:0.24333333333333335
SelectDestinationDialog:0.23333333333333334
ServerUnit:0.20333333333333334
DestinationComparator:0.2
DestinationPanel:0.17666666666666667
AIMessage:0.17333333333333334
CostDeciders:0.14444444444444443
ServerPlayerTest:0.14
InGameInputHandler:0.10666666666666667
MoveToMessage:0.06333333333333334
LocationRenderer:0.006666666666666667
ServerBaseCostDecider:0.0
