Player:0.6866666666666666
InGameInputHandler:0.4033333333333333
InGameController:0.35333333333333333
REFTest:0.21666666666666667
AllTests:0.1
