ParserOutput:0.6866666666666666
JFlexParser:0.3466666666666667
JFlexLexer:0.29333333333333333
ParserTest:0.18
BlikiParser:0.13333333333333333
RedirectTag:0.06166666666666667
