IconTheme:0.5066666666666667
Submenu:0.38666666666666666
Mods:0.3333333333333333
TagsMenu:0.13444444444444445
