InGameController:0.5388888888888889
ClientOptions:0.4033333333333333
ReportTurnPanel:0.33666666666666667
