Environment:0.5566666666666666
WikiCache:0.5033333333333333
AdminServlet:0.24666666666666667
