AbstractFileCache:0.35609072
Net:0.12274709
SimpleXMLReader:0.06563566
MDownloadDialog:0.065477595
AbstractMarkupBuilder:0.030515566
MApplication:0.018543076
PermissionInfo:0.015703928
MGuardedObject:0.013008291
MLogger:0.011277137
Pair:0.0054136566
XMLBuilder:0.0032521614
