MScrollPane:0.17018504
MTree:0.1698701
MTableHeader:0.14969152
MURLButton:0.13780619
MButton:0.12540166
MCellTip:0.12297505
MInternalFrame:0.12134809
MNotification:0.116666906
MTip:0.112196244
MouseGestures:0.10460742
BackgroundTaskManager:0.10263304
MSystemTray:0.09551746
MTogglePanel:0.09401814
MTaskPanel:0.09276007
MList:0.09109056
MLabel:0.08231672
MAction:0.07423614
MRating:0.073959164
MCalendarPanel:0.07008345
MText:0.06581537
MMessage:0.057382297
MTable:0.044504017
UI:0.028404076
BooleanProperty:0.0032664726
Property:0.0020582795
