AbstractApplication:0.5366666666666666
AppletApplication:0.16333333333333333
AbstractSelectionAction:0.11666666666666667
