Unit:0.5233333333333333
Game:0.4066666666666667
Player:0.4
InGameController:0.2633333333333333
Canvas:0.22666666666666666
