UnitType:0.61
FreeColGameObjectType:0.6066666666666667
BuildingType:0.43666666666666665
BuildableType:0.24666666666666667
