Player:0.78
FoundingFather:0.42333333333333334
ReportContinentalCongressPanel:0.17666666666666667
