VFSDirectoryEntryTableModel:0.6683333333333333
ExpansionToggleBorder:0.5466666666666666
TableMouseHandler:0.28
FileCellRenderer:0.19
