Buffer:0.7933333333333333
Macros:0.30666666666666664
BufferChangeHandler:0.23666666666666666
