AndroidFilter:0.2633333333333333
ResXFilter:0.2633333333333333
WiXFilter:0.16
SrtFilter:0.16
INIFilter:0.16
