JSheet:0.6633333333333333
SVGApplet:0.3283333333333333
DrawApplet:0.2816666666666667
PertApplet:0.2816666666666667
NetApplet:0.2816666666666667
Main:0.2306666666666667
DrawLiveConnectApplet:0.17533333333333334
TeddyApplicationModel:0.1
