CostDecider:0.5443416
Unit:0.3162294
Map:0.2632211
Tile:0.17891969
GoalDecider:0.074960314
Settlement:0.04002042
Location:0.011482142
