WikiUserDetailsImpl:0.5433333333333333
ServletUtil:0.36333333333333334
WikiUserDetails:0.36
AnsiDataHandler:0.27666666666666667
EditServlet:0.19666666666666666
JAMWikiServlet:0.18333333333333332
AdminServlet:0.17666666666666667
MoveServlet:0.14333333333333334
RegisterServlet:0.13
WatchlistServlet:0.13
JAMWikiPostAuthenticationFilter:0.13
ImportTiddlyWikiServlet:0.10666666666666667
JAMWikiDaoImpl:0.08333333333333333
