Player:0.63
InGameController:0.35333333333333333
TradeRouteDialog:0.30666666666666664
TradeRoute:0.2966666666666667
Stop:0.26
InGameInputHandler:0.24666666666666667
InGameMenuBar:0.18666666666666668
