Tree:0.72
MainWindow:0.5
Scanner:0.1827777777777778
LocationBar:0.14777777777777779
