DrawingPanel:0.4508333333333333
DrawProject:0.41333333333333333
DrawApplet:0.35333333333333333
DrawLiveConnectApplet:0.29
