XmlParser:0.5366666666666666
XmlPlugin:0.365
TagHighlight:0.3333333333333333
TagMouseHandler:0.16444444444444445
