GUI:0.5033333333333333
Canvas:0.4655555555555555
ReportTurnPanel:0.27166666666666667
PreCombatDialog:0.24
IndianSettlementPanel:0.21333333333333335
