Monarch:0.5133333333333333
InGameController:0.2833333333333333
InGameInputHandler:0.21
AIPlayer:0.21
MonarchPanel:0.2
AIInGameInputHandler:0.18444444444444444
