AbstractFigure:0.22683942
StandardDrawing:0.13653411
FigureEnumerator:0.1309669
ReverseFigureEnumerator:0.10296769
QuadTree:0.056429446
OrderedFigureElement:0.04626089
