Table:0.5433333333333333
Types:0.37333333333333335
Session:0.3333333333333333
RCData:0.23
DatabaseInformationMain:0.22333333333333333
DatabaseInformationFull:0.21333333333333335
CSVWriter:0.21
TableWorks:0.20666666666666667
RowInputText:0.20333333333333334
TestSql:0.17666666666666667
SqlTool:0.13333333333333333
ServerConnection:0.12333333333333334
