UserPreferencesUtil:0.42
Environment:0.4066666666666667
WikiDatabase:0.2866666666666667
WikiPageInfo:0.28
UserPreferenceItem:0.235
AdminServlet:0.23333333333333334
