JEditTextArea:0.53
TextUtilities:0.35833333333333334
BoyerMooreSearchMatcher:0.18666666666666668
RESearchMatcher:0.18
