Logger:0.5433333333333333
HsqlDatabaseProperties:0.44333333333333336
StatementCommand:0.3333333333333333
ParserCommand:0.25
ScriptReaderText:0.18
