MainWindowMenuHandler:0.44666666666666666
SearchWindow:0.43
MainWindow:0.37666666666666665
EditorController:0.28
