ColonyPlan:0.7666666666666667
AIColony:0.5
ColonyPlanTest:0.07666666666666666
