TransportMission:0.41333333333333333
AIGoods:0.33
AIPlayer:0.30333333333333334
AIColony:0.2931666666666667
WorkerWish:0.2633333333333333
