Goods:0.4666666666666667
Canvas:0.44
TilePopup:0.4
DumpCargoDialog:0.35333333333333333
