MFileChooser:0.5858333333333333
MTextPane:0.37166666666666665
MTextField:0.37166666666666665
