StatementCommand:0.49
SchemaManager:0.4766666666666667
ParserDDL:0.42
ParserCommand:0.31666666666666665
