SessionManager:0.47333333333333333
ListWriter:0.38666666666666666
ListReader:0.37666666666666665
NavigationUtils:0.35
ListSupport:0.05333333333333334
