Style:0.58
MDialog:0.3566666666666667
ImageEditorCore:0.2733333333333333
PropertiesPanel:0.2
MCalendar:0.19333333333333333
MDateSpinner:0.15666666666666668
MTextLabel:0.12666666666666668
