FloatingTextField:0.42444444444444446
DrawingView:0.39055555555555554
TextAreaTool:0.36666666666666664
