TradeRoute:0.5866666666666667
InGameInputHandler:0.53
ModelController:0.505
ServerModelController:0.26
TradeRouteDialog:0.17333333333333334
