JDBCResultSet:0.5933333333333334
JDBCPreparedStatement:0.43666666666666665
Util:0.32
