TK:0.5733333333333334
Desktop:0.35333333333333333
Each:0.34
WallpaperUpdater:0.3111111111111111
MPanel:0.2633333333333333
TestTK:0.2
Settings:0.19083333333333333
