PluginList:0.23038842
HandlerBase:0.04194098
Log:0.011759593
