PluginInfo:0.6466666666666666
PluginManager:0.53
PluginSettings:0.3
Main:0.21666666666666667
PluginInstaller:0.17444444444444446
