SqlFile:0.5766666666666667
RefCapablePropertyResourceBundle:0.39666666666666667
ValidatingResourceBundle:0.38666666666666666
SqltoolRB:0.38388888888888884
SqlTool:0.25666666666666665
