RB:0.6317222222222222
TarFileOutputStream:0.3933333333333333
TarEntrySupplicant:0.26666666666666666
TarGenerator:0.24666666666666667
TarReader:0.24
DbBackup:0.17333333333333334
