SummaryTree:0.16231208
SummaryPanel:0.10614537
Reminder:0.033989854
