jEdit:0.6166666666666667
Buffer:0.45
JEditTextArea:0.3333333333333333
PluginTableModel:0.3
FilesChangedDialog:0.22333333333333333
PluginManager:0.2
BufferChangeHandler:0.18333333333333332
Renderer:0.17333333333333334
ActionHandler:0.16666666666666666
ListUpdater:0.14833333333333334
InstallPanel:0.14333333333333334
InstallButton:0.12666666666666668
TreeHandler:0.12333333333333334
SizeLabel:0.12
PluginInfoBox:0.12
DockableLayout:0.11666666666666667
ButtonActionHandler:0.09333333333333334
GeneralOptionPane:0.07527777777777779
SelectallButton:0.04666666666666667
