Size:0.6447222222222222
MPanel:0.4866666666666667
MScrollPane:0.33666666666666667
PropertiesPanel:0.3025
Filter:0.27
Filters:0.23859523809523808
