JDBCStatementTest:0.6633333333333333
JDBCConnectionTest:0.52
JDBCDriverTest:0.4066666666666667
