DataFileCache:0.13312745
TextCache:0.100362696
CachedObject:0.06950178
