Expression:0.44
CompiledStatement:0.41333333333333333
TableFilter:0.39
Select:0.335
Parser:0.3333333333333333
DatabaseCommandInterpreter:0.2633333333333333
Session:0.2633333333333333
Tokenizer:0.25
Database:0.21333333333333335
TableWorks:0.1288888888888889
Function:0.06777777777777778
CompiledStatementExecutor:0.03666666666666667
