TaasExtractionResult:0.43333333333333335
TaaSClient:0.42333333333333334
ObjectFactory:0.3633333333333334
