TextFilterTest:0.27
TestFilterBase:0.15333333333333332
POFilterTest:0.13
INIFilterTest:0.06333333333333334
ResourceBundleFilterTest:0.06333333333333334
