LookAndFeelSettings:0.7886111111111112
PluginComboBox:0.2991666666666667
