Editor:0.6666666666666666
FeedViewer:0.2966666666666667
PrintDialog:0.2633333333333333
SynchronousViewFactory:0.16666666666666666
