WikiBase:0.5988888888888888
WikiMail:0.30666666666666664
WikiMailAuthenticator:0.19333333333333333
