MMainWindow:0.6166666666666667
MTextPane:0.2733333333333333
FeedComponent:0.2733333333333333
StaticHTMLViewer:0.26666666666666666
Projects:0.2066666666666667
LinkEditor:0.19805555555555557
StaticHandler:0.1811111111111111
ArticleList:0.14
