AIMain:0.6966666666666667
AIGoods:0.6266666666666667
GoodsWish:0.38
