Feature:0.24961223
FreeColGameObjectType:0.13684359
FreeColObject:0.12530251
FeatureContainer:0.12457577
Resource:0.1137652
ColonyTile:0.091270104
TileImprovement:0.09078133
Tile:0.08811415
TileType:0.08557672
Colony:0.08271626
ResourceType:0.08217996
Unit:0.08006701
Player:0.07974442
TileImprovementType:0.07762756
TileItemContainer:0.07457461
EquipmentType:0.069598146
CombatModel:0.05337611
SimpleCombatModel:0.052224122
BuildingType:0.051414866
Features:0.042655643
Turn:0.0065470715
