TK:0.6233333333333333
FSHelper:0.28
ImageEditorCore:0.27666666666666667
Button:0.25333333333333335
Console:0.19444444444444445
FileCache:0.17333333333333334
TabComponent:0.15333333333333332
QueryEditor:0.14333333333333334
XMLHelper:0.08166666666666667
