Tokens:0.5466666666666666
Session:0.3933333333333333
HsqlDatabaseProperties:0.3433333333333333
Logger:0.3333333333333333
RowSetNavigatorDataChange:0.2966666666666667
Database:0.2866666666666667
ParserCommand:0.26
JDBCResultSetMetaData:0.22333333333333333
JDBCParameterMetaData:0.21666666666666667
StatementDML:0.21666666666666667
DatabaseInformationMain:0.19666666666666666
StatementCommand:0.19
StatementResultUpdate:0.13666666666666666
StatementTypes:0.03333333333333333
