ScaledRAFileNIO:0.5123698
ScaledRAFile:0.4177822
RandomAccessInterface:0.33559203
