UI:0.6766666666666666
Item:0.5333333333333333
Property:0.47333333333333333
PropertyPanel:0.2525
InternetSearchPanel:0.23111111111111116
LookAndFeelSettings:0.20444444444444446
Core:0.15
