MainWindow:0.65
FSHelper:0.33544444444444443
LocationBar:0.21611111111111114
ImportExport:0.21555555555555558
TreePanel:0.18333333333333332
NewFileAction:0.15888888888888889
NewFolderAction:0.13666666666666666
