PageChecker:0.608
DefaultPageChecker:0.5033333333333333
MMainWindow:0.4766666666666667
