InGameController:0.4955555555555555
InGameControllerTest:0.30333333333333334
InGameInputHandler:0.26
FoundingFather:0.24
FoundingFatherTest:0.22333333333333333
ChangeSet:0.14
