Database:0.6994444444444444
HsqlProperties:0.5266666666666666
