FreeColAction:0.1917533
NewAction:0.19085272
ChatAction:0.18480888
MapControlsAction:0.17261492
ExecuteGotoOrdersAction:0.16725162
DeclareIndependenceAction:0.16219561
ReconnectAction:0.16132917
OpenAction:0.16114439
PreferencesAction:0.16085778
SaveAction:0.16083978
ReportContinentalCongressAction:0.16052477
ToggleViewModeAction:0.16032861
AssignTradeRouteAction:0.1593374
ReportReligionAction:0.15745392
EndTurnAction:0.15736814
ReportLabourAction:0.15730831
ReportMilitaryAction:0.15683523
DisplayTileOwnersAction:0.1567651
ReportForeignAction:0.15669787
ColopediaSkillAction:0.15669173
ClearOrdersAction:0.15652545
ColopediaTerrainAction:0.15651825
ReportNavalAction:0.15649503
ColopediaFatherAction:0.15641107
DisplayTileNamesAction:0.15639108
TradeRouteAction:0.15636969
DisplayGridAction:0.15631844
ReportTradeAction:0.1560681
ColopediaBuildingAction:0.1560493
ReportTurnAction:0.15596518
ReportIndianAction:0.15581708
ColopediaGoodsAction:0.15574475
ReportColonyAction:0.15557557
EuropeAction:0.15551144
ColopediaUnitAction:0.15546924
RenameAction:0.15517865
GotoAction:0.15516879
UnloadAction:0.14320883
QuitAction:0.14177619
DisbandUnitAction:0.13932566
MiniMapZoomOutAction:0.13842967
SkipUnitAction:0.13773261
WaitAction:0.13688725
SentryAction:0.13658057
MiniMapZoomInAction:0.13599391
BuildRoadAction:0.118156634
BuildColonyAction:0.11765053
FortifyAction:0.11708226
ChangeAction:0.10468069
PlowAction:0.08034642
