MiniMap:0.1575953
InfoPanel:0.13470969
UnitButton:0.061546184
