ColonyPanel:0.34947315
DragListener:0.16810478
EuropePanel:0.14446747
DefaultTransferHandler:0.12550029
ImageProvider:0.111131735
ColopediaPanel:0.09512504
ReportColonyPanel:0.08143524
FreeColDialog:0.066835016
ReportProductionPanel:0.0652496
ReportUnitPanel:0.060263008
