MTextPane:0.07225818
Args:0.058563206
MWebBrowserPanel:0.023786658
HTMLBuilder:0.012139399
TK:0.0076875496
AbstractMarkupBuilder:7.719994E-4
