MRating:0.1902536
MMultiPanel:0.114575
MCalendarPanel:0.1118015
MTextFieldPanel:0.09517142
MSmallColorButton:0.08827394
MButton:0.06990266
MNotification:0.058907326
MActionInfo:0.056403603
MSmallColorChooser:0.053536765
MAction:0.03915889
MFontChooser:0.03364149
MLogger:0.031178614
UI:0.017011167
