MTextField:0.098042265
MDownloadDialog:0.049001146
MAboutDialog:0.03820756
MMessage:0.030806266
