OptionsDialog:0.7483333333333333
BrowserCommandsMenu:0.20333333333333334
