PreferencesUtil:0.6266666666666667
GrapherView:0.25833333333333336
DocumentOrientedApplication:0.24333333333333335
GrapherApplication:0.18666666666666668
