ScriptYourself:0.09085184
ScriptError:0.034953516
ScriptExecutor:0.016834788
