InGameMenuBar:0.1564693
MapEditorMenuBar:0.089386314
Canvas:0.08481097
FreeColMenuTest:0.063331254
