WindowedFrame:0.4291658
FreeColMenuTest:0.09980871
Canvas:0.013982268
WindowedFrameListener:0.012680668
