InfoPanel:0.13669637
MiniMap:0.12908307
UnitButton:0.03630782
