PreGameInputHandler:0.23276637
InGameInputHandler:0.208998
Controller:0.10224868
