FullScreenFrame:0.5448992
WindowedFrameListener:0.07441148
Canvas:0.021145722
