Widget:0.6533333333333333
MInternalFrame:0.45666666666666667
CalendarDesklet:0.2966666666666667
DragAdapter:0.2377777777777778
