ImportExport:0.5933333333333334
NewFolderDialog:0.535
NewFileDialog:0.39666666666666667
