MIcon:0.4266666666666667
Version:0.32666666666666666
SessionManager:0.3
MDialog:0.29833333333333334
MTable:0.25861111111111107
HistoryCommand:0.24666666666666667
MApplication:0.24
FilterDialog:0.22333333333333333
MAboutDialog:0.21333333333333335
Filter:0.19666666666666666
ScriptCommand:0.19666666666666666
ImageLayerUI:0.1
