AntiAlias:0.5933333333333334
AbstractOptionPane:0.46
TextAreaPainter:0.4166666666666667
EditPane:0.31333333333333335
AboutPanel:0.19
TextAreaOptionPane:0.17
AppearanceOptionPane:0.013333333333333334
