Unit:0.6133333333333333
IndianNationType:0.4633333333333333
IndianSettlement:0.46
MapGenerator:0.2711111111111111
