Tree:0.5066666666666667
CategoryListRenderer:0.36333333333333334
Vars:0.36083333333333334
ItemRenderer:0.35333333333333333
View:0.26666666666666666
TreeSettings:0.08666666666666667
CategoriesPanel:0.03333333333333333
