TextArea:0.7533333333333333
Registers:0.4533333333333333
JEditTextArea:0.27666666666666667
