EnhancedCheckBoxMenuItem:0.32365468
GUIUtilities:0.05190992
StatusBar:0.044769276
EditAction:0.030645441
MacrosProvider:0.02567925
jEdit:0.02082269
View:0.0137124155
OperatingSystem:0.013577922
ActionContext:0.011286642
