EnhancedMenuItem:0.8974019
GUIUtilities:0.12779917
EditAction:0.10076515
StatusBar:0.08737425
jEdit:0.05433482
ActionContext:0.036020953
View:0.031391557
OperatingSystem:0.025893139
Log:0.012304293
