FeedsFS:0.47
Query:0.38333333333333336
BackupDialog:0.3233333333333333
ElapsedTimer:0.14333333333333334
MarkAllAsReadAction:0.043333333333333335
