MTabbedPane:0.7383333333333333
MTree:0.6576666666666667
