Buffer:0.5833333333333334
JEditTextArea:0.4988888888888889
FileRootsVFS:0.33444444444444443
EditPane:0.31522222222222224
WindowHandler:0.12666666666666668
