Modifier:0.68
Tile:0.5466666666666666
SimpleCombatModel:0.2833333333333333
TileInfoPanel:0.22333333333333333
