CompiledStatement:0.3563442
Session:0.33607346
DatabaseCommandInterpreter:0.1477427
Table:0.11586733
Select:0.11455704
Result:0.09993366
Database:0.08311389
Expression:0.0827262
ResultConstants:0.07627994
TableFilter:0.067829505
Trace:0.066908725
Column:0.053219628
DatabaseInformation:0.034554996
Row:0.03270271
DatabaseManager:0.026168097
HsqlException:0.017426128
HsqlInternalException:0.0050674123
Record:0.0013254951
