ScriptReaderBase:0.17767654
ScriptWriterBase:0.12882686
ScriptReaderZipped:0.0991075
