Player:0.5266666666666666
Tension:0.355
AllTests:0.2633333333333333
PlayerTest:0.25333333333333335
DiplomaticTradeTest:0.16333333333333333
