Tile:0.66
Colony:0.47333333333333333
Settlement:0.43333333333333335
ServerColonyTest:0.19
ServerIndianSettlement:0.18666666666666668
ServerIndianSettlementTest:0.16333333333333333
