Column:0.19671792
HsqlDateTime:0.18431377
Function:0.13886172
Trace:0.12055996
DatabaseScript:0.0
Database:0.0
HsqlException:0.0
HsqlDatabaseProperties:0.0
