Tokens:0.5913888888888889
ParserDQL:0.42
ArrayType:0.37666666666666665
RangeVariableResolver:0.26
Collation:0.23666666666666666
UserManager:0.19666666666666666
FunctionCustom:0.17111111111111113
