OS:0.05831592
FS:0.051553223
MLogger:0.044903845
MProperties:0.02901965
TK:0.023677785
UI:0.01999086
PropertyAccess:0.0031436158
