AppSettings:0.07160345
AbstractSettingsPage:0.010879877
