PriorityEditor:0.20324227
TodoEditorCore:0.095300324
Priority:0.05779803
