ImageEditorCore:0.62
ResizeDialog:0.39666666666666667
AccessibleCanvas:0.1877777777777778
ResizeAction:0.08666666666666667
