Tabs:0.41
TodoEditor:0.36
PropertiesBar:0.3566666666666667
MToolBar:0.23333333333333334
Vars:0.23325396825396832
AnnotationBar:0.18833333333333332
EditorQuickFind:0.14333333333333334
ZoomComponent:0.12333333333333334
