PersistentStore:0.5766666666666667
Index:0.5333333333333333
RangeVariableResolver:0.4666666666666667
TableBase:0.42333333333333334
TableDerived:0.3747619047619048
Table:0.32666666666666666
DateTimeType:0.31
Statement:0.2866666666666667
ExpressionLogical:0.23
RangeVariable:0.22666666666666666
RowStoreAVL:0.22
Expression:0.20833333333333334
TransactionManagerCommon:0.1980952380952381
QuerySpecification:0.19
IndexAVL:0.14
IndexUse:0.023333333333333334
