jdbcDriver:0.47333333333333333
jdbcResultSet:0.39666666666666667
jdbcResultSetMetaData:0.33
DINameSpace:0.31333333333333335
Database:0.3
jdbcPreparedStatement:0.2677777777777778
jdbcClob:0.26666666666666666
jdbcConnection:0.2377777777777778
jdbcStatement:0.23333333333333334
jdbcBlob:0.21333333333333335
