AIMessage:0.47
Mission:0.44333333333333336
AIPlayer:0.28
NewAIPlayer:0.2633333333333333
TransportMission:0.26
PrivateerMission:0.22333333333333333
PioneeringMission:0.20333333333333334
AIColony:0.20166666666666666
WishRealizationMission:0.19333333333333333
IndianBringGiftMission:0.19333333333333333
CashInTreasureTrainMission:0.18333333333333332
ScoutingMission:0.17666666666666667
