MPanel:0.13184446
MLabel:0.08805439
UI:0.044813644
MLayout:0.025342874
MColor:0.014917134
