TK:0.9533333333333334
Desktop:0.26
DeskletWidget:0.22666666666666666
Bookmarks:0.17
SortComparator:0.17
