WebBrowser:0.6666666666666666
MEditorPane:0.3478174603174603
FeedViewer:0.29833333333333334
WikiPanel:0.2733333333333333
