CachedDataRow:0.48260596
Row:0.25192037
Node:0.23398282
Cache:0.17165434
DiskNode:0.16735683
PointerNode:0.14959666
DataFileDefrag:0.099594526
DataFileCache:0.09662637
Table:0.089995146
TextCache:0.07955631
TextTable:0.070609905
Trace:0.05199616
PointerCachedDataRow:0.038620412
HsqlException:0.008540869
Record:0.006948514
