FreeColGameObject:0.2731746
UnitContainer:0.18962973
Market:0.17985019
GoodsContainer:0.17083116
ModelController:0.16948146
ModelMessage:0.16776595
Player:0.15539879
Europe:0.1464039
ColonyTile:0.14021775
Colony:0.13958211
Map:0.13217606
Unit:0.1252924
Tile:0.12248775
Goods:0.11838972
Building:0.11546608
IndianSettlement:0.104411
Settlement:0.09510472
Turn:0.008343891
