Task:0.5566666666666666
Model:0.28
TaskModel:0.2658333333333333
MutableInteger:0.20333333333333334
TaskSelection:0.18666666666666668
Colors:0.17111111111111113
ProxyInfo:0.16666666666666666
TestMutableInteger:0.09166666666666666
Copyable:0.0011111111111111111
