MMainWindow:0.5566666666666666
MURLButton:0.38666666666666666
LinkEditor:0.3025
DefaultPageChecker:0.23666666666666666
Browser:0.20333333333333337
MURLAction:0.2
