Expression:0.3574987
ExpressionColumn:0.2516177
Routine:0.23977517
ExpressionTable:0.16803323
RoutineSchema:0.10418502
StatementProcedure:0.0872558
SessionContext:0.06477601
ColumnSchema:0.04006706
Session:0.037756655
ParserDQL:0.023107853
OpTypes:0.0206241
RangeGroup:0.016844071
