ParserDML:0.3621291
ParserDDL:0.28007784
ParserCommand:0.26241064
ParserTable:0.20991506
ParserDQL:0.20804459
Routine:0.16905937
StatementCompound:0.1583774
Expression:0.15763652
ParserBase:0.14706837
TriggerDef:0.13439864
QuerySpecification:0.12479438
ExpressionColumn:0.118357345
SchemaManager:0.10803127
StatementSet:0.098865725
StatementSchema:0.0958339
SessionContext:0.091529526
Token:0.08712765
Table:0.08663619
TriggerDefSQL:0.074613474
StatementHandler:0.067426436
StatementDMQL:0.06644644
View:0.05973482
RangeVariable:0.059267
StatementExpression:0.057996094
HsqlNameManager:0.05783532
Statement:0.05749721
StatementSimple:0.057034783
ColumnSchema:0.051683754
StatementProcedure:0.04336407
StatementQuery:0.043163646
Session:0.042340238
SchemaObject:0.04175752
Scanner:0.041139312
ExpressionLogical:0.037230946
Database:0.0318188
StatementSignal:0.03135994
TableDerived:0.026558857
RangeGroup:0.024189396
TableBase:0.021465747
StatementTypes:0.01808
HsqlException:0.011604828
SqlInvariants:0.0082662515
OpTypes:0.005649615
ColumnBase:0.005068405
Tokens:0.0
