Token:1.0
ColumnSchema:0.92298424
NumberSequence:0.6201291
SchemaObject:0.6105012
ExpressionColumn:0.56076837
QuerySpecification:0.49550653
QueryExpression:0.47414905
HsqlNameManager:0.43038943
FunctionSQL:0.37897366
ExpressionLogical:0.36904874
ConstraintCore:0.304819
RangeVariable:0.27579
TableUtil:0.22010338
ExpressionValue:0.15815313
ColumnBase:0.1550066
OpTypes:0.03804459
RangeGroup:0.025200669
HsqlException:0.020977134
ParserDQL:0.0
Database:0.0
Expression:0.0
ParserBase:0.0
TableBase:0.0
Table:0.0
SchemaManager:0.0
StatementTypes:0.0
TableDerived:0.0
Constraint:0.0
ParserDDL:0.0
TextTable:0.0
Statement:0.0
StatementSchema:0.0
TableWorks:0.0
Scanner:0.0
Tokens:0.0
ParserDML:0.0
Session:0.0
ParserRoutine:0.0
StatementQuery:0.0
