QuerySpecification:0.23381256
ParserDQL:0.103619464
Expression:0.10309521
TableDerived:0.10077633
RangeVariable:0.07664548
ParserDML:0.075975336
ExpressionColumn:0.06764235
SortAndSlice:0.0676336
Table:0.06717304
StatementSet:0.06667005
StatementDML:0.05659618
StatementDMQL:0.05472026
RangeVariableResolver:0.05388785
StatementQuery:0.04994921
ParserTable:0.03735704
ExpressionTable:0.03504414
StatementInsert:0.033027273
View:0.03299626
TableBase:0.030960044
StatementCursor:0.029319352
ParserDDL:0.02642063
StatementResultUpdate:0.026326625
ColumnSchema:0.024774238
Session:0.019746039
Database:0.018905226
SchemaObject:0.014958157
HsqlNameManager:0.01225066
RangeGroup:0.009291355
ColumnBase:0.005328641
OpTypes:0.0010704278
Tokens:0.0
