RangeVariable:0.3843519
QuerySpecification:0.1579496
ExpressionColumn:0.13307388
Expression:0.107608266
Table:0.071770534
ParserDQL:0.05850254
ColumnSchema:0.024045823
Session:0.019366391
RangeGroup:0.01907293
TableBase:0.017277451
