RowSetNavigatorClient:0.364606
RowSetNavigatorData:0.26498535
RowSetNavigatorDataTable:0.13644548
RangeIterator:0.08060565
