RowSetNavigatorDataTable:0.6753037
RowSetNavigator:0.16137648
RowIterator:0.048556127
