RowSetNavigatorData:0.8415358
RowSetNavigator:0.1030836
RowIterator:0.08060719
