StatementCursor:0.40509045
TableDerived:0.35670662
QueryExpression:0.32217196
StatementDMQL:0.2624848
StatementResultUpdate:0.18332905
ParserDQL:0.18315575
ParserDDL:0.17180964
ParserTable:0.124309115
Statement:0.10582185
StatementCompound:0.07487513
ParserRoutine:0.07255994
Session:0.049076196
StatementTypes:0.040237583
