MRenderer:0.6633333333333333
ColorPalette:0.5966666666666667
