InternetSearchPanel:0.4666666666666667
FilterDialog:0.41
MStatusBar:0.36
ResizeDialog:0.2633333333333333
