FileOptionUI:0.39666666666666667
BooleanOptionUI:0.38
OptionGroupUI:0.35333333333333333
MapGeneratorOptionsDialog:0.25333333333333335
OptionMapUI:0.19333333333333333
FreeColLookAndFeel:0.19
