DatabaseInformation:0.7366666666666667
ServerConnection:0.5466666666666666
