MetaInfo:0.6033333333333334
Vars:0.5813333333333334
DefaultPreview:0.41
ItemRenderer:0.22666666666666666
TreeSettings:0.17666666666666667
LinkEditorPlugin:0.12
