MPanel:0.4633333333333333
MText:0.3883333333333333
PropertyPanel:0.37333333333333335
PopupContent:0.19666666666666666
Action:0.15966666666666665
HorizontalWrapper:0.10666666666666667
