ImageLibrary:0.525
MapGenerator:0.3883333333333333
AIPlayer:0.32666666666666666
InGameController:0.31
