Editor:0.59
NumberControlPanel:0.31333333333333335
TextEditorDesigner:0.28
TodoEditorCore:0.26666666666666666
EditorPlugin:0.23222222222222225
TaskModel:0.2038888888888889
ImageEditorCore:0.19666666666666666
SearchHighlighter:0.11222222222222221
