MetaInfo:0.58
RequestSource:0.3342936507936507
DefaultPreview:0.235
TaskManager:0.22333333333333333
Summary:0.21000000000000002
Tracker:0.2
AbstractRequestManager:0.18666666666666668
TaskReader:0.09
