ChartPainter:0.07020318
ChartPanel:0.06968815
ChartView:0.060293682
