MiscUtilities:0.7166666666666667
Rect:0.27666666666666667
FilesChangedDialog:0.24
Install:0.23744444444444446
BufferOptions:0.15
GeneralOptionPane:0.15
BrowserCommandsMenu:0.11666666666666667
TreeHandler:0.06
