Unit:0.4633333333333333
Player:0.43333333333333335
Ability:0.4
Settlement:0.369
Tile:0.3566666666666667
InGameInputHandler:0.25666666666666665
ColonyTile:0.21333333333333335
MapGenerator:0.21
