FreeColDialog:0.64
GameOptionsDialog:0.31
ClientOptionsDialog:0.22333333333333333
MapGeneratorOptionsDialog:0.2
DifficultyDialog:0.16833333333333333
