WordPredictor:0.36666666666666664
FrequencyStrings:0.36
HistoryCompleter:0.30666666666666664
HistoryPredictor:0.26
WordCompleter:0.13333333333333333
Prediction:0.09666666666666666
