Map:0.67
RiverSection:0.3194444444444444
ImageLibrary:0.30833333333333335
GUI:0.30333333333333334
River:0.26
LandGenerator:0.2088888888888889
RiverTransform:0.10666666666666667
