MPasswordPanel:0.89
MMessage:0.7633333333333333
EditorCrypto:0.33666666666666667
