Main:0.023739723
Vars:0.00918642
