Net:0.5666666666666667
DownloadInfo:0.42
GHNSDialog:0.25666666666666665
MDownloadDialog:0.24333333333333335
DeskletLoader:0.20666666666666667
Feed:0.19472222222222224
