EndTurnDialog:0.31486678
FreeColPanel:0.091570005
FreeColDialog:0.04611983
