FeedsFS:0.6866666666666666
FeedThread:0.49666666666666665
