Unit:0.6233333333333333
Goods:0.3566666666666667
Locatable:0.29083333333333333
MapGenerator:0.22111111111111115
GoodsTest:0.18333333333333332
TileItem:0.11166666666666666
