Type:0.6566666666666666
Tokens:0.59
ParserDDL:0.35333333333333333
ArrayUtil:0.2633333333333333
HsqlDateTime:0.23333333333333334
StatementSchema:0.20777777777777778
FunctionSQL:0.20333333333333334
Tokenizer:0.20333333333333334
JDBCPreparedStatement:0.19666666666666666
FunctionCustom:0.18666666666666668
TestPreparedStatements:0.0
