Database:0.5866666666666667
NumberType:0.3566666666666667
Like:0.31333333333333335
IntervalSecondData:0.245
IntervalMonthData:0.20777777777777778
AllTests:0.13333333333333333
ScriptReaderText:0.12333333333333334
