ParserDQL:0.49222222222222217
StatementDML:0.38666666666666666
View:0.31916666666666665
TableBase:0.2633333333333333
ParserDML:0.23333333333333334
