AbstractApplication:0.6461111111111111
OpenAction:0.44666666666666666
NewAction:0.32
