ExpressionArithmetic:0.7812555
ExpressionLike:0.6653002
ExpressionLogical:0.60639656
Expression:0.4504576
ExpressionValue:0.40233234
FunctionCustom:0.29977998
SortAndSlice:0.19249499
QuerySpecification:0.18688528
Constraint:0.095518775
ParserDQL:0.05478018
OpTypes:0.038446587
Session:0.02300726
SessionContext:0.011389976
RangeGroup:0.001736059
Tokens:0.0
