IntervalType:0.26916578
Type:0.2521364
DateTimeType:0.17754774
BitType:0.16485569
BooleanType:0.15651715
NullType:0.1422594
DTIType:0.12078439
Types:0.11541392
BinaryData:0.023423214
ClobData:0.0051870984
