Database:0.7003871
ParserDDL:0.6429797
StatementSchema:0.574025
Session:0.45929945
StatementTypes:0.35749123
Statement:0.34935206
SchemaManager:0.31227657
ParserCommand:0.2939105
Table:0.2647284
Routine:0.2490091
TableBase:0.23856163
TableWorks:0.20897926
TextTable:0.18579483
Constraint:0.18199204
SchemaObject:0.16620336
ParserDML:0.1568762
TransactionManager:0.15032713
NumberSequence:0.14470848
SessionManager:0.13713387
HsqlException:0.10417615
SqlInvariants:0.044998262
DatabaseURL:0.044954572
Tokens:0.0
