TableSpaceManager:0.19432478
DataSpaceManager:0.0972188
DataSpaceManagerBlocks:0.09160785
DataSpaceManagerSimple:0.07868716
