DockableWindowManager:0.18182904
View:0.07692141
GUIUtilities:0.07041952
jEdit:0.027353358
OperatingSystem:0.020062104
DockableWindowContainer:0.00634342
GlobalOptions:0.0035905966
