EditPane:0.15493906
BeanShell:0.13226797
EditPaneUpdate:0.10348656
jEdit:0.09551805
VFSBrowser:0.07723973
EditServer:0.07234115
Buffer:0.07174256
ToolBarManager:0.062134545
GUIUtilities:0.04859341
JEditTextArea:0.048387345
SearchBar:0.048336167
StatusBar:0.04774997
DockableWindowManager:0.045410946
InputHandler:0.043300573
Java14:0.042518005
FoldVisibilityManager:0.042210814
SearchAndReplace:0.03827689
EditBus:0.03698358
BrowserView:0.036152877
Gutter:0.035981882
Macros:0.035405423
PanelWindowContainer:0.032420997
VFS:0.030935742
QuickNotepad:0.030832415
EditPlugin:0.027247395
CompleteWord:0.02709773
HyperSearchResults:0.027046185
EditAction:0.024873817
DefaultInputHandler:0.024541521
HistoryTextField:0.021719044
SearchDialog:0.021673633
Abbrevs:0.021213606
BufferUpdate:0.020070123
EBComponent:0.017263949
VFSFileChooserDialog:0.017177394
ScrollListener:0.016250746
FileVFS:0.015536056
CloseDialog:0.014916726
EditorExitRequested:0.014123413
ViewUpdate:0.01310062
EBMessage:0.0126021765
AboutDialog:0.011874202
HistoryModel:0.0113702435
BufferIORequest:0.01100953
SelectLineRange:0.010488495
KeyEventWorkaround:0.010180699
BeanShellErrorDialog:0.009289901
BrowserCommandsMenu:0.009079561
PastePrevious:0.008424055
BufferOptions:0.008337035
VariableGridLayout:0.007981492
PropertiesChanged:0.007926414
EnhancedMenuItem:0.007878061
EnhancedCheckBoxMenuItem:0.007659743
BufferListSet:0.0073131323
RecentFilesMenu:0.0068048504
ViewRegisters:0.00646108
AddAbbrevDialog:0.0064261616
SearchSettingsChanged:0.0059784134
BufferPrintable:0.0058884234
MarkersMenu:0.0057046553
HyperSearchRequest:0.005592327
RecentDirectoriesMenu:0.0049865944
MacOSMenu:0.0049504978
CurrentBufferSet:0.00463302
TipOfTheDay:0.004443855
DirectoryMenu:0.0043242243
LatestVersionPlugin:0.003665623
EnhancedButton:0.0036283867
MacOSHandler:0.003600795
SearchFileSet:0.0031415436
BufferPrinter1_3:0.0015427339
BufferPrinter1_4:0.0014087339
BeanShellAction:0.001290683
AppleScriptHandler:0.001263377
