UI:0.8766666666666667
MInternalFrame:0.2733333333333333
PluginSettings:0.26666666666666666
MetalTitle:0.15666666666666668
MDesktopPane:0.13666666666666666
PluginsAction:0.12666666666666668
