FeatureContainer:0.8066666666666666
UnitType:0.41333333333333333
BuildingType:0.2488888888888889
EuropeanNationType:0.2388888888888889
IndianNationType:0.22
