Player:0.6144444444444443
FreeCol:0.53
Tile:0.49666666666666665
FreeColDialog:0.29333333333333333
Monarch:0.21
IndianSettlement:0.20333333333333334
MapGenerator:0.18666666666666668
ColopediaPanel:0.18666666666666668
MainPanel:0.18333333333333332
DefaultTransferHandler:0.12333333333333334
SoundPlayerThread:0.10833333333333334
NewPanel:0.10666666666666667
ReportTradePanel:0.08333333333333333
