FreeColClient:0.43666666666666665
SoundPlayer:0.4
SoundPlayerThread:0.37666666666666665
PreGameController:0.29
