Canvas:0.5866666666666667
ColopediaPanel:0.5733333333333334
UnitLabel:0.20333333333333334
TilePanel:0.15
ColopediaSkillAction:0.10333333333333333
ColopediaUnitAction:0.10333333333333333
ColopediaBuildingAction:0.10333333333333333
ColopediaGoodsAction:0.10333333333333333
ColopediaFatherAction:0.10333333333333333
ColopediaTerrainAction:0.10333333333333333
DragListener:0.09666666666666666
ColopediaTreeItem:0.03
