Unit:0.8
InGameInputHandler:0.3333333333333333
InGameController:0.3233333333333333
UnitSeekAndDestroyMission:0.2588888888888889
AIPlayer:0.23111111111111116
FreeColMenuBar:0.15333333333333332
