JAMWikiServlet:0.56
EditServlet:0.3933333333333333
PrintableServlet:0.16
HistoryServlet:0.13666666666666666
