DrawingView:0.86
SimpleDrawingView:0.5033333333333333
SelectionTool:0.3233333333333333
ConnectionsNoLayoutDrawingModel:0.24333333333333335
ConnectionsAndLayoutDrawingModel:0.10333333333333333
