Routine:0.41333333333333333
Constraint:0.38
View:0.36333333333333334
SchemaManager:0.3566666666666667
Token:0.35333333333333333
ParserDQL:0.31666666666666665
TableWorks:0.2966666666666667
ParserDDL:0.24333333333333335
TestViewAsterisks:0.24
StatementSchema:0.22333333333333333
CompileContext:0.21
ParserRoutine:0.2
