SearchFileSet:0.47764212
AllBufferSet:0.27335593
DirectoryListSet:0.2356823
Buffer:0.07790477
View:0.04202152
