View:0.39800403
Buffer:0.28371108
jEdit:0.22989899
JEditTextArea:0.21014935
TextAreaPainter:0.19334121
Gutter:0.16420886
BeanShell:0.14014207
BufferUpdate:0.14013082
MarkerHighlight:0.12705925
GUIUtilities:0.115171224
StatusBar:0.11500478
BufferSwitcher:0.09564684
EditPaneUpdate:0.09383135
SearchBar:0.07528506
Selection:0.070190474
QuickNotepad:0.063273676
VFSManager:0.052003816
EBComponent:0.036857545
PropertiesChanged:0.030686783
EditBus:0.020576969
EBMessage:0.020127898
