MetaInfo:0.5
Index:0.31333333333333335
Tags:0.29444444444444445
Keywords:0.21444444444444447
