InGameController:0.6966666666666667
Canvas:0.6133333333333333
DebugMenu:0.22666666666666666
