Specification:0.44
EquipmentType:0.43333333333333335
BuildableType:0.3488888888888889
