IndexAVLMemory:0.5880037
NodeAVL:0.35410705
Index:0.32099667
