AIMain:0.44655555555555554
AIColony:0.31666666666666665
TileImprovementPlan:0.265
GoodsWish:0.25333333333333335
Wish:0.22
WishRealizationMission:0.21333333333333335
WorkerWish:0.21
Mission:0.2
