ReportPanel:0.15284145
FreeColPanel:0.04965815
