Game:0.06579455
Colony:0.057434596
