ColonyPanel:0.3454578
EuropePanel:0.17879568
DefaultTransferHandler:0.16977629
DragListener:0.11427348
