MPanel:0.053434093
MPasswordPanel:0.03713588
MAboutDialog:0.028833421
MSeparator:0.010666082
MLabel:0.008569539
MDialog:0.008390835
WTFError:0.005970072
MRenderer:0.0037972652
