InGameController:0.6683333333333333
DumpCargoDialog:0.30666666666666664
DragListener:0.2733333333333333
