jEdit:0.6366666666666667
MiscUtilities:0.45666666666666667
ResultCellRenderer:0.11666666666666667
