TabComponent:0.11687066
TabIcon:0.03660107
