jEdit:0.7266666666666667
EditServer:0.35
PerspectiveHandler:0.25666666666666665
