Player:0.7966666666666666
Game:0.6366666666666667
InGameController:0.39
PlayerTest:0.14
