UI:0.8333333333333334
InternetSearch:0.40444444444444444
Armor:0.25
MAuthenticator:0.17111111111111113
