InputHandler:0.2079713
ConnectController:0.11415621
