GUIUtilities:0.05377021
jEdit:0.045259994
MiscUtilities:0.029524764
PanelWindowContainer:0.024745757
FileVFS:0.018942645
JEditTextArea:0.018829275
VFSBrowser:0.01847798
StatusBar:0.016135981
KeyEventTranslator:0.015878832
Log:0.015224931
HyperSearchResults:0.013417684
Debug:0.013399134
EditServer:0.013242435
ColorWellButton:0.01052728
FileRootsVFS:0.01016244
SearchDialog:0.009120644
OptionsDialog:0.008177342
HelpTOCPanel:0.007835835
BufferHistory:0.0077600568
EditPane:0.0075386637
BrowserIORequest:0.0059102187
EnhancedMenuItem:0.005355621
VFSFileNameField:0.0050335345
EnhancedCheckBoxMenuItem:0.0045556417
EnhancedMenu:0.003841219
RolloverButton:0.0036856465
AppearanceOptionPane:0.0035652486
PrintOptionPane:0.001781103
