Tile:0.7466666666666667
ImageLibrary:0.5
GUI:0.3233333333333333
TerrainGenerator:0.22666666666666666
