ClassVisitor:0.605
Type:0.5333333333333333
Reflect:0.5233333333333333
Primitive:0.43333333333333335
Parser:0.4
Types:0.36333333333333334
CodeVisitor:0.35642857142857143
ClassPathListener:0.3272804232804233
Interpreter:0.32
Modifiers:0.31
Capabilities:0.29833333333333334
NameSpace:0.27666666666666667
BshClassManager:0.26
BshMethod:0.25333333333333335
BshClassPath:0.24666666666666667
Name:0.24
ClassWriter:0.24
CodeWriter:0.23666666666666666
ParserTokenManager:0.23583333333333334
BeanShell:0.23333333333333334
ClassGeneratorUtil:0.21666666666666667
ClassManagerImpl:0.20666666666666667
Edge:0.2063968253968254
ExternalNameSpace:0.19666666666666666
BSHPrimarySuffix:0.19
Constants:0.18833333333333332
BSHLiteral:0.17
ClassGeneratorImpl:0.16666666666666666
BSHBinaryExpression:0.15666666666666668
BSHArrayInitializer:0.1511111111111111
CustomClassManager:0.11666666666666667
Remote:0.10666666666666667
BSHEnhancedForStatement:0.10333333333333333
BSHTryStatement:0.10333333333333333
ByteVector:0.1
BshClassLoader:0.08444444444444445
Item:0.08333333333333333
Label:0.07333333333333333
DiscreteFilesClassLoader:0.013333333333333334
