BinaryType:0.5616666666666666
RowOutputBase:0.33666666666666667
RowInputBase:0.33666666666666667
BinaryUUIDType:0.3
