SummaryData:0.87
ShowTaskAction:0.29333333333333333
Submenu:0.24222222222222223
CalendarComponent:0.13666666666666666
TagsMenu:0.1311111111111111
