Tile:0.5933333333333334
Colony:0.4880555555555555
Game:0.45666666666666667
PlayerExploredTile:0.38666666666666666
