GUI:0.5133333333333333
ImageResource:0.4166666666666667
ResourceManager:0.35
