TaskModel:0.6733333333333333
TaskTable:0.5033333333333333
IconTheme:0.28
CommentsAction:0.18333333333333332
