XMLAttribute:0.078462526
XMLStreamReader:0.04879066
