MRenderer:0.6022222222222222
FeedViewer:0.44166666666666665
HTMLPreviewAction:0.3655555555555556
