TileItemContainer:0.33489177
Tile:0.32508287
TileImprovementType:0.2640279
Colony:0.15676278
Unit:0.13821574
Player:0.103396185
FreeColGameObject:0.09526255
FreeColObject:0.09296338
TileType:0.09171879
Game:0.07475201
Modifier:0.06386951
GoodsType:0.057946604
TileItem:0.049234983
EquipmentType:0.039758015
Locatable:0.008980443
Named:0.0067185927
