TaskTable:0.43
MTextField:0.41
FSHelper:0.3
MIconChooser:0.1877777777777778
RepeatPanel:0.1811111111111111
