QueryHandler:0.4144722222222222
DataHandler:0.4144722222222222
TestDataHandler:0.33666666666666667
AnsiDataHandler:0.27
AnsiQueryHandler:0.21
LinkUtil:0.17666666666666667
WikiLink:0.15666666666666668
