MButton:0.12087054
ActionGroup:0.102653265
MAction:0.09177064
MMenuItem:0.077632524
MURLButton:0.06749772
MInternalFrame:0.06716801
MText:0.06313789
MSmallColorChooser:0.05982879
MMessage:0.059338674
UI:0.056677744
MSystemTray:0.050435625
MNotification:0.050270896
MCalendarPanel:0.048425615
MDialog:0.048400544
MDateSpinner:0.04790412
MLabel:0.046691697
MTree:0.046530593
ColumnManager:0.046138436
MTip:0.045186985
MTableHeader:0.04320437
MTextFieldPanel:0.041830406
MUndoManager:0.04111926
MActionInfo:0.040119916
MTextPane:0.039551973
MCellTip:0.039481893
MFontChooser:0.03705184
MMenuAdapter:0.022803435
MLogger:0.019436922
MIcon:0.01843562
Mnemonic:0.01806661
AbstractIterator:0.007218659
MColor:0.0045762327
