MIcon:0.7233333333333334
AutoCompletionData:0.24777777777777782
MURLButton:0.23666666666666666
Title:0.22833333333333333
PluginInfo:0.20944444444444446
MColorIcon:0.18
