Tile:0.5466666666666666
Map:0.4766666666666667
Resource:0.2866666666666667
Market:0.27
ResourceType:0.22
