MLabel:0.8866666666666667
Renderer:0.22333333333333333
SummaryRenderer:0.13666666666666666
DateTimeRenderer:0.06666666666666667
