ParserUtil:0.19817565
AbstractParser:0.10209833
TableOfContents:0.06566727
ExcessiveNestingException:0.036991905
