MMessage:0.05927764
FS:0.053261787
Config:0.042800874
MApplication:0.041973248
MCheckBox:0.03355998
MIcon:0.0313837
UI:0.027417528
MText:0.023126733
TK:0.022898203
MPanel:0.021425359
MComboBox:0.020700365
MActionInfo:0.012959744
Property:0.012875685
ContainerIterator:0.01055163
RegExp:0.0074172462
Kiosk:0.0034165112
