UnitAction:0.27481297
ActionManager:0.16402869
FreeColAction:0.088324584
