UnitAction:0.39387435
ActionManager:0.18236797
FreeColAction:0.108569354
