UnitAction:0.27538842
ActionManager:0.17177396
FreeColAction:0.073011175
