MiniMapZoomInAction:0.6482032
ActionManager:0.26910692
MapControlsAction:0.20191753
MapboardAction:0.14856046
FreeColAction:0.06701464
