MiniMapZoomOutAction:0.73366076
ActionManager:0.280942
MapControlsAction:0.22559129
MapboardAction:0.16597839
FreeColAction:0.072204925
