ActionManager:0.37530658
FreeColAction:0.1199676
