ActionManager:0.4893995
FreeColAction:0.12504587
