UnitAction:0.27391526
ActionManager:0.21801844
FreeColAction:0.09125066
