ActionManager:0.28719646
UnitAction:0.23569414
FreeColAction:0.11301715
