ZoomInAction:0.6448296
ActionManager:0.25202322
FreeColAction:0.12281612
