Turn:0.5766666666666667
Game:0.5366666666666666
ServerPlayer:0.30333333333333334
InGameInputHandler:0.2
GameTest:0.16
GameOptions:0.03666666666666667
