MDialog:0.5422222222222222
Reflection:0.47333333333333333
CoolLabel:0.35
TaskSummary:0.24111111111111114
MRating:0.22333333333333333
