FreeColGameObject:0.24368118
ModelMessage:0.17244743
UnitContainer:0.15183447
Player:0.15141168
ModelController:0.14645462
GoodsContainer:0.14002086
Tile:0.13561733
Europe:0.13396063
Market:0.13332656
Monarch:0.12508468
Map:0.11557978
Building:0.10558131
Colony:0.102640145
ColonyTile:0.102334805
Unit:0.09272953
IndianSettlement:0.087808676
FreeColGameObjectListener:0.082968585
Settlement:0.06728877
Goods:0.06702703
GameOptions:0.065821305
Tension:0.017199969
Turn:0.007210451
LostCityRumour:0.0029753875
