Player:0.32851058
FreeColGameObject:0.13317357
Game:0.1290269
FoundingFather:0.029491372
Turn:0.024843762
