BezierPath:0.64
Bezier:0.4166666666666667
PaletteToolBarUI:0.24
BezierTool:0.21666666666666667
CombineAction:0.21333333333333335
BezierDemo:0.21333333333333335
SVGPathFigure:0.18666666666666668
