TreePanel:0.08985979
Tree:0.08481651
AdvancedProperties:0.040328987
