MTextFieldPanel:0.5266666666666666
FileCache:0.39
Archive:0.2833333333333333
TrackerItem:0.21333333333333335
ShowImageInfoAction:0.18
