OptionMap:0.5226132
SelectOption:0.45367518
BooleanOption:0.43415704
AbstractOption:0.37809184
IntegerOption:0.36602762
Option:0.18368994
