CostDecider:0.62424064
Unit:0.361177
Map:0.33078584
Tile:0.10485151
GoalDecider:0.086096786
Settlement:0.050485265
Location:0.020019485
