WebServerConnection:0.5133333333333333
ClientConnectionHTTP:0.4166666666666667
Servlet:0.32722222222222225
