WikiUser:0.7
WikiUserAuth:0.5633333333333334
ServletUtil:0.35333333333333333
WikiBase:0.32666666666666666
AnsiDataHandler:0.2966666666666667
WikiDatabase:0.23333333333333334
ParserInput:0.23166666666666666
XMLTopicFactoryTest:0.22333333333333333
EditServlet:0.22333333333333333
AdminServlet:0.20666666666666667
UpgradeServlet:0.15
MoveServlet:0.14333333333333334
WatchlistServlet:0.11666666666666667
SetupServlet:0.11333333333333333
ImportTiddlyWikiServlet:0.11
RegisterServlet:0.10333333333333333
InMemoryDaoWithDefaultRoles:0.1
JAMWikiDaoImpl:0.08666666666666667
