Desktop:0.6333333333333333
WidgetDesktopPaneUI:0.4066666666666667
