Parser:0.02809606
Database:0.013240166
DatabaseInformationFull:0.011710999
Column:0.0050981445
Index:0.0047266255
DatabaseCommandInterpreter:0.0036441418
Like:0.0034071878
DatabaseScript:0.003248892
Trace:0.0028041357
HsqlException:8.85024E-4
