GridConstrainer:0.44333333333333336
JDoubleTextField:0.43333333333333335
RotateHandle:0.27666666666666667
AbstractRotateHandle:0.2733333333333333
SVGApplet:0.24
EditGridPanel:0.16
