IMachineTranslation:0.71
BaseTranslate:0.4033333333333333
MachineTranslateTextArea:0.32666666666666666
