AbstractFS:0.5425
FSHelper:0.49
FeedsFS:0.29333333333333333
ItemRenderer:0.23666666666666666
