Tile:0.7266666666666667
IndianSettlement:0.4666666666666667
InGameController:0.31333333333333335
ColonyTile:0.30666666666666664
