IconTheme:0.7021111111111111
ToggleSummaryAction:0.43944444444444436
