FeedViewer:0.41
FeedsFS:0.4066666666666667
FeedUtils:0.33666666666666667
BlockImageFactory:0.31666666666666665
FeedComponent:0.2888888888888889
CustomAdvancedPanel:0.27066666666666667
