PluginManager:0.34794205
PluginList:0.18108106
jEdit:0.1281441
Roster:0.037757974
JCheckBoxList:0.035346027
MiscUtilities:0.024083838
EnhancedDialog:0.012491553
