HTMLRichTextPane:0.52
HTMLViewFactory:0.30666666666666664
HTMLRichTextEditorKit:0.29333333333333333
HiddenCommentView:0.2866666666666667
