Scope:0.8
Feature:0.306452380952381
ScopeTest:0.14666666666666667
