Result:0.4633333333333333
Logger:0.42333333333333334
Session:0.35333333333333333
Database:0.28694444444444445
Log:0.26666666666666666
StatementCompound:0.23
JDBCStatement:0.22666666666666666
DataFileCache:0.21
JDBCPreparedStatement:0.20333333333333334
LobManager:0.19666666666666666
ServerConnection:0.19
TimeoutRunner:0.17333333333333334
ScriptReaderText:0.17
CheckpointRunner:0.13666666666666666
ScriptRunner:0.12666666666666668
TimeoutManager:0.023333333333333334
