MMenu:0.7
Tree:0.44666666666666666
MCellTip:0.25666666666666665
DeskletWidget:0.17111111111111113
