UI:0.8266666666666667
VersionPanel:0.26666666666666666
CoolHeader:0.265
AddRemovePanel:0.14444444444444446
SimpleButtonUI:0.1311111111111111
