Unit:0.49333333333333335
ErrorPanel:0.3327777777777778
IndianSettlement:0.32
Map:0.29
InGameInputHandler:0.25333333333333335
Canvas:0.22333333333333333
IndianSettlementPanel:0.18
TilePopup:0.16
InGameController:0.13333333333333333
