QuickNotepad:0.13808104
QuickNotepadPlugin:0.032729734
jEdit:0.026716366
