MText:0.9233333333333333
ScriptIDE:0.24666666666666667
NotepadEditorDesigner:0.20666666666666667
ConsoleOutput:0.11111111111111109
