Preferences:0.6533333333333333
Core:0.45666666666666667
MainWindowMenuHandler:0.35
MainWindowMenu:0.28
GoogleTranslateTextArea:0.24333333333333335
