PluginType:0.629285
PluginSettings:0.30793312
PluginAction:0.22897764
PluginClassLoader:0.21132287
PluginComboBox:0.19177072
PluginRenderer:0.17142522
PluginList:0.1678457
ScriptPlugin:0.13728951
PluginEvent:0.101858556
LookAndFeelPlugin:0.09610393
AbstractPlugin:0.0
PluginManager:0.0
Pluggable:0.0
PluginDownloader:0.0
LookAndFeelSettings:0.0
