Table:0.6166666666666667
CachedRow:0.5466666666666666
DiskNode:0.33
TestDataStructures:0.26666666666666666
