ChartModel:0.017353619
ChartPanel:0.009315483
ChartView:0.0057683587
