MColorButton:0.3013517
MSmallColorButton:0.11742379
ColorProperty:0.0480647
MColorIcon:0.046503384
MMenu:0.042419802
MPanel:0.042374194
MLabel:0.03970309
UI:0.03849084
MButton:0.034564815
TK:0.030772561
MActionInfo:0.021123393
MSmallButton:0.019758454
MAction:0.015076777
ValueEvent:0.007015979
MDataAction:0.0042746887
