Table:0.9266666666666666
JDBCStatement:0.37
FunctionSQLInvoked:0.23333333333333334
StatementProcedure:0.22222222222222224
TestPreparedSubQueries:0.17
StatementInsert:0.16333333333333333
