BrushTool:0.4122222222222222
ImageEditorDesigner:0.39666666666666667
EraserTool:0.3522222222222222
