OStrings:0.4633333333333333
MainWindow:0.46
Main:0.3566666666666667
