MMenu:0.5133333333333333
Index:0.32
TextEditor:0.31833333333333336
TextEditorDesigner:0.31666666666666665
ActionGroup:0.25666666666666665
VersionControl:0.12666666666666668
