Tokens:0.8111111111111111
HashSet:0.45666666666666667
FunctionCustom:0.41
