CalendarDesklet:0.19595677
CalendarWidgetPlugin:0.052524753
