MAbout:0.09850419
MTextField:0.09447194
MDownloadDialog:0.05078643
UI:0.03484966
