Colony:0.41347143
IndianSettlement:0.34397772
GoodsContainer:0.33849898
ColonyTile:0.3034792
Player:0.30314058
Building:0.28516337
Unit:0.2704966
Tile:0.26037923
Europe:0.2109314
Goods:0.19655304
UnitType:0.18481539
AbstractGoods:0.1631482
Specification:0.14387077
GoodsType:0.13901952
PlayerExploredTile:0.13418719
NationType:0.1311423
Location:0.12393582
FreeColGameObjectType:0.1239052
BuildableType:0.11910777
Game:0.101337604
FreeColGameObject:0.094766356
SimpleCombatModel:0.08667472
SettlementType:0.08449477
EquipmentType:0.08245127
Map:0.07734625
FeatureContainer:0.07089637
FreeColObject:0.06929585
Operand:0.062113985
GoodsTradeItem:0.05620372
Modifier:0.054761726
Limit:0.053100552
CombatModel:0.039991852
FreeColGameObjectListener:0.033940334
ColonyTradeItem:0.03318811
Ownable:0.031502254
Named:0.014465393
