MColorChooserDialog:0.56
FeedsFS:0.5555555555555555
GetTextBuilder:0.3883333333333333
