JDBCDataSourceFactory:0.5966666666666667
ParserDML:0.5033333333333333
JDBCXADataSource:0.3433333333333333
JDBCPooledDataSource:0.056666666666666664
