GUIUtilities:0.49666666666666665
TabbedPane:0.35333333333333333
DockableWindowManager:0.3433333333333333
EditPlugin:0.3225396825396825
PluginsMenu:0.1211111111111111
