CargoPanel:0.5533333333333333
DefaultTransferHandler:0.4166666666666667
ColonyPanel:0.41
EuropePanel:0.36
