MainWindow:0.8333333333333334
NotepadEditorDesigner:0.3933333333333333
AppletTab:0.2633333333333333
