TK:0.6933333333333334
MActionInfo:0.30333333333333334
GHNSDialog:0.29333333333333333
TestTK:0.26
Screen:0.25777777777777783
TreeFS:0.2488888888888889
CategoryManager:0.21
PluginInstaller:0.17333333333333334
