Mnemonic:0.38666666666666666
FormPanel:0.32666666666666666
Components:0.2811111111111111
MTreeScanner:0.22333333333333333
Walker:0.11666666666666667
EmptyComponent:0.043333333333333335
