MToolBar:0.49333333333333335
Widget:0.4716666666666667
PluginManager:0.36833333333333335
