CharacterType:0.6083333333333333
NumberType:0.48333333333333334
