TK:0.63
TestItem:0.605
TodoEditor:0.38166666666666665
TextEditorDesigner:0.2825
MTogglePanel:0.25666666666666665
ToolManager:0.20333333333333334
AbstractSettings:0.19666666666666666
ImageEditorDesigner:0.19
AutoCompletion:0.175
SelectionToolPanel:0.11666666666666667
ToolPanel:0.09666666666666666
