MColor:0.6533333333333333
MLogger:0.37666666666666665
MPasswordField:0.3466666666666667
Info:0.2733333333333333
UpdatePlugin:0.2633333333333333
Benchmark:0.25666666666666665
ImageBorder:0.23333333333333334
MasterKey:0.20333333333333334
HTMLBuilder:0.20083333333333334
MColorChooser:0.19666666666666666
ConsoleConfig:0.18444444444444444
EditorCrypto:0.14333333333333334
MenuButton:0.1
TextEditorKit:0.08666666666666667
PluginPermission:0.08666666666666667
NoteBorder:0.08333333333333333
PasswordValidator:0.08
