MMenu:0.05750009
MText:0.031206675
