SummaryData:0.7066666666666667
SummaryPanel:0.4109444444444445
Reminder:0.36666666666666664
Action:0.2733333333333333
