DataFileCache:0.4766666666666667
RowStoreAVLHybrid:0.4033333333333333
RowSetNavigatorDataTable:0.24333333333333335
RowAVL:0.21777777777777782
DataFileCacheSession:0.20666666666666667
ScriptReaderText:0.18333333333333332
