Canvas:0.7666666666666667
PlayersTable:0.21777777777777782
UnitLabel:0.2088888888888889
ReportPanel:0.16777777777777778
TilePanel:0.15444444444444444
MonarchPanel:0.13666666666666666
DragListener:0.13666666666666666
BuildQueueMouseAdapter:0.12666666666666668
ColopediaAction:0.12666666666666668
