TMXReader:0.6666666666666666
TMXDateParser:0.4166666666666667
RealProject:0.2833333333333333
TMXWriter:0.19444444444444445
TUV:0.15792063492063488
TransEntry:0.05
