ConstraintCore:0.69151837
TableWorks:0.25860292
Table:0.21503557
DatabaseCommandInterpreter:0.19322644
DatabaseInformationMain:0.1641366
Database:0.13605785
Index:0.11479838
DatabaseScript:0.08604152
Trace:0.07843395
DatabaseInformationFull:0.0691667
TableFilter:0.064568944
Expression:0.062160168
Session:0.047001284
Node:0.046285123
Row:0.044969834
HsqlException:0.008772642
