FilenamePatternsEditor:0.69
ProjectPropertiesDialog:0.5766666666666667
FilenamePatternsEditorController:0.18666666666666668
