WikiLink:0.6633333333333333
Topic:0.5433333333333333
LinkUtil:0.4666666666666667
ServletUtil:0.25
WikiPageInfo:0.23666666666666666
ImageUtil:0.2
MediaWikiXmlImporter:0.18333333333333332
EditServlet:0.17666666666666667
JAMWikiServlet:0.17
MagicWordUtil:0.17
MediaWikiXmlExporter:0.13
MoveServlet:0.11333333333333333
EditSectionTag:0.10666666666666667
