ReportMilitaryPanel:0.38666666666666666
ReportProductionPanel:0.3
ReportEducationPanel:0.29333333333333333
ReportMilitaryAction:0.21
ReportEducationAction:0.21
ReportProductionAction:0.21
