Database:0.4533333333333333
Log:0.37
Session:0.30333333333333334
DataFileCache:0.2866666666666667
TextCache:0.2833333333333333
DatabaseManagerSwing:0.22666666666666666
SimpleLog:0.17333333333333334
