Tile:0.6066666666666667
IndianSettlement:0.5833333333333334
GUI:0.31
