DatabaseInformationMain:0.21581517
Database:0.07705303
Table:0.05766313
Session:0.046440307
DatabaseCommandInterpreter:0.04491437
CompiledStatementExecutor:0.043354213
Trace:0.042447846
HsqlException:0.01160518
