Table:0.20880556
Database:0.10027299
Parser:0.10026161
Session:0.08664632
Types:0.086328074
Expression:0.08434551
DIProcedureInfo:0.08171748
DITypeInfo:0.08044391
Result:0.074343644
Cache:0.0706201
Log:0.0640895
Select:0.06385949
TextCache:0.06323006
DataFileCache:0.05979649
TableFilter:0.05922815
Function:0.056208313
TriggerDef:0.05259839
Tokenizer:0.050969742
Constraint:0.050721332
Index:0.04819086
User:0.045508537
UserManager:0.043615296
View:0.03163863
ResultConstants:0.030410534
HsqlProperties:0.029250363
CacheFree:0.008778961
SubQuery:0.007797653
HsqlException:0.007239514
ConstraintCore:0.0059947115
