ScriptWriterText:0.2768057
ScriptWriterBinary:0.19687973
ScriptWriterZipped:0.19113563
ScriptReaderBase:0.084170856
ScriptReaderBinary:0.068001725
