ProjectFilesList:0.071172625
TableFilterPanel:0.023351308
