ReportPanel:0.14614259
UnitLabel:0.040016748
FreeColPanel:0.015062621
