MTextField:0.18403368
MText:0.13317765
MMessage:0.07926308
MAuthenticator:0.060970575
MColorChooser:0.05923161
MLabel:0.039243672
MPanel:0.012980403
MAction:0.0073050307
Size:0.0019124901
