Specification:0.5866666666666667
StringOption:0.5233333333333333
Europe:0.4866666666666667
DifficultyLevel:0.3
FreeColTestCase:0.24
PreGameController:0.13666666666666666
