MMenu:0.6
MList:0.5333333333333333
MetaInfoMenu:0.22333333333333333
TaskList:0.22
GHNSDialog:0.2175
InternetSearchPanel:0.21666666666666667
VersionPanel:0.20666666666666667
MSettingsDialog:0.19083333333333333
Tabs:0.17833333333333334
CompletionList:0.13666666666666666
CategoryManagerDialog:0.11
