Drawing:0.5495555555555557
SimpleImageFigure:0.5033333333333333
SimpleDrawing:0.44333333333333336
CssSample:0.19666666666666666
