MCalendarPanel:0.5683333333333334
MComponent:0.4266666666666667
AppletTab:0.22333333333333333
