MiscUtilities:0.9033333333333333
VFS:0.46
BufferIORequest:0.37666666666666665
