ConsoleWindow:0.39410347
MainWindow:0.28718928
ProjectUICommands:0.089086846
IMainMenu:0.0032023173
