Player:0.6033333333333334
Market:0.51
ModelMessage:0.3383333333333333
InGameController:0.3
