TemplateTag:0.094613485
JFlexParserUtil:0.076605424
JFlexParser:0.039201226
