MainWindow:0.39666666666666667
NoteWidget:0.30666666666666664
ChartPanel:0.29
PrintAction:0.22066666666666668
