TransitionPanel:0.7516111111111111
GhostFrame:0.4486111111111111
