OptionGroupUI:0.19746804
OptionUpdater:0.09429374
