OptionGroupUI:0.2105627
OptionUpdater:0.09291666
