OptionGroupUI:0.22958
OptionUpdater:0.11828126
