WikiLink:0.53
LinkUtil:0.33
ImageUtil:0.22166666666666668
JFlexParserUtil:0.21666666666666667
WikiLinkTag:0.21
JFlexParser:0.20733333333333334
ImageLinkTag:0.14666666666666667
