SimpleCombatModel:0.7233333333333334
CombatTest:0.31666666666666665
MapEditorTransformPanel:0.18333333333333332
RiverStylePanel:0.17333333333333334
