GUIUtilities:0.61
View:0.48083333333333333
VFSBrowser:0.29333333333333333
SearchBar:0.2733333333333333
ActionBar:0.25
