FrameworkLogger:0.40422222222222215
Log:0.35
Database:0.3433333333333333
Logger:0.31
DataFileCache:0.29333333333333333
HsqlDatabaseProperties:0.25333333333333335
ScaledRAFile:0.22666666666666666
ScaledRAFileNIO:0.18333333333333332
StatementCommand:0.14666666666666667
ScriptReaderBinary:0.14333333333333334
ScriptReaderText:0.13
ScriptRunner:0.12
DataFileCacheSession:0.12
RAShadowFile:0.11333333333333333
