MPanel:0.5166666666666667
Button:0.4766666666666667
MURLButton:0.27
WidgetDesktopIconUI:0.2277777777777778
