MApplication:0.6366666666666667
Args:0.5
Tester:0.4166666666666667
