MetaInfo:0.7266666666666667
VersionControl:0.3075
LockButton:0.25333333333333335
LinkEditor:0.20777777777777778
MCheckBoxTable:0.20222222222222222
Projects:0.18188888888888888
LinkMetaInfo:0.1575
