MDialog:0.5033333333333333
HelpButton:0.36666666666666664
DefaultHelpSystem:0.24666666666666667
ConsoleTab:0.20666666666666667
HelpAction:0.16333333333333333
HelpSystem:0.16
DocumentHelp:0.09488095238095239
