Message:0.106577456
Connection:0.02645544
