Mission:0.9266666666666666
UnitSeekAndDestroyMission:0.33
IndianDemandMission:0.31666666666666665
UnitWanderHostileMission:0.2966666666666667
DefendSettlementMission:0.25333333333333335
