ServerUnit:0.14360552
ServerModelObject:0.008713476
