HTMLOptions:0.5066666666666667
EditOptionsDialog:0.38333333333333336
FilterVisitor:0.3333333333333333
EditXOptionsDialog:0.31
XHTMLDialect:0.20833333333333334
HTMLFilter2:0.18666666666666668
XHTMLOptions:0.12833333333333333
