MButton:0.4866666666666667
PropertiesDialog:0.36
Summary:0.3466666666666667
MStatusBar:0.27
MToolBar:0.25
