FreeColTestCase:0.6566666666666666
UnitTest:0.36666666666666664
IndianSettlementTest:0.33
MapTest:0.22333333333333333
MarketTest:0.16333333333333333
GameTest:0.13666666666666666
