Tile:0.45666666666666667
Settlement:0.39666666666666667
IndianSettlement:0.39
ImageLibrary:0.33666666666666667
Goods:0.26
MapGenerator:0.22333333333333333
GUI:0.2
InGameMessageHandler:0.17666666666666667
ServerMessageCreator:0.17666666666666667
ClientGame:0.17666666666666667
SettlementType:0.05333333333333334
