AbstractChannel:0.07129584
Enclosure:0.028778514
Feed:0.02815516
