FeedComponent:0.038986124
AbstractChannel:0.028205572
FeedUtils:0.01619735
AbstractItem:0.015271129
FeedException:0.014559838
FeedListException:0.007856951
