EuropePanel:0.3617471
ColonyPanel:0.34430343
DefaultTransferHandler:0.23991357
DragListener:0.17216693
UnitLabel:0.07230616
GoodsLabel:0.041927207
MarketLabel:0.035190944
FreeColPanel:0.028495537
