MSmallColorChooser:0.4
MColorChooserDialog:0.38333333333333336
CategoryIcon:0.30666666666666664
MColorIcon:0.2833333333333333
Input:0.2816666666666667
MColorButton:0.24666666666666667
Icon:0.2
ColorPaletteMenu:0.12966666666666665
MColorPickerBeanInfo:0.12
MSmallColorChooserBeanInfo:0.10333333333333333
MColorButtonBeanInfo:0.08666666666666667
