ImportExport:0.5383333333333333
TodoEditor:0.5011111111111111
MainWindow:0.4683333333333333
