Tile:0.6766666666666666
Unit:0.6066666666666667
UnitTest:0.30333333333333334
AllTests:0.25666666666666665
TileTest:0.21
