PropertiesDialog:0.2999681
TreePanel:0.25007993
LocationBar:0.2325649
RenameEditor:0.1727828
ImportExport:0.15325214
