EditSettlementDialog:0.5533333333333333
CanvasMapEditorMouseListener:0.5166666666666667
SettlementTransform:0.23333333333333334
