MWizardDialog:0.6066666666666667
Wizard:0.5426666666666667
BackupDialog:0.34
