Mission:0.2948351
TransportMission:0.25440794
