UnitSeekAndDestroyMission:0.4644092
ScoutingMission:0.45567378
PioneeringMission:0.4012915
CashInTreasureTrainMission:0.36780578
BuildColonyMission:0.34014437
TransportMission:0.27658045
DefendSettlementMission:0.2758499
IndianBringGiftMission:0.230595
WishRealizationMission:0.22930574
UnitWanderHostileMission:0.22333406
IndianDemandMission:0.20329997
UnitWanderMission:0.17562103
WorkInsideColonyMission:0.10638177
