Mission:0.26079893
TransportMission:0.21878569
