Mission:0.42754504
TransportMission:0.27807915
