TransportMission:0.44192365
WorkInsideColonyMission:0.3719647
Mission:0.25567585
