jEdit:0.5666666666666667
PluginUpdate:0.49333333333333335
PluginJAR:0.29333333333333333
OffsetManager:0.21666666666666667
DockableWindowManager:0.20333333333333334
PluginManager:0.19777777777777777
BufferChangeHandler:0.19666666666666666
HelpViewer:0.19444444444444445
