Table:0.7666666666666667
Database:0.45666666666666667
HsqlDatabaseProperties:0.2575396825396825
TableWorks:0.24333333333333335
