UnitLabel:0.25336736
DefaultTransferHandler:0.17327908
ColonyPanel:0.11260542
DragListener:0.09119287
CargoPanel:0.07776613
ReportCargoPanel:0.07138501
ReportProductionPanel:0.069350444
ReportNavalPanel:0.066240184
EuropePanel:0.04845009
WarehouseDialog:0.045294173
