MapControls:0.04166733
UnitButton:0.002157385
