AdvantageCellRenderer:0.20879647
ColorCellRenderer:0.13433905
ColorCellEditor:0.10055853
StartGamePanel:0.05561557
AdvantageCellEditor:0.047756545
