FreeColPanel:0.12747328
ReportHighScoresPanel:0.06976959
