NoTransition:0.11299791
Transition:0.10094456
FadeTransition:0.086484715
ImageView:0.05581297
