MApplication:0.075569466
MWhatsThis:0.071306266
MCellTip:0.064967625
Config:0.06313082
MGraphics2D:0.06288365
MMenu:0.062393304
MDialog:0.061357297
MComponent:0.057547826
MLabel:0.057078224
MColorIcon:0.054290403
MIcon:0.053817455
MTabbedPane:0.050382495
MGraphics:0.050130002
MPanel:0.04769546
MTextField:0.046500623
MToolBar:0.045230698
MLogger:0.044259794
MSizeGrip:0.04397199
MButton:0.04375631
MList:0.04052665
TK:0.038731646
MRenderer:0.037663538
MHighlighter:0.03728909
Property:0.03579006
MColorChooser:0.03567477
ImageBorder:0.034837347
MSeparator:0.03465555
MAction:0.033331204
MText:0.03286879
MDesktopPane:0.032323517
MAboutDialog:0.032142088
MColor:0.032121327
MCalendarPanel:0.03199244
OS:0.03069603
MLayout:0.030277854
MLineBorder:0.030256014
MFontChooser:0.030131357
MComboBox:0.03003941
BooleanProperty:0.02975619
MColorPicker:0.029537925
MFrame:0.028760506
MMessage:0.02853873
MURLButton:0.02848088
MSplashScreen:0.02821855
ImageSelection:0.02799423
Watermark:0.027580295
MActionInfo:0.02745127
MouseGestures:0.026729343
MWindow:0.026546279
MSettingsDialog:0.026387166
AbstractSpinner:0.025991028
MScrollPane:0.025562458
MTogglePanel:0.025112538
MTable:0.024981288
MInternalFrame:0.02478569
MStatusBar:0.024312777
MSmallColorChooser:0.02418237
MNotification:0.024178417
ColorProperty:0.024021838
MRating:0.023066863
MMenuBar:0.022730794
CoolHeader:0.021550661
MTip:0.021077331
MPasswordField:0.020897495
MWizardDialog:0.019565528
MWebBrowserPanel:0.018749777
MMainWindow:0.018130947
MSmallColorButton:0.017604716
MTextFieldPanel:0.01754681
MIconChooser:0.01672099
MMultiPanel:0.015458833
MTextPane:0.015204456
MFileChooser:0.014822465
MTree:0.0146383345
MButtonPanel:0.014518245
Flags:0.014293203
MSystemTray:0.014115249
MSplitPane:0.013841595
IntegerProperty:0.0135173
MMouseAdapter:0.012928677
MApplet:0.012735584
Item:0.01248504
MFontButton:0.012480637
MTextLabel:0.0122639
MTextArea:0.0117650535
MSwingWorker:0.011623711
MCheckBoxTable:0.011597892
MColorButton:0.011458689
EnumProperty:0.011358609
FontProperty:0.011333392
Preloader:0.011089528
MSmallButton:0.010821195
WindowDragAdapter:0.009358139
MArrayList:0.00909769
AbstractListTableModel:0.008238526
MSlider:0.007996347
SimpleButtonUI:0.007451912
MToggleButton:0.006701342
MFormattedTextField:0.0066437293
MainView:0.006565896
MSearchPanel:0.006102672
Gettext:0.005457404
MColorChooserPanel:0.0052100937
MCheckBox:0.0049943267
MEditorPane:0.004519941
MAuthenticator:0.004452131
MTab:0.0041045425
MMenuItem:0.003391253
MRadioButton:0.0032507423
WTFError:0.002928136
MProgressBar:0.0013263256
