ClientOptions:0.038409185
Worker:0.0013171013
