ToolBarOptionPane:0.6301913
ToolBarAddDialog:0.22277047
ContextAddDialog:0.18354669
OptionsDialog:0.11809056
GUIUtilities:0.08067632
jEdit:0.0561452
MiscUtilities:0.043483578
AbstractOptionPane:0.031521153
EditAction:0.02395894
