AbstractOptionPane:0.07759987
DockableWindowManager:0.040689334
OptionsDialog:0.022002673
WindowTableModel:0.019581458
jEdit:0.018647308
GUIUtilities:0.017893555
