Buffer:0.18737786
jEdit:0.16724174
TextUtilities:0.13544078
Macros:0.12128642
Abbrevs:0.108619764
VFS:0.10726646
JEditTextArea:0.100374155
VFSBrowser:0.09663546
VFSManager:0.094790615
BrowserView:0.083147414
FileVFS:0.08199306
DirectoryListSet:0.07998281
ContextOptionPane:0.07587216
PluginList:0.06750327
HistoryModel:0.05989739
JARClassLoader:0.05918782
CurrentDirectoryMenu:0.053161282
ToolBarOptionPane:0.053105976
Roster:0.05301828
RESearchMatcher:0.050179765
SearchAndReplace:0.049819138
InputHandler:0.04920155
PluginManager:0.0471753
SearchDialog:0.046910785
PluginResURLConnection:0.045494795
UrlVFS:0.04469267
Mode:0.04394264
AllBufferSet:0.043750443
WindowTableModel:0.04270509
ShortcutsOptionPane:0.04047391
AbbrevsModel:0.03833408
VFSFileChooserDialog:0.0375303
ModeCatalogHandler:0.030244548
InstallPluginsDialog:0.02920052
PluginsMenu:0.015800543
ToolBarAddDialog:0.010479935
LogViewer:0.005100979
