ImageEditor:0.57
ComponentAnimation:0.31722222222222224
Input:0.2733333333333333
InfoPanel:0.22333333333333333
TaskComponent:0.15333333333333332
ZoomComponent:0.13333333333333333
ZoomSelectionAction:0.13
