ArchiveItem:0.46
ArticleMetaInfo:0.33666666666666667
FeedsFS:0.3233333333333333
AbstractItem:0.20666666666666667
FeedThread:0.19111111111111112
ArticleList:0.1877777777777778
ArchiveChannel:0.1825
StatusRenderer:0.17750000000000002
