MDialog:0.6433333333333333
AutoCompletion:0.4066666666666667
Validator:0.3233333333333333
MMessage:0.2175
Factory:0.21333333333333335
MWizardDialog:0.20666666666666667
FSHelper:0.20666666666666667
NewFolderDialog:0.16666666666666666
CategoryPropertiesPanel:0.13666666666666666
NewFileDialog:0.11
CompletionWindow:0.06666666666666667
