TaskPanel:0.6566666666666666
Todo:0.30333333333333334
StaticTaskPanel:0.22222222222222218
