DatabaseInformationFull:0.6366666666666667
Schema:0.45666666666666667
ParserDML:0.24333333333333335
DatabaseInformation:0.2367063492063492
