StaticUtils:0.62
RealProject:0.4
Project:0.39
ProjectProperties:0.2833333333333333
StaticUtilsTest:0.17666666666666667
ProjectFileStorage:0.16333333333333333
Masks:0.15666666666666668
ObjectFactory:0.06
