Drawing:0.67
AttributeKey:0.4266666666666667
SVGImageFigure:0.37
ImageFigure:0.30333333333333334
QuadTreeDrawing:0.27666666666666667
SVGInputFormat:0.24
SVGProject:0.23333333333333334
DefaultDrawingView:0.2302777777777778
DefaultDrawing:0.21
StreamPosTokenizer:0.13
SVGZOutputFormat:0.016666666666666666
