FreeColTestCase:0.6033333333333334
MissionAssignmentTest:0.3233333333333333
GoodsTest:0.32
MapTest:0.2633333333333333
ColonyConsumptionTest:0.17
TileTest:0.14333333333333334
