ActionSet:0.42
GlobalOptions:0.2633333333333333
CombinedOptions:0.2633333333333333
GlobalOptionGroup:0.21666666666666667
GeneralOptionPane:0.19
BufferOptionPane:0.14333333333333334
OptionDialog:0.12333333333333334
OptionGroupPane:0.12333333333333334
PluginOptionGroup:0.1
