VFS:0.09716158
jEdit:0.090660475
FileVFS:0.086268246
Buffer:0.07783495
MiscUtilities:0.0714204
VFSBrowser:0.071147
WorkThreadPool:0.07099443
GUIUtilities:0.049776193
VFSUpdate:0.048651993
UrlVFS:0.04546294
FavoritesVFS:0.043235194
FileRootsVFS:0.04288894
BufferIORequest:0.041801162
BeanShell:0.040519122
Log:0.040147614
BrowserIORequest:0.034484874
SearchAndReplace:0.032062948
VFSFileChooserDialog:0.030268427
EditPane:0.029669642
EditBus:0.029325001
StatusBar:0.026016353
ErrorListDialog:0.019792173
IOProgressMonitor:0.015840322
CloseDialog:0.015736857
OperatingSystem:0.01564215
HyperSearchResults:0.014079919
RecentFilesMenu:0.013433311
BrowserCommandsMenu:0.011786724
RecentDirectoriesMenu:0.010091076
HyperSearchRequest:0.010061583
