RoutineSchema:0.23030105
TriggerDef:0.15167281
Table:0.15040678
SchemaManager:0.14713332
StatementCompound:0.14616829
FunctionSQLInvoked:0.14278564
ParserRoutine:0.14190821
ColumnSchema:0.13536566
StatementDMQL:0.12855245
Expression:0.12258646
HsqlNameManager:0.11248166
ParserDDL:0.10032819
Token:0.097276285
StatementSchema:0.09132081
TriggerDefSQL:0.08696955
Schema:0.085629225
SchemaObject:0.08524667
SchemaObjectSet:0.08502506
RangeVariable:0.07637613
StatementProcedure:0.07207425
Session:0.068049565
SessionContext:0.067209296
ParserDML:0.06373759
Statement:0.06366513
Database:0.06329633
ParserCommand:0.061363682
ExpressionTable:0.05878524
ParserDQL:0.058730114
ParserBase:0.051254164
Scanner:0.049686067
StatementCommand:0.042444035
TableBase:0.030595886
ColumnBase:0.015062302
TableDerived:0.014747561
SqlInvariants:0.010192225
Tokens:0.0
