RandomAccessInterface:0.5546334
RAShadowFile:0.22145848
DataFileCache:0.10625678
LobStoreRAFile:0.07803098
