StatementHandler:0.31726578
ParserRoutine:0.26484144
Routine:0.24799977
StatementSimple:0.23705468
StatementDMQL:0.21813817
Table:0.1982382
ParserDDL:0.1954041
RangeVariable:0.17691505
Statement:0.17187028
StatementExpression:0.17052774
QueryExpression:0.1562587
SessionContext:0.14810427
Session:0.11234931
StatementQuery:0.11178119
ColumnSchema:0.09992246
HsqlNameManager:0.09164903
StatementCursor:0.083937354
SchemaObject:0.07398981
StatementTypes:0.057475153
HsqlException:0.037786994
ColumnBase:0.008844095
Tokens:0.0
