SqlFileScanner:0.028164577
TokenList:0.0128229
TokenSource:0.0044153715
