ValuePoolHashMap:0.047293834
BaseHashMap:0.011888335
