Tile:0.32137758
UnitContainer:0.2501847
Unit:0.19359188
Player:0.12601155
Game:0.07124277
FreeColGameObject:0.06878937
Settlement:0.053460054
Locatable:0.016198635
