Colony:0.6066666666666667
Building:0.53
ColonyPlan:0.19333333333333333
ProductionPanel:0.11666666666666667
