UI:0.15308571
Property:0.14235619
Config:0.116738595
