UI:0.6766666666666666
MSplashScreen:0.2555555555555556
MAbout:0.22111111111111115
MainWindow:0.21
TextEditor:0.1988888888888889
MCalendar:0.17777777777777778
CoolLabel:0.17
MDateSpinner:0.15444444444444444
MTogglePanel:0.10333333333333333
