Gutter:0.7266666666666667
EditPane:0.43333333333333335
GutterOptionPane:0.31333333333333335
