MApplication:0.5666666666666667
Group:0.465
ToggleIconButton:0.22666666666666666
