LinkEditor:0.09715323
LinkEditorPlugin:0.06489363
