Widget:0.5233333333333333
FeedViewer:0.37
ColumnManager:0.2733333333333333
Desktop:0.26666666666666666
Links:0.2561111111111111
StaticHTMLEditorKit:0.14333333333333334
