Utilities:0.7366666666666667
JAMWikiServlet:0.3466666666666667
ItemsServlet:0.25666666666666665
