Colony:0.56
Map:0.48333333333333334
GoodsContainer:0.3333333333333333
