Desktop:0.66
AbstractClockWidget:0.35333333333333333
DesktopSettings:0.33666666666666667
