JEditTextArea:0.47
Reset:0.30666666666666664
RegexpIndentRule:0.25666666666666665
OpenBracketIndentRule:0.22333333333333333
