FullScreenFrame:0.3881293
WindowedFrameListener:0.1368804
Canvas:0.04098309
