FS:0.7433333333333333
FileScanner:0.39666666666666667
DnDTransferHandler:0.30666666666666664
