JDBCResultSet:0.48
Type:0.42333333333333334
Session:0.3566666666666667
ResultMetaData:0.2966666666666667
