TestSchemaParse:0.5913333333333334
TestCollation:0.43666666666666665
FontDialogSwing:0.33166666666666667
DefaultTrigger:0.22
