OS:0.77
Wizard:0.3466666666666667
AbstractTest:0.23666666666666666
SetOpenCommandAction:0.22111111111111115
TestOS:0.22
GeneralSettings:0.22
