ErrorCode:0.5496507936507937
Log:0.42
ParserDQL:0.4066666666666667
RoutineSchema:0.3411111111111111
