Resource:0.23428251
ResourceFactory:0.17978877
ResourceManager:0.09159099
