UpgradeServlet:0.6633333333333333
WikiHeadingTag:0.47361111111111115
