UI:0.8166666666666667
DesktopSettings:0.25
StaticHandler:0.2111111111111111
CustomColorSettings:0.19111111111111112
