Widget:0.7566666666666667
MApplet:0.28
MAbout:0.23333333333333334
CalendarWidget:0.16
