AbstractGoods:0.7266666666666667
TileType:0.38666666666666666
ColopediaPanel:0.3
MapGenerator:0.21083333333333334
TileInfoPanel:0.16
TilePanel:0.12666666666666668
