MCalendarPanel:0.5566666666666666
SummaryData:0.33
Renderer:0.29333333333333333
DayButton:0.16
CalendarWidget:0.15333333333333332
