Messages:0.43
FreeColDialog:0.3466666666666667
FreeColFileFilter:0.24333333333333335
StartGamePanel:0.15333333333333332
ServerListPanel:0.13666666666666666
UnitLabel:0.13
MainPanel:0.11333333333333333
ReportIndianPanel:0.11
QuitDialog:0.11
EventPanel:0.10666666666666667
ReportLabourPanel:0.10333333333333333
ReportForeignAffairPanel:0.10333333333333333
ReportReligiousPanel:0.08333333333333333
