GUI:0.56
InGameController:0.5558333333333333
RefreshCanvasSwingTask:0.25333333333333335
MapEditorController:0.24666666666666667
