SearchFileSet:0.40209317
AllBufferSet:0.22319698
DirectoryListSet:0.17586698
Buffer:0.0715642
View:0.037363674
SettingsReloader:0.02264098
