XmlHandler:0.119761996
HandlerBase:0.07120672
jEdit:0.038872056
BufferHistory:0.036486372
DockableWindowManager:0.036293328
XModeHandler:0.033227555
HelpTOCPanel:0.01798824
PluginList:0.011758578
