Handler:0.6833333333333333
CompletionInfo:0.5833333333333334
XmlTree:0.2633333333333333
SAXParserImpl:0.23
