MainWindow:0.6166666666666667
MButton:0.5566666666666666
TreePanel:0.43333333333333335
