IndianSettlement:0.7933333333333333
UnitWanderHostileMission:0.3853333333333333
AIPlayer:0.2966666666666667
