DataTipPopup:0.104058065
DataTipManager:0.07236458
DataTipCell:0.027298238
