MDialog:0.7133333333333334
MAboutDialog:0.27666666666666667
MainWindow:0.20666666666666667
Args:0.20555555555555557
UpdatePlugin:0.14888888888888888
PlayAction:0.12333333333333334
WebPanel:0.12333333333333334
StatsPlugin:0.11
DefaultHelpSystem:0.09333333333333334
