SimpleMapGenerator:0.09570785
MapGeneratorOptions:0.059010673
