TerrainGenerator:0.13752797
LandGenerator:0.064720854
MapGenerator:0.064415134
River:0.048607506
MapGeneratorOptions:0.025695762
