Entry:0.44
Handler:0.43333333333333335
DefaultXMLDialect:0.33666666666666667
EditOpenXMLOptionsDialog:0.27666666666666667
XMLDialect:0.185
OpenXMLOptions:0.15333333333333332
AggregatedTag:0.15
OpenXMLDialect:0.11
