Task:0.8033333333333333
TaskTable:0.32666666666666666
TaskModel:0.25333333333333335
TodoEditorCore:0.20333333333333334
Renderer:0.17
SetPriorityAction:0.14555555555555558
SetCompleteAction:0.14555555555555558
SummaryRenderer:0.12277777777777776
SetColorAction:0.08333333333333333
