AppAction:0.5116852
MButton:0.10747914
MDialog:0.066470645
MText:0.06480744
MScrollPane:0.05775407
MComboBox:0.047223363
MNotification:0.037573278
MToolBar:0.031206094
AbstractSpinner:0.03059609
MTextField:0.021521157
MouseGestures:0.019311361
OS:0.01872703
MLabeledTextField:0.012382949
MMainWindow:0.010977581
MSlider:0.010041303
