TK:0.68
ValueEvent:0.38333333333333336
MCalendar:0.29
CalendarComponent:0.2116666666666667
CalendarDesklet:0.20666666666666667
