MPanel:0.042769805
CoolHeader:0.034726378
MDialog:0.032584127
ColorProperty:0.032178544
UI:0.031523943
MColorButton:0.02366319
MLabel:0.01963152
MLabeledTextField:0.016667092
MURLButton:0.015885152
Blend:0.010765459
Property:0.010691158
Size:0.0019300756
