StatementSet:0.37425438
StatementExpression:0.32384065
Expression:0.22987098
ParserDML:0.20244373
StatementDML:0.2016027
StatementProcedure:0.18487786
RangeVariable:0.16817233
Table:0.16511033
ExpressionColumn:0.16456297
QueryExpression:0.15788557
StatementCompound:0.15778893
StatementInsert:0.15711917
Routine:0.14553806
StatementResultUpdate:0.14116473
StatementQuery:0.11752131
SubQuery:0.110844694
ParserRoutine:0.104929395
ParserDQL:0.1025144
Session:0.09849517
ColumnSchema:0.0967093
Statement:0.07788898
StatementSchema:0.06275876
StatementSession:0.052485686
SchemaObject:0.048902508
SessionContext:0.046287026
StatementCursor:0.039385565
StatementTypes:0.026565548
ColumnBase:0.0131564895
HsqlException:0.0087321
SqlInvariants:0.0048246994
