Unit:0.49333333333333335
Player:0.36333333333333334
GoodsContainer:0.3466666666666667
LanguageOption:0.23666666666666666
Feature:0.22300000000000003
