FS:0.8033333333333333
Item:0.44666666666666666
VersionInfo:0.31333333333333335
VersionControl:0.23333333333333334
ChartPainter:0.22
Wizard:0.20333333333333334
ChartModel:0.16666666666666666
VersionPanel:0.09166666666666666
SDK:0.06333333333333334
TestItemProperty:0.02666666666666667
