FreeColGameObject:0.3070729
ModelController:0.21087874
ModelMessage:0.20537224
UnitContainer:0.18044616
FreeColGameObjectListener:0.17104305
GoodsContainer:0.15334873
Player:0.1530868
Tile:0.15080267
Europe:0.14387456
Building:0.13612984
ColonyTile:0.13225736
Colony:0.13021392
Monarch:0.12986188
Map:0.12734193
Market:0.12714332
TradeRoute:0.12588088
Settlement:0.11097448
Unit:0.10146755
IndianSettlement:0.10115209
Goods:0.07478746
DiplomaticTrade:0.072776675
ColonyTradeItem:0.07087596
GoldTradeItem:0.0699402
UnitTradeItem:0.06909995
GameOptions:0.06341233
GoodsTradeItem:0.063014135
StanceTradeItem:0.061753776
TradeItem:0.058914952
Tension:0.015559623
Turn:0.008136653
LostCityRumour:0.0026430625
