JDBCBlobTest:0.41
JDBCClobTest:0.4033333333333333
JDBCClobClientTest:0.12333333333333334
ScriptedTest:0.11333333333333333
JDBCBlobClientTest:0.04
JDBCBlobFileTest:0.03333333333333333
JDBCClobFileTest:0.03333333333333333
TestSubject:0.021666666666666667
