Topic:0.6066666666666667
JAMWikiServlet:0.43666666666666665
FileHandler:0.4066666666666667
DefaultQueryHandler:0.31666666666666665
QueryHandler:0.297595238095238
PersistencyHandler:0.2633333333333333
DatabaseHandler:0.26
EditServlet:0.22333333333333333
AdminServlet:0.21666666666666667
