TextEditor:0.07993115
TextEditorKit:0.03582128
TextEditorDocument:0.028785462
TextEditorDesigner:0.02250064
