jdbcPreparedStatement:0.410359
jdbcResultSet:0.36756635
jdbcUtil:0.16427526
