MIcon:0.65
CoolHeader:0.35
PrintPreview:0.26555555555555554
MCalendar:0.26
PreviewPanel:0.24666666666666667
