BlobData:0.4871335
BlobDataID:0.40547055
BitType:0.32829556
BinaryType:0.25664917
BlobType:0.21481276
BlobInputStream:0.18543984
BooleanType:0.09315631
NumberType:0.058376458
Type:0.032495856
Types:0.00905157
