RowInputTextQuoted:0.4044024
RowInputBase:0.18453088
RowInputInterface:0.09776883
