RowSetNavigatorDataTable:0.7246649
RowSetNavigator:0.17666608
RowIterator:0.04488597
