StatementDMQL:0.46492198
Expression:0.23034088
QueryExpression:0.21442236
TableDerived:0.15591094
StatementCompound:0.14204732
ParserRoutine:0.08763902
Statement:0.076567
Session:0.06642559
StatementTypes:0.038828492
Tokens:0.0
