StatementDMQL:0.2913561
Routine:0.19424552
QueryExpression:0.15539058
Statement:0.14542367
Expression:0.14446022
SessionContext:0.13926597
ParserDML:0.113660656
ParserRoutine:0.0998702
Session:0.09973409
TableDerived:0.09313527
FunctionSQLInvoked:0.0888802
SchemaObject:0.04724781
ColumnSchema:0.042958263
SessionData:0.036546018
StatementTypes:0.029625557
ColumnBase:0.021718342
OpTypes:0.005213416
