StatementDMQL:0.33371982
StatementDML:0.28759876
Expression:0.24745543
QueryExpression:0.20500875
RangeVariable:0.18624091
ParserRoutine:0.15692253
Table:0.1566113
TableDerived:0.12365435
TriggerDef:0.11525513
ExpressionAccessor:0.10414101
SessionContext:0.076780215
Session:0.06698506
ColumnSchema:0.0628567
Statement:0.05653013
SchemaObject:0.05111497
StatementTypes:0.023505406
HsqlException:0.011107893
OpTypes:0.008867647
SqlInvariants:0.0034525136
Tokens:0.0
