WikiReferencesTag:0.5047065
JFlexParser:0.118362375
JFlexParserUtil:0.10386593
