ColonyPanel:0.110197365
EuropePanel:0.09231584
UnitLabel:0.054569375
GoodsLabel:0.035397198
TradeRouteInputDialog:0.024948975
MarketLabel:0.02215004
ColopediaPanel:0.016514935
FreeColPanel:0.004011323
