Specification:0.5166666666666667
MapGeneratorOptions:0.46
RangeOption:0.4533333333333333
FileOption:0.37333333333333335
SelectOption:0.27666666666666667
RangeOptionUI:0.26
BooleanOption:0.22333333333333333
SelectOptionUI:0.19666666666666666
OptionGroup:0.19333333333333333
TerrainGenerator:0.18666666666666668
MapGeneratorTest:0.11666666666666667
TransportMissionTest:0.06666666666666667
