PropertiesBar:0.12540188
TreePanel:0.106499836
AdvancedProperties:0.051943824
Tree:0.043954127
