VersionControl:0.21930476
VersionInfo:0.1043221
VersionException:0.017417246
