MText:0.79
MTextField:0.2866666666666667
MComboBox:0.24333333333333335
MLabeledTextField:0.23666666666666666
