JEditTextArea:0.42833333333333334
EditPane:0.4
Gutter:0.38333333333333336
jEdit:0.34
Entry:0.10666666666666667
