FS:0.7566666666666667
Index:0.36333333333333334
TextEditorDesigner:0.30333333333333334
PluginManager:0.23666666666666666
Tracker:0.2127777777777778
Widget:0.20027777777777778
FileCache:0.2
FileScanner:0.185
TrashFS:0.18333333333333332
ScriptIDE:0.17333333333333334
DesktopPanel:0.16
