SchemaManager:0.44333333333333336
RangeVariableResolver:0.38333333333333336
Schema:0.3466666666666667
StatementDML:0.2833333333333333
