PluginInfo:0.15364026
PluginManager:0.14872396
PluginSettings:0.099039
AbstractPlugin:0.086075544
PluginComboBox:0.083720416
PluginDownloader:0.081363566
LookAndFeelSettings:0.06640956
PluginList:0.04859378
