Buffer:0.5655555555555555
OffsetManager:0.38666666666666666
DisplayManager:0.36
ScrollLineCount:0.23111111111111116
BufferChangeHandler:0.21333333333333335
Anchor:0.013333333333333334
