Result:0.72
Session:0.44666666666666666
StatementSimple:0.22333333333333333
StatementDMQL:0.2088888888888889
SessionData:0.2088888888888889
Servlet:0.14333333333333334
StatementCommand:0.14222222222222222
WebServerConnection:0.12333333333333334
ScriptReaderText:0.12333333333333334
