JARClassLoader:0.7233333333333334
BufferChangeHandler:0.5433333333333333
