PropertyPanel:0.8533333333333334
CustomColorSettings:0.39166666666666666
