MetaInfo:0.6833333333333333
AbstractFS:0.34
FeedsFS:0.31666666666666665
