TextEditor:0.1077851
TextEditorKit:0.03929948
TextEditorDocument:0.029587498
TextEditorDesigner:0.02888736
