WikiBase:0.5266666666666666
FileHandler:0.37333333333333335
DatabaseHandler:0.3466666666666667
AdminController:0.21666666666666667
PersistencyHandler:0.21337301587301585
EditServlet:0.20333333333333334
SaveAttachmentServlet:0.14333333333333334
LockListServlet:0.12666666666666668
