BezierPath:0.56
Node:0.34611111111111115
SvgExportOutputFormat:0.3333333333333333
Shapes:0.29333333333333333
BezierPathIterator:0.18911111111111112
XmlSizeListConverter:0.0
