REFAIPlayer:0.21035284
AIColony:0.20467123
AIUnit:0.1930496
AIPlayer:0.1856363
AIMessage:0.10545748
AIGoods:0.08585848
WorkerWish:0.075667694
AIMain:0.068922296
TileImprovementPlan:0.064917125
Wish:0.04216467
Transportable:0.041566502
AIInGameInputHandler:0.039283093
AIObject:0.016957812
ValuedAIObject:0.007984129
