AIPlayer:0.17084281
AIUnit:0.15738146
AIMain:0.050281208
AIInGameInputHandler:0.040839497
AIObject:0.025941163
Wish:0.023659669
