MZip:0.48333333333333334
Armor:0.4666666666666667
PluginManager:0.42
Gettext:0.38
