MainWindowMenuHandler:0.45666666666666667
IMachineTranslation:0.443734126984127
MachineTranslateTextArea:0.35
FindThread:0.29333333333333333
BaseTranslate:0.21666666666666667
