MApplication:0.63
MColor:0.36
Main:0.32666666666666666
MCalendarPanel:0.3233333333333333
Help:0.24666666666666667
SummaryData:0.21666666666666667
SessionManager:0.19
Slideshow:0.18333333333333332
