SVNAuthenticationManager:0.35
GITCredentialsProvider:0.32
RemoteRepositoryProvider:0.26666666666666666
IRemoteRepository2:0.1942222222222222
TeamSettings:0.15
RebaseAndCommit:0.12
HTTPRemoteRepository:0.09666666666666666
GITRemoteRepository2:0.09333333333333334
SVNRemoteRepository2:0.09
