Database:0.3566666666666667
Session:0.3566666666666667
Parser:0.30666666666666664
Logger:0.23361111111111113
SessionManager:0.21
jdbcDriver:0.17666666666666667
