DefaultDrawingViewTransferHandler:0.5866666666666667
ImageInputFormat:0.4266666666666667
OSXClipboard:0.3333333333333333
ClipboardUtil:0.16861111111111113
