Buffer:0.6966666666666667
FirstLine:0.28194444444444444
DisplayManager:0.2758333333333333
BufferIORequest:0.25166666666666665
FileVFS:0.21944444444444447
BufferChangeHandler:0.11777777777777776
ScrollLineCount:0.06666666666666667
Listener:0.05
