Unit:0.6477777777777778
Colony:0.4266666666666667
IndianSettlement:0.3466666666666667
Mission:0.3466666666666667
Player:0.34
Tile:0.3333333333333333
AIColony:0.3233333333333333
BuildColonyMission:0.22
InGameInputHandler:0.20333333333333334
TransportMission:0.19
AIPlayer:0.19
ScoutingMission:0.18666666666666668
AIUnit:0.18333333333333332
