SqlFileScanner:0.6666666666666666
SqlFile:0.44333333333333336
FrameworkLogger:0.43333333333333335
SqlTool:0.35
