Tree:0.093612924
TreePanel:0.069143586
AdvancedProperties:0.047230694
