TaskModel:0.06916888
Column:0.042217083
TaskSelection:0.041132394
SummaryRenderer:0.040298868
DateTimeRenderer:0.032224283
DateTimeEditor:0.031039916
Task:0.030605428
CompleteEditor:0.028590566
PriorityEditor:0.021910667
SummaryEditor:0.021291314
CompleteRenderer:0.018010119
Sorter:0.016828991
Filter:0.015527786
Priority:0.011647118
PriorityRenderer:0.006620011
