AutoCompletion:0.47333333333333333
MetaInfo:0.44333333333333336
MToggleButton:0.29527777777777775
MRegexPanel:0.2866666666666667
WikiPanel:0.2866666666666667
Pager:0.25333333333333335
PropertiesBar:0.22666666666666666
PropertiesPanel:0.22444444444444447
InternetSearchPanel:0.22333333333333333
