FreeColTcFile:0.15061517
FreeColSavegameFile:0.14877418
