MPanel:0.51
DesktopFile:0.43666666666666665
Filters:0.338
DeskletLoader:0.24666666666666667
SearchBar:0.23900000000000002
CustomAdvancedPanel:0.16333333333333333
