UI:0.74
Title:0.25666666666666665
Editor:0.24666666666666667
Text:0.23666666666666666
MButton:0.22333333333333333
Tabs:0.21333333333333335
MainWindow:0.19666666666666666
MToolBar:0.15
LookAndFeelSettings:0.13
MSmallButton:0.10333333333333333
MURLButton:0.10333333333333333
NoteWidget:0.09333333333333334
TabIcon:0.08333333333333333
