FeedsFS:0.4066666666666667
FSHelper:0.35
Tabs:0.34
MainWindow:0.30666666666666664
ItemRenderer:0.25333333333333335
TreePanel:0.25166666666666665
PropertiesPanel:0.2
PluginSettings:0.2
MTree:0.19666666666666666
LockAction:0.18333333333333332
RenameEditor:0.14333333333333334
MarkFeedsAsReadAction:0.12
MarkFeedsAsUnreadAction:0.12
