FeedsFS:0.5333333333333333
SummaryData:0.45666666666666667
TreePanel:0.37666666666666665
NewFileDialog:0.32666666666666666
MainPanel:0.16861111111111113
