Connector:0.62
LineConnectionFigure:0.5066666666666667
LocatorConnector:0.21666666666666667
CenterConnector:0.16
