Types:0.35064873
DITableInfo:0.2753905
DatabaseInformationFull:0.1942522
DatabaseInformationMain:0.1690195
Expression:0.11117156
