DatabaseInformationMain:0.16832836
DatabaseCommandInterpreter:0.15918525
Database:0.15258244
DatabaseInformationFull:0.1430666
Constraint:0.14165105
Index:0.13873199
TableWorks:0.12377056
Result:0.122599654
DINameSpace:0.11983766
DatabaseScript:0.11728307
Expression:0.115013644
TextTable:0.113889135
Session:0.11106914
Select:0.109549105
Parser:0.10563837
CompiledStatementExecutor:0.103925936
Node:0.09949625
Trace:0.09119873
CachedRow:0.09090748
UserManager:0.08720888
Row:0.08718832
Log:0.08479547
TableFilter:0.0845626
Tokenizer:0.08353349
DiskNode:0.08253719
Cache:0.081224225
DITableInfo:0.081204265
DataFileCache:0.07756277
CachedDataRow:0.07716298
CompiledStatement:0.07615374
Column:0.072370045
Logger:0.0716578
PointerNode:0.06721973
TextCache:0.066783875
DataFileDefrag:0.05916848
View:0.058908958
TriggerDef:0.05685911
DatabaseInformation:0.05602016
HsqlNameManager:0.046651304
ConstraintCore:0.042991422
Types:0.041904137
Trigger:0.029786251
Transaction:0.024580074
SessionManager:0.022886412
BaseTable:0.019145643
PointerCachedDataRow:0.018820664
NumberSequence:0.013524129
SubQuery:0.0111475075
HsqlException:0.010204422
Record:0.0025690887
