DIProcedureInfo:0.6781039
Column:0.5385628
DITableInfo:0.39725554
Tokenizer:0.33328503
SetFunction:0.29917893
Expression:0.2779181
Function:0.272737
Parser:0.26197597
DatabaseCommandInterpreter:0.25716138
DINameSpace:0.23725043
Table:0.23212042
Trace:0.21047708
Session:0.18381184
CompiledStatement:0.15655836
DatabaseScript:0.110563286
HSQLClientConnection:0.10648644
NumberSequence:0.08771577
HsqlException:0.04920779
DITypeInfo:0.0
DatabaseInformationFull:0.0
DatabaseInformationMain:0.0
