AIMain:0.14347203
AIPlayer:0.13417245
