Game:0.1451046
Player:0.09735761
FreeColGameObject:0.092827596
Unit:0.08915947
Location:0.07182375
Colony:0.061021693
IndianSettlement:0.052306265
