Player:0.072285414
IndianSettlement:0.03364386
Tile:0.025798403
Unit:0.0252119
Game:0.023463663
