OConsts:0.5496507936507937
ProjectProperties:0.44
ProjectFileStorage:0.3
ProjectPropertiesDialog:0.20333333333333334
