MDataTransfer:0.54
ImportExport:0.43333333333333335
TextEditorCore:0.31333333333333335
