ImageLibrary:0.11401896
Canvas:0.08759111
CanvasMapEditorMouseListener:0.07123557
CanvasMouseMotionListener:0.057405986
TilePopup:0.0408282
CanvasMouseListener:0.026653336
ViewMode:0.021464754
TerrainCursor:0.019634025
CanvasKeyListener:0.019134423
OutForAnimationCallback:0.0051528113
GUIMessage:0.0044205566
