ZoomOutAction:0.902149
ActionManager:0.26219717
FreeColAction:0.16987179
