ZoomInAction:0.6145509
ActionManager:0.24154904
FreeColAction:0.14909858
