StaticUIUtils:0.8666666666666667
ISegmentPropertiesView:0.2923055555555556
SegmentPropertiesListCell:0.24666666666666667
MultilineCellRenderer:0.14333333333333334
SingleLineCellRenderer:0.14333333333333334
StaticUIUtilsTest:0.0011111111111111111
