Config:0.5055555555555555
DoubleProperty:0.35
PropertyPanel:0.2966666666666667
