MMenu:0.5666666666666667
MMenuAdapter:0.46
MainWindow:0.4066666666666667
TagsMenu:0.11777777777777776
