RESearchMatcher:0.6556128
BoyerMooreSearchMatcher:0.34907278
SearchAndReplace:0.31440818
HyperSearchRequest:0.13689579
CharIndexed:0.045378122
