Preferences:0.68
SearchWindowController:0.4772222222222222
SearchWindowForm:0.31333333333333335
