WebPanel:0.07951124
WebProperties:0.03953848
WebDialog:0.027383992
WebException:0.013651264
WebResult:0.0073299203
