TransactionManager:0.657229
TransactionManagerCommon:0.4221774
RowAction:0.34711128
Session:0.30970448
RowActionBase:0.25089318
Row:0.18007468
SessionContext:0.094702
TableBase:0.08441336
SessionManager:0.082786396
Database:0.06705148
Table:0.061446305
SchemaManager:0.049610756
StatementManager:0.046791065
Statement:0.03706644
