TransactionManager:0.53874284
TransactionManagerCommon:0.5154632
RowAction:0.43114284
RowActionBase:0.28574926
Session:0.27639237
Row:0.24986342
TableBase:0.094233334
SessionContext:0.07775456
Table:0.07535756
SessionManager:0.0743216
Database:0.05754582
SchemaManager:0.055988878
StatementManager:0.040415976
Statement:0.032660633
