TransactionManagerCommon:0.36807492
RowAction:0.36329332
TransactionManager:0.33785567
Session:0.29611447
Row:0.19985859
RowActionBase:0.1975995
TableBase:0.077011295
SessionManager:0.07553833
SessionContext:0.06679535
Table:0.059564725
Database:0.055354282
SchemaManager:0.051853918
SessionInterface:0.038961414
Statement:0.03597005
StatementManager:0.035254706
HsqlException:0.0044918307
SqlInvariants:0.001161469
