TileItemContainer:0.45323598
PlayerExploredTile:0.3033299
Colony:0.28240642
ColonyTile:0.24593519
IndianSettlement:0.22602084
Unit:0.22535586
Building:0.20209484
Player:0.19870707
TileImprovement:0.19509408
Resource:0.18967086
Europe:0.18568562
TileImprovementType:0.1736374
Settlement:0.17326927
TileType:0.1461976
Map:0.14311287
Goods:0.13805473
IndianNationType:0.12129623
LostCityRumour:0.120624915
GoodsContainer:0.118252635
Market:0.115791105
Specification:0.10173182
Location:0.098799184
Game:0.097989455
UnitType:0.09315657
FreeColGameObject:0.079526715
Region:0.07787004
AbstractGoods:0.07446358
TileItem:0.07093706
FreeColObject:0.06751595
SimpleCombatModel:0.065509714
GoodsType:0.06474787
PathNode:0.04692507
StringTemplate:0.041634932
ResourceType:0.039092556
Modifier:0.037678935
Locatable:0.03645591
FreeColGameObjectType:0.030274902
Ownable:0.026700266
CombatModel:0.02608877
Named:0.013938056
