ServerUnit:0.5333333333333333
FreeColServer:0.36666666666666664
SettlementType:0.3233333333333333
