Collation:0.2859769
Type:0.15601958
CharacterType:0.07498649
