CharacterType:0.4092554
Type:0.16228141
ClobData:0.15332179
ClobDataID:0.12775537
Types:0.022740414
