Type:0.040817644
Charset:0.03248426
CharacterType:0.018825755
