ExpressionColumn:0.18870388
ColumnBase:0.13341622
Table:0.120624356
NumberSequence:0.11729212
Expression:0.116882406
ParserDDL:0.11020679
Constraint:0.10631476
TableWorks:0.10468028
Routine:0.10319225
SchemaManager:0.102268085
SchemaObject:0.09815112
TableUtil:0.09602646
RangeVariable:0.0912127
RangeVariableJoined:0.08938319
StatementSchema:0.085904785
QueryExpression:0.08406476
QuerySpecification:0.08079786
StatementDMQL:0.07582259
ExpressionLogical:0.07402345
ParserRoutine:0.07397445
Token:0.0737498
ExpressionAccessor:0.069364086
FunctionSQLInvoked:0.06647828
SchemaObjectSet:0.065353855
ExpressionColumnAccessor:0.064946726
SubQuery:0.06400191
ParserDQL:0.06059593
StatementCompound:0.057641707
StatementDML:0.053025104
ParserDML:0.047013354
StatementSet:0.04137157
ParserCommand:0.0373789
Session:0.03007008
StatementSession:0.028527278
StatementProcedure:0.022224993
SessionContext:0.0132024195
Tokens:0.0
