ParserDDL:0.61552984
Database:0.5422645
StatementSchema:0.53997856
Session:0.45615622
StatementTypes:0.38076976
Statement:0.36035547
ParserCommand:0.29403853
Routine:0.20951353
SchemaManager:0.19523624
Table:0.18495724
TextTable:0.17202707
SessionData:0.16481358
TableWorks:0.14604396
SessionManager:0.11883108
HsqlException:0.11351646
TransactionManager:0.060663603
DatabaseURL:0.04656066
SqlInvariants:0.031540163
Tokens:0.0
