MiscUtilities:0.57
PluginJAR:0.4066666666666667
KeyHandler:0.29333333333333333
CompleteWord:0.2833333333333333
RemoveButton:0.24111111111111114
PluginTableModel:0.22
ManagePanel:0.05277777777777777
