MMessage:0.5866666666666667
Input:0.23333333333333334
DateTimeDialog:0.215
CategoryManager:0.21
CategoryPropertiesPanel:0.19555555555555554
WebPanel:0.19555555555555554
FilterDialog:0.185
RepeatPanel:0.17
WebDialog:0.16777777777777778
