TradeItem:0.5266666666666666
ColonyTradeItem:0.5033333333333333
GoldTradeItem:0.45
FreeColDialog:0.3433333333333333
Canvas:0.3233333333333333
NegotiationDialog:0.32
StanceTradeItemPanel:0.31333333333333335
InGameController:0.2966666666666667
GoodsTradeItem:0.26777777777777784
UnitTradeItem:0.23166666666666666
GoldTradeItemPanel:0.19
ColonyTradeItemPanel:0.18333333333333332
StanceTradeItem:0.12833333333333333
GoodsTradeItemPanel:0.04
