PropertyPanel:0.6833333333333333
TodoEditor:0.30666666666666664
MSettingsDialog:0.305
Advanced:0.20444444444444446
TasksSettings:0.14666666666666667
