Validator:0.43
Wizard:0.37666666666666665
MWizardDialog:0.31333333333333335
SDK:0.25333333333333335
ProjectNameValidator:0.14
ProjectDescriptionValidator:0.06666666666666667
PackageNameValidator:0.04
ProjectInternalNameValidator:0.010833333333333334
ProjectVersionValidator:0.0
ProjectInfoForm:0.0
