FindGlossaryThread:0.12377157
GlossaryManager:0.09876729
TransTipsPopup:0.08157911
TransTipsMarker:0.06639125
GlossaryEntry:0.0501251
GlossaryReaderTSV:0.049705464
