Tool:0.6366666666666667
ImageEditor:0.45
ImageEditorDesigner:0.20333333333333334
AbstractRectangleTool:0.19555555555555557
ToolManager:0.15555555555555556
RedRectangleTool:0.13555555555555557
ToolButton:0.13
BrushTypeAction:0.11
