FreeColGameObject:0.34176257
Europe:0.20555705
Resource:0.20086841
Event:0.20054609
GoodsContainer:0.19763003
Game:0.19302088
StanceTradeItem:0.1923999
GoldTradeItem:0.18596959
FreeColGameObjectType:0.18441735
FoundingFather:0.18397284
UnitTradeItem:0.18197927
UnitTypeChange:0.1813344
LastSale:0.18091488
TileImprovement:0.17487873
EuropeanNationType:0.17471863
UnitLocation:0.1746032
EquipmentType:0.17450356
Region:0.1740819
Ability:0.17381988
GoodsTradeItem:0.1706846
IndianNationType:0.1703911
LostCityRumour:0.1702997
PlayerExploredTile:0.1695639
HighSeas:0.16802943
Goods:0.16522434
MarketData:0.16429138
IndianSettlement:0.16293539
AbstractUnit:0.160586
AbstractGoods:0.16028118
Limit:0.15633245
ColonyTradeItem:0.15241323
Building:0.15018968
GoodsLocation:0.14767128
Specification:0.14619645
ColonyTile:0.14594781
Monarch:0.14512211
Scope:0.14415704
TradeRoute:0.14406244
Feature:0.14334074
Market:0.14172411
ResourceType:0.13988547
Modifier:0.13887404
BuildingType:0.13809583
GoodsType:0.13785617
TileType:0.13646583
TradeItem:0.13644454
Map:0.13617419
StringTemplate:0.13297556
NationType:0.13241537
DiplomaticTrade:0.12986939
NationSummary:0.12928678
Operand:0.12908353
Tile:0.12885351
SettlementType:0.12861317
NationOptions:0.12757978
TileImprovementType:0.12567413
WorkLocation:0.12524334
HighScore:0.12439636
HistoryEvent:0.12140186
Nation:0.12123992
ExportData:0.12122425
BuildableType:0.120821595
TileItemContainer:0.11860084
UnitType:0.118340574
ModelMessage:0.10840983
Settlement:0.106653176
TradeRouteStop:0.09031714
Player:0.06915124
Unit:0.06663095
Colony:0.062059473
FeatureContainer:0.017161313
BuildQueue:0.013926008
ProductionInfo:0.013753421
SimpleCombatModel:0.013295581
PathNode:0.012517346
UnitWas:0.008188088
ProductionMap:0.005311401
ColonyWas:0.0013757711
EuropeWas:9.3660294E-4
