TK:0.72
UI:0.5633333333333334
AbstractTest:0.34
MFontChooser:0.24666666666666667
Gettext:0.2377777777777778
Config:0.23666666666666666
MAboutDialog:0.2
PluginInstaller:0.18
TagsMenu:0.15666666666666668
TestTK:0.1375
