IFilter:0.8466666666666667
FilterMaster:0.4533333333333333
AbstractFilter:0.33
OpenDocFilter:0.24
OpenXMLFilter:0.24
TestFilterBase:0.2
XHTMLFilter:0.12333333333333334
LookupInformation:0.04666666666666667
