Canvas:0.62
GUI:0.51
EuropePanel:0.30416666666666664
ConnectController:0.25666666666666665
FreeColLookAndFeel:0.16666666666666666
