ResourceBundleUtil:0.42333333333333334
JSheet:0.325
ButtonFactory:0.31333333333333335
DefaultMenuBuilder:0.30333333333333334
FindDialog:0.15333333333333332
CrossPlatformApplication:0.14666666666666667
Main:0.13777777777777778
