WikiPanel:0.3433333333333333
ImageEditor:0.32666666666666666
WebBrowserTab:0.3233333333333333
Dialog:0.31
TodoEditor:0.30666666666666664
MTextFieldPanel:0.29333333333333333
PrintPreviewPanel:0.27
MComponent:0.25
MIconChooser:0.22666666666666666
TodoEditorDesigner:0.2
SecurityDialog:0.17
DesktopSettings:0.16333333333333333
