MainWindow:0.19429345
Sidebar:0.08283122
Main:0.01953517
Vars:0.01940474
