VFSBrowser:0.26628998
VFSFileChooserDialog:0.23910356
VFS:0.11875021
