VFS:0.11877895
FileVFS:0.09025688
VFSBrowser:0.041073956
MiscUtilities:0.03581173
BrowserView:0.03464941
OperatingSystem:0.027741978
Log:0.015128287
