VFSDirectoryEntryTable:0.2048386
VFSBrowser:0.1983589
VFSFileChooserDialog:0.1976938
BrowserView:0.13612407
VFS:0.097254455
View:0.0824225
HistoryTextField:0.07747954
VFSManager:0.074486375
Buffer:0.04966514
MiscUtilities:0.043437652
OperatingSystem:0.0068931277
