SoftWrapTokenHandler:0.37747905
DisplayTokenHandler:0.26595122
TokenHandler:0.18201002
TokenMarker:0.1675393
Buffer:0.09495594
Token:0.091991715
TextUtilities:0.058458038
ParserRuleSet:0.03601186
