DummyTokenHandler:0.85616195
DefaultTokenHandler:0.7177065
TokenMarker:0.3289846
Buffer:0.2552774
Token:0.23808223
