MIconChooser:0.09589303
TK:0.08551128
MFontChooser:0.072548755
UI:0.04955655
AbstractIterator:0.047819514
MCellTip:0.046788767
MSettingsDialog:0.04551038
Config:0.031094883
MMessage:0.030388804
MMouseAdapter:0.021957396
MLogger:0.018245919
MTextFieldPanel:0.015972877
MColor:0.015189708
MSearchPanel:0.0054122256
