FreeColPanel:0.09916335
ReportPanel:0.06751323
