Net:0.55
MLinkButton:0.5266666666666666
LinkButton:0.49
MDialog:0.43333333333333335
MMessage:0.3933333333333333
FormPanel:0.36333333333333334
FeedComponent:0.21333333333333335
BackupDialog:0.21333333333333335
WebBrowser:0.20666666666666667
InternetSearchPanel:0.20333333333333334
WikiPanel:0.19666666666666666
Wizard:0.18666666666666668
LookAndFeelSettings:0.16333333333333333
AddFeedDialog:0.16333333333333333
HTMLColorChooserPanel:0.14333333333333334
GeneralSettings:0.13
RandomPasswordGeneratorDialog:0.11
StaticMouseHandler:0.04666666666666667
StaticDragHandler:0.03277777777777778
MLinkButtonBeanInfo:0.02222222222222222
