LAFUtilities:0.11439734
FreeColLookAndFeel:0.0013197081
