LAFUtilities:0.14856093
FreeColLookAndFeel:0.0010176647
