LAFUtilities:0.07153601
FreeColLookAndFeel:0.0024440926
