ParserUtil:0.13424455
AbstractParser:0.114734344
