VFSBrowser:0.6233333333333333
FileVFS:0.35
StandaloneTextArea:0.3
PluginList:0.2833333333333333
