ConsoleCommand:0.10579147
ConsolePlugin:0.058067262
