FS:0.044813782
MMessage:0.039849494
UI:0.03732771
Config:0.027002875
MText:0.023265017
TK:0.021660788
MLabel:0.020646224
MPanel:0.020178217
MCheckBox:0.010877794
MLogger:0.0076846424
BooleanProperty:0.006304757
Property:0.005994381
ContainerScanner:0.005386435
Size:0.0027035193
