MNotification:0.42333333333333334
ControlPanel:0.42
MFrame:0.25
MSplashScreen:0.18
Presentation:0.14444444444444446
MWindow:0.12666666666666668
