Specification:0.48
Scope:0.33444444444444443
Modifier:0.29333333333333333
Event:0.26666666666666666
ModifierReader:0.16777777777777778
