ParserDQL:0.5566666666666666
Logger:0.3566666666666667
TestStressInsert:0.295
ParserCommand:0.26
