Row:0.4666666666666667
RowAction:0.4
JDBCDatabaseMetaData:0.34
TransactionManagerMVCC:0.26666666666666666
RowActionBase:0.26
