PrintInfo:0.1481331
PrintPreviewPanel:0.1019851
ImagePrintInfo:0.02200806
