Message:0.10252596
Connection:0.04198422
