Factory:0.1711482
PropertyPanel:0.059427183
