ActionManager:0.4871541
MapboardAction:0.40126
