ActionManager:0.49739343
MapboardAction:0.41726428
