ActionManager:0.42081678
MapboardAction:0.30041626
