ActionManager:0.46292126
MapboardAction:0.36530742
