ActionManager:0.47809425
MapboardAction:0.38821393
