ActionManager:0.49200046
MapboardAction:0.4092854
