ActionManager:0.4607608
MapboardAction:0.36176756
