ActionManager:0.47155786
MapboardAction:0.37833548
