ActionManager:0.47416267
MapboardAction:0.38227037
