Result:0.7833333333333333
ResultConstants:0.5496507936507937
Server:0.33666666666666667
ServerConnection:0.20666666666666667
