SRX:0.42333333333333334
MapRule:0.38
DefaultRules:0.23333333333333334
LanguageCodes:0.1
