ReceivingThread:0.33540666
MessageHandler:0.11022163
NetworkReplyObject:0.07828222
Message:0.06544859
