Tile:0.13961416
Unit:0.13063775
Player:0.11579291
Colony:0.099202245
Game:0.08750088
FreeColGameObject:0.06869247
