Expression:0.4766666666666667
Parser:0.38
Select:0.3433333333333333
Trace:0.3333333333333333
Tokenizer:0.31
CompiledStatement:0.3016666666666667
RowInputText:0.2733333333333333
Session:0.2733333333333333
Database:0.26
Token:0.24666666666666667
DatabaseCommandInterpreter:0.23166666666666666
View:0.20333333333333334
DatabaseInformationFull:0.2
Collector:0.19444444444444445
CompiledStatementExecutor:0.18666666666666668
TableWorks:0.16777777777777778
