jEdit:0.18730709
Log:0.12021431
XmlParser:0.07219487
HandlerBase:0.059870318
Selection:0.034885865
RecentFilesMenu:0.03199492
XmlException:0.02325706
