ResultConstants:0.10961362
ResultLob:0.07930006
ResultMetaData:0.07094926
