QuerySpecification:0.08741331
RangeVariable:0.08351925
StatementDML:0.07053765
ExpressionColumn:0.06269805
StatementDMQL:0.056605
StatementCompound:0.044460654
Table:0.03496258
ParserRoutine:0.032849927
Session:0.031746604
Routine:0.03148252
TableDerived:0.018465672
StatementInsert:0.017830549
StatementSet:0.017244007
TransactionManagerMVCC:0.014109235
TransactionManagerCommon:0.013855435
StatementResultUpdate:0.013270136
ParserCommand:0.013253501
TransactionManagerMV2PL:0.012902655
StatementSession:0.0121636465
FunctionCustom:0.011893518
RangeGroup:0.011126294
TriggerDefSQL:0.011099193
SessionData:0.010582087
StatementProcedure:0.009537306
TransactionManager2PL:0.008983919
ColumnSchema:0.006969047
Statement:0.0063706646
StatementCursor:0.0038749787
Tokens:0.0
