ParserDDL:0.7039587
ParserCommand:0.45553908
StatementTypes:0.4003515
Session:0.25761753
Statement:0.21997441
Database:0.20400022
StatementDMQL:0.1256601
HsqlException:0.11694888
Expression:0.107723
SchemaManager:0.09641558
SessionContext:0.095014036
Table:0.08900722
TableBase:0.06721963
ColumnSchema:0.06444384
OpTypes:0.008723456
Tokens:0.0
