StatementDML:0.22925974
StatementDMQL:0.1654052
ParserDML:0.16108091
Table:0.05129022
QueryExpression:0.03914256
Session:0.030798165
SessionData:0.027261086
Expression:0.025805995
SessionContext:0.023584222
Constraint:0.018749109
StatementTypes:0.010780906
ExpressionColumn:0.010089153
Row:0.00839269
Trigger:0.0052728704
ConstraintCore:0.003982164
HsqlException:0.0028996838
