IProject:0.7638888888888888
RealProject:0.43333333333333335
NotLoadedProject:0.38333333333333336
