MPasswordPanel:0.47
DiskFreeModel:0.22
MDownloadDialog:0.17833333333333334
CategoryMenu:0.16666666666666666
DiskFreePanel:0.15444444444444444
DiskFreeSettings:0.14333333333333334
RandomPasswordGeneratorDialog:0.14
PasswordValidator:0.1311111111111111
Main:0.1311111111111111
