Database:0.6266666666666667
jdbcDatabaseMetaData:0.4533333333333333
Parser:0.3933333333333333
DatabaseCommandInterpreter:0.2966666666666667
