TodoEditorPlugin:0.5866666666666667
TaskTable:0.5
CalendarComponent:0.2966666666666667
AddTaskAction:0.14
