Tuple:0.5133333333333333
OS:0.37
Two:0.24
FullScreenAction:0.14666666666666667
TestTuple:0.08333333333333333
