RepositoriesMappingController:0.658888888888889
TeamSettings:0.5633333333333334
RepositoriesCredentialsController:0.17333333333333334
