Buffer:0.5166666666666667
jEdit:0.41
TokenMarker:0.33
JEditTextArea:0.2866666666666667
DirectoryEntry:0.23666666666666666
VFSBrowser:0.23666666666666666
VFSDirectoryEntryTable:0.20666666666666667
BrowserView:0.16666666666666666
SettingsReloader:0.16333333333333333
TextAreaTransferHandler:0.11333333333333333
LocalDirectoryEntry:0.06333333333333334
