Tile:0.35384342
PlayerExploredTile:0.310682
TileItem:0.27054363
TileImprovement:0.24228106
TileImprovementType:0.2006567
Resource:0.15223011
LostCityRumour:0.12623629
Colony:0.08758331
Unit:0.085098006
Specification:0.04720635
FreeColGameObject:0.046616632
TileType:0.04538164
FreeColObject:0.041045886
Player:0.03882513
Game:0.03797534
UnitType:0.025737507
GoodsType:0.023356894
StringTemplate:0.020286135
Modifier:0.019917091
FreeColGameObjectType:0.017271662
ResourceType:0.014824232
