PropertyPanel:0.4033333333333333
MTextFieldPanel:0.37666666666666665
NotepadEditorDesigner:0.31666666666666665
Net:0.295
UITest:0.23666666666666666
LookAndFeelPlugin:0.21361111111111114
AbstractTest:0.17666666666666667
ImportExport:0.13333333333333333
CodePreviewProvider:0.11333333333333333
