FreeColGameObject:0.5666666666666667
Stop:0.44333333333333336
InGameInputHandler:0.4166666666666667
TradeRoute:0.29
ServerModelController:0.19
