Canvas:0.5633333333333334
FreeColDialog:0.4411111111111111
