MainWindow:0.49666666666666665
ConfigureAction:0.3828888888888889
AppSettings:0.24333333333333335
PluginSettings:0.21333333333333335
Desktop:0.20111111111111113
CalendarComponent:0.17333333333333334
