OConsts:0.5694999999999999
TransFrame:0.38
CommandThread:0.334
StringEntry:0.24555555555555553
HelpFrame:0.22
