PluginType:0.52116746
PluginSettings:0.370758
PluginDownloader:0.2895864
PluginAction:0.21455403
PluginComboBox:0.1684082
PluginRenderer:0.16424103
PluginList:0.16253178
ScriptPlugin:0.106408045
PluginEvent:0.1058852
LookAndFeelPlugin:0.09412772
LocalePlugin:0.058754034
AbstractPlugin:0.0
PluginManager:0.0
Pluggable:0.0
LookAndFeelSettings:0.0
