MiscUtilities:0.78
GlobalOptions:0.18
BufferOptions:0.14333333333333334
GeneralOptionPane:0.14333333333333334
BrowserCommandsMenu:0.13666666666666666
EncodingsOptionPane:0.05
