ColonyTradeItem:0.6045352
UnitTradeItem:0.5991392
StanceTradeItem:0.571486
GoldTradeItem:0.5604785
DiplomaticTrade:0.4822479
GoodsTradeItem:0.4546175
FreeColGameObject:0.30320758
PersistentObject:0.20267853
Game:0.18418176
Player:0.12314552
