FS:0.08553939
MLogger:0.011394483
