JDBCResultSet:0.7033333333333334
JDBCDatabaseMetaData:0.4266666666666667
JDBCCommonDataSource:0.35
JDBCConnection:0.24
JDBCStatementBase:0.20333333333333334
JDBCCallableStatement:0.15333333333333332
JDBCDriver:0.09666666666666666
