GUI:0.6555555555555556
StartGamePanel:0.4
ShowGameOptionsAction:0.31333333333333335
