TopicVersion:0.45666666666666667
PersistencyHandler:0.43666666666666665
RecentChange:0.24
EditServlet:0.23333333333333334
ManageServlet:0.22
UploadServlet:0.19555555555555557
