JDBCXAConnectionWrapperTest:0.36
JDBCXAResourceTest:0.32666666666666666
JDBCXADataSourceTest:0.16666666666666666
JDBCXIDTest:0.16666666666666666
JDBCXAConnectionTest:0.13666666666666666
JDBCPooledDataSourceTest:0.13666666666666666
