MapboardAction:0.24356315
ActionManager:0.13078569
SentryAction:0.11350298
DisbandUnitAction:0.11219322
SkipUnitAction:0.11178679
QuitAction:0.10483266
MiniMapZoomOutAction:0.10440965
MiniMapZoomInAction:0.10308247
BuildColonyAction:0.10261679
BuildRoadAction:0.1018387
WaitAction:0.10134199
FortifyAction:0.097379446
PlowAction:0.090080075
ChatAction:0.087139614
DeclareIndependenceAction:0.072925426
