Game:0.34679082
UnitContainer:0.2775353
GoodsContainer:0.26022598
Europe:0.25734964
TradeRoute:0.23249172
Market:0.21858445
Tile:0.21724342
ColonyTile:0.21540375
Player:0.21235439
Building:0.20830078
UnitTradeItem:0.20665076
ColonyTradeItem:0.20665076
Monarch:0.20460474
Colony:0.20122539
Map:0.18905868
TradeItem:0.18192609
IndianSettlement:0.16827242
ModelMessage:0.15426625
Settlement:0.13545927
Unit:0.13357328
ModelController:0.101819575
GameOptions:0.0704164
FreeColGameObjectListener:0.056430697
Location:0.050856315
PathNode:0.029159706
