Unit:0.3740347
Building:0.29056144
ColonyTile:0.28581697
Europe:0.28412667
Colony:0.27211368
Tile:0.2375674
GoodsContainer:0.22821498
IndianSettlement:0.20687088
Market:0.19989796
Player:0.19485924
GoodsTradeItem:0.15002055
Game:0.103751525
Locatable:0.093354285
Location:0.066284485
GoodsType:0.056836594
ModelMessage:0.041079666
Ownable:0.033112764
Nameable:0.03076602
