CircleRenderer:0.5133333333333333
TodoEditorCore:0.46
Action:0.39666666666666667
CircleEditor:0.17
