JFontChooser:0.7266666666666667
FontChooserHandler:0.33666666666666667
