ParserInput:0.4766666666666667
Environment:0.47
JFlexParser:0.43666666666666665
JFlexLexer:0.31333333333333335
ExcessiveNestingException:0.02666666666666667
