Region:0.49
InGameController:0.37666666666666665
InGameInputHandler:0.28
MapGeneratorTest:0.16333333333333333
