ParserRoutine:0.48073757
ParserDQL:0.29987502
StatementDMQL:0.2948045
RangeVariable:0.27927798
RangeVariableResolver:0.24785401
QueryExpression:0.19929665
StatementInsert:0.1710841
Token:0.11889467
ParserCommand:0.10839564
ParserBase:0.07923165
SchemaManager:0.07012244
StatementProcedure:0.06943725
Session:0.054902278
Scanner:0.04849393
TableDerived:0.04779361
SubQuery:0.04708842
ColumnSchema:0.044751875
Database:0.032674223
NumberSequence:0.028051868
TableBase:0.023602324
SchemaObject:0.014722015
StatementTypes:0.010588555
ColumnBase:0.0051497873
RoutineSchema:0.0
QuerySpecification:0.0
Expression:0.0
Table:0.0
Routine:0.0
ExpressionColumn:0.0
ExpressionLogical:0.0
Tokens:0.0
StatementDML:0.0
OpTypes:0.0
