Table:0.13145722
SubQuery:0.10456113
TableDerived:0.09027696
QueryExpression:0.089090735
QuerySpecification:0.07730999
ParserDDL:0.07669863
RangeVariable:0.07460866
ParserDQL:0.06985261
Expression:0.06756443
TriggerDef:0.06671947
SchemaObject:0.05299427
StatementSchema:0.041028485
TableUtil:0.032943953
Session:0.0278249
ParserBase:0.018653454
Scanner:0.01736667
Database:0.01727299
TableBase:0.01685734
StatementTypes:0.010452802
Tokens:0.0
