ISpellChecker:0.8674206349206349
SpellChecker:0.6272222222222222
SpellCheckerMarker:0.2633333333333333
