ImageFigure:0.472529
ImageInputFormat:0.18440437
PictImageInputFormat:0.15601541
ImageTool:0.12198741
Figure:0.017843805
