QueryHandler:0.8066666666666666
AnsiQueryHandler:0.56
DataHandler:0.3897222222222222
AnsiDataHandler:0.25
ImageProcessor:0.20111111111111113
UploadServlet:0.19333333333333333
