Table:0.47333333333333333
Token:0.43399999999999994
Session:0.4
Routine:0.23666666666666666
SchemaManager:0.23666666666666666
StatementCompound:0.21666666666666667
