FeedsFS:0.49
Console:0.47333333333333333
ArchiveOptions:0.23666666666666666
Action:0.19
CustomAdvancedPanel:0.17
ImportFromLifereaAction:0.16333333333333333
FetchAllFeedsAction:0.15666666666666668
AbstractImportAction:0.15
ImportAction:0.14833333333333334
GlobalSettingsAction:0.12
VarListCommand:0.12
FetchFeedsAction:0.12
MenuButton:0.11333333333333333
Frame:0.1075
ExportAction:0.1
LinkButton:0.03666666666666667
