PluginType:0.101926714
PluginManager:0.081071794
PluginRenderer:0.04701161
PluginInfo:0.031236101
