TK:0.15695378
MButton:0.15323967
MDialog:0.13501869
MURLButton:0.09254596
ActionGroup:0.08333711
MMenu:0.08187567
MNotification:0.08057411
MText:0.07999962
MMessage:0.069123045
UI:0.06350621
MMenuItem:0.06119933
MTogglePanel:0.057403505
MToolBar:0.056351993
MApplication:0.05567362
MUndoManager:0.05396402
MWhatsThis:0.05356485
MIcon:0.043313973
MScrollPane:0.042701107
MColorChooser:0.031417824
AbstractSpinner:0.027850166
MouseGestures:0.021432169
MURLAction:0.019986825
MWebBrowser:0.01873526
OS:0.018451646
MDateSpinner:0.017496401
MMouseAdapter:0.016937152
MMainWindow:0.011924412
MSlider:0.011221197
Property:0.010792164
