MLogger:0.6766666666666666
MMouseAdapter:0.42
FeedViewer:0.3333333333333333
TextEditorKit:0.16
