UI:0.6966666666666667
MDialog:0.4866666666666667
ScriptIDE:0.31666666666666665
