ErrorCode:0.426626984126984
Logger:0.38666666666666666
StatementCommand:0.31333333333333335
