Player:0.71
Game:0.62
InGameController:0.30666666666666664
UnitTest:0.26666666666666666
PlayerTest:0.11
