InGameController:0.5288888888888889
ServerPlayer:0.5233333333333333
ServerPlayerTest:0.23666666666666666
