WikiMessage:0.7366666666666667
WikiException:0.5866666666666667
JAMWikiServlet:0.43666666666666665
EditServlet:0.2633333333333333
AdminServlet:0.21
UploadServlet:0.16666666666666666
SetupServlet:0.15333333333333332
UpgradeServlet:0.13333333333333333
TranslationServlet:0.11666666666666667
RegisterServlet:0.11
HistoryServlet:0.10333333333333333
LoginServlet:0.10333333333333333
