ChartDialog:0.1081332
ChartModel:0.085675284
ChartPainter:0.052740034
