ImageEditor:0.1301125
ImageEditorDesigner:0.06247441
ImagePreloader:0.033374168
ImageInfo:0.028072188
