UI:0.121818155
MFrame:0.08604059
MAction:0.06372442
MGraphics:0.05570171
MStatusBar:0.019148171
MLogger:0.011979334
ContainerScanner:0.006742429
PropertyAccess:0.0014833016
