DINameSpace:0.0840203
DatabaseScript:0.06907365
Table:0.067814775
DatabaseInformationFull:0.06382302
DatabaseCommandInterpreter:0.062674426
Trigger:0.051726095
HsqlNameManager:0.030316835
UserManager:0.029748516
Session:0.023368001
Token:0.018727481
HsqlException:0.002441695
