jEdit:0.5866666666666667
MiscUtilities:0.41
VFSBrowser:0.25
VFSFileNameField:0.2277777777777778
MemoryStatus:0.1866666666666667
