MiscUtilities:0.8033333333333333
DisplayManager:0.38666666666666666
VFSFileNameField:0.26666666666666666
