Buffer:0.06135605
BufferIORequest:0.047320385
OffsetManager:0.04494042
