InstallThread:0.15349472
OperatingSystem:0.12711552
Install:0.06582796
ConsoleProgress:0.03880769
