jEdit:0.7666666666666667
View:0.43333333333333335
AnimatedIcon:0.2833333333333333
SplashScreen:0.18944444444444444
