Interpreter:0.03039932
ParserTokenManager:0.025363313
Parser:0.0058551887
