BSHArrayInitializer:0.35259137
BSHAllocationExpression:0.16093907
SimpleNode:0.11490737
Interpreter:0.085074246
Reflect:0.07665418
EvalError:0.045119695
Primitive:0.039644685
Parser:0.029598037
CallStack:0.026677001
