Interpreter:0.08145297
NameSpace:0.05901959
