TokenMarker:0.29699928
ParserRuleSet:0.25767967
XModeHandler:0.19934043
ParserRuleFactory:0.17401882
KeywordMap:0.11885318
TextUtilities:0.10609061
Buffer:0.09632212
ChunkCache:0.06216741
GUIUtilities:0.055521898
TextAreaPainter:0.03744998
BufferPrintable:0.021719975
