FeedsFS:0.5085431
FeedDownloader:0.31933305
Filters:0.11587165
FeedsFSPlugin:0.11565099
