NumberSequence:0.11840381
Database:0.10588655
DatabaseCommandInterpreter:0.08281797
Logger:0.076915614
Parser:0.05816976
Session:0.044206787
Trace:0.030118378
HsqlException:0.008551599
