HTMLBuilder:0.44
AbstractMarkupBuilder:0.4033333333333333
OPMLWriter:0.23666666666666666
XMLBuilder:0.07
