Desktop:0.6266666666666667
MainWindow:0.34
DesktopSettings:0.25333333333333335
Action:0.23666666666666666
NewWidgetAction:0.18
DesktopTab:0.175
