TextEditor:0.45
TextEditorCore:0.4166666666666667
PluginManager:0.26
TextDocumentFilter:0.25333333333333335
TextEditorDocument:0.19
MStatusBar:0.15666666666666668
PluginRenderer:0.14666666666666667
Desktop:0.14333333333333334
