MText:0.10335736
UI:0.031907156
CoolHeader:0.014501165
MCalendar:0.0072909864
MStatusBar:0.006382683
MLogger:0.005126111
MMultiPanel:0.004125166
MWizard:0.003921438
TK:0.0038349323
MDocumentAdapter:0.0014340524
