WebBrowserEditor:0.057637356
AbstractTextEditor:0.039910894
