SummaryData:0.5133333333333333
CategoryManager:0.43666666666666665
TagsMenu:0.3377777777777778
CategoryList:0.31
Day:0.23666666666666666
SummaryCategory:0.17666666666666667
Submenu:0.1416666666666667
