MMenu:0.7433333333333333
TagsEditor:0.20333333333333334
MenuButton:0.18555555555555558
LabelMenuAction:0.16333333333333333
AddWidgetAction:0.15
WidgetListAction:0.15
