Canvas:0.62
MapViewer:0.5166666666666667
InGameInputHandler:0.30333333333333334
