GUIUtilities:0.43
TextUtilities:0.36666666666666664
TextAreaPainter:0.33666666666666667
FoldVisibilityManager:0.3
VICaretStatus:0.29
Mode:0.2833333333333333
ChunkCache:0.21666666666666667
Gutter:0.20333333333333334
BrowserJTree:0.20333333333333334
EnhancedMenu:0.14
BufferPrintable:0.10333333333333333
