Player:0.38
Canvas:0.34833333333333333
Europe:0.3233333333333333
InGameController:0.31
InGameInputHandler:0.29
PreGameController:0.13055555555555556
