WikiPanel:0.3766666666666666
Index:0.37333333333333335
MList:0.3433333333333333
MColorChooserDialog:0.31
TaskModel:0.2683333333333333
FeedViewer:0.22083333333333333
Sidebar:0.22083333333333333
MetaInfoList:0.2
