Unit:0.64
Tension:0.5433333333333333
Player:0.4866666666666667
InGameController:0.42333333333333334
DefendSettlementMission:0.31833333333333336
TransportMission:0.28
UnitSeekAndDestroyMission:0.27
ColonialAIPlayer:0.21666666666666667
StandardAIPlayer:0.21
NewAIPlayer:0.19
EuropeanAIPlayer:0.19
NegotiationDialog:0.18333333333333332
IndianSettlementTest:0.16666666666666666
BaseCostDeciderTest:0.14
TensionTest:0.08
