CacheGroup:0.41333333333333333
Entry:0.32666666666666666
Group:0.3233333333333333
CacheEntry:0.32
Cache:0.20666666666666667
DebugCommand:0.04
