MTip:0.6966666666666667
MMessage:0.26
TodoEditor:0.25
PluginSettings:0.22333333333333333
TagsEditor:0.22222222222222224
LookAndFeelSettings:0.22
LinkEditor:0.22
DesktopPanel:0.1788888888888889
