SimpleXMLReader:0.6883333333333334
Database:0.2633333333333333
Title:0.014071428571428572
