MScrollPane:0.5833333333333334
TodoEditor:0.2633333333333333
MainWindow:0.24666666666666667
TodoEditorCore:0.2243888888888889
TextEditor:0.22333333333333333
PropertiesDialog:0.21666666666666667
NotepadEditor:0.20666666666666667
ImageEditor:0.20333333333333334
PrintPreview:0.20333333333333334
FeedViewer:0.19666666666666666
MAbout:0.19666666666666666
TreePanel:0.195
CompletionWindow:0.16333333333333333
NoteWidget:0.14333333333333334
