MSettingsPage:0.7833333333333333
Panel:0.38
Reminder:0.2633333333333333
