UI:0.6733333333333333
CategoryManager:0.43333333333333335
Task:0.41
PluginManager:0.37333333333333335
MNotification:0.22
Desktop:0.21666666666666667
TaskTable:0.21333333333333335
GroupTree:0.20666666666666667
TreeFS:0.20333333333333334
PropertiesPanel:0.2
PropertiesBar:0.2
InternetSearchPanel:0.19
TodoEditorCore:0.18
Submenu:0.13
TagsMenu:0.11666666666666667
