UnitLabel:0.39
CargoPanel:0.29333333333333333
DocksPanel:0.2683333333333333
ColonyPanel:0.26
EuropePanel:0.24666666666666667
CompactLabourReport:0.23333333333333334
BuildingPanel:0.21666666666666667
InPortPanel:0.20333333333333334
ReportColonyPanel:0.19
WorkProductionPanel:0.17666666666666667
DestinationPanel:0.16444444444444445
ReportCargoPanel:0.14
ReportMilitaryPanel:0.14
ReportNavalPanel:0.14
DragListener:0.13666666666666666
OutsideColonyPanel:0.13333333333333333
PreCombatDialog:0.11
BuildingToolTip:0.1075
ReportEducationPanel:0.09
ReportLabourAction:0.08666666666666667
ReportProductionPanel:0.08666666666666667
ReportReligiousPanel:0.08333333333333333
