Goods:0.6733333333333333
FreeColToolTipUI:0.24
FreeColLookAndFeel:0.24
MarketLabel:0.22333333333333333
UnitLabel:0.20666666666666667
GoodsLabel:0.20333333333333334
