Tracker:0.41333333333333333
SummaryData:0.4
TaskModel:0.39666666666666667
TodoEditorPlugin:0.22166666666666668
TaskReader:0.12666666666666668
