Canvas:0.5066666666666667
InGameController:0.48333333333333334
ChoiceItem:0.4533333333333333
ConnectController:0.26
