Vars:0.47350000000000014
TextEditorCore:0.45666666666666667
TextEditorKit:0.4166666666666667
