Editor:0.6683333333333333
BackupDialog:0.38
ImportFromLifereaAction:0.2997222222222222
