GUI:0.08458746
Canvas:0.060493555
