Tile:1.0
Player:0.89761287
Colony:0.8876062
Goods:0.8544275
Building:0.84954304
IndianSettlement:0.8082303
ColonyTile:0.7579123
Map:0.74740493
Europe:0.7147737
DefaultCostDecider:0.6069461
Settlement:0.60220283
PathNode:0.42534927
UnitContainer:0.38502735
GoodsContainer:0.3560275
Location:0.33324742
Locatable:0.32408354
ModelMessage:0.31355083
CostDecider:0.3127465
TradeRoute:0.28436324
Market:0.25066543
FreeColGameObject:0.24690612
Game:0.22715643
ModelController:0.2204562
WorkLocation:0.16598614
GoalDecider:0.1430191
GoodsTradeItem:0.12813717
Ownable:0.11280418
UnitTradeItem:0.10490348
GameOptions:0.08510112
Tension:0.08216471
UnitType:0.074048236
Nameable:0.05198885
FoundingFather:0.044244513
Modifier:0.040994782
GoodsType:0.020133726
FreeColGameObjectListener:0.0072856527
