ProxyModel:0.58
Main:0.30666666666666664
ProxyManager:0.2966666666666667
GeneralSettings:0.21333333333333335
