GUI:0.18806174
MapViewer:0.11415169
