EditorUtils:0.49333333333333335
CoreEvents:0.44
EditorTextArea3:0.33
EditorController:0.31333333333333335
ViewLabel:0.17
