Specification:0.4766666666666667
Game:0.44083333333333335
Server:0.36
FreeColTestCase:0.22
TerrainGenerator:0.21
Controller:0.09
