Unit:0.622
Player:0.6033333333333334
IndianSettlement:0.37333333333333335
GoodsWish:0.32166666666666666
MarketLabel:0.29333333333333333
AIGoods:0.24333333333333335
TransportMission:0.24333333333333335
InGameController:0.2377777777777778
SettlementType:0.23583333333333334
IndianDemandMission:0.2
AIColony:0.19666666666666666
DefaultTransferHandler:0.16666666666666666
DragListener:0.14666666666666667
LoadAction:0.11
