NIOLockFile:0.30401778
Logger:0.11500489
Trace:0.08340784
DatabaseManager:0.060673144
HsqlException:0.008121068
