ActionManager:0.21485537
FreeColAction:0.19012994
