MapboardAction:0.32267854
ActionManager:0.22586869
