SelectableAction:0.75740045
FreeColAction:0.40340728
GotoAction:0.3268509
EuropeAction:0.31101856
AssignTradeRouteAction:0.3009062
RenameAction:0.27953166
ClearOrdersAction:0.27953163
DeclareIndependenceAction:0.27611125
UnloadAction:0.2733815
TradeRouteAction:0.26745367
NewAction:0.2624021
SentryAction:0.25259405
DisbandUnitAction:0.24074036
SkipUnitAction:0.24027482
BuildRoadAction:0.23332734
ChangeAction:0.23305899
EndTurnAction:0.22537681
ToggleViewModeAction:0.2247683
FortifyAction:0.22346608
ExecuteGotoOrdersAction:0.22244766
BuildColonyAction:0.22209519
DebugShowCoordinatesAction:0.22151875
DebugCrossBugAction:0.21954277
MiniMapZoomOutAction:0.21924768
MiniMapZoomInAction:0.21924764
QuitAction:0.21551366
ReconnectAction:0.21132344
PreferencesAction:0.21108565
OpenAction:0.21077615
SaveAction:0.21077615
ReportContinentalCongressAction:0.2103299
ReportTradeAction:0.21032989
ReportIndianAction:0.21032989
ReportLabourAction:0.21032989
ReportColonyAction:0.21032988
ReportReligionAction:0.21032988
ReportNavalAction:0.21032988
ReportForeignAction:0.21032986
ReportMilitaryAction:0.21032986
ReportTurnAction:0.20985435
ColopediaSkillAction:0.20930679
ColopediaFatherAction:0.20930678
ColopediaBuildingAction:0.20930673
ColopediaTerrainAction:0.20930673
ColopediaUnitAction:0.20930672
ColopediaGoodsAction:0.20930672
WaitAction:0.20112891
PlowAction:0.1983765
