InGameInputHandler:0.12539534
InGameController:0.101218015
