MainWindow:0.7733333333333333
ConfigureAction:0.18666666666666668
GeneralSettings:0.15666666666666668
