InGameController:0.6
GUI:0.3566666666666667
MapEditorController:0.30333333333333334
PreGameController:0.21444444444444447
ConnectController:0.20444444444444446
