Buffer:0.2916208
OffsetManager:0.24357969
JEditTextArea:0.15474717
ChunkCache:0.079217136
Gutter:0.068760835
TextAreaPainter:0.06082436
EditPane:0.04757649
View:0.04520091
jEdit:0.040050786
StatusBar:0.036240358
GUIUtilities:0.021583099
