jEdit:0.048136834
MiscUtilities:0.0133075435
Log:0.011456946
