TaskTable:0.7133333333333334
TodoEditor:0.5966666666666667
