Unit:0.58
Locatable:0.5508333333333333
Tile:0.47333333333333333
Goods:0.44872222222222224
Building:0.4273333333333333
Player:0.38666666666666666
Colony:0.37333333333333335
ColonyPanel:0.2
TransportMission:0.19666666666666666
InGameInputHandler:0.18666666666666668
InGameController:0.17666666666666667
Nameable:0.03666666666666667
