MMainWindow:0.7566666666666667
Main:0.4033333333333333
MSystemTray:0.26
