Unit:0.6166666666666667
FreeColDialog:0.3933333333333333
Canvas:0.31666666666666665
InGameController:0.25333333333333335
Modifier:0.22666666666666666
