MApplication:0.5433333333333333
ShutDownListener:0.5415714285714286
Plugin:0.5066666666666667
Armor:0.2966666666666667
PluginManager:0.2633333333333333
PluginClassLoader:0.22
PluginPermission:0.1277777777777778
Permission:0.09166666666666666
QuitAction:0.06333333333333334
AboutAction:0.035
ToggleOfflineAction:0.035
FullScreenAction:0.02
ToggleStatusBarAction:0.01
ShutDownEvent:0.0025
SettingsAction:0.0
PrintAction:0.0
ZoomOutAction:0.0
ZoomResetAction:0.0
ZoomInAction:0.0
