MMessage:0.42
MApplication:0.36333333333333334
AppInfo:0.3603888888888889
Main:0.17666666666666667
SDK:0.16666666666666666
MetaVersion:0.03666666666666667
