VFS:0.6366666666666667
MiscUtilities:0.5266666666666666
VFSDirectoryEntryTable:0.28
VFSDirectoryEntryTableModel:0.24
DirectoryEntry:0.24
FileVFS:0.20666666666666667
FileCellRenderer:0.13333333333333333
LocalDirectoryEntry:0.04666666666666667
