PluginSettings:0.5733333333333334
PluginInstaller:0.43333333333333335
MDownloadDialog:0.29333333333333333
PluginDownloader:0.26
