Preferences:0.745
MainWindowMenuHandler:0.38666666666666666
TagValidationFrame:0.29333333333333333
MainWindowMenu:0.25
TagValidationTool:0.23333333333333334
TagValidationOptionsDialog:0.18
PatternConsts:0.016666666666666666
