FileCache:0.425
DownloadInfo:0.39
Net:0.35333333333333333
DeskletLoader:0.3
Dependency:0.29527777777777775
