AbstractFilter:0.6766666666666666
FilterMaster:0.41333333333333333
ResXFilter:0.29333333333333333
Language:0.29
