Unit:0.57
IndianSettlement:0.4766666666666667
InGameController:0.2966666666666667
InGameInputHandler:0.29333333333333333
