ColonyPanel:0.5016666666666667
CargoPanel:0.4533333333333333
EuropePanel:0.3433333333333333
DragListener:0.338
