TextUtils:0.55
MMenu:0.3566666666666667
TodoEditor:0.33
EditorQuickFind:0.24777777777777782
TextEditor:0.24666666666666667
NotepadEditor:0.24666666666666667
FeedViewer:0.21
EditorSearch:0.10944444444444443
