ParserTest:0.6233333333333333
LinkUtil:0.5266666666666666
ParserTestUtils:0.23333333333333334
