Colony:0.5233333333333333
FreeColGameObject:0.41
Modifier:0.32
PersistentObject:0.23333333333333334
