FreeColTcFile:0.14923713
FreeColSavegameFile:0.13209172
FreeColModFile:0.13142057
