PluginSettings:0.6083333333333333
AbstractSettings:0.21333333333333335
AppSettings:0.15666666666666668
