FreeColDialog:0.5366666666666666
Canvas:0.41055555555555556
MarketPanel:0.30666666666666664
