Input:0.44333333333333336
ChartPanel:0.27666666666666667
ExportAction:0.26666666666666666
AbstractImportAction:0.24
SaveAsAction:0.23666666666666666
ImportExport:0.23666666666666666
BackupDialog:0.21055555555555555
InternetSearchPanel:0.21055555555555555
PluginInstaller:0.14
