WikiBase:0.5
SearchEngine:0.36666666666666664
TestSearchEngine:0.36666666666666664
LuceneSearchEngine:0.34
