Property:0.7233333333333334
TreePanel:0.6966666666666667
