InGameController:0.6641666666666667
AIPlayer:0.49333333333333335
DefendSettlementMission:0.47644444444444434
