MText:0.6366666666666667
MMenu:0.28
MNotification:0.24111111111111114
Tabs:0.23666666666666666
StaticHandler:0.22666666666666666
AbstractSpinner:0.2
MEditorPane:0.19833333333333333
MFormattedTextField:0.19
MTextPane:0.18666666666666668
MTextField:0.18333333333333332
HelpMenu:0.13666666666666666
StyleSupport:0.04666666666666667
