StringTemplate:0.22696657
Region:0.18861577
FreeColObject:0.093247846
Player:0.07944771
Turn:0.077427775
