ReportPanel:0.22813964
FreeColPanel:0.058674276
