Constraint:0.4033333333333333
CharacterType:0.4033333333333333
ErrorCode:0.3765555555555556
Type:0.3566666666666667
Table:0.3333333333333333
Log:0.32666666666666666
SortAndSlice:0.24
QuerySpecification:0.23333333333333334
ParserDQL:0.21333333333333335
ParserRoutine:0.20333333333333334
Logger:0.19
ExpressionOp:0.18666666666666668
JDBCDataSource:0.135
