ReportContinentalCongressPanel:0.13634363
ReportReligiousPanel:0.10139402
ReportPanel:0.08139786
GoodsLabel:0.07832467
UnitLabel:0.058125515
