ReportPanel:0.14378561
GoodsLabel:0.121898755
UnitLabel:0.084337026
