PercentageOption:0.25774348
AbstractUnitOption:0.24709573
OptionGroup:0.19543713
SelectOption:0.19068128
AbstractOption:0.19041671
RangeOption:0.11611348
Option:0.10404944
