AbstractUnitOption:0.3703798
AbstractOption:0.19729199
OptionGroup:0.07828145
Option:0.06795323
