View:0.08132289
QuickNotepadToolPanel:0.08092762
QuickNotepadPlugin:0.06418087
jEdit:0.053314835
EditPane:0.046573788
QuickNotepadActions:0.038906537
DockableWindowManager:0.03404125
EditBus:0.026661443
QuickNotepadOptionPane:0.024581239
GUIUtilities:0.019334108
Log:0.016076237
EBMessage:0.014043416
JEditTextArea:0.012511405
EBComponent:0.010020854
PropertiesChanged:0.00864692
QuickNotepadTextArea:0.0040454236
