EditPlugin:0.24569255
GUIUtilities:0.054755647
OptionsDialog:0.043627888
QuickNotepadToolPanel:0.031485785
QuickNotepadOptionPane:0.02761248
QuickNotepad:0.020545147
