UnitWas:0.5
InGameController:0.35333333333333333
ColonyWas:0.27111111111111114
