Building:0.6133333333333333
ServerColony:0.38666666666666666
InGameController:0.37333333333333335
IndianBringGiftMission:0.34
