Player:0.4522222222222222
Specification:0.35333333333333333
NationType:0.30333333333333334
Nation:0.2733333333333333
NationCellRenderer:0.21
