Property : 0.82035017
PluginManager : 0.8441236
SecureExecutor : SecureExecutor is not exist in project code
ArmorSettings : 0.8554438
MLinkButton : 0.8417953
MLinkAction : 0.8200862
SecureOpen : SecureOpen is not exist in project code
MTextPane : 0.84404653
Armor : 0.6773072
FSHelper : 0.8294558
Builder : Builder is not exist in project code
MDialog : 0.845382
MSettingsPage : 0.8138527
ScriptPlugin : 0.84683037
FormPanel : 0.8601026
QueryEditor : 0.8425678
MasterKey : 0.82235295
MFileChooser : 0.8489791
EnclosureAction : EnclosureAction is not exist in project code
StaticDialogHandler : StaticDialogHandler is not exist in project code
Validator : 0.83204097
StaticHandler : StaticHandler is not exist in project code
WebPanel : 0.8558189
Action : Action is not exist in project code
Mods : 0.83793634
ResizeDialog : 0.8438431
Args : 0.8408188
Console : 0.69942904
MGuardedObject : 0.8267275
MClipboard : 0.84693736
Editor : 0.8317153
Gettext : 0.8179896
Tracker : 0.83912
MetaInfo : 0.82377875
Globals : 0.841365
Input : 0.85385513
ValidatorSupport : 0.83845407
PluginInfo : 0.8147614
UpdatePlugin : 0.84301454
DefaultHelpSystem : DefaultHelpSystem is not exist in project code
MainWindow : 0.70306104
