TrackerListener : 0.7967626
TodoWidget : 0.8588721
MetaInfo : 0.832184
TrackerEvent : 0.83863133
SummaryData : 0.850526
Editor : 0.82498497
MIcon : 0.8111713
Tree : 0.8486338
Index : 0.85116094
TodoEditorCore : 0.8365529
FSHelper : 0.8421508
Links : 0.69576293
MainWindow : 0.68335736
SessionManager : 0.8504414
TimelineEngine : TimelineEngine is not exist in project code
