DataHeader : 0.8476589
Stuff : 0.8113492
OPMLReader : 0.82164454
OS : 0.8143633
Item : Item is not exist in project code
CacheGroup : 0.82210726
AbstractFileCache : 0.82446647
Group : Group is not exist in project code
VersionException : 0.0
PropertiesPanel : 0.8274903
PluginInfo : 0.8243475
VersionProperty : VersionProperty is not exist in project code
MetaInfo : 0.822915
MApplication : 0.6962947
StuffRenderer : 0.8107709
PluginRenderer : 0.8471789
VersionInfo : 0.837532
Archive : 0.8350222
Cache : 0.8255993
Property : 0.8412846
XMLRPCResponse : 0.8065626
MRenderer : 0.8012248
ChartPainter : 0.7965742
Category : 0.81045836
DropShadowBorder : 0.78706384
Attributes : Attributes is not exist in project code
ValueEvent : 0.8214154
MTreeItem : 0.8243145
PIMData : 0.82152534
VersionPanel : 0.82607037
VersionControl : 0.85446626
PluginManager : 0.8260334
PluginDownloader : 0.6989461
VCalendar : 0.8235402
ICalendar : 0.81672156
Args : 0.8315998
UpdateInfo : 0.7313264
Vars : 0.79988605
UpdatePanel : 0.0
OPMLWriter : 0.81042874
Main : 0.6730388
