MProgressBarBeanInfo : MProgressBarBeanInfo is not exist in project code
MApplication : 0.7210008
ImportExport : 0.8312062
PrintDialog : 0.8374609
Editor : 0.83206576
MDownloadDialog : 0.85221416
ChartPanel : 0.8438066
MainWindow : 0.7211135
Widget : 0.84481126
WebBrowser : 0.8419687
TreePanel : 0.83469677
HelpGenerator : 0.715677
MProgressBar : 0.8508995
MMenuBar : 0.8500612
Console : 0.72459924
MainView : 0.840705
PropertiesBar : 0.82564795
SearchBar : 0.83795005
NoteWidgetPlugin : 0.84082574
DnDTransferHandler : 0.83216137
PluginManager : 0.82788074
MNotification : 0.83695316
BackupDialog : 0.83495814
SummaryPanel : 0.83249754
MFrame : 0.8495979
ActionGroup : 0.8453239
AbstractTextEditor : 0.8386785
TodoEditorPlugin : 0.83460814
Layout : Layout is not exist in project code
TrashFS : 0.83661276
GeneralPlugin : 0.8252568
FeedsFS : 0.72294533
LinkEditorPlugin : 0.83814293
LockButton : LockButton is not exist in project code
UpdatePlugin : 0.8386552
ScriptYourself : 0.84873635
LinkEditor : 0.8438204
AppletPanel : 0.8442683
ConsoleTab : 0.8539885
MDialog : 0.845151
ToggleStatusBarAction : ToggleStatusBarAction is not exist in project code
