ToolButton : 0.8356876
PluginMenu : 0.7568172
ImageEditorCore : 0.82543474
BrushTool : 0.8171933
RedRectangleTool : 0.836561
ChartPanel : 0.8298117
MainWindow : 0.74011254
ToolManager : 0.8358653
Widget : 0.8313712
WebBrowser : 0.8197862
TreePanel : 0.8012239
Console : 0.7481505
ShowToolTipsAction : ShowToolTipsAction is not exist in project code
MToolBar : 0.83152884
NoteWidgetPlugin : 0.820749
ToolPanel : ToolPanel is not exist in project code
LinkEditor : 0.79876155
AbstractTextEditor : 0.8223378
ConsoleTab : 0.82110274
TodoEditorPlugin : 0.80733705
Layout : Layout is not exist in project code
TrashFS : 0.80176455
MToggleButton : 0.8250668
GeneralPlugin : 0.86163455
MButton : 0.824865
MTextField : 0.827388
FeedsFS : 0.73758894
LinkEditorPlugin : 0.81534684
ActionGroup : 0.82491994
TaskTable : 0.80033416
PluginSettings : 0.7414891
WikiPanel : 0.7344411
MSystemTray : 0.82114345
NotepadEditor : 0.811267
UI : 0.80821884
Item : Item is not exist in project code
ScriptYourself : 0.8181712
Tab : Tab is not exist in project code
FeedViewer : 0.8011532
PluginSettingsTab : 0.8031952
MDialog : 0.82207704
