BackupDialog : 0.82932085
Gettext : 0.8302449
PluginInstaller : 0.8701339
LinkEditor : 0.82131577
PluginManager : 0.8237866
DefaultPreview : 0.7085993
Archive : 0.8465601
MFileChooser : 0.8318904
Net : 0.71735585
ChartPainter : 0.790309
FirstDayOfWeek : FirstDayOfWeek is not exist in project code
MAuthenticator : 0.831355
MDate : MDate is not exist in project code
MTab : 0.80046874
MWindow : 0.788076
MCalendar : MCalendar is not exist in project code
MProperties : 0.83514345
MIcon : 0.80403954
Armor : 0.69501156
MCalendarPanel : 0.79734504
MHandler : MHandler is not exist in project code
MColor : 0.7868097
PropertiesPanel : 0.82150835
MTextLabel : 0.801828
Result : Result is not exist in project code
StuffRenderer : 0.78879535
MSplashScreen : 0.8221171
MLogger : 0.8226272
MAboutDialog : 0.6661946
MStatusBar : 0.8226951
MNotification : 0.7950751
MetaInfo : 0.8188106
MFontButton : 0.803058
ImageInfo : 0.77797925
ItemRenderer : 0.79389405
TagsEditor : 0.81611896
MMenuElement : 0.79492426
MCardLayout : 0.8174337
ButtonRenderer : ButtonRenderer is not exist in project code
FetchAllFeedsAction : FetchAllFeedsAction is not exist in project code
DesktopTab : 0.8048129
