OPMLWriter : 0.85300684
FeedsFS : 0.7061245
XMLHelper : 0.71827775
Index : 0.82420075
NotepadEditor : 0.8251763
ScriptExecutor : 0.8225413
FS : 0.8332719
TodoEditorCore : 0.8215164
ExportAction : ExportAction is not exist in project code
Database : Database is not exist in project code
TextReader : TextReader is not exist in project code
ScriptPlugin : 0.8346978
ImageEditorCore : 0.82058436
Feed : 0.70187163
NoteWidget : 0.8341936
Config : 0.838313
ImportExport : 0.8184301
ImportAction : ImportAction is not exist in project code
TodoEditor : 0.82272995
FileSelection : 0.8175037
ScriptIDE : 0.70793724
