TodoEditorCore : 0.8330893
TodoEditor : 0.8312686
