Config : 0.8512055
AppInfo : AppInfo is not exist in project code
MMenu : 0.8200251
MStatusBar : 0.83722985
FSProperties : 0.8010089
MDialog : 0.8156047
Property : 0.85179
NewFolderDialog : 0.8128945
MainWindow : 0.70186156
UI : 0.8186899
PluginManager : 0.8237357
FSHelper : 0.82912296
Gettext : 0.837046
MetaInfo : 0.8291734
Archive : 0.83217937
BooleanProperty : 0.85412085
MFileChooser : 0.83560926
ImportExport : 0.8232684
PropertiesDialog : PropertiesDialog is not exist in project code
MText : 0.8303799
AbstractFS : 0.82315224
ProxySettings : 0.8146599
PluginInfo : 0.8165907
Shortcut : Shortcut is not exist in project code
AutoCompletion : 0.8296436
StringProperty : 0.8553102
Index : 0.83228165
TreePanel : 0.8154128
Backup : Backup is not exist in project code
MAuthenticator : 0.82325035
MTextPane : 0.82660407
PropertiesAction : PropertiesAction is not exist in project code
EnumProperty : 0.8548547
FS : 0.84049946
DateProperty : DateProperty is not exist in project code
IntegerProperty : 0.84789085
MURLButton : MURLButton is not exist in project code
ColorProperty : 0.8323297
MLogger : 0.8390316
MWizard : MWizard is not exist in project code
TextUtils : 0.8167199
