GHNSDownload : 0.81669945
GHNSDialog : 0.80010104
PluginDownloader : 0.7361945
StuffRenderer : 0.81082106
