MDialog : 0.81804806
MMenu : 0.8291403
MFileChooser : 0.8315814
MSettingsDialog : 0.8174056
Tabs : 0.83471185
