TrackerItem : TrackerItem is not exist in project code
Index : 0.85116094
TrackerListener : 0.7967626
TaskManager : TaskManager is not exist in project code
TrackerEvent : 0.83863133
MetaInfo : 0.832184
Tree : 0.8486338
Tabs : 0.83982897
FSHelper : 0.8421508
MainWindow : 0.68335736
