Boot : Boot is not exist in project code
Tester : 0.7029481
Summary : Summary is not exist in project code
MMainWindow : 0.8232632
Commands : Commands is not exist in project code
WebBrowser : 0.8377721
Mod : 0.78893596
MApplication : 0.7145761
SimpleMod : SimpleMod is not exist in project code
OPMLWriter : 0.8357687
ConsoleCommand : 0.8347265
Armor : 0.69626343
MLabel : 0.8363101
TK : 0.8396466
OS : 0.82335836
MLogger : 0.85371447
IO : IO is not exist in project code
CalendarComponent : 0.8339964
AbstractMarkupBuilder : 0.8330692
MProcess : 0.82920253
Editor : 0.82743365
Benchmark : 0.84439385
MWebBrowser : MWebBrowser is not exist in project code
ModManager : ModManager is not exist in project code
CalendarWidget : 0.8353794
UI : 0.8340692
Query : 0.84084284
Filters : 0.8390519
Console : 0.7244045
ScriptPlugin : 0.8496088
Main : 0.6968204
ScriptCommand : 0.7212544
FS : 0.84204537
AlarmManager : AlarmManager is not exist in project code
MainWindow : 0.7064635
