ScriptCommand : 0.7332637
ScriptPlugin : 0.86266625
ScriptIDE : 0.7204291
ScriptYourself : 0.8589662
FeedDownloader : 0.8457762
AbstractRequestManager : 0.8163759
PluginType : 0.0
Config : 0.84557533
MainWindow : 0.68851906
MAction : 0.8365344
ScriptError : ScriptError is not exist in project code
Wizard : Wizard is not exist in project code
ScriptComboBox : 0.8809362
PluginSettings : 0.6921886
ConsoleCommand : 0.81457996
MToolBar : 0.82177097
ActionProperties : ActionProperties is not exist in project code
Console : 0.7051676
SnippetAction : SnippetAction is not exist in project code
PluginManager : 0.8469262
Armor : 0.7026783
MApplication : 0.7071167
HTMLAutodiscovery : 0.6832601
SDK : 0.7016865
