TrackerItem : TrackerItem is not exist in project code
Index : 0.85116094
TrackerListener : 0.7967626
TrackerEvent : 0.83863133
MetaInfo : 0.832184
Tree : 0.8486338
Editor : 0.82498497
TodoEditorCore : 0.8365529
MIcon : 0.8111713
PropertiesPanel : 0.854013
FSHelper : 0.8421508
SummaryData : 0.850526
MainWindow : 0.68335736
Armor : 0.68036693
