GlobalMouseService : GlobalMouseService is not exist in project code
AbstractTransition : AbstractTransition is not exist in project code
Slideshow : Slideshow is not exist in project code
ControlPanel : ControlPanel is not exist in project code
Tracker : 0.84742576
MStatusBar : 0.86360496
TodoEditorDesigner : 0.8546878
SummaryData : 0.8382368
MTextFieldPanel : 0.83793306
NoteWidget : 0.83966625
AbstractClockWidget : 0.86414355
ImageEditorCore : 0.82938564
SafeActionHandler : SafeActionHandler is not exist in project code
Editor : 0.82692736
FeedsFS : 0.70117104
ImagePreloader : 0.8664879
Message : Message is not exist in project code
MCalendarPanel : 0.8397127
MSettingsPage : 0.81457263
PrintPreviewPanel : 0.82356155
Blend : Blend is not exist in project code
MButton : 0.8358548
MText : 0.84060365
Timer : Timer is not exist in project code
TrashFS : 0.83155507
MLogger : 0.8498035
EditorQuickFind : 0.8431503
ChartPainter : 0.81039006
ColumnManager : 0.82323956
MDate : MDate is not exist in project code
MAuthenticator : 0.8328749
MWindow : 0.82929343
MProperties : 0.82925
MIcon : 0.82291925
BackupDialog : 0.82244337
Config : 0.8424485
MColor : 0.81089556
Favicon : 0.8448569
MProcess : 0.8328165
Feed : 0.6813579
MAboutDialog : 0.68043983
