Boot : Boot is not exist in project code
RunAction : RunAction is not exist in project code
Tester : 0.7029481
MApplication : 0.7145761
OPMLWriter : 0.8357687
Armor : 0.69626343
MLogger : 0.85371447
MLabel : 0.8363101
Main : 0.6968204
OS : 0.82335836
MMainWindow : 0.8232632
IO : IO is not exist in project code
AbstractMarkupBuilder : 0.8330692
Editor : 0.82743365
Benchmark : 0.84439385
ConsoleCommand : 0.8347265
TK : 0.8396466
MProcess : 0.82920253
Console : 0.7244045
UI : 0.8340692
Query : 0.84084284
Filters : 0.8390519
CalendarWidget : 0.8353794
SDK : 0.71584266
ScriptPlugin : 0.8496088
ScriptCommand : 0.7212544
Projects : 0.8546069
VarListCommand : VarListCommand is not exist in project code
Wizard : Wizard is not exist in project code
FS : 0.84204537
DebugCommand : 0.8717285
Help : Help is not exist in project code
MainWindow : 0.7064635
