Vars : 0.83701694
Advanced : Advanced is not exist in project code
VersionPanel : 0.85986644
MainWindow : 0.6705687
