AdvancedProperties : AdvancedProperties is not exist in project code
MetaInfo : 0.831541
MountPanel : 0.86504024
Info : Info is not exist in project code
FSHelper : 0.8784127
FS : 0.8529253
ToolManager : 0.812814
ItemRenderer : 0.8211083
CategoryManager : 0.8310005
PropertiesPanel : 0.8404847
CategoryListRenderer : 0.8204203
MTable : 0.81818134
ConsoleConfig : 0.8296945
ImageEditorCore : 0.8248814
CategoryMenu : 0.78421485
TodoEditor : 0.82472205
ImageEditor : 0.82248706
ProxyModel : 0.8071162
CategoryListEditor : 0.79707444
SessionManager : 0.84850603
PluginManager : 0.8477739
ProxyManager : 0.84645385
Favicon : 0.8297478
FontRenderer : 0.808396
FaviconRequestManager : FaviconRequestManager is not exist in project code
FontRequestManager : FontRequestManager is not exist in project code
MToolBar : 0.81864774
MText : 0.83511484
MDesktopPane : 0.7983438
Designer : 0.8084935
MUndoManager : 0.81543016
PanelItem : PanelItem is not exist in project code
OptimizedPanel : OptimizedPanel is not exist in project code
Armor : 0.68736696
ScriptExecutor : 0.8388555
Main : 0.68407506
Args : 0.8414444
PluginType : 0.0
Console : 0.68717796
Preloader : Preloader is not exist in project code
PluginException : 0.0
