Desktop : 0.8431426
Widget : 0.8327392
SpellChecker : SpellChecker is not exist in project code
SessionListener : 0.77233905
Bookmarks : Bookmarks is not exist in project code
MainWindow : 0.69631153
ToolManager : 0.8389628
SessionEvent : 0.0
CategoryManager : 0.85159564
CategoryListRenderer : 0.84413946
MTable : 0.84008265
ConsoleConfig : 0.8681535
ImageEditorCore : 0.83654106
CategoryMenu : 0.80239105
TodoEditor : 0.8486233
ImageEditor : 0.8458717
ProxyModel : 0.8264041
CategoryListEditor : 0.81996584
MountManager : 0.8485061
PluginManager : 0.85783607
ProxyManager : 0.8684202
NoteWidget : 0.85159063
OS : 0.82668805
Favicon : 0.84743315
FontRenderer : 0.82932764
FaviconRequestManager : FaviconRequestManager is not exist in project code
FontRequestManager : FontRequestManager is not exist in project code
MToolBar : 0.8330856
QuickSaveAction : QuickSaveAction is not exist in project code
MText : 0.8609222
MDesktopPane : 0.8053928
Tabs : 0.85275877
ItemRenderer : 0.8404215
Designer : 0.8273857
MUndoManager : 0.84338
PanelItem : PanelItem is not exist in project code
OptimizedPanel : OptimizedPanel is not exist in project code
Armor : 0.69276375
ScriptExecutor : 0.8542253
Main : 0.67947066
Args : 0.8569822
