ImageEditorCore : 0.83997685
Tool : 0.8171933
RectangleTool : 0.8531847
RedRectangleTool : 0.820978
SelectionTool : 0.84541327
ImageEditorDesigner : 0.8538617
ImageEditor : 0.83104455
ToolButton : 0.8246324
BrushTypeAction : BrushTypeAction is not exist in project code
ToolManager : 0.84519434
PluginMenu : 0.7263963
PrintPreviewPanel : 0.83168155
ChartPanel : 0.8309831
MainWindow : 0.6989359
Widget : 0.8275016
ControlPanel : ControlPanel is not exist in project code
Console : 0.71005374
TrashFS : 0.8192479
MButton : 0.83647
BackupPlugin : 0.81712747
DeletePrivateDataPlugin : 0.8227077
NoteWidgetPlugin : 0.8250643
FeedsFS : 0.7004377
ScriptPlugin : 0.82812655
ToolPanel : ToolPanel is not exist in project code
AbstractTextEditor : 0.82794666
SimpleEditor : SimpleEditor is not exist in project code
UpdatePlugin : 0.81250286
MTableHeader : 0.8411197
ActionGroup : 0.8276023
MDialog : 0.82498956
MSystemTray : 0.8318936
NotepadEditor : 0.8325288
UI : 0.835413
Item : Item is not exist in project code
Tab : Tab is not exist in project code
ScriptYourself : 0.8290285
ShowHideEditorToolBarAction : ShowHideEditorToolBarAction is not exist in project code
ConsoleTab : 0.8394513
AbstractRectangleTool : 0.85869706
MTogglePanel : 0.82961
