MAuthenticator : 0.84568554
AbstractTest : 0.8190453
UITest : 0.816652
PluginManager : 0.80967385
Tester : 0.6910504
Parser : Parser is not exist in project code
PluginRenderer : 0.81736666
TestException : 0.79276985
PluginInfo : 0.8011863
TestAction : TestAction is not exist in project code
MTextPane : 0.8047492
MButton : 0.80535764
MToggleButton : 0.7978726
MPasswordField : 0.8100356
MMenuItem : 0.82075787
MTable : 0.80694073
MTextArea : MTextArea is not exist in project code
MPanel : 0.8094447
MEditorPane : 0.80922484
MFormattedTextField : 0.82016397
MTextField : 0.8093624
Wizard : Wizard is not exist in project code
Style : 0.81908274
FeedComponent : 0.7910539
InsertDateAction : InsertDateAction is not exist in project code
MLabel : 0.8109085
CursorParser : CursorParser is not exist in project code
FontFamilyParser : FontFamilyParser is not exist in project code
TextEditorDocument : TextEditorDocument is not exist in project code
FSHelper : 0.8066586
FontProperty : 0.8104053
AbstractEnumTest : 0.0
StyleSupport : 0.7934728
BackupDialog : 0.81124043
Main : 0.67112064
StuffRenderer : 0.79728675
TextEditorDesigner : 0.8201227
MFontChooser : 0.83052844
MRenderer : 0.8012069
UI : 0.8114351
MDateSpinner : 0.7987325
