PrintPreviewPanel : 0.84701955
ChartPanel : 0.8441559
MainWindow : 0.7058869
Widget : 0.8445336
ControlPanel : ControlPanel is not exist in project code
Console : 0.7110842
TrashFS : 0.8351443
BackupPlugin : 0.8351047
DeletePrivateDataPlugin : 0.84194636
NoteWidgetPlugin : 0.84234345
FeedsFS : 0.7062339
ScriptPlugin : 0.8467736
AbstractTextEditor : 0.8447359
ActionGroup : 0.84727585
UpdatePlugin : 0.8357197
SimpleEditor : SimpleEditor is not exist in project code
MDialog : 0.8479313
NotepadEditor : 0.84896225
ConsoleTab : 0.8565052
FeedsFSPlugin : 0.83767366
ShowHideEditorToolBarAction : ShowHideEditorToolBarAction is not exist in project code
TextEditor : 0.847222
DeskletWidgetPlugin : DeskletWidgetPlugin is not exist in project code
PluginMenu : 0.7625143
ImageEditor : 0.8416412
TodoWidget : 0.844243
MUndoManager : 0.8466356
TodoEditor : 0.83958375
SummaryPanel : 0.8348327
UI : 0.84652615
MText : 0.853023
FeedViewer : 0.8433478
PluginManager : 0.83130544
AppletPanel : 0.84399986
NoteWidget : 0.85456717
MButton : 0.85427797
MMessage : 0.83507496
Presentation : Presentation is not exist in project code
StatsPlugin : 0.8294444
ScriptYourself : 0.85383725
Item : Item is not exist in project code
