Help : Help is not exist in project code
IconButton : IconButton is not exist in project code
MainWindow : 0.7100963
MWhatsThis : 0.84818023
MMainWindow : 0.83376896
Presentation : Presentation is not exist in project code
SDK : 0.70526034
SummaryPanel : 0.8427456
SearchBar : 0.84156114
PluginManager : 0.83945936
MMenu : 0.8549138
CodePreviewProvider : 0.81939256
ActionGroup : 0.8500793
DocumentList : DocumentList is not exist in project code
Wizard : Wizard is not exist in project code
PrintPreviewPanel : 0.8406147
WikiPanel : 0.7000257
ChartPanel : 0.83894455
Widget : 0.8417552
TreePanel : 0.8480483
MProgressBar : 0.8446834
ControlPanel : ControlPanel is not exist in project code
Console : 0.7117668
MDownloadDialog : 0.846709
MainView : 0.85762084
MMenuAdapter : MMenuAdapter is not exist in project code
ScriptPlugin : 0.84906536
Tabs : 0.84918493
FeedViewer : 0.8448922
TrashFS : 0.84124994
BackupPlugin : 0.8472218
DeletePrivateDataPlugin : 0.84753394
NoteWidgetPlugin : 0.84049606
FeedsFS : 0.7067538
MApplication : 0.70163506
MURLButton : MURLButton is not exist in project code
MButton : 0.85119516
MMenuItem : 0.86120564
MTextFieldPanel : 0.842059
MNotification : 0.83654827
BackupDialog : 0.8319901
