MFontButton : 0.8445653
ImageInfo : 0.82152426
MToggleButton : 0.84264284
PropertiesBar : 0.8272397
MLinkButton : 0.84479094
Sidebar : 0.8475126
MColorButtonBeanInfo : MColorButtonBeanInfo is not exist in project code
MTextFieldPanel : 0.83979124
MCalendarPanel : 0.8392071
MSmallButton : 0.87355614
MDialog : 0.84665865
PluginDownloader : 0.6976978
MSettingsDialog : 0.84242064
MRadioButton : 0.8512823
MSmallColorChooser : 0.8353713
MNotification : 0.8363025
DesktopPanel : 0.8448972
TreePanel : 0.8442262
MainPanel : MainPanel is not exist in project code
InternetSearchPanel : 0.70917857
PropertiesPanel : 0.8543575
MWizardDialog : 0.8405918
NotepadEditorDesigner : 0.8477168
WidgetDesktopIconUI : 0.82154053
TaskPanel : 0.8418607
MColorPicker : 0.84667
Panel : Panel is not exist in project code
TodoEditorDesigner : 0.8520341
MRating : 0.82366544
MountPanel : 0.83999115
ConsoleCommandLine : 0.852907
MSwingWorker : 0.83928686
FeedViewer : 0.8474719
DesktopSettings : 0.84811866
LookAndFeelSettings : 0.8403036
MStatusBar : 0.8563932
MIconButton : 0.85047543
FeedsConfigPanel : FeedsConfigPanel is not exist in project code
WikiPanel : 0.70115215
StaticRolloverHandler : StaticRolloverHandler is not exist in project code
MButtonBeanInfo : MButtonBeanInfo is not exist in project code
