PrintPreviewPanel : 0.84701955
WikiPanel : 0.6989103
ChartPanel : 0.8441559
MainWindow : 0.7058869
Widget : 0.8445336
TreePanel : 0.83952796
ControlPanel : ControlPanel is not exist in project code
Console : 0.7110842
TrashFS : 0.8351443
BackupPlugin : 0.8351047
DeletePrivateDataPlugin : 0.84194636
NoteWidgetPlugin : 0.84234345
FeedsFS : 0.7062339
ScriptPlugin : 0.8467736
AbstractTextEditor : 0.8447359
ActionGroup : 0.84727585
UpdatePlugin : 0.8357197
DesktopTab : 0.8447575
SimpleEditor : SimpleEditor is not exist in project code
MDialog : 0.8479313
ScriptYourself : 0.85383725
NotepadEditor : 0.84896225
WikiTab : WikiTab is not exist in project code
ConsoleTab : 0.8565052
FeedsFSPlugin : 0.83767366
ShowHideEditorToolBarAction : ShowHideEditorToolBarAction is not exist in project code
TextEditor : 0.847222
PluginMenu : 0.7625143
ShowHideMainToolBarAction : ShowHideMainToolBarAction is not exist in project code
MUndoManager : 0.8466356
ImageEditor : 0.8416412
TodoWidget : 0.844243
FeedViewer : 0.8433478
TodoEditor : 0.83958375
UI : 0.84652615
MText : 0.853023
PluginManager : 0.83130544
AppletPanel : 0.84399986
MMessage : 0.83507496
MButton : 0.85427797
StatsPlugin : 0.8294444
