TrackerItem : TrackerItem is not exist in project code
Index : 0.85116094
TrackerListener : 0.7967626
TodoWidget : 0.8588721
MetaInfo : 0.832184
TrackerEvent : 0.83863133
Tree : 0.8486338
Editor : 0.82498497
MIcon : 0.8111713
TodoEditorCore : 0.8365529
PropertiesPanel : 0.854013
FSHelper : 0.8421508
MainWindow : 0.68335736
SummaryData : 0.850526
TimelineEngine : TimelineEngine is not exist in project code
