ArchiveItem : 0.79489934
MCalendar : MCalendar is not exist in project code
Entry : Entry is not exist in project code
RSSItem : 0.76658785
Atom10Item : 0.6582161
MetaInfo : 0.8150072
Task : 0.7159542
TodoEditorCore : 0.820976
CalendarComponent : 0.8220962
FeedViewer : 0.8164449
