ArchiveOptions : ArchiveOptions is not exist in project code
ProxyPanel : 0.85237217
StaticHandler : StaticHandler is not exist in project code
MMenu : 0.8475792
PrintDialog : 0.83460474
TreePanel : 0.8360143
UI : 0.8285548
StaticMenuAdapter : StaticMenuAdapter is not exist in project code
MCalendarPanel : 0.83389145
ColumnManager : 0.8252163
MFontButton : 0.8472853
ImageInfo : 0.7980016
MToggleButton : 0.85065305
PropertiesBar : 0.8136025
MLinkButton : 0.8445321
Sidebar : 0.8474239
MColorButtonBeanInfo : MColorButtonBeanInfo is not exist in project code
MTextFieldPanel : 0.84222376
MSmallButton : 0.8738199
MDialog : 0.8360679
PluginDownloader : 0.7111009
MSettingsDialog : 0.8384621
MSmallColorChooser : 0.8288545
MNotification : 0.82972455
DesktopPanel : 0.8395373
MButton : 0.8512824
MainPanel : MainPanel is not exist in project code
InternetSearchPanel : 0.7238022
PropertiesPanel : 0.84211993
MWizardDialog : 0.8419414
NotepadEditorDesigner : 0.8319185
WidgetDesktopIconUI : 0.8409345
TaskPanel : 0.839965
MColorPicker : 0.8407883
Panel : Panel is not exist in project code
TodoEditorDesigner : 0.8501786
MRating : 0.8211768
MountPanel : 0.83808833
ConsoleCommandLine : 0.84337586
MSwingWorker : 0.83920896
FeedViewer : 0.8394854
