Item : Item is not exist in project code
ItemInfo : ItemInfo is not exist in project code
MTreeScanner : 0.82961494
MGraphics : MGraphics is not exist in project code
RDFChannel : 0.76134723
PIMData : 0.8230137
MTreeModel : 0.8128121
ArchiveChannel : 0.82018566
Result : Result is not exist in project code
MMultiPanel : 0.8188954
Atom10Item : 0.71675193
AbstractFileCache : 0.82096773
FeedComponent : 0.8260904
RSSItem : 0.76977694
RDFItem : 0.7528377
Filter : 0.8253717
Atom0xItem : 0.7515827
ArchiveItem : 0.8458048
ActionGroup : 0.8211355
MTreeItem : 0.81689525
ChartModel : 0.80584824
Filters : 0.80099183
ChannelInfo : ChannelInfo is not exist in project code
AutoCompletionData : 0.8210379
SearchableFilter : SearchableFilter is not exist in project code
MMenuItem : 0.8164794
ChartPainter : 0.7870035
NotificationAction : NotificationAction is not exist in project code
FeedViewer : 0.8013291
ItemRenderer : 0.7956986
StuffRenderer : 0.810788
Renderer : Renderer is not exist in project code
SessionManager : 0.8038466
Info : Info is not exist in project code
QueryEditor : 0.80733615
RSSChannel : 0.8358281
ChartView : 0.8049457
Tracker : 0.79808545
MComboBox : 0.819834
MTree : 0.80005
FileCache : 0.8128506
