MAuthenticator : 0.839036
TestPermission : TestPermission is not exist in project code
AbstractTest : 0.85816
MRenderer : 0.8320357
Focusable : 0.81664693
UITest : 0.8421314
PluginManager : 0.82715803
Tester : 0.700806
AbstractTextEditor : 0.8477501
NoteWidget : 0.8508811
TodoEditor : 0.8422505
DesktopTab : 0.8495861
ImageEditor : 0.8328681
SummaryPanel : 0.8326208
DesktopPanel : 0.8379988
WebBrowserEditor : WebBrowserEditor is not exist in project code
ScriptIDE : 0.72142315
SearchBar : 0.84244585
MComponent : 0.8534925
TestException : 0.776392
UI : 0.8323476
PluginInfo : 0.81050944
TestAction : TestAction is not exist in project code
LinkEditor : 0.848115
WidgetDesktopIconUI : 0.8189435
CoolHeader : CoolHeader is not exist in project code
WikiTab : WikiTab is not exist in project code
TaskPanel : 0.8381098
Widget : 0.8389538
PropertyPanel : 0.83034235
AppletTab : 0.8493822
StaticDialogHandler : StaticDialogHandler is not exist in project code
FSHelper : 0.81918156
MTree : 0.8478428
WidgetInternalFrame : 0.8478593
AbstractSpinner : 0.85286844
InternetSearchWidget : 0.8511065
StaticFocusHandler : StaticFocusHandler is not exist in project code
AbstractEnumTest : 0.0
BackupDialog : 0.816196
Main : 0.68905705
