HistoryCommand : 0.7502412
MProperties : 0.8047438
SimpleXMLReader : 0.8056453
FSException : 0.0
Tree : 0.7647186
ChartModel : 0.7670921
Checksum : 0.79022443
TaskModel : 0.7794425
MZip : 0.784915
MetaInfo : 0.790958
VirtualFileMetaInfo : VirtualFileMetaInfo is not exist in project code
NewFileDialog : 0.8133993
ConfigFile : 0.781332
AbstractFileCache : 0.802531
FileExtensionFilter : FileExtensionFilter is not exist in project code
NewFileAction : NewFileAction is not exist in project code
ExternalFolderList : ExternalFolderList is not exist in project code
Armor : 0.75914145
TreeFS : 0.7806974
FeedsFSPlugin : 0.7600672
AbstractFS : 0.80976045
FSHelper : 0.7699331
TrashFS : 0.7768428
ScriptExecutor : 0.76271343
BackupDialog : 0.76167357
FeedsFS : 0.78017396
XMLHelper : 0.78908587
DocumentWriter : DocumentWriter is not exist in project code
ImageEditorCore : 0.7829278
TextWriter : TextWriter is not exist in project code
Editor : 0.79719085
ProxyManager : 0.7509003
DefaultPreview : 0.77384365
MText : 0.75542396
Tester : 0.7690934
AbstractImportAction : AbstractImportAction is not exist in project code
MApplication : 0.778129
ImportExport : 0.7661674
Template : 0.7490866
PluginInstaller : 0.77105427
FS : 0.7853034
