ToolButton : 0.8356876
ToolManager : 0.8358653
PluginMenu : 0.7568172
PrintPreviewPanel : 0.80335075
ImageEditorCore : 0.82543474
BrushTool : 0.8171933
RedRectangleTool : 0.836561
WikiPanel : 0.7344411
ChartPanel : 0.8298117
MainWindow : 0.74011254
Widget : 0.8313712
TreePanel : 0.8012239
ControlPanel : ControlPanel is not exist in project code
Console : 0.7481505
TrashFS : 0.80176455
MButton : 0.824865
BackupPlugin : 0.7956498
DeletePrivateDataPlugin : 0.7949707
NoteWidgetPlugin : 0.820749
FeedsFS : 0.73758894
ScriptPlugin : 0.81526184
ToolPanel : ToolPanel is not exist in project code
AbstractTextEditor : 0.8223378
SimpleEditor : SimpleEditor is not exist in project code
UpdatePlugin : 0.80677575
ActionGroup : 0.82491994
MDialog : 0.82207704
MTableHeader : 0.8156792
MSystemTray : 0.82114345
NotepadEditor : 0.811267
UI : 0.80821884
ScriptYourself : 0.8181712
Item : Item is not exist in project code
Tab : Tab is not exist in project code
RectangleTool : 0.8135057
WikiTab : WikiTab is not exist in project code
ConsoleTab : 0.82110274
ShowHideMainToolBarAction : ShowHideMainToolBarAction is not exist in project code
AbstractRectangleTool : 0.8246275
MTogglePanel : 0.8166397
FeedsFSPlugin : 0.7922609
