CalendarWidget : 0.8314964
TrackerItem : TrackerItem is not exist in project code
TrackerListener : 0.7967626
TaskSummary : TaskSummary is not exist in project code
UI : 0.8238838
Tree : 0.8486338
MetaInfo : 0.832184
TrackerEvent : 0.83863133
TodoEditorCore : 0.8365529
Index : 0.85116094
Tabs : 0.83982897
FSHelper : 0.8421508
MainWindow : 0.68335736
