Armor : 0.6773072
MURLButton : MURLButton is not exist in project code
SecureOpen : SecureOpen is not exist in project code
Property : 0.82035017
MURLAction : MURLAction is not exist in project code
MTextPane : 0.84404653
FSHelper : 0.8294558
MFileChooser : 0.8489791
MDialog : 0.845382
SecureProperty : SecureProperty is not exist in project code
Config : 0.8260313
MSettingsPage : 0.8138527
FormPanel : 0.8601026
PluginManager : 0.8441236
Validator : 0.83204097
Mods : 0.83793634
ScriptPlugin : 0.84683037
Content : Content is not exist in project code
WikipediaInternetSearchPlugin : 0.83417255
FeedsFSPlugin : 0.8432478
Factory : Factory is not exist in project code
StaticDialogHandler : StaticDialogHandler is not exist in project code
StaticHandler : StaticHandler is not exist in project code
Args : 0.8408188
Console : 0.69942904
Preloader : Preloader is not exist in project code
Main : 0.6807053
Vars : 0.81227696
MClipboard : 0.84693736
MMainWindow : 0.8407044
Gettext : 0.8179896
Tracker : 0.83912
Globals : 0.841365
MDownloadDialog : 0.86645925
WikiPanel : 0.6923106
ValidatorSupport : 0.83845407
Net : 0.66848403
QueryEditor : 0.8425678
CategoryManager : 0.83040994
CalendarWidgetPlugin : 0.8675154
GHNSDialog : 0.8370204
