DT : 0.83396584
PrintDialog : 0.809413
MetaInfo : 0.8250976
InsertDateAction : InsertDateAction is not exist in project code
UI : 0.83196396
MTimer : 0.84403586
ArchiveItem : 0.810133
MTextPane : 0.8162034
AppInfo : AppInfo is not exist in project code
Task : 0.71304405
CalendarWidget : 0.8198784
MDate : MDate is not exist in project code
TodoEditor : 0.81885725
MLogger : 0.8381498
ImageEditor : 0.80810773
PrintPreview : PrintPreview is not exist in project code
Tracker : 0.8256775
ArchiveChannel : 0.8078534
MNumberSpinner : 0.8564938
AbstractSelection : 0.81945413
Priority : 0.0
MainWindow : 0.6893833
PrintAction : PrintAction is not exist in project code
Backup : Backup is not exist in project code
TrashFS : 0.8226214
DateTimeEditor : 0.81061596
MStatusBar : 0.84644336
AbstractMarkupBuilder : 0.8327674
MDateSpinner : 0.8456862
AutoCompletionData : 0.82681274
MAbout : MAbout is not exist in project code
Config : 0.84334546
MCalendar : MCalendar is not exist in project code
ControlPanel : ControlPanel is not exist in project code
Console : 0.70701265
MMessage : 0.80681115
MouseGestures : 0.8053813
FeedsFS : 0.7050139
MTip : 0.83625513
FeedViewer : 0.8163175
Editor : 0.8106527
