TK : 0.84478325
Help : Help is not exist in project code
HTMLBuilder : 0.748037
LogFile : 0.854986
TaskModel : 0.82293445
OpenSearchDescription : 0.70561606
NotepadEditorCore : 0.83393276
TodoEditorCore : 0.8354064
XMLBuilder : 0.88700134
Manifest : Manifest is not exist in project code
Content : Content is not exist in project code
ConfigFile : 0.84896666
MHTMLViewer : 0.8391931
TextEditor : 0.8386993
MetaInfo : 0.82867336
FSProperties : 0.7932847
Args : 0.8330692
XMLRPCClient : 0.8459101
FileSelection : 0.8251468
TaskList : TaskList is not exist in project code
CryptoUtils : 0.8521827
Tester : 0.70440036
LinkEditor : 0.83038986
Group : Group is not exist in project code
ColumnManager : 0.83035034
TagsUtils : 0.8509458
ImageInfo : 0.80017066
Task : 0.6929626
Links : 0.69760245
Entry : Entry is not exist in project code
ChartModel : 0.8323433
QueryEditor : 0.83819395
TextPrintInfo : TextPrintInfo is not exist in project code
DocumentWriter : DocumentWriter is not exist in project code
AbstractFileCache : 0.8282598
ProxyModel : 0.8124016
DBTableModel : DBTableModel is not exist in project code
TaskSelection : 0.82430714
FS : 0.83975977
Format : Format is not exist in project code
BackupDialog : 0.81546706
