GeneralSettings : 0.8385455
MMainWindow : 0.8238508
PluginMenu : 0.75693494
UI : 0.83196384
MAboutDialog : 0.6802816
SummaryData : 0.80926734
ProxyPanel : 0.83408725
ProxyModel : 0.79711235
Submenu : Submenu is not exist in project code
MainWindow : 0.7059977
MProcess : 0.80787235
ProxyManager : 0.81046945
MClipboard : 0.83292913
Tree : 0.813882
IO : IO is not exist in project code
NoteWidgetPlugin : 0.82750905
AbstractPlugin : AbstractPlugin is not exist in project code
LookAndFeelSettings : 0.82653624
MGuardedObject : 0.8225678
MApplication : 0.70348644
XMLHelper : 0.6961839
MWebBrowserPanel : MWebBrowserPanel is not exist in project code
FS : 0.81412613
MAuthenticator : 0.82681745
OS : 0.8124655
FSException : 0.0
AbstractTest : 0.78932714
Benchmark : 0.8227126
TK : 0.8081116
MFileChooser : 0.83392555
History : History is not exist in project code
Title : Title is not exist in project code
PluginManager : 0.8152441
MLogger : 0.8252408
TreeFS : 0.70387363
Advanced : Advanced is not exist in project code
TagsMenu : 0.8167417
AbstractFS : 0.8116099
LinkEditorPlugin : 0.82915884
MFormatter : MFormatter is not exist in project code
SDK : 0.6941369
