MStatusBar : 0.83790755
MetaInfo : 0.82190067
ButtonRenderer : ButtonRenderer is not exist in project code
Category : 0.8309062
PluginInfo : 0.8138543
MToggleButton : 0.81001526
Builder : Builder is not exist in project code
MMessageLabel : MMessageLabel is not exist in project code
MSettingsPage : 0.8123155
MButton : 0.8238323
PluginType : 0.0
MApplication : 0.6994744
MNotification : 0.80883026
MActionInfo : 0.7598736
TaskState : 0.0
MAction : 0.8307225
MTogglePanel : 0.82090616
MMenuItem : 0.841916
MRating : 0.81258196
RatingPanel : RatingPanel is not exist in project code
CategoryPropertiesPanel : CategoryPropertiesPanel is not exist in project code
Priority : 0.0
MToolBar : 0.8358899
MSmallColorButton : 0.82780266
MIconChooser : 0.83341414
AbstractFS : 0.81136465
Reflection : 0.8096536
LookAndFeelSettings : 0.8207275
Plugin : 0.8079656
FSNewFile : 0.7852086
TreeFS : 0.70878136
PluginAction : 0.0
MLabel : 0.8339754
MMenu : 0.82409614
MIconButton : 0.8440196
ConsoleCommand : 0.8133394
DefaultIconLoader : 0.84544927
WidgetInternalFrame : 0.8143184
MColorIcon : 0.8191432
Info : Info is not exist in project code
AbstractBeanInfo : AbstractBeanInfo is not exist in project code
