Tracker : 0.8386314
TrackerListener : 0.8508496
TodoWidget : 0.81832075
MetaInfo : 0.82652795
SummaryData : 0.82909656
Editor : 0.82400817
Tree : 0.8215073
TodoEditorCore : 0.80795527
SimpleXMLReader : 0.8297975
Index : 0.81873757
FSHelper : 0.81391525
LoupeLayerUI : 0.80324537
ApplicationAdapter : ApplicationAdapter is not exist in project code
MAction : 0.8266062
Message : Message is not exist in project code
ApplicationListener : ApplicationListener is not exist in project code
MTextFieldPanel : 0.8354663
MList : 0.8296971
AbstractListTableModel : 0.8267117
MComboBox : 0.8285174
BrowseLayerUI : 0.79042745
MSlider : 0.8249548
CategoryManager : 0.8357696
WebBrowser : 0.8273748
MEditorPane : 0.821398
MTextPane : 0.82516795
DesktopPanel : 0.8062913
EventsControl : EventsControl is not exist in project code
MMouseAdapter : 0.80658823
MLayerUI : 0.81756544
ScriptListener : ScriptListener is not exist in project code
AbstractSpinner : 0.8219025
MFrame : 0.8232611
MIcon : 0.8105277
MWizardDialog : 0.81513214
PluginManager : 0.8143158
LinkListener : LinkListener is not exist in project code
MApplication : 0.7313687
ScriptExecutor : 0.8095024
MainWindow : 0.7218884
MCellTip : 0.8046286
