Armor : 0.68213326
Benchmark : 0.8642564
Cache : 0.84873
PIMData : 0.83472073
AbstractFileCache : 0.8355248
BackupDialog : 0.8421554
DefaultPreview : 0.6963756
Config : 0.8596039
ImagePreloader : 0.8594835
IconTheme : 0.8288009
Favicon : 0.84710544
Reminder : 0.86337525
WikiPanel : 0.6862377
Selector : Selector is not exist in project code
FeedDownloader : 0.8577229
Index : 0.8507255
MProcess : 0.83423513
Feed : 0.67678374
Database : Database is not exist in project code
UpdatePlugin : 0.84222424
GHNSDialog : 0.8321859
SummaryData : 0.8422114
FeedsFS : 0.6938667
DownloadInfo : DownloadInfo is not exist in project code
FeedThread : 0.8397203
Tracker : 0.8558529
CacheGroup : 0.8353167
Autosave : 0.8716115
Info : Info is not exist in project code
MInternalFrame : 0.82698125
Validator : 0.8301949
FSHelper : 0.84716773
MApplication : 0.6958724
PrintDialog : 0.8467523
Mods : 0.8567443
FS : 0.846177
Desktop : 0.84012496
Stub : Stub is not exist in project code
MTabbedPane : 0.83083665
TodoEditorPlugin : 0.84959954
WebResult : 0.8400438
