Archive : 0.8568625
Query : 0.859318
TagAction : TagAction is not exist in project code
TagsSubmenu : TagsSubmenu is not exist in project code
MetaInfo : 0.84057564
AutoTag : AutoTag is not exist in project code
ArchiveItem : 0.8125701
TagsEditor : 0.8592179
TagListener : TagListener is not exist in project code
PropertiesBar : 0.83569676
PropertiesPanel : 0.8631798
ItemRenderer : 0.84459627
AbstractMarkupBuilder : 0.8520954
TagsUtils : 0.88917387
PluginMenu : 0.74252343
OpenSearchDescription : 0.68178004
FSProperties : 0.7770542
HelpGenerator : 0.6755647
OPMLWriter : 0.8538788
MainWindow : 0.6727243
UI : 0.83658534
HTMLBuilder : 0.710003
TagsSelection : TagsSelection is not exist in project code
Vars : 0.83871025
Link : 0.82593143
TK : 0.8584122
ProxyModel : 0.8243703
AdvancedSettingsPage : AdvancedSettingsPage is not exist in project code
ChartModel : 0.8447973
QueryCategory : QueryCategory is not exist in project code
TodoEditorCore : 0.8441989
HTMLRichTextPane : 0.69457227
Task : 0.677955
Editor : 0.8326392
AbstractFileCache : 0.8387333
BackupDialog : 0.83813965
TagsMenu : 0.86088175
MTextPane : 0.8309118
TaskList : TaskList is not exist in project code
TaskModel : 0.8361641
FSHelper : 0.8462658
