Globals : 0.84175175
Vars : 0.81215143
FS : 0.84367394
Kiosk : 0.81648606
Mods : 0.84790045
Links : 0.6838055
OS : 0.8113902
Tracker : 0.8412244
Blend : Blend is not exist in project code
Input : 0.82699084
Args : 0.8396466
Help : Help is not exist in project code
Gettext : 0.8419392
Net : 0.67856514
Checksum : 0.8358638
UI : 0.82944125
Keywords : Keywords is not exist in project code
ScriptExecutor : 0.8398536
VersionControl : 0.8431464
MObject : MObject is not exist in project code
AbstractMarkupBuilder : 0.84478325
MDataTransfer : 0.84167665
IconTheme : 0.81927204
MFormat : 0.8367104
HTMLEntities : 0.8663248
MSystemTray : 0.8081117
ScriptYourself : 0.83695227
MountManager : 0.82389724
EditorCrypto : 0.68593967
SessionManager : 0.84621525
PIMUtils : 0.839321
ImportExport : 0.835156
XMLHelper : 0.70750606
CommandOptions : 0.8365563
MText : 0.845827
PluginInstaller : 0.82518995
MSplashScreen : 0.8348443
FSHelper : 0.83942395
MainView : 0.8294053
FeedUtils : 0.6888363
MasterKey : 0.8483021
