ChartPanel : 0.8441559
MainWindow : 0.7058869
Widget : 0.8445336
WebBrowser : 0.8403972
TreePanel : 0.83952796
Console : 0.7110842
NoteWidgetPlugin : 0.84234345
AbstractTextEditor : 0.8447359
ActionGroup : 0.84727585
TodoEditorPlugin : 0.83681893
Layout : Layout is not exist in project code
TrashFS : 0.8351443
GeneralPlugin : 0.8214471
FeedsFS : 0.7062339
LinkEditorPlugin : 0.8392589
LinkEditor : 0.8456106
ConsoleTab : 0.8565052
ScriptYourself : 0.85383725
PluginSettings : 0.7095636
WikiPanel : 0.6989103
NotepadEditor : 0.84896225
MDialog : 0.8479313
PluginSettingsTab : 0.8459113
FeedViewer : 0.8433478
ScriptPlugin : 0.8467736
Editor : 0.83278185
ImageEditor : 0.8416412
DesktopTab : 0.8447575
WebBrowserTab : 0.8354964
TodoEditor : 0.83958375
PluginMenu : 0.7625143
StaticToolBarHandler : StaticToolBarHandler is not exist in project code
MUndoManager : 0.8466356
MText : 0.853023
UI : 0.84652615
TodoWidget : 0.844243
PluginManager : 0.83130544
AppletPanel : 0.84399986
StatsPlugin : 0.8294444
NoteWidget : 0.85456717
SummaryPanel : 0.8348327
