FetchAllFeedsAction : FetchAllFeedsAction is not exist in project code
MFontButton : 0.8445653
ImageInfo : 0.82152426
MToggleButton : 0.84264284
MRadioButtonBeanInfo : MRadioButtonBeanInfo is not exist in project code
MToggleButtonBeanInfo : MToggleButtonBeanInfo is not exist in project code
MCalendarPanel : 0.8392071
MTextFieldPanel : 0.83979124
WebPanel : 0.84046835
MSmallButton : 0.87355614
MSmallColorChooser : 0.8353713
SummaryPanel : 0.8373644
MDialog : 0.84665865
MSettingsDialog : 0.84242064
PluginDownloader : 0.6976978
PropertiesBar : 0.8272397
MRadioButton : 0.8512823
DesktopPanel : 0.8448972
MFileChooser : 0.8463506
MainPanel : MainPanel is not exist in project code
MWizardDialog : 0.8405918
InternetSearchPanel : 0.70917857
PropertiesPanel : 0.8543575
Reminder : 0.8446806
NotepadEditorDesigner : 0.8477168
FeedViewer : 0.8474719
MAboutDialog : 0.68325144
WidgetDesktopIconUI : 0.82154053
PluginSettingsTab : 0.8518392
TaskPanel : 0.8418607
MRating : 0.82366544
GroupTree : 0.85464716
MColorPicker : 0.84667
MountPanel : 0.83999115
ConsoleCommandLine : 0.852907
WikiPanel : 0.70115215
FeedComponent : 0.8225803
MNotification : 0.8363025
DesktopSettings : 0.84811866
GHNSDialog : 0.83194256
DesktopTab : 0.8487999
