Parser:0.4066666666666667
Token:0.355
HsqlTimer:0.27666666666666667
LockFile:0.25805555555555554
TransferDb:0.24666666666666667
jdbcPreparedStatement:0.24
HsqlProperties:0.21666666666666667
DatabaseCommandInterpreter:0.19333333333333333
jdbcDriver:0.15
HsqlArrayHeap:0.14666666666666667
ScriptRunner:0.049545454545454545
