RectangleTool:0.17879441
LineTool:0.14521457
BrushTool:0.12783484
AbstractRectangleTool:0.11863496
SelectionTool:0.07506711
EraserTool:0.05790368
ToolManager:0.04343264
ToolButton:0.04222023
ToolPanel:0.039319653
RedRectangleTool:0.031565417
