ColopediaPanel:0.5066666666666667
ColopediaAction:0.41
ActionManager:0.21666666666666667
FreeColMenuBar:0.16333333333333333
ColopediaTreeItem:0.15333333333333332
InGameMenuBar:0.15
MoveAction:0.14333333333333334
