MainWindow:0.5766666666666667
Kiosk:0.545611111111111
InternetSearchAction:0.3333333333333333
ExtraKiosk:0.21255555555555553
InternetSearchPlugin:0.15333333333333332
