Unit:0.8366666666666667
SimpleCombatModel:0.3611111111111111
FoundingFatherTest:0.16666666666666666
CombatTest:0.13333333333333333
IndianSettlementTest:0.07
