MAction:0.83
MLabel:0.41333333333333333
SetDateTimeAction:0.26
ShowTaskAction:0.24666666666666667
MSmallColorChooser:0.22666666666666666
