Style:0.7766666666666666
MLinkButton:0.38666666666666666
StaticMouseHandler:0.22111111111111115
MetaInfoMenu:0.12333333333333334
