InGameInputHandler:0.4066666666666667
Europe:0.4033333333333333
Canvas:0.32666666666666666
InGameController:0.31666666666666665
EmigrationPanel:0.2866666666666667
