ConsoleIO:0.39666666666666667
MDataTransfer:0.32666666666666666
Shortcut:0.21833333333333332
PropertiesCompiler:0.19533333333333333
DayKey:0.194
XMLRPCClient:0.15666666666666668
