MTip:0.6066666666666667
MMessage:0.4222222222222222
TagsEditor:0.21
