jEdit:0.6133333333333333
Buffer:0.56
FoldVisibilityManager:0.33944444444444444
JEditTextArea:0.3333333333333333
OffsetManager:0.24055555555555558
FileVFS:0.22944444444444448
StatusBar:0.19
BufferChangeHandler:0.18222222222222223
EditServer:0.16222222222222224
