GoodsType:0.49333333333333335
Limit:0.31
Event:0.2966666666666667
FreeColGameObjectType:0.27
EquipmentType:0.26666666666666666
UnitType:0.25333333333333335
Nation:0.24
TileType:0.21333333333333335
EuropeanNationType:0.17333333333333334
BuildableType:0.17
BuildingType:0.15
ResourceType:0.14833333333333334
FoundingFather:0.13666666666666666
IndianNationType:0.13
TileImprovementType:0.10333333333333333
