Handler:0.5991666666666666
ParseEntry:0.5233333333333333
SourceTextEntry:0.4166666666666667
