StatementDML:0.27113754
StatementDMQL:0.24287835
Session:0.11348015
Database:0.0945933
Table:0.09033704
Row:0.07708424
TableBase:0.076805264
SessionContext:0.07083583
StatementTypes:0.048009027
Statement:0.047412712
