StatementDMQL:0.12661794
ParserDDL:0.11736039
StatementCompound:0.11524452
StatementCommand:0.112431176
StatementSimple:0.09677095
StatementSchema:0.094323896
ParserRoutine:0.08701306
StatementSession:0.08080286
Routine:0.078969024
StatementProcedure:0.07359534
StatementDML:0.07222639
ExpressionColumn:0.06754389
StatementHandler:0.06630794
StatementManager:0.0648949
StatementQuery:0.061114658
ParserCommand:0.05758461
StatementSet:0.056379937
StatementSchemaDefinition:0.046970904
StatementResultUpdate:0.040137976
StatementExpression:0.04002663
StatementTypes:0.039244164
Session:0.037432045
RangeVariable:0.037195846
TransactionManagerCommon:0.034863044
TransactionManagerMV2PL:0.019166205
SessionContext:0.017294839
TransactionManager:0.010836547
TransactionManagerMVCC:0.010408937
TransactionManager2PL:0.009188639
