Colony:0.7733333333333333
ServerColony:0.41333333333333333
InGameController:0.37333333333333335
ProductionCache:0.09666666666666666
