Buffer:0.6033333333333334
JEditTextArea:0.33666666666666667
BrowserView:0.32666666666666666
DockableWindowManager:0.31333333333333335
FileVFS:0.2733333333333333
View:0.27
VFSBrowser:0.21333333333333335
SearchDialog:0.21
MouseHandler:0.17
Macro:0.13333333333333333
HyperSearchResults:0.11666666666666667
