WikiReference:0.5533333333333333
JFlexLexer:0.5266666666666666
WikiReferenceTag:0.25333333333333335
WikiReferencesTag:0.16
