Resource:0.42333333333333334
FreeColDataFile:0.29333333333333333
ImageResource:0.24
ResourceFactory:0.21666666666666667
FreeColTcFile:0.19583333333333333
SZAResource:0.13333333333333333
VideoResource:0.056666666666666664
