TodoEditorPlugin:0.5335555555555556
TaskListComponent:0.33142857142857146
Action:0.3188888888888889
