PrintBuilder:0.5733333333333334
PrintDialog:0.3933333333333333
PrintPreviewPanel:0.3433333333333333
TodoWidget:0.22666666666666666
