FoldVisibilityManager:0.21856463
Buffer:0.1916104
TokenMarker:0.10288723
Log:0.032755252
IntegerArray:0.011970428
