Handle:0.67
Figure:0.45211111111111096
SimpleDrawingView:0.42
PointHandle:0.2866666666666667
LineConnectionFigure:0.23666666666666666
LineFigure:0.20333333333333334
DrawingView:0.2
RotateHandle:0.2
MoveHandle:0.19333333333333333
ConnectionPointHandle:0.175
ResizeHandle:0.14666666666666667
HandleType:0.14333333333333334
BoundsInParentOutlineHandle:0.12333333333333334
LineOutlineHandle:0.043333333333333335
BoundsInLocalOutlineHandle:0.04
CssSample:0.016666666666666666
