TaskTable:0.5288888888888889
Action:0.3466666666666667
Dialog:0.3233333333333333
DurationEditor:0.31
Editor:0.24666666666666667
MDateSpinner:0.24277777777777781
Reminder:0.18222222222222223
DateTimeRenderer:0.14222222222222222
SetDurationAction:0.13583333333333333
