Building:0.7533333333333333
InGameController:0.5666666666666667
ServerBuilding:0.33666666666666667
