BSHImportDeclaration:0.38605657
BSHPrimarySuffix:0.30101874
BSHMethodInvocation:0.26838177
BSHPrimaryExpression:0.26706636
BSHAllocationExpression:0.24111468
Name:0.23969617
NameSpace:0.23341118
BSHLHSPrimaryExpression:0.20372272
SimpleNode:0.17835158
Interpreter:0.16890499
CallStack:0.13096589
LHS:0.114329986
BSHType:0.096129216
EvalError:0.061653167
InterpreterError:0.021638533
Parser:0.012038223
