Primitive:0.5001478
LHS:0.21455221
BSHLHSPrimaryExpression:0.17573343
Interpreter:0.12767872
Parser:0.06543249
SimpleNode:0.044989794
EvalError:0.038245484
ParserConstants:0.023524875
InterpreterError:0.011360962
CallStack:0.010657366
