Primitive:0.2737989
NameSpace:0.15381815
Reflect:0.12242048
Interpreter:0.10716939
Parser:0.045462694
TargetError:0.023172894
ParserConstants:0.0046217227
