BSHTryStatement:0.16475973
BSHMethodDeclaration:0.118448496
BSHAllocationExpression:0.11609538
SimpleNode:0.09930674
Interpreter:0.080566585
BshMethod:0.06359781
BlockNameSpace:0.062464967
NameSpace:0.05237499
CallStack:0.03691271
EvalError:0.036212474
Primitive:0.015609007
Parser:0.013542671
ReturnControl:0.007443468
