BSHMethodDeclaration:0.27159625
BSHFormalParameter:0.2468476
BshMethod:0.09492378
SimpleNode:0.053673133
NameSpace:0.04874126
Parser:0.023873787
Primitive:0.013787232
EvalError:0.013502162
