BSHWhileStatement:0.6080656
BSHTernaryExpression:0.3796287
BSHForStatement:0.33060104
SimpleNode:0.17683187
Interpreter:0.14637706
EvalError:0.08653305
Primitive:0.07444867
CallStack:0.018872922
Parser:0.017886238
ReturnControl:0.004166569
