BSHAmbiguousName:0.3017948
NameSpace:0.21140835
SimpleNode:0.14320873
CallStack:0.12796836
Interpreter:0.10913835
Name:0.08933014
Parser:0.02473125
EvalError:0.021831151
Primitive:0.019587712
