BSHLHSPrimarySuffix:0.112211294
BSHAmbiguousName:0.0789876
BSHAssignment:0.07431787
BSHUnaryExpression:0.06732872
SimpleNode:0.05450854
Interpreter:0.032503393
Parser:0.029608313
EvalError:0.020236198
LHS:0.012160972
CallStack:0.0050376737
