BSHFormalParameters:0.27598247
NameSpace:0.23844373
BSHMethodDeclaration:0.21852994
Name:0.19457217
Interpreter:0.18584545
SimpleNode:0.11440037
XThis:0.10084962
BSHBlock:0.08687087
CallStack:0.07242536
EvalError:0.06710922
JThis:0.051752236
Primitive:0.045652892
ReturnControl:0.006615276
ParserConstants:5.2953095E-5
