TargetError:0.23718995
BSHArguments:0.19872586
BSHAmbiguousName:0.19062388
Name:0.17599708
Interpreter:0.15429169
EvalError:0.14474608
NameSpace:0.122799024
SimpleNode:0.12265395
CallStack:0.04573734
Parser:0.026080493
ReflectError:0.014602187
