BSHFormalParameters:0.36690262
BshMethod:0.15566336
SimpleNode:0.14681223
NameSpace:0.13364294
BSHBlock:0.13043861
BSHReturnType:0.10816616
Interpreter:0.10275171
Parser:0.05521587
EvalError:0.045490734
Primitive:0.03344945
