BSHMethodDeclaration:0.26222324
BSHType:0.18359596
SimpleNode:0.093327284
NameSpace:0.06287343
Primitive:0.027626667
Parser:0.024448223
EvalError:0.01930591
