SimpleNode:0.19077086
ReturnControl:0.1341598
Interpreter:0.10517338
Primitive:0.07201651
EvalError:0.064160526
Parser:0.05591478
CallStack:0.03714983
ParserConstants:0.00728817
