BSHCastExpression:0.3157382
BSHVariableDeclarator:0.25236526
NameSpace:0.14931916
Interpreter:0.0885157
SimpleNode:0.08751998
Primitive:0.084887825
BSHType:0.08422099
Parser:0.058913644
CallStack:0.02924076
EvalError:0.016333854
