BshClassManager:0.1113508
NameSpace:0.07436897
EvalError:0.07164306
