NameSpace:0.22897637
Name:0.1878605
This:0.1640182
TargetError:0.16048478
BshMethod:0.13079087
BSHPrimarySuffix:0.12826021
SimpleNode:0.12749414
BeanShell:0.12573546
BSHBinaryExpression:0.12454272
BshClassManager:0.12323818
BSHAmbiguousName:0.10897302
BSHMethodInvocation:0.10584349
LHS:0.10510349
BSHAllocationExpression:0.10138164
Reflect:0.10091918
BSHCastExpression:0.09706275
BSHLHSPrimarySuffix:0.096882224
BSHTryStatement:0.094841294
EvalError:0.094359815
BSHAssignment:0.09195614
BSHMethodDeclaration:0.09001938
BSHArrayInitializer:0.08695375
XThis:0.084485285
BlockNameSpace:0.084472924
BSHImportDeclaration:0.08446058
BSHBlock:0.07999711
BSHTypedVariableDeclaration:0.07999484
BSHArrayDimensions:0.07692342
BSHForStatement:0.07624148
CallStack:0.0748294
Primitive:0.072049715
ParseException:0.068895735
BSHVariableDeclarator:0.06335693
BSHThrowStatement:0.05954941
BSHIfStatement:0.05934734
ConsoleInterface:0.057297815
BSHUnaryExpression:0.057139087
BSHLHSPrimaryExpression:0.056031164
BSHReturnStatement:0.054027572
JThis:0.053907853
BSHTernaryExpression:0.053723317
BSHPrimaryExpression:0.052425425
BSHSwitchStatement:0.05031388
BSHSwitchLabel:0.04899018
BSHStatementExpressionList:0.04656307
BSHArguments:0.04428932
BSHWhileStatement:0.040764112
dir:0.040097583
BSHLiteral:0.03715379
Parser:0.032200675
CommandLineReader:0.025536036
ASCII_UCodeESC_CharStream:0.01689951
TokenMgrError:0.016499631
InterpreterError:0.01537411
JJTParserState:0.0074188686
ReturnControl:0.0029874379
