Reflect:0.37588575
Name:0.24558903
NameSpace:0.23515579
BSHLHSPrimarySuffix:0.19955936
Interpreter:0.18852334
Primitive:0.12741967
BSHAmbiguousName:0.12214255
BSHAssignment:0.091625184
BSHUnaryExpression:0.083950125
BSHLHSPrimaryExpression:0.04174618
EvalError:0.031263754
TargetError:0.029780764
ReflectError:0.010317322
InterpreterError:0.0021930882
ParserConstants:0.0017324932
