Interpreter:0.15071224
Reflect:0.14883971
Name:0.14681293
This:0.115087025
BshMethod:0.10590172
BSHBinaryExpression:0.10440482
BshClassManager:0.094504796
BSHCastExpression:0.093741365
BSHMethodDeclaration:0.089989394
Primitive:0.08844047
BSHPrimarySuffix:0.08711003
BlockNameSpace:0.081904665
LHS:0.07903118
XThis:0.07671564
BSHTypedVariableDeclaration:0.07527709
SimpleNode:0.073790364
BSHImportDeclaration:0.06830463
BSHTryStatement:0.06706845
BSHFormalParameter:0.06051218
BSHAmbiguousName:0.05927825
BSHType:0.051240757
BSHAllocationExpression:0.050394688
BSHFormalParameters:0.04871782
BSHReturnType:0.04760265
BSHForStatement:0.047352914
CallStack:0.043396484
BeanShell:0.041751903
BSHMethodInvocation:0.04160794
BSHBlock:0.037530012
JThis:0.036926437
EvalError:0.033930082
Capabilities:0.033527847
NameSource:0.028041096
DockableWindowManager:0.023333983
BoyerMooreSearchMatcher:0.019903611
RESearchMatcher:0.01645664
dir:0.01561124
ClassPathException:0.006596616
InterpreterError:0.0027433066
