NameSpace:0.21578203
Reflect:0.16976002
Interpreter:0.1569847
This:0.14040296
LHS:0.11264644
BshMethod:0.11019221
BSHAmbiguousName:0.092435636
Primitive:0.073325045
SimpleNode:0.070149764
BSHMethodInvocation:0.07007051
BSHImportDeclaration:0.057394113
CallStack:0.053980663
BshClassManager:0.042780578
TargetError:0.040856343
EvalError:0.03751456
InterpreterError:0.008320419
ReflectError:0.005319101
