Interpreter:0.04781553
Parser:0.041802667
EvalError:0.034118798
Token:0.021139588
