ParseException:0.0255787
JJTParserState:0.022419907
Interpreter:0.019162428
ParserTreeConstants:0.014849952
ParserConstants:0.0126674995
BSHBinaryExpression:0.007867907
Primitive:0.007083219
BSHUnaryExpression:0.006075406
ParserTokenManager:0.003686041
BSHMethodDeclaration:0.0031309447
BSHAssignment:0.0031115075
BSHTypedVariableDeclaration:0.0030072683
BSHPrimarySuffix:0.0029169663
BSHCastExpression:0.002749822
BSHAllocationExpression:0.0026085458
BSHPrimaryExpression:0.0025200509
BSHTryStatement:0.0025122021
ASCII_UCodeESC_CharStream:0.002494273
BSHForStatement:0.0022536602
BSHLiteral:0.0021994174
BSHType:0.0021525095
SimpleNode:0.0018193322
BSHLHSPrimarySuffix:0.0017663821
BSHTernaryExpression:0.00176014
BSHWhileStatement:0.0017095988
BSHVariableDeclarator:0.0016943497
BSHIfStatement:0.0013215633
BSHMethodInvocation:0.0013042568
BSHLHSPrimaryExpression:0.0012244278
BSHReturnType:9.402974E-4
BSHArrayDimensions:9.398319E-4
BSHSwitchStatement:9.3171897E-4
BSHImportDeclaration:8.825264E-4
BSHReturnStatement:8.482433E-4
BSHFormalParameter:7.145656E-4
BSHThrowStatement:6.430523E-4
BSHSwitchLabel:6.425504E-4
BSHBlock:6.2596455E-4
Token:5.8427785E-4
BSHArrayInitializer:5.369917E-4
BSHStatementExpressionList:5.310513E-4
BSHFormalParameters:4.8858096E-4
BSHAmbiguousName:4.8340397E-4
BSHPrimitiveType:3.2383786E-4
BSHArguments:2.3600883E-4
Node:2.6268815E-5
