Parser:0.14722194
ParserTokenManager:0.12816909
Primitive:0.08257423
ReturnControl:0.06489916
BSHAssignment:0.0626661
BSHUnaryExpression:0.04544556
BSHReturnStatement:0.038997874
BSHBinaryExpression:0.037945207
BSHSwitchStatement:0.025306743
BSHWhileStatement:0.023014994
LHS:0.02027392
BSHForStatement:0.01731028
BshMethod:0.0057710237
