ParseException:0.081622764
SimpleNode:0.051229227
ParserTokenManager:0.034716956
Parser:0.032617662
