This:0.18004361
NameSpace:0.157755
Interpreter:0.098898984
Reflect:0.096097924
JThis:0.082693346
BshMethod:0.070309944
Primitive:0.043795045
CallStack:0.03883792
EvalError:0.023016995
