BackgroundTaskManager:0.35677037
Flags:0.020699536
