MMainWindow:0.15851586
MMenu:0.13254133
UI:0.0620042
MMouseAdapter:0.059608433
MMenuItem:0.046505716
AppAction:0.03797266
AppInfo:0.03367669
TK:0.0053285416
MLogger:0.0043179616
Application:0.0040369816
Property:0.0022018957
BooleanProperty:0.001937319
Uninstantiable:2.8121582E-5
