AbstractPlugin:0.07986903
PluginManager:0.059709564
PluginOptions:0.042944767
PluginException:0.024104265
PluginMenu:0.018225895
PluginInfo:0.009259845
