Settlement:0.5466666666666666
IndianSettlement:0.49666666666666665
NationType:0.3
AllTests:0.2633333333333333
IndianNationType:0.25333333333333335
MapGenerator:0.24
SettlementTest:0.19333333333333333
