StandardUtilities:0.59
MiscUtilities:0.5266666666666666
QuickNotepad:0.23333333333333334
Key:0.22666666666666666
LineContext:0.2111111111111111
KeyEventTranslator:0.21000000000000002
ModeProperties:0.19333333333333336
TokenMarker:0.19
EditingOptionPane:0.12333333333333334
