InGameController:0.5341111111111111
UnitLabel:0.36833333333333335
DragListener:0.17333333333333334
