RoutineSchema:0.2339724
SchemaManager:0.15912125
Table:0.14877728
StatementCompound:0.14816114
TriggerDef:0.14806797
FunctionSQLInvoked:0.13489923
ColumnSchema:0.13287851
StatementDMQL:0.1277887
ParserRoutine:0.115399435
HsqlNameManager:0.11327153
Expression:0.11212138
ParserDDL:0.100979954
Schema:0.09974597
StatementSchema:0.09303411
Token:0.08618923
TriggerDefSQL:0.08611334
SchemaObject:0.0854309
SchemaObjectSet:0.08539474
StatementProcedure:0.08226034
ParserDML:0.069560066
Session:0.06748656
RangeVariable:0.06510468
Statement:0.06493111
SessionContext:0.062122624
ParserCommand:0.061819557
Database:0.059925787
ExpressionTable:0.057725385
ParserDQL:0.056551237
ParserBase:0.05017408
Scanner:0.048727877
StatementCommand:0.047046054
TableDerived:0.03944368
TableBase:0.035899144
ColumnBase:0.01834721
SqlInvariants:0.010649143
RangeGroup:0.0046643117
Tokens:0.0
