Buffer:0.6333333333333333
GUIUtilities:0.57
BufferChangeHandler:0.32666666666666666
