Table:0.7033333333333334
TableBase:0.44333333333333336
TableDerived:0.25666666666666665
RowAction:0.25666666666666665
Logger:0.24666666666666667
RowStoreDataChange:0.20333333333333334
SchemaManager:0.19333333333333333
PersistentStoreCollectionSession:0.18
RowOutputBinary:0.18
RowInputBinary:0.17333333333333334
RowDiskDataChange:0.15
StatementResultUpdate:0.14666666666666667
