ButtonFactory:0.67
EventHandler:0.20333333333333334
FillToolBar:0.16
StrokeToolBar:0.16
CanvasToolBar:0.14666666666666667
