MDialog:0.71
Validator:0.4066666666666667
ValidatorSupport:0.27
ValidatorMessage:0.17
NewFileDialog:0.15
CategoryPropertiesPanel:0.13444444444444442
