MSettingsDialog:0.4766666666666667
Renderer:0.34
MMenuBar:0.29
OptionsPanel:0.19333333333333333
