ScaledRAFileSimple:0.7468302
ScaledRAFileHybrid:0.5918623
ScaledRAFileInJar:0.48227522
ScaledRAFileNIO:0.46085075
ScaledRAFile:0.43154135
RAShadowFile:0.1721825
DataFileCache:0.09305031
TextCache:0.07878451
DataFileDefrag:0.07740595
LobStoreRAFile:0.022711523
