ScaledRAFileHybrid:0.29890758
ScaledRAFile:0.261913
RandomAccessInterface:0.1200981
