ScaledRAFile:0.5382024
RandomAccessInterface:0.08360533
