Logger:0.36
DataFileCache:0.3466666666666667
TarEntrySupplicant:0.31
DbBackup:0.24777777777777782
ParserCommand:0.24666666666666667
Log:0.24
InputStreamShadow:0.20666666666666667
StatementCommand:0.19444444444444445
