MPanel:0.4066666666666667
WidgetDesktopPaneUI:0.37666666666666665
ColorPalette:0.2833333333333333
Title:0.24333333333333335
MSeparator:0.23694444444444443
WidgetRetroPainter:0.10666666666666667
