ReceivingThread:0.23530495
Message:0.09656695
NetworkReplyObject:0.07034931
MessageHandler:0.05216572
StreamedMessageHandler:0.037416235
