MetaItem:0.6798611
NetworkHandler:0.35623726
MetaServer:0.086415805
