MetaRegister:0.47247502
MetaServer:0.26714492
