InputHandler:0.15426952
ConnectController:0.08498475
