FS:0.5633333333333334
MZip:0.39666666666666667
MMainWindow:0.23888888888888885
PluginInstaller:0.23666666666666666
BackupDialog:0.21333333333333335
BufferedFileOutput:0.18666666666666668
PropertiesPanel:0.18333333333333332
TreePanel:0.15333333333333332
