CategoryList:0.079491965
CategoryManager:0.052426264
Category:0.020910399
