MNotification:0.4188888888888889
MWindow:0.31
WindowDragAdapter:0.2633333333333333
