Database:0.77
HsqlDatabaseProperties:0.2966666666666667
AllTests:0.20333333333333334
