Canvas:0.7033333333333334
InGameController:0.48111111111111104
