SearchAndReplace:0.65
SearchDialog:0.30666666666666664
InstallPluginsDialog:0.23666666666666666
BufferListSet:0.22666666666666666
PluginListHandler:0.2
SettingsReloader:0.13
