Server:0.8033333333333333
ShowMainAction:0.26666666666666666
Controller:0.25666666666666665
