Unit:0.6333333333333333
Tile:0.35
InGameInputHandler:0.32666666666666666
MapGenerator:0.2633333333333333
InGameController:0.21333333333333335
GUI:0.21333333333333335
