IProject:0.6933333333333334
SourceTextEntry:0.57
RealProject:0.25666666666666665
CalcStandardStatistics:0.2066666666666667
TagValidationFrame:0.18666666666666668
NotLoadedProject:0.17666666666666667
FindMatchesThread:0.16
TagValidationTool:0.13
