WikiUser:0.8166666666666667
WikiDatabase:0.36
DateUtil:0.23666666666666666
DatabaseUpgrades:0.15333333333333332
WikiSignatureTag:0.15333333333333332
