Player:0.5066666666666667
Connection:0.41333333333333333
FreeColGameObject:0.32666666666666666
AbstractOption:0.25666666666666665
FreeColAction:0.25666666666666665
ReceivingThread:0.24
AIObject:0.2377777777777778
Goods:0.225
UserConnectionHandler:0.15666666666666668
ConnectController:0.15333333333333332
