Buffer:0.5466666666666666
ModeOptionPane:0.35333333333333333
LineContext:0.31333333333333335
Macros:0.28
FoldListener:0.27977777777777774
Token:0.22333333333333333
ModeProperties:0.21666666666666667
SearchAndReplace:0.1925
LineInfo:0.11333333333333333
FoldHandler:0.0867222222222222
ExplicitFoldHandler:0.0685
EditingOptionPane:0.05
IndentFoldHandler:0.04
DummyFoldHandler:0.017388888888888888
