Table:0.5566666666666666
ArrayUtil:0.31
Constraint:0.26
ParserDDL:0.24666666666666667
TableWorks:0.23333333333333334
LobManager:0.22577777777777783
