InGameInputHandler:0.5566666666666666
MapGenerator:0.38666666666666666
TerrainGenerator:0.3016666666666667
AIInGameInputHandler:0.24
