FS:0.6533333333333333
MWebBrowser:0.38666666666666666
EditorPlugin:0.21666666666666667
FileType:0.17333333333333334
