ActionManager:0.3384827
SelectableAction:0.24866344
