InGameMenuBar:0.17457364
Canvas:0.11337096
FreeColMenuTest:0.06703247
MapEditorMenuBar:0.05035282
