SummaryData:0.45
Index:0.2966666666666667
TodoWidget:0.25
ByName:0.21
MetaInfoComparator:0.16666666666666666
CalendarComponent:0.1577777777777778
MetaInfoNodeComparator:0.13333333333333333
Reload:0.10555555555555556
