Config:0.85
Widget:0.39
MFrame:0.30333333333333334
ResizeDialog:0.22333333333333333
PrintDialog:0.2066666666666667
