TextUtils:0.47333333333333333
NotepadEditorDesigner:0.43333333333333335
NonePreview:0.16111111111111112
StaticHandler:0.13666666666666666
Core:0.11666666666666667
CodePreviewProvider:0.06666666666666667
