Environment:0.9066666666666666
AdminServlet:0.24666666666666667
RecentChangesFeedServlet:0.19666666666666666
