IntervalType:0.428889
DateTimeType:0.32963657
DTIType:0.20521012
NumberType:0.112882696
Type:0.051043104
