UI:0.7133333333333334
MNotification:0.2833333333333333
MDialog:0.28
