MainWindow:0.6433333333333333
PluginSettings:0.49666666666666665
AppSettings:0.27666666666666667
