AnsiDataHandler:0.55
QueryHandler:0.42333333333333334
AnsiQueryHandler:0.36666666666666664
