Editor:0.4888888888888889
VersionControl:0.38666666666666666
AdvancedProperties:0.34
DeletePrivateDataPlugin:0.23227777777777783
VersionInfo:0.22
VersionPanel:0.17444444444444446
