IParseCallback:0.4447619047619048
PoFilter:0.4066666666666667
TestFilterBase:0.34
ParseEntry:0.19
SearchThread:0.18666666666666668
