Buffer:0.6933333333333334
jEdit:0.59
CloseDialog:0.20666666666666667
