MainWindow:0.4766666666666667
Mnemonic:0.37
ToggleDesktopAction:0.13444444444444442
DesktopTab:0.12333333333333334
ContainerScanner:0.08333333333333333
