Player:0.5366666666666666
Modifier:0.5
ModifierTest:0.31
FreeColDialog:0.21333333333333335
SimpleCombatModel:0.21
FoundingFatherTest:0.16
Feature:0.15333333333333332
