MComboBox:0.54
MColorPicker:0.4766666666666667
MDateSpinner:0.30666666666666664
Button:0.21777777777777782
