StringOption:0.71
StringOptionUI:0.32
OptionMapUI:0.23666666666666666
OptionGroupUI:0.21055555555555558
PreGameController:0.13333333333333333
