SearchAndReplace:0.54
SearchDialog:0.4
BoyerMooreSearchMatcher:0.3566666666666667
SearchBar:0.18666666666666668
ActionHandler:0.18666666666666668
