DockingFrameworkProvider:0.683888888888889
View:0.5266666666666666
