FeedComponent:0.5991666666666666
Summary:0.5616666666666666
PreviewPanel:0.42333333333333334
