IndianSettlement:0.43666666666666665
Game:0.38666666666666666
Player:0.36
Monarch:0.3361111111111111
Tile:0.28
Mission:0.28
PlayerExploredTile:0.24666666666666667
InGameInputHandler:0.22666666666666666
AIPlayer:0.19666666666666666
GUI:0.19
