PrintBuilder:0.6633333333333333
DocumentPrint:0.47333333333333333
MainWindow:0.3
LinkEditor:0.24
PrintAction:0.21444444444444447
ChartPanel:0.19666666666666666
NotepadEditorDesigner:0.19666666666666666
