Tool:0.56
BrushTool:0.38333333333333336
AbstractRectangleTool:0.18666666666666668
ToolButton:0.16666666666666666
SelectionTool:0.15666666666666668
ToolManager:0.15666666666666668
RectangleTool:0.14
