DOMMessage:0.11865189
ServerAPI:0.112169236
Connection:0.04127797
