TradeItem:0.5228864
DiplomaticTrade:0.40245274
FreeColObject:0.22184801
Game:0.117093995
Player:0.06403096
