FreeColDialog:0.1361271
FreeColPanel:0.10861928
