FreeColDialog:0.10585107
FreeColPanel:0.066699505
