EuropePanel:0.10697645
FreeColPanel:0.06941472
FreeColDialog:0.068232395
