OptionGroup:0.22902644
FileOption:0.22384503
RangeOption:0.21652941
IntegerOption:0.2152123
BooleanOption:0.20963189
SelectOption:0.19759648
Option:0.123147056
