TrackerItem:0.44491485
Tracker:0.18141744
TrackerListener:0.0
