MainWindow:0.5333333333333333
Backup:0.2833333333333333
TodoEditor:0.24666666666666667
MAbout:0.22527777777777777
ProxySettings:0.2066666666666667
EnumProperty:0.13333333333333333
BackupPlugin:0.11333333333333333
AboutAction:0.06666666666666667
