TestSchemaParse:0.41333333333333333
TestAcl:0.37666666666666665
ClientConnectionTest:0.3233333333333333
TestDbBackup:0.315
