ExpressionColumn:0.49
DataFileCache:0.47333333333333333
RangeVariableResolver:0.35333333333333333
DatabaseInformationFull:0.3
