Preferences:0.6666666666666666
PreferencesXML:0.44333333333333336
PreferencesImpl:0.3233333333333333
IPreferences:0.25
PreferencesTest:0.24
