TK:0.8566666666666667
AccessMap:0.26
Armor:0.20333333333333334
DeadlockDetector:0.17666666666666667
DebugCommand:0.15
