Expression:0.48568857
ExpressionLogical:0.4026413
SubQuery:0.28216332
FunctionSQLInvoked:0.2088505
QueryExpression:0.17834902
ParserDQL:0.11189926
Routine:0.07805309
Session:0.073285624
Row:0.04601853
HsqlException:0.024463845
OpTypes:0.017637111
Tokens:0.0
