IntervalType:0.32012057
NumberType:0.23998171
DTIType:0.23116824
DateTimeType:0.21417871
CharacterType:0.18817899
OtherType:0.16737555
BinaryType:0.15962836
BitType:0.15711443
ArrayType:0.15168622
Types:0.14488837
NullType:0.14207187
BooleanType:0.14191863
RowType:0.13888185
BlobType:0.120296784
ClobType:0.11970655
IntervalMonthData:0.1132886
UserTypeModifier:0.10773746
IntervalSecondData:0.10653725
Collation:0.053155698
Charset:0.050819706
BinaryData:0.027974557
