MComboBox:0.58
MAbout:0.4
MTree:0.38666666666666666
TaskInfoButton:0.2633333333333333
