ActionManager:0.2540683
UnitAction:0.19918571
FreeColAction:0.100864284
