ActionManager:0.27033964
UnitAction:0.19690621
FreeColAction:0.109877884
