Entry:0.53
Handler:0.5133333333333333
XMLIntactTag:0.17333333333333334
OutOfTurnTag:0.16333333333333333
XMLContentBasedTag:0.09666666666666666
XMLOutOfTurnTag:0.06666666666666667
XMLIntactEntry:0.043333333333333335
