ClientOptions:0.033446435
Worker:0.0031209833
