MText:0.6866666666666666
MTextField:0.38333333333333336
MLabel:0.2833333333333333
MLabeledTextField:0.22666666666666666
MTextPane:0.22
MMessage:0.21333333333333335
ImageEditorCore:0.21333333333333335
MComboBox:0.20277777777777778
TodoEditor:0.2
ProxySettings:0.17
LinkEditor:0.16666666666666666
DateTimeEditor:0.14666666666666667
AbstractSpinner:0.13333333333333333
SummaryEditor:0.10666666666666667
FeedsConfigPanel:0.07666666666666666
