EditAction:0.25160733
ActionListHandler:0.2029589
ActionSet:0.13046613
BeanShell:0.12629908
BeanShellErrorDialog:0.04743836
NameSpace:0.043890517
jEdit:0.04185405
View:0.029573184
GUIUtilities:0.027394177
BshMethod:0.023065278
Log:0.018367127
UtilEvalError:0.002846672
