Buffer:0.18448551
SearchBar:0.17314781
SearchDialog:0.16390826
RESearchMatcher:0.155319
BeanShell:0.15370807
View:0.15062809
JEditTextArea:0.14996469
HyperSearchRequest:0.13667521
SearchMatcher:0.12932645
jEdit:0.12451505
BoyerMooreSearchMatcher:0.110190034
Macros:0.10323793
MiscUtilities:0.0841894
GUIUtilities:0.07153809
VFSBrowser:0.063881606
DockableWindowManager:0.063358754
StatusBar:0.06139986
AllBufferSet:0.060617533
EditBus:0.059085835
Selection:0.058164995
TextUtilities:0.057336293
HyperSearchResults:0.05155695
SearchFileSet:0.050993558
NameSpace:0.047506507
VFSManager:0.04484977
CurrentBufferSet:0.043657538
SearchSettingsChanged:0.03991881
Log:0.033563852
DirectoryListSet:0.0319813
SettingsReloader:0.026725048
CharIndexedSegment:0.026117966
BshMethod:0.01616177
TextAreaDialog:0.011290392
