TileType:0.49333333333333335
Specification:0.4066666666666667
FreeColGameObjectType:0.28976190476190467
TileTest:0.27666666666666667
StringOption:0.23666666666666666
EuropeanNationType:0.1161111111111111
