RowActionBase:0.5725784
TransactionManagerMVCC:0.2713907
TransactionManagerMV2PL:0.25056827
TransactionManager2PL:0.20506814
TransactionManager:0.14772671
TransactionManagerCommon:0.113406405
Row:0.10510982
Session:0.10438907
TableBase:0.012833515
SessionInterface:0.008904944
