RowInputBase:0.4490806
RowInputBinary180:0.28905833
RowInputBinaryDecode:0.16155364
RowOutputBinary:0.098129086
