FeedViewer:0.4666666666666667
RSSChannel:0.32
ArchiveChannel:0.2633333333333333
Atom10Channel:0.22333333333333333
AbstractChannel:0.20333333333333334
Atom0xChannel:0.14
Info:0.03305555555555555
