WikiUser:0.5466666666666666
InMemoryDaoWithDefaultRoles:0.27666666666666667
ImageUtil:0.23
JAMWikiExceptionMessageFilter:0.15
RecentChangesFeedServlet:0.15
