MonarchPanel:0.2841672
RecruitDialog:0.21351479
EmigrationPanel:0.20798163
QuitDialog:0.18198955
TradeRouteDialog:0.16612804
EventPanel:0.16182709
TrainDialog:0.16123459
PurchaseDialog:0.15904339
TradeRouteInputDialog:0.1533358
TilePanel:0.15077813
GameOptionsDialog:0.14484462
ClientOptionsDialog:0.14349371
MapGeneratorOptionsDialog:0.13250901
ChooseFoundingFatherDialog:0.1292172
IndianSettlementPanel:0.12742242
LoadingSavegameDialog:0.12547398
ErrorPanel:0.123570465
WarehouseDialog:0.12343136
DeclarationDialog:0.09085548
CaptureGoodsDialog:0.08963568
FreeColPanel:0.05508398
UnitLabel:0.031738847
ChoiceItem:0.021455018
