FreeColDialog:0.33715233
FreeColPanel:0.17379364
