RequestInfo:0.054317832
RequestProperties:0.0032114014
