TrackerEvent:0.41015437
Tracker:0.30054197
