Unit:0.56
Player:0.38666666666666666
GUI:0.30333333333333334
FoundingFather:0.20333333333333334
ProductionPanel:0.15333333333333332
