RowStoreAVLHybridExtended:0.4978551
RowStoreAVL:0.40440762
PersistentStore:0.30295476
RowStoreDataChange:0.17904203
CachedObject:0.097482525
DataFileCache:0.08762106
PersistentStoreCollectionSession:0.07051736
Logger:0.0431865
PersistentStoreCollection:0.013488525
DataSpaceManager:0.013415848
TableSpaceManager:0.013150896
