Player:0.6766666666666666
ScoutingMission:0.2733333333333333
PrivateerMission:0.27
PrivateerMissionTest:0.25666666666666665
EuropeanAIPlayer:0.19666666666666666
