Tile:0.9233333333333333
ColonyTile:0.28
IndianDemandMission:0.25333333333333335
ReportRequirementsPanel:0.19333333333333333
UnitAttackAnimation:0.17666666666666667
