BrushTool:0.8033333333333333
MColorIcon:0.39
TaskList:0.20444444444444446
BrushTypeAction:0.16333333333333333
