jEdit:0.5466666666666666
KillRing:0.4
JEditKillRing:0.3233333333333333
KillRingHandler:0.265
