Building:0.3933333333333333
Colony:0.3933333333333333
Modifier:0.3466666666666667
FoundingFather:0.30233333333333334
BuildingType:0.24733333333333335
SchoolTest:0.23
