UI:0.7666666666666667
OpenAllInTabsAction:0.39001587301587304
