KeyEventWorkaround:0.5833333333333334
DefaultInputHandler:0.43555555555555564
IndentFoldHandler:0.19666666666666666
