PersistentStore:0.6633333333333333
Table:0.59
TableBase:0.46
RowAction:0.41
RowStoreAVLMemory:0.29333333333333333
SessionData:0.2866666666666667
RowStoreAVLDiskData:0.2866666666666667
RowStoreAVL:0.27666666666666667
TransactionManagerMVCC:0.24333333333333335
TransactionManagerMV2PL:0.24333333333333335
TableWorks:0.24
RowStoreAVLDisk:0.22333333333333333
TestTextTables:0.22
RowStoreAVLHybrid:0.20666666666666667
TransactionManager2PL:0.2
Logger:0.19333333333333333
ParserCommand:0.19
TextTable:0.18
