Expression:0.7
Tokens:0.6038888888888888
Logger:0.2833333333333333
Like:0.2693333333333333
ExpressionLike:0.23
Database:0.23
FunctionCustom:0.21777777777777782
StatementDMQL:0.19472222222222224
