Bezier:0.8583333333333333
BezierTool:0.27666666666666667
