BinaryData:0.5666666666666667
BlobData:0.5633333333333334
BlobDataID:0.3333333333333333
BinaryType:0.3
TestLobs:0.24
