TaskTable:0.6133333333333333
Panel:0.31
MHTMLViewer:0.28
SummaryEditor:0.24666666666666667
DateTimeEditor:0.24333333333333335
