Table:0.19335173
DITableInfo:0.13276051
Database:0.10853681
DINameSpace:0.10240058
DITypeInfo:0.09459941
DatabaseInformation:0.08582098
Expression:0.08362578
Types:0.081876755
Result:0.071479835
Constraint:0.0678211
Session:0.067420125
Column:0.06612894
Trace:0.052886672
Index:0.052811585
UserManager:0.050045077
User:0.042376608
HsqlNameManager:0.038752787
ConstraintCore:0.017849421
HsqlProperties:0.017781544
SequenceManager:0.016985958
SessionManager:0.012213126
NumberSequence:0.008439808
HsqlException:0.0070267264
