Editor:0.7366666666666667
TaskModel:0.3433333333333333
SummaryEditor:0.3311111111111111
ImageEditorCore:0.2866666666666667
TodoEditor:0.2833333333333333
