CharacterType:0.5822222222222222
RowSetNavigatorClient:0.5133333333333333
TestUpdatableResultSets:0.31333333333333335
