MGroupLayout:0.8266666666666667
MPanel:0.5466666666666666
FilterItem:0.23111111111111116
TaskPanel:0.20333333333333334
MPasswordPanel:0.19666666666666666
FSHelper:0.19333333333333333
Filters:0.18142857142857144
Renderer:0.16966666666666666
AddFeedDialog:0.16
ActionProperties:0.12
SelectionItem:0.08333333333333333
