AIColony:0.43666666666666665
AIGoods:0.345
PioneeringMission:0.30666666666666664
EuropeanAIPlayer:0.295
TilePopup:0.21
