TodoEditor:0.6766666666666667
PriorityEditor:0.3333333333333333
StaticCoreHandler:0.29
