TextAreaPainter:0.5744444444444444
DefaultInputHandler:0.5333333333333333
EditPane:0.45666666666666667
