SummaryData:0.62
Reminder:0.4533333333333333
SummaryPanel:0.37222222222222223
Action:0.19
