FileCache:0.76
FeedFactory:0.31
Console:0.21666666666666667
Backup:0.20666666666666667
Main:0.20333333333333334
