Plugin:0.652
PluginInfo:0.46
PluginManager:0.3566666666666667
Wizard:0.29333333333333333
