MButton:0.09752845
MAction:0.08764449
MURLButton:0.07775372
MMenuItem:0.07142071
MSystemTray:0.0694032
UI:0.06927006
MNotification:0.0676518
MInternalFrame:0.06610822
MText:0.06446369
MMessage:0.06396238
MDialog:0.058228347
ActionGroup:0.048482697
MTip:0.04494921
MCalendar:0.04292989
MUndoManager:0.03887003
MTextPane:0.03727696
MDateSpinner:0.036585517
MIcon:0.031517293
MTextFieldPanel:0.030807104
MCellTip:0.02631782
MMenuAdapter:0.02368548
TK:0.021645293
Mnemonic:0.019948594
AbstractIterator:0.0050835717
