FreeColServerHolder:0.53839225
InputHandler:0.32602847
PreGameController:0.31196642
InGameController:0.16014034
