PreGameInputHandler:0.27647182
InGameInputHandler:0.27595606
