Unit:0.6533333333333333
Building:0.44666666666666666
ColonyTile:0.33
