NotLoadedProject:0.75849414
RealProject:0.3762585
LegacyTM:0.08609088
StringEntry:0.07236177
SourceTextEntry:0.06687081
ProjectProperties:0.039328516
TransMemory:0.016846841
