TextUtilities:0.5066666666666667
HyperSearchResults:0.48
BrowserJTree:0.4766666666666667
