PropertyPanel:0.5933333333333334
ChartPainter:0.5033333333333333
Designer:0.23
