ChartPainter:0.5533333333333333
ChartModel:0.54
ChartDialog:0.31666666666666665
