SummaryData:0.15162751
SummaryPanel:0.024689447
