TokenizerBehaviorComboBoxRenderer:0.32
TokenizerComboBoxRenderer:0.17833333333333334
DelegatingComboBoxRenderer:0.11666666666666667
LanguageComboBoxRenderer:0.10166666666666667
