Mode:0.2872587
jEdit:0.09330879
HandlerBase:0.042453993
MiscUtilities:0.02825017
Log:0.01814026
