PluginList:0.2538025
HandlerBase:0.039862342
Log:0.011150637
