SearchMatcher:0.4108246
SearchAndReplace:0.2693108
REMatch:0.20963132
RE:0.20710155
RESyntax:0.1937025
Buffer:0.13701092
REException:0.04339259
CharIndexed:0.032401916
