Ability:0.5
Modifier:0.29
Player:0.2833333333333333
Colony:0.22
Feature:0.19416666666666665
FoundingFather:0.15333333333333332
BuildingType:0.14333333333333334
Building:0.14
