JEditTextArea:0.6633333333333333
ChunkCache:0.2544444444444445
EditPane:0.25
BufferChangeHandler:0.21444444444444447
LineInfo:0.12111111111111111
