MetaInfo:0.30065277
AbstractFS:0.17264766
