AIColony:0.5633333333333334
TransportMission:0.5058333333333334
AIPlayer:0.3233333333333333
