MText:0.4666666666666667
MFileChooser:0.42
Query:0.31333333333333335
ImportExport:0.19666666666666666
NoObjectView:0.1775
HowToAction:0.10666666666666667
