MainWindow:0.6
MatchGlossaryPane:0.45666666666666667
MainPane:0.26666666666666666
