EnumProperty:0.5266666666666666
Property:0.5066666666666667
PropertyPanel:0.5033333333333333
