PreGameInputHandler:0.4020862
InGameInputHandler:0.2890514
Controller:0.041615855
FreeColServerHolder:0.029736819
