Connection:0.14432378
ReceivingThread:0.08959649
StatisticsMessage:0.04456703
BuyLandMessage:0.02315546
StealLandMessage:0.022471035
