MetaInfo:0.9533333333333334
Node:0.3466666666666667
ItemRenderer:0.22666666666666666
