MMenu:0.53
MButton:0.26
MTree:0.2525
ChartView:0.24
MLabel:0.2375
MScrollPane:0.18666666666666668
DragScroller:0.1311111111111111
