Config:0.5566666666666666
MApplication:0.38333333333333336
MFileChooser:0.26
PrintDialog:0.25666666666666665
MSettingsDialog:0.19555555555555557
ChartPanel:0.19
MLoginPanel:0.1288888888888889
ActionProperties:0.12333333333333334
