Widget:0.6
DeskletWidget:0.38666666666666666
Desktop:0.34
UninstallAction:0.17444444444444446
AddAction:0.09
