BitType:0.58195156
CharacterType:0.4350761
BlobType:0.4315106
BinaryData:0.28419563
Type:0.23395453
BlobData:0.18227114
Types:0.08326831
