RowInputBinary:0.45564303
RowInputText:0.28653935
RowInputTextLog:0.247392
