RowOutputTextLog:0.4196953
RowOutputBinary:0.40935296
RowOutputText:0.40829575
RowOutputInterface:0.14151359
