AbstractIterator:0.04360398
UI:0.013102888
Size:0.0094948355
