MText:0.09429228
MDateSpinner:0.07185084
MNumberSpinner:0.02072105
UI:0.017793888
MAction:0.008602699
