PrintDialog:0.05128098
PrintInfo:0.03731744
