SRX:0.09616055
Rule:0.05973247
