PropertiesDialog:0.18183248
MountPanel:0.14594658
ImportExport:0.09293501
NewFolderDialog:0.019233095
