FS:0.11813253
XMLHelper:0.05041389
MLogger:0.017621284
