jEdit:0.19877559
EditPane:0.19868086
Macros:0.16625537
Buffer:0.16450968
View:0.1604665
VFSBrowser:0.14561677
HyperSearchResults:0.13811919
EBMessage:0.13599508
BufferOptions:0.059522625
