MAction:0.6166666666666667
MActionInfo:0.37666666666666665
Tabs:0.2633333333333333
LinkButton:0.22333333333333333
Globals:0.2
HelpGenerator:0.19333333333333333
HTMLSelection:0.18
FSHelper:0.16083333333333333
MSystemTray:0.15333333333333332
MGraphics2D:0.14333333333333334
StaticDragHandler:0.10333333333333333
HelpAction:0.08333333333333333
RenameAction:0.08
