MNotification:0.5211111111111112
SummaryPanel:0.3566666666666667
Reminder:0.22333333333333333
ConfigureAction:0.17666666666666667
TasksSettings:0.08333333333333333
