DrawingView:0.8933333333333333
SimpleDrawingView:0.7066666666666667
SimpleSelectAreaTracker:0.3933333333333333
