MDialog:0.08109878
MAboutDialog:0.073842354
MLinkButton:0.06706491
MURLAction:0.057620075
MTextPane:0.050172944
MMessage:0.047708318
MMenu:0.046972204
MTip:0.038699143
MURLButtonBeanInfo:0.037285566
MAction:0.037277628
MMainWindow:0.031535745
MButton:0.030940235
MMouseAdapter:0.030135468
UI:0.027827531
TK:0.027242903
MToolBar:0.02656334
MColor:0.020482484
MMenuBar:0.019757826
ColorProperty:0.016121805
Property:0.014163201
MClipboard:0.013776222
ContainerIterator:0.010579695
BooleanProperty:0.010374615
MPasswordPanel:0.009402419
Kiosk:0.0051605385
ClipboardException:0.0012986053
