StringConverter:0.32202712
IntValueHashMap:0.07842086
