BuildQueuePanel:0.51
PlayersTable:0.35333333333333333
ColonyPanel:0.29
ConstructionPanel:0.2733333333333333
ReportColonyPanel:0.20333333333333334
BuildingsPanel:0.19111111111111112
ColopediaPanel:0.19111111111111112
StartGamePanel:0.17333333333333334
ConceptDetailPanel:0.04666666666666667
