Widget:0.5288888888888889
AbstractPlugin:0.45166666666666666
Dependency:0.26
DeskletWidget:0.24
DeskletLoader:0.19777777777777777
