jEdit:0.21298893
AppleScriptHandler:0.2092104
BeanShell:0.2078405
Buffer:0.17595759
EditAction:0.17351003
GUIUtilities:0.15965396
View:0.15549152
InputHandler:0.12907226
SearchAndReplace:0.11734856
MiscUtilities:0.10153443
EditBus:0.09502046
ActionSet:0.089049436
StatusBar:0.08777316
Log:0.08185229
MacOSPlugin:0.081802554
JEditTextArea:0.07235522
BufferUpdate:0.0673712
EBComponent:0.05082186
MacrosChanged:0.046405345
MacrosMenu:0.04634404
EBMessage:0.04532657
SettingsReloader:0.0334852
RE:0.022919582
ShortcutsOptionPane:0.022222305
