SessionInterface:0.6166666666666667
Session:0.38
BinaryType:0.3233333333333333
JDBCClobClient:0.27666666666666667
CharacterType:0.2633333333333333
JDBCBlobClient:0.26
LobManager:0.25
RowAction:0.24333333333333335
TransactionManager:0.21666666666666667
SessionData:0.21166666666666667
JDBCPreparedStatement:0.21
BitType:0.20666666666666667
ClobType:0.195
ClientConnection:0.18166666666666667
LobStoreRAFile:0.08
TestLobs:0.06666666666666667
LobStoreMem:0.03
