MDialog:0.38666666666666666
MMessage:0.36333333333333334
MAbout:0.2538888888888889
PrintPreview:0.2425
PluginSettings:0.21583333333333332
PluginDownloader:0.20666666666666667
