JDBCResultSet:0.66
TestJavaFunctions:0.30666666666666664
JDBCPreparedStatement:0.2971666666666667
JDBCStatementBase:0.28777777777777774
