MAction:0.8466666666666667
Console:0.23666666666666666
ScriptYourself:0.21666666666666667
Slideshow:0.20333333333333337
PluginDownloader:0.17333333333333334
PluginSettings:0.17333333333333334
ToggleAction:0.17
FetchAllFeedsAction:0.13666666666666666
DefaultIconAction:0.10666666666666667
