InGameMenuBar:0.42
ReportProductionPanel:0.38333333333333336
ActionManager:0.35333333333333333
ReportProductionAction:0.26
