Session:0.6066666666666667
HashSet:0.35
StatementCommand:0.3211111111111111
ArrayUtil:0.31
StatementDMQL:0.2866666666666667
JDBCPreparedStatement:0.24333333333333335
TransactionManager2PL:0.20666666666666667
TransactionManagerMV2PL:0.2
StatementSchema:0.19666666666666666
ParserCommand:0.16833333333333333
ScriptRunner:0.07666666666666666
