jEdit:0.5066666666666667
Buffer:0.5033333333333333
BufferIORequest:0.36666666666666664
Handler:0.35333333333333333
Macros:0.23
BeanShellHandler:0.17333333333333334
