HsqlDatabaseProperties:0.5033333333333333
ParserDQL:0.3938888888888889
Logger:0.37666666666666665
