Tile:0.5133333333333333
Region:0.4166666666666667
InGameController:0.31333333333333335
InGameInputHandler:0.29333333333333333
MapGeneratorTest:0.16
