ArrayUtil:0.5966666666666667
ParserDQL:0.45666666666666667
LobManager:0.39
RowStoreAVL:0.31666666666666665
