EditAction:0.5333333333333333
DockableWindowFactory:0.3466666666666667
DockableListHandler:0.33
FloatingWindowContainer:0.24333333333333335
ActionContext:0.17666666666666667
ShortcutsOptionPane:0.13
KeyHandler:0.06
