Buffer:0.6266666666666667
JEditTextArea:0.57
TextAreaPainter:0.4633333333333333
MouseHandler:0.4411111111111111
TextUtilities:0.30666666666666664
ChunkCache:0.27
BufferOptions:0.25
Gutter:0.25
ActionHandler:0.20666666666666667
EditPane:0.2
ModeOptionPane:0.11
MarkerHighlight:0.11
ModeProperties:0.10333333333333333
EditingOptionPane:0.09
TextAreaExtension:0.03777777777777778
