Unit:0.3977944
ModelController:0.24232079
FreeColObject:0.2172586
FreeColGameObjectType:0.15266821
GoodsType:0.13623595
Location:0.049227715
Ownable:0.0380496
Player:0.0
Game:0.0
FreeColGameObject:0.0
