MCellTip:0.48
PopupContent:0.36333333333333334
AnnotationBar:0.30666666666666664
ColorAction:0.16666666666666666
