AIMain:0.15765837
AIPlayer:0.13474478
