NotLoadedProject:0.797862
RealProject:0.38060027
ProjectTMX:0.18792582
TMXEntry:0.13788089
PrepareTMXEntry:0.10098834
SourceTextEntry:0.10042718
ExternalTMX:0.055412218
ProjectProperties:0.041676573
EntryKey:0.012948127
