Resource:0.7133333333333334
ColorResource:0.4827857142857143
ResourceManager:0.36333333333333334
ChipResource:0.30133333333333334
VideoResource:0.2738888888888889
ImageResource:0.24
PreGameController:0.22666666666666666
SZAResource:0.22333333333333333
FontResource:0.2161111111111111
FAFileResource:0.2
