Index:0.7966666666666666
jdbcResultSetMetaData:0.44333333333333336
DatabaseURL:0.21
