UI:0.7908333333333334
MTextField:0.5366666666666666
MCheckBox:0.32666666666666666
