Query:0.6666666666666666
SortComparator:0.5266666666666666
SearchBar:0.22666666666666666
