FS:0.67
Index:0.43
LinkEditor:0.3233333333333333
DesktopFile:0.24333333333333335
TodoEditorCore:0.2122222222222222
