ActionManager:0.4288996
MapboardAction:0.3931485
