ReportPanel:0.20127623
ReportLabourDetailPanel:0.105534926
FreeColPanel:0.037182614
