JEditTextArea:0.5633333333333334
BufferChangeHandler:0.22833333333333333
SearchAndReplace:0.21666666666666667
SearchDialog:0.20666666666666667
ChunkCache:0.18
EditAction:0.16
Macro:0.14
EnhancedButton:0.13333333333333333
EnhancedMenuItem:0.1
MouseHandler:0.056666666666666664
