MatchStatCounts:0.087769724
FindMatches:0.05887751
StatCount:0.037811466
Statistics:0.008724557
