ValuePoolHashMap:0.20806244
HashIndex:0.13097166
ObjectCacheHashMap:0.095653765
ValuePool:0.0134602785
