MultiValueHashMap:0.7569668
HashMappedList:0.2936555
Set:0.10191562
Collection:0.09242393
Iterator:0.044765275
