HashSet:0.10394978
Set:0.03566246
HsqlList:0.029960942
