Player:0.6633333333333333
Colony:0.43333333333333335
Europe:0.32666666666666666
GameOptions:0.28
