FreeColDialog:0.1554426
FreeColPanel:0.09302864
