IProject:0.7566666666666667
RealProject:0.30333333333333334
NotLoadedProject:0.2833333333333333
FindMatchesThread:0.24666666666666667
