DataFileCache:0.19592941
Cache:0.16364972
Log:0.07736574
HsqlProperties:0.07562498
HsqlDatabaseProperties:0.07327715
Trace:0.06742392
DatabaseInformationFull:0.06279251
TextTable:0.05493914
Table:0.047918696
CachedRow:0.04782466
ScaledRAFile:0.044274114
Database:0.043741543
CachedDataRow:0.03414292
PointerCachedDataRow:0.017200133
HsqlException:0.0065550343
