Table:0.08287578
Session:0.07943123
HsqlException:0.0035536464
