MapControls:0.116215944
ImageProvider:0.016764577
FreeColPanel:0.01432594
