OS:0.028509246
TK:0.02047145
