ImageLibrary:0.6866666666666666
FreeColLookAndFeel:0.20333333333333334
SfxLibrary:0.12333333333333334
MusicLibrary:0.12333333333333334
