TK:0.8233333333333334
Syntax:0.35333333333333333
Atom10Item:0.23333333333333334
MenuButton:0.21
MAboutDialog:0.20666666666666667
FSHelper:0.20666666666666667
Location:0.18611111111111112
TestTK:0.18
LinkButton:0.12333333333333334
