Unit:0.12821913
Goods:0.11946744
Game:0.10832627
FreeColGameObject:0.09936772
Player:0.069116995
