Connection:0.12517028
ReceivingThread:0.047817778
