Goal:0.7966666666666666
GotoAdjacentGoal:0.24333333333333335
ManageMissionariesGoal:0.20666666666666667
CreateMissionAtSettlementGoal:0.19
