MPanel:0.7482777777777778
MSmallColorButton:0.4238888888888889
