MDialog:0.4633333333333333
MCalendarPanel:0.4533333333333333
Input:0.30333333333333334
NewPasswordDialog:0.23333333333333334
DateTimeDialog:0.21000000000000002
DayButton:0.2006666666666667
ScriptIDE:0.14666666666666667
