MTable:0.07147077
MScrollPane:0.05307081
MFrame:0.04877403
MTree:0.047862828
UI:0.041968495
MList:0.034771234
MMenu:0.030833019
MMouseAdapter:0.027673027
MComponent:0.022431407
MLogger:0.007024847
Property:0.0013886938
