WikiDatabase:0.5366666666666666
TemplateTag:0.41
TestFileUtil:0.3333333333333333
TiddlyWikiParser:0.22333333333333333
HtmlLinkTag:0.19666666666666666
