Tile:0.585
Resource:0.3333333333333333
ResourceType:0.31666666666666665
TileImprovement:0.3
TileImprovementType:0.2866666666666667
BuildableType:0.25
EquipmentType:0.24777777777777782
ColopediaPanel:0.24333333333333335
FreeColGameObjectType:0.22583333333333333
TileItemContainer:0.21816666666666668
