ValidatorMessage:0.6766666666666666
FSHelper:0.43
Validator:0.2966666666666667
MInfoBar:0.25333333333333335
NameValidator:0.21000000000000002
CategoryPropertiesPanel:0.19777777777777777
ProjectDescriptionValidator:0.13666666666666666
TailBorder:0.09
