GUI:0.7566666666666667
MiniMap:0.3466666666666667
InfoPanel:0.24
ReportPanel:0.24
EndTurnDialog:0.23333333333333334
FindSettlementDialog:0.22
MapEditorController:0.20666666666666667
NewEmptyMapAction:0.17666666666666667
