Colony:0.61
Building:0.4277777777777777
ColonyTile:0.31333333333333335
AIColony:0.21666666666666667
ColonyPanel:0.21666666666666667
RebelToolTip:0.19333333333333333
BuildingTest:0.17
PopulationPanel:0.13333333333333333
ReportProductionPanel:0.09
