NoteWidget:0.6166666666666667
MCalendar:0.45666666666666667
ScriptIDE:0.3433333333333333
CalendarWidget:0.30666666666666664
