GlobalOptions:0.6666666666666666
GeneralOptionPane:0.4066666666666667
