FeedsFS:0.6666666666666666
Backup:0.3883333333333333
