ColorTheme:0.7133333333333334
PropertyPanel:0.4866666666666667
DesktopSettings:0.15333333333333332
