StaticUIUtils:0.7366666666666667
FiltersCustomizer:0.45666666666666667
ProjectPropertiesDialog:0.2833333333333333
AboutDialog:0.27
