OpTypes:0.560484126984127
ExpressionLogical:0.4855555555555555
ExpressionOp:0.42
Like:0.4166666666666667
ExpressionLike:0.17666666666666667
