DrawingView:0.20027097
TranslationDirection:0.09839292
RotationDirection:0.08277381
AbstractConstrainer:0.07084466
DefaultDrawingView:0.06976628
