Canvas:0.68
ConnectController:0.43333333333333335
InputHandler:0.27477777777777773
