FeedsFS:0.5366666666666666
ArticleMetaInfo:0.4683333333333333
Filters:0.2447063492063492
Criteria:0.23638888888888887
FeedThread:0.20333333333333334
FeedViewer:0.19166666666666668
ArticleList:0.14333333333333334
