Player:0.6933333333333334
InGameInputHandler:0.2866666666666667
InGameController:0.25733333333333336
PreGameController:0.12
