UnitLabel:0.18000458
DefaultTransferHandler:0.1423593
DragListener:0.09241028
GoodsLabel:0.039288156
ChoiceItem:0.003622293
DropListener:0.0033970117
