MapControls:0.073813766
ImageProvider:0.017051227
FreeColPanel:0.014562518
