Widget:0.4866666666666667
MCalendarPanel:0.38666666666666666
DayButton:0.28
Todo:0.19777777777777777
CalendarTab:0.16444444444444442
DateTimeEditor:0.12666666666666668
