MountManager:0.5566666666666666
MetaInfo:0.5066666666666667
FSHelper:0.35333333333333333
MountPanel:0.235
PropertiesDialog:0.22444444444444447
AdvancedProperties:0.18333333333333332
