Kiosk:0.5239047619047619
MainWindow:0.4166666666666667
ChartDialog:0.30666666666666664
ExtraKiosk:0.2567063492063492
