Game:0.55
ServerGame:0.45
InGameController:0.37666666666666665
FreeColServer:0.24666666666666667
MapGeneratorTest:0.21666666666666667
FreeColClient:0.20888888888888887
SimpleMapGenerator:0.2
ConnectController:0.2
FreeColTestCase:0.18666666666666668
GameTest:0.13666666666666666
PlayerTest:0.13
