EditorPlugin:0.7833333333333333
TreeFS:0.34
TreePanel:0.19666666666666666
