MApplication:0.6824603174603174
Console:0.37333333333333335
