ParserDQL:0.49666666666666665
SortAndSlice:0.43
QuerySpecification:0.38666666666666666
