QueryHandler:0.32761595
AnsiQueryHandler:0.27198556
WikiDatabase:0.24308397
DatabaseConnection:0.16716415
WikiResultSet:0.059493974
H2DataHandler:0.01326576
DB2DataHandler:0.01326576
DB2400DataHandler:0.01326576
HSqlDataHandler:0.012013508
OracleDataHandler:0.01182672
MySqlDataHandler:0.011703766
MSSqlDataHandler:0.0117037585
PostgresDataHandler:0.011607541
SybaseASADataHandler:0.011607538
