UI:0.7466666666666667
MTable:0.38333333333333336
MList:0.29
