MainWindowMenuHandler:0.54
Preferences:0.4866666666666667
MainWindowMenu:0.33
TaaSPlugin:0.2833333333333333
GlossaryReaderTBX:0.15666666666666668
