MPanel:0.0542415
MColorButton:0.05241191
CoolHeader:0.04097586
UI:0.03437411
MDialog:0.0332461
MToolBar:0.025958665
ColorProperty:0.025900394
ActionGroup:0.01973662
MLabeledTextField:0.01901902
MColorIcon:0.016044613
MText:0.01599444
MLabel:0.010536777
MAction:0.008650166
Property:0.0069010016
MIcon:0.0044377293
Preloader:9.349417E-4
