UI:0.055872437
MURLButton:0.01841937
