Session:0.48
JDBCCommonDataSource:0.38166666666666665
JDBCPool:0.3433333333333333
HsqlProperties:0.32
JDBCPooledConnection:0.2966666666666667
JDBCDriver:0.22944444444444448
JDBCDataSourceFactory:0.19333333333333336
JDBCXAConnection:0.18000000000000002
JDBCXAConnectionWrapper:0.08777777777777779
