MLabel:0.078877896
MMenu:0.07747677
UI:0.06013548
MSettingsDialog:0.057098124
MPasswordField:0.050764434
MPanel:0.04733165
MApplication:0.04620562
MAction:0.04454779
MButton:0.043034755
CoolHeader:0.04173985
MWindow:0.036968525
MMouseAdapter:0.03442876
MMainWindow:0.034276813
TK:0.031642508
MActionInfo:0.030775765
MSmallButton:0.026409445
MIcon:0.025096111
Config:0.016535625
MTimer:0.015401525
WindowDragAdapter:0.01422728
MArrayList:0.014133207
IntegerProperty:0.011755111
MProgressBar:0.0093550645
Property:0.0051942477
Kiosk:0.0047977483
EnumProperty:0.004068211
