Editor:0.17107888
TextUtils:0.05865713
