TextEditor:0.090219855
TextEditorKit:0.03370135
TextEditorDesigner:0.030496988
TextEditorDocument:0.027592251
