AbstractOption:0.49666666666666665
Specification:0.4066666666666667
IntegerOption:0.3
BooleanOption:0.3
