Environment:0.71
JFlexParser:0.47333333333333333
TemplateTag:0.27666666666666667
