CalendarWidgetPlugin:0.13771479
CalendarWidget:0.038529538
