Game:0.4766666666666667
FreeColObject:0.37666666666666665
InGameController:0.30666666666666664
