MText:0.5233333333333333
AutoCompletion:0.34
MRegexPanel:0.3
Item:0.2833333333333333
CompletionWindow:0.18444444444444444
HistoryDialog:0.11333333333333333
CompletionList:0.08888888888888888
