DOMMessage:0.6166666666666667
InGameController:0.35333333333333333
AIMessage:0.29333333333333333
