Player:0.7166666666666667
Monarch:0.26666666666666666
InGameController:0.2633333333333333
InGameInputHandler:0.23
AIPlayer:0.21666666666666667
SimpleCombatModel:0.19666666666666666
StanceTradeItem:0.14666666666666667
PlayerTest:0.09333333333333334
