ChartPanel:0.11598301
ChartModel:0.081041396
ChartPainter:0.04944819
