MAction:0.092840664
MButton:0.07445197
ActionGroup:0.06142578
MMenuItem:0.060355857
MURLButton:0.056372106
MText:0.053978838
MInternalFrame:0.04970861
MNotification:0.049145784
ColumnManager:0.04817816
UI:0.0473026
MMessage:0.04719254
MSystemTray:0.044597078
MDialog:0.037676148
MCalendarPanel:0.03495181
MTree:0.034837328
MTextFieldPanel:0.034245644
MDateSpinner:0.034185436
MFontChooser:0.033671767
MUndoManager:0.032228906
MTableHeader:0.03184608
MLabel:0.03183603
MTextPane:0.03109115
MTip:0.030769194
MCellTip:0.02388415
MMenuAdapter:0.021400155
Mnemonic:0.015532424
MActionInfo:0.01526262
MIcon:0.014793897
MColor:0.0040088147
AbstractIterator:0.0038903484
