JDBCCallableStatement:0.90851206
JDBCDatabaseMetaData:0.82597893
JDBCArray:0.73435223
JDBCResultSetMetaData:0.725852
JDBCArrayBasic:0.7072092
JDBCClob:0.68246335
JDBCBlob:0.61353934
JDBCClobClient:0.47443262
JDBCBlobClient:0.45861658
JDBCUtil:0.3872487
JDBCNClob:0.2826401
JDBCConnection:0.0
JDBCStatement:0.0
JDBCSQLXML:0.0
JDBCStatementBase:0.0
JDBCPreparedStatement:0.0
