SVGOutputFormat:0.3466666666666667
SVGProject:0.29
SVGApplicationModel:0.2833333333333333
SVGDrawing:0.25666666666666665
SVGPropertiesPanelBeanInfo:0.23666666666666666
ImageMapOutputFormat:0.2277777777777778
SVGGroupFigure:0.21
SVGDrawingPanel:0.20166666666666666
SVGApplet:0.19666666666666666
SVGZOutputFormat:0.18333333333333332
ViewSourceAction:0.11333333333333333
