WikiUser:0.6333333333333333
Utilities:0.57
AnsiDataHandler:0.28
AnsiQueryHandler:0.23
SetupServlet:0.18666666666666668
WikiDatabase:0.17333333333333334
RegisterServlet:0.17
