CacheQueryHandler:0.49403146
AnsiDataHandler:0.3897543
DatabaseConnection:0.3462704
DB2QueryHandler:0.34503087
QueryHandler:0.3425811
OracleQueryHandler:0.32800773
DB2400QueryHandler:0.31894
MySqlQueryHandler:0.02128868
PostgresQueryHandler:0.02114847
MSSqlQueryHandler:0.00635577
HSqlQueryHandler:0.0062967283
SybaseASAQueryHandler:0.0062419656
H2QueryHandler:0.006226688
