InGameController:0.8733333333333333
InGameInputHandler:0.6033333333333334
ReportUnitPanel:0.23
