JNLPClipboard:0.15301354
OSXClipboard:0.10136426
AWTClipboard:0.070702225
