jEdit:0.6433333333333333
Buffer:0.5766666666666667
FilesChangedDialog:0.35
StatusBar:0.21
ActionHandler:0.2
MemoryStatus:0.19777777777777777
MouseHandler:0.17444444444444446
MyFocusManager:0.15666666666666668
StatusBarOptionPane:0.13
