MLogger:0.8833333333333333
BackupDialog:0.3466666666666667
