UI:0.5166666666666667
MButton:0.37
MPanel:0.33
MAction:0.2833333333333333
ChartPanel:0.28
MFontButton:0.24666666666666667
MDialog:0.21666666666666667
ScriptYourself:0.21333333333333335
SearchFS:0.21
MountPanel:0.21
MIconButton:0.19666666666666666
MPasswordPanel:0.19333333333333333
PopupContent:0.10666666666666667
