InputHandler:0.07098905
PreGameController:0.062341914
