BSHPrimaryExpression:0.41133317
Reflect:0.24962936
BSHAmbiguousName:0.24515627
Interpreter:0.20932889
NameSpace:0.1965622
BSHArguments:0.18348335
BSHType:0.17914645
SimpleNode:0.1523479
Primitive:0.15025945
TargetError:0.091431074
EvalError:0.08430376
CallStack:0.04469869
Parser:0.036990575
ReflectError:0.015294719
InterpreterError:0.008440612
