XThis:0.08387667
This:0.074881576
NameSpace:0.04920796
Interpreter:0.044814825
BshMethod:0.026331045
Primitive:0.009639275
CallStack:0.003906484
EvalError:0.0015481093
