EvalError:0.25460774
BeanShell:0.13162018
BSHTryStatement:0.12455923
Reflect:0.12329195
BSHThrowStatement:0.11765081
Name:0.11729317
BSHLHSPrimarySuffix:0.11360847
BSHPrimarySuffix:0.11001417
Interpreter:0.10622225
BSHCastExpression:0.101788156
BSHMethodInvocation:0.09539376
BSHAllocationExpression:0.07839913
BSHBinaryExpression:0.07569288
LHS:0.06014876
SimpleNode:0.05833274
Primitive:0.05569998
Capabilities:0.014258922
InterpreterError:0.009149781
