This:0.19139673
NameSpace:0.17508583
JThis:0.11321366
Reflect:0.08931035
Interpreter:0.07520808
BshMethod:0.074117824
CallStack:0.05542218
Primitive:0.030752458
EvalError:0.017823204
