FontChooserHandler:0.1026368
GroupAction:0.100693256
AttributeAction:0.09698877
ApplyAttributesAction:0.079361424
AlignAction:0.077704735
DefaultAttributeAction:0.06930996
PickAttributesAction:0.061389558
ButtonFactory:0.056930143
BringToFrontAction:0.04548156
SendToBackAction:0.04540089
MoveAction:0.040450644
IncreaseHandleDetailLevelAction:0.038105596
MoveConstrainedAction:0.03796065
SelectSameAction:0.033458658
