TransactionManagerMVCC:0.35270277
TransactionManagerMV2PL:0.34508276
TransactionManager2PL:0.337634
Session:0.20924142
RowAction:0.18265453
TransactionManager:0.17094351
Row:0.10196761
RowActionBase:0.096973546
SessionManager:0.09229093
SessionContext:0.08017198
SessionData:0.075368695
TableBase:0.070306145
Database:0.069070734
Statement:0.05555849
SessionInterface:0.029715918
SqlInvariants:0.008205472
HsqlException:0.004039825
