UI:0.7633333333333333
MNotification:0.30333333333333334
Main:0.26666666666666666
MDialog:0.25666666666666665
MSplashScreen:0.24
