PluginManager:0.6055555555555555
InternetSearchWidget:0.47333333333333333
LinkEditor:0.4483333333333333
