Server:0.5166666666666667
TestAllTypes:0.33444444444444443
HsqlProperties:0.32
ServerProperties:0.25
ServerConfiguration:0.20333333333333334
WebServer:0.07
ServerConstants:0.03333333333333333
ResultConstants:0.014285714285714285
