ImageUtil:0.5766666666666667
ServletUtil:0.28
MigrationUtilTest:0.22666666666666666
ParserFunctionUtil:0.21333333333333335
ImageUtilTest:0.18666666666666668
JAMWikiUnitTest:0.15666666666666668
MathUtil:0.12666666666666668
ImageLinkTag:0.11
JAMHTMLConverter:0.09666666666666666
ImageUrlTag:0.03666666666666667
