TestFilterBase:0.5833333333333334
ProjectPropertiesTest:0.44555555555555554
TMXReaderTest:0.21
TMXWriterTest:0.08666666666666667
