PluginInfo:0.5433333333333333
PluginManager:0.41333333333333333
PluginSettings:0.33
PluginSettingsTab:0.30666666666666664
SessionManager:0.17666666666666667
PluginSettingsAction:0.13333333333333333
