Goods:0.38666666666666666
Building:0.2633333333333333
OutsideColonyPanel:0.2511111111111111
Colony:0.24666666666666667
EuropePanel:0.23333333333333334
UnitLabel:0.19
DefaultTransferHandler:0.18333333333333332
ColonyPanel:0.16666666666666666
BuildingsPanel:0.13333333333333333
