TransactionManagerMVCC:0.5244444444444445
TransactionManagerMV2PL:0.5066666666666667
TransactionManager2PL:0.5066666666666667
TransactionManagerCommon:0.43333333333333335
