RefCapablePropertyResourceBundle:0.6166666666666667
SqltoolRB:0.48
SqlTool:0.21166666666666667
