AppInfo:0.07233603
Args:0.03754552
FS:0.03646822
OS:0.035777077
MMainWindow:0.01493522
MLogger:0.014869505
Config:0.010329955
MSystemTray:0.008180475
Property:0.005826026
StringProperty:0.0024322278
