FS:0.082912564
AbstractScanner:0.0364793
