ScriptIDE:0.094452344
ScriptExecutor:0.045217194
