Player:0.55
Canvas:0.37
FoundingFather:0.31333333333333335
ReportContinentalCongressPanel:0.2966666666666667
FreeColMenuBar:0.08333333333333333
