ColonyPanel:0.22102983
BuildingToolTip:0.21362384
UnitLabel:0.11110615
ReportProductionPanel:0.0422575
ProductionLabel:0.035459284
ReportReligiousPanel:0.030097628
