BuildingSiteToolTip:0.151243
BuildQueuePanel:0.09739508
