FreeColComboBoxRenderer:0.25063387
LAFUtilities:0.13060454
FreeColLookAndFeel:0.0019493751
