LAFUtilities:0.14633273
FreeColLookAndFeel:0.0010246367
