BuildingSiteToolTip:0.13431552
RebelToolTip:0.12329051
ReportContinentalCongressPanel:0.09663385
ReportReligiousPanel:0.09334291
ConstructionPanel:0.068189636
