FreeColDialog:0.18591192
FreeColPanel:0.09741916
