MIcon:0.5833333333333334
SimpleXMLReader:0.53
Index:0.35
Attributes:0.25333333333333335
