Utilities:0.5633333333333334
DatabaseHandler:0.49333333333333335
JAMWikiServlet:0.34
EditServlet:0.25666666666666665
RegisterServlet:0.12666666666666668
