MActionInfo:0.42333333333333334
TodoEditor:0.34
MCalendarPanel:0.33
MDateSpinner:0.22666666666666666
CompleteAction:0.18444444444444444
SelectionAction:0.15666666666666668
DateAction:0.08666666666666667
