WikiFileVersion:0.22627343
WikiImage:0.05386482
