Parser:0.5233333333333333
NameSpace:0.44
Primitive:0.4066666666666667
Reflect:0.4066666666666667
EvalError:0.4
Interpreter:0.37
UtilEvalError:0.36666666666666664
BshMethod:0.35
This:0.33
Variable:0.3233333333333333
ParserTokenManager:0.3233333333333333
Name:0.31
BshClassManager:0.23666666666666666
JThis:0.22333333333333333
ClassNameSpace:0.22
BSHArguments:0.21666666666666667
LHS:0.21
LookaheadSuccess:0.2063968253968254
SignatureKey:0.20444444444444446
StringUtil:0.18
BSHAmbiguousName:0.17666666666666667
Modifiers:0.17333333333333334
BSHUnaryExpression:0.17
BSHPrimarySuffix:0.16666666666666666
JavaCharStream:0.155
BSHArrayInitializer:0.1511111111111111
BSHBlock:0.14666666666666667
BSHBinaryExpression:0.14
Handler:0.13333333333333333
CollectionManager:0.13333333333333333
BshIterator:0.1302777777777778
dir:0.13
XThis:0.12333333333333334
BSHAllocationExpression:0.12333333333333334
BSHTypedVariableDeclaration:0.12
BlockNameSpace:0.12
BSHArrayDimensions:0.11666666666666667
BSHTryStatement:0.1
Remote:0.08166666666666667
BSHVariableDeclarator:0.07666666666666666
ParserConstants:0.07
ParserTreeConstants:0.07
BSHSwitchStatement:0.06333333333333334
BSHAssignment:0.06333333333333334
BSHPrimaryExpression:0.06333333333333334
ClassIdentifier:0.06
BSHEnhancedForStatement:0.051944444444444446
CollectionIterator:0.04666666666666667
CollectionManagerImpl:0.043333333333333335
Console:0.03666666666666667
BSHMethodDeclaration:0.03333333333333333
BSHClassDeclaration:0.028333333333333332
