FeedListException:0.3816111111111111
FeedDownloader:0.36666666666666664
FeedFactory:0.31666666666666665
FeedsFS:0.2833333333333333
BackgroundTask:0.25666666666666665
BackgroundTaskManager:0.25
Link:0.14333333333333334
Info:0.03
