Editor:0.6233333333333333
Vars:0.609111111111111
Tabs:0.5033333333333333
MMainWindow:0.38333333333333336
WebBrowserTab:0.2733333333333333
DesktopTab:0.245
Action:0.194
CalendarTab:0.18444444444444444
PluginSettingsTab:0.18444444444444444
