PluginManager:0.61
Pluggable:0.5186666666666666
PluginSettings:0.45666666666666667
