LinkMetaInfo:0.28333434
AbstractFS:0.19015965
FSHelper:0.16110781
Links:0.14294304
MetaInfoAction:0.08212306
MetaInfoComparator:0.07960721
MountPanel:0.07256731
MetaInfoMenu:0.06353668
MountManager:0.061548848
MetaInfoList:0.028740669
FSAction:0.005124898
FSException:0.0047853026
