OptionsDialog:0.8220000000000001
KeyHandler:0.37666666666666665
