Category:0.49666666666666665
TodoEditorCore:0.36
TodoEditor:0.32666666666666666
CategoryListRenderer:0.2633333333333333
CategoryIcon:0.25666666666666665
View:0.23333333333333334
