FeedsFS:0.5744444444444444
FeedThread:0.30333333333333334
Model:0.28777777777777774
CustomAdvancedPanel:0.23
ArticleList:0.21333333333333335
AuthorRenderer:0.11666666666666667
