Building:0.6183333333333333
OptionGroupUI:0.49666666666666665
OptionMapUI:0.21666666666666667
