RecentChange:0.36666666666666664
AnsiDataHandler:0.26666666666666666
Utilities:0.2633333333333333
AnsiQueryHandler:0.21333333333333335
TopicVersion:0.17333333333333334
RecentChangesFeedServlet:0.15666666666666668
LogItem:0.15666666666666668
