jEdit:0.6433333333333333
HelpViewer:0.37666666666666665
HelpButton:0.11
