AbstractPlugin:0.354287
PluginRenderer:0.13374397
ScriptPlugin:0.1078186
PluginComboBox:0.10032269
PluginList:0.09413382
Pluggable:0.0
PluginManager:0.0
