RESearchMatcher:0.5827432
BoyerMooreSearchMatcher:0.4139866
SearchAndReplace:0.36913785
HyperSearchRequest:0.13028039
CharIndexed:0.0675669
