DatabaseManager:0.06703241
SessionManager:0.054319136
Session:0.04596967
StatementCommand:0.04330985
SchemaManager:0.0432748
Table:0.035602335
StatementSchema:0.034797393
StatementSession:0.02930572
ParserCommand:0.02781897
TextTable:0.025977137
Routine:0.025663434
HsqlNameManager:0.02267879
ParserRoutine:0.0222627
View:0.021515971
ParserDDL:0.021452375
QuerySpecification:0.019804915
TableWorks:0.01837439
DatabaseURL:0.018202115
StatementSchemaDefinition:0.018089602
Expression:0.017481599
ExpressionColumn:0.017369872
TransactionManagerCommon:0.016531825
ParserDQL:0.016481552
TableBase:0.016332269
StatementDML:0.016181545
RoutineSchema:0.015868431
HsqlException:0.01541464
SessionData:0.014476017
SessionInterface:0.014133596
QueryExpression:0.013455063
SubQuery:0.013298589
FunctionCustom:0.013153383
ParserDML:0.013002525
TransactionManagerMVCC:0.012601309
TransactionManager2PL:0.011919457
TransactionManagerMV2PL:0.011888787
ExpressionLogical:0.011797192
StatementResultUpdate:0.01089606
TransactionManager:0.010443358
StatementManager:0.008624479
ExpressionLike:0.008421791
ExpressionArithmetic:0.00819463
TableDerived:0.006266635
TableUtil:0.0051470683
SqlInvariants:0.0045959344
Tokens:0.0
