Database:0.13102326
Session:0.09947236
SchemaManager:0.069368966
TransactionManagerMV2PL:0.04572513
TransactionManager2PL:0.043773137
TransactionManagerMVCC:0.04304087
TransactionManagerCommon:0.041799452
StatementCommand:0.040849764
StatementSchema:0.034952227
TableWorks:0.027986504
ParserDDL:0.020772904
Schema:0.012651907
