ServletUtil:0.17426026
JAMWikiServlet:0.086912885
WikiPageInfo:0.05900343
