TransactionManager:0.62
DataFileDefrag:0.31
TextCache:0.2966666666666667
TransactionManagerMV2PL:0.27
DoubleIntIndex:0.2633333333333333
NodeAVLDisk:0.25
RowAVLDisk:0.24333333333333335
LongKeyHashMap:0.22666666666666666
CachedObjectComparator:0.22666666666666666
TransactionManagerMVCC:0.22583333333333333
TransactionManager2PL:0.22
TransactionManagerCommon:0.21666666666666667
IntLookup:0.05
