JAMWikiServlet:0.21692288
ServletUtil:0.19814807
WikiPageInfo:0.050854903
