MToolBar:0.5233333333333333
FeedViewer:0.35333333333333333
ActionGroup:0.29
PropertiesBar:0.21666666666666667
AnnotationBar:0.15244444444444444
