Player:0.7333333333333333
Unit:0.67
InGameController:0.25333333333333335
