JSheet:0.49
SVGOutputFormat:0.2866666666666667
OSXPaletteHandler:0.21333333333333335
ColorTrackImageProducer:0.21333333333333335
ToolBarPrefsHandler:0.17833333333333334
