UI:0.9
MNotification:0.24333333333333335
MTextFieldPanel:0.22
MTextField:0.21333333333333335
MSearchPanel:0.14666666666666667
