Unit:0.6766666666666666
Colony:0.49166666666666664
SchoolTest:0.3466666666666667
