RealProject:0.5466666666666666
MainWindowMenu:0.4216666666666667
IMainMenu:0.28833333333333333
