Buffer:0.91
View:0.49333333333333335
BufferSwitcher:0.16333333333333333
