UI:0.6933333333333334
MDialog:0.39
LookAndFeelSettings:0.33666666666666667
