UnitButton:0.09349734
MapControls:0.08403694
MiniMap:0.07055579
InfoPanel:0.05439671
