Unit:0.4471751
IndianSettlement:0.34629378
UnitContainer:0.26203346
Colony:0.24773389
Building:0.22751729
Europe:0.22223483
Player:0.20968923
ColonyTile:0.1980045
Goods:0.18815011
Map:0.18273498
GoodsContainer:0.1457086
FreeColGameObject:0.118545085
Game:0.10410696
Settlement:0.095465474
Location:0.07744804
Locatable:0.017914416
