JDBCDatabaseMetaDataTest:0.5266666666666666
JDBCResultSetMetaDataTest:0.4073333333333333
JDBCResultSetTest:0.36
JDBCPreparedStatementTest:0.3383333333333333
JDBCSQLXMLTest:0.19366666666666668
UtilTest:0.16866666666666666
ScriptedTest:0.14666666666666667
