Session:0.5366666666666666
ArrayUtil:0.4066666666666667
TransactionManagerMV2PL:0.36666666666666664
TransactionManager2PL:0.34
TransactionManagerMVCC:0.32
