JFlexParser:0.11048162
AbstractHeadingTag:0.09273165
HtmlLinkTag:0.08692617
TemplateTag:0.08470216
JavascriptTag:0.0766173
AbstractJAMWikiLexer:0.06547112
ImageLinkTag:0.059613775
WikiReferenceTag:0.058679547
WikiLinkTag:0.056031946
WikiBoldItalicTag:0.038920373
AbstractJAMWikiCustomTagLexer:0.038181838
GalleryTag:0.035424776
AbstractJAMWikiTemplateLexer:0.033707432
WikiSignatureTag:0.032341335
OnlyIncludeTag:0.032229524
AbstractJAMWikiHtmlTagLexer:0.029470611
IncludeOnlyTag:0.02851362
AbstractJAMWikiSpliceLexer:0.025084542
RedirectTag:0.024306113
NoIncludeTag:0.02382036
WikiReferencesTag:0.020332957
JFlexParserTag:0.01658582
WikiHeadingTag:0.014908559
JFlexCustomTagItem:0.013220973
HtmlHeadingTag:0.012348405
