ProjectUICommands:0.5
ConsoleWindow:0.38266666666666665
EditorTextArea3:0.37833333333333335
