Player:0.07857084
IndianSettlement:0.06012032
Unit:0.03150289
Tile:0.02516698
SimpleCombatModel:0.022480225
Game:0.014726778
