QueryMenu:0.39666666666666667
Value:0.36
ImageEditor:0.3233333333333333
MainWindow:0.31666666666666665
QueryEditor:0.23416666666666666
AbstractComboBoxSelection:0.16333333333333333
EncryptDialog:0.14333333333333334
Language:0.14333333333333334
TypeSelection:0.14
TagsSelection:0.14
Template:0.13666666666666666
