JEditTextArea:0.49
MiscUtilities:0.36
ChunkCache:0.29333333333333333
PerspectiveManager:0.22333333333333333
Gutter:0.21416666666666667
Autosave:0.17333333333333337
PaintSelection:0.13
