DatabaseInformationMain:0.17075403
DatabaseInformationFull:0.11009308
