StatementHandler:0.03981977
Statement:0.035812583
StatementSession:0.0334825
ParserDDL:0.032168992
StatementSchema:0.03184446
StatementCompound:0.028636001
StatementCommand:0.02862942
StatementDML:0.027760658
TriggerDef:0.027026476
StatementSet:0.026968474
Session:0.026876543
StatementSimple:0.026773844
StatementDMQL:0.026448838
StatementResultUpdate:0.025685782
ParserRoutine:0.025534302
ParserDML:0.025024103
ParserCommand:0.024504537
StatementQuery:0.024390785
View:0.02392885
StatementExpression:0.023691077
StatementInsert:0.023544686
StatementProcedure:0.021980133
StatementSchemaDefinition:0.02061813
ParserDQL:0.0188249
