TextEditor:0.38
MainWindow:0.37666666666666665
TextEditorCore:0.34
Factory:0.25333333333333335
Content:0.23666666666666666
StaticPropertyHandler:0.23
TreePanel:0.214
ColorPaletteMenu:0.20622222222222225
ColorPaletteMenuAdapter:0.1311111111111111
