TranslateEntry:0.22713453
RealProject:0.15987517
ProjectProperties:0.036678687
