InternetSearchPanel:0.6981111111111111
HelpGenerator:0.5966666666666667
