TileType:0.20610794
TileImprovement:0.20019391
Tile:0.16904122
TileItemContainer:0.0994015
Unit:0.07589027
EquipmentType:0.0737452
UnitType:0.0724402
GoodsType:0.060391538
Modifier:0.035712287
FreeColGameObjectType:0.024487963
FreeColObject:0.022891907
Feature:0.007702669
