Server:0.49
DatabaseManager:0.39666666666666667
StatementDML:0.31333333333333335
DatabaseURL:0.25666666666666665
