MLogger:0.47333333333333333
Armor:0.3466666666666667
Editor:0.31666666666666665
MApplication:0.29
Tabs:0.25
MNotification:0.225
CachedImageView:0.22
MFileChooser:0.21
AbstractRequestManager:0.18333333333333332
StaticHandler:0.15666666666666668
Tree:0.15666666666666668
MTimer:0.15333333333333332
PrintDialog:0.14666666666666667
ToggleStatusBarAction:0.14333333333333334
AccessMap:0.056666666666666664
