MScrollPane:0.49333333333333335
ImageEditorCore:0.45
ImageEditor:0.3221666666666667
ControlPanel:0.25333333333333335
ZoomComponent:0.19444444444444445
