Grantee:0.4350561
GranteeManager:0.21667904
UserManager:0.21294045
Session:0.15590402
Database:0.14698918
DatabaseScript:0.1414084
Trace:0.12805387
DatabaseCommandInterpreter:0.120787285
DatabaseInformationFull:0.12017992
DINameSpace:0.114683144
DatabaseInformationMain:0.11365324
SessionManager:0.051454805
Token:0.035212215
HsqlException:0.025195664
