TMXReader2:0.52
TMXWriter2:0.38666666666666666
StringUtil:0.30666666666666664
TmxComplianceTests:0.22666666666666666
ProjectTMX:0.19
Tuv:0.18666666666666668
TMXWriterTest:0.14333333333333334
TMXReaderTest:0.11
ExternalTMX:0.11
LoadCallback:0.1
TmxComplianceBase:0.08333333333333333
ParsedTuv:0.06555555555555555
ParsedTu:0.06555555555555555
Loader:0.05
