FSHelper:0.22337903
MetaInfo:0.1437022
MountPanel:0.09647789
FSException:0.080395244
