GlossaryEntry:0.5033333333333333
RealProject:0.30666666666666664
FindGlossaryThread:0.26666666666666666
GlossaryReaderTSV:0.17666666666666667
GlossaryTextArea:0.15
GlossaryTextAreaTest:0.13666666666666666
GlossaryManager:0.13333333333333333
GlossaryReaderTBX:0.11666666666666667
GlossaryReaderTBXTest:0.07666666666666666
GlossaryReaderCSV:0.07666666666666666
GlossaryReaderCSVTest:0.07666666666666666
GlossaryReaderTSVTest:0.07666666666666666
GlossaryEntryTest:0.06
StyledString:0.016666666666666666
FindGlossaryThreadTest:0.012
