ReceivingThread:0.29521245
Message:0.10978486
MessageHandler:0.083449714
NetworkReplyObject:0.052708354
