TextCache:0.30333333333333334
Cache:0.2833333333333333
TransactionManagerMV2PL:0.27666666666666667
NumberType:0.26
IndexAVL:0.24666666666666667
IndexAVLMemory:0.23
RowStoreAVLDiskData:0.23
RowAVLDiskData:0.22666666666666666
NodeAVLDisk:0.22027777777777782
TextTable:0.19
DataFileCache:0.18333333333333332
NodeAVLMemoryPointer:0.16333333333333333
