TMXWriter:0.4633333333333333
RealProject:0.44888888888888884
Main:0.3
