GUI:0.6183333333333333
UnitMoveAnimation:0.43833333333333335
UnitImageAnimation:0.37333333333333335
