MainWindow:0.4166666666666667
Main:0.4066666666666667
InternetSearch:0.2733333333333333
Output:0.24733333333333335
TreePanel:0.235
MDateSpinner:0.1675
