HelpGenerator:0.5633333333333334
Two:0.49333333333333335
Three:0.2633333333333333
TestTuple:0.1
