TaskTable:0.10367013
Column:0.03330548
