MEditorPane:0.5633333333333334
MTextPane:0.37333333333333335
MHTMLViewer:0.27666666666666667
AbstractPainter:0.25
