FS:0.8033333333333333
AbstractMarkupBuilder:0.3566666666666667
XMLHelper:0.24
