EditorController:0.4533333333333333
SearchWindow:0.43333333333333335
EntryListPane:0.2916666666666667
IEditor:0.2833333333333333
