Canvas:0.5833333333333334
ClientOptions:0.3333333333333333
DifficultyDialog:0.29
OptionGroupUI:0.29
OptionsDialog:0.2866666666666667
MapGeneratorOptionsDialog:0.27
ClientOptionsDialog:0.22666666666666666
GameOptionsDialog:0.19805555555555554
MapEditorController:0.16
