TK:0.7333333333333333
MApplication:0.31333333333333335
MSwingWorker:0.26
Main:0.24716666666666667
WikiPanel:0.22666666666666666
SDK:0.22155555555555556
TestTK:0.155
StandaloneApplication:0.13888888888888887
PrintTask:0.13
