Table:0.4633333333333333
Column:0.41
ArrayUtil:0.31
TextTable:0.22333333333333333
Database:0.22
DatabaseInformationFull:0.2
DatabaseInformationMain:0.19
jdbcPreparedStatement:0.18333333333333332
TableWorks:0.16333333333333333
DatabaseScript:0.14333333333333334
CompiledStatementExecutor:0.13
JavaObject:0.13
ScriptReaderBinary:0.12666666666666668
