Canvas:0.055833526
ImageLibrary:0.048484106
CanvasMouseMotionListener:0.033606034
TilePopup:0.009729109
CanvasMouseListener:0.007606018
FreeColMenuBar:0.0062127966
GUIMessage:0.0022278933
