Monarch:0.57
InGameInputHandler:0.29833333333333334
InGameController:0.2911111111111111
AIInGameInputHandler:0.23277777777777775
MonarchPanel:0.19666666666666668
