TaskTable:0.5366666666666666
DayButton:0.31666666666666665
TodoEditorPlugin:0.29333333333333333
TaskPropertiesPanel:0.26666666666666666
CalendarComponent:0.24
