AbstractInputHandler:0.6566666666666666
GrabKeyDialog:0.5633333333333334
TextAreaInputHandler:0.4066666666666667
