jEdit:0.19194198
Buffer:0.06752343
