InputHandler:0.14002803
KeyEventWorkaround:0.08836057
View:0.04234713
jEdit:0.026689306
EditAction:0.01358678
StatusBar:0.010459556
Log:0.008554945
OperatingSystem:0.0032517049
