UpgradeServlet:0.43333333333333335
SetupServlet:0.41333333333333333
JAMWikiFilter:0.3433333333333333
