NanoXMLDOMOutput:0.47361111111111104
Methods:0.47361111111111104
FrameHandler:0.4166666666666667
