UnitType:0.6433333333333333
Unit:0.58
ColopediaPanel:0.17333333333333334
TrainDialog:0.17
DragListener:0.13333333333333333
