SqltoolRB:1.0
SqlToolSprayer:0.43299973
SqlToolError:0.40453866
SqlFile:0.0
