WebBrowser:0.13683479
HTMLViewFactory:0.05168519
ActionGroup:0.021451289
MTextPane:0.019870862
TK:0.018918594
MText:0.017992245
UI:0.015280602
MLogger:0.0116733415
MMainWindow:0.010355036
MHTMLViewer:0.0085133
MAction:0.0071998
MPanel:0.005558602
MStatusBar:0.0055193114
StringList:0.0050822357
MScrollPane:0.0047550616
