QueryHandler:0.66
AnsiQueryHandler:0.5166666666666667
AnsiDataHandler:0.35333333333333333
DatabaseUpgrades:0.27666666666666667
UpgradeServlet:0.21
