Token:0.6941666666666667
StaticUtils:0.43333333333333335
WordIterator:0.35333333333333333
