Player:0.12425747
IndianSettlement:0.05661543
