DockableWindowManager:0.4533333333333333
PluginJAR:0.39
ActionSet:0.2816666666666667
PanelWindowContainer:0.2711111111111111
FloatingWindowContainer:0.205
