InputHandler:0.34593305
PreGameController:0.14465614
