Building:0.45666666666666667
ProductionInfo:0.3933333333333333
Colony:0.3616666666666667
BuildingType:0.3473333333333334
UnitType:0.2966666666666667
BuildQueue:0.24055555555555552
AbstractGoods:0.23333333333333334
ColonyProductionTest:0.20666666666666667
BuildingTest:0.12666666666666668
ProductionMap:0.016666666666666666
