AIGoods:0.45445415
EuropeanAIPlayer:0.32728687
AIColony:0.29261604
AIPlayer:0.2615101
TileImprovementPlan:0.22907987
WorkerWish:0.21571971
Transportable:0.21223848
REFAIPlayer:0.21199273
NativeAIPlayer:0.20130381
Wish:0.20129727
AIMain:0.19524385
AIObject:0.16345643
AIMessage:0.1033346
AIInGameInputHandler:0.053888887
