ServerAPI:0.1412958
DOMMessage:0.11210486
Connection:0.036043085
