ServerAPI:0.16634364
DOMMessage:0.0902463
Connection:0.03850504
