FeedsFS:0.5666666666666667
Tree:0.56
ExportAction:0.16666666666666666
FeedDownloader:0.16333333333333333
FetchFeedsAction:0.0375
MarkFeedsAsReadAction:0.0375
MarkFeedsAsUnreadAction:0.0375
