Environment:0.5966666666666667
WikiMail:0.5366666666666666
AdminServlet:0.27666666666666667
