AIPlayer:0.20782654
NewAIPlayer:0.14500861
StandardAIPlayer:0.123373054
AIMain:0.12085991
ColonialAIPlayer:0.11066455
AIMessage:0.05652331
REFAIPlayer:0.049738094
EuropeanAIPlayer:0.046478823
IndianAIPlayer:0.030991115
