TradeItem:0.24512506
StanceTradeItem:0.22673967
ColonyTradeItem:0.2258178
UnitTradeItem:0.21808925
GoldTradeItem:0.21195035
GoodsTradeItem:0.20338646
FreeColObject:0.05525676
Game:0.053696837
Goods:0.048562773
Colony:0.043569315
Player:0.031829424
