TradeItem:0.56797373
DiplomaticTrade:0.3837863
Game:0.107637115
Player:0.06995078
