GoldTradeItem:0.5462371
StanceTradeItem:0.53836834
UnitTradeItem:0.53712684
DiplomaticTrade:0.49682975
GoodsTradeItem:0.46151558
ColonyTradeItem:0.45694047
FreeColObject:0.1849003
Goods:0.15825182
Player:0.1362376
Game:0.13327579
Unit:0.120412104
Colony:0.10143502
