TradeItem:0.49935642
DiplomaticTrade:0.42688778
FreeColObject:0.2015492
Game:0.15664737
UnitType:0.1180649
Unit:0.09381911
Player:0.076211385
