MTip:0.10566388
AbstractFileCache:0.102598906
FS:0.091029726
FileCache:0.05987643
MLogger:0.023896376
