Config:0.83
PluginDownloader:0.29
PluginManager:0.2733333333333333
InstallButton:0.22666666666666666
