CargoPanel:0.19963992
UnitLabel:0.13544567
DefaultTransferHandler:0.13494167
DragListener:0.13279518
BuildingPanel:0.13039598
ConstructionPanel:0.071496986
FreeColPanel:0.06536275
RebelToolTip:0.030581709
ProductionLabel:0.025003523
GoodsLabel:0.021290459
DropListener:0.0056690024
