jEdit:0.5016666666666667
JEditTextArea:0.39
Macro:0.36
Macros:0.36
InputHandler:0.29333333333333333
REMatch:0.2872222222222222
GUIUtilities:0.26666666666666666
SplashScreen:0.25
KeyEventWorkaround:0.24333333333333335
VFSFileChooserDialog:0.23
ActionSet:0.23
TokenMarker:0.21444444444444447
View:0.20416666666666666
MacrosMenu:0.19444444444444445
ShortcutsModel:0.18666666666666668
ShortcutsOptionPane:0.13666666666666666
MouseHandler:0.1311111111111111
RESearchMatcher:0.11
