Unit:0.7233333333333334
ColonyTile:0.44
Colony:0.4116666666666667
InGameInputHandler:0.28
InGameController:0.25
UnitLabel:0.1788888888888889
DragListener:0.16666666666666666
