MetaInfo:0.8333333333333334
TodoEditorCore:0.2733333333333333
Filters:0.2586984126984127
