ModelMessage:0.44666666666666666
InGameController:0.37666666666666665
FreeColGameObject:0.36666666666666664
Market:0.26966666666666667
ReportTurnPanel:0.21333333333333335
