TaskTable:0.12617122
TaskModel:0.06367118
SummaryRenderer:0.0633481
DateTimeRenderer:0.061807267
Sorter:0.05281723
TaskState:0.0402766
TaskList:0.03456294
TaskComparator:0.019920517
Priority:0.018532913
CircleRenderer:0.010785187
CompleteRenderer:0.009433053
TaskSelection:0.005565391
Filter:0.0036044163
CircleEditor:0.003168959
