GUIUtilities:0.040681016
EditAction:0.026478386
jEdit:0.015486057
MacrosMenu:0.013456186
