MainWindow:0.5283333333333333
SessionManager:0.48
Autosave:0.32666666666666666
Reminder:0.30777777777777776
