Charset:0.04657236
UserTypeModifier:0.045655895
Type:0.03773074
CharacterType:0.022277294
