JDBCPreparedStatement:0.59667593
JDBCResultSet:0.35410056
JDBCConnection:0.32853603
JDBCArray:0.260139
JDBCUtil:0.16412756
JDBCBlobClient:0.14684266
JDBCClobClient:0.14272033
JDBCStatementBase:0.07622254
