JDBCResultSet:0.53942376
JDBCDatabaseMetaData:0.4542125
JDBCPreparedStatement:0.39917767
JDBCStatement:0.3424977
JDBCConnection:0.3159627
JDBCColumnMetaData:0.19843118
JDBCUtil:0.124457136
