JDBCStatement:0.3350416
JDBCPreparedStatement:0.19748051
JDBCResultSet:0.18401583
JDBCConnection:0.17885396
JDBCDatabaseMetaData:0.11289993
JDBCCallableStatement:0.08609369
JDBCUtil:0.08464161
