JDBCStatement:0.45444128
JDBCResultSet:0.43809512
JDBCPreparedStatement:0.42496714
JDBCDatabaseMetaData:0.42266288
JDBCCallableStatement:0.40744066
JDBCClob:0.3070292
JDBCDriver:0.29524925
JDBCResultSetMetaData:0.29237187
JDBCArray:0.29132372
JDBCBlob:0.26231244
JDBCSQLXML:0.2378538
JDBCStatementBase:0.19410537
JDBCSavepoint:0.19175111
JDBCUtil:0.18549375
JDBCParameterMetaData:0.16397856
JDBCNClob:0.12440988
JDBCConnectionEventListener:0.01928786
