Flags:0.6933333333333334
MDialog:0.36333333333333334
Tester:0.2088888888888889
MStatusBar:0.20333333333333334
DownloadInfo:0.19666666666666666
PrintDialog:0.19
