AbstractUnit:0.15021445
FreeColObject:0.08699199
NationType:0.07761218
