GUI:0.09382731
Canvas:0.08655573
FreeColMenuTest:0.046802428
CanvasMapEditorMouseListener:0.010801262
