Player:0.095792755
UnitType:0.062216792
IndianSettlement:0.04805435
Region:0.04570982
SimpleCombatModel:0.039050303
FreeColObject:0.028398061
NationType:0.00862519
