EuropeanNationType:0.11277405
Nation:0.11011897
Player:0.07159193
FreeColGameObjectType:0.06511241
IndianNationType:0.056277912
NationOptions:0.030298524
