Colony:0.38440454
IndianSettlement:0.3457539
Unit:0.3219451
Tile:0.31300983
GoodsContainer:0.28632534
ColonyTile:0.27587694
Player:0.25514564
Goods:0.21898125
Building:0.16902345
Map:0.1349476
Location:0.13190755
SimpleCombatModel:0.12074789
BuildableType:0.09960497
AbstractGoods:0.09933991
GoodsTradeItem:0.0900268
ModelMessage:0.088988796
GoodsType:0.08388039
Game:0.0817562
FreeColGameObject:0.06670981
EquipmentType:0.058271892
ColonyTradeItem:0.057746805
FeatureContainer:0.05099245
FreeColObject:0.048644923
Ownable:0.047190167
Locatable:0.046444613
FreeColGameObjectListener:0.019079726
Named:0.017870389
