UI:0.7533333333333333
DateTimeDialog:0.2633333333333333
Stuff:0.24666666666666667
NotepadEditorDesigner:0.19
MSizeGrip:0.17666666666666667
LAFItem:0.13666666666666666
