ListOptionSelector:0.3063185
OptionGroup:0.26998946
AbstractOption:0.14553623
Option:0.07960064
