UI:0.11679737
MIcon:0.1124349
MSmallColorButton:0.10141414
MColorChooser:0.0827914
MSmallColorChooser:0.05084275
MColor:0.044955432
MColorPicker:0.029524755
TK:0.022639357
Property:0.011288775
WTFError:0.011117471
BooleanProperty:0.007013346
