MountManager:0.41333333333333333
Permission:0.38666666666666666
SessionManager:0.3433333333333333
Armor:0.25333333333333335
DefaultPageChecker:0.23666666666666666
ByLabel:0.15666666666666668
