ServletUtil:0.52
TemplateTag:0.26
WikiDatabase:0.24
HtmlLinkTag:0.19333333333333333
SetupServlet:0.19333333333333333
LuceneSearchEngine:0.19
UploadServlet:0.17277777777777778
HtmlTag:0.14438888888888884
JAMWikiFilter:0.14333333333333334
