FreeCol:0.64
FreeColClient:0.51
OptionsDialog:0.27666666666666667
ClientOptionsDialog:0.15333333333333332
