Archive:0.6366666666666667
ArchiveChannel:0.5466666666666666
FeedViewer:0.32
