Player:0.82
PioneeringMission:0.33666666666666667
InGameController:0.27666666666666667
