HsqlSocketRequestHandler:0.19313143
Server:0.12196134
ServerConstants:0.028947534
Trace:0.02846887
HsqlException:0.0071027023
