HsqlDatabaseProperties:0.16021878
DataFileCache:0.077766985
TextCache:0.060712636
Log:0.041640077
