ServerConfiguration:0.21441677
Server:0.0495135
WebServer:0.03556439
DatabaseURL:0.019739576
WebServerConnection:0.019075504
DatabaseManager:0.017483158
HsqlServerFactory:0.01205667
