Server:0.18549722
WebServer:0.069938526
ServerConstants:0.045952436
