jEdit:0.6566666666666666
Plugin:0.4
OperatingSystem:0.29527777777777775
Dependency:0.25833333333333336
PluginJAR:0.21833333333333332
PluginTableModel:0.20333333333333334
