Preferences:0.68
SearchWindowController:0.43888888888888894
SearchWindowForm:0.2966666666666667
