FeedComponent:0.31333333333333335
MTaskPanel:0.2733333333333333
TaskSummary:0.17
RefreshAction:0.15444444444444444
Summary:0.14666666666666667
