RowSetNavigatorData:0.49
SortAndSlice:0.44333333333333336
QueryExpression:0.39
QuerySpecification:0.35333333333333333
