Unit:0.6133333333333333
WorkLocation:0.567
UnitTest:0.13666666666666666
