Unit:0.5466666666666666
Colony:0.53
Building:0.4766666666666667
ImageLibrary:0.25333333333333335
