ConnectionDialog:0.5133333333333333
ZaurusConnectionDialog:0.24333333333333335
ZaurusDatabaseManager:0.20583333333333334
FindFile:0.19666666666666668
ConnectionDialogSwing:0.19472222222222224
Testdb:0.19250000000000003
ShutdownServer:0.17111111111111113
