DataSpaceManager:0.5666666666666667
PersistentStore:0.5433333333333333
DataFileDefrag:0.38666666666666666
RowStoreAVL:0.38
DoubleIntIndex:0.35333333333333333
RowStoreAVLDisk:0.31666666666666665
RowStoreAVLDiskData:0.28
RowStoreAVLHybrid:0.275
TableSpaceManagerDefault:0.26666666666666666
DataSpaceManagerBlocks:0.26031746031746034
DataFileCache:0.25
Logger:0.23666666666666666
ServerConnection:0.22666666666666666
TableSpaceManagerBlocks:0.22
DataSpaceManagerSimple:0.22
RowStoreAVLHybridExtended:0.21666666666666667
SimpleStore:0.21
StatementCommand:0.16333333333333333
LongLookup:0.16166666666666665
IntLookup:0.16166666666666665
