Ability:0.45
ColonyPlan:0.4266666666666667
AIColony:0.37333333333333335
AIColonyTest:0.2866666666666667
InGameController:0.26666666666666666
EuropeanAIPlayer:0.20666666666666667
ColonyPlanTest:0.19333333333333333
UnitWas:0.02277777777777778
BuildPlan:0.01
