WikiLink:0.33047733
PseudoTopicHandler:0.117210835
Pagination:0.0498811
Utilities:0.0
ImageUtil:0.0
LinkUtil:0.0
WikiLogger:0.0
