MAction:0.5766666666666667
Item:0.56
ListActionsLayerUI:0.3433333333333333
ActionGroup:0.24666666666666667
MComboBox:0.20666666666666667
PluginSettings:0.19
PriorityEditor:0.15666666666666668
