PluginUtils:0.23322321
Filters:0.20567343
OneFilter:0.16534744
