AutoCompleter:0.58
AutoCompleterItem:0.30666666666666664
TagAutoCompleterView:0.22333333333333333
