FS:0.69
OS:0.35333333333333333
MProcess:0.25666666666666665
MDownloadDialog:0.22666666666666666
PropertiesBar:0.22
