QueryHandler:0.6133333333333333
AnsiQueryHandler:0.5133333333333333
DataHandler:0.29533333333333334
TestDataHandler:0.2633333333333333
AnsiDataHandler:0.25
ItemsServlet:0.2
DB2QueryHandler:0.10666666666666667
OracleQueryHandler:0.10666666666666667
DB2400QueryHandler:0.08
