Feed:0.4766666666666667
Repository:0.33666666666666667
DownloadInfo:0.29
DeskletAdapter:0.21333333333333335
