Environment:0.7966666666666666
AdminServlet:0.2966666666666667
HtmlLinkTag:0.27666666666666667
