TodoEditor:0.42333333333333334
MTextFieldPanel:0.38666666666666666
MIconChooser:0.31666666666666665
GHNSDialog:0.28
MFontChooser:0.2733333333333333
EditorQuickFind:0.22833333333333333
SearchBar:0.16866666666666666
QuickOpenDialog:0.14333333333333334
