Property:0.7666666666666667
MMessage:0.4172222222222222
MAuthenticator:0.17333333333333334
