Tile:0.5866666666666667
Player:0.5333333333333333
InGameController:0.29
ColonyTest:0.23666666666666666
BuildColonyMission:0.17666666666666667
ClaimLandMessage:0.15333333333333332
