Ability:0.42013344
Modifier:0.3767467
FeatureContainer:0.16382183
Scope:0.092833295
FreeColGameObjectType:0.06700188
Features:0.03841094
TileType:0.037865043
Colony:0.03762921
FoundingFather:0.034324676
Player:0.031813886
Unit:0.031635262
TileImprovementType:0.028262222
UnitType:0.026354374
ResourceType:0.023263266
SimpleCombatModel:0.020288717
IndianNationType:0.019769756
Turn:0.019344145
FreeColObject:0.018641574
EuropeanNationType:0.018159498
EquipmentType:0.017039087
BuildingType:0.01077708
