MScrollPane:0.6233333333333333
PropertiesDialog:0.3933333333333333
PrintPreview:0.22666666666666666
DragScroller:0.20333333333333334
