RCData:0.5733333333333334
DatabaseManager:0.43666666666666665
DatabaseManagerCommon:0.4066666666666667
ConnectionDialogCommon:0.22
