MDialog:0.5266666666666666
FSHelper:0.33666666666666667
MNotification:0.23166666666666666
XMLHelper:0.23
TextEditor:0.21
ScriptPlugin:0.20333333333333334
PropertiesDialog:0.19777777777777777
