MFormat:0.5633333333333334
MLogger:0.51
ImageEditor:0.3233333333333333
Console:0.21666666666666667
