Stuff:0.5783333333333334
GHNSDialog:0.4666666666666667
DateTimeAdapter:0.35
