View:0.48
EditPane:0.4241666666666667
InputHandler:0.3933333333333333
StatusBar:0.3094444444444444
ActionBar:0.23666666666666666
DefaultInputHandler:0.22233333333333336
SearchBar:0.20733333333333334
ActionHandler:0.13555555555555554
KeyHandler:0.12444444444444443
