DrawingPanel:0.36333333333333334
DrawApplet:0.36
SVGApplet:0.36
PertApplet:0.25666666666666665
NetApplet:0.25666666666666665
Main:0.10666666666666667
