MSystemTray:0.54
Vars:0.5239047619047619
Reminder:0.31
TasksSettings:0.20333333333333334
