Canvas:0.6266666666666667
DumpCargoDialog:0.2966666666666667
CanvasMapEditorMouseListener:0.29333333333333333
