Canvas:0.6516666666666666
FreeColClient:0.32666666666666666
