jEdit:0.5233333333333333
Buffer:0.48
MiscUtilities:0.45666666666666667
VFS:0.41
Entry:0.38
DockableWindowManager:0.3433333333333333
GUIUtilities:0.33666666666666667
Button:0.33
EditAction:0.30133333333333334
WorkThread:0.2833333333333333
MenuItem:0.26
TextAreaPainter:0.24666666666666667
Macros:0.24333333333333335
TokenMarker:0.23166666666666666
BufferOptions:0.23
EditPane:0.22
SearchAndReplace:0.21666666666666667
JARClassLoader:0.20666666666666667
Gutter:0.18333333333333332
SearchDialog:0.18
Dependency:0.17666666666666667
BufferHistory:0.17
StringICaseCompare:0.15833333333333333
ToolBarEditDialog:0.14333333333333334
ContextAddDialog:0.13333333333333333
SettingsActionHandler:0.11416666666666667
ButtonCompare:0.11416666666666667
TextAreaOptionPane:0.11333333333333333
ColorTableModel:0.11333333333333333
MenuItemCompare:0.1075
Macro:0.1
ActionHandler:0.09822222222222221
StringCompare:0.09333333333333334
WindowCompare:0.08666666666666667
AbbrevCompare:0.08666666666666667
FileCompare:0.08333333333333333
GutterOptionPane:0.06333333333333334
TextUtilities:0.06333333333333334
