MPanel:0.82
PropertiesPanel:0.4033333333333333
MainWindow:0.30666666666666664
