MWrapperPanel:0.49666666666666665
PropertyPanel:0.48333333333333334
Horizontal:0.24
MSpinnerPanel:0.15333333333333332
