MCalendarPanel:0.51
Info:0.44666666666666666
MSimpleLayout:0.3933333333333333
MComponent:0.25
CalendarWidget:0.14333333333333334
