FreeColServer:0.49333333333333335
NationOptions:0.48333333333333334
StartGamePanel:0.33
PreGameController:0.28
PreGameInputHandler:0.21411111111111106
ColorChooserDialog:0.10666666666666667
ColorButton:0.03
