TextAreaPainter:0.55
Chunk:0.37666666666666665
FastRepaintManager:0.29
KillRing:0.21666666666666667
SyntaxStyle:0.18666666666666668
Debug:0.14622222222222223
