WikiUtil:0.8666666666666667
AdminServlet:0.4666666666666667
RegisterServlet:0.2776666666666667
