BeanShellAction:0.29356018
ActionSet:0.26225635
ActionContext:0.2541445
jEdit:0.17455043
GUIUtilities:0.17310493
Macros:0.16641052
InputHandler:0.15029666
VFSBrowser:0.13275032
DockableWindowManager:0.12947078
View:0.107035086
EnhancedCheckBoxMenuItem:0.10606843
DefaultInputHandler:0.09980827
ToolBarOptionPane:0.08722346
ContextOptionPane:0.0840866
ToolBarEditDialog:0.07069901
ContextAddDialog:0.069211826
Log:0.06589713
ActionBar:0.06544833
EnhancedMenuItem:0.060757764
EnhancedButton:0.031737335
Delegate:0.02945235
