AIObject:0.33102795
AIUnit:0.21794969
Wish:0.20277423
AIGoods:0.15969828
TileImprovementPlan:0.15364987
AIPlayer:0.13231209
AIColony:0.1313538
WorkLocationPlan:0.123274766
WorkerWish:0.11084351
GoodsWish:0.10319697
AIInGameInputHandler:0.08766346
ColonyPlan:0.07413322
