Benchmark:0.09683623
TK:0.075936146
Config:0.07532437
UI:0.057515282
MText:0.056025952
OS:0.05341585
MMessage:0.050930776
MButton:0.047479574
MApplication:0.044209044
Preloader:0.043404587
MToolBar:0.04206433
AbstractFileCache:0.04180483
FS:0.041085396
Gettext:0.040698804
MTip:0.03956014
MCalendarPanel:0.03599114
MSmallButton:0.034800638
MProcess:0.03301573
MDialog:0.032319337
XMLHelper:0.032117695
MIcon:0.02784357
MTable:0.027004953
MWebBrowserPanel:0.026732452
Property:0.025006002
MList:0.023531254
MWhatsThis:0.02235457
PropertyAccess:0.022315852
MFormat:0.022177905
MDate:0.021451201
SimpleXMLReader:0.021034658
MouseGestures:0.019499127
MIconChooser:0.019133065
FileCache:0.018562319
FileSelection:0.017310476
MClipboard:0.015789174
MCellTip:0.015422112
MHighlighter:0.014436264
MSystemTray:0.014264528
AbstractListTableModel:0.012919533
Net:0.012605684
MTimer:0.011805008
BooleanProperty:0.008614244
HTMLViewFactory:0.007580538
MAuthenticator:0.007070025
StringProperty:0.006858138
MColor:0.0056950143
AbstractSelection:0.005557187
ImageSelection:0.0053758235
MUndoManager:0.0051857205
MSizeGrip:0.0040342514
MInternalFrame:0.0037984778
MZip:0.0034584366
MFlipPanel:0.0034510973
MDropTarget:0.0010644365
