Unit:0.6686666666666666
Colony:0.61
FreeColServer:0.23
InGameController:0.22666666666666666
TransportMission:0.22666666666666666
REFAIPlayer:0.22333333333333333
GameOptions:0.17216666666666666
