MetaInfo:0.42333333333333334
Index:0.37
MProperties:0.35
Ico:0.31
MIcon:0.29333333333333333
Editor:0.29333333333333333
Info:0.2833333333333333
DefaultPreview:0.24666666666666667
ConfigFile:0.22
Projects:0.21
Armor:0.21
RunAction:0.20333333333333334
ImportExport:0.18333333333333332
NotepadEditor:0.17666666666666667
TodoEditor:0.17
LinkEditor:0.16333333333333333
Checksum:0.13583333333333333
EditorCrypto:0.13333333333333333
EditorExport:0.1297777777777778
Main:0.12666666666666668
FaviconRequestManager:0.11
