PertFigureCreationTool:0.0965286
PertDependency:0.019141594
