ViewParagraph:0.06826171
EditorTextArea3:0.01964601
EditorController:0.008099691
Document3:0.0024102835
