HelpSystem:0.50869054
HelpContext:0.043053996
