MApplication:0.08861928
MMainWindow:0.046921346
UI:0.02056005
MAction:0.016555497
MStatusBar:0.008696179
MArrayList:0.005721194
MSwingWorker:0.002579841
