Editor:0.6933333333333334
TodoEditor:0.39666666666666667
LinkEditor:0.36
AbstractTextEditor:0.3
WebBrowserEditor:0.3
