UnitLabel:0.15299304
CargoPanel:0.15151538
DefaultTransferHandler:0.1272911
DragListener:0.10681132
GoodsLabel:0.041310888
FreeColPanel:0.02967423
ProductionMultiplesLabel:0.024572963
ProductionLabel:0.02437146
FreeColProgressBar:0.018806087
DropListener:0.0036754175
ChoiceItem:0.002674596
