Unit:0.6366666666666667
InGameController:0.315
BuildColonyMessage:0.30333333333333334
InGameInputHandler:0.2833333333333333
