Colony:0.6333333333333333
SaveAndQuitAction:0.3933333333333333
InGameController:0.35333333333333333
BuildQueuePanel:0.32666666666666666
BuildQueueMouseAdapter:0.19
BuildColonyMission:0.19
ActionManager:0.1588888888888889
InGameMenuBar:0.15333333333333332
MapEditorMenuBar:0.14666666666666667
