InputFormat:0.5266666666666666
ODGInputFormat:0.33666666666666667
SVGInputFormat:0.3233333333333333
TextInputFormat:0.31
ImageInputFormat:0.30333333333333334
DOMStorableInputOutputFormat:0.28
SVGApplet:0.20666666666666667
SVGApplicationModel:0.19333333333333333
SVGView:0.19333333333333333
ODGView:0.18333333333333332
DrawView:0.18333333333333332
PertView:0.18333333333333332
NetView:0.17
PictImageInputFormat:0.16
DefaultDrawingViewTransferHandler:0.15333333333333332
ImageTool:0.14333333333333334
SVGZInputFormat:0.07333333333333333
SVGCreateFromFileTool:0.03027777777777778
