Colony:0.59
Building:0.3933333333333333
Europe:0.38
GoodsContainer:0.37
ColonyTile:0.22666666666666666
IndianSettlement:0.22
