MainWindow:0.64
MSystemTray:0.4166666666666667
MMainWindow:0.38666666666666666
