ParserDQL:0.5233333333333333
SchemaManager:0.38666666666666666
ParserDDL:0.31
ParserRoutine:0.26
