DesktopPanel:0.005707466
Widget:0.003913487
