ProductionLabel:0.11051206
UnitLabel:0.10914896
ReportPanel:0.07364244
FreeColPanel:0.042881798
