AbstractSpinner:0.6811111111111111
PrintPreviewPanel:0.46888888888888897
