Google2Translate:0.4033333333333333
MyMemoryMachineTranslate:0.37333333333333335
BaseTranslate:0.19666666666666666
