SRX:0.45666666666666667
Core:0.3433333333333333
Main:0.23333333333333334
Rule:0.14
ObjectFactory:0.12
Languagerule:0.06
Header:0.04
Formathandle:0.02
Languagemap:0.02
Body:0.013333333333333334
Languagerules:0.0
Maprules:0.0
Afterbreak:0.0
Beforebreak:0.0
