Preview:0.098776124
PreviewPanel:0.08437521
AbstractPreview:0.021765377
