Designer:0.48333333333333334
ChartPainter:0.44333333333333336
PropertyPanel:0.41333333333333333
ToggleButton:0.31
