Style:0.5366666666666666
MPanel:0.42
MDialog:0.2833333333333333
MInternalFrame:0.26
RenameEditor:0.19333333333333333
CompletionWindow:0.18666666666666668
