VFSBrowser:0.2576764
jEdit:0.11171947
VFS:0.087166555
Buffer:0.07848884
GUIUtilities:0.06677891
BrowserView:0.051011544
VFSManager:0.042126104
View:0.03138366
