FileScanner:0.0724003
FileCache:0.062167034
XMLHelper:0.061457865
Config:0.059007145
MFileChooser:0.05312656
Application:0.052948914
UI:0.046120796
OS:0.04304146
TK:0.040735282
AbstractMarkupBuilder:0.040596433
AppInfo:0.034682214
MMessage:0.027356107
AppAction:0.026431615
FileSelection:0.024967445
Gettext:0.023558503
MTextPane:0.022698723
MLabel:0.020446697
MTip:0.020299662
MMenu:0.019664451
MLogger:0.01595784
CoolLabel:0.015494669
MAbout:0.014821757
MTabbedPane:0.014218701
MDialog:0.014054431
MNotification:0.013885886
MButton:0.013598144
MStatusBar:0.012129516
ImageSelection:0.011072591
IntegerProperty:0.009617217
MCalendar:0.009573843
MMenuItem:0.0074665346
Property:0.007162035
StringProperty:0.0067762113
CoolHeader:0.0064272466
MSmallButton:0.0063552726
BackgroundTaskManager:0.006164941
MRating:0.005647858
MThrobber:0.0018125733
Uninstantiable:6.438734E-5
