Message:0.08024946
Connection:0.030136503
