Message:0.07794065
Connection:0.027175944
