TodoEditorCore:0.41
Summary:0.3566666666666667
TaskSummary:0.30666666666666664
Tracker:0.3
TaskManager:0.27666666666666667
