Unit:0.37666666666666665
ModifierTest:0.3433333333333333
FoundingFather:0.30666666666666664
Player:0.2758333333333333
Modifier:0.2733333333333333
Colony:0.23666666666666666
