MapControls:0.07555625
ImageProvider:0.010897463
