TK:0.8666666666666667
FS:0.3933333333333333
Armor:0.29444444444444445
Impl:0.21
TestTK:0.155
