TileImprovement:0.29190397
TileType:0.25338465
TileItemContainer:0.19621767
Tile:0.18179081
UnitType:0.13961102
GoodsType:0.13880083
Specification:0.12363145
EquipmentType:0.10991309
Colony:0.100786164
FreeColObject:0.09908213
FreeColGameObjectType:0.090033606
Unit:0.086890824
Modifier:0.083143786
Scope:0.07999759
FeatureContainer:0.025005866
TypeCountMap:0.0104314815
