ColonyPlan:0.34768358
AIColony:0.26429263
AIObject:0.058396712
AIMain:0.046125382
ValuedAIObject:0.027987745
