JEditTextArea:0.5433333333333333
KeyEventWorkaround:0.30666666666666664
TextAreaPainter:0.29333333333333333
PluginTableModel:0.29
View:0.2891666666666667
SearchAndReplace:0.245
Gutter:0.21333333333333335
EditPane:0.21066666666666667
ButtonLayout:0.19
