ServletUtil:0.5633333333333334
WikiUtil:0.5533333333333333
AdminServlet:0.23
UploadServlet:0.18333333333333332
EditServlet:0.17666666666666667
AuthMsgTag:0.17333333333333334
ManageServlet:0.16
TranslationServlet:0.15333333333333332
WatchlistTag:0.13666666666666666
MoveServlet:0.13333333333333333
RegisterServlet:0.12666666666666668
UpgradeServlet:0.12666666666666668
RolesServlet:0.12666666666666668
ImportServlet:0.10333333333333333
JAMWikiLocaleInterceptor:0.10333333333333333
ImportTiddlyWikiServlet:0.10333333333333333
WatchlistServlet:0.03
