Buffer:0.5166666666666667
JEditTextArea:0.39666666666666667
TextAreaPainter:0.36666666666666664
SyntaxStyle:0.31277777777777777
TextUtilities:0.23666666666666666
SyntaxCharacterIterator:0.23666666666666666
Chunk:0.08
