MRating:0.52
PluginInfo:0.3466666666666667
StuffRenderer:0.26666666666666666
Flags:0.245
ItemRenderer:0.2394444444444445
TaskModel:0.19055555555555556
Archive:0.178
RatingSelection:0.1
PluginRenderer:0.09
