ImageEditor:0.5466666666666666
PropertiesBar:0.47333333333333333
BackgroundTaskManager:0.23666666666666666
DefaultIconAction:0.1425
IconAction:0.03666666666666667
CustomIconAction:0.015
