Feed:0.73
FeedComponent:0.34
AbstractPanel:0.2633333333333333
MainPanel:0.21333333333333335
