MTextArea:0.43525642
MText:0.1550866
MMessage:0.055620898
MAboutDialog:0.026680771
Property:0.0123705305
UI:0.011182111
Kiosk:0.008552944
