VFS:0.1793269
FileVFS:0.14585975
VFSManager:0.07574484
VFSBrowser:0.04751999
BrowserView:0.030365894
Log:0.02059345
