FileUtil:0.4266666666666667
Platform:0.42333333333333334
CreateDocIndexUtil:0.31666666666666665
SegmentExportImport:0.25333333333333335
LineLengthLimitWriter:0.235
GlossaryReaderTSV:0.17666666666666667
