Session:0.5866666666666667
SessionInterface:0.5633333333333334
QuerySpecification:0.31333333333333335
ClientConnection:0.2688888888888889
ServerConnection:0.26111111111111107
