ServerPlayer:0.6166666666666667
InGameInputHandler:0.36666666666666664
InGameController:0.2866666666666667
FreeColServer:0.24833333333333332
ServerAPI:0.21
