ParserDQL:0.6516666666666666
ParserCommand:0.3563888888888889
RowStoreAVL:0.30333333333333334
