MButton:0.4666666666666667
MStatusBar:0.33666666666666667
FeedsFS:0.2866666666666667
TextEditor:0.26666666666666666
Tabs:0.25666666666666665
MFileChooser:0.25
ScriptPlugin:0.24333333333333335
NavigationUtils:0.24333333333333335
MToolBar:0.22
DayButton:0.22
SearchBar:0.21666666666666667
HTMLRichTextPane:0.21
ConsoleConfig:0.20833333333333334
ImageEditorCore:0.20333333333333334
Reminder:0.20166666666666666
FeedViewer:0.19333333333333333
RectangleTool:0.18333333333333332
Undo:0.18
AnnotationBar:0.16666666666666666
