TaskManager:0.3421292
AlarmManager:0.23380776
TaskPanel:0.21164843
TaskSummary:0.20740916
TaskInfo:0.07066395
Summary:0.028143013
