Editor:0.5366666666666666
MainWindow:0.4
TodoEditor:0.365
TodoEditorCore:0.23833333333333334
