FileVFS:0.4396167
jEdit:0.2638696
BufferIORequest:0.26316366
MiscUtilities:0.24614254
VFSManager:0.22230837
BrowserIORequest:0.21087568
Buffer:0.19440342
UrlVFS:0.19133063
FileRootsVFS:0.17966558
VFSBrowser:0.16833997
FavoritesVFS:0.15945129
BeanShell:0.15237619
Log:0.12099074
View:0.10155238
BrowserView:0.075448
EditBus:0.06450259
VFSFileChooserDialog:0.0625866
BrowserCommandsMenu:0.04931035
EBMessage:0.040788747
FileCellRenderer:0.039632298
RE:0.037104018
RecentFilesMenu:0.0358629
RecentDirectoriesMenu:0.030888936
PropertiesChanged:0.026142694
EBComponent:0.023409264
REException:0.019535916
BrowserListener:0.010582705
