ArrayUtil:0.5466666666666666
Session:0.31666666666666665
Cache:0.2966666666666667
Scanner:0.23666666666666666
BitMap:0.23333333333333334
RangeVariable:0.21666666666666667
SchemaManager:0.21583333333333332
IndexAVL:0.20666666666666667
LobManager:0.20333333333333334
TableWorks:0.19666666666666666
StatementSchema:0.18666666666666668
TriggerDefSQL:0.10166666666666667
