View:0.04671448
SearchDialog:0.037571546
