AnsiDataHandler:0.4266666666666667
BlikiProxyParser:0.4266666666666667
BlikiProxyParserUtil:0.42333333333333334
AnsiQueryHandler:0.2966666666666667
JAMWikiCrawlHandler:0.21333333333333335
JAMWikiLoadHandler:0.16333333333333333
Main:0.11
