jEdit:0.6266666666666667
VFS:0.5
MiscUtilities:0.3233333333333333
PluginJAR:0.27666666666666667
Branch:0.26611111111111113
ShortcutsModel:0.24
Dependency:0.21455555555555558
PluginTableModel:0.2
ButtonLayout:0.19305555555555554
ShortcutsOptionPane:0.19
PanelWindowContainer:0.18333333333333332
BufferListSet:0.15333333333333332
StringICaseCompare:0.15
WindowCompare:0.14
ActionHandler:0.13415079365079363
WindowTableModel:0.13333333333333333
AbbrevCompare:0.11333333333333333
DockableWindowCompare:0.1075
MenuItemCompare:0.09333333333333334
InstallPanel:0.09333333333333334
ButtonCompare:0.09333333333333334
DirectoryEntryCompare:0.08666666666666667
PluginCompare:0.08333333333333333
