MIcon:0.7633333333333333
MetaInfo:0.42
PluginInfo:0.23666666666666666
MIconChooser:0.21222222222222223
MToolBar:0.19
StuffRenderer:0.18
ArticleList:0.12333333333333334
