MapboardAction:0.09903868
ActionManager:0.060748134
