Game:0.5533333333333333
Specification:0.42333333333333334
DifficultyLevel:0.35722222222222216
FreeColServer:0.24
SerializationTest:0.14666666666666667
