ArrayUtil:0.097961344
LongLookup:0.04417281
IntLookup:0.04350066
