RowStoreAVLHybridExtended:0.36168352
RowStoreAVL:0.3577588
PersistentStore:0.27352008
RowStoreDataChange:0.15101601
CachedObject:0.09539616
DataFileCache:0.08448576
PersistentStoreCollectionSession:0.07540214
Logger:0.04499368
DataFileCacheSession:0.04357427
PersistentStoreCollection:0.010363147
