RowStoreAVLDisk:0.7359735
RowStoreAVL:0.32358456
CachedObject:0.17816669
TextCache:0.14003445
DataFileCache:0.12183651
Logger:0.053872623
PersistentStoreCollection:0.011498832
