MDownloadDialog:0.48333333333333334
GHNSDialog:0.4166666666666667
InternetSearchPanel:0.2683333333333333
PreviewReader:0.25777777777777783
