Session:0.6666666666666666
LobManager:0.4
JDBCConnection:0.30833333333333335
SessionData:0.2628888888888889
