QueryHandler:0.6525
DataHandler:0.5033333333333333
WikiUser:0.41
AnsiQueryHandler:0.36666666666666664
AnsiDataHandler:0.2866666666666667
DatabaseUpgrades:0.17666666666666667
UpgradeServlet:0.17666666666666667
EditServlet:0.17
WikiDatabase:0.14333333333333334
RegisterServlet:0.11333333333333333
WikiSignatureTag:0.10333333333333333
DateUtil:0.05
