ImageSelection:0.21003594
FileSelection:0.17991343
MLogger:0.0037748166
