TodoEditorCore:0.10886622
Task:0.017447352
