Config:0.6933333333333334
FS:0.5666666666666667
