Unit:0.6366666666666667
InGameController:0.45
ServerPlayerTest:0.34
InGameInputHandler:0.29333333333333333
MoveToAmericaMessage:0.26
