StaticUtils:0.75
CalcStandardStatistics:0.2633333333333333
CalcMatchStatistics:0.21333333333333335
