Tile:0.5166666666666667
LostCityRumour:0.49
Game:0.4166666666666667
ModelMessage:0.32
TileItemContainer:0.23333333333333334
PlayerExploredTile:0.22666666666666666
InGameInputHandler:0.19666666666666666
MapGenerator:0.18666666666666668
TileTypeTransform:0.09333333333333334
LostCityRumourTransform:0.09
