Server:0.15499939
Result:0.06590924
DatabaseManager:0.061956767
Database:0.038640574
Session:0.037319057
ResultConstants:0.024684886
HsqlException:0.00567041
