MText:0.9133333333333333
NoteWidget:0.38666666666666666
PrintAction:0.17
