Tile:0.6766666666666666
Map:0.4
InGameController:0.2966666666666667
SelectDestinationDialog:0.19666666666666666
