Canvas:0.44333333333333336
MiniMapZoomInAction:0.3433333333333333
MiniMapZoomOutAction:0.3433333333333333
Messages:0.34
ActionManager:0.27
