InstallThread:0.21806744
ConsoleInstall:0.21657154
NonInteractiveInstall:0.13466553
SwingInstall:0.10724515
Install:0.051308054
