IEditor:0.6652777777777779
MainWindowMenuHandler:0.4266666666666667
MainWindowMenu:0.3566666666666667
EditorController:0.29333333333333333
GlossaryTextAreaTest:0.2
