MainWindowMenuHandler:0.5166666666666667
MainWindowMenu:0.5066666666666667
NewTeamProject:0.38
