QueryHandler:0.596388888888889
AnsiQueryHandler:0.54
AnsiDataHandler:0.3933333333333333
TestDataHandler:0.3
DataHandler:0.2275
