PropertyPanel:0.7144444444444443
Colors:0.2733333333333333
DesktopSettings:0.17666666666666667
Settings:0.17666666666666667
