FeedsFS:0.4866666666666667
AbstractFS:0.37
SearchFS:0.2966666666666667
FeedsFSPlugin:0.21666666666666667
DnDTransferHandler:0.20666666666666667
