MButton:0.050806493
MLabel:0.04363862
MRating:0.042670734
MAction:0.03970021
MAbout:0.036353495
UI:0.03314575
MColorIcon:0.032005847
MMenu:0.031009564
ImageBorder:0.029762115
MMessage:0.025067523
MToolBar:0.023707332
MIconChooser:0.021326654
MDialog:0.016890617
MFileChooser:0.015298777
MTabbedPane:0.015187361
MSettingsDialog:0.014803021
MSettingsPage:0.013698054
MNotification:0.013282378
TK:0.013211226
MLogger:0.013115155
MTip:0.013087874
MInternalFrame:0.011537401
MStatusBar:0.010135789
MMainWindow:0.009980503
Item:0.009279859
MCalendar:0.009225043
MToggleButton:0.008530421
MColorChooser:0.00831048
CoolHeader:0.008218438
MSmallButton:0.006987319
MThrobber:0.0064802463
MMenuItem:0.0061073294
BackgroundTaskManager:0.0060456186
MAuthenticator:0.0054456596
Property:0.0029687488
IntegerProperty:0.0020017766
