InGameController:0.62
InGameInputHandler:0.38666666666666666
MoveMessage:0.3144444444444444
EmbarkMessage:0.2733333333333333
UnitMoveAnimationCanvasSwingTask:0.24
