Unit:0.6033333333333334
ColonyTile:0.44333333333333336
Building:0.43
GUI:0.4266666666666667
EuropePanel:0.31333333333333335
AIColony:0.18666666666666668
WorkProductionPanel:0.18666666666666668
DisplayBordersAction:0.18333333333333332
DisplayGridAction:0.18333333333333332
DragListener:0.13666666666666666
EuropeButton:0.043333333333333335
