Buffer:0.62
JEditTextArea:0.43055555555555564
Abbrevs:0.42333333333333334
