FSHelper:0.48
MTextFieldPanel:0.4666666666666667
PropertiesPanel:0.2866666666666667
