BaseCostDecider:0.32362756
CostDecider:0.31471947
