Player:0.20545264
AbstractUnit:0.20081899
Europe:0.14306363
UnitType:0.12113423
Market:0.096093744
Game:0.09142374
FreeColObject:0.060711965
FreeColGameObject:0.05470024
FreeColGameObjectType:0.037048128
GameOptions:0.03509232
EquipmentType:0.03385029
BuildableType:0.027314944
AbstractGoods:0.019891405
Turn:0.012428625
Nation:0.010275616
