ColonialAIPlayer:0.45501155
AIPlayer:0.33632445
EuropeanAIPlayer:0.28379345
IndianAIPlayer:0.27916256
REFAIPlayer:0.22831741
AIUnit:0.19294733
AIMain:0.091706924
AIInGameInputHandler:0.076131046
AIObject:0.060391985
