MInfoBar:0.44333333333333336
FeedsFS:0.3233333333333333
PrintPreviewPanel:0.26666666666666666
EditorQuickFind:0.26
FeedViewer:0.24
ScriptIDE:0.21944444444444444
Editor:0.21
MouseGestures:0.19666666666666666
MActionInfo:0.18333333333333332
PluginSettings:0.16333333333333333
Page:0.12666666666666668
