QueryHandler:0.84
DefaultQueryHandler:0.49666666666666665
DatabaseHandler:0.38
DB2400QueryHandler:0.20333333333333337
DB2QueryHandler:0.20333333333333337
OracleQueryHandler:0.20333333333333337
AdminServlet:0.16333333333333333
WatchlistServlet:0.12333333333333334
Watchlist:0.1
