StringUtil:0.83
StringUtilTest:0.36333333333333334
GlossaryAutoCompleterView:0.2733333333333333
