MColorButton:0.068320915
MSmallColorButton:0.05488931
MPanel:0.026220595
ColorProperty:0.025984008
UI:0.024851529
TK:0.0070911464
