FindMatchesThread:0.6033333333333334
NearString:0.37
MatchesTextArea:0.3333333333333333
