Preferences:0.081120424
TMXWriter:0.075026624
TMXReader:0.070660695
Log:0.056878
OConsts:0.046149366
TMXWriter2:0.026400013
StringUtil:0.020864137
VarExpansion:0.020000339
ProjectFileStorage:0.01772435
LFileCopy:0.0134432465
