MUndoManager:0.4866666666666667
MText:0.38666666666666666
ImageEditor:0.2866666666666667
TodoEditor:0.27666666666666667
