OdbcPacketInputStream:0.5266666666666666
ServerConnection:0.38666666666666666
OdbcPacketOutputStream:0.33666666666666667
OdbcPacketOutputStreamTest:0.31
OdbcPacketInputStreamTest:0.26
