OS:0.8066666666666666
PrintDialog:0.2833333333333333
TestOS:0.22333333333333333
