Tile:0.56
TileType:0.47333333333333333
ColopediaPanel:0.26666666666666666
