FreeCol:0.45666666666666667
InGameController:0.40222222222222226
ClientOptions:0.39972222222222226
FreeColServer:0.39
ConnectController:0.23666666666666666
