Logger:0.45
Log:0.4266666666666667
TableSpaceManagerBlocks:0.31666666666666665
TransactionManagerMVCC:0.30611111111111106
OrderedHashSet:0.25666666666666665
