Chunk:0.5683333333333334
FastRepaintManager:0.4766666666666667
BufferSaveRequest:0.2888888888888889
