Searcher:0.73
SearchResultEntry:0.5466666666666666
DisplayMatches:0.12666666666666668
