AbstractOption:0.12617141
Option:0.052209325
