AbstractUnitOption:0.48469618
AbstractOption:0.3884818
OptionGroup:0.3269401
Option:0.21905802
