ListOption:0.25145736
AbstractOption:0.14023207
OptionGroup:0.11913211
