Player:0.59
InGameController:0.4866666666666667
ServerPlayer:0.3044444444444444
FreeColObject:0.28
InGameInputHandler:0.15
GiveIndependenceMessage:0.14333333333333334
