Building:0.7033333333333334
ColopediaPanel:0.35
BuildingType:0.27
FreeColDialog:0.24777777777777782
Specification:0.22666666666666666
FreeColPanel:0.11333333333333333
