MetaInfo:0.5344444444444445
Browser:0.4033333333333333
MTextPane:0.26666666666666666
InternetSearchPlugin:0.13333333333333333
Core:0.03
