Unit:0.6166666666666667
IndianSettlement:0.41333333333333333
InGameController:0.28833333333333333
InGameInputHandler:0.25333333333333335
