MapControls:0.23128787
ImageProvider:0.037323035
FreeColPanel:0.009056319
