ServerPlayer:0.17866346
ServerModelObject:0.040869936
