Building:0.74
ServerBuilding:0.38333333333333336
ServerColony:0.21666666666666667
