MainWindow:0.5833333333333334
IEditor:0.45666666666666667
EditorController:0.36666666666666664
MainWindowMenuHandler:0.3566666666666667
SegmentHistory:0.2375
