Log:0.3933333333333333
Logger:0.32666666666666666
JDBCPreparedStatement:0.31
JDBCConnection:0.2313888888888889
TestPreparedStatements:0.2277777777777778
JDBCStatementBase:0.22333333333333333
StatementCommand:0.21444444444444447
ParserCommand:0.18666666666666668
AllTests:0.14333333333333334
