MApplication:0.121761456
MMainWindow:0.0855761
MStatusBar:0.069698215
