MSettingsDialog:0.48333333333333334
Advanced:0.35333333333333333
CustomAdvancedPanel:0.19666666666666666
