ColonyPlan:0.32253122
WorkLocationPlan:0.24535324
AIPlayer:0.1828788
AIGoods:0.08912677
AIMain:0.08872292
GoodsWish:0.08014279
AIUnit:0.077891275
TileImprovement:0.07352165
WorkerWish:0.07310603
AIObject:0.022311492
Wish:0.017357636
Transportable:0.016606918
