Unit:0.4500371
Player:0.36064517
Tile:0.30654374
Map:0.2971664
Colony:0.2945742
IndianSettlement:0.28185716
ColonyTile:0.22416377
Location:0.19168633
Building:0.15116096
GoodsContainer:0.14907308
FreeColGameObject:0.11446282
Game:0.09893644
Locatable:0.09816432
ModelMessage:0.09598929
DefaultCostDecider:0.08550339
Ownable:0.06847088
