JEditTextArea:0.5166666666666667
DockableWindowManager:0.33
ChunkCache:0.27777777777777773
Entry:0.19666666666666668
FirstLine:0.17
View:0.16333333333333333
