OS:0.5066666666666667
SyntaxProvider:0.29333333333333333
InsertUndo:0.2683095238095238
RemoveUndo:0.2683095238095238
AbstractListTableModel:0.21333333333333335
ChangeUndo:0.17
Permission:0.13666666666666666
