Benchmark:0.088770606
TK:0.0801753
Config:0.070342265
MApplication:0.065017946
UI:0.06270626
Gettext:0.05556255
Preloader:0.054375622
MMessage:0.05115246
OS:0.049873304
MDialog:0.04567551
MText:0.044896796
MToolBar:0.041399784
FS:0.039930005
AbstractFileCache:0.0391671
MWebBrowserPanel:0.037466362
MFileChooser:0.03619013
MTip:0.03482337
MCalendarPanel:0.03439887
MButton:0.03320557
MProcess:0.03160033
MTable:0.03064394
MouseGestures:0.029840505
MTimer:0.028942319
MIcon:0.028649274
MColorChooser:0.028488081
MPasswordField:0.027309429
MList:0.026744168
MSmallButton:0.026105579
FileSelection:0.02327097
XMLHelper:0.022419406
Property:0.022184122
MMenu:0.021955125
MCellTip:0.020378647
BeanProperty:0.018555785
PropertyAccess:0.018039254
SimpleXMLReader:0.017891407
MFormat:0.016409874
Net:0.015747325
MArrayList:0.01514131
MSystemTray:0.014157827
MHighlighter:0.013993094
MIconChooser:0.013864266
FileCache:0.013793471
TriBoolean:0.01299076
MClipboard:0.012208208
MDate:0.012058521
MUndoManager:0.009200385
MDataTransfer:0.00894957
BooleanProperty:0.008385816
AbstractListTableModel:0.008177775
MApplet:0.008012442
HTMLViewFactory:0.007475838
MAuthenticator:0.007086139
AbstractSelection:0.0062070824
StringProperty:0.005883837
MInternalFrame:0.004911992
MColor:0.0046285023
ImageSelection:0.0040055537
MZip:0.0039924993
MSizeGrip:0.0032881526
MFlipPanel:0.0032849347
MDropTarget:0.0010601302
