FreeColImageBorder:0.9266666666666666
FreeColMenuBar:0.36666666666666664
