Building:0.17295696
Colony:0.13894118
UnitType:0.1356513
GoodsType:0.10561732
FreeColGameObjectType:0.10010976
Specification:0.08913662
Modifier:0.075702414
BuildableType:0.071230724
FreeColObject:0.06531968
Feature:0.061266482
Scope:0.05087681
BuildQueue:0.04674928
Consumer:0.03260627
FeatureContainer:0.02449554
