FileUtil:0.55
StaticUtils:0.36333333333333334
Preferences:0.3566666666666667
FilterMaster:0.2733333333333333
TaaSClient:0.24666666666666667
TestFilterBase:0.2
ScriptItem:0.19666666666666666
OpenDocFilter:0.19666666666666666
OpenXMLFilter:0.19666666666666666
XLIFFFilterTest:0.19333333333333333
StarDict:0.19333333333333333
CreateDocIndexUtil:0.17833333333333334
WikiGet:0.17666666666666667
BelazarTranslate:0.15
PropertiesShortcutsTest:0.12333333333333334
LogDialog:0.12333333333333334
LFileCopyTest:0.11
CopyrightTest:0.10333333333333333
