Modifier:0.5133333333333333
FeatureContainer:0.36
UnitType:0.35333333333333333
Colony:0.27666666666666667
BuildingType:0.2633333333333333
Building:0.25
BuildingTest:0.24
ColonyTile:0.23666666666666666
FoundingFather:0.22333333333333333
FreeColGameObjectType:0.20666666666666667
TileImprovementType:0.2
FoundingFatherTest:0.19666666666666666
NationType:0.13166666666666665
WorkProductionPanel:0.11333333333333333
