ColonyPanel:0.11695771
FreeColProgressBar:0.055079017
ProductionLabel:0.028912282
