MColorButton:0.06593212
MPanel:0.055088397
CoolHeader:0.042127904
MDialog:0.03814046
UI:0.03355184
ColorProperty:0.026831083
MToolBar:0.024249196
MActionInfo:0.018603519
MColorIcon:0.017645484
MText:0.017160436
ActionGroup:0.016060764
MLabel:0.013806002
MAction:0.013334599
MIcon:0.00785757
Property:0.007651649
MTextField:0.0065712314
BooleanProperty:0.0048029916
Kiosk:4.2203546E-4
