IndianSettlement:0.5066666666666667
InGameController:0.33666666666666667
ServerIndianSettlementTest:0.20666666666666667
StandardAIPlayer:0.19666666666666666
TilePopup:0.15333333333333332
IndianAIPlayer:0.14666666666666667
