FeedThread:0.17757043
FeedsFS:0.13485363
