CanvasKeyListener:0.10106502
TerrainCursor:0.084160276
GUI:0.06913868
