Utilities:0.43333333333333335
JAMWikiServlet:0.2833333333333333
JAMWikiParser:0.26111111111111107
VQWikiParser:0.245
AbstractLexer:0.21
ParserUtil:0.20583333333333334
EditServlet:0.19333333333333333
AbstractParser:0.15333333333333332
