MonarchPanel:0.27042747
DumpCargoDialog:0.23091619
EmigrationPanel:0.20591931
SelectAmountDialog:0.19969283
RecruitDialog:0.19379395
EventPanel:0.16946577
QuitDialog:0.16298337
MapGeneratorOptionsDialog:0.15779738
TradeRouteDialog:0.15164776
TilePanel:0.14794801
IndianSettlementPanel:0.14618286
TradeRouteInputDialog:0.14613755
GameOptionsDialog:0.14496173
ChooseFoundingFatherDialog:0.14215547
NegotiationDialog:0.14175099
TrainDialog:0.1271549
LoadingSavegameDialog:0.11891723
WarehouseDialog:0.11670102
ClientOptionsDialog:0.11430784
ErrorPanel:0.11218422
CaptureGoodsDialog:0.10127842
RiverStylePanel:0.09318208
DeclarationDialog:0.080369905
FreeColPanel:0.07664825
UnitLabel:0.03224789
ChoiceItem:0.024892632
