HyperSearchOperationNode:0.45666666666666667
HyperSearchResults:0.39
MouseHandler:0.34
HyperSearchFileNode:0.20666666666666667
HyperSearchRequest:0.16
ResultCellRenderer:0.14
HyperSearchFolderNode:0.09
HyperSearchTreeNodeCallback:0.0867222222222222
NewSearchAction:0.023333333333333334
TreeNodeCallbackAdapter:0.017388888888888888
ExpandChildTreeNodesAction:0.01
CollapseChildTreeNodesAction:0.006666666666666667
TreeDisplayAction:0.006666666666666667
