Tracker:0.5733333333333334
SummaryData:0.4666666666666667
TodoEditorPlugin:0.29
TaskSelection:0.20777777777777778
