MNotification:0.4083333333333333
OS:0.37333333333333335
FeedViewer:0.36333333333333334
MAuthenticator:0.25333333333333335
