ScriptExecutor:0.5166666666666667
MainWindow:0.43333333333333335
MMenu:0.31
MToolBar:0.25
Main:0.22666666666666666
