jEdit:0.32681745
View:0.19708005
Buffer:0.14528981
Log:0.13406105
EditServer:0.12747075
MiscUtilities:0.060451224
XmlParser:0.053132746
HandlerBase:0.048609793
Delegate:0.026854735
Autosave:0.021876788
XmlException:0.015393759
