MApplication:0.58
Config:0.4666666666666667
Main:0.4166666666666667
Action:0.21333333333333335
Vars:0.19026984126984126
GeneralSettings:0.15333333333333332
Output:0.12444444444444443
