Environment:0.6866666666666666
LuceneSearchEngine:0.4166666666666667
