FeedThread:0.17820868
FeedsFSPlugin:0.14461142
AddFeedDialog:0.092903845
FeedDownloader:0.08177319
FeedViewer:0.0667134
Filters:0.050837312
