AbstractFS:0.03048975
MetaInfo:0.029239088
MountManager:0.014938152
FSException:0.0024265433
