MIcon:0.04912162
UI:0.024789851
