Environment:0.5066666666666667
JAMWikiServlet:0.36333333333333334
DefaultQueryHandler:0.33666666666666667
AdminServlet:0.32
WikiBase:0.28
MySqlQueryHandler:0.16333333333333333
