MClipboard:0.2145152
MLogger:0.006040611
