Plugin:0.5433333333333333
OS:0.37333333333333335
NewFolderDialog:0.28
HistoryMenuAction:0.2633333333333333
DefaultAction:0.21333333333333335
SummaryEditor:0.20666666666666667
