MColorButton:0.3213632
MSmallColorChooser:0.21594016
MColorIcon:0.21091288
MColorPicker:0.16994259
UI:0.06566748
MButton:0.048855167
MSmallButton:0.043389685
TK:0.03996435
