MStatusBar:0.09426945
MSettingsPage:0.07352787
MButton:0.06972043
MLogger:0.055799257
MNotification:0.04736892
MTextFieldPanel:0.044056144
MCalendarPanel:0.03730695
MText:0.032851327
