Main:0.010817733
Tabs:0.009304782
MainWindow:0.008092979
