MList:0.6236666666666667
MIconChooser:0.33666666666666667
HistoryDialog:0.26666666666666666
PluginSettings:0.26666666666666666
MFontChooser:0.26
