LinkUtil:0.81
JFlexParserUtil:0.45666666666666667
WikiLinkTag:0.30666666666666664
