RowAction:0.7633333333333333
TransactionManagerMVCC:0.6033333333333334
RowActionBase:0.23333333333333334
