DataFileCache:0.35333333333333333
RAFile:0.35333333333333333
RAFileNIO:0.2833333333333333
DatabaseInformation:0.2500396825396825
TableWorks:0.25
DatabaseInformationFull:0.23666666666666666
DatabaseInformationMain:0.2361111111111111
