jEdit:0.6311111111111111
Buffer:0.5933333333333334
GUIUtilities:0.37
OperatingSystem:0.36
MiscUtilities:0.3333333333333333
EditPane:0.2833333333333333
HistoryModel:0.23
PluginJAR:0.20333333333333334
FileVFS:0.2
BufferIORequest:0.2
AbbrevsOptionPane:0.17
CompleteWord:0.16
JARClassLoader:0.14666666666666667
EditingOptionPane:0.13666666666666666
TextAreaTransferHandler:0.12333333333333334
BufferOptions:0.11666666666666667
