Player:0.5366666666666666
Tile:0.4266666666666667
TileImprovement:0.35333333333333333
