Settlement:0.64
InGameController:0.47
SelectDestinationDialog:0.2633333333333333
FreeColPanel:0.1775
SettlementRenderer:0.15333333333333332
