FreeCol:0.5433333333333333
InGameInputHandler:0.41444444444444445
ConnectController:0.34
