MDialog:0.13437283
MButton:0.12862493
ActionGroup:0.09345562
UI:0.09269679
MAction:0.080592066
MIcon:0.077185996
MColorChooser:0.06552368
MText:0.048902515
MUndoManager:0.040377207
MLogger:0.028917775
Flags:0.026708292
TK:0.026294336
FS:0.011325552
Property:0.0066261524
IntegerProperty:0.003361072
