Console:0.5266666666666666
LinkEditor:0.36
TaskPanel:0.24
DayButton:0.19333333333333333
AddFeedDialog:0.19333333333333333
