Player:0.69
InGameController:0.36333333333333334
ServerPlayer:0.30666666666666664
Tension:0.3
AIPlayer:0.235
StandardAIPlayer:0.22666666666666666
ColonialAIPlayer:0.22
NewAIPlayer:0.21
PlayerTest:0.14333333333333334
