UI:0.6133333333333333
PropertiesPanel:0.34
TagsEditor:0.2833333333333333
Button:0.26666666666666666
Enclosure:0.24555555555555558
ToggleIconButton:0.12666666666666668
IconButton:0.12666666666666668
