OStrings:0.6066666666666667
MainWindow:0.48
EditorTextArea:0.27666666666666667
SearchThread:0.18
Main:0.17055555555555554
