JFlexLexer:0.5633333333333334
JFlexParserUtil:0.4866666666666667
NoParseDirectiveTag:0.30666666666666664
