MActionInfo:0.7655555555555555
SnippetAction:0.30333333333333334
NotepadEditorDesigner:0.2833333333333333
CharacterAction:0.14333333333333334
