PreGameInputHandler:0.344037
AIInGameInputHandler:0.28495616
InGameInputHandler:0.23286943
Controller:0.20485596
