MList:0.19204634
ContainerIterator:0.17475072
MComboBox:0.17181152
MTable:0.1395565
MMenu:0.10728283
MTabbedPane:0.1048842
MMenuBar:0.06801508
