FileVFS:0.38385507
jEdit:0.24574852
MiscUtilities:0.212589
BufferIORequest:0.20396246
VFSBrowser:0.20043746
VFSManager:0.19629362
BrowserIORequest:0.18704006
Buffer:0.18246791
DirectoryListSet:0.14808391
FileRootsVFS:0.13272029
BeanShell:0.13254222
FavoritesVFS:0.12866607
View:0.123728946
VFSFileChooserDialog:0.105151504
ServiceManager:0.10151939
BrowserView:0.09399322
UrlVFS:0.09347373
HelpIndex:0.09313625
EditBus:0.08910177
Log:0.08708161
VFSDirectoryEntryTable:0.08640243
VFSDirectoryEntryTableModel:0.081489734
VFSFileNameField:0.071488075
FileCellRenderer:0.06766045
SearchDialog:0.06517682
SettingsReloader:0.06436217
EBMessage:0.05991597
BufferListSet:0.053844817
BrowserCommandsMenu:0.050167307
RE:0.034812067
EBComponent:0.03221272
PropertiesChanged:0.020790309
FavoritesProvider:0.020086696
REException:0.019553844
BrowserListener:0.011834284
