MAction:0.5833333333333334
SettingsAction:0.29888888888888887
OS:0.2866666666666667
TaskTable:0.2633333333333333
ScriptYourself:0.26
PluginSettings:0.24666666666666667
MStatusBar:0.23333333333333334
ActionGroup:0.22666666666666666
MainWindow:0.22333333333333333
TreePanel:0.21333333333333335
CategoryMenu:0.20666666666666667
HistoryCommand:0.19666666666666666
AutoCompletion:0.19333333333333333
FullScreenAction:0.12333333333333334
ToggleAction:0.12166666666666667
ToggleOfflineAction:0.07333333333333333
