FreeColServer:0.6633333333333333
ConnectController:0.39666666666666667
DifficultyDialog:0.29388888888888887
PreGameController:0.25333333333333335
NewPanel:0.24111111111111114
