Specification:0.48333333333333334
RandomRange:0.44
ServerPlayer:0.34
SettlementType:0.33
InGameController:0.26666666666666666
