MAction:0.5102222222222222
Tree:0.49666666666666665
MRenderer:0.2866666666666667
MTree:0.28
RatingPanel:0.23333333333333334
StaticHandler:0.22444444444444447
MainWindow:0.22333333333333333
MSettingsDialog:0.18416666666666667
NewFolderDialog:0.17700000000000002
ToggleDesktopAction:0.16111111111111112
