UnitSeekAndDestroyMissionTest:0.033330157
ScoutingMissionTest:0.032633785
PioneeringMissionTest:0.026954066
PrivateerMissionTest:0.023500782
TransportMissionTest:0.018645905
