ActionManager:0.35678616
FreeColAction:0.13054238
