ActionManager:0.3681444
FreeColAction:0.12742978
