TK:0.6266666666666667
MMessage:0.3466666666666667
GHNSDialog:0.2833333333333333
ListView:0.25000000000000006
TestTK:0.24666666666666667
WebPanel:0.17
MStringBuilder:0.16
