Desktop:0.5377777777777778
MainWindow:0.49166666666666664
FeedViewer:0.45
