Console:0.5433333333333333
FeedViewer:0.3788888888888889
MainWindow:0.33666666666666667
DesktopTab:0.20333333333333334
NotepadEditor:0.20222222222222222
ConsoleTab:0.17666666666666667
PluginSettingsTab:0.17555555555555555
PluginMenu:0.165
