FreeColGameObject:0.25012246
ModelController:0.18547185
UnitContainer:0.1587615
Tile:0.14950459
FreeColGameObjectListener:0.14687859
Europe:0.13977845
Player:0.13933006
GoodsContainer:0.13094607
Monarch:0.12484524
ColonyTile:0.123740405
Map:0.12347228
Building:0.1231548
Market:0.121584944
TradeRoute:0.11730857
Colony:0.11650715
IndianSettlement:0.10860668
Settlement:0.09878485
Unit:0.089437865
ColonyTradeItem:0.08305545
UnitTradeItem:0.07874436
Goods:0.07842729
GameOptions:0.07323891
GoldTradeItem:0.07313008
DiplomaticTrade:0.07256258
StanceTradeItem:0.072387815
TradeItem:0.06717309
GoodsTradeItem:0.06184691
Tension:0.017299455
Turn:0.0084757535
LostCityRumour:0.0032632456
