ExpressionLogical:0.7066666666666667
RangeIteratorBase:0.30333333333333334
RangeIteratorMain:0.25666666666666665
RangeVariableResolver:0.25333333333333335
RangeVariableConditions:0.215
