Screen:0.4866666666666667
ConfigFile:0.36333333333333334
AbstractMarkupBuilder:0.36333333333333334
FeedComponent:0.31333333333333335
CountInfo:0.135
