Expression:0.44
ExpressionColumn:0.4166666666666667
ValuePool:0.4066666666666667
Statement:0.4033333333333333
TableBase:0.375
RangeVariableResolver:0.3466666666666667
QuerySpecification:0.33666666666666667
ExpressionLogical:0.31333333333333335
RowSetNavigatorDataTable:0.29333333333333333
JDBCPreparedStatement:0.2833333333333333
ExpressionValue:0.2777777777777778
ExpressionArithmetic:0.2744444444444445
QueryExpression:0.2377777777777778
SortAndSlice:0.23
ParserDQL:0.22
ExpressionOp:0.21333333333333335
DatabaseInformationFull:0.2
