GUI:0.027129753
Canvas:0.011602088
ViewMode:0.0088232495
TerrainCursor:0.0061841924
