ParserOutput:0.48333333333333334
Topic:0.48333333333333334
DefaultQueryHandler:0.44333333333333336
QueryHandler:0.43361111111111106
FileHandler:0.30666666666666664
DatabaseHandler:0.21333333333333335
ParserUtil:0.20333333333333334
EditServlet:0.19666666666666666
JAMWikiServlet:0.18666666666666668
JAMWikiParser:0.12666666666666668
WikiPageInfo:0.12333333333333334
AbstractParser:0.10833333333333334
DatabaseUpgrades:0.09333333333333334
VQWikiParser:0.07666666666666666
