ActionManager:0.064984396
MapboardAction:0.06389035
