FeedViewer:0.43
SummaryData:0.41
MTable:0.4066666666666667
EnclosureAction:0.21333333333333335
StatsPanel:0.18
AddToAction:0.17777777777777778
CommentsAction:0.15194444444444447
FixScrollRectToVisible:0.14
SaveAsAction:0.1311111111111111
