IndianSettlement:0.5633333333333334
InGameController:0.2833333333333333
InGameInputHandler:0.24333333333333335
IndianSettlementBuilder:0.24
MapGenerator:0.21222222222222223
UnitTest:0.18
