MTree:0.46
BackupDialog:0.41333333333333333
TaskTable:0.29333333333333333
MTreeItem:0.25666666666666665
