HistoryEvent:0.14651115
FreeColObject:0.13085432
Tile:0.11547158
Game:0.11101119
Player:0.09421775
FreeColGameObject:0.089850254
Map:0.07174862
IndianNationType:0.071633056
Nameable:0.040065248
GameOptions:0.038181916
Turn:0.012987068
