ImageEditorCore:0.093764074
ImageEditor:0.065960035
