MComboBox:0.052962422
UI:0.051936764
SimpleListCellRenderer:0.033506937
