Preferences:0.731388888888889
MainWindowMenuHandler:0.38333333333333336
MainWindowMenu:0.3
WikiGet:0.2633333333333333
ProxyLoginDialog:0.2
