ImageEditor:0.6066666666666667
ImageEditorCore:0.5222222222222221
MouseWheelFunctionAction:0.20666666666666667
