Widget:0.515
AbstractPlugin:0.36333333333333334
CalendarWidget:0.31333333333333335
DefaultAction:0.24333333333333335
StatsPlugin:0.19666666666666666
ToolBarButton:0.16333333333333333
