MMainWindow:0.81
LinkEditor:0.30333333333333334
Browser:0.24333333333333335
