InputHandler:0.38324526
PreGameController:0.2154601
UserConnectionHandler:0.15778933
