ServerPlayer:0.28293893
ServerColony:0.2058939
ServerBuilding:0.20198984
ServerIndianSettlement:0.15357152
ServerEurope:0.069131225
ServerModelObject:0.023453033
