Unit:0.5766666666666667
ColonyTile:0.35333333333333333
TileType:0.3433333333333333
Building:0.27666666666666667
TileTest:0.22666666666666666
AIColony:0.21333333333333335
InstallerTranslations:0.16333333333333333
