AbstractView:0.54393417
Application:0.2864034
AbstractApplication:0.1583657
DefaultSDIApplication:0.15206446
DefaultOSXApplication:0.14917758
DefaultApplicationModel:0.113806516
DefaultMDIApplication:0.10868201
ExportableView:0.09596034
ApplicationModel:0.079600595
DirectoryView:0.050258987
DefaultAppletApplication:0.043828294
OSXPaletteHandler:0.036087222
PrintableView:0.015577862
