Colony:0.59
Building:0.5733333333333334
BuildingType:0.38333333333333336
BuildableType:0.24
