MApplication:0.8466666666666667
TestXML:0.24333333333333335
Database:0.18333333333333332
