Table:0.4033333333333333
Index:0.4
Parser:0.38333333333333336
Expression:0.38333333333333336
jdbcResultSet:0.37
Select:0.3566666666666667
Trace:0.32666666666666666
DatabaseInformationMain:0.2833333333333333
jdbcDriver:0.25333333333333335
DatabaseCommandInterpreter:0.25166666666666665
Function:0.24666666666666667
DatabaseInformationFull:0.20666666666666667
CompiledStatement:0.19666666666666666
SubQuery:0.16355555555555554
View:0.10666666666666667
