WikiBase:0.48
JAMWikiServlet:0.38333333333333336
Utilities:0.36333333333333334
Environment:0.2866666666666667
DatabaseHandler:0.27
AdminServlet:0.25333333333333335
FileHandler:0.24333333333333335
PersistencyHandler:0.23666666666666666
DatabaseConnection:0.23666666666666666
SetupServlet:0.01
