FeedsFS:0.5633333333333334
FeedViewer:0.38
CustomAdvancedPanel:0.3
GlobalSettingsAction:0.25666666666666665
AddFeedDialog:0.20666666666666667
