MText:0.8233333333333334
HTMLPreviewAction:0.2966666666666667
