FeedViewer:0.5166666666666667
Tester:0.49333333333333335
Element:0.21
TagsHighlighter:0.14666666666666667
