MTimer:0.5733333333333334
Tracker:0.3566666666666667
TabIcon:0.2
