QueryHandler:0.6759444444444445
DataHandler:0.6759444444444445
AnsiQueryHandler:0.32666666666666666
TestDataHandler:0.32
DatabaseUpgrades:0.22666666666666666
AnsiDataHandler:0.15
PostgresQueryHandler:0.11888888888888888
