Game:0.6766666666666666
GameOptions:0.38333333333333336
SpecificationTest:0.33
