MDialog:0.5133333333333333
Screen:0.37333333333333335
PropertiesBar:0.33
FirstLettersMenu:0.25
QueryMenu:0.24666666666666667
