AbstractItem:0.5333333333333333
Feed:0.46
FeedsFS:0.3233333333333333
FeedThread:0.29
