ImageEditor:0.5433333333333333
Tool:0.5233333333333333
ImageEditorCore:0.46
ZoomComponent:0.2
ResizeAction:0.11444444444444443
