MLabel:0.6833333333333333
MSplashScreen:0.4166666666666667
Main:0.18
