FreeColActionUI:0.16849403
AudioMixerOptionUI:0.13875552
LanguageOptionUI:0.12929381
SelectOptionUI:0.11472731
StringOptionUI:0.11187592
PercentageOptionUI:0.10779451
IntegerOptionUI:0.10657867
RangeOptionUI:0.10387956
ListOptionUI:0.095519766
BooleanOptionUI:0.0950747
FileOptionUI:0.08802342
OptionUpdater:0.08351095
