jEdit:0.10820239
Buffer:0.085252285
VFS:0.07879744
EditServer:0.06815709
BufferHistory:0.06300488
FileVFS:0.056855705
Macros:0.05682046
GUIUtilities:0.05366046
HistoryModel:0.051218767
Abbrevs:0.05051803
BufferIORequest:0.049194306
DockableWindowManager:0.048151188
MiscUtilities:0.048111834
JARClassLoader:0.04698416
EditBus:0.046067186
VFSManager:0.04589692
BeanShell:0.044169184
FoldHandler:0.037842784
UrlVFS:0.037721567
GrabKeyDialog:0.03474275
VFSBrowser:0.032484204
DefaultInputHandler:0.032369398
SearchAndReplace:0.031862646
Roster:0.03164006
HelpViewer:0.031460457
Mode:0.030933933
TextAreaPainter:0.030931083
WorkThread:0.030482536
OffsetManager:0.028613342
WorkThreadPool:0.025972392
PluginList:0.025950491
ModeCatalogHandler:0.02555778
AllBufferSet:0.024391303
QuickNotepad:0.024321446
Registers:0.023349443
Java14:0.023037503
Gutter:0.022194987
OptionsDialog:0.022127612
ChunkCache:0.021373564
OperatingSystem:0.020869385
PluginListHandler:0.020527897
MacOSPlugin:0.018471178
EnhancedCheckBoxMenuItem:0.017335769
ActionListHandler:0.016508088
XModeHandler:0.015952358
SearchBar:0.015648741
TokenMarker:0.014559586
FileRootsVFS:0.013985492
PluginListDownloadProgress:0.011561162
ReadWriteLock:0.010514991
GeneralOptionPane:0.010470423
TipOfTheDay:0.007886636
SplashScreen:0.007411993
HyperSearchRequest:0.006985716
OverviewOptionPane:0.0066273995
ExtensionManager:0.006623225
BufferPrinter:0.006286446
LogViewer:0.005908491
BeanShellAction:0.0058863373
ToolBarEditDialog:0.0053174277
UndoManager:0.004587745
