GUI:0.6
ProductionLabel:0.41
ProductionPanel:0.27666666666666667
UnitLabel:0.24333333333333335
