Utilities:0.71
JAMWikiServlet:0.54
WikiBase:0.4694444444444445
MoveServlet:0.3233333333333333
