Mods:0.19599506
FreeColTcFile:0.18875921
FreeColDataFile:0.15812345
