Mods:0.0815132
FreeColModFile:0.06227599
