FS:0.5033333333333333
CommandOptions:0.30333333333333334
Option:0.278
MSystemTray:0.19666666666666666
StuffRenderer:0.19333333333333333
