MouseActionsProvider:0.6916666666666667
JEditTextArea:0.4666666666666667
Gutter:0.2966666666666667
MouseHandler:0.2546666666666667
MouseActions:0.18444444444444444
