Utilities:0.8966666666666666
UploadServlet:0.3333333333333333
ImportServlet:0.21333333333333335
