NotepadEditorDesigner:0.3933333333333333
CodePreviewProvider:0.30666666666666664
MLinkButton:0.30666666666666664
NonePreview:0.2111111111111111
InsertLineAction:0.14
SnippetAction:0.10666666666666667
HTMLViewer:0.09666666666666666
HTMLPreviewProvider:0.08333333333333333
