NumberType:0.47
Tokens:0.41
Collation:0.2633333333333333
FunctionCustom:0.2225
Arrow:0.16333333333333333
MouseHandler:0.16333333333333333
