UI:0.6
ImageEditorCore:0.37666666666666665
ImageEditorPlugin:0.23444444444444448
Tracker:0.21444444444444447
PlayAction:0.16666666666666666
