MDialog:0.78
MSettingsDialog:0.3611111111111111
MTextPreviewPanel:0.29
MText:0.26
PagerSettings:0.21000000000000002
