Canvas:0.5966666666666667
CargoPanel:0.2733333333333333
IndianSettlementPanel:0.24666666666666667
MapEditorController:0.21666666666666667
ColonyPanel:0.20666666666666667
EuropePanel:0.19777777777777777
MapEditorTransformPanel:0.17333333333333334
ColonyCargoPanel:0.04
EuropeCargoPanel:0.03
