ActionGroup:0.5833333333333334
Projects:0.5
MProcess:0.4216666666666667
RunAction:0.26666666666666666
