FilterVisitor:0.45
HTMLOptions:0.43
PatternConsts:0.4093888888888889
EditOptionsDialog:0.23666666666666666
