Game:0.28245848
UnitContainer:0.25889525
Europe:0.24652931
GoodsContainer:0.24300985
TradeRoute:0.24137986
Market:0.23168017
ColonyTile:0.21852359
Player:0.21617158
ColonyTradeItem:0.21253684
UnitTradeItem:0.21252999
Tile:0.20481293
TradeItem:0.19783989
Building:0.19597948
Monarch:0.19138543
Colony:0.19014253
ModelMessage:0.17900875
Map:0.17682302
IndianSettlement:0.16413416
DiplomaticTrade:0.15166558
Unit:0.12416738
Settlement:0.1145192
GameOptions:0.09465093
ModelController:0.09325815
FreeColGameObjectListener:0.050787028
Location:0.04931667
PathNode:0.027695233
Ownable:0.01653624
