MapboardAction:0.66077137
MapControlsAction:0.29272816
DisplayTileNamesAction:0.24037403
DisplayGridAction:0.23774959
DisplayTileOwnersAction:0.23774955
