SearchWindowController:0.5133333333333333
ReplaceFilter:0.39666666666666667
SearchWindowForm:0.37666666666666665
