MCalendarPanel:0.7866666666666666
MDateSpinner:0.3466666666666667
DateAction:0.17666666666666667
CalendarComponent:0.12333333333333334
MonthAction:0.05
