IndianSettlement:0.55
ServerPlayer:0.4
InGameController:0.3466666666666667
ServerIndianSettlement:0.32666666666666666
ReportIndianPanel:0.21
