Editor:0.5733333333333334
DefaultPreview:0.3466666666666667
ItemRenderer:0.25666666666666665
TextEditor:0.25
