CategoryListRenderer:0.6566666666666666
CategoryPropertiesPanel:0.26666666666666666
View:0.24222222222222223
CategoryIcon:0.14333333333333334
CategoryListView:0.09333333333333334
