InGameController:0.5783333333333334
FreeColMenuBar:0.3233333333333333
ActionManager:0.32
