JEditTextArea:0.39666666666666667
Gutter:0.26
BufferIORequest:0.25333333333333335
TextAreaPainter:0.18333333333333332
LogList:0.1788888888888889
MarkerHighlight:0.17666666666666667
LogViewer:0.13666666666666666
ActionHandler:0.10527777777777778
