ServerPlayer:0.26050422
ServerUnit:0.15534134
ServerModelObject:0.08378549
