Goods:0.23950292
Building:0.19486602
Unit:0.17447919
Colony:0.16849442
Player:0.15329303
Tile:0.1475108
