IndianSettlement:0.25173032
Unit:0.19331105
Player:0.19108057
ColonyTile:0.17509466
Colony:0.16137257
Europe:0.14717601
UnitContainer:0.13685957
Building:0.1354415
Map:0.12815095
Goods:0.12221916
Settlement:0.11306595
FreeColGameObject:0.100791655
Game:0.098730996
GoodsContainer:0.07948019
Location:0.050650068
ModelController:0.042782437
DefaultCostDecider:0.040895786
PathNode:0.030725555
GameOptions:0.029846773
CostDecider:0.023878207
Locatable:0.022792818
Tension:0.019613465
GoalDecider:0.019438075
TileType:0.01588423
GoodsType:0.009149
Nameable:0.008185067
FoundingFather:0.0070252097
