jEdit:0.7
MiscUtilities:0.39
MirrorList:0.27666666666666667
PluginList:0.2277777777777778
