Tool:0.25548884
SelectionTool:0.18086624
BrushTool:0.12892383
ToolPanel:0.033169024
