MTable:0.6266666666666667
TodoEditor:0.5433333333333333
TodoEditorDesigner:0.30333333333333334
SummaryEditor:0.18666666666666668
DeleteAction:0.15111111111111108
