Buffer:0.5833333333333334
JEditTextArea:0.37333333333333335
Log:0.36666666666666664
jEdit:0.3433333333333333
FoldVisibilityManager:0.31666666666666665
TextUtilities:0.24
BufferOptions:0.22
TextAreaPainter:0.21666666666666667
CompleteWord:0.2
InstallPluginsDialog:0.13
Completion:0.1
Chunk:0.05333333333333334
KeyHandler:0.05333333333333334
Renderer:0.03
