HTTPClientConnection:0.21133333
Result:0.16544445
Session:0.12822433
SessionInterface:0.10099268
Trace:0.03934332
ResultConstants:0.032377616
HsqlSocketFactory:0.028498234
HsqlException:0.023697369
Types:0.016493836
Record:5.218894E-4
