Server:0.15815933
WebServer:0.08958951
Result:0.083338
Trace:0.052247744
DatabaseManager:0.04214514
Session:0.032440532
ServerConstants:0.025384972
ResultConstants:0.023059262
HsqlProperties:0.021173485
HsqlException:0.0071814847
