InGameInputHandler:0.5416666666666666
InGameController:0.5066666666666667
TransportMission:0.31833333333333336
