QueryHandler:0.6902777777777778
DefaultQueryHandler:0.4766666666666667
DatabaseHandler:0.41
TemplateTag:0.30333333333333334
