InGameController:0.6183333333333333
ClaimLandMessage:0.49
TensionTest:0.12333333333333334
