InGameController:0.6566666666666666
InGameInputHandler:0.30666666666666664
NegotiationDialog:0.26666666666666666
GoldTradeItemPanel:0.26
StanceTradeItemPanel:0.2111111111111111
ReportForeignAffairPanel:0.12666666666666668
