Expression:0.46159708
ExpressionLogical:0.41412145
RangeVariable:0.37663
QuerySpecification:0.33063656
RangeVariableJoined:0.24905455
FunctionSQLInvoked:0.2480502
ExpressionAggregate:0.24405152
ExpressionArrayAggregate:0.21969542
Table:0.17317037
ParserDML:0.16612235
QueryExpression:0.13660115
SortAndSlice:0.12437975
StatementDMQL:0.10987366
ParserDDL:0.10484551
StatementDML:0.102210484
Token:0.1011526
ParserDQL:0.10033833
TableDerived:0.09829018
SessionContext:0.08776812
ColumnSchema:0.08446882
OpTypes:0.06644505
SchemaManager:0.056464065
NumberSequence:0.05245832
HsqlNameManager:0.04683759
FunctionCustom:0.045767248
RangeGroup:0.036422726
Session:0.029035319
Database:0.028276017
Statement:0.023543203
SchemaObject:0.022002138
ParserCommand:0.019337064
ColumnBase:0.017753819
SessionData:0.011028753
Tokens:0.0
