ParserDDL:0.4010614
ParserDML:0.38745973
ParserCommand:0.30026418
ParserDQL:0.24703385
Expression:0.19471394
StatementCompound:0.19301721
Routine:0.18913294
ParserBase:0.18634032
QuerySpecification:0.14169246
SchemaManager:0.11438021
SessionContext:0.11425214
StatementSet:0.113307714
Token:0.096814424
StatementSchema:0.09337474
TriggerDef:0.08565752
StatementHandler:0.08515434
Table:0.08084355
StatementSimple:0.07736343
StatementDMQL:0.07717321
StatementExpression:0.07635951
ColumnSchema:0.07041628
StatementProcedure:0.069949836
Statement:0.065579705
FunctionSQL:0.06513045
RangeVariable:0.059243146
StatementQuery:0.05829018
ExpressionLogical:0.05649755
Session:0.051437017
Scanner:0.050734162
HsqlNameManager:0.048523944
SchemaObject:0.043316625
StatementCursor:0.042083047
Database:0.036623254
TableDerived:0.029652288
ExpressionValue:0.028440854
TableBase:0.02108511
StatementTypes:0.021064637
RangeGroup:0.018749375
HsqlException:0.012294711
ColumnBase:0.010046606
OpTypes:0.0063464963
SqlInvariants:0.00495996
Tokens:0.0
