QueryExpression:0.2532833
Expression:0.24658234
ExpressionColumn:0.23008482
RangeVariable:0.20680521
RangeVariableJoined:0.19535886
RangeVariableResolver:0.18302238
ParserDML:0.1682787
ParserDQL:0.1285009
SortAndSlice:0.12833677
ExpressionLogical:0.11865328
Table:0.109647684
StatementDML:0.10380561
ParserRoutine:0.09951547
ExpressionAggregate:0.092404924
SessionContext:0.08625415
Constraint:0.08137768
ExpressionOp:0.08092534
TableDerived:0.056251034
ExpressionOrderBy:0.044441264
ColumnSchema:0.037305564
RangeGroup:0.036220692
Session:0.03607171
View:0.03486244
Database:0.02810952
TableBase:0.027458003
HsqlNameManager:0.026839549
SchemaObject:0.017774543
SessionData:0.01647106
OpTypes:0.004826791
ColumnBase:0.0041427244
SqlInvariants:0.0011982258
Tokens:0.0
