StatementCompound:0.42848495
ParserRoutine:0.21823396
Statement:0.15845978
Session:0.109678134
StatementTypes:0.092114314
HsqlException:0.060803175
Tokens:0.0
