ColonyPanel : 0.8133777
InGameInputHandler : 0.7072348
InGameController : 0.7011178
GameOptions : 0.64755934
