IndianSettlement : 0.7059229
GUI : 0.678641
