FoundingFather : 0.754987
Canvas : 0.70240825
IndianSettlement : 0.7268853
ConnectController : 0.7316855
InGameInputHandler : 0.7391068
ServerModelController : 0.8278407
MapGenerator : 0.71932083
DragListener : 0.7624138
