CanvasMouseListener : 0.7937282
FreeColClient : 0.8620283
