Game : 0.71613723
IndianSettlement : 0.8440863
InGameInputHandler : 0.8268874
InGameController : 0.81613976
PreGameController : 0.8373139
