GUI : 0.678641
MiniMap : 0.77199346
MapControls : 0.7788877
MapControlsAction : 0.6147929
