ImageLibrary : 0.678641
MiniMap : 0.725928
MapControls : 0.69869846
FreeColLookAndFeel : 0.8223234
