DefaultTransferHandler : 0.74601984
CanvasMouseListener : 0.6665582
