ActionManager : 0.7823907
ChatAction : 0.7924406
EndTurnAction : 0.78963214
CanvasKeyListener : 0.76718277
FreeColMenuBar : 0.83926344
