UnitButton : 0.69959325
MiniMap : 0.77199346
FreeColClient : 0.6925705
