ReportLabourPanel : 0.6859184
AIPlayer : 0.68347293
FreeColMenuBar : 0.8239832
