PlowAction : 0.78693014
FortifyAction : 0.6512693
BuildRoadAction : 0.6470646
