Canvas : 0.67045903
ModelMessage : 0.67123246
MapGenerator : 0.6969933
WorkLocation : 0.0
