Player : 0.82468504
Connection : 0.83079636
FreeColMenuBar : 0.81422806
