FreeColServer : 0.6918143
ServerInfo : 0.8446368
NetworkHandler : 0.6928916
MetaRegister : 0.6805789
ServerListPanel : 0.7195923
MetaItem : 0.85307294
