Server : 0.70966125
FreeColServer : 0.705787
ServerInfo : 0.8501798
FreeCol : 0.8246851
InGameInputHandler : 0.8268874
ConnectController : 0.8350858
AIInGameInputHandler : 0.6760826
NetworkHandler : 0.6849016
NewPanel : 0.81352425
ServerListTableModel has been removed due to the repository version iteration
NationCellRenderer : 0.8116513
MetaRegister : 0.6719419
MetaItem : 0.8275691
UserConnectionHandler : 0.8223272
