TransportMission : 0.80330855
UnitSeekAndDestroyMission : 0.81637365
IndianBringGiftMission : 0.7898112
Connection : 0.6686566
UnitWanderHostileMission : 0.8242143
UnitWanderMission : 0.78705496
