AIMain : 0.848252
TransportMission : 0.79330933
AIPlayer : 0.756596
AIColony : 0.7733059
