AIMain : 0.8399618
TransportMission : 0.814519
AIPlayer : 0.77513486
