MapGenerator : 0.6995183
WishRealizationMission : 0.81116676
