TransportMission : 0.78604716
AIPlayer : 0.8068642
