Canvas : 0.8296093
FoundingFather : 0.6900023
ReportContinentalCongressPanel : 0.6759837
FreeColMenuBar : 0.8239832
