FoundingFather : 0.6905738
ReportContinentalCongressPanel : 0.6428427
