ClientOptions : 0.7835847
ReportContinentalCongressPanel : 0.62725073
