TransportMission : 0.66695493
MapGenerator : 0.82464975
WishRealizationMission : 0.6866526
FreeColMenuBar : 0.8239832
