Map : 0.7854826
Message : 0.6657456
FreeColGameObject : 0.7118422
PlayerExploredTile has been removed due to the repository version iteration
Building : 0.7940296
Market : 0.7717106
Player : 0.68460596
Colony : 0.7728279
ServerPlayer : 0.69542027
UnitContainer : 0.8065752
InGameInputHandler : 0.68094337
FreeColServer : 0.7555133
AIUnit : 0.764877
