Tile : 0.7768056
PioneeringMission : 0.79991627
TileImprovement : 0.7716788
AIUnit : 0.7800625
AIMain : 0.7674371
ColonyPlan : 0.7965532
AIColony : 0.7819378
AIPlayer : 0.79263407
WorkLocationPlan : 0.7987328
BuildRoadAction : 0.6520659
