InGameInputHandler : 0.6987497
PioneeringMission : 0.8484258
