Goods : 0.69899184
FoundingFather : 0.687649
Market : 0.7057543
Colony : 0.68542206
