Player : 0.685422
FoundingFather : 0.7396726
Building : 0.8280511
GoodsLabel : 0.746923
ColonyPanel : 0.8133777
GoodsContainer : 0.8001725
WarehousePanel has been removed due to the repository version iteration
InGameController : 0.7011178
DragListener : 0.76255566
