Canvas : 0.8296093
InGameController : 0.81613976
InGameInputHandler : 0.8268874
