FreeColDialog : 0.7982148
FreeColFileFilter has been removed due to the repository version iteration
StartGamePanel : 0.65654653
ServerListPanel : 0.688348
UnitLabel : 0.6725021
MainPanel : 0.8150927
ReportIndianPanel : 0.6658911
QuitDialog : 0.81971586
EventPanel : 0.67284745
ReportLabourPanel : 0.663595
ReportForeignAffairPanel : 0.65768987
ReportReligiousPanel : 0.87988853
