Monarch : 0.6940081
InGameInputHandler : 0.8268874
AIInGameInputHandler : 0.67832303
InGameController : 0.81613976
