InGameController : 0.82654196
Messages : 0.80520344
InGameInputHandler : 0.8302743
