Monarch : 0.6727524
FreeColDialog : 0.84968996
InGameInputHandler : 0.8302743
MonarchPanel : 0.7067727
TilePanel : 0.7155604
Addition has been removed due to the repository version iteration
InGameController : 0.82654196
AIInGameInputHandler : 0.6692972
FreeColLookAndFeel : 0.83297783
