Tile : 0.7768056
LostCityRumour : 0.7752526
Colony : 0.79941905
Game : 0.79718745
GUI : 0.6756161
PlayerExploredTile has been removed due to the repository version iteration
ImageLibrary : 0.7777927
InGameController : 0.6909718
InGameInputHandler : 0.6897985
MapGenerator : 0.6918077
