AIPlayer : 0.7783087
InGameInputHandler : 0.69254375
AIInGameInputHandler : 0.7734257
