ColonyPanel : 0.7045909
InGameInputHandler : 0.87634075
DragListener : 0.67997396
