Tile : 0.7768056
InGameInputHandler : 0.6897985
MapGenerator : 0.6918077
InGameController : 0.6909718
GUI : 0.6756161
