Player : 0.6824081
ColonyPlan : 0.7960703
AIMain : 0.772407
FreeColServer : 0.7616068
AIColony : 0.7831803
