Player : 0.6824081
FoundingFather : 0.77464145
GUI : 0.6756161
Monarch : 0.7914255
InGameController : 0.6909718
InGameInputHandler : 0.6897985
AIPlayer : 0.79294354
IndianDemandMission : 0.8110919
AIInGameInputHandler : 0.7771937
