ReportReligiousPanel : 0.632991
ReportIndianPanel : 0.7395646
MonarchPanel : 0.7386379
QuitDialog : 0.63590753
