Unit : 0.6824081
Monarch : 0.6907931
InGameController : 0.81613976
InGameInputHandler : 0.8268874
