Good : 0.6701354
Europe : 0.7865598
Colony : 0.7728279
Turn : 0.6499872
ServerInfo : 0.7720963
Specification : 0.74315834
Goods : 0.80235875
XmlHandler has been removed due to the repository version iteration
ModelMessage : 0.66351837
ColonyTile : 0.7902098
GameOptions : 0.74777144
ColonyPanel : 0.76548314
