Unit : 0.76510817
IndianSettlement : 0.71220803
Game : 0.76977456
Tile : 0.7561358
Mission : 0.8017902
Player : 0.68880504
AIPlayer : 0.74980944
ImageLibrary : 0.7733796
GUI : 0.69045514
InGameInputHandler : 0.67653733
IndianBringGiftMission : 0.74749154
UnitSeekAndDestroyMission : 0.75006443
IndianDemandMission : 0.75625074
ReportIndianPanel : 0.74710214
