Map : 0.78226244
DefaultCostDecider : 0.81900996
