Canvas : 0.65548944
TilePopup : 0.64623016
