InGameController : 0.6724562
InGameInputHandler : 0.67624915
AIPlayer : 0.767175
MonarchPanel : 0.7498436
AIInGameInputHandler : 0.7920012
