Colony : 0.79941905
IndianSettlement : 0.7079571
Mission : 0.8089704
Player : 0.6824081
Tile : 0.7768056
AIColony : 0.78205943
BuildColonyMission : 0.79885626
InGameInputHandler : 0.6897985
TransportMission : 0.78972995
AIPlayer : 0.79416066
ScoutingMission : 0.803659
AIUnit : 0.7501524
