AIUnit : 0.7756255
CashInTreasureTrainMission : 0.8023534
AIPlayer : 0.796915
MapGenerator : 0.6918077
