FreeCol : 0.8246851
Tile : 0.6846059
FreeColDialog : 0.8222064
Monarch : 0.67410386
IndianSettlement : 0.8440863
MapGenerator : 0.82464975
ColopediaPanel : 0.6720933
MainPanel : 0.81287766
DefaultTransferHandler : 0.6565405
SoundPlayerThread has been removed due to the repository version iteration
NewPanel : 0.81352425
ReportTradePanel : 0.6473665
