ConnectController : 0.7346677
ErrorPanel : 0.64882433
