FreeColDialog : 0.84968996
InGameController : 0.82654196
