InGameController : 0.7011178
ClientOptions : 0.65107554
