Player : 0.6824081
Map : 0.79313284
Mission : 0.81458867
AIPlayer : 0.7977998
Monarch : 0.7880496
InGameController : 0.6909718
GUI : 0.6756161
FreeColServer : 0.7616068
MapGenerator : 0.6918077
ConnectController : 0.6698793
TransportMission : 0.78701323
UnitSeekAndDestroyMission : 0.8079667
InGameInputHandler : 0.6897985
PreGameController : 0.6895112
NationCellRenderer : 0.6584668
ActionManager : 0.6603166
FreeColMenuBar : 0.67964244
DeclareIndependenceAction : 0.65607363
