Unit : 0.6824081
AIPlayer : 0.66879183
InGameController : 0.81613976
EuropeAction : 0.80263317
