GameOptions : 0.7186679
AIPlayer : 0.6589743
InGameController : 0.81613976
InGameInputHandler : 0.8268874
AIInGameInputHandler : 0.6897704
PreGameController : 0.8373139
