ModelMessage : 0.78363526
Colony : 0.7375617
SelectOption : 0.6395114
InGameController : 0.6562066
OptionGroupUI : 0.7340399
SelectOptionUI : 0.6209883
OptionMapUI : 0.7431751
ClientOptions : 0.75262004
