ModelMessage : 0.6872777
Colony : 0.68542206
Game : 0.71613723
InGameController : 0.81613976
ClientOptions : 0.70514214
