BuildingType : 0.9168759
GoodsType : 0.9279604
