Worker : 0.83621234
Option : 0.7933754
ChoiceItem : 0.8709486
CostDecider : 0.8016488
EmptyIterator has been removed due to the repository version iteration
DefaultCostDecider : 0.8767377
NetworkConstants : 0.830545
