ModelMessage : 0.7039233
GoodsContainer : 0.6958017
Unit : 0.6824081
Europe : 0.71062833
Colony : 0.68542206
Building : 0.69526833
ClientOptions : 0.67235076
IndianSettlement : 0.8440863
InGameController : 0.81613976
InGameInputHandler : 0.8268874
