Tile : 0.7582761
ImageLibrary : 0.75052303
GUI : 0.6972639
MapGenerator : 0.7221837
