SelectOptionUI : 0.6839431
BooleanOptionUI : 0.67408204
IntegerOptionUI : 0.6709347
