ColonyTile : 0.82696134
AIPlayer : 0.7980825
DragListener : 0.77289504
