GoodsContainer : 0.8214774
ColonyPlan : 0.8200903
AIColony : 0.804598
