AIMain : 0.7645289
River : 0.7716885
AIPlayer : 0.78775436
TransportMission : 0.78067493
MapGenerator : 0.6918077
