InGameController : 0.82654196
DeclarationDialog : 0.71349734
FreeColLookAndFeel : 0.83297783
FAFile : 0.8192672
