InGameInputHandler : 0.6897985
InGameController : 0.6909718
UnitSeekAndDestroyMission : 0.8091651
AIPlayer : 0.7885726
FreeColMenuBar : 0.67964244
