Settlement : 0.70787466
IndianSettlement : 0.71352214
