FreeColGameObject : 0.67185146
MapGenerator : 0.82464975
