AIInGameInputHandler : 0.7698183
InGameController : 0.67703515
InGameInputHandler : 0.6789907
BuildColonyMission : 0.7875966
FreeColMenuBar : 0.66665196
