IndianSettlement : 0.8440863
Settlement : 0.85509855
Colony : 0.68542206
InGameController : 0.81613976
MapGenerator : 0.82464975
WorkerWish : 0.7046264
