Tile : 0.7768056
ColonyTile : 0.82696134
Settlement : 0.7013468
Player : 0.6824081
Colony : 0.79941905
FreeColGameObject : 0.7298027
InGameInputHandler : 0.6897985
ServerPlayer : 0.6926328
AIColony : 0.7922
ColonyPlan : 0.8020702
InGameController : 0.6909718
IndianBringGiftMission : 0.7925957
