IndianSettlement : 0.7299031
PioneeringMission : 0.8139062
AIUnit : 0.7685369
AIPlayer : 0.7781377
DefendSettlementMission : 0.7865564
WishRealizationMission : 0.7911963
GoodsWish : 0.76288736
WorkerWish : 0.788305
InGameInputHandler : 0.7131721
IndianDemandMission : 0.8034045
IndianBringGiftMission : 0.7871362
