Player : 0.6824081
ModelController : 0.71630716
Monarch : 0.785982
InGameInputHandler : 0.6897985
Tension : 0.77660954
IndianSettlement : 0.7079571
AIPlayer : 0.79399407
InGameController : 0.6909718
AIInGameInputHandler : 0.78683275
ServerModelController : 0.792167
ClientModelController : 0.78638965
ReportIndianPanel : 0.73630476
