Tile : 0.7768056
Player : 0.6824081
Colony : 0.79941905
DefaultCostDecider : 0.7315119
AIPlayer : 0.7976864
UnitSeekAndDestroyMission : 0.8085332
IndianDemandMission : 0.8108499
ServerPlayer : 0.6926328
