MetaServer : 0.8457409
ConnectController : 0.7346677
ReceivingThread : 0.69511044
UserConnectionHandler : 0.7177452
