ReportIndianPanel : 0.8169818
FreeColMenuBar : 0.71682334
