FreeColDialog : 0.8291474
DefaultCostDecider : 0.84387064
