ConnectController : 0.8604034
InputHandler : 0.8276316
