GUI : 0.84628946
EuropePanel : 0.6768811
ConnectController : 0.8604034
FreeColLookAndFeel : 0.83297783
