Player : 0.71613723
Unit : 0.7971874
