FreeColGameObject : 0.660291
FreeColDialog : 0.84968996
ModelMessage : 0.6905584
GoodsContainer : 0.6861412
Market : 0.6784762
