GameOptions : 0.7008384
InGameInputHandler : 0.8268874
InGameController : 0.81613976
