ModelMessage : 0.7782391
Canvas : 0.6652511
