ModelMessage : 0.7744705
Canvas : 0.6736145
InGameController : 0.7011178
Building : 0.8280511
ClientOptions : 0.76232624
