ClientOptionsDialog : 0.87397027
SelectOptionUI : 0.7120277
BooleanOptionUI : 0.7101739
IntegerOptionUI : 0.69979984
