Market : 0.8333492
Unit : 0.8382193
ModelMessage : 0.85187024
FreeColGameObject : 0.74029183
Canvas : 0.68209326
Building : 0.8605486
GoodsContainer : 0.8362931
InGameController : 0.72375846
Colony : 0.84508675
