NationCellRenderer : 0.7516837
StartGamePanel : 0.8479737
