UserConnectionHandler : 0.8223272
ConnectController : 0.8350858
