AIMain : 0.7674945
AIObject : 0.7600319
AbstractOption : 0.7504036
