Connection : 0.824921
FreeColGameObject : 0.67185146
AbstractOption : 0.7057392
FreeColAction : 0.6785805
ReceivingThread : 0.8284145
AIObject : 0.70931876
Goods : 0.69899184
UserConnectionHandler : 0.8223272
ConnectController : 0.8350858
