AIGoods : 0.67383355
FreeColMenuBar : 0.8621726
FreeColLookAndFeel : 0.83297783
FreeColImageBorder : 0.8371377
