FreeColServer : 0.70228976
OptionMap : 0.6931644
ConnectController : 0.8604034
FreeCol : 0.83120286
AIGoods : 0.6738592
LoadingSavegameDialog : 0.73231405
MainPanel : 0.8428787
ClientOptions : 0.70818543
