InGameController : 0.81934404
ClientOptions : 0.69816834
