AIMain : 0.68644565
AIUnit : 0.66663873
ConnectController : 0.8350858
TransportMission : 0.6722726
