TransportMission : 0.82165736
AIColony : 0.78872013
AIPlayer : 0.78871727
PioneeringMission : 0.8163199
