Ownable : 0.6528273
Goods : 0.7840323
Building : 0.79723716
Europe : 0.7674938
AIGoods : 0.7834199
ColonyTile : 0.81625366
PioneeringMission : 0.78662646
TilePopup : 0.63327676
