AIPlayer : 0.8207128
UnitSeekAndDestroyMission : 0.840797
