Tile : 0.6846059
BuildColonyMission : 0.6803514
AIUnit : 0.6830663
UnitContainer : 0.7090882
Mission : 0.6864904
WishRealizationMission : 0.6859186
AIGoods : 0.6918448
GUI : 0.83171064
TransportMission : 0.66812223
DefendSettlementMission : 0.68722874
AIPlayer : 0.6712999
IndianDemandMission : 0.6676616
UnitSeekAndDestroyMission : 0.67233884
IndianBringGiftMission : 0.67558646
ScoutingMission : 0.68769217
PioneeringMission : 0.6807973
TilePopup : 0.81426495
FreeColMenuBar : 0.8239832
