StartGamePanel : 0.7077814
MapGeneratorOptionsDialog : 0.7273185
MapGeneratorOptions : 0.74139714
OptionMapUI : 0.6995655
