AbstractOption : 0.67653066
IntegerOption : 0.8014498
BooleanOption : 0.80099374
OptionGroupUI : 0.7154642
OptionUpdater : 0.7981981
StartGamePanel : 0.7077814
GameOptionsDialog : 0.7205399
SelectOption : 0.80844444
MapGeneratorOptionsDialog : 0.72992784
ClientOptionsDialog : 0.729693
FreeColActionUI : 0.7330994
PreGameInputHandler : 0.83857906
SelectOptionUI : 0.71600974
IntegerOptionUI : 0.7106788
OptionMapUI : 0.7154936
BooleanOptionUI : 0.7950954
