GUI : 0.81952375
InGameInputHandler : 0.87634075
CanvasMouseListener : 0.7431451
PreGameController : 0.88191646
AIInGameInputHandler : 0.7024596
ChatAction : 0.83636695
MapboardAction : 0.8363444
GotoAction : 0.83668065
