IndianSettlement : 0.7079571
Europe : 0.8054495
InGameController : 0.6909718
