Colony : 0.68542206
Market : 0.68801844
