GUI : 0.6756161
AIPlayer : 0.7996957
DefendSettlementMission : 0.7847615
FortifyAction : 0.6775207
