AIPlayer : 0.7997296
DefendSettlementMission : 0.78469515
GUI : 0.6756161
