InGameController : 0.81952375
InGameInputHandler : 0.8244411
PreGameController : 0.844066
