Unit : 0.6824081
MapGenerator : 0.82464975
IndianSettlement : 0.8440863
