FreeColMenuBar : 0.810744
ActionManager : 0.7315669
