InGameController : 0.6909718
FreeColServer : 0.7616068
ImageLibrary : 0.7777927
Canvas : 0.6652511
GUI : 0.6756161
InGameInputHandler : 0.6897985
