Colony : 0.79941905
ImageLibrary : 0.7777927
GUI : 0.6756161
