EuropePanel : 0.79495966
UnloadAction : 0.7094738
