GUI : 0.6756161
TilePopup : 0.6694035
