ReportProductionPanel : 0.6723744
ReportIndianPanel : 0.7261576
