UnitLabel : 0.71969455
DragListener : 0.67997396
