InGameController : 0.82654196
InGameInputHandler : 0.8302743
