OptionGroupUI : 0.74443465
OptionMapUI : 0.73977757
