InGameInputHandler : 0.87634075
ReportForeignAffairPanel : 0.6649938
ReportMilitaryPanel : 0.67833185
ReportTradePanel : 0.6664561
ReportContinentalCongressPanel : 0.63220775
