ReportNavalAction : 0.841775
ActionManager : 0.7236192
ReportMilitaryPanel : 0.6738654
FreeColMenuBar : 0.8621726
EuropePanel : 0.6768811
