Unit : 0.63867635
Europe : 0.6978156
Building : 0.66683626
IndianSettlement : 0.78275144
ColonyTile : 0.66514045
Tile : 0.64771116
Colony : 0.64937234
