UnitLabel : 0.7863364
ReportMilitaryPanel : 0.74286854
EuropePanel : 0.73083705
ReportNavalPanel : 0.74025714
