Goods : 0.68209326
UnitLabel : 0.7119073
ReportMilitaryPanel : 0.66065437
ReportNavalPanel : 0.64449066
FreeColMenuBar : 0.8621726
ReportLabourPanel : 0.68696445
ReportColonyPanel : 0.6610696
ReportProductionPanel : 0.67177606
ReportPanel : 0.7127373
ReportReligiousPanel : 0.78991055
ActionManager : 0.7154599
ReportColonyAction : 0.8378218
