ReportTradePanel : 0.8248307
ReportContinentalCongressPanel : 0.7733117
ReportReligiousPanel : 0.7118719
ReportColonyPanel : 0.82679963
