InGameController : 0.82302094
InGameInputHandler : 0.82359314
IndianSettlementPanel : 0.7112716
