InGameInputHandler : 0.87634075
ReportUnitPanel : 0.6724682
