ReportContinentalCongressPanel : 0.76246643
ReportReligiousPanel : 0.68953633
