ColonyPanel : 0.65912336
ReportReligiousPanel : 0.7780373
ReportContinentalCongressPanel : 0.61924344
