FreeColDialog : 0.6720716
MonarchPanel : 0.79528147
QuitDialog : 0.6408998
