StartGamePanel : 0.6959805
FreeColPanel : 0.71817553
TilePanel : 0.72693324
ChatPanel : 0.73505235
