ColopediaPanel : 0.774357
BuildingType : 0.65675116
FreeColDialog : 0.6519563
Specification : 0.80370814
FreeColPanel : 0.7586879
