ColopediaPanel : 0.75359887
ImageLibrary : 0.75693303
