ColopediaPanel : 0.67654294
Specification : 0.72304314
