Locatable : 0.68554693
Tile : 0.7768056
Goods : 0.8382193
Building : 0.8180312
Player : 0.6824081
Colony : 0.79941905
ColonyPanel : 0.79308474
TransportMission : 0.79247004
InGameInputHandler : 0.6897985
InGameController : 0.6909718
Nameable : 0.6702683
