ColonyPanel : 0.69793653
EuropePanel : 0.6768811
FreeColDialog : 0.84968996
InGameController : 0.82654196
DefaultTransferHandler : 0.6604347
DragListener : 0.6756572
