ColonyPanel : 0.7045909
RenameAction : 0.8071888
ActionManager : 0.7349224
FreeColMenuBar : 0.810744
TrainDialog : 0.70504546
