ImageLibrary : 0.7777927
RecruitDialog : 0.7659563
TrainDialog : 0.7797079
ReportPanel : 0.751198
PurchaseDialog : 0.7689515
