ColopediaPanel : 0.6810362
TilePanel : 0.70610553
