ImageLibrary : 0.7777927
FreeColMenuBar : 0.67964244
InGameController : 0.6909718
ActionManager : 0.7855037
UnitLabel : 0.8051781
MapControls : 0.76634854
GUI : 0.6756161
DragListener : 0.77289504
SentryAction : 0.6769272
