FreeColMenuBar : 0.8224945
CanvasKeyListener : 0.7587394
ActionManager : 0.7404953
