GUI : 0.6756161
ColopediaPanel : 0.77427316
CanvasMouseListener : 0.6665582
ServerModelController : 0.7958862
ClientModelController : 0.78188705
