FreeColDialog : 0.64902663
Canvas : 0.6652511
Modifier : 0.7633993
InGameController : 0.6909718
ClientOptions : 0.76731133
