DisplayTileOwnersAction : 0.80796236
ActionManager : 0.71166724
FreeColMenuBar : 0.83926344
