FreeColDialog : 0.64902663
Canvas : 0.6652511
InGameController : 0.6909718
Modifier : 0.7532204
