ReportUnitPanel : 0.74372846
Specification : 0.7658715
UnitContainer : 0.8065752
BuildingType : 0.63766956
MapGenerator : 0.68990743
ReportLabourPanel : 0.7577434
