Unit : 0.8056913
Colony : 0.8082907
InGameController : 0.7048539
Building : 0.83381665
