ReportUnitPanel : 0.8029634
ReportReligiousPanel : 0.700442
ReportContinentalCongressPanel : 0.76247764
ReportForeignAffairPanel : 0.77596825
ReportColonyPanel : 0.84667295
