ImageProvider : 0.76711416
ImageLibrary : 0.678641
UnitLabel : 0.70275223
