FreeColAction : 0.6854096
ReconnectAction : 0.84030133
MapControlsAction : 0.7926464
PreferencesAction : 0.8393014
QuitAction : 0.7975082
ToggleViewModeAction : 0.8135484
SaveAction : 0.8412468
DisplayTileNamesAction : 0.84868956
DisplayGridAction : 0.8474047
ChatAction : 0.8251537
OpenAction : 0.8414899
DisplayTileOwnersAction : 0.82784927
NewAction : 0.8569751
