ActionManager : 0.72129
ReportTurnPanel : 0.68015486
FreeColMenuBar : 0.8621726
ReportTurnAction : 0.8260968
