MonarchPanel : 0.75449896
FreeColLookAndFeel : 0.706525
