Canvas : 0.826542
ReportTurnPanel : 0.68733484
