ClientOptions : 0.688883
ReportTurnPanel : 0.6724767
