VictoryPanel : 0.7297442
InGameInputHandler : 0.68094337
