Controller : 0.8507441
InputHandler : 0.8459753
FreeColServerHolder : 0.81459343
ServerModelController : 0.7320789
InGameController : 0.87634075
