Colony : 0.79941905
InGameController : 0.6909718
InGameInputHandler : 0.6897985
