Worker : 0.7957831
FreeColClient : 0.8219519
InGameInputHandler : 0.87634075
AIInGameInputHandler : 0.70354134
ReportTurnPanel : 0.6724083
