ColopediaPanel : 0.7828317
ReportPanel : 0.82337755
FoundingFatherPanel has been removed due to the repository version iteration
LoadingSavegameDialog : 0.84312606
MonarchPanel : 0.7996984
EventPanel : 0.84084606
ReportTurnPanel : 0.765728
VictoryPanel : 0.83178395
MapGeneratorOptionsDialog : 0.84997445
GameOptionsDialog : 0.79415256
