Canvas : 0.6736145
GameOptions : 0.7817526
GoodsContainer : 0.79881173
InGameInputHandler : 0.7072348
InGameController : 0.7011178
ClientOptions : 0.7694456
ColonyPanel : 0.8133777
GoodsLabel : 0.78528374
DragListener : 0.76255566
