TradeRoute : 0.7069467
Canvas : 0.8296093
TradeItem : 0.83878285
FreeColMenuBar : 0.8239832
TradeRouteDialog : 0.68823993
PersistentObject : 0.6852226
GoodsTradeItem : 0.8206558
GoldTradeItem : 0.8248694
UnitTradeItem : 0.83250946
ColonyTradeItem : 0.82756394
ActionManager : 0.7215431
TradeRouteAction : 0.8012909
StanceTradeItem : 0.8205473
