InGameInputHandler : 0.7002453
ModelController : 0.73671705
ServerModelController : 0.7953591
TradeRouteDialog : 0.8096158
