ReportColonyPanel : 0.7550624
ReportTradePanel : 0.800119
ReportTurnPanel : 0.79663795
ReportIndianPanel : 0.77178323
ReportLabourPanel : 0.7806032
ReportMilitaryPanel : 0.7395109
ReportForeignAffairPanel : 0.7702222
ReportNavalPanel : 0.7414945
ReportContinentalCongressPanel : 0.7435336
ReportReligiousPanel : 0.7324573
