Canvas : 0.6652511
TradeRoute : 0.78801024
ReportLabourAction : 0.6781276
ReportTradeAction : 0.6548713
ReportForeignAction : 0.6566494
ReportColonyAction : 0.65203094
ReportMilitaryAction : 0.6579252
ReportContinentalCongressAction : 0.6584824
ReportIndianAction : 0.6538074
ReportNavalAction : 0.65176284
ReportReligionAction : 0.6557924
InGameController : 0.6909718
InGameInputHandler : 0.6897985
FreeColMenuBar : 0.67964244
TradeRouteInputDialog : 0.7597933
TradeRouteDialog : 0.7552639
ActionManager : 0.7909393
AssignTradeRouteAction : 0.65618706
