Europe : 0.71062833
Colony : 0.68542206
TransportMission : 0.6653008
