ModelController : 0.79758924
InGameInputHandler : 0.8268874
TradeRoute : 0.6981339
TradeRouteDialog : 0.6865096
ClientModelController : 0.6988418
ServerModelController : 0.69483244
