AIPlayer : 0.6755573
DefendSettlementMission : 0.6907795
