Unit : 0.63867635
UnitContainer : 0.6986622
Building : 0.66683626
Colony : 0.64937234
Europe : 0.6978156
Tile : 0.64771116
ColonyTile : 0.66514045
IndianSettlement : 0.78275144
