Map : 0.8008609
GoodsContainer : 0.7771335
