Europe : 0.71062833
ColonyTile : 0.6974855
Game : 0.71613723
EmptyIterator : 0.7861341
