OptionGroupUI : 0.7388902
OptionMap : 0.76753336
AbstractOption : 0.74120235
OptionMapUI : 0.72667694
