ImageLibrary : 0.7777927
GoodsContainer : 0.7804832
GUI : 0.6756161
SignaturePanel has been removed due to the repository version iteration
OptionMap : 0.7453983
OptionMapUI : 0.73603034
CaptureGoodsDialog : 0.7489538
DeclarationDialog : 0.7243189
