Messages : 0.80239546
ClientOptions : 0.66438043
ImageLibrary : 0.6821696
ReportPanel : 0.6922654
ReportUnitPanel : 0.66719145
ReportProductionPanel : 0.6680644
ReportColonyPanel : 0.65355605
ReportTradePanel : 0.6620278
ReportLabourPanel : 0.6832734
NewPanel : 0.81352425
