Game : 0.71613723
AIPlayer : 0.6617283
DebugMenu : 0.80328536
