UnitIterator has been removed due to the repository version iteration
IndianDemandMission : 0.6685775
IndianBringGiftMission : 0.6854673
MetaServer : 0.6883956
AIColony : 0.64925665
AbstractOption : 0.683582
FreeColServer : 0.705787
AIPlayer : 0.663944
TransportMission : 0.6683219
ErrorPanel : 0.7692643
PreGameInputHandler : 0.8248095
