GoodsContainer : 0.76986516
AIPlayer : 0.80094236
Connection : 0.65654504
InGameController : 0.6909718
