Unit : 0.7971874
Tile : 0.7885777
Player : 0.71613723
UnitContainer : 0.872283
Map : 0.84561074
Colony : 0.8084082
IndianSettlement : 0.7268853
