InGameInputHandler : 0.83440846
AIPlayer : 0.68099767
ClientModelController : 0.69453025
DefendSettlementMission : 0.67235184
