ModelController : 0.74473083
ServerModelController : 0.842645
ClientModelController : 0.82725817
