Game : 0.71613723
Europe : 0.71062833
PreGameController : 0.8373139
