CanvasMouseMotionListener : 0.8243654
PreGameController : 0.77765656
