InGameController : 0.82654196
CanvasKeyListener : 0.7720636
