MiniMap : 0.7110848
MapControls : 0.70366496
MapControlsAction : 0.82187295
