MapGenerator : 0.81790143
TilePopup : 0.8166332
