Modifier : 0.642132
InGameController : 0.87634075
DefendSettlementMission : 0.6760931
