GoodsType : 0.6426858
ImageLibrary : 0.75693303
