Modifier : 0.6377844
Tile : 0.7768056
ColopediaPanel : 0.77038497
FreeColDialog : 0.64902663
