Game : 0.79718745
InGameController : 0.6909718
InGameInputHandler : 0.6897985
CanvasKeyListener : 0.6517002
