Unit : 0.7768056
UnitTest : 0.7583227
AllTests : 0.6646167
TileTest : 0.7121594
