Tile : 0.7768056
Map : 0.79313284
Colony : 0.79941905
UnitType : 0.7594501
