InGameController : 0.7011178
InGameInputHandler : 0.7072348
