Colony : 0.68542206
Game : 0.71613723
InGameController : 0.81613976
