Colony : 0.68542206
Game : 0.71613723
