Tile : 0.8023587
FreeColGameObject : 0.74029183
Map : 0.8079916
Settlement : 0.7218258
Colony : 0.84508675
Unit : 0.8382193
GoodsContainer : 0.79264003
Building : 0.8605486
Monarch : 0.81435275
ColonyTile : 0.8700325
UnitContainer : 0.8690814
