Building : 0.8280511
ReportLabourPanel : 0.7943985
