ReportRequirementsAction : 0.8234365
ReportRequirementsPanel : 0.6725247
ActionManager : 0.71507555
FreeColMenuBar : 0.8621726
