InGameInputHandler : 0.84522057
FreeColServer : 0.7161479
NoRouteToServerException : 0.79296684
ConnectController : 0.8586161
NetworkHandler : 0.7296587
PreGameInputHandler : 0.8439325
UserConnectionHandler : 0.86468405
PreGameController : 0.86849093
MetaRegister : 0.69573593
