ReportColonyPanel : 0.7644954
ReportRequirementsPanel : 0.75343317
