Game : 0.79718745
Canvas : 0.6652511
InGameController : 0.6909718
SelectableAction : 0.64253145
ReportTurnAction : 0.6427019
ReportTurnPanel : 0.7371529
FreeColMenuBar : 0.67964244
