Building : 0.8280511
ReportLabourPanel : 0.7868796
ReportTurnPanel : 0.7170938
