Game : 0.71613723
Unit : 0.6824081
FreeColGameObject : 0.67185146
InGameController : 0.81613976
InGameInputHandler : 0.8268874
SelectableAction : 0.79910934
