Player : 0.6824081
FreeColGameObject : 0.7298027
Game : 0.79718745
Colony : 0.79941905
FreeColServer : 0.7616068
AIPlayer : 0.7982663
InGameInputHandler : 0.6897985
InGameController : 0.6909718
EuropePanel : 0.7616643
IndianDemandMission : 0.79800737
TransportMission : 0.77694386
WorkLocationPlan : 0.80857825
DragListener : 0.77289504
PreGameController : 0.6895112
ReportTradePanel : 0.74009275
