Market : 0.68795013
ModelMessage : 0.6910839
InGameController : 0.81613976
