ReportLabourPanel : 0.8075363
ReportTradePanel : 0.77301663
