Map : 0.79313284
WishRealizationMission : 0.80240524
BuildColonyMission : 0.7962602
IndianDemandMission : 0.79883814
ServerPlayer : 0.6926328
IndianBringGiftMission : 0.8062056
TransportMission : 0.7887735
PioneeringMission : 0.79693305
UnitSeekAndDestroyMission : 0.78594226
DefendSettlementMission : 0.7826535
ScoutingMission : 0.7984918
CashInTreasureTrainMission : 0.7854622
UnitWanderHostileMission : 0.795279
UnitWanderMission : 0.79523975
