Building : 0.8180312
SchoolTest : 0.7605547
FreeColTestCase : 0.70217687
