FreeColMenuBar : 0.74355197
Messages : 0.71673197
SelectLanguageAction : 0.8088734
