Messages : 0.8992053
FreeColClient : 0.78396696
MapGeneratorOptions : 0.64445126
FreeCol : 0.7946417
PreGameController : 0.7850505
OptionMap : 0.752481
SelectOption : 0.7434825
FreeColMenuBar : 0.74956495
GameOptionsDialog : 0.6892583
ActionManager : 0.7344972
ClientOptions : 0.66204333
SelectOptionUI : 0.9262737
GameOptions : 0.7057929
