Xml : 0.7556051
Tile : 0.7768056
UnitType : 0.7827889
GoodsType : 0.63013124
Goods : 0.8382193
Building : 0.8180312
ColopediaPanel : 0.77182245
TileType : 0.6424484
Level has been removed due to the repository version iteration
