ColopediaPanel : 0.7729284
UnitType : 0.78154576
