FreeColMenuBar : 0.8621726
PreGameController : 0.85565734
MapEditorMenuBar : 0.7042991
InGameMenuBar : 0.7255578
ClientOptionsDialog : 0.73188
