UnitTest : 0.75558513
TileTest : 0.7727225
