InGameController : 0.6909718
ReportTurnPanel : 0.7582681
