InGameController : 0.6909718
ReportTurnPanel : 0.75827587
InGameInputHandler : 0.6897985
