FreeColDialog : 0.84968996
ReportTurnPanel : 0.68321276
Market : 0.6832013
