FreeCol : 0.6568874
Tile : 0.7768056
Colony : 0.79941905
Goods : 0.8382193
GoodsTest : 0.7830589
ColopediaPanel : 0.77360773
Building : 0.8180312
MessagesTest : 0.76982695
FreeColTestCase : 0.7028934
TrainDialog : 0.7853633
SpecificationTest : 0.70728904
