Unit : 0.6824081
Colony : 0.68542206
ModelMessage : 0.6832775
