Modifier : 0.629163
Canvas : 0.6652511
FreeColDialog : 0.64902663
