MapGenerator : 0.68990743
FileOption : 0.6188134
River : 0.76375455
OptionMap : 0.74165475
MapGeneratorOptions : 0.7474452
OptionGroupUI : 0.7161877
TerrainGenerator : 0.68546444
OptionMapUI : 0.73947406
LandGenerator : 0.6857656
FileOptionUI : 0.7210388
