NegotiationDialog : 0.66685593
FoundingFather : 0.6914906
AIPlayer : 0.6668035
