TradeRoute : 0.7886429
InGameController : 0.6909718
InGameInputHandler : 0.6897985
TradeRouteDialog : 0.75399524
