CanvasMapEditorMouseListener : 0.6975251
CanvasMouseListener : 0.78400046
