CanvasMapEditorMouseListener : 0.69174516
CanvasMouseListener : 0.78400046
