GoodsTradeItem : 0.84507036
ColonyTradeItem : 0.8230058
UnitTradeItem : 0.85450673
