TradeItem : 0.83785826
InGameController : 0.82654196
GoodsTradeItem : 0.82275265
DiplomaticTrade : 0.6945209
ColonyTradeItem : 0.8021259
GoldTradeItem : 0.83257616
StanceTradeItem : 0.8244868
UnitTradeItem : 0.82306063
InGameInputHandler : 0.8302743
NegotiationDialog : 0.66670704
