ColonyPanel : 0.79308474
InGameController : 0.6909718
