GUI : 0.83171064
FreeColLookAndFeel : 0.8260639
