InGameInputHandler : 0.87634075
ColonyPanel : 0.7045909
