InGameController : 0.6909718
InGameInputHandler : 0.6897985
ReportTurnPanel : 0.75765276
