InGameController : 0.81613976
InputHandler : 0.80897593
InGameInputHandler : 0.8268874
FreeColServerHolder : 0.8056854
