InGameInputHandler : 0.7072348
InGameController : 0.7011178
