Player : 0.6824081
Colony : 0.79941905
