IndianSettlement : 0.7079571
InGameController : 0.6909718
InGameInputHandler : 0.6897985
AIPlayer : 0.8012761
