VictoryPanel : 0.7296002
InGameInputHandler : 0.8302743
FreeColClient : 0.8620283
