GUI : 0.6873246
InGameController : 0.71734345
