IndianSettlement : 0.71522856
InGameController : 0.6795391
ColonyTile : 0.7902098
