InGameController : 0.70484596
AIInGameInputHandler : 0.80663973
NegotiationDialog : 0.7781068
InGameInputHandler : 0.7149038
