BuildColonyMission : 0.8195675
ScoutingMission : 0.8485775
