MapGenerator : 0.8318949
TerrainGenerator : 0.8393863
AIInGameInputHandler : 0.70992553
