Europe : 0.8054495
Colony : 0.79941905
