ReportUnitPanel : 0.6579352
ReportCargoPanel : 0.8206362
ReportCargoAction : 0.8219303
ActionManager : 0.7379425
ReportMilitaryPanel : 0.8143826
ReportNavalPanel : 0.8196444
InGameMenuBar : 0.7218917
