ReportColonyPanel : 0.78907126
GoodsLabel : 0.85335344
