NegotiationDialog : 0.6896689
DiplomaticTrade : 0.71540976
InGameInputHandler : 0.87634075
