MapGeneratorOptionsDialog : 0.93937767
GameOptionsDialog : 0.87684685
OptionUpdater : 0.7526696
OptionMapUI : 0.86004114
OptionGroupButton has been removed due to the repository version iteration
OptionGroupUI : 0.85951155
FreeColActionUI : 0.8722275
FileOptionUI : 0.8798936
SelectOptionUI : 0.7221724
BooleanOptionUI : 0.7486485
IntegerOptionUI : 0.82786775
