BooleanOptionUI : 0.7569995
OptionGroupUI : 0.84095085
MapGeneratorOptionsDialog : 0.8647449
OptionMapUI : 0.84625274
FreeColLookAndFeel : 0.7294248
