FreeColTextFieldUI : 0.87291086
FreeColTextAreaUI : 0.8740726
FreeColButtonUI : 0.8553077
FreeColListUI : 0.82718503
FreeColMenuItemUI : 0.8106536
FreeColRadioButtonUI : 0.8527266
FreeColScrollPaneUI : 0.81627095
FreeColTableHeaderUI : 0.81623894
FreeColLabelUI : 0.8163402
FreeColTableUI : 0.813007
FreeColCheckBoxUI : 0.8539808
FreeColToolTipUI : 0.6947373
