ActionManager : 0.8189677
InGameMenuBar : 0.7899998
MapEditorMenuBar : 0.8146577
