GUI : 0.7988988
FreeColDialog : 0.79821503
InGameMenuBar : 0.67726797
EventPanel : 0.6885404
