Tile : 0.77680576
Building : 0.8180312
IndianSettlement : 0.707957
LanguageOption : 0.6467434
ColonyTile : 0.8269613
UnitLabel : 0.80517817
ReportUnitPanel : 0.7853282
TradeRouteInputDialog : 0.75690967
ReportTurnPanel : 0.76407677
