ReportRequirementsPanel : 0.6533167
ReportProductionPanel : 0.6465042
RecruitDialog : 0.69493955
NegotiationDialog : 0.6731079
TilePopup : 0.841255
ReportTurnPanel : 0.67511624
