EuropePanel : 0.7949598
FreeColDialog : 0.6720716
RecruitDialog : 0.7562968
TrainDialog : 0.80932575
TilePanel : 0.8180844
EmigrationPanel : 0.7884834
FoundingFatherPanel has been removed due to the repository version iteration
PurchaseDialog : 0.80445963
MainPanel : 0.6554466
StartGamePanel : 0.8126114
CaptureGoodsDialog : 0.8047885
EventPanel : 0.8170951
VictoryPanel : 0.8120552
NewPanel : 0.66118693
