FreeColDialog : 0.84969
TrainDialog : 0.7107479
EuropePanel : 0.67688113
RecruitDialog : 0.67962015
