SelectOption : 0.8011963
AbstractOption : 0.7923568
OptionMap : 0.7782752
BooleanOption : 0.6634931
OptionGroup : 0.68066216
MapGeneratorOptions : 0.8258422
Messages : 0.67316294
GameOptions : 0.84213465
ActionManager : 0.8439779
IntegerOption : 0.6569253
LanguageOption : 0.6885786
FileOption : 0.65403646
