OptionMap : 0.7756833
InGameController : 0.7039139
