Unit : 0.8009165
ColopediaPanel : 0.8095647
TrainDialog : 0.8060913
DragListener : 0.7560943
