GUI : 0.6765416
DetermineHighSeasAction : 0.7716975
ScaleMapAction : 0.7723536
ActionManager : 0.7635691
MapEditorMenuBar : 0.7515963
