UnitWanderHostileMission : 0.7002773
UnitWanderMission : 0.70042217
