Canvas : 0.6652511
InGameController : 0.6909717
InGameInputHandler : 0.6897983
GUI : 0.6756161
TradeRouteDialog : 0.74177563
