ReportTradePanel : 0.77924186
ReportProductionPanel : 0.7553513
