Building : 0.8180312
MessagesTest : 0.7627676
ColonyTile : 0.8269613
