Building : 0.8180312
SchoolTest : 0.74789625
