GUI : 0.7016281
MiniMap : 0.76202464
DisplayGridAction : 0.6955727
