Player : 0.68240803
IndianSettlement : 0.707957
InGameInputHandler : 0.6897983
