InGameInputHandler : 0.8066118
UnitLabel : 0.7482916
DragListener : 0.7336126
