InGameInputHandler : 0.8076488
UnitLabel : 0.7482916
DragListener : 0.7336126
