FoundingFather : 0.7780139
Specification : 0.72913426
SpecificationTest : 0.706315
