AIColony : 0.72344697
AIPlayer : 0.7686436
GoodsWish : 0.82819605
WorkLocationPlan : 0.8007979
ColonyPlan : 0.7527609
