Map : 0.8128936
Resource : 0.8244849
Market : 0.68779784
ResourceType : 0.7396559
