TileImprovementType : 0.7823849
TileType : 0.65442616
TileItemContainer : 0.7879619
TileImprovementPlan : 0.8095483
AIPlayer : 0.7892479
