InGameInputHandler : 0.6405928
UnitType : 0.6986956
InGameController : 0.6571391
PioneeringMission : 0.67926246
AIColony : 0.63111424
