UnitLabel : 0.7782016
DefaultTransferHandler : 0.7492497
