Tile : 0.79548573
Colony : 0.7752814
Building : 0.79472035
UnitType : 0.8085963
Resource : 0.7825277
ColonyTile : 0.78041935
ResourceType : 0.7583225
AIColony : 0.73685163
UnitLabel : 0.7782016
WorkLocationPlan : 0.7764323
ProductionLabel : 0.7303178
Xml : 0.7744668
ReportRequirementsPanel : 0.73048556
