WorkLocation : 0.7006758
UnitType : 0.8085963
Building : 0.79472035
InGameInputHandler : 0.7707064
InGameController : 0.7725407
DragListener : 0.74287194
