Building : 0.79472035
ColonyTile : 0.78041935
