Building : 0.79472035
ColonyTile : 0.7786773
