Unit : 0.7011266
Player : 0.793391
IndianSettlement : 0.8001428
InGameInputHandler : 0.68026763
ServerModelController : 0.7342063
ClientModelController : 0.7417998
