FoundingFather : 0.7493914
AIPlayer : 0.7497081
InGameController : 0.7306804
