Player : 0.68262804
Map : 0.7784483
InGameController : 0.7725407
