Tile : 0.70394456
TileImprovement : 0.68965
