GUI : 0.81860054
Tile : 0.70394456
FoundingFather : 0.6937959
TileType : 0.7895168
