GoodsType : 0.63937277
TileItemContainer : 0.7856149
GUI : 0.69081044
TileImprovementType : 0.7774034
TileImprovement : 0.8164902
