UnitType : 0.8085963
Player : 0.68262804
