ColopediaPanel : 0.6736824
UnitLabel : 0.68325543
DragListener : 0.6685586
