Unit : 0.63076943
PlayerExploredTile has been removed due to the repository version iteration
Player : 0.7799036
TileImprovementType : 0.66177964
Resource : 0.69204473
IndianSettlement : 0.78641343
ResourceType : 0.69303024
TileType : 0.9604826
Colony : 0.638479
Tile : 0.63937277
TileItemContainer : 0.65507704
DefaultCostDecider : 0.6351503
