TileImprovementType : 0.77557486
GUI : 0.69081044
TileItemContainer : 0.8008539
TileType : 0.65442616
ColopediaPanel : 0.76174814
