TileItemContainer : 0.76423776
ColopediaPanel : 0.7592872
