TileItemContainer : 0.78013474
TileImprovementType : 0.77535087
ColopediaPanel : 0.78182405
