Canvas : 0.6736824
UnitLabel : 0.7853548
TilePanel : 0.78810805
DragListener : 0.7534886
