InGameController : 0.6171659
GUI : 0.7841748
TileImprovement : 0.6880276
TileItemContainer : 0.6552114
ResourceType : 0.69158924
TileType : 0.9604826
PlayerExploredTile has been removed due to the repository version iteration
TileImprovementType : 0.66496706
DefaultCostDecider : 0.6351503
ReportUnitPanel : 0.62090564
ReportRequirementsPanel : 0.6183277
