AIGoods : 0.82784814
AIPlayer : 0.8070788
AIColony : 0.78256434
WorkerWish : 0.80797875
