TileItemContainer : 0.808956
GUI : 0.69081044
MapGenerator : 0.7036494
ColopediaPanel : 0.76174814
TerrainGenerator : 0.7143023
TilePanel : 0.77815735
