MapGenerator : 0.6854411
AIPlayer : 0.7634568
InGameController : 0.7477571
