TileImprovementType : 0.78695494
ScaleMapAction : 0.82487625
