ImprovementAction : 0.7666417
TileImprovement : 0.7759139
TileItemContainer : 0.771937
ImprovementActionType : 0.7050318
MapControls : 0.76402855
Xml : 0.8125041
ActionManager : 0.78109264
DetermineHighSeasAction : 0.7653215
InGameMenuBar : 0.74964446
