ColopediaPanel : 0.76307
InGameController : 0.7646004
ReportContinentalCongressPanel : 0.7673782
