TileType : 0.9604826
ResourceType : 0.68331563
TileImprovementType : 0.6633871
Specification : 0.7084248
