GoodsType : 0.7799036
Goods : 0.6905852
TerrainGenerator : 0.81217265
IndianDemandMission : 0.6672798
AIPlayer : 0.6651812
IndianSettlement : 0.83545893
PreGameController : 0.6827392
