ImprovementAction : 0.7823195
MapControls : 0.7933645
