Tile : 0.8106949
FreeColServer : 0.80174905
TileType : 0.71311176
InGameController : 0.7992884
IndianSettlement : 0.6986956
InGameInputHandler : 0.8012038
ClientModelController : 0.8325885
TransportMission : 0.78606004
TileImprovementType : 0.81421936
AIPlayer : 0.7959052
ColopediaPanel : 0.79063255
ResourceType : 0.81835985
TrainDialog : 0.8060913
PurchaseDialog : 0.8090946
