Specification : 0.7779159
ResourceType : 0.76894414
MapGenerator : 0.6896582
Resource : 0.7847994
