ImageLibrary : 0.68068767
TileType : 0.7982514
UnitLabel : 0.66996163
ImageProvider : 0.77092326
TerrainGenerator : 0.846709
TilePanel : 0.69266754
MiniMap : 0.7296902
TileInfoPanel has been removed due to the repository version iteration
