ReportLabourPanel : 0.7915405
AIPlayer : 0.7999486
IndianDemandMission : 0.80862844
IndianBringGiftMission : 0.81257945
ReportLabourDetailPanel : 0.7474783
