FoundingFather : 0.6937959
Specification : 0.69017977
