FreeColTestCase : 0.69718975
ColonyProductionTest : 0.6872337
