Tile : 0.79548573
Colony : 0.7752814
Building : 0.79472035
