Europe : 0.6736164
Monarch : 0.76776975
InGameInputHandler : 0.77031785
IndianSettlement : 0.6834811
InGameController : 0.7725407
ReportContinentalCongressPanel : 0.7102683
GUI : 0.6723331
AIInGameInputHandler : 0.7661723
