Building : 0.8087952
Goods : 0.77022916
TileImprovement : 0.8164902
Nameable : 0.6837806
Named : 0.70867056
