Tile : 0.70394456
Colony : 0.6901364
Modifier : 0.79231334
FoundingFather : 0.6937959
InGameController : 0.6616207
GUI : 0.81860054
