Colony : 0.7752814
BuildingType : 0.61929804
Building : 0.79472035
