FoundingFather : 0.6937959
Building : 0.6911429
