Modifier : 0.61877275
FoundingFather : 0.7706882
Building : 0.8571913
BuildingType : 0.63992834
ColonyPlan : 0.81760925
ReportProductionPanel : 0.78725666
PersistentObject : 0.726981
