ModelMessage : 0.7690961
Unit : 0.75893605
GoodsContainer : 0.7575848
Player : 0.69058514
Market : 0.7040081
Colony : 0.79400986
IndianSettlement : 0.69447935
Building : 0.79339296
InGameController : 0.73429143
ReportProductionPanel : 0.74569553
