FreeColGameObject : 0.7438581
Modifier : 0.61877275
PersistentObject : 0.726981
