Specification : 0.8125041
NationType : 0.83242476
ModelMessage : 0.791074
