Settlement : 0.67661303
ColonyTile : 0.80120015
InGameController : 0.7800654
IndianSettlement : 0.6962754
GUI : 0.69081044
MapGenerator : 0.7036494
ColonyPlan : 0.77988213
