Unit : 0.79548573
Player : 0.70394456
Colony : 0.82152957
IndianSettlement : 0.6962754
PlayerExploredTile has been removed due to the repository version iteration
Settlement : 0.67661303
GUI : 0.69081044
InGameController : 0.7800654
InGameInputHandler : 0.78625786
MapGenerator : 0.7036494
TilePanel : 0.77815735
TileInfoPanel has been removed due to the repository version iteration
