Canvas : 0.8095665
GUI : 0.81860054
ReportForeignAffairPanel : 0.6499086
FreeColLookAndFeel : 0.6925745
