GUI : 0.8294151
ReportForeignAffairPanel : 0.65278083
