IndianSettlement : 0.83545893
Tile : 0.70394456
Monarch : 0.6846734
PreGameController : 0.6827392
