GUI : 0.8294151
EuropePanel : 0.6814448
FreeColClient : 0.72525644
FreeCol : 0.81220424
FreeColMenuTest : 0.834999
WindowedFrame : 0.8386859
FreeColLookAndFeel : 0.6840181
