FreeColClient : 0.7202899
ActionManager : 0.71316427
ChangeWindowedModeAction : 0.7936175
InGameMenuBar : 0.7185713
MapEditorMenuBar : 0.69914615
