Unit : 0.76802844
Game : 0.7826904
NationType : 0.7137643
EuropeanNationType : 0.8275287
Player : 0.69643503
IndianNationType : 0.80489016
MapGenerator : 0.6864603
ServerPlayer : 0.70100766
Europe : 0.6904017
Specification : 0.77111816
PreGameInputHandler : 0.7925553
PreGameController : 0.788774
PlayersTableModel has been removed due to the repository version iteration
