Specification : 0.69017977
NationType : 0.7849539
Nation : 0.68275124
NationCellRenderer : 0.785253
