GUI : 0.6806877
MiniMap : 0.775505
ActionManager : 0.76652044
Canvas : 0.67362857
ZoomInAction : 0.646711
MapControls : 0.7945352
ZoomOutAction : 0.65187764
TilePanel : 0.7710534
InGameMenuBar : 0.7813098
MapEditorMenuBar : 0.76651853
