FoundingFather : 0.66093117
Scope : 0.7028588
FreeColGameObjectType : 0.93065935
