AdvantageCellRenderer : 0.7528252
StartGamePanel : 0.71201307
