FoundingFather : 0.7722182
InGameController : 0.76404727
