Nation : 0.7914889
TileType : 0.7895168
PreGameInputHandler : 0.670834
PreGameController : 0.6827392
