UnitType : 0.66970134
BuildingType : 0.9152287
FoundingFather : 0.66093117
IndianNationType : 0.6595813
EuropeanNationType : 0.6783
