Game : 0.6831432
MapGeneratorTest : 0.7824474
