FreeColServer : 0.6907849
Specification : 0.67439127
ConnectController : 0.69701505
FreeCol : 0.81220424
NewPanel : 0.8241456
UserConnectionHandler : 0.6844159
StartGamePanel : 0.7135291
MapEditorController : 0.69895643
PlayersTableModel has been removed due to the repository version iteration
NationCellRenderer : 0.79871625
AdvantageCellRenderer : 0.67639875
