FreeColServer : 0.6907849
ConnectController : 0.69701505
FreeCol : 0.81220424
AdvantageCellRenderer : 0.6745289
NewPanel : 0.8241456
UserConnectionHandler : 0.6844159
StartGamePanel : 0.7135291
MapEditorController : 0.69895643
PlayersTableModel has been removed due to the repository version iteration
