MockModelController : 0.7988914
SchoolTest : 0.64950514
GoodsTest : 0.6755201
UnitTest : 0.71896744
FreeColTestCase : 0.830664
PlayerTest : 0.70980316
ColonyProductionTest : 0.8645714
BuildingTest : 0.65211654
GameTest : 0.8839326
TileTest : 0.72626215
ModelMessageTest : 0.8313369
