Scope : 0.8330128
BuildingType : 0.68255526
PreGameInputHandler : 0.80636513
