SpecificationTest : 0.6542634
UnitTest : 0.7405568
BuildingTest : 0.7881709
FreeColTestCase : 0.6537106
