Nation : 0.7853942
PreGameController : 0.7702167
FreeColServer : 0.770938
GameTest : 0.69692963
