Player : 0.69368184
FoundingFather : 0.7386678
MapGenerator : 0.66955817
EuropeanNationType : 0.78319
