Tile : 0.63905317
BuildingType : 0.9152287
FoundingFather : 0.66093117
UnitType : 0.66970134
ColopediaPanel : 0.63199735
TileType : 0.9117073
IndianNationType : 0.65968215
EuropeanNationType : 0.654299
