InGameInputHandler : 0.80537397
UnloadAction : 0.76780033
