Colony : 0.7752814
Building : 0.79472035
ImageLibrary : 0.77620965
