Building : 0.79472035
Player : 0.68262804
Colony : 0.7752814
SchoolTest : 0.74200654
ColonyPlan : 0.76342756
ReportColonyPanel : 0.75521755
BuildingTest : 0.7353665
DragListener : 0.74287194
