Colony : 0.8571913
Modifier : 0.6299314
FoundingFather : 0.7948495
BuildingType : 0.6514894
SchoolTest : 0.8040732
