UnitType : 0.80523497
BuildingType : 0.63992834
InGameController : 0.77090824
ColonyPanel : 0.78556925
BuildableType : 0.6153623
InGameInputHandler : 0.77741426
AIColony : 0.77974993
BuildingBox has been removed due to the repository version iteration
ReportColonyPanel : 0.8086225
