ModelMessage : 0.76189256
FoundingFather : 0.7493914
PersistentObject : 0.7880466
