ModelMessage : 0.6913157
FreeColGameObject : 0.68848354
PersistentObject : 0.67956764
ReportTurnPanel : 0.68236005
