FoundingFather : 0.7493914
Player : 0.6901798
