Modifier : 0.70592105
Player : 0.6992581
Colony : 0.7278631
Feature : 0.72351795
FoundingFather : 0.7201251
BuildingType : 0.6962426
Building : 0.7230579
