ModifierTest : 0.74355847
FoundingFather : 0.7782092
Player : 0.68262804
Modifier : 0.6312152
Colony : 0.7752814
