Modifier : 0.6788982
Feature : 0.688089
ModifierTest : 0.6369368
