ModelMessage : 0.8217379
ColopediaPanel : 0.81544256
MarketLabel : 0.83880115
PersistentObject : 0.7974256
GoodsLabel : 0.82760733
ProductionLabel : 0.83889174
UnitLabel : 0.68325543
TilePanel : 0.8285409
TrainDialog : 0.8304026
PurchaseDialog : 0.8234883
ReportPanel : 0.8327521
RecruitDialog : 0.8381673
EmigrationPanel : 0.837659
MapEditorTransformPanel : 0.8162812
CargoLabel has been removed due to the repository version iteration
DragListener : 0.6685586
