Modifier : 0.6788982
Feature : 0.6809199
Ability : 0.65994656
BuildingType : 0.6926426
FoundingFather : 0.69912094
