BuildingTest : 0.6527884
AbstractGoods : 0.7189389
