InGameController : 0.67458844
SkipUnitAction : 0.7138199
