Map : 0.7784483
TerrainGenerator : 0.68409383
InGameInputHandler : 0.70352376
MapTest : 0.6728821
FreeColTestCase : 0.7016628
ServerModelController : 0.6928308
ScaleMapAction : 0.66507244
DetermineHighSeasAction : 0.6705834
ColonyProductionTest : 0.678052
