Resource : 0.7073628
ColopediaPanel : 0.6755961
FoundingFather : 0.6974841
ReportForeignAffairPanel : 0.66515046
TileTest : 0.6656793
