Player : 0.68262804
PlayerTest : 0.66735935
