InGameInputHandler : 0.82941616
ImprovementAction : 0.8106899
