ColonyPlan : 0.702921
AIColony : 0.7068591
