AIPlayer : 0.6983881
ColonyPlan : 0.7070024
BuildingTest : 0.7293859
