InGameInputHandler : 0.70352376
InGameController : 0.6746042
UnitTest : 0.7736327
