WindowedFrame : 0.7988441
AboutPanel : 0.7104729
AboutAction : 0.82282305
FullScreenFrame : 0.81140333
DefaultHandler : 0.8369858
