LocationChangeListener : 0.8128891
ColonyPanel : 0.6736195
