TileType : 0.6860469
ColopediaPanel : 0.6755961
