Player : 0.809899
Market : 0.7991196
Mission : 0.82184064
Wish : 0.83936554
TileImprovementPlan : 0.8257688
TradeItem : 0.843502
ModelMessage : 0.82367796
AIGoods : 0.8155
AIColony : 0.78954524
Feature : 0.84954983
GoodsWish : 0.8346097
WorkerWish : 0.82711345
FreeColObject : 0.84354866
MarketData : 0.8462714
