Canvas : 0.82487214
InGameController : 0.82217956
GUI : 0.8261893
OptionMap : 0.8457266
ClientOptions : 0.802197
