DebugMenu : 0.6779737
TransportMission : 0.6904867
