AIColony : 0.7086594
AIPlayer : 0.6924639
