Colony : 0.7752814
Player : 0.68262804
SchoolTest : 0.6613683
MapGenerator : 0.6789236
ColonyPlan : 0.68213916
BuildingTest : 0.6517342
ReportColonyPanel : 0.6561501
BuildingsPanel has been removed due to the repository version iteration
DragListener : 0.74287194
