ColonyTile : 0.72289103
AIColony : 0.7086594
ReportRequirementsPanel : 0.6833158
