AIPlayer : 0.6924639
ColonyPlan : 0.702921
