ModelController : 0.7462868
InGameInputHandler : 0.69071823
ClientModelController : 0.6870786
MockModelController : 0.6751139
ServerModelController : 0.68959594
