Unit : 0.6826281
InGameInputHandler : 0.8020173
