Game : 0.8299969
ModelMessage : 0.82519925
