Unit : 0.6924083
BuildableType : 0.8741021
