Colony : 0.82152957
IndianSettlement : 0.6962754
AIColony : 0.70271677
AIPlayer : 0.7071656
DefendSettlementMission : 0.7341019
