Game : 0.8299969
InGameController : 0.8002776
InGameInputHandler : 0.8020173
ConnectController : 0.81424665
UserConnectionHandler : 0.8035173
