Game : 0.8299969
AIPlayer : 0.8105715
MapGeneratorTest : 0.7824474
DebugMenu : 0.80603546
