TileImprovementType : 0.69167686
TileImprovement : 0.6870334
TileItemContainer : 0.6784955
