BuildableType : 0.68582445
Player : 0.68262804
BuildingType : 0.68539864
Building : 0.79472035
Colony : 0.7752814
UnitType : 0.69240826
ColonyPanel : 0.7475859
ColopediaPanel : 0.6688431
AIColony : 0.68394536
ReportProductionPanel : 0.66581464
