Player : 0.70394456
IndianSettlement : 0.6962754
MapGenerator : 0.7036494
