Colony : 0.7752814
SchoolTest : 0.6613683
