ColonyPanel : 0.78556925
AIColony : 0.7086594
