Player : 0.68262804
Ability : 0.67872787
Settlement : 0.6597131
Tile : 0.79548573
InGameInputHandler : 0.703516
ColonyTile : 0.6982965
MapGenerator : 0.6789236
