Features : 0.7475044
Player : 0.68262804
UnitType : 0.69240826
Colony : 0.7752814
BuildingType : 0.68539864
FoundingFather : 0.6927974
NationType : 0.6956473
TileType : 0.67474586
IndianNationType : 0.6908441
Building : 0.79472035
SchoolTest : 0.6613683
EuropeanNationType : 0.69918966
BuildableType : 0.68808836
