EquipmentType : 0.6932672
Specification : 0.68205905
UnitType : 0.69240826
