Ability : 0.8523614
ModifierTest : 0.81300205
