BuildingTest : 0.6517342
DragListener : 0.74287194
