ColopediaPanel : 0.6688431
ColonyPanel : 0.7475859
ReportUnitPanel : 0.6617987
CaptureGoodsDialog : 0.66744816
