ModelMessage : 0.82519925
Game : 0.8299969
FreeColGameObject : 0.8175829
InGameInputHandler : 0.8020173
ReportTurnPanel : 0.79672277
