AIPlayer : 0.8266009
PioneeringMission : 0.84204125
