Building : 0.79472035
AIColony : 0.68394536
InGameController : 0.6746042
MapGenerator : 0.6789236
