AllTests : 0.67642623
UnitType : 0.69240826
UnitTest : 0.7736327
DemotionTest : 0.6527241
