UnitType : 0.69240826
DemotionTest : 0.6547587
