ActionManager : 0.8234133
InGameMenuBar : 0.8245163
MapEditorMenuBar : 0.83007234
