InGameController : 0.6639048
ReportLabourPanel : 0.6939865
