Colony : 0.7752814
InGameController : 0.6746042
InGameInputHandler : 0.703516
