ImageProvider : 0.64533466
GUI : 0.6723331
ImageLibrary : 0.77620965
Canvas : 0.67197
ReportUnitPanel : 0.6617987
ColopediaPanel : 0.6688431
FreeColClient : 0.6864771
UnitLabel : 0.7782016
UnitInfoPanel has been removed due to the repository version iteration
ReportLabourDetailPanel : 0.6948051
TrainDialog : 0.6954103
ReportPanel : 0.6924519
PurchaseDialog : 0.6526033
RecruitDialog : 0.6713292
EmigrationPanel : 0.66995823
ReportLabourPanel : 0.6798637
DragListener : 0.74287194
