Mission : 0.830986
ImageLibrary : 0.6856863
Tension : 0.82652
AIPlayer : 0.80276173
InGameInputHandler : 0.79331136
UnitSeekAndDestroyMission : 0.82217646
IndianBringGiftMission : 0.7919831
IndianDemandMission : 0.8001595
