Colony : 0.8571913
Ability : 0.6706251
AbstractUnit : 0.70077235
AbstractGoods : 0.7006178
