Player : 0.68262804
GoodsContainer : 0.6749983
LanguageOption : 0.66743517
Feature : 0.68289936
