AbstractUnit : 0.6868809
SchoolTest : 0.6613683
Mission : 0.7027668
Monarch : 0.68889886
AIPlayer : 0.6923097
TransportMission : 0.6904867
InGameInputHandler : 0.703516
AIColony : 0.68394536
InGameController : 0.6746042
SpecificationTest : 0.706315
ReportUnitPanel : 0.6617987
BuildingTest : 0.6517342
AllTests : 0.67642623
MonarchTest : 0.66647756
