Specification : 0.68205905
Colony : 0.7752814
Player : 0.68262804
ScoutingMission : 0.6953817
PioneeringMission : 0.6965913
