Unit : 0.7032356
Colony : 0.69296646
Tile : 0.7095958
SimpleCombatModel : 0.7345641
Game : 0.6918629
Building : 0.7163864
IndianSettlement : 0.69283485
Mission : 0.7066948
InGameController : 0.6658757
BuildingType : 0.6850897
InGameInputHandler : 0.7110828
AIPlayer : 0.6895903
FreeColDialog : 0.6721332
ColonyPlan : 0.68434453
DefendSettlementMission : 0.6929844
DemotionTest : 0.67181164
TileInfoPanel has been removed due to the repository version iteration
