OptionGroupUI : 0.823602
OptionMap : 0.8105748
ClientOptions : 0.7904902
GameOptions : 0.83021414
OptionMapUI : 0.8212505
