MapGeneratorOptions : 0.8361386
RangeOptionUI : 0.87788314
OptionMap : 0.8515605
OptionMapUI : 0.8690225
OptionGroupUI : 0.85935444
ClientOptions : 0.7898306
GameOptions : 0.8595482
