Game : 0.82988095
Canvas : 0.8095665
