Game : 0.82988095
Monarch : 0.81638587
