Player : 0.82085985
Specification : 0.82468885
Colony : 0.6837977
MessagesTest : 0.79055685
ModelMessage : 0.83471835
GoodsTest : 0.7984936
MarketTest : 0.8235379
TileTest : 0.7631351
ModelMessageTest : 0.80617476
ColonyProductionTest : 0.7950298
