Specification : 0.8233894
GoodsType : 0.83131886
UnitType : 0.8300389
TileType : 0.7870391
TileImprovementType : 0.8135327
EquipmentType : 0.840976
Nation : 0.8441966
BuildingType : 0.8229106
FoundingFather : 0.77498245
ResourceType : 0.8063373
IndianNationType : 0.83350164
ImprovementActionType : 0.8436257
EuropeanNationType : 0.8355033
