GoodsType : 0.824689
EquipmentType : 0.83707184
ResourceType : 0.83030516
Nation : 0.83589685
BuildingType : 0.859319
BuildableType : 0.8256321
FoundingFather : 0.79285693
DifficultyLevel : 0.8365269
FreeColGameObjectType : 0.83557016
UnitType : 0.8331183
TileType : 0.8271363
ImprovementActionType : 0.8437813
LostCityRumour : 0.0
