IndianNationType : 0.6940107
IndianSettlement : 0.6834811
MapGenerator : 0.6789236
