Specification : 0.82031655
Europe : 0.77924865
Colony : 0.6901364
DifficultyLevel : 0.84029216
Monarch : 0.81638587
InGameInputHandler : 0.8020173
SimpleCombatModel : 0.767743
IndianDemandMission : 0.81623024
UnitTest : 0.72560066
PurchaseDialog : 0.8055349
