PurchaseDialog : 0.7899187
TrainDialog : 0.8213906
