AllTests : 0.67642623
ColonyProductionTest : 0.678052
AbstractUnitTest : 0.67196006
