FoundingFather : 0.7991516
AllTests : 0.8230709
FoundingFatherTest : 0.7682733
