Goods : 0.7589361
Locatable : 0.7600557
MapGenerator : 0.6789236
GoodsTest : 0.6872307
TileItem : 0.68687594
