InGameController : 0.8113018
ConnectController : 0.8463139
