ClientOptions : 0.66522026
ActionManager : 0.6944018
MiniMapChangeBackgroundAction : 0.7107657
MapControls : 0.8222743
ClientOptionsDialog : 0.70321125
