InGameController : 0.7443092
InGameInputHandler : 0.74919474
EuropePanel : 0.66418946
