ReportTradePanel : 0.83695376
DragListener : 0.67859054
