Europe : 0.77924865
InGameInputHandler : 0.8020173
