Europe : 0.77924865
InGameInputHandler : 0.80204415
