MapTest : 0.830664
GameTest : 0.8566551
