TerrainGenerator : 0.7270115
MapControls : 0.81673026
