Goods : 0.77022916
Player : 0.70394456
IndianSettlement : 0.6962754
ColopediaPanel : 0.6755961
AIColony : 0.70271677
