ColopediaPanel : 0.81544256
UnitLabel : 0.68325543
TilePanel : 0.8285409
ColopediaSkillAction : 0.84731513
ColopediaUnitAction : 0.84960455
ColopediaBuildingAction : 0.84524536
ColopediaGoodsAction : 0.84754634
ColopediaFatherAction : 0.84233654
ColopediaTerrainAction : 0.8473818
DragListener : 0.6685586
