Europe : 0.77924865
Colony : 0.6901364
GameOptions : 0.82896197
