Colony : 0.6901364
Europe : 0.77924865
GameOptions : 0.82896197
