Unit : 0.7752814
GoodsContainer : 0.7075079
