GUI : 0.8294151
ImageLibrary : 0.67362857
