Modifier : 0.8482147
ModifierTest : 0.78757226
FreeColDialog : 0.804044
SimpleCombatModel : 0.76695204
FoundingFatherTest : 0.7722032
Feature : 0.83244866
