Unit : 0.65971315
IndianNationType : 0.8226479
IndianSettlement : 0.8117399
ImageLibrary : 0.66326904
