Feature : 0.87251097
ModifierTest : 0.8116897
