Ability : 0.8502345
Feature : 0.8764249
