SimpleCombatModel : 0.766898
DemotionTest : 0.75857407
