Ability : 0.84907836
Feature : 0.8703142
ModifierTest : 0.80847305
