Ability : 0.83993006
Modifier : 0.8665119
