FreeColTestCase : 0.7016628
DemotionTest : 0.6554506
