ResourceType : 0.69603044
TileType : 0.6860469
Resource : 0.7062625
ColopediaPanel : 0.6755961
TileImprovementType : 0.7081097
MapGenerator : 0.7036494
TileImprovement : 0.69442004
