TileImprovement : 0.69442004
TileItemContainer : 0.7002612
ColonyTile : 0.7156255
