ReportTradePanel : 0.69399726
DragListener : 0.7324032
ReportPanel : 0.694257
