Player : 0.68262804
FeatureContainer : 0.69564146
Building : 0.79472035
SimpleCombatModel : 0.683783
FreeColDialog : 0.67352396
