Settlement : 0.6799895
IndianSettlement : 0.67821866
SimpleCombatModel : 0.67898446
