IndianNationType : 0.86039704
FreeColGameObjectType : 0.8519067
EuropeanNationType : 0.84519774
EquipmentType : 0.862271
TileType : 0.8052962
BuildingType : 0.8401076
TileImprovementType : 0.8454681
ResourceType : 0.838808
FoundingFather : 0.79794955
