CombatTest : 0.8141691
AllTests : 0.77477217
