SimpleCombatModel : 0.76890457
CombatTest : 0.80589515
