Specification : 0.68236333
ReportLabourPanel : 0.6799059
UnitType : 0.6922247
ReportLabourDetailPanel : 0.6784534
