Canvas : 0.6645382
TilePopup : 0.65532285
DumpCargoDialog : 0.6605688
