EuropePanel : 0.6814448
TrainDialog : 0.8304026
