InGameController : 0.6679559
DragListener : 0.7324032
