CargoPanel : 0.67337495
EuropePanel : 0.76839733
DragListener : 0.7677413
