UnitType : 0.6922247
Specification : 0.68236333
EquipmentType : 0.6940922
BuildingType : 0.68539864
FeatureContainer : 0.6937687
FoundingFather : 0.69277257
TileImprovementType : 0.69373345
IndianNationType : 0.69341403
ResourceType : 0.6871875
ColopediaPanel : 0.6688431
EuropeanNationType : 0.69542813
ModifierTest : 0.6474088
FoundingFatherTest : 0.64610934
