IndianSettlement : 0.6834811
InGameInputHandler : 0.703627
InGameController : 0.6739142
