FreeColDialog : 0.804044
InGameController : 0.8008705
InGameInputHandler : 0.80204415
