ConnectController : 0.8463139
LoadingSavegameDialog : 0.8293534
NewPanel : 0.8160508
