Game : 0.8304542
Player : 0.8354588
Monarch : 0.8181163
Tile : 0.6962753
Mission : 0.830986
PlayerExploredTile has been removed due to the repository version iteration
InGameInputHandler : 0.7933541
AIPlayer : 0.80276173
GUI : 0.82056534
