Player : 0.8340206
Tile : 0.6937359
ImageLibrary : 0.6945371
MonarchPanel : 0.82129896
