InGameController : 0.78316456
InGameInputHandler : 0.7933541
