ReportLabourPanel : 0.69337153
LabourData : 0.71305317
