Unit : 0.6826281
Tile : 0.70394456
InGameController : 0.8008705
IndianBringGiftMission : 0.8034168
InGameInputHandler : 0.80204415
