Player : 0.68262804
AllTests : 0.67642623
ContactTest : 0.65318245
