Player : 0.68262804
ContactTest : 0.65272856
