Player : 0.82988095
AIPlayer : 0.84611017
IndianBringGiftMission : 0.8242141
PreGameController : 0.86313456
