Nation : 0.6903278
Canvas : 0.67362857
GUI : 0.6806877
InGameInputHandler : 0.68547237
FreeColLookAndFeel : 0.69085693
ReportForeignAffairPanel : 0.6684217
