FreeColTestCase : 0.84937346
AllTests : 0.8554512
