Player : 0.82988095
TradeRoute : 0.84383714
Unit : 0.6920777
PreGameController : 0.86313456
