AIInGameInputHandler : 0.8392815
MarketLabel : 0.8171477
