InGameInputHandler : 0.8083855
InGameController : 0.8457277
