FeatureContainer : 0.819255
MarketTest : 0.8903797
UnitTest : 0.7228293
