InGameController : 0.8295923
TransportMission : 0.82058334
