Colony : 0.6901364
ReportLabourPanel : 0.80393785
