Player : 0.82519925
Unit : 0.67204314
FreeColGameObject : 0.8334531
Europe : 0.77212685
GoodsContainer : 0.81096315
Tile : 0.68156385
Market : 0.8357396
Building : 0.6689119
Colony : 0.66900915
ClientOptions : 0.7880638
InGameController : 0.8112966
IndianSettlement : 0.83329153
InGameInputHandler : 0.81397283
SchoolTest : 0.7711694
PreGameController : 0.8293815
SimpleCombatModel : 0.75551254
ReportTurnPanel : 0.8218473
ModelMessageTest : 0.8198464
SoLTest : 0.7754903
