InGameController : 0.8112966
FreeColGameObject : 0.8334531
Market : 0.8357396
ReportTurnPanel : 0.8218473
