Player : 0.8482147
Colony : 0.6788982
Feature : 0.8676687
InGameController : 0.8023593
InGameInputHandler : 0.82009876
