FreeColServer : 0.6910422
Market : 0.68486667
PreGameController : 0.7115348
