GUI : 0.8305103
River : 0.82789093
