ServerPlayer : 0.80153877
ReportTurnPanel : 0.8179677
