River : 0.6897574
TileItemContainer : 0.70192313
TerrainGenerator : 0.7143023
