Player : 0.68262804
BuildQueue : 0.6608148
FreeColObject : 0.6772913
