Player : 0.68262804
UnitType : 0.6922247
