Map : 0.71015173
TerrainGenerator : 0.82133603
ServerRegion : 0.8489328
