Map : 0.7133078
TerrainGenerator : 0.822924
ServerRegion : 0.85213995
River : 0.8275094
