Map : 0.7140123
TerrainGenerator : 0.8228113
InGameController : 0.80323434
Canvas : 0.8292216
ServerRegion : 0.85387117
InGameInputHandler : 0.8198162
