Colony : 0.8571913
BuildingType : 0.70360917
ColonyPlan : 0.7070024
BuildingTest : 0.7293859
