Animation : 0.8127374
MapControls : 0.7020618
UnitMoveAnimation : 0.8372759
