TerrainGenerator : 0.8666871
LandGenerator : 0.8722496
