Modifier : 0.6788982
Tile : 0.82152957
InGameInputHandler : 0.69085383
IndianSettlement : 0.67821866
