Canvas : 0.67362857
RiverStylePanel : 0.65696216
CanvasMapEditorMouseListener : 0.6655919
MapEditorTransformPanel : 0.7073798
