NewPanel : 0.8241456
StartGamePanel : 0.8318484
ServerListPanel : 0.83332103
MainPanel : 0.8277512
VictoryPanel : 0.84178877
AboutAction : 0.85200554
AboutPanel : 0.7113841
ShowVictoryPanelSwingTask has been removed due to the repository version iteration
