Messages : 0.6222511
Canvas : 0.67197
SimpleCombatModel : 0.6839028
