TransportMission : 0.6904867
ReportRequirementsPanel : 0.65641814
