GUI : 0.6723331
UnitMoveAnimation : 0.6838144
InGameController : 0.6739142
