MapGeneratorOptions : 0.8249882
DifficultyLevel : 0.80859005
