ZoomOutAction : 0.68490005
ZoomInAction : 0.68080825
