GoldTradeItem : 0.8184157
StanceTradeItem : 0.8173959
