UserConnectionHandler : 0.84215224
PreGameController : 0.8456184
