MapGenerator : 0.8249882
TerrainGenerator : 0.8377969
MapGeneratorOptionsDialog : 0.8189365
