ColonyTile : 0.8125804
FoundingFatherTest : 0.74825096
