InGameInputHandler : 0.7115113
InGameController : 0.6812509
