InGameController : 0.8070935
FreeColDialog : 0.83331174
