InGameInputHandler : 0.81842536
InGameController : 0.7883835
StealLandMessage : 0.8370524
FreeColServer : 0.8652332
BuyLandMessage : 0.8571079
