FreeColServer : 0.8254794
MapGenerator : 0.813292
ConnectController : 0.8463139
ServerTest : 0.84268546
