Player : 0.79262215
FreeColGameObject : 0.8002552
Europe : 0.8603519
Colony : 0.6336912
SimpleCombatModel : 0.7286063
Building : 0.63687795
MessagesTest : 0.8004184
