Colony : 0.6901364
Tile : 0.70394456
FreeColGameObject : 0.8175829
SimpleCombatModel : 0.7565901
