Nation : 0.8268306
Playlist : 0.82067895
InGameController : 0.8008705
SoundLibrary : 0.70451504
FreeColClient : 0.83615625
