GUI : 0.8294151
MapControls : 0.7028902
ViewMode : 0.8370752
