InfoPanel : 0.8175917
MapControlsAction : 0.7118865
