InGameController : 0.8070935
ReportTurnPanel : 0.8288283
