AIMain : 0.8491967
DebugMenu : 0.8439593
