InGameController : 0.84338135
FreeColDialog : 0.82334965
