TileImprovementType : 0.7082819
TileTest : 0.6656793
