StatisticsMessage : 0.8529347
StatisticsPanel : 0.84077203
DebugMenu : 0.8439593
