FreeColDataFile : 0.82883835
FreeColSavegameFile : 0.83403504
