ImageLibrary : 0.77620965
ResourceManager : 0.6727674
ImageResource : 0.65692335
