FreeCol : 0.7930851
FreeColTcFile : 0.8427084
