GUI : 0.6806877
ImageProvider : 0.6858515
MapControls : 0.7945352
TileImprovementType : 0.69083536
RiverStylePanel : 0.65696216
