UnitType : 0.6922247
IndianBringGiftMission : 0.72031957
Monarch : 0.68889886
MapGenerator : 0.6789236
ColopediaPanel : 0.6688431
IndianDemandMission : 0.7116808
ReportUnitPanel : 0.6617987
