River : 0.6897574
InGameController : 0.6799647
GUI : 0.69081044
PlayerExploredTile has been removed due to the repository version iteration
InGameInputHandler : 0.7115113
TerrainGenerator : 0.7143023
MovementTest : 0.68166804
