IndianSettlement : 0.8304541
Goods : 0.68540853
UnitContainer : 0.8344336
TileItem : 0.8610591
Resource : 0.83630913
TileImprovement : 0.84008235
