MapGeneratorTest : 0.8208699
MapEditorController : 0.83766186
PreGameController : 0.8614765
ServerTest : 0.8373024
