UnitContainer : 0.8480735
FreeColDialog : 0.8403405
FeatureContainer : 0.8423928
