Canvas : 0.8294151
UnitMoveAnimation : 0.8382252
