PreGameInputHandler : 0.8379062
ServerTest : 0.8851328
