Colony : 0.7752814
InGameInputHandler : 0.703627
InGameController : 0.6728772
