Tile : 0.79548573
IndianSettlement : 0.6834811
SimpleCombatModel : 0.68089944
Europe : 0.6736164
AIPlayer : 0.6923097
