InGameController : 0.6728772
Canvas : 0.67197
