Specification : 0.82944083
IntegerOption : 0.85573506
BooleanOption : 0.8482816
