Tile : 0.79548573
UnitTest : 0.7736327
