Monarch : 0.7048714
MapGenerator : 0.72585344
