Game : 0.82988095
Tile : 0.70394456
Map : 0.6997166
Colony : 0.6901364
PlayerExploredTile has been removed due to the repository version iteration
