Unit : 0.6920777
FreeColObject : 0.8259462
ColonyTile : 0.8329843
Tile : 0.70430696
PlayerExploredTile has been removed due to the repository version iteration
IndianSettlement : 0.8304541
