InGameInputHandler : 0.7932921
InGameController : 0.7761349
