IndianSettlement : 0.8304541
InGameController : 0.8325632
