GoodsType : 0.82380486
IndianSettlement : 0.8285475
IndianBringGiftMission : 0.8093213
GoodsTest : 0.80655706
MapGenerator : 0.80118316
IndianDemandMission : 0.8237618
WorkLocationPlan : 0.846079
ColonyPlan : 0.8113232
