Colony : 0.7752814
GoodsType : 0.6973665
UnitType : 0.6922247
Europe : 0.6736164
BuildingType : 0.68539864
AIColony : 0.68394536
PioneeringMission : 0.6965913
UnitTest : 0.7736327
DragListener : 0.74287194
