InGameController : 0.7761349
InGameInputHandler : 0.7932921
