Modifier : 0.8572835
IndianDemandMission : 0.81776094
EquipmentType : 0.8526636
SimpleCombatModel : 0.7524233
