InGameInputHandler : 0.81166476
InGameController : 0.8239811
AIInGameInputHandler : 0.8207293
MonarchPanel : 0.81592596
