GoodsType : 0.68546176
ScoutingMission : 0.6904122
AIColony : 0.7086594
PioneeringMission : 0.6915133
