GoodsType : 0.68546176
GameOptions : 0.70825624
