Colony : 0.68974984
ColopediaPanel : 0.81079084
AIColony : 0.80480015
ReportProductionPanel : 0.82520616
BuildQueuePanel : 0.7986402
