ColonyPlan : 0.697041
AIColony : 0.70271677
ExportData : 0.70640534
AIPlayer : 0.7071656
