Monarch : 0.8166791
InGameController : 0.8008007
InGameInputHandler : 0.8020917
AIPlayer : 0.8105715
SimpleCombatModel : 0.75693303
StanceTradeItem : 0.82779604
PlayerTest : 0.7513516
