Colony : 0.7752814
Settlement : 0.6597131
GoodsType : 0.6973665
IndianSettlement : 0.6834811
Tile : 0.79548573
SimpleCombatModel : 0.68183464
