Tile : 0.69066304
GoodsType : 0.82426435
Unit : 0.68248
BuildingType : 0.84425396
UnitType : 0.8332184
TileImprovementType : 0.81941205
Specification : 0.8316062
PlayerExploredTile has been removed due to the repository version iteration
IndianSettlement : 0.81717986
Colony : 0.67217606
Player : 0.81758285
LostCityRumour : 0.0
