FreeColGameObject : 0.68248
Player : 0.68262804
Europe : 0.6736164
Colony : 0.7752814
IndianSettlement : 0.6834811
