Building : 0.8087952
Resource : 0.7063221
Market : 0.68779784
ColonyTile : 0.7156255
Map : 0.8128936
BuildableType : 0.68951243
IndianSettlement : 0.6962754
