InGameInputHandler : 0.81166476
AIInGameInputHandler : 0.8207293
InGameController : 0.8239811
MonarchPanel : 0.81592596
