IMapGenerator : 0.7890448
PreGameController : 0.8456184
MapGeneratorTest : 0.8099521
SaveLoadTest : 0.85616976
MapEditorController : 0.847556
AllTests : 0.83870363
FreeColTestCase : 0.8465407
NewEmptyMapAction : 0.84869945
MissionAssignmentTest : 0.837279
MockMapGenerator : 0.8400912
