Map : 0.6997166
InGameController : 0.8008007
