SaveLoadTest : 0.9100756
MissionAssignmentTest : 0.88906807
TransportMissionTest : 0.87740237
