Map : 0.6997166
Region : 0.8323364
River : 0.8145867
InGameController : 0.8008007
TerrainGenerator : 0.81217265
InGameInputHandler : 0.8020917
GameOptions : 0.82896197
MarketTest : 0.82382303
