MockMapGenerator : 0.78696454
MissionAssignmentTest : 0.82070553
