RangeOption : 0.8409268
OptionGroup : 0.83987945
