InGameController : 0.80214393
InGameInputHandler : 0.81853586
MapGeneratorTest : 0.79193866
