Region : 0.70013595
InGameController : 0.6858247
InGameInputHandler : 0.7115257
MapGeneratorTest : 0.68789864
