Region : 0.8272661
ReportExplorationPanel : 0.8162355
InGameMenuBar : 0.82958907
ReportCargoAction : 0.8467398
ReportExplorationAction : 0.8490127
ActionManager : 0.82947147
