RangeOption : 0.8409268
IntegerOption : 0.8470993
BooleanOption : 0.8320562
DifficultyLevel : 0.82825273
OptionGroup : 0.83987945
SpecificationTest : 0.85460526
