GameOptions : 0.84570575
SpecificationTest : 0.84612304
