UnitType : 0.6922247
SchoolTest : 0.6613683
