DemotionTest : 0.75622517
ReportUnitPanel : 0.790216
