EquipmentType : 0.69826126
UnitType : 0.8085963
SchoolTest : 0.74200654
CombatTest : 0.65169436
