EquipmentType : 0.72343177
AIPlayer : 0.7959052
SimpleCombatModel : 0.71520853
InGameController : 0.7992884
CombatTest : 0.6940506
