InGameController : 0.65437025
ChoiceItem : 0.81400895
ConnectController : 0.69701505
