EmigrationPanel : 0.6854368
InGameInputHandler : 0.6462078
