ColonyPanel : 0.74465173
InGameInputHandler : 0.8068213
