FreeColClient : 0.7661355
ActionManager : 0.76652044
ClientTestHelper : 0.64206755
