Unit : 0.6826281
Region : 0.83096576
SimpleCombatModel : 0.7562673
GoodsTest : 0.65943074
MarketTest : 0.82382303
MapGeneratorTest : 0.7824474
PreGameController : 0.6827392
