MapGeneratorOptions : 0.7150425
OptionGroupUI : 0.73027986
