SimpleCombatModel : 0.64895654
DemotionTest : 0.64555746
