Colony : 0.6799895
SimpleCombatModel : 0.7169486
CombatTest : 0.73120904
