AIColony : 0.7794535
LabourData : 0.7173755
