Player : 0.69114286
FreeColGameObjectType : 0.6920813
