FreeColClient : 0.72563213
SoundPlayer : 0.7411941
OptionMapUI : 0.7016949
ClientOptions : 0.71050817
OptionGroupUI : 0.68267787
AudioMixerOptionUI : 0.8491739
