FreeCol : 0.82559633
WindowedFrame : 0.8609028
