SoundPlayer : 0.73453474
FreeColClient : 0.76439005
