OptionUpdater : 0.88086987
ClientOptions : 0.67463154
FreeColAction : 0.7284363
FreeColActionUI : 0.7079716
AbstractOption : 0.77214265
RangeOptionUI : 0.768576
BooleanOptionUI : 0.9296101
SelectOptionUI : 0.9214993
AudioMixerOptionUI : 0.76688695
LanguageOptionUI : 0.75639844
OptionMapUI : 0.6964082
ClientOptionsDialog : 0.7169078
FileOptionUI : 0.73802423
IntegerOptionUI : 0.71478546
PercentageOptionUI : 0.7726226
OptionGroupUI : 0.68191725
MapGeneratorOptionsDialog : 0.7035506
GameOptionsDialog : 0.7018483
OptionGroupButton has been removed due to the repository version iteration
