InGameController : 0.76496476
UnitMoveAnimation : 0.69663846
InGameInputHandler : 0.75768924
