Player : 0.6831432
AbstractOption : 0.7855449
FreeColObject : 0.7053218
