Nation : 0.82687324
InGameController : 0.6616207
PlayerTest : 0.6793844
FreeColServer : 0.6864717
ReportUnitPanel : 0.66393125
AIPlayer : 0.6651812
InGameInputHandler : 0.65438
PreGameController : 0.6827392
