Colony : 0.6901364
FoundingFatherTest : 0.7768296
