Colony : 0.6901364
DebugMenu : 0.805102
