RandomChoice : 0.80143225
TerrainGenerator : 0.81970614
