Colony : 0.7752814
Tile : 0.79548573
