FreeColDialog : 0.69111174
SimpleCombatModel : 0.7565151
PreCombatDialog : 0.8327563
