Tile : 0.79548573
Europe : 0.6736164
Building : 0.79472035
IndianSettlement : 0.6834811
