InGameController : 0.7725407
DragListener : 0.74287194
