SelectOption : 0.77144605
LanguageOption : 0.6722539
SpecificationTest : 0.74430376
OptionGroup : 0.7112341
FileOption : 0.68170804
ClientOptions : 0.7568609
