ColopediaNationTypeAction : 0.6946144
ColopediaNationAction : 0.69233596
FeatureContainer : 0.6737498
InGameMenuBar : 0.7943332
MapEditorMenuBar : 0.7792953
ActionManager : 0.7625231
