IndianNationType : 0.69288635
ColopediaPanel : 0.7615449
