Europe : 0.6736164
InGameController : 0.7725407
