Unit : 0.79548573
TileItemContainer : 0.7015743
River : 0.81162274
MapGenerator : 0.7036494
TerrainGenerator : 0.7143023
MovementTest : 0.6846522
TileTypeTransform has been removed due to the repository version iteration
CombatTest : 0.6748753
