Specification : 0.73893803
GUI : 0.69081044
Stop has been removed due to the repository version iteration
GoodsWish : 0.796552
WorkerWish : 0.8114632
TileImprovementPlan : 0.6993236
FreeColServer : 0.7776156
MiniMap : 0.7859962
WorkLocationPlan : 0.7905605
MapEditorTransformPanel : 0.8021315
SpecificationTest : 0.7228388
