FreeColObject : 0.7926353
Feature : 0.7917493
Ability : 0.8230389
