FreeColGameObjectType : 0.71142596
BuildingType : 0.68255526
BuildableType : 0.7227897
