NationType : 0.7743387
FreeColObject : 0.7943996
FreeColGameObjectType : 0.77954125
BuildableType : 0.79167485
Nation : 0.78688073
TileType : 0.9604826
BuildingType : 0.9525629
FoundingFather : 0.66500586
EuropeanNationType : 0.7742545
IndianNationType : 0.78884655
EquipmentType : 0.7989314
TileImprovementType : 0.7842111
ResourceType : 0.7978402
