EquipmentType : 0.727778
Nation : 0.69577664
TileType : 0.71311176
FoundingFather : 0.7929179
BuildingType : 0.68255526
TileImprovementType : 0.72141653
ResourceType : 0.7124196
DifficultyLevel : 0.69667894
