FeatureContainer : 0.6878404
FreeColGameObjectType : 0.7194362
ResourceType : 0.7097986
BuildableType : 0.72090375
EquipmentType : 0.7100199
ModifierTest : 0.6720348
ColopediaPanel : 0.756652
FoundingFatherTest : 0.65874654
TileImprovementType : 0.7089287
