Feature : 0.8238903
Modifier : 0.79231334
Ability : 0.8273501
ResourceType : 0.8173815
TileType : 0.7895168
SimpleCombatModel : 0.75668573
FreeColGameObjectType : 0.81054014
TileImprovementType : 0.8230195
ColopediaPanel : 0.67029434
CombatTest : 0.76708555
FoundingFatherTest : 0.7754776
PreCombatDialog : 0.8060631
BonusOrPenalty : 0.0
