EquipmentType : 0.71130806
BuildableType : 0.72074044
