FreeColPanel : 0.78304857
ReportRequirementsPanel : 0.7502506
