BuildQueuePanel : 0.7988714
BuildQueueTest : 0.79404926
