Resource : 0.7062657
ResourceType : 0.6903683
TileImprovement : 0.8164902
TileImprovementType : 0.7098815
BuildableType : 0.69272196
EquipmentType : 0.7123099
ColopediaPanel : 0.76174814
FreeColGameObjectType : 0.6984301
TileItemContainer : 0.7011482
