Building : 0.8571913
BuildingType : 0.63992834
PreCombatDialog : 0.669496
Canvas : 0.66740584
ColonyTile : 0.81626314
ColopediaPanel : 0.78182405
DragListener : 0.7324032
ColonyTileProductionPanel : 0.66617346
FreeColPanel : 0.75689864
