SimpleCombatModel : 0.66967
TransportMission : 0.7944484
