TileItemContainer : 0.7006258
Modifier : 0.63905317
TileTest : 0.7911558
