RandomChoice : 0.82822645
InGameInputHandler : 0.65438
