ClientOptions : 0.70263344
FreeColClient : 0.71568334
MapControlsAction : 0.79635274
DisplayTileNamesAction : 0.80777794
DisplayTileOwnersAction : 0.81030536
DisplayRegionAction : 0.846014
