ColopediaPanel : 0.7830486
ReportTurnPanel : 0.78831637
NegotiationDialog : 0.77971846
ReportUnitPanel : 0.7689435
ReportRequirementsPanel : 0.73003495
ReportColonyPanel : 0.79748863
ReportProductionPanel : 0.7553513
