MapGeneratorOptions : 0.7632372
RangeOption : 0.70932925
FileOption : 0.68170804
SelectOption : 0.77144605
RangeOptionUI : 0.7021727
BooleanOption : 0.68662405
SelectOptionUI : 0.665101
OptionGroup : 0.7112341
TerrainGenerator : 0.68111527
MapGeneratorTest : 0.6675928
TransportMissionTest : 0.6733193
