Colony : 0.6901364
Ability : 0.8255695
