SelectOption : 0.78309715
MapGeneratorOptions : 0.7103167
SelectOptionUI : 0.7843259
RangeOptionUI : 0.8784096
OptionGroupUI : 0.69748014
OptionMapUI : 0.72420734
SpecificationTest : 0.8604231
