GotoAction : 0.82053125
CanvasMouseListener : 0.7761875
InGameMenuBar : 0.7175633
ActionManager : 0.7219172
CanvasMapEditorMouseListener : 0.6895638
CanvasKeyListener : 0.76249355
CanvasMouseMotionListener : 0.82662827
