PreGameController : 0.8123471
FreeColClient : 0.76439005
MoveTest : 0.70009756
