IndianAIPlayer : 0.84207433
NewAIPlayer : 0.823772
REFAIPlayer : 0.839222
ColonialAIPlayer : 0.8185178
