InGameInputHandler : 0.64078265
GoodsContainer : 0.6539438
InGameController : 0.6571391
IndianSettlementPanel : 0.6824498
