TileType : 0.65442616
Unit : 0.79548573
Map : 0.8128936
MapGenerator : 0.7036494
InGameController : 0.7800654
TerrainGenerator : 0.7143023
