InGameInputHandler : 0.64078265
InGameController : 0.6571391
