UnitType : 0.8085963
ReportLabourPanel : 0.7669274
FoundingFatherTest : 0.65253156
ScoutingMission : 0.78105503
AbstractUnitTest : 0.6718598
