ClientOptions : 0.70263344
DisplayTileEmptyAction : 0.8545875
DisplayTileRegionsAction : 0.8555665
DisplayTileNamesAction : 0.80777794
DisplayTileOwnersAction : 0.81030536
InGameMenuBar : 0.7175633
MapEditorMenuBar : 0.7125519
ActionManager : 0.7219172
FreeColMenuBar : 0.72371805
