UnitType : 0.8085963
ReportLabourPanel : 0.7669274
ScoutingMission : 0.78105503
FoundingFatherTest : 0.6523117
AbstractUnitTest : 0.67196006
UnitTest : 0.7736327
