FreeCol : 0.8331288
Canvas : 0.84458166
Server : 0.7011829
InGameController : 0.66908
Client : 0.8646849
FreeColServer : 0.72726595
ResourceManager : 0.8495937
ConnectController : 0.7218881
PreGameInputHandler : 0.703057
ReceivingThread : 0.86967486
SoundPlayerThread has been removed due to the repository version iteration
MetaServer : 0.73856014
Worker : 0.8500561
AIInGameInputHandler : 0.6913576
MetaRegister : 0.70794386
MapEditorController : 0.7123325
ScrollThread has been removed due to the repository version iteration
