ColonyTileProductionPanel : 0.81830937
BuildingProductionPanel : 0.81830937
