SimpleCombatModel : 0.7598322
DemotionTest : 0.7686524
InGameInputHandler : 0.65438
