Building : 0.8571913
ColonyPanel : 0.78556925
