InGameInputHandler : 0.7901571
ServerModelController : 0.8294844
ClientModelController : 0.8221737
