Mission : 0.7879352
WishRealizationMission : 0.76055366
ScoutingMission : 0.78105503
UnitSeekAndDestroyMission : 0.7680073
BuildColonyMission : 0.76875097
ColonyPanel : 0.7475859
AIPlayer : 0.77720344
DefendSettlementMission : 0.75673175
PioneeringMission : 0.7856228
InGameInputHandler : 0.77031785
InGameController : 0.7725407
NewAIPlayer : 0.6896666
OutsideColonyPanel has been removed due to the repository version iteration
EuropeanAIPlayer : 0.6899671
DefaultTransferHandler : 0.7492497
ColonialAIPlayer : 0.6702599
REFAIPlayer : 0.7096289
ChangeAction : 0.79634213
