PioneeringMission : 0.786704
AIPlayer : 0.7960118
