InGameInputHandler : 0.8068213
FreeColObject : 0.6566663
