Game : 0.76520425
InGameController : 0.77090824
InGameInputHandler : 0.77822006
