TradeRouteAction : 0.66392463
ClearOrdersAction : 0.6655663
RenameAction : 0.6675655
InGameMenuBar : 0.79559106
ActionManager : 0.7590384
UnloadAction : 0.6607753
LoadAction : 0.695465
