CombatModel : 0.6977807
SimpleCombatModel : 0.68463606
InGameController : 0.7725407
CombatTest : 0.6591746
InGameInputHandler : 0.77031785
TransportMissionTest : 0.6689833
