Market : 0.9184584
MarketData : 0.82021546
PreGameInputHandler : 0.62790924
PreGameController : 0.6571484
