Turn : 0.69831866
Unit : 0.6826281
Region : 0.830984
InGameController : 0.6616207
ActionManager : 0.72781354
InGameInputHandler : 0.65438
Canvas : 0.8095665
MapGeneratorTest : 0.7824474
InGameMenuBar : 0.70919126
ReportHistoryPanel : 0.80179733
ReportHistoryAction : 0.83974993
