Region : 0.8307966
InGameController : 0.6616207
InGameInputHandler : 0.65438
