IndianSettlement : 0.67821866
Settlement : 0.6799895
IndianSettlementTest : 0.719034
