Server : 0.80202895
FreeColServer : 0.7879788
