IndianSettlement : 0.6834811
SimpleCombatModel : 0.68463606
BuildableType : 0.6844215
CombatTest : 0.6604369
AIPlayer : 0.77720344
ScoutingMission : 0.78105503
MovementTest : 0.67039436
InGameController : 0.7725407
DemotionTest : 0.6620707
IndianSettlementTest : 0.70341474
UnitTest : 0.7736327
