UnitTest : 0.74028844
IndianSettlementTest : 0.8385693
MapTest : 0.830664
MarketTest : 0.84937346
GameTest : 0.8566551
