GoodsTest : 0.69718975
SchoolTest : 0.6537106
CombatTest : 0.82397735
TileTest : 0.7259027
FoundingFatherTest : 0.8264098
GoodsContainerTest : 0.80694807
MovementTest : 0.8393877
BuildQueueTest : 0.83356583
BuildingTest : 0.6634163
ModelMessageTest : 0.83389854
SoLTest : 0.82170707
