UnitTest : 0.74554735
SpecificationTest : 0.8678702
