Tension : 0.6859397
AllTests : 0.8230709
PlayerTest : 0.6793844
DiplomaticTradeTest : 0.7189402
