PlayerTest : 0.6793844
DiplomaticTradeTest : 0.71937096
