ColonyPanel : 0.78556925
ColonyProductionTest : 0.6991041
