IndianAIPlayer : 0.70446354
MissionAssignmentTest : 0.69750607
