InGameInputHandler : 0.65438
InGameController : 0.6616207
REFTest : 0.7952665
AllTests : 0.8230709
