Building : 0.6911429
Colony : 0.6901364
