InGameController : 0.7725407
InGameInputHandler : 0.77031785
Canvas : 0.67197
