ModelMessage : 0.69546914
SimpleCombatModel : 0.7573919
