InGameController : 0.65437025
HighScore : 0.83049345
InGameInputHandler : 0.6462078
ActionManager : 0.72649145
FreeColServer : 0.6907849
ReportForeignAffairPanel : 0.65278083
MainPanel : 0.8277512
ReportHighScoresAction : 0.8496722
InGameMenuBar : 0.72234625
RetireAction : 0.8500891
ReportHighScoresPanel : 0.82113427
