HighScore : 0.8441348
FreeColServer : 0.6864717
InGameController : 0.6616207
InGameInputHandler : 0.65438
Canvas : 0.8095665
MainPanel : 0.8002954
FreeColClient : 0.70601875
ReportHighScoresAction : 0.83492345
RetireAction : 0.8323481
ReportHighScoresPanel : 0.77830416
