Canvas : 0.83050615
InGameInputHandler : 0.67335755
