FreeColServer : 0.7104082
ReportHighScoresPanel : 0.7989476
