InGameController : 0.65437025
EventPanel : 0.72380126
