StringOption : 0.69896436
Europe : 0.7029894
DifficultyLevel : 0.7012856
FreeColTestCase : 0.70136315
PreGameController : 0.7702167
