InGameController : 0.7600037
RandomChoice : 0.6972982
