Player : 0.68262804
IndianSettlementTest : 0.6963586
