Monarch : 0.6846734
IndianSettlement : 0.83545893
InGameController : 0.6616207
InGameInputHandler : 0.65438
SimpleCombatModel : 0.75804275
DefaultCostDecider : 0.67251116
