UnitWanderHostileMission : 0.6926732
AIPlayer : 0.6676183
