IndianSettlement : 0.6962754
GUI : 0.69081044
