Colony : 0.638479
IndianSettlement : 0.78641343
Settlement : 0.76403636
