Colony : 0.7752814
AIColony : 0.73685163
Building : 0.79472035
ColonyTile : 0.7786773
