FindColonyAction : 0.84646493
ActionManager : 0.72649145
InGameMenuBar : 0.72234625
