Canvas : 0.69111174
InformationDialog : 0.7014287
