Tile : 0.79548573
TileImprovementType : 0.6925066
TileType : 0.64427674
Player : 0.68262804
IndianSettlement : 0.6834811
ColonyTile : 0.7786773
Resource : 0.69336265
TileItemContainer : 0.6787688
TileTest : 0.76460904
ResourceType : 0.6804971
InGameController : 0.7725407
ColonyPlan : 0.76342756
WorkLocationPlan : 0.7764323
MapGenerator : 0.6789236
InformationDialog : 0.6664504
TilePanel : 0.76341224
TileInfoPanel has been removed due to the repository version iteration
ColonyTileProductionPanel : 0.6871446
