Feature : 0.8547191
ScopeTest : 0.8270384
