ColopediaResourceAction : 0.69052017
InGameMenuBar : 0.7943332
ActionManager : 0.7625231
