FreeCol : 0.7989043
AIMain : 0.6896243
