GotoAdjacentGoal : 0.8023774
ManageMissionariesGoal : 0.8018441
CreateMissionAtSettlementGoal : 0.80115587
