AIUnit : 0.69298476
ColonialAIPlayer : 0.78516024
CreateMissionAtSettlementGoal : 0.8007623
MapGenerator : 0.7896215
ManageMissionariesGoal : 0.80123
