InGameInputHandler : 0.78625786
TerrainGenerator : 0.7143023
