StandardAIPlayer : 0.694347
InGameInputHandler : 0.7879788
AIPlayer : 0.77828074
VictoryPanel : 0.7881102
