Canvas : 0.8294151
TilePanel : 0.69266754
