DisplayBordersAction : 0.8450622
ClientOptions : 0.70263344
ActionManager : 0.7219172
InGameMenuBar : 0.7175633
