FreeColTcFile : 0.8307209
FreeColDataFile : 0.8280238
FreeColModFile : 0.8316429
