InGameInputHandler : 0.61209106
ConnectController : 0.6809448
