ListOptionUI : 0.72011846
ClientOptions : 0.784791
OptionMapUI : 0.79611886
ClientOptionsDialog : 0.8235318
OptionGroupUI : 0.78915423
