ProductionLabel : 0.7016458
UnitLabel : 0.66996163
ProductionMultiplesLabel : 0.8421302
