ClientOptions : 0.6987174
FindColonyDialog : 0.84893143
FindColonyAction : 0.84466803
