OutForAnimationCallback : 0.7399276
UnitMoveAnimation : 0.8389959
UnitImageAnimation : 0.84295785
