ColonyPanel : 0.725578
ProductionMultiplesLabel : 0.6951614
ProductionLabel : 0.7470774
