InGameController : 0.76379585
Animations : 0.7209669
