ProductionMultiplesLabel : 0.7308431
UnitLabel : 0.7761487
