BuildingPanel : 0.706611
ReportReligiousPanel : 0.68487203
