Europe : 0.77924865
GoodsType : 0.7799036
Building : 0.6911429
Colony : 0.6901364
FeatureContainer : 0.8162389
Specification : 0.69017977
ColonyPanel : 0.66356045
InGameController : 0.6616207
InGameInputHandler : 0.65438
ReportProductionPanel : 0.65266025
DebugCrossBugAction : 0.79085916
DebugMenu : 0.805102
ColonyProductionTest : 0.81468195
ReportReligiousPanel : 0.77272457
RecruitDialog : 0.6754103
ReportContinentalCongressPanel : 0.6334561
SoLTest : 0.7889607
ColonyTest : 0.7740442
