FreeColServer : 0.78961104
InGameInputHandler : 0.8068213
