InGameInputHandler : 0.8068213
BuyLandMessage : 0.6795265
StealLandMessage : 0.6795118
RenameMessage : 0.66895103
SetDestinationMessage : 0.6668585
BuildColonyMessage : 0.6748588
