Player : 0.68262804
Monarch : 0.76776975
InGameInputHandler : 0.77031785
InGameController : 0.7725407
IndianBringGiftMission : 0.7890415
NewAIPlayer : 0.6896666
ColonialAIPlayer : 0.6702599
StandardAIPlayer : 0.6913633
TensionTest : 0.670983
ContactTest : 0.6505154
StanceTradeItemPanel has been removed due to the repository version iteration
