FreeColDialog : 0.66834784
StartGamePanel : 0.6954968
MainPanel : 0.8866854
