FreeColDialog : 0.69111174
ChoiceItem : 0.81400895
ScaleMapAction : 0.7278399
NewEmptyMapAction : 0.7404496
DetermineHighSeasAction : 0.7313635
