BuildableType : 0.6953442
InGameController : 0.77090824
InGameInputHandler : 0.77822006
BuildQueuePanel : 0.6442053
