ColonyTile : 0.6640316
ColonyPanel : 0.67572784
TilePanel : 0.6910694
