Building : 0.8571913
ColonyTile : 0.81626314
GoodsContainer : 0.77192736
ColonyPanel : 0.78556925
UnitLabel : 0.7809902
WarehousePanel has been removed due to the repository version iteration
BuildingPanel : 0.70810026
AIColony : 0.77974993
DragListener : 0.7324032
