ReportMilitaryPanel : 0.7256932
ReportUnitPanel : 0.7935794
