SelectAmountDialog : 0.71645343
FindColonyDialog : 0.84893143
DefaultTransferHandler : 0.6734159
