InGameController : 0.65437025
DefaultTransferHandler : 0.6734159
