PreCombatDialog : 0.8455775
InGameController : 0.65437025
