Server : 0.67592055
ServerMap : 0.83349067
UserInputHandler : 0.8333784
