InGameController : 0.6869557
InputHandler : 0.7583709
PreGameInputHandler : 0.71514577
PreGameController : 0.71365166
InGameInputHandler : 0.68032247
