FreeColServer : 0.6986168
FreeCol : 0.8331791
FreeColDataFile : 0.8675917
ConnectController : 0.6833205
MapGenerator : 0.81664515
