Nation : 0.70716625
ConnectController : 0.7613864
UserConnectionHandler : 0.7720781
SpecificationTest : 0.74430376
