GUI : 0.6910417
ImageProvider : 0.69549173
