Tile : 0.67661303
Player : 0.8023046
IndianSettlement : 0.8117399
Colony : 0.6799895
Game : 0.66161215
Canvas : 0.79275817
InGameController : 0.64508045
GUI : 0.80424565
MapGenerator : 0.7703602
IndianSettlementBuilder has been removed due to the repository version iteration
BuildColonyMission : 0.6665413
SimpleCombatModel : 0.7165177
PreCombatDialog : 0.8002151
