Canvas : 0.8294151
IndianSettlementPanel : 0.6695207
TilePopup : 0.8156887
