FreeColServer : 0.69902694
FreeCol : 0.83445036
OptionMap : 0.7332391
