Game : 0.6831432
InGameController : 0.6616207
UnitTest : 0.72560066
PlayerTest : 0.6793844
