Game : 0.6831432
InGameController : 0.6616207
PlayerTest : 0.6793844
