ServerGame : 0.77048767
FreeColServer : 0.8153471
MapGeneratorTest : 0.6799647
FreeColTestCase : 0.7184055
MapGenerator : 0.68649244
GameTest : 0.74480593
