EventPanel : 0.72380126
InGameController : 0.65437025
