FreeColGameObject : 0.80777794
ServerGame : 0.77048767
