GoodsForSaleMessage : 0.6861636
InGameInputHandler : 0.8068213
FreeColServer : 0.78961104
