CloseTransactionMessage : 0.672175
GetTransactionMessage : 0.67848974
