Server : 0.6756241
InGameMessageHandler : 0.6740862
ServerMap : 0.7896935
InGameNetworkListener : 0.75797486
ServerMessageCreator : 0.8127684
DefaultInGameNetworkListener : 0.66617155
