CompactLabourReport : 0.6970507
ClientOptions : 0.7737537
ReportLabourAction : 0.67613906
ReportLabourDetailPanel : 0.78420687
