Tile : 0.8313116
ImageLibrary : 0.6946371
MapControls : 0.6910984
ImageProvider : 0.7695499
