FreeColClient : 0.7202899
Video : 0.8415984
ResourceManager : 0.8354699
VideoComponent : 0.8391447
ResourceFactory : 0.82873267
VideoResource : 0.8465888
