ReportProductionPanel : 0.7768596
ActionManager : 0.8375214
ReportProductionAction : 0.7393133
