AIColonyTest : 0.6410998
AllTests : 0.62979734
ColonyPlanTest : 0.6470462
