TileImprovementType : 0.6925066
SimpleCombatModel : 0.6833589
FreeColClient : 0.7590449
AIColony : 0.73685163
TypeCountMap : 0.6960661
DemotionTest : 0.6624287
DragListener : 0.74287194
REFAIPlayer : 0.7096289
UnitInfoPanel has been removed due to the repository version iteration
ScoutingMissionTest : 0.71135163
