IndianSettlement : 0.6834811
InGameController : 0.7725407
InGameInputHandler : 0.77031785
SimpleCombatModel : 0.6833589
