ReportLabourPanel : 0.7989257
ReportTradePanel : 0.7959616
ReportTurnPanel : 0.79675436
ReportLabourDetailPanel : 0.7894689
ReportRequirementsPanel : 0.7384617
ReportReligiousPanel : 0.73086333
ReportColonyPanel : 0.8113872
