Server : 0.6761433
UserInputHandler : 0.8226607
GUI : 0.84522325
