Server : 0.6777504
UserInputHandler : 0.8234823
GUI : 0.84574354
ServerGame : 0.67404133
ClientGame : 0.67854583
ServerMap : 0.8092595
DefaultInGameNetworkListener : 0.6721838
ScrollThread has been removed due to the repository version iteration
