DumpCargoDialog : 0.8334424
CanvasMapEditorMouseListener : 0.68526435
