SetDestinationMessage : 0.6675644
BuildColonyMessage : 0.67787915
RenameMessage : 0.6707729
