FreeCol : 0.729859
FreeColClient : 0.7723365
Canvas : 0.7560612
VideoComponent : 0.78488594
FreeColMenuTest : 0.74353385
ClientTestHelper : 0.7399652
