InGameMenuBar : 0.74110705
ActionManager : 0.7618896
FindSettlementDialog : 0.84003735
