TradeRoute : 0.7060875
TradeRouteDialog : 0.70560557
