NationOptions : 0.82017356
Game : 0.6831432
Canvas : 0.8095665
FreeColServer : 0.6864717
StartGamePanel : 0.70425254
ConnectController : 0.67660993
PreGameController : 0.6827392
FreeColTestCase : 0.82899976
UserConnectionHandler : 0.67553717
PreGameInputHandler : 0.670834
GameTest : 0.8047174
ClientTestHelper : 0.8085404
NationStateRenderer has been removed due to the repository version iteration
