Canvas : 0.69117415
UserInputHandler : 0.69897705
UnitButton : 0.79575884
