WorkLocation : 0.7006758
UnitTest : 0.7736327
