Server : 0.67208564
Canvas : 0.8291266
MapListener : 0.803993
DefaultInGameNetworkListener : 0.657508
ClientGame : 0.66618794
InGameNetworkListener : 0.7904894
InGameMessageHandler : 0.68854594
UserInputHandler : 0.79959124
ReceivingThread : 0.85605407
