UnitType : 0.8085963
InGameController : 0.7725407
InGameInputHandler : 0.77031785
UnitTest : 0.7736327
