Colony : 0.7752814
Settlement : 0.6597131
