InGameController : 0.7725407
UpdateCurrentStopMessage : 0.690684
