InGameController : 0.6682712
InGameInputHandler : 0.666805
DiplomaticTrade : 0.7261907
AIInGameInputHandler : 0.69250476
GoodsTradeItem : 0.81866246
StanceTradeItem : 0.818898
GoldTradeItem : 0.81524515
ColonyTradeItem : 0.7929882
UnitTradeItem : 0.81277066
