MarketTest : 0.70137703
UnitTest : 0.7733882
ServerGame : 0.77048767
