Map : 0.7848042
Tile : 0.7025607
InGameNetworkListener : 0.72334254
ServerMessageCreator : 0.68773633
InGameMessageHandler : 0.78027165
ClientGame : 0.7751996
DefaultInGameNetworkListener : 0.7962539
DragListener : 0.63404787
