Game : 0.6831432
InGameController : 0.6616207
InGameInputHandler : 0.65438
