InGameController : 0.6616207
DeclareIndependenceMessage : 0.8166271
Monarch : 0.6846734
ConfirmDeclarationDialog : 0.82520294
ReportHighScoresPanel : 0.7840435
