Tile : 0.70394456
TypeCountMap : 0.84454477
