StartGamePanel : 0.76835394
PreGameInputHandler : 0.7558744
