Client : 0.68988377
Goods : 0.77106404
EuropePanel : 0.76423264
Canvas : 0.6722474
ImageLibrary : 0.7779794
ClientMessageHandler : 0.6621146
PanelContainer : 0.7085411
Server : 0.77367115
DragListener : 0.72749764
ClientMessageCreator : 0.67331517
UnitLabel : 0.7317554
