ModelMessage : 0.69546914
InGameController : 0.6616207
ServerPlayer : 0.8476198
Introspector : 0.7970359
AIPlayer : 0.6651812
ServerModelController : 0.68836164
AIInGameInputHandler : 0.6731098
InGameInputHandler : 0.65438
REFAIPlayer : 0.80807155
DeclareIndependenceMessage : 0.80976963
