Market : 0.8176771
MarketData : 0.8488564
