NewEmptyMapAction : 0.7998766
MapEditorController : 0.8129368
MapEditorMenuBar : 0.7936145
