Server : 0.7683479
UserInputHandler : 0.67711234
