InGameController : 0.7725407
IndianBringGiftMission : 0.7890415
InGameInputHandler : 0.77031785
GetTransactionMessage : 0.68686104
IndianDemandMission : 0.77786934
BuyPropositionMessage : 0.68621325
CloseTransactionMessage : 0.67998844
SellPropositionMessage : 0.68756825
