Player : 0.70394456
GUI : 0.69081044
