Client : 0.6896743
Canvas : 0.6765145
Server : 0.7739801
ClientMessageHandler : 0.66531104
ClientMessageCreator : 0.6775273
