InGameController : 0.7725407
BuildColonyMessage : 0.6902629
InGameInputHandler : 0.77031785
