Player : 0.70394456
GUI : 0.69081044
BuildColonyMission : 0.79862696
DebugMenu : 0.68280333
