UnitType : 0.8085963
UnitTypeChange : 0.6944861
InGameController : 0.7725407
ServerPlayer : 0.69076717
InGameInputHandler : 0.77031785
SimpleCombatModel : 0.6833589
DemotionTest : 0.6624287
DragListener : 0.74287194
