UnitTypeChange : 0.7109149
AllTests : 0.7062292
UnitTypeChangeTest : 0.6982347
