DragListener : 0.74287194
UnitTest : 0.7736327
