DisembarkMessage : 0.6903534
InGameController : 0.7725407
InGameInputHandler : 0.77031785
TransportMission : 0.7660022
