SimpleCombatModel : 0.6833589
FoundingFatherTest : 0.65529734
CombatTest : 0.66452634
IndianSettlementTest : 0.69564086
