SimpleCombatModel : 0.6831258
FoundingFatherTest : 0.66008294
CombatTest : 0.66754276
IndianSettlementTest : 0.69141084
