InGameController : 0.65437025
InGameInputHandler : 0.6462078
