Mission : 0.7879352
InGameController : 0.7725407
TransportMission : 0.7660022
CombatTest : 0.66754276
ScoutingMission : 0.78105503
PioneeringMission : 0.7856228
TilePopup : 0.6734963
MovementTest : 0.67015266
