GUI : 0.65137815
DebugForeignColonyMessage : 0.68120384
InGameInputHandler : 0.8068213
CanvasMouseListener : 0.6519999
