Map : 0.78321993
Tile : 0.70125735
Client : 0.6881807
Colony : 0.71204966
GUI : 0.6768877
UnitButton : 0.79824394
ImageLibrary : 0.7765987
Server : 0.777732
InGameMessageHandler : 0.7832842
ClientMessageCreator : 0.67417836
ClientMessageHandler : 0.66203487
MapControls : 0.7759193
