Tile : 0.79548573
IndianSettlement : 0.6834811
Player : 0.68262804
InGameController : 0.7725407
Settlement : 0.6597131
ServerPlayer : 0.69076717
ColonyTile : 0.7786773
InGameInputHandler : 0.77031785
MapGenerator : 0.6789236
MapTest : 0.6728821
UnitTest : 0.7736327
FoundingFatherTest : 0.66008294
MovementTest : 0.67015266
ContactTest : 0.6505154
DefaultCostDeciderTest : 0.7017239
TensionTest : 0.670983
ScoutingMissionTest : 0.71135163
ClaimLandMessage : 0.68363905
