Canvas : 0.8095665
Europe : 0.77924865
InGameController : 0.6616207
InGameInputHandler : 0.65438
PreGameController : 0.6827392
