Unit : 0.6826281
IndianSettlement : 0.83545893
PlayerTest : 0.6793844
UnitTest : 0.72560066
