GameOptions : 0.80660295
SpecificationTest : 0.7172742
SchoolTest : 0.8040732
