Ability : 0.8392303
Modifier : 0.7899071
Colony : 0.68156457
Settlement : 0.8104767
CombatTest : 0.77875465
IndianSettlement : 0.83161837
Specification : 0.68995637
FreeColGameObjectType : 0.82567316
SimpleCombatModel : 0.7617285
PreCombatDialog : 0.83462024
