Colony : 0.7779159
Modifier : 0.67310923
FreeColGameObjectType : 0.719809
