ImageLibrary : 0.77461916
GUI : 0.69081044
TerrainGenerator : 0.7143023
