Tile : 0.79548573
GameOptions : 0.8026565
ServerPlayer : 0.69076717
InGameInputHandler : 0.77031785
