VideoComponent : 0.8374242
FreeColClient : 0.7202899
