Server : 0.66684884
ServerMap : 0.78550273
DefaultInGameNetworkListener : 0.68713695
ClientGame : 0.6681969
MapGenerator : 0.80059326
