ColonyTile : 0.8093081
InGameController : 0.7692982
InGameInputHandler : 0.77031356
