GoodsLabel : 0.8740616
UnitLabel : 0.8646726
DragListener : 0.8054936
DefaultTransferHandler : 0.81104845
