WindowedFrame : 0.8387554
FullScreenFrame : 0.8410282
FreeCol : 0.81270915
