UnitSeekAndDestroyMission : 0.82688224
IndianDemandMission : 0.8307767
UnitWanderHostileMission : 0.8418856
DefendSettlementMission : 0.81422997
