TransportMission : 0.68744224
Mission : 0.7052722
AllTests : 0.8215991
AIUnit : 0.70314837
CombatTest : 0.8293232
StandardAIPlayer : 0.83628494
PrivateerMissionTest : 0.82669
ColonialAIPlayer : 0.82451624
