SoundLibrary : 0.7210647
SfxLibrary : 0.82055986
MusicLibrary : 0.82024705
