BuildQueuePanel : 0.6442053
InGameController : 0.77090824
