Colony : 0.7752814
FreeColTestCase : 0.7016628
ServerPlayerTest : 0.63718194
