Modifier : 0.67310923
Colony : 0.7779159
