AIColony : 0.83392644
TilePopup : 0.6536157
