PlayerTest : 0.6793844
PreGameController : 0.6827392
GameTest : 0.8047174
