ContactTest : 0.851835
FoundingFatherTest : 0.84252787
MovementTest : 0.8610687
ScoutingMissionTest : 0.8398299
