MissionAssignmentTest : 0.8399739
GoodsTest : 0.69718975
MapTest : 0.830664
ColonyConsumptionTest : 0.8499259
TileTest : 0.7259027
