ColonyPanel : 0.68541497
Canvas : 0.8277972
ImageLibrary : 0.70711446
Server : 0.70467496
ClientMessageHandler : 0.7929315
UserInputHandler : 0.8273436
GUI : 0.8297599
SoundPlayer : 0.706254
DefaultTransferHandler : 0.70728886
DragListener : 0.6804104
