Canvas : 0.67197
InGameController : 0.7725407
