InGameInputHandler : 0.65438
InGameController : 0.6616207
PreGameController : 0.6827392
