InGameController : 0.65437025
GUI : 0.8294151
FullScreenFrame : 0.8409092
ColonyPanel : 0.67572784
FreeColMenuBar : 0.7247018
MapControls : 0.7028902
ColopediaPanel : 0.6736824
EuropePanel : 0.6814448
PreGameController : 0.6829943
FreeColClient : 0.7202899
DragListener : 0.6685586
MapEditorController : 0.69895643
ClientOptionsDialog : 0.72126985
UpdateMenuBarSwingTask has been removed due to the repository version iteration
