Map : 0.8128936
GUI : 0.69081044
