Unit : 0.6826281
FreeColGameObject : 0.6910396
CashInTreasureTrainMessage : 0.83138347
InGameController : 0.6616207
