Map : 0.7868097
Location : 0.71008885
