InGameInputHandler : 0.8068213
DisembarkMessage : 0.6731854
CashInTreasureTrainMessage : 0.68705934
BuildColonyMessage : 0.678924
ClaimLandMessage : 0.6777331
