Message : 0.67579615
JoinColonyMessage : 0.67981565
InGameController : 0.7725407
InGameInputHandler : 0.77031785
BuildColonyAction : 0.6668561
