UserInputHandler : 0.8250322
TilePopup : 0.82671505
