ColonyTile : 0.8093081
AIColony : 0.7794535
ColonyPlan : 0.8186538
