Market : 0.8176771
MarketData : 0.8488564
MarketTest : 0.82382303
InGameController : 0.6616207
InGameInputHandler : 0.65438
ServerPlayerTest : 0.7866306
