TileImprovementPlan : 0.7278678
WorkLocationPlan : 0.7941892
Wish : 0.73290443
GoodsWish : 0.8265636
WorkerWish : 0.85985667
ColonyPlan : 0.74217224
TileTest : 0.74873424
AIColony : 0.72292215
EuropeanAIPlayer : 0.7009296
ColonialAIPlayer : 0.6770148
StandardAIPlayer : 0.69842666
ValuedAIObject : 0.7568619
