AIColony : 0.83392644
ColonyPlanTest : 0.6755552
