Europe : 0.6736164
ColonyTile : 0.7786773
Tile : 0.79548573
Building : 0.79472035
Colony : 0.7752814
PlayerTest : 0.7738805
