AIColony : 0.77974993
InGameInputHandler : 0.77822006
