Location : 0.6863767
Tile : 0.8209645
InGameNetworkListener : 0.73343515
Colony : 0.696844
Europe : 0.7008988
LocationTest : 0.8067088
DefaultInGameNetworkListener : 0.8159046
