AIColony : 0.73685163
AIColonyTest : 0.669442
