StandardAIPlayer : 0.80115134
IndianSettlementTest : 0.76694554
