TileType : 0.65442616
ResourceType : 0.6987887
TileTest : 0.7911558
