StandardAIPlayer : 0.69119114
AIColony : 0.73685163
StandardAIPlayerTest : 0.67104274
AllTests : 0.67642623
UnitTest : 0.7736327
