AIColony : 0.757821
AIColonyTest : 0.6847464
