ModelController : 0.7011266
ClientModelController : 0.78804344
ServerModelController : 0.7922079
MockModelController : 0.6809597
