PioneeringMission : 0.786704
StandardAIPlayer : 0.66094613
ColonialAIPlayer : 0.6635904
