BuildingSiteToolTip : 0.6936493
BuildingSitePanel : 0.68079644
