FreeColClient : 0.76439005
SaveAction : 0.62097514
