GUI : 0.7937421
ManageMissionariesGoal : 0.8008762
CreateMissionAtSettlementGoal : 0.7997135
GotoAdjacentGoal : 0.7992164
