FreeColServer : 0.660998
ColopediaPanel : 0.6332152
FreeColDataFile : 0.8338352
