ColopediaPanel : 0.6332152
FreeColServer : 0.660998
FreeColDataFile : 0.8338352
