InGameInputHandler : 0.77031785
InGameController : 0.7725407
