Player : 0.68262804
InGameController : 0.7725407
EventPanel : 0.787205
ServerPlayer : 0.69076717
Region : 0.6884773
InGameInputHandler : 0.77031785
DiplomacyMessage : 0.6802905
EuropePanel : 0.7693424
ContactTest : 0.6505154
ToAmericaPanel has been removed due to the repository version iteration
IndianSettlementTest : 0.69141084
AIInGameInputHandler : 0.7661723
TensionTest : 0.670983
MoveMessage : 0.6854846
NewLandNameMessage : 0.68046784
NewRegionNameMessage : 0.6891744
