DisplayBordersAction : 0.8489922
DisplayGridAction : 0.8134723
