IndianSettlement : 0.6834811
ServerModelController : 0.7922079
FreeColServer : 0.77114993
