IndianSettlement : 0.6571391
InGameInputHandler : 0.8068213
DemandTributeMessage : 0.67810833
