ColonyTile : 0.7786773
Building : 0.79472035
GUI : 0.6723331
EuropePanel : 0.7693424
AIColony : 0.73685163
WorkProductionPanel : 0.0
DisplayBordersAction : 0.68129236
DisplayGridAction : 0.6515739
DragListener : 0.74287194
EuropeButton has been removed due to the repository version iteration
