InGameController : 0.7725407
InGameInputHandler : 0.77031785
EmbarkMessage : 0.68419874
UnitTest : 0.7736327
ServerPlayerTest : 0.63718194
MissionAssignmentTest : 0.6959406
