ColonyTradeItem : 0.7929882
InGameInputHandler : 0.666805
NegotiationDialog : 0.6899005
