InGameController : 0.7800654
InGameInputHandler : 0.78625786
AskSkillMessage : 0.7126919
LearnSkillMessage : 0.7211835
