Map : 0.70266324
Canvas : 0.80550265
InGameInputHandler : 0.64078265
InGameController : 0.6571391
ScoutIndianSettlementMessage : 0.81826025
MapGenerator : 0.7965104
