ScoutingMission : 0.79393715
ScoutIndianSettlementMessage : 0.6779401
