IndianSettlement : 0.6571391
Game : 0.79962885
InGameInputHandler : 0.8068213
Canvas : 0.65437025
InciteMessage : 0.6838825
InGameControllerTest : 0.6458975
MissionaryMessage : 0.6764719
