Building : 0.79472035
ColonyTile : 0.7786773
TileType : 0.64427674
AIColony : 0.73685163
