ColonyTile : 0.7786773
TileType : 0.64427674
Building : 0.79472035
TileTest : 0.76460904
AIColony : 0.73685163
InstallerTranslations : 0.66143435
