ZoomOutAction : 0.80725515
ZoomInAction : 0.80848336
MapEditorController : 0.6939895
