Canvas : 0.8294151
GoodsLabel : 0.7021623
MarketLabel : 0.70656073
ProductionLabel : 0.7016458
UnitLabel : 0.66996163
FreeColPanel : 0.70950097
MiniMap : 0.7296902
ProductionMultiplesLabel : 0.8421302
FreeColProgressBar : 0.70013577
DebugMenu : 0.83195114
PlayersTable : 0.8206416
UnitMoveAnimation : 0.8389959
Animations : 0.7966748
