InGameController : 0.6682712
StandardAIPlayer : 0.8093525
