ScoutIndianSettlementMessage : 0.8948171
MissionaryMessage : 0.89403844
