LearnSkillMessage : 0.6982949
InGameController : 0.7725407
