TileType : 0.64427674
ColonyTile : 0.7786773
Building : 0.79472035
AIColony : 0.73685163
TileTest : 0.76460904
