FreeColObject : 0.700015
InGameController : 0.79962885
