UnitButton : 0.7623167
MapControls : 0.7672987
UserInputHandler : 0.68640584
