Settlement : 0.6991136
Map : 0.7904715
Player : 0.687408
Tile : 0.82920647
InGameMessageHandler : 0.77458817
GUI : 0.67738533
MapGenerator : 0.68735296
TilePopup : 0.6768799
Colony : 0.7948444
ImageLibrary : 0.77923656
MiniMap : 0.765449
UserInputHandler : 0.687874
ServerGame : 0.7758404
Building : 0.80867124
TilePanel has been removed due to the repository version iteration
IndianSettlement : 0.68775135
