Colony : 0.7752814
InGameController : 0.7725407
