Colony : 0.78944033
GUI : 0.6771742
UserInputHandler : 0.6887109
ImageLibrary : 0.7834888
Settlement : 0.7050907
IndianSettlement : 0.6876924
TilePanel has been removed due to the repository version iteration
