InGameMenuBar : 0.7404187
MapEditorMenuBar : 0.73720664
ActionManager : 0.75101966
