InGameController : 0.7725407
MoveMessage : 0.6854846
