StandardAIPlayer : 0.69119114
BuildColonyMessage : 0.68978626
