InGameController : 0.6691042
InGameInputHandler : 0.6542598
AIInGameInputHandler : 0.69353294
