BuyGoodsMessage : 0.66436535
InGameController : 0.7725407
InGameInputHandler : 0.77031785
Mission : 0.7879352
