SellGoodsMessage : 0.65188855
Mission : 0.7875818
InGameInputHandler : 0.8068213
