InGameController : 0.7725407
ClearSpecialityMessage : 0.69575137
UnitTest : 0.7736327
ColonialAIPlayer : 0.6768741
InGameInputHandler : 0.77031785
StandardAIPlayer : 0.69119114
ServerPlayerTest : 0.63718194
