IndianSettlement : 0.6834811
InGameController : 0.7725407
ScoutIndianSettlementMessage : 0.6923141
GetTransactionMessage : 0.68686104
InciteMessage : 0.6948254
LearnSkillMessage : 0.6982949
MissionaryMessage : 0.69487953
