SpecificationTest : 0.7477199
PreGameController : 0.8263962
