ColonyPanel : 0.6763312
ProductionLabel : 0.7016458
GoodsLabel : 0.7021623
FreeColPanel : 0.70950097
ReportColonyPanel : 0.68888056
