TilePopup : 0.6778185
ReportTurnPanel : 0.74763525
