SchoolTest : 0.7881709
FreeColTestCase : 0.6634163
