IndianNationType : 0.69070363
NationType : 0.7026921
EuropeanNationType : 0.68672234
