ColopediaPanel : 0.6736824
FreeColPanel : 0.7117312
ColonyPanel : 0.67572784
ReportPanel : 0.71348745
