Building : 0.8571913
ColonyTile : 0.81626314
