Scope : 0.8269137
Feature : 0.7899071
FoundingFatherTest : 0.79247373
Ability : 0.8219512
ModifierTest : 0.84009075
