UnitType : 0.66970134
Colony : 0.61877275
BuildingType : 0.9152287
FeatureContainer : 0.8105821
Building : 0.6299314
BuildingTest : 0.5921067
FoundingFatherTest : 0.79247373
FoundingFather : 0.66093117
FreeColGameObjectType : 0.7799202
WorkProductionPanel : 0.0
