ColonyTile : 0.60809755
TileImprovementType : 0.7895663
NationType : 0.7521894
WorkProductionPanel : 0.0
