Building : 0.79472035
SchoolTest : 0.74200654
