Settlement : 0.67661303
IndianSettlement : 0.6962754
ImageLibrary : 0.77461916
Goods : 0.75228626
MapGenerator : 0.7036494
GUI : 0.69081044
InGameMessageHandler : 0.76628846
ServerMessageCreator : 0.6814645
ClientGame : 0.75527096
SettlementType has been removed due to the repository version iteration
