Tile : 0.63905317
FeatureContainer : 0.8105821
UnitType : 0.66970134
FreeColTestCase : 0.7943293
BuildingType : 0.9152287
TileImprovementType : 0.7895663
BuildingTest : 0.5921067
ColonyTile : 0.60809755
Building : 0.6299314
FoundingFather : 0.66093117
FreeColGameObjectType : 0.7799202
TileItemContainer : 0.79463935
FoundingFatherTest : 0.79247373
Colony : 0.61877275
NationType : 0.7521894
WorkProductionPanel : 0.0
