FreeColPanel : 0.73549587
FreeColMenuBar : 0.75654083
VideoComponent : 0.8221649
