ClaimLandMessage : 0.6777331
TensionTest : 0.67051995
