EuropeanNationType : 0.7135858
NationTypeTest : 0.64638585
