TerrainGenerator : 0.83398896
AllTests : 0.8252115
TileItemContainerTest : 0.82641375
