InGameController : 0.7725407
MovementTest : 0.67015266
ScoutingMission : 0.78105503
