UnloadCargoMessage : 0.6588778
UnloadAction : 0.6319535
