InGameInputHandler : 0.8068213
InGameControllerTest : 0.6458975
