UnitType : 0.8180794
BuildingType : 0.6514894
