Tile : 0.70394456
TileType : 0.7895168
ColonyTile : 0.6693983
InGameController : 0.6616207
ColonyPanel : 0.66356045
TileTest : 0.688468
ColopediaPanel : 0.67029434
ColonyPlan : 0.6679722
ReportColonyPanel : 0.67878145
