Specification : 0.70750123
EuropeanNationType : 0.78192496
TileTest : 0.6758026
