DisembarkMessage : 0.6731854
UnloadAction : 0.6319535
