InGameController : 0.7725407
GetTransactionMessage : 0.68686104
LearnSkillMessage : 0.6982949
ScoutIndianSettlementMessage : 0.6923141
AskSkillMessage : 0.6922562
InciteMessage : 0.6948254
