InGameController : 0.6691042
ServerPlayerTest : 0.8257503
