SchoolTest : 0.79047114
UnitLabel : 0.7809902
AIColony : 0.77974993
FoundingFatherTest : 0.694653
DragListener : 0.7324032
