Colony : 0.7752814
SchoolTest : 0.74200654
UnitLabel : 0.7782016
AIColony : 0.73685163
FoundingFatherTest : 0.66008294
DragListener : 0.74287194
Occupation has been removed due to the repository version iteration
ColonyTest : 0.67430377
