IndianSettlement : 0.8117399
NationType : 0.81027305
AllTests : 0.7881005
IndianNationType : 0.81086695
MapGenerator : 0.7703602
SettlementTest : 0.7560911
