Mission : 0.8141736
StandardAIPlayer : 0.70328635
ScoutingMission : 0.80441743
UnitSeekAndDestroyMission : 0.79348505
CashInTreasureTrainMission : 0.7963322
BaseCostDeciderTest : 0.72814333
MapTest : 0.7048645
