ColonyPlan : 0.6914471
ColonyPlanTest : 0.8403258
AIColonyTest : 0.8394699
UnitSeekAndDestroyMissionTest : 0.82936764
StandardAIPlayerTest : 0.84321547
ScoutingMissionTest : 0.8557345
