GoodsType : 0.68922424
Specification : 0.78707355
EquipmentType : 0.7275358
FoundingFatherTest : 0.6971481
IndianNationType : 0.7186681
FoundingFather : 0.7929179
TileImprovementType : 0.7191053
Nation : 0.701414
TileType : 0.71311176
NationType : 0.7229851
EuropeanNationType : 0.7087953
BuildingType : 0.68255526
UnitTypeChangeTest : 0.70067126
ResourceType : 0.7132824
DifficultyLevel : 0.6967518
