InGameController : 0.7800654
InGameInputHandler : 0.78625786
AbandonColonyMessage : 0.69844794
