InGameController : 0.6616207
DeclareIndependenceMessage : 0.80976963
