StringTemplate : 0.6698125
UnitLabel : 0.7782016
