Canvas : 0.65437025
DebugMenu : 0.666833
