Settlement : 0.8023046
Colony : 0.6901364
Tile : 0.70394456
IndianSettlement : 0.83545893
ColonyTradeItem : 0.7995915
SimpleCombatModel : 0.7597269
InGameController : 0.6616207
TilePopup : 0.80286485
EditSettlementDialog : 0.7762183
