Europe : 0.6736164
TransportMission : 0.7660022
PrivateerMission : 0.70053625
DragListener : 0.74287194
