Building : 0.8571913
Europe : 0.71039665
GoodsContainer : 0.77192736
ColonyTile : 0.81626314
IndianSettlement : 0.67821866
