TileImprovement : 0.7872525
TileImprovementType : 0.6925066
TilePopup : 0.6734963
GUI : 0.6723331
