GUI : 0.8318516
MoveMessage : 0.83096796
TilePanel : 0.68911475
ReportExplorationPanel : 0.81985193
