ColopediaPanel : 0.6849845
ReportIndianPanel : 0.6891895
