StandardAIPlayer : 0.70328635
BaseCostDeciderTest : 0.72814333
BaseCostDecider : 0.72517544
