Turn : 0.7465793
InGameMenuBar : 0.77147555
ReportHighScoresPanel : 0.60748094
ReportHistoryPanel : 0.6215532
ReportExplorationPanel : 0.6416243
GameTest : 0.7232238
