HistoryEvent : 0.83465284
StringTemplate : 0.8061814
ServerPlayer : 0.8476198
Region : 0.8307966
InGameController : 0.6616207
SimpleCombatModel : 0.7597269
InGameInputHandler : 0.65438
MoveMessage : 0.81963086
NewLandNameMessage : 0.80713284
BuildColonyMessage : 0.8240931
AbandonColonyMessage : 0.80991435
ReportHistoryPanel : 0.80179733
