BaseCostDeciderTest : 0.72814333
BaseCostDecider : 0.72517544
