FreeColObject : 0.65866375
CashInTreasureTrainMessage : 0.68705934
BuildColonyMessage : 0.67904246
ClaimLandMessage : 0.6777331
AbandonColonyMessage : 0.6821459
MoveMessage : 0.6727228
NewRegionNameMessage : 0.6717109
MissionaryMessage : 0.6764719
