NewLandNameMessage : 0.6868924
GiveIndependenceMessage : 0.6846689
CashInTreasureTrainMessage : 0.68705934
MoveMessage : 0.6727228
DeliverGiftMessage : 0.6795014
DeclareIndependenceMessage : 0.68134063
BuildColonyMessage : 0.67904246
SellGoodsMessage : 0.65188855
AbandonColonyMessage : 0.6821459
EmigrateUnitMessage : 0.6805844
DemandTributeMessage : 0.67810833
MissionaryMessage : 0.6764719
NewRegionNameMessage : 0.6717109
BuyGoodsMessage : 0.65236056
