Market : 0.67233545
FreeColGameObject : 0.75882673
GoodsContainer : 0.72758275
SimpleCombatModel : 0.68357927
Building : 0.79472035
Colony : 0.7752814
Europe : 0.6736164
Tile : 0.79548573
