ModelMessage : 0.69500774
Messages : 0.8189781
ModelMessageTest : 0.80887693
