InGameController : 0.6566171
InGameInputHandler : 0.6511896
