InGameController : 0.67385125
CashInTreasureTrainMessage : 0.8462251
ServerPlayerTest : 0.8046163
InGameControllerTest : 0.8112039
