Colony : 0.79400986
ClientMessageHandler : 0.66359794
Conf : 0.6903036
