InGameController : 0.64508045
AbandonColonyMessage : 0.78952295
