RiverSection : 0.72799337
ImageLibrary : 0.77583003
GUI : 0.7232785
River : 0.82277614
LandGenerator : 0.74379945
RiverTransform has been removed due to the repository version iteration
