FeatureContainer : 0.8105821
UnitType : 0.66970134
Colony : 0.61877275
BuildingType : 0.9152287
Building : 0.6299314
BuildingTest : 0.5921067
ColonyTile : 0.60809755
FoundingFather : 0.66093117
FreeColGameObjectType : 0.7799202
TileImprovementType : 0.7895663
FoundingFatherTest : 0.79247373
NationType : 0.7521894
WorkProductionPanel : 0.0
