ModelMessage : 0.69546914
Game : 0.6831432
InGameController : 0.6616207
Canvas : 0.8095665
ReportTurnPanel : 0.67332387
InGameInputHandler : 0.65438
