InGameController : 0.6616207
ClaimLandMessage : 0.8105361
