DumpCargoDialog : 0.6296012
DragListener : 0.7336126
