ModelMessage : 0.7850185
InGameInputHandler : 0.7901571
