FreeColObject : 0.700015
Colony : 0.76520425
ListOption : 0.6797339
Region : 0.69401413
Stop has been removed due to the repository version iteration
TradeRoute : 0.82025653
