ModelMessage : 0.69546914
MoveMessage : 0.81963086
BuildColonyMessage : 0.8240931
ClaimLandMessage : 0.8105361
NewRegionNameMessage : 0.8235438
