UnitTest : 0.7736327
ColonyPlan : 0.76342756
DragListener : 0.74287194
