InGameController : 0.6566171
InGameInputHandler : 0.6511896
CashInTreasureTrainMessage : 0.8587173
AbandonColonyMessage : 0.8342156
EmigrateUnitMessage : 0.8570971
