EmbarkMessage : 0.6584507
ServerPlayerTest : 0.6281634
DisembarkMessage : 0.6731854
InGameControllerTest : 0.6458975
