BuildingTest : 0.6634163
ModelMessageTest : 0.83389854
SchoolTest : 0.6537106
ColonyTest : 0.8262074
TileTest : 0.7259027
MapBuilder has been removed due to the repository version iteration
MapTest : 0.830664
BaseCostDeciderTest : 0.85555285
SerializationTest : 0.7468291
FoundingFatherTest : 0.8274385
CombatTest : 0.8208736
IndianSettlementTest : 0.82825094
UnitTypeChangeTest : 0.822011
MovementTest : 0.8393877
GoodsContainerTest : 0.80694807
SoLTest : 0.82170707
