NewLandNameMessage : 0.6905896
NewRegionNameMessage : 0.6760925
