LearnSkillMessage : 0.6812201
AskSkillMessage : 0.67515445
