ColonyTile : 0.82656926
Colony : 0.79982704
InGameInputHandler : 0.68965894
InGameController : 0.69081306
UnitLabel : 0.8065343
DragListener : 0.7726426
