InciteMessage : 0.6838825
MissionaryMessage : 0.6764719
InGameControllerTest : 0.6458975
