SellGoodsMessage : 0.6494754
BuyGoodsMessage : 0.64936346
