NewPanel : 0.81235206
OptionMapUI : 0.6869144
DifficultyDialog : 0.8074666
