ConnectController : 0.8322266
DifficultyDialog : 0.6980653
PreGameController : 0.8405272
NewPanel : 0.6747846
