FreeColTestCase : 0.82899976
HighScore : 0.8450771
Monarch : 0.6846734
ListOption : 0.80270314
IndianDemandMission : 0.6672798
GameOptions : 0.70930696
UnitTest : 0.72560066
FreeColServer : 0.6864717
FoundingFatherTest : 0.7807442
MapGeneratorTest : 0.7824474
