CloseTransactionMessage : 0.6673382
GetTransactionMessage : 0.67605186
