InGameController : 0.80328035
BuyPropositionMessage : 0.6807869
SellPropositionMessage : 0.6827138
ColonialAIPlayer : 0.6829214
StandardAIPlayer : 0.6916063
SellMessage : 0.67313886
BuyMessage : 0.67515117
NewAIPlayer : 0.6824758
EuropeanAIPlayer : 0.6892219
IndianAIPlayer : 0.70446354
