SellMessage : 0.6714078
BuyMessage : 0.67209685
