FreeColGameObject : 0.7740531
Unit : 0.7971874
Building : 0.81673884
ColonyTile : 0.8278644
