SelectOptionUI : 0.98742294
IntegerOptionUI : 0.7433734
OptionGroupUI : 0.7254465
OptionMapUI : 0.73221874
