LanguageOptionUI : 0.89829
RangeOptionUI : 0.9062374
OptionGroupUI : 0.72434944
PercentageOptionUI : 0.8972204
OptionMapUI : 0.74473476
