Settlement : 0.6799895
IndianSettlement : 0.67821866
InGameInputHandler : 0.77822006
