LoadCargoMessage : 0.6695751
UnloadCargoMessage : 0.64717335
