UnloadCargoMessage : 0.6466437
SellGoodsMessage : 0.6551227
BuyGoodsMessage : 0.6532724
DragListener : 0.7336126
