Player : 0.68240803
Tile : 0.77680576
Colony : 0.79941905
Settlement : 0.70134693
ColonyTile : 0.8269613
UnitContainer : 0.8073705
StartGamePanel : 0.76724494
PreGameInputHandler : 0.6650362
InGameController : 0.6909717
InGameInputHandler : 0.6897983
PreGameController : 0.6895111
