InGameController : 0.7725407
FreeColTestCase : 0.7016628
ColonyTest : 0.67430377
UnitTest : 0.7736327
MapGenerator : 0.6789236
ColonyProductionTest : 0.678052
JoinColonyMessage : 0.67981565
BuildColonyMessage : 0.69057566
