LanguageOptionUI : 0.73090696
AudioMixerOptionUI : 0.72434944
RangeOptionUI : 0.7302798
PercentageOptionUI : 0.7162401
OptionMapUI : 0.8639236
