ServerPlayerTest : 0.6281634
ClearSpecialityMessage : 0.6917686
InGameControllerTest : 0.6458975
