Settlement : 0.6799895
IndianSettlement : 0.67821866
IndianSettlementPanel : 0.7536841
TilePopup : 0.6815396
ReportIndianPanel : 0.7341349
