Tile : 0.77680576
InGameController : 0.6909717
ImageLibrary : 0.77779275
MapControls : 0.7663487
UnitButton : 0.6767977
PreGameInputHandler : 0.6650362
GUI : 0.6756161
InGameInputHandler : 0.6897983
CanvasKeyListener : 0.6517003
TerrainGenerator has been removed due to the repository version iteration
