ServerPlayer : 0.6738513
ClaimLandMessage : 0.6777331
InGameInputHandler : 0.8068213
TensionTest : 0.67051995
