Europe : 0.8054495
Goods : 0.83821934
Player : 0.68240803
Building : 0.8180312
InGameController : 0.6909717
InGameInputHandler : 0.6897983
