ServerPlayer : 0.8476198
InGameController : 0.6616207
ConfirmDeclarationDialog : 0.827074
DeclareIndependenceMessage : 0.80976963
