Monarch : 0.6846734
SimpleCombatModel : 0.7597269
