Operand : 0.7037993
Limit : 0.69732445
