Colony : 0.650315
UnitType : 0.6808809
BuildingType : 0.7971523
Specification : 0.69387686
LimitTest : 0.7938527
BuildQueuePanel : 0.7755513
BuildableType : 0.80294013
