GUI : 0.6765416
MapGenerator : 0.6899075
