Colony : 0.650315
UnitType : 0.6808809
BuildingType : 0.7971523
BuildableType : 0.80294013
BuildQueuePanel : 0.7755513
LimitTest : 0.79373044
