Operand : 0.7034664
Event : 0.7205211
LimitTest : 0.66519135
