HighScore : 0.83187336
ConnectController : 0.69701505
FreeColClient : 0.7202899
ReportHighScoresPanel : 0.8155485
