StringOptionUI : 0.86084604
OptionMapUI : 0.69683766
OptionGroupUI : 0.67779654
PreGameController : 0.66766006
