Specification : 0.70750123
FreeColGameObjectType : 0.78837943
TileTest : 0.6758026
StringOption : 0.8386261
EuropeanNationType : 0.78192496
