Player : 0.68240803
IndianSettlement : 0.707957
Game : 0.7971874
MapGenerator : 0.6918076
Connection : 0.65654504
GUI : 0.6756161
ImageLibrary : 0.77779275
InGameInputHandler : 0.6897983
Server : 0.7468348
PreGameController : 0.6895111
ServerPlayer : 0.6926328
ServerUnit : 0.7691218
DummyConnection : 0.6703545
AIInGameInputHandler : 0.67962533
