Event : 0.8274607
FoundingFatherTest : 0.7807442
FoundingFather : 0.6937959
