BuildingType : 0.68255526
EuropeanNationType : 0.7087953
IndianNationType : 0.7186681
