FreeColDataFile : 0.8054999
ImageResource : 0.81425995
ResourceFactory : 0.83703434
FreeColTcFile : 0.8471212
SZAResource : 0.8187094
VideoResource : 0.8561609
