GoodsLabel : 0.7079293
ColorResource : 0.8591732
FreeColDataFile : 0.83230865
ResourceFactory : 0.8886281
