FreeColDataFile : 0.8054999
ResourceManager : 0.84500045
ImageResource : 0.81425995
GoodsLabel : 0.71641815
SZAResource : 0.81882215
ResourceFactory : 0.83703434
FreeColLookAndFeel : 0.6948934
VideoResource : 0.8561609
ColorResource : 0.84339947
