ImageLibrary : 0.6849281
FreeColDataFile : 0.7962944
ResourceManager : 0.85555494
ResourceFactory : 0.84189445
