ImageLibrary : 0.68068767
ChipResource : 0.835876
ResourceManager : 0.8386625
