TileImprovementType : 0.6898577
FreeColTcFile : 0.7050175
