TileType : 0.81632483
ImageLibrary : 0.6929729
TileImprovementType : 0.82825625
CanvasMapEditorMouseListener : 0.6887852
FreeColTcFile : 0.8493349
RiverStylePanel : 0.84036785
