FreeCol : 0.66865844
ClientTestHelper : 0.6757511
FreeColMenuTest : 0.6710749
DebugMenu : 0.6790388
