ImageResource : 0.839064
ResourceManager : 0.8386625
