ColopediaPanel : 0.7615449
MapEditorTransformPanel : 0.7916135
