InGameController : 0.77207476
DiplomacyMessage : 0.7257158
