TileType : 0.6537542
GUI : 0.6806877
