GameOptions : 0.80660295
SchoolTest : 0.8040732
DragListener : 0.73944557
SpecificationTest : 0.7172742
