DiplomacyMessage : 0.7927885
GoodsTradeItem : 0.8184203
InGameController : 0.6683891
UnitTradeItem : 0.8223446
TradeItem : 0.8230059
GoldTradeItem : 0.81836194
StanceTradeItem : 0.8172829
DiplomaticTrade : 0.7115447
InGameInputHandler : 0.65860033
NegotiationDialog : 0.6826323
AIInGameInputHandler : 0.67860824
