Building : 0.80660295
UnitTest : 0.79719096
SchoolTest : 0.7757099
DragListener : 0.7628579
SpecificationTest : 0.7477199
