ReportCargoAction : 0.73080283
ReportExplorationAction : 0.7375727
ReportProductionAction : 0.7393133
ReportHistoryAction : 0.73739547
