InGameMenuBar : 0.82236826
ActionManager : 0.78987414
MoveNorthEastAction : 0.7336084
MoveNorthAction : 0.7358524
MoveWestAction : 0.7338837
MoveSouthWestAction : 0.7342232
MoveSouthEastAction : 0.7362606
MoveNorthWestAction : 0.73007876
MoveSouthAction : 0.7367632
MoveEastAction : 0.73644394
