NewPanel : 0.81946105
InGameMenuBar : 0.7305074
ShowGameOptionsAction : 0.87150985
ShowDifficultyAction : 0.8672659
ActionManager : 0.7507146
