ShowMapGeneratorOptionsAction : 0.7067218
PreGameController : 0.8194486
InGameMenuBar : 0.78107315
MapEditorController : 0.77575886
ActionManager : 0.77373815
