SpySettlementMessage : 0.88038594
AskSkillMessage : 0.8840086
ScoutIndianSettlementMessage : 0.8857415
DiplomacyMessage : 0.8164991
InciteMessage : 0.8813085
EmbarkMessage : 0.87960964
MissionaryMessage : 0.885571
