ServerPlayerTest : 0.7866306
ServerPlayer : 0.8476198
PlayerTest : 0.6793844
InGameController : 0.6616207
