MapTest : 0.83113027
MissionAssignmentTest : 0.87414277
UnitSeekAndDestroyMissionTest : 0.8607871
InGameControllerTest : 0.840617
BaseCostDeciderTest : 0.86663437
