PioneeringMission : 0.6766908
InGameController : 0.6616207
