Tension : 0.7825391
Player : 0.68262804
InGameController : 0.7725407
DefendSettlementMission : 0.75673175
TransportMission : 0.7660022
UnitSeekAndDestroyMission : 0.7680073
ColonialAIPlayer : 0.6768741
StandardAIPlayer : 0.69119114
NewAIPlayer : 0.68897736
EuropeanAIPlayer : 0.6906409
NegotiationDialog : 0.76675135
IndianSettlementTest : 0.69141084
BaseCostDeciderTest : 0.7094868
TensionTest : 0.670983
