MapEditorMenuBar : 0.8758167
FreeColMenuBar : 0.8468837
