ColopediaAction : 0.69522554
ActionManager : 0.7625231
FreeColMenuBar : 0.7775059
ColopediaTreeItem : 0.681447
InGameMenuBar : 0.7943332
MoveAction : 0.6666144
