DisplayTileTextAction : 0.85426927
MoveAction : 0.841055
ActionManager : 0.7219172
MapboardAction : 0.8104662
FreeColAction : 0.68372184
SelectableAction : 0.8026579
InGameMenuBar : 0.7175633
MapEditorMenuBar : 0.7125519
ColopediaAction : 0.83479863
