ServerPlayer : 0.8476198
IndianSettlement : 0.83545893
InGameController : 0.6616207
