GoodsContainer : 0.64696234
InGameController : 0.64508045
