PreGameController : 0.6797116
ResourceManager : 0.8386625
DebugMenu : 0.83195114
