Tile : 0.77680576
Message : 0.65782034
ReceivingThread : 0.6466381
GUI : 0.6756161
MapGenerator : 0.6918076
AIInGameInputHandler : 0.67930186
