InGameController : 0.6616207
ServerPlayer : 0.8476198
Tension : 0.6859397
AIPlayer : 0.6651812
StandardAIPlayer : 0.8084892
ColonialAIPlayer : 0.7941211
NewAIPlayer : 0.8092787
PlayerTest : 0.6793844
