ImageLibrary : 0.7510593
MiniMapZoomInAction : 0.7430594
MiniMapZoomOutAction : 0.7447691
ImprovementActionType : 0.7224062
ImprovementAction : 0.69456273
SentryAction : 0.7492404
FortifyAction : 0.73192734
BuildColonyAction : 0.73004115
DisbandUnitAction : 0.7341508
SkipUnitAction : 0.73458093
WaitAction : 0.738123
QuitAction : 0.7377644
SaveAndQuitAction : 0.71487355
