Canvas : 0.65437025
MoveAction : 0.63894176
ActionManager : 0.7548576
InGameMenuBar : 0.77147555
