InGameController : 0.7725407
ServerPlayerTest : 0.63718194
InGameInputHandler : 0.77031785
MoveToEuropeMessage : 0.6934711
