Settlement : 0.70134693
Tile : 0.77680576
InGameInputHandler : 0.6897983
Colony : 0.79941905
InGameController : 0.6909717
IndianSettlement : 0.707957
ColonyTile : 0.8269613
Building : 0.8180312
AIInGameInputHandler : 0.6927344
TerrainGenerator has been removed due to the repository version iteration
