FreeCol : 0.6626749
MapGenerator : 0.68140006
