InGameControllerTest : 0.8829705
PlayerTest : 0.7114293
