CombatTest : 0.8335958
MapEditorTransformPanel : 0.6848182
RiverStylePanel : 0.7525005
