Nation : 0.83307904
NationOptions : 0.81947947
ImageLibrary : 0.68467826
Canvas : 0.8095665
PreGameController : 0.6827392
GUI : 0.81860054
PlayersTableModel has been removed due to the repository version iteration
PreGameInputHandler : 0.670834
FreeColServer : 0.6864717
MiniMap : 0.6928888
GrayLayer has been removed due to the repository version iteration
NewPanel : 0.79814
PlayersTable : 0.80235696
