FreeColServer : 0.6806118
InGameController : 0.629693
ClientOptions : 0.68857104
ConnectController : 0.6809448
