InGameController : 0.629693
ClientOptions : 0.68857104
FreeColServer : 0.6806118
ConnectController : 0.6809448
