Canvas : 0.84628946
FreeColDialog : 0.82849073
