ListOption : 0.8023249
Mods : 0.8427207
