Mods : 0.8386405
ListOption : 0.8023249
