GUI : 0.6756161
GoodsContainer : 0.8013559
InGameController : 0.6909717
InGameInputHandler : 0.6897983
