MapGenerator : 0.6854411
TerrainGenerator : 0.6875176
CompactLabourReport : 0.6892821
StandardAIPlayer : 0.68314457
ProductionCache : 0.6993204
InstallerTranslations : 0.66357327
