AIColony : 0.77974993
AIColonyTest : 0.68573886
