AIObject : 0.86338884
ColonialAIPlayer : 0.67736876
StandardAIPlayer : 0.69228923
IndianBringGiftMission : 0.79791874
IndianAIPlayer : 0.70078385
IndianDemandMission : 0.79269886
NewAIPlayer : 0.70566386
