FreeColServer : 0.7859107
LandGenerator : 0.74379945
MapGeneratorTest : 0.6880667
Mission : 0.8141736
MapTest : 0.7048645
MapGenerator : 0.72585344
TerrainGenerator : 0.7270115
River : 0.82277614
DefendSettlementMission : 0.77127635
