Europe : 0.77924865
InGameController : 0.6616207
InGameInputHandler : 0.65438
EmigrateUnitMessage : 0.82275844
PreGameController : 0.6827392
