Turn : 0.82783514
Game : 0.71613705
InGameController : 0.81613976
Market : 0.71399254
FreeColClient : 0.8629978
InGameInputHandler : 0.8268874
AIInGameInputHandler : 0.8278313
InfoPanel : 0.6976561
