SimpleCombatModel : 0.66468936
CombatTest : 0.67377424
ServerGame : 0.77048767
