Game : 0.6831432
Turn : 0.69831866
HistoryEvent : 0.83465284
Colony : 0.6901364
ServerPlayer : 0.8476198
InGameController : 0.6616207
InGameInputHandler : 0.65438
SimpleCombatModel : 0.7597269
Region : 0.8307966
ServerPlayerTest : 0.7866306
ServerGame : 0.67420864
MonarchTest : 0.7967662
ReportHistoryPanel : 0.80179733
