Monarch : 0.77300745
RandomChoice : 0.69788665
InGameController : 0.76379585
AIMain : 0.78693324
FreeColServer : 0.7859107
ServerModelController : 0.8035759
MapGenerator : 0.72585344
UnitTest : 0.7877777
LandGenerator : 0.74379945
MapTest : 0.7048645
TerrainGenerator : 0.7270115
MockModelController : 0.7001057
PreGameController : 0.7841296
ServerTestHelper : 0.69522685
River : 0.82277614
