UnitContainer : 0.80657536
InGameInputHandler : 0.6809433
