ResourceType : 0.8271788
IndianNationType : 0.84331775
EuropeanNationType : 0.84141576
