GoodsType : 0.7084248
Modifier : 0.67310923
Nation : 0.70716625
EuropeanNationType : 0.7135858
SerializationTest : 0.7867749
Feature : 0.68995637
IndianNationType : 0.71570903
