UnitType : 0.78707355
EquipmentType : 0.7112906
BuildingType : 0.70592326
BuildableType : 0.72192407
