Colony : 0.79941905
Goods : 0.83821934
Game : 0.7971874
Market : 0.80903375
Tile : 0.77680576
Europe : 0.8054495
Data has been removed due to the repository version iteration
ColonyTile : 0.8269613
InGameInputHandler : 0.6897983
ImageLibrary : 0.77779275
Turn : 0.6526986
InGameController : 0.6909717
UnitLabel : 0.80517817
EuropePanel : 0.76166433
PurchasePanel has been removed due to the repository version iteration
DefaultTransferHandler : 0.74601996
MainPanel : 0.62441045
DragListener : 0.7728951
NewPanel : 0.6299495
