Game : 0.8008216
Market : 0.72208935
Goods : 0.785207
Europe : 0.7129861
Colony : 0.80523497
TileItemContainer : 0.70261943
Resource : 0.7248427
Unit : 0.8085963
IndianSettlement : 0.6986956
Building : 0.8180794
PlayerExploredTile : 0.70069337
Player : 0.6996973
ColonyTile : 0.78780335
Monarch : 0.79797006
Settlement : 0.66781056
Tile : 0.8106949
