Colony : 0.79400986
Market : 0.7040081
Europe : 0.68578
TileItemContainer : 0.68535525
IndianSettlement : 0.69447935
Resource : 0.7091052
FreeColGameObject : 0.7361705
Building : 0.79339296
FreeColObject : 0.6798324
Player : 0.69058514
Unit : 0.75893605
PlayerExploredTile : 0.68830585
ColonyTile : 0.7453468
Monarch : 0.7521627
FreeColGameObjectType : 0.6838517
Tile : 0.7702291
Settlement : 0.6712662
