InGameController : 0.6616207
ServerPlayer : 0.8476198
FreeColObject : 0.80952996
InGameInputHandler : 0.65438
GiveIndependenceMessage : 0.82088083
