InGameInputHandler : 0.68659097
DiplomaticTradeTest : 0.72301906
GoodsTradeItem : 0.8440839
StanceTradeItem : 0.8503488
GoldTradeItem : 0.8561099
ColonyTradeItem : 0.8230058
UnitTradeItem : 0.8545066
