InGameInputHandler : 0.8068213
PreGameInputHandler : 0.8029665
PreGameController : 0.8123471
