PreGameInputHandler : 0.8029665
InGameInputHandler : 0.8068213
ConnectController : 0.7737459
