ColonyPlan : 0.66284543
AIColony : 0.6287878
DebugMenu : 0.83195114
ServerPlayer : 0.84894645
ActionManager : 0.7219172
InGameMenuBar : 0.7175633
