Limit : 0.7899451
Event : 0.814151
FreeColGameObjectType : 0.7792781
EquipmentType : 0.80078894
UnitType : 0.68922424
Nation : 0.78966796
TileType : 0.9604826
EuropeanNationType : 0.7742545
BuildableType : 0.7905595
BuildingType : 0.9525629
ResourceType : 0.8010767
FoundingFather : 0.66500586
IndianNationType : 0.78884655
TileImprovementType : 0.7856703
