Region : 0.6884773
Tension : 0.7825391
EquipmentType : 0.7012797
AbstractUnit : 0.6915034
Modifier : 0.6312152
IndianNationType : 0.692011
EuropeanNationType : 0.6870134
FoundingFather : 0.7782092
NationOptions : 0.6896221
IndianSettlement : 0.6834811
Specification : 0.72913426
