Player : 0.68262804
Goods : 0.7589361
Modifier : 0.6312152
Tension : 0.7825391
NationOptions : 0.689794
AbstractUnit : 0.6915034
Region : 0.6884773
EquipmentType : 0.7012797
IndianNationType : 0.692011
FoundingFather : 0.7782092
IndianSettlement : 0.6834811
