IndianSettlement : 0.83545893
Colony : 0.6901364
Mission : 0.682369
Tension : 0.6859397
Settlement : 0.8023046
InGameController : 0.6616207
Canvas : 0.8095665
GUI : 0.81860054
IndianBringGiftMission : 0.675013
StandardAIPlayer : 0.8084892
IndianAIPlayer : 0.8157451
MissionAssignmentTest : 0.7897464
IndianSettlementPanel : 0.6909833
ReportIndianPanel : 0.67510384
