TerrainGenerator : 0.72821057
MapGenerator : 0.71934694
