ProductionMultiplesLabel : 0.8421302
ProductionLabel : 0.7016458
UnitLabel : 0.66996163
DifficultyDialog : 0.8370906
ClientOptionsDialog : 0.7104523
