FreeColModFile : 0.8293779
FreeColClient : 0.70362544
Mods : 0.8413966
FreeColTcFile : 0.8307209
Messages : 0.82613677
ClientOptions : 0.68857104
