Tile : 0.79548573
Player : 0.68262804
Map : 0.7784483
InGameController : 0.7725407
Settlement : 0.6597131
InGameInputHandler : 0.77031785
ServerModelController : 0.7922079
MapTest : 0.6728821
DefendSettlementMission : 0.75673175
SettlementTest : 0.6531728
