Building : 0.8180312
InfoPanel : 0.7801481
