EuropePanel : 0.7574431
BuildingPanel : 0.6886415
BuildingSitePanel : 0.6783182
FreeColButtonUI : 0.7616877
InformationDialog : 0.67800415
FreeColMenuBar : 0.7832214
FreeColListUI : 0.65162
FreeColTextFieldUI : 0.66224045
FreeColTextAreaUI : 0.66293895
FreeColProgressBar : 0.7576334
FreeColPanelUI : 0.6679729
FreeColMenuBarUI : 0.6760746
FreeColPopupMenuUI : 0.6743373
FreeColBrightPanelUI : 0.6770805
FreeColToolTipUI : 0.72613853
