InGameController : 0.6909717
InGameInputHandler : 0.6897983
UnitLabel : 0.80517817
DragListener : 0.7728951
