ColorResource : 0.84339947
ResourceManager : 0.84500045
ChipResource : 0.81539226
VideoResource : 0.8561609
ImageResource : 0.81425995
PreGameController : 0.6960277
SZAResource : 0.81882215
FontResource : 0.8113502
FAFileResource : 0.845141
