FreeColServer : 0.7730708
MapEditorController : 0.7983255
