ResourceManager : 0.6929729
ResourceMapping : 0.6979297
