Map : 0.7931328
Player : 0.68240803
InGameInputHandler : 0.6897983
Canvas : 0.6652511
GUI : 0.6756161
ServerPlayer : 0.6926328
TakeFocusThread has been removed due to the repository version iteration
TextFormatter : 0.6104377
