FreeColMenuBar : 0.7484302
FreeColButtonUI : 0.7245317
ColorCellRenderer : 0.8441837
FreeColProgressBar : 0.71016777
FreeColListUI : 0.8281747
FreeColTextFieldUI : 0.83588856
FreeColTextAreaUI : 0.8362855
FreeColPanelUI : 0.8412713
FreeColPopupMenuUI : 0.84407955
FreeColBrightPanelUI : 0.8462975
FreeColToolTipUI : 0.67585206
FreeColMenuBarUI : 0.84449196
