ColonyPanel : 0.7664305
BuildQueuePanel : 0.6540843
TilePanel : 0.78810805
CompactLabourReport : 0.7029616
ReportPanel : 0.7899916
ConstructionPanel : 0.6787927
FreeColLookAndFeel : 0.74689966
DifficultyDialog : 0.6911322
WarehouseGoodsPanel has been removed due to the repository version iteration
OptionGroupUI : 0.75177133
ReportIndianPanel : 0.7579646
ReportTradePanel : 0.7671375
