MapGeneratorOptionsDialog : 0.71121264
SerializationTest : 0.66741794
MapEditorController : 0.69895643
ShowMapGeneratorOptionsAction : 0.86535275
