Map : 0.8128936
InGameController : 0.7800654
