InGameController : 0.7800654
MapGenerator : 0.7036494
