Tile : 0.79548573
MapTest : 0.6728821
InGameInputHandler : 0.77031785
ServerModelController : 0.7922079
MapEditorController : 0.74381584
