TileImprovementType : 0.6925066
InGameController : 0.7725407
