AIUnit : 0.7030001
Mission : 0.6890149
AIPlayer : 0.67340916
TransportMission : 0.68090844
PrivateerMission : 0.80850494
PioneeringMission : 0.6867586
ScoutingMission : 0.69752556
GotoAdjacentGoal : 0.7647571
CreateMissionAtSettlementGoal : 0.7588434
