Tile : 0.70394456
ServerPlayer : 0.8476198
IndianSettlement : 0.83545893
ManageMissionariesGoal : 0.7953169
