ResourceManager : 0.6929729
GUI : 0.6806877
TerrainGenerator : 0.6875176
FreeColTcFile : 0.7050175
