ProductionMultiplesLabel : 0.8421302
ProductionLabel : 0.7016458
