UnitType : 0.8085963
GoodsType : 0.63076943
ReportRequirementsPanel : 0.73048556
CompactLabourReport : 0.6790086
