FreeColPanel : 0.7625797
DragListener : 0.74287194
