VictoryPanel : 0.84390104
InGameInputHandler : 0.8302744
AIInGameInputHandler : 0.8168959
FreeColLookAndFeel : 0.83297783
