Canvas : 0.65437025
DumpCargoDialog : 0.6296012
UnloadAction : 0.6319535
