GUI : 0.84628946
InGameInputHandler : 0.8302744
InGameController : 0.826542
ChatPanel : 0.7393407
