InGameController : 0.76404727
ClientOptions : 0.78864247
