UnitType : 0.80523497
Settlement : 0.6799895
IndianSettlement : 0.67821866
TypeCountMap : 0.70081717
ColonyTest : 0.7325448
IndianSettlementTest : 0.72031486
ColonyProductionTest : 0.6991041
