UnitType : 0.8085963
ImageLibrary : 0.77620965
GUI : 0.6723331
