Settlement : 0.6799895
TilePanel : 0.7837319
