Player : 0.68262804
IndianSettlement : 0.6834811
Tile : 0.79548573
