Europe : 0.8054495
Colony : 0.79941905
Player : 0.68240803
Game : 0.7971874
ModelMessage : 0.6874851
FreeColGameObject : 0.72980285
ColonyPanel : 0.79308474
GUI : 0.6756161
InGameController : 0.6909717
EuropePanel : 0.76166433
InGameInputHandler : 0.6897983
Canvas : 0.6652511
FreeColDialog : 0.64902663
