Building : 0.8571913
BuildingType : 0.63992834
BuildableType : 0.6953442
