UnitLabel : 0.7482916
ColonyPanel : 0.74465173
DragListener : 0.7336126
