ColonyPanel : 0.74465173
DragListener : 0.7336126
