GUI : 0.65137815
SpySettlementMessage : 0.672808
InGameInputHandler : 0.8068213
CanvasMouseListener : 0.6519999
