FreeCol : 0.7036253
FreeColMenuTest : 0.7195758
SoundTest : 0.73047805
ClientTestHelper : 0.7329748
SfxLibrary : 0.7447192
MusicLibrary : 0.74489504
