Location : 0.66917723
Colony : 0.7752814
Tile : 0.79548573
Europe : 0.6736164
ColonyTile : 0.7786773
Building : 0.79472035
InGameController : 0.7725407
IndianSettlement : 0.6834811
ReportTurnPanel : 0.74741584
ReportCargoPanel : 0.6227278
ReportMilitaryPanel : 0.6333788
ReportNavalPanel : 0.6239037
