Mission : 0.69097483
TransportMission : 0.681507
PrivateerMission : 0.81004703
UnitSeekAndDestroyMission : 0.6867395
IndianDemandMission : 0.6861672
DefendSettlementMission : 0.6788434
UnitWanderHostileMission : 0.7059172
