UnitType : 0.72396106
FreeColGameObjectType : 0.82719314
