InGameController : 0.7725407
SimpleCombatModel : 0.68357927
