FreeColClient : 0.7017978
ClientOptions : 0.6796672
OptionMap : 0.7556469
SoundTest : 0.81197286
