OptionGroup : 0.75925165
MapGeneratorOptions : 0.77853394
IntegerOption : 0.727715
ClientOptions : 0.7765953
StringOption : 0.741062
BooleanOption : 0.74405956
GameOptions : 0.825607
OptionMap : 0.8737354
DifficultyDialog : 0.7296874
RangeOption : 0.7482917
DifficultyLevel : 0.74492764
SelectOption : 0.8700208
ListOption : 0.74400645
ActionManager : 0.7966972
OptionReader has been removed due to the repository version iteration
FileOption : 0.73658067
LanguageOption : 0.7142366
AudioMixerOption : 0.7348313
PercentageOption : 0.7512565
DifficultyOptionMap has been removed due to the repository version iteration
