FreeColServer : 0.78961104
FreeColClient : 0.76439005
VictoryPanel : 0.74617493
