GUI : 0.8294151
TilePopup : 0.8275921
