InGameController : 0.6616207
IndianSettlement : 0.83545893
IndianSettlementTest : 0.7898785
NewAIPlayer : 0.8092787
AIPlayer : 0.6651812
InGameInputHandler : 0.65438
AllTests : 0.8230709
InGameControllerTest : 0.79181004
