WorkMessage : 0.6666889
InGameInputHandler : 0.8068213
