Player : 0.68262804
IndianSettlement : 0.6834811
Colony : 0.7752814
InGameController : 0.7725407
Settlement : 0.6597131
SimpleCombatModel : 0.68357927
UnitTradeItem : 0.70470244
