FreeCol : 0.68061185
ConnectController : 0.8322266
FreeColClient : 0.821584
MapEditorController : 0.8129368
ServerTestHelper : 0.7254709
NewPanel : 0.6747846
ClientTestHelper : 0.71486515
