GUI : 0.67864096
FoundingFather : 0.6900473
