GameOptions : 0.8237032
MapGeneratorOptions : 0.7977663
FreeColClient : 0.78479105
FreeColServer : 0.7818402
OptionMap : 0.77031916
ActionManager : 0.7994133
DifficultyDialog : 0.72238666
SoundTest : 0.6934402
DifficultyOptionMap has been removed due to the repository version iteration
