InGameController : 0.76496476
Canvas : 0.6987174
FreeColClient : 0.78479105
ResourceManager : 0.7003224
SoundPlayerThread has been removed due to the repository version iteration
SoundPlayer : 0.76988786
PreGameController : 0.79272366
SoundTest : 0.6934402
