SoundTest : 0.65619016
AudioResource : 0.6701117
