Messages : 0.8386405
NewPanel : 0.8278353
