IndianBringGiftMission : 0.86472017
PioneeringMission : 0.8257305
TransportMission : 0.8189245
WorkerWish : 0.8168223
ScoutingMission : 0.84284335
TileImprovementPlan : 0.6794631
GoodsWish : 0.81409866
NewAIPlayer : 0.6819867
WorkLocationPlan : 0.82829297
ColonialAIPlayer : 0.67679983
StandardAIPlayer : 0.6872439
ColonyProfile : 0.6836248
IndianAIPlayer : 0.7056907
ColonyPlan : 0.8005595
AIInGameInputHandler : 0.80551267
EuropeanAIPlayer : 0.6832751
REFAIPlayer : 0.7056606
