StandardAIPlayer : 0.8087349
NewAIPlayer : 0.80594015
ReportRequirementsPanel : 0.6298642
IndianAIPlayer : 0.8223773
