TilePopup : 0.8406082
StartGamePanel : 0.7077814
FreeColLookAndFeel : 0.83297783
FreeColListUI : 0.8650463
FreeColComboBoxUI : 0.8633773
FreeColTableHeaderUI : 0.85938704
FreeColButtonUI : 0.87407494
FreeColTableUI : 0.87301844
FreeColLabelUI : 0.87388223
FreeColScrollPaneUI : 0.87447697
FreeColComboBoxRenderer : 0.8458885
