ServerGame : 0.77048767
MapGeneratorTest : 0.6799647
FreeColServer : 0.8153471
FreeColTestCase : 0.7184055
GameTest : 0.74480593
