FreeColClient : 0.78479105
SoundTest : 0.6934402
