SelectOption : 0.77144605
OptionGroup : 0.7112341
