UnitType : 0.72396106
BuildingType : 0.79874617
EuropeanNationType : 0.809259
IndianNationType : 0.8226145
