FeatureContainer : 0.72396106
Specification : 0.78707355
Game : 0.8008216
Colony : 0.80523497
Player : 0.6996973
TileType : 0.71311176
TileImprovementType : 0.7191053
FoundingFatherTest : 0.6971481
ResourceType : 0.7132824
FreeColGameObjectType : 0.7126488
Settlement : 0.66781056
ModifierTest : 0.68255585
BuildQueuePanel : 0.65232795
UnitTypeChangeTest : 0.70067126
