Nation : 0.78966796
EquipmentType : 0.80078894
UnitType : 0.68922424
Game : 0.64625394
Limit : 0.792169
TileImprovementType : 0.7856703
Event : 0.81773305
TileType : 0.9604826
FoundingFather : 0.66500586
EuropeanNationType : 0.7742545
ImprovementActionType : 0.8101329
BuildableType : 0.7905595
FreeColGameObjectType : 0.7792781
IndianNationType : 0.78884655
BuildingType : 0.9525629
ResourceType : 0.8010767
DifficultyLevel : 0.8157015
TypeReader has been removed due to the repository version iteration
