FreeColClient : 0.8575822
FontTest : 0.831073
