FreeCol : 0.8097372
FreeColServer : 0.84774625
DifficultyDialog : 0.8398296
FreeColModFile : 0.84628814
ConnectController : 0.84282434
NewPanel : 0.8162114
MapEditorController : 0.84240806
ShowDifficultyAction : 0.8433355
