UnitType : 0.83210963
ServerTestHelper : 0.81011903
EuropeanNationType : 0.81572187
IndianNationType : 0.8217011
BuildingType : 0.829476
