FreeColServer : 0.66933924
MapGenerator : 0.67250735
FreeColTestCase : 0.6753407
MapGeneratorTest : 0.6669026
