DifficultyLevel : 0.82858884
FreeColServer : 0.8195554
MapGenerator : 0.78996885
