Specification : 0.82875794
DifficultyLevel : 0.82996774
FreeColServer : 0.8485933
SerializationTest : 0.6905794
