Player : 0.68240803
Europe : 0.8054495
InGameInputHandler : 0.6897983
