OptionMap : 0.85940844
SelectOptionUI : 0.8698448
