OptionMap : 0.8073442
FreeColClient : 0.817022
ServerPlayer : 0.818713
InGameInputHandler : 0.79168695
SchoolTest : 0.754474
MapGeneratorTest : 0.7932535
StartGamePanel : 0.8008061
SoundTest : 0.79830927
DisplayBordersAction : 0.8046507
DisplayGridAction : 0.8051905
