FreeColGameObject : 0.82102346
Market : 0.8176771
MarketData : 0.845914
Colony : 0.6901364
InGameController : 0.785611
MarketLabel : 0.8398642
UnitTest : 0.72560066
FoundingFatherTest : 0.7808858
MarketTest : 0.82382303
SelectAmountDialog : 0.82106495
PreGameController : 0.8063282
