InGameController : 0.68730265
MovementTest : 0.66848
