Tile : 0.79548573
SimpleCombatModel : 0.6790176
