InGameController : 0.7805893
MapGenerator : 0.7984072
