InGameController : 0.68730265
ServerPlayerTest : 0.6861019
InGameInputHandler : 0.7215142
MoveToAmericaMessage : 0.6963807
