InGameController : 0.785611
ColonialAIPlayer : 0.80460095
InGameInputHandler : 0.7970502
StandardAIPlayer : 0.8089794
PayArrearsMessage : 0.82716596
