PreGameInputHandler : 0.72170275
GUI : 0.70340407
Server : 0.8247341
Canvas : 0.70240825
InputHandler : 0.7174756
FreeCol : 0.6961127
InGameInputHandler : 0.73910666
Controller : 0.7094983
FreeColClient : 0.7397683
FreeColServer : 0.8525073
WindowedFrameListener : 0.71151364
AIInGameInputHandler : 0.7318208
ConnectController : 0.7316854
PreGameController : 0.76673037
