InGameController : 0.69340336
PayForBuildingMessage : 0.71059585
InGameInputHandler : 0.7125305
