FreeColTcFile : 0.87418664
Messages : 0.8367342
SerializationTest : 0.6824614
FreeColTestCase : 0.8167045
NewPanel : 0.82737225
SpecificationTest : 0.8149896
