OptionMapUI : 0.83256304
StringOptionUI : 0.81817615
StringOption : 0.83312094
DifficultyDialog : 0.8248319
OptionGroupUI : 0.82585156
ClientOptionsDialog : 0.8069354
MapGeneratorOptionsDialog : 0.8176876
GameOptionsDialog : 0.80699664
