Map : 0.8128936
FreeColGameObject : 0.69235474
