Tile : 0.70394456
IndianSettlement : 0.83545893
InGameController : 0.785611
InGameInputHandler : 0.7970502
Utils : 0.8297756
