InGameController : 0.785611
Monarch : 0.79737854
MonarchPanel : 0.820834
InGameInputHandler : 0.7970502
MonarchTest : 0.7997597
REFTest : 0.8134264
DebugMenu : 0.7997031
