InGameInputHandler : 0.7970502
InGameController : 0.785611
PreGameController : 0.8063282
