InGameInputHandler : 0.8119509
MonarchActionMessage : 0.7971481
Monarch : 0.8022163
