InGameController : 0.8095416
ServerGame : 0.68722546
