ChoiceDialog : 0.8047698
InGameController : 0.785611
FoundingFatherTest : 0.7808858
ServerPlayer : 0.8476198
DebugMenu : 0.7997031
PreGameController : 0.8063282
InGameControllerTest : 0.7827178
