InGameController : 0.79058444
InGameInputHandler : 0.8161132
AIMessage : 0.7761196
IndianDemandMission : 0.81454736
