OptionMap : 0.85940844
OptionMapUI : 0.8864126
SelectOptionUI : 0.8698448
ActionManager : 0.8485855
