FreeColLookAndFeel : 0.706525
SfxLibrary : 0.68807536
MusicLibrary : 0.68739897
