OptionMap : 0.85940844
ActionManager : 0.8485855
SelectOptionUI : 0.8698448
