TileImprovementType : 0.82340187
ImprovementAction : 0.7968036
ActionManager : 0.8188443
MapControls : 0.69626474
InGameMenuBar : 0.77898073
