SelectOption : 0.87980926
OptionGroupUI : 0.8526493
OptionMapUI : 0.85836333
