InGameController : 0.68730265
Game : 0.6968291
TradeRoute : 0.692865
ServerPlayer : 0.69076717
ServerGame : 0.7661632
ServerTurn : 0.74734825
