ServerPlayer : 0.8476198
FreeColServer : 0.82498187
UserConnectionHandler : 0.8050455
