Europe : 0.74801844
TrainUnitInEuropeMessage : 0.81117374
InGameInputHandler : 0.8119509
