Tile : 0.79548573
FreeColGameObject : 0.68376434
TileItemContainer : 0.6860896
Map : 0.7784483
Colony : 0.7752814
CargoPanel : 0.67371416
IndianSettlement : 0.6834811
ColonyPanel : 0.7475859
BuildQueuePanel : 0.66554767
BuildingsPanel has been removed due to the repository version iteration
TilePanel : 0.70220214
