Unit : 0.6826281
Game : 0.82998943
AIMain : 0.8257855
ServerPlayer : 0.8476198
