InGameController : 0.68730265
UnitTest : 0.7736327
TilePopup : 0.6734963
