ServerPlayer : 0.68795997
FreeColGameObject : 0.66753644
FreeColServer : 0.6693053
ServerModelObject : 0.71623695
MapGenerator : 0.67250735
