Game : 0.82875794
OptionGroup : 0.83567387
DifficultyDialog : 0.8248319
ConnectController : 0.8070662
FreeColGameObjectType : 0.8216631
FreeColServer : 0.8195554
MapGenerator : 0.78996885
TileType : 0.82524866
EuropeanNationType : 0.81576353
SerializationTest : 0.6853288
NewPanel : 0.78808665
OptionReader has been removed due to the repository version iteration
