MapGeneratorOptions : 0.80931014
StartGamePanel : 0.8365424
MapGeneratorTest : 0.80473226
