OptionGroup : 0.8398526
Canvas : 0.80763394
Game : 0.8234162
MapGenerator : 0.81776154
OptionMap : 0.8207947
TerrainGenerator : 0.81329066
MapGeneratorOptionsDialog : 0.83419496
PreGameController : 0.806491
ConnectController : 0.81001806
LandGenerator : 0.83347195
MapGeneratorTest : 0.8011079
MapEditorController : 0.8205661
MapEditorMenuBar : 0.8071405
SaveLoadTest : 0.8050738
