FreeColServer : 0.8187956
SimpleMapGenerator : 0.8553985
PreGameController : 0.8639954
MapGeneratorTest : 0.8554962
SaveLoadTest : 0.8334888
NewEmptyMapAction : 0.8364852
MapEditorController : 0.84358484
