SimpleMapGenerator : 0.8536162
NewEmptyMapAction : 0.8364852
MockMapGenerator : 0.7876618
