DifficultyDialog : 0.85524416
GameOptionsDialog : 0.8458099
ClientOptionsDialog : 0.83987087
MapGeneratorOptionsDialog : 0.8547448
