Messages : 0.7429493
AbstractOption : 0.8176082
ListOptionUI : 0.78493154
FileOptionUI : 0.7974513
BooleanOptionUI : 0.80066663
IntegerOptionUI : 0.80696255
SelectOptionUI : 0.80610895
StringOptionUI : 0.7896179
AudioMixerOptionUI : 0.80365676
LanguageOptionUI : 0.80132
PercentageOptionUI : 0.80068946
OptionGroupUI : 0.7926809
RangeOptionUI : 0.7909124
