RangeOptionUI : 0.84772104
SelectOptionUI : 0.8624048
