ColonyTile : 0.8468702
DragListener : 0.7625558
