SimpleMapGenerator : 0.81365985
GameOptions : 0.80726075
SpecificationTest : 0.79639333
