InGameInputHandler : 0.73910666
GUI : 0.70340407
InGameController : 0.71582496
InputHandler : 0.73435783
PreGameInputHandler : 0.72170275
ServerPlayer : 0.7259668
StartGamePanel : 0.81819665
ConnectController : 0.7316854
PreGameController : 0.76673037
UserConnectionHandler : 0.7113196
