TileImprovement : 0.69446653
ServerBuildingTest : 0.67393637
UnitTest : 0.7736327
ServerUnit : 0.7024906
ServerUnitTest : 0.6879577
