Settlement : 0.8023046
ColonyPlan : 0.805948
AIColony : 0.79309326
