FreeColServer : 0.82498187
StringOption : 0.8301351
InGameController : 0.785611
