Event : 0.8634865
ServerGame : 0.6580315
LimitTest : 0.8145036
