UnitAction : 0.7312386
UnloadAction : 0.7144844
MapControls : 0.77929515
ActionManager : 0.67698246
InGameMenuBar : 0.64667267
UnitStateChangeAction : 0.7289953
