FreeColAction : 0.6780304
UnitStateChangeAction : 0.71463424
MapControls : 0.77929515
DragListener : 0.74287194
ActionManager : 0.67698246
