DragListener : 0.67524946
UnitAction : 0.8279579
ClearOrdersAction : 0.813125
ColopediaAction : 0.8300035
