Utils : 0.856528
RandomChoice : 0.8564341
ServerUnit : 0.8234264
TerrainGenerator : 0.81329685
LostCityRumour : 0.86074823
InGameController : 0.7840112
Monarch : 0.8005226
SimpleCombatModel : 0.75305295
ServerColony : 0.8176822
FreeColServer : 0.8636963
ServerIndianSettlement : 0.81015295
SimpleMapGenerator : 0.8268589
PreGameController : 0.8027182
