BuildingTest : 0.8723091
ColonyProductionTest : 0.88987607
ColonyTest : 0.8722379
