TerrainGenerator : 0.71984667
SimpleMapGenerator : 0.7208016
LandGenerator : 0.7453939
