AIColony : 0.76643395
AIColonyTest : 0.7737316
