Unit : 0.79548573
Player : 0.70394456
Settlement : 0.67661303
IndianSettlement : 0.6962754
Colony : 0.82152957
ColonyTile : 0.71292347
Map : 0.8128936
InGameController : 0.70575786
FoundingFatherTest : 0.6756245
SimpleMapGenerator : 0.7192738
InGameControllerTest : 0.6891468
UnitTest : 0.77723354
BuildColonyMessage : 0.70668375
ClaimLandMessage : 0.70692337
ServerIndianSettlementTest : 0.7005942
