ServerPlayer : 0.82837206
ConnectController : 0.8586161
UserConnectionHandler : 0.8646841
