ServerBuildingTest : 0.7689249
SimpleMapGenerator : 0.8153699
