InGameController : 0.68730265
ServerUnit : 0.70161384
ServerPlayer : 0.69076717
ServerModelController : 0.6902894
