ServerBuildingTest : 0.81434166
InGameControllerTest : 0.83695364
SerializationTest : 0.69527066
ServerColonyTest : 0.82851964
ServerIndianSettlementTest : 0.8381651
ServerUnitTest : 0.84902644
