FreeColAction : 0.6780304
ClearOrdersAction : 0.7211804
ColopediaAction : 0.6815517
UnitAction : 0.7312386
DragListener : 0.74287194
ColopediaTreeItem : 0.69316334
MapControls : 0.77929515
ColopediaPanel : 0.6791919
FreeColMenuBar : 0.66737276
ActionManager : 0.67698246
UnloadAction : 0.7144844
InGameMenuBar : 0.64667267
FortifyAction : 0.7246998
SentryAction : 0.7423515
SkipUnitAction : 0.7405813
