Game : 0.71613705
Canvas : 0.8296093
ImageLibrary : 0.6821695
IndianSettlement : 0.8440863
PlayersTableModel has been removed due to the repository version iteration
StartGamePanel : 0.68856746
PreGameController : 0.83731395
FreeColMenuBar : 0.8239832
