Player : 0.6901364
ColonyTile : 0.71708024
TileTest : 0.6666962
ServerIndianSettlementTest : 0.710867
ServerColonyTest : 0.7175109
ServerUnitTest : 0.7134814
