Mission : 0.6962644
ModelController : 0.7608153
ServerPlayer : 0.69076717
ServerModelController : 0.6902894
MockModelController : 0.7171594
BuildColonyMission : 0.6871543
TransportMission : 0.6889742
ClientModelController : 0.6770558
ScoutingMission : 0.6970591
InGameInputHandler : 0.7215142
InGameController : 0.68730265
PioneeringMission : 0.6797794
ColonialAIPlayer : 0.6907132
MapTest : 0.68184763
ServerUnit : 0.70163447
StandardAIPlayer : 0.6930526
FreeColClient : 0.68782866
MapGeneratorTest : 0.67899925
EuropeanAIPlayer : 0.6891932
