ServerUnit : 0.8110564
ServerUnitTest : 0.7998334
MockPseudoRandom : 0.82734936
