Tile : 0.79548573
Player : 0.68262804
InGameController : 0.68730265
Settlement : 0.6597131
