InGameController : 0.68730265
AIColony : 0.67911553
InGameInputHandler : 0.7215142
UnitTest : 0.7736327
ChangeWorkTypeMessage : 0.69603795
AIMessage : 0.68495446
InGameControllerTest : 0.67372495
