InGameController : 0.68730265
UnitTest : 0.7736327
ChangeWorkImprovementTypeMessage : 0.68990844
ServerUnitTest : 0.6841132
PioneeringMission : 0.6797794
AIMessage : 0.68495446
InGameInputHandler : 0.7215142
InGameControllerTest : 0.67372495
