ChangeStateMessage : 0.82357854
InGameInputHandler : 0.8119509
DefendSettlementMission : 0.81158936
EuropeanAIPlayer : 0.8106222
AIMessage : 0.8088695
