BuildingTest : 0.7055045
ServerColony : 0.7047935
