Tile : 0.7885778
Player : 0.71613705
Colony : 0.8084081
Map : 0.8456107
Connection : 0.70353067
FreeColGameObject : 0.7740531
ReceivingThread : 0.69393134
InGameInputHandler : 0.73910666
ColonyPanel : 0.7934501
FreeColClient : 0.7397683
MapGenerator : 0.7193208
ConnectController : 0.7316854
FreeColServer : 0.8525073
ServerUnit : 0.8036055
