ServerBuilding : 0.69209385
BuildingTest : 0.7055045
ColonyProductionTest : 0.6964396
