InGameInputHandler : 0.8119509
ReportHighScoresPanel : 0.77768093
