InGameControllerTest : 0.8371901
InGameInputHandler : 0.8119509
FoundingFather : 0.78652006
FoundingFatherTest : 0.8261282
ChangeSet : 0.7905306
