Canvas : 0.8296093
FreeCol : 0.8246851
InGameController : 0.81613976
CanvasKeyListener : 0.7657581
