TradeRoute : 0.692865
InGameController : 0.68730265
ChangeSet : 0.68645185
ClientModelController : 0.6770558
ServerModelController : 0.6902894
TradeRouteDialog : 0.66707844
InGameInputHandler : 0.7215142
ModelController : 0.7608153
