ServerGame : 0.68722546
InGameController : 0.8095416
FreeColServer : 0.8485933
MapGeneratorTest : 0.83280134
FreeColClient : 0.8606196
SimpleMapGenerator : 0.8329475
ConnectController : 0.84282434
FreeColTestCase : 0.8358689
GameTest : 0.825665
PlayerTest : 0.8075972
