Specification : 0.81544256
Feature : 0.82416683
Ability : 0.84098405
AbstractGoods : 0.8484221
FreeColGameObjectType : 0.8305605
AIGoods : 0.80865633
UnitType : 0.83937335
EquipmentType : 0.8279016
BuildingType : 0.83313215
BuildableType : 0.8266386
FreeColObject : 0.82646453
ResourceType : 0.8418454
AbstractUnit : 0.8424693
