Nation : 0.83184963
Event : 0.8385075
FreeColObject : 0.8157825
TileType : 0.83274835
FreeColGameObjectType : 0.8264637
ResourceType : 0.83711135
TileImprovementType : 0.8292243
Limit : 0.81053954
IndianNationType : 0.8238532
FoundingFather : 0.82458246
EuropeanNationType : 0.8151165
