InGameInputHandler : 0.6897983
ModelController : 0.7648613
ServerModelController : 0.6917549
ClientModelController : 0.68802786
