InGameController : 0.78599787
NegotiationDialog : 0.805278
ForeignAffairsMessage : 0.83395416
InGameInputHandler : 0.81168944
ReportForeignAffairPanel : 0.0
