SettlementType : 0.8387596
Settlement : 0.79938525
SimpleCombatModel : 0.7504509
NationType : 0.83662814
