ImageLibrary : 0.6712454
InGameInputHandler : 0.8302744
