FreeColServer : 0.8268443
SettlementType : 0.80113685
