NationSummary : 0.83086926
InGameController : 0.785611
Canvas : 0.8095665
NegotiationDialog : 0.8013276
ServerUnit : 0.8071985
GetNationSummaryMessage : 0.8106315
ReportForeignAffairPanel : 0.0
InGameInputHandler : 0.7970502
