AIColony : 0.7762562
AIUnit : 0.80102307
AIInGameInputHandler : 0.8130969
AIPlayer : 0.77851045
ColonialAIPlayer : 0.799488
EuropeanAIPlayer : 0.79666674
StandardAIPlayer : 0.80160487
REFAIPlayer : 0.8053386
