Tile : 0.77680576
GUI : 0.6756161
FoundingFather : 0.7029156
ServerUnit : 0.76034194
InfoPanel : 0.7801481
