MiniMapZoomInAction : 0.842207
MiniMapZoomOutAction : 0.8424214
Messages : 0.7893312
ActionManager : 0.82413673
