ReceivingThread : 0.82891464
Connection : 0.838269
Server : 0.711338
