Colony : 0.70196235
Settlement : 0.8039479
ServerUnit : 0.7974375
ColonyPlan : 0.8071486
ColonyPlanTest : 0.7996061
