Unit : 0.66917723
Colony : 0.6965101
Europe : 0.88076776
IndianSettlement : 0.7904038
Mission : 0.8184233
ColonyTile : 0.821283
Building : 0.6836614
InGameController : 0.81996757
StandardAIPlayer : 0.8377208
TransportMission : 0.8207554
SimpleCombatModel : 0.7897963
BuildColonyMission : 0.83450955
SelectDestinationDialog : 0.8257676
EquipUnitMessage : 0.8609264
