GoodsType : 0.6965664
Settlement : 0.6799895
ServerColony : 0.7123316
CompactLabourReport : 0.69750386
ServerIndianSettlement : 0.71416587
