Number : 0.877307
OtherNumberRule : 0.86215353
