Specification : 0.8246135
Feature : 0.8301735
Modifier : 0.82513404
Colony : 0.67495024
InGameController : 0.8050693
ColonyTest : 0.79487693
