Settlement : 0.8120401
ColonyPanel : 0.6632248
CompactLabourReport : 0.8030911
ServerIndianSettlement : 0.82088405
ServerColony : 0.8162978
