Specification : 0.7037911
BuildingTest : 0.7055045
ColonyProductionTest : 0.6964396
