Europe : 0.71062833
InGameController : 0.81613976
InGameInputHandler : 0.8268874
