Player : 0.8476197
InGameController : 0.7840112
ServerUnit : 0.8052994
TransactionSession : 0.8508874
IndianNationType : 0.8389901
ChatMessage : 0.8774251
GoodsForSaleMessage : 0.83427644
ServerGame : 0.6879599
