Europe : 0.7838916
InGameController : 0.7840112
