ServerPlayer : 0.8476198
InGameController : 0.785611
