ServerBuilding : 0.6910462
ServerColony : 0.70662653
