ServerBuilding : 0.6920642
ServerColony : 0.70662653
