InGameController : 0.7880511
Canvas : 0.8046332
