GUI : 0.6756161
MapControls : 0.7663487
MiniMap : 0.75899667
InGameController : 0.6909717
Canvas : 0.6652511
UnitButton : 0.6767977
FreeColMenuBar : 0.6796424
InfoPanel : 0.7801481
