FreeColListUI : 0.8428216
FreeColLookAndFeel : 0.8223234
FreeColTextFieldUI : 0.8401678
FreeColTextAreaUI : 0.8419586
MainPanel : 0.82317644
FreeColPopupMenuUI : 0.8343866
FreeColMenuBarUI : 0.8343866
FreeColPanelUI : 0.8343866
VictoryPanel : 0.83048713
