Unit : 0.6826281
InGameController : 0.785611
