Mission : 0.80954033
AIPlayer : 0.77851045
NewAIPlayer : 0.81317246
TransportMission : 0.80058813
PrivateerMission : 0.8079787
PioneeringMission : 0.80001456
AIColony : 0.7762562
WishRealizationMission : 0.80819476
IndianBringGiftMission : 0.809522
CashInTreasureTrainMission : 0.79325306
ScoutingMission : 0.79828036
