IndianBringGiftMission : 0.81055045
DeliverGiftMessage : 0.8022572
