InGameController : 0.7840112
TransactionSession : 0.8422943
ServerGame : 0.6879599
