Building : 0.8571913
Settlement : 0.6799895
ColonyPanel : 0.78556925
ServerColony : 0.7116599
