DifficultyDialog : 0.85799557
BooleanOption : 0.85352457
IntegerOption : 0.8627215
AbstractOption : 0.87961054
ServerUnitTest : 0.7835988
FoundingFatherTest : 0.7762824
IntegerOptionUI : 0.8687303
