GameOptionsDialog : 0.8418577
ClientOptionsDialog : 0.83808446
MapGeneratorOptionsDialog : 0.85062164
DifficultyDialog : 0.8404329
