FoundingFather : 0.7967649
Canvas : 0.8296093
InputHandler : 0.8180164
Building : 0.69526833
Turn : 0.8088571
InGameController : 0.81613976
FreeColServer : 0.70578706
AIInGameInputHandler : 0.8275603
InGameInputHandler : 0.8268874
FreeColLookAndFeel : 0.826064
PreGameInputHandler : 0.82253677
