ModelController : 0.76215464
Colony : 0.79941905
Building : 0.8180312
Player : 0.68240803
ColonyTile : 0.8269613
ServerModelController : 0.68618226
ClientModelController : 0.69471085
