InGameController : 0.7840112
ServerUnit : 0.8056029
ServerPlayerTest : 0.8063323
ServerColony : 0.81747246
