ClientOptions : 0.79436016
DifficultyDialog : 0.83466184
OptionGroupUI : 0.83223
OptionsDialog : 0.83750516
MapGeneratorOptionsDialog : 0.8386496
ClientOptionsDialog : 0.8340406
GameOptionsDialog : 0.83150256
MapEditorController : 0.8551438
