DifficultyDialog : 0.8404329
OptionsDialog : 0.84670794
