DifficultyDialog : 0.8629833
GameOptionsDialog : 0.8515667
ClientOptionsDialog : 0.8540358
MapGeneratorOptionsDialog : 0.85887814
