Unit : 0.68129426
BuildingType : 0.7749809
Building : 0.68824345
Colony : 0.6945942
UnitType : 0.77505535
ColonyProductionTest : 0.6875955
