InGameInputHandler : 0.8119509
PreGameController : 0.8489786
ConnectController : 0.8181416
