Tile : 0.82152957
ImageLibrary : 0.7813652
ServerColony : 0.7116599
