Colony : 0.7752814
UnitType : 0.69786566
Building : 0.79472035
Consumer : 0.6907619
