ServerPlayer : 0.84299076
ModelMessage : 0.8516433
ChooseFoundingFatherDialog : 0.81239504
InGameController : 0.81613976
