IndianSettlement : 0.83545893
InGameControllerTest : 0.7827178
InGameController : 0.785611
GUI : 0.81860054
ScoutingMission : 0.8208521
ServerIndianSettlement : 0.8082439
IndianSettlementPanel : 0.0
ReportIndianPanel : 0.77350444
