Settlement : 0.67661303
PlayerExploredTile : 0.70120174
ServerPlayer : 0.7021067
TileItemContainer : 0.70866174
