ServerPlayer : 0.8655904
Tile : 0.70120174
InGameController : 0.7804094
ServerUnit : 0.7970365
