FreeColServer : 0.8485933
MapConverter : 0.79096156
