Colony : 0.6799895
IndianSettlement : 0.8117399
PlayerExploredTile : 0.8111458
ImageLibrary : 0.66326904
