Colony : 0.6799895
IndianSettlement : 0.8117399
