BuildQueue : 0.6859737
ServerColony : 0.71191114
ColonyProductionTest : 0.6894678
