Consumer : 0.69623214
BuildQueue : 0.6859737
GoodsTest : 0.70760673
BuildQueuePanel : 0.6774878
ServerColony : 0.71191114
