TileItemContainer : 0.70866174
TileTest : 0.66979873
