InGameInputHandler : 0.8119509
ConnectController : 0.8181416
