InGameController : 0.785611
SetTradeRoutesMessage : 0.81274056
TradeRouteDialog : 0.79979897
