Player : 0.68262804
Tile : 0.79548573
ServerPlayer : 0.69076717
InGameControllerTest : 0.67372495
SimpleCombatModel : 0.6790176
TransportMissionTest : 0.7076456
