ServerUnit : 0.8094957
ChangeSet : 0.8153952
ServerGame : 0.6802775
