Region : 0.8306313
Messages : 0.79262215
