TransportMission : 0.8240559
PioneeringMission : 0.8216348
WishRealizationMission : 0.8174672
BuildColonyMission : 0.8221614
PrivateerMission : 0.8264666
CashInTreasureTrainMission : 0.83268815
ScoutingMission : 0.8348694
UnitSeekAndDestroyMission : 0.8347364
DefendSettlementMission : 0.82598525
IndianBringGiftMission : 0.82397467
IndianDemandMission : 0.82214046
UnitWanderHostileMission : 0.84074634
IdleAtColonyMission : 0.8339259
