PrivateerMission : 0.8264666
WorkInsideColonyMission : 0.8251263
TransportMission : 0.8240559
BuildColonyMission : 0.8221614
WishRealizationMission : 0.8174672
CashInTreasureTrainMission : 0.83268815
ScoutingMission : 0.8348694
UnitSeekAndDestroyMission : 0.8347364
DefendSettlementMission : 0.82598525
IndianBringGiftMission : 0.82397467
PioneeringMission : 0.8216348
IndianDemandMission : 0.82214046
UnitWanderHostileMission : 0.84074634
UnitWanderMission : 0.83362305
IdleAtColonyMission : 0.8339259
