RandomRange : 0.8282122
ServerPlayer : 0.83766115
SettlementType : 0.81841975
InGameController : 0.7795259
