AIPlayer : 0.794734
ColonialAIPlayer : 0.81871265
StandardAIPlayer : 0.8234978
