NationType : 0.70108837
Modifier : 0.67087555
SimpleCombatModel : 0.6790176
IndianNationType : 0.6882017
EuropeanNationType : 0.684195
CombatTest : 0.6767838
