NetworkConstants : 0.7337639
PioneeringMission : 0.81249297
ClaimLandMessage : 0.8170076
TensionTest : 0.83866286
