ServerPlayer : 0.81674844
ServerEurope : 0.7890652
PreGameController : 0.8663536
