IndianSettlement : 0.8375478
ServerPlayer : 0.85836744
InGameController : 0.77654314
GoodsTest : 0.79909563
