ServerUnit : 0.69580376
InGameController : 0.68730265
