IndianSettlement : 0.83545893
ServerPlayer : 0.8476198
