IndianSettlement : 0.67821866
Settlement : 0.6799895
ServerPlayer : 0.68909526
RandomRange : 0.6702969
InGameControllerTest : 0.68118066
InGameController : 0.69340336
SettlementType : 0.6783585
FoundingFatherTest : 0.6888085
