Colony : 0.6901364
Europe : 0.77924865
InGameController : 0.785611
Monarch : 0.79737854
ServerPlayer : 0.8476198
IndianDemandMission : 0.8098244
PioneeringMission : 0.8050166
InGameInputHandler : 0.7970502
StandardAIPlayer : 0.8089794
TransportMission : 0.8083147
GoldTradeItem : 0.8341769
ServerIndianSettlement : 0.80839944
EmigrateUnitMessage : 0.8295285
IndianAIPlayer : 0.81292516
InGameMenuBar : 0.7802659
DragListener : 0.6493789
RecruitDialog : 0.81108606
TrainDialog : 0.81840134
SelectAmountDialog : 0.82106495
