GUI : 0.6765416
ServerUnit : 0.7822566
InGameController : 0.67953914
Client : 0.6612791
FreeColServer : 0.7555136
PreGameController : 0.68947625
MapGenerator : 0.6899075
InGameInputHandler : 0.6809433
TerrainGenerator has been removed due to the repository version iteration
ConnectController : 0.66655713
FreeColMenuBar : 0.673491
