Tile : 0.70394456
Colony : 0.6901364
