UnitType : 0.69786566
InGameController : 0.68730265
InGameControllerTest : 0.67372495
ServerUnit : 0.69415843
SimpleCombatModel : 0.6790176
UnitTypeChangeTest : 0.65059525
DragListener : 0.74287194
