ScoutingMission : 0.8348694
TransportMission : 0.8240559
PioneeringMission : 0.8216348
GotoAdjacentGoal : 0.8022291
