Building : 0.79472035
Tile : 0.79548573
ColonyTile : 0.69598144
Colony : 0.7752814
Consumer : 0.69361186
UnitType : 0.69786566
ColonyProductionTest : 0.65936875
TileTest : 0.6496533
BuildQueue : 0.6744955
ServerColonyTile : 0.6953561
