ProductionInfo : 0.70953166
Colony : 0.8571913
BuildingType : 0.7031481
UnitType : 0.7030582
BuildQueue : 0.6882516
AbstractGoods : 0.7033789
ColonyProductionTest : 0.6964396
BuildingTest : 0.7055045
ProductionMap : 0.6678182
