Consumer : 0.78035676
Colony : 0.69758034
Unit : 0.69786566
ProductionInfo : 0.83557004
BuildQueue : 0.8288635
AbstractGoods : 0.85923153
ColonyProductionTest : 0.7912071
Building : 0.70305824
ProductionMap : 0.7997912
