Unit : 0.7752814
ProductionMap : 0.6738588
ColonyProductionTest : 0.6894678
BuildQueue : 0.6859737
