Unit : 0.79548573
RiverSection : 0.70476747
TileTest : 0.66979873
MovementTest : 0.6929579
