ServerBuilding : 0.68386763
BuildQueue : 0.6859737
ServerBuildingTest : 0.6890114
ServerColony : 0.70695645
ServerColonyTest : 0.7178278
