ProductionLabel : 0.6697991
ServerColony : 0.6732661
