BuildingPanel : 0.84626603
BuildingToolTip : 0.88384974
ReportProductionPanel : 0.8114775
ReportReligiousPanel : 0.77132016
