ProductionInfo : 0.6806353
Colony : 0.7752814
Consumer : 0.6810708
UnitType : 0.69786566
BuildQueue : 0.6744955
Building : 0.79472035
ColonyProductionTest : 0.65936875
