Colony : 0.7038693
Tile : 0.70765823
ProductionInfo : 0.85165447
ProductionTree : 0.8281718
