ColonyPanel : 0.6821667
ReportTradePanel : 0.8120975
