ReportTradePanel : 0.85071146
ColonyProductionTest : 0.7821741
