ColonyTile : 0.8269613
MapGenerator : 0.6918076
