AIColony : 0.7070553
ServerColony : 0.70695645
BuildingTest : 0.6944364
ScoutingMission : 0.6959153
ServerColonyTest : 0.7173139
ColonyProductionTest : 0.6894678
