FreeColClient : 0.8332219
ImageResource : 0.8215699
AudioResource : 0.79669964
