Colony : 0.82152957
Settlement : 0.67661303
ServerColonyTest : 0.6941207
ServerIndianSettlement : 0.7148287
ServerIndianSettlementTest : 0.69871265
