MapControls : 0.7028902
MapEditorController : 0.8551438
FreeColClient : 0.8486763
