ServerColonyTest : 0.7166385
ColonyProductionTest : 0.6894678
