ShowMainAction : 0.67822796
Controller : 0.67411166
