DifficultyDialog : 0.85618633
MapGeneratorOptionsDialog : 0.85206336
GameOptionsDialog : 0.84277034
ClientOptionsDialog : 0.8452483
