ColonyTile : 0.71292347
TileTest : 0.66979873
ServerColonyTile : 0.72404385
