ServerPlayer : 0.8476198
InGameInputHandler : 0.7970502
InGameController : 0.785611
AIInGameInputHandler : 0.8050455
