Game : 0.82998943
InGameController : 0.785611
InGameInputHandler : 0.7970502
