Colony : 0.7752814
Building : 0.79472035
ColonyTile : 0.69598144
SchoolTest : 0.66260916
ServerBuilding : 0.67324346
ServerBuildingTest : 0.6643865
