InGameController : 0.7896493
TradeRouteDialog : 0.8124983
AssignTradeRouteMessage : 0.83784086
