NewPanel : 0.8241456
MapEditorMenuBar : 0.8385376
