SchoolTest : 0.7673273
InGameController : 0.785611
