MapGeneratorOptionsDialog : 0.82108754
GameOptionsDialog : 0.81260145
