FreeColClient : 0.84371525
PreGameController : 0.81935084
ConnectController : 0.84293073
MapControlsAction : 0.8374436
MapEditorController : 0.8564366
