ColonyTile : 0.71930516
ServerColony : 0.70439893
