OptionsDialog : 0.82728535
MapGeneratorOptionsDialog : 0.8386496
MapEditorController : 0.8551438
GameOptionsDialog : 0.83150256
StartGamePanel : 0.83759105
ShowMapGeneratorOptionsAction : 0.86535275
ShowGameOptionsAction : 0.8532525
