FreeColClient : 0.8278822
OptionsDialog : 0.81802577
ClientOptionsDialog : 0.8225223
