AssignTradeRouteMessage : 0.8239694
TradeRouteInputDialog : 0.77335674
