InGameController : 0.78692114
ScaleMapAction : 0.8482561
