ModelMessage : 0.78901815
ClientOptions : 0.77743566
