GUI : 0.8294151
ConnectController : 0.84772944
