Canvas : 0.826542
FreeColDialog : 0.8185187
ConnectController : 0.8655356
