VictoryPanel : 0.84583354
InGameInputHandler : 0.8302744
