Tile : 0.79548573
InGameController : 0.68730265
TransportMission : 0.6889742
GUI : 0.6723331
PrivateerMission : 0.6994813
SelectDestinationDialog : 0.6769361
