ConstructionPanel : 0.8004025
ColonyPanel : 0.6726484
