FreeColClient : 0.69050217
FullScreenFrame : 0.661784
FreeCol : 0.65688735
