TerrainGenerator : 0.71154577
ScaleMapAction : 0.6714213
