ViewMode : 0.84718084
MapControls : 0.7020618
TilePopupAction : 0.84644586
