StringTemplate : 0.81877244
MessagesTest : 0.8004184
DefaultNumberRule : 0.78568023
OtherNumberRule : 0.7308225
AllTests : 0.8591988
Number : 0.74353284
ZeroOneNumberRule : 0.75084937
PluralNumberRule : 0.7421187
DualNumberRule : 0.7333654
Selector : 0.7231384
