ServerPlayer : 0.8476198
InGameController : 0.785611
FoundingFatherTest : 0.7808858
