Tile : 0.70394456
Game : 0.82998943
Monarch : 0.79737854
InGameController : 0.785611
ServerPlayer : 0.8476198
ChangeSet : 0.79282147
ColonialAIPlayer : 0.80460095
NewAIPlayer : 0.8112846
StandardAIPlayer : 0.8089794
InGameInputHandler : 0.7970502
ServerGame : 0.67420864
ReportForeignAffairPanel : 0.0
