ModelController : 0.757197
ServerModelController : 0.87892425
InGameController : 0.87634075
ReceivingThread : 0.8265726
ClientModelController : 0.8475135
