Goods : 0.6535215
ColopediaPanel : 0.79724807
GoodsTest : 0.7900705
MessagesTest : 0.8004184
NumberRules : 0.8305804
