Europe : 0.7321697
Canvas : 0.83027434
InGameController : 0.87634075
EmigrationPanel : 0.8327284
