Messages : 0.6336912
GUI : 0.6843262
ConstructionPanel : 0.6587836
