FoundingFather : 0.8283258
BuildingType : 0.8295464
