Building : 0.8571913
ColonyTile : 0.71708024
AIColony : 0.7070553
ColonyPanel : 0.78556925
RebelToolTip : 0.6937374
BuildingTest : 0.6944364
PopulationPanel has been removed due to the repository version iteration
ReportProductionPanel : 0.69532263
