ConstructionPanel : 0.6587836
ColonyPanel : 0.78556925
