FreeColDialog : 0.82849073
FreeColMenuBar : 0.83926344
