Tile : 0.70394456
ColonyTile : 0.8169931
SimpleMapGenerator : 0.8139821
SettlementTest : 0.79170555
