InGameController : 0.80186343
OptionsDialog : 0.8330027
FreeColObject : 0.8319704
MiniMap : 0.69678795
MapEditorController : 0.84694654
ServerTestHelper : 0.85268605
ClientOptionsDialog : 0.8254421
MapConverter : 0.83365476
