ClientOptions : 0.81388706
FreeColServer : 0.85364455
GUI : 0.82664144
ConnectController : 0.84223706
MapConverter : 0.8499858
DisplayTileTextAction : 0.8578765
