BuildingPanel : 0.70295715
BuildingToolTip : 0.6912873
ReportProductionPanel : 0.6919892
ReportReligiousPanel : 0.6663342
