ConnectController : 0.8367528
SelectableAction : 0.85239655
DisplayTileTextAction : 0.86126405
DisplayBordersAction : 0.85141677
DisplayGridAction : 0.85186625
MapControlsAction : 0.83626497
ChangeWindowedModeAction : 0.8158605
