StartGamePanel : 0.8343385
PreGameInputHandler : 0.84089094
MapEditorController : 0.8440849
MapEditorMenuBar : 0.8568907
