GUI : 0.8294151
CanvasMouseListener : 0.7861236
