ServerPlayer : 0.78401107
ServerPlayerTest : 0.8424911
