ServerColony : 0.70769393
InGameController : 0.6930049
IndianBringGiftMission : 0.72759295
