Colony : 0.6901364
InGameController : 0.785611
FreeColLookAndFeel : 0.7875781
LootCargoMessage : 0.81669754
AttackMessage : 0.81967115
ReportHighScoresPanel : 0.81146646
CaptureGoodsDialog : 0.7989825
DebugMenu : 0.7997031
