ServerPlayer : 0.69076717
SimpleCombatModel : 0.6790176
ScoutingMission : 0.6970591
ServerColony : 0.6847593
PrivateerMission : 0.6994813
