ColonyTile : 0.69598144
ServerUnit : 0.6950116
ServerColony : 0.6847593
