InGameController : 0.8380289
SimpleCombatModel : 0.81436956
InGameInputHandler : 0.8131594
ServerIndianSettlement : 0.8247717
ReportRequirementsPanel : 0.8050374
ServerColonyTile : 0.8442455
