Colony : 0.82152957
IndianSettlement : 0.6962754
GoodsContainer : 0.6940604
FreeColMenuTest : 0.6506505
WishRealizationMission : 0.6935923
CreateMissionAtSettlementGoal : 0.68905234
ServerGame : 0.7859044
