Canvas : 0.8294151
ServerPlayerTest : 0.81487185
CanvasMapEditorMouseListener : 0.8343798
CanvasMouseListener : 0.7761875
ServerIndianSettlementTest : 0.7991817
