ConnectController : 0.85808337
UserConnectionHandler : 0.8400668
