Specification : 0.6919525
InGameController : 0.68730265
CombatModel : 0.67718834
SimpleCombatModel : 0.6790176
FreeColServer : 0.6828241
BaseCostDeciderTest : 0.7051595
