InGameController : 0.787502
GUI : 0.8294151
CanvasMapEditorMouseListener : 0.8219969
CanvasMouseMotionListener : 0.8119036
CanvasMouseListener : 0.7861236
ServerPlayer : 0.8459758
ConnectController : 0.84772944
PreGameController : 0.81337905
ScaleMapAction : 0.84457403
TilePopupAction : 0.830403
GotoTileAction : 0.84472066
