InGameController : 0.787502
InGameInputHandler : 0.8064172
