Building : 0.8180312
ColonyTile : 0.8269613
