Modifier : 0.82416683
Ability : 0.8331709
FeatureContainer : 0.83017355
ColopediaPanel : 0.8013187
