ServerPlayer : 0.8476198
AIMessage : 0.77416915
InGameController : 0.785611
REFAIPlayer : 0.8030187
InGameInputHandler : 0.7970502
AIPlayer : 0.79338306
StandardAIPlayer : 0.8089794
EuropeanAIPlayer : 0.8045148
