Colony : 0.8571913
BuildableType : 0.6976824
