MarketLabel : 0.8760447
AbstractGoodsLabel : 0.86591655
GoodsLabel : 0.85889745
