ColonyPanel : 0.67572784
EuropePanel : 0.6814448
ColopediaPanel : 0.81387967
FreeColPanel : 0.8254908
ReportPanel : 0.83429074
