Canvas : 0.678761
UnitType : 0.7085264
InGameController : 0.70575786
CanvasMapEditorMouseListener : 0.6696393
ScoutingMission : 0.7167451
PlayerExploredTile : 0.70120174
DemandTributeMessage : 0.7106037
ManageMissionariesGoal : 0.70838636
AskSkillMessage : 0.7181449
LearnSkillMessage : 0.71723205
InciteMessage : 0.7177851
ScoutIndianSettlementMessage : 0.724056
MissionaryMessage : 0.7155839
