InGameController : 0.76315343
ServerIndianSettlementTest : 0.7719782
StandardAIPlayer : 0.80065036
TilePopup : 0.77646023
IndianAIPlayer : 0.79696774
