ColonyPanel : 0.6835758
EuropePanel : 0.6884892
FreeColClient : 0.82008255
ReportPanel : 0.8292841
FreeColPanel : 0.8077141
