ColopediaPanel : 0.68357587
FreeColPanel : 0.67239743
EuropePanel : 0.76839733
ReportPanel : 0.6904402
FindSettlementDialog : 0.6921935
TradeRouteInputDialog : 0.67483383
TradeRouteDialog : 0.668355
