TrainDialog : 0.6775611
InformationDialog : 0.67934245
RecruitDialog : 0.6672038
TradeRouteDialog : 0.668355
LoadingSavegameDialog : 0.6728634
ConfirmDeclarationDialog : 0.6856694
PreCombatDialog : 0.6730565
