FreeColListUI : 0.88087386
FreeColComboBoxUI : 0.8674165
