UnitType : 0.69786566
ServerUnit : 0.6951436
InGameController : 0.68730265
