FreeColObject : 0.8257448
InGameController : 0.8095416
