ClientOptions : 0.79436016
FreeColClient : 0.8486763
