ServerColony : 0.708887
InGameController : 0.69340336
ProductionCache : 0.7199015
