Colony : 0.6799895
IndianSettlement : 0.8117399
SimpleCombatModel : 0.7133499
