InGameController : 0.6930049
ServerBuilding : 0.6881844
