ClientOptions : 0.77743566
PreGameInputHandler : 0.80555475
MapEditorController : 0.80266553
