InGameMenuBar : 0.80942225
ActionManager : 0.8189132
ReportEducationPanel : 0.8283696
ReportEducationAction : 0.853171
ReportReligiousPanel : 0.7657797
