ConnectController : 0.8181416
OptionGroup : 0.78416604
