FreeColAction : 0.7722154
Canvas : 0.78750193
ActionManager : 0.79657316
ContinueAction : 0.8172885
MainPanel : 0.7845086
