ServerColony : 0.8082315
ProductionCache : 0.8328965
