ProductionInfo : 0.70734495
Consumer : 0.68760216
BuildQueue : 0.6882516
BuildingType : 0.7031481
ProductionCache : 0.72078913
