Europe : 0.6736164
EquipmentType : 0.6898779
BuildingTest : 0.6563053
EuropeTest : 0.70988756
AllTests : 0.68068105
