ClientOptions : 0.817022
OptionGroup : 0.85223806
ActionManager : 0.8382095
ConnectController : 0.85808337
UnloadAction : 0.8456242
ListOption : 0.82417893
