MainPanel : 0.8479618
ChatPanel : 0.73505247
