FreeColMenuTest : 0.8381101
InGameMenuBar : 0.83930254
MapEditorMenuBar : 0.855227
