Player : 0.70394456
InGameController : 0.70575786
ColonyTest : 0.68217653
BuildColonyMission : 0.7069856
ClaimLandMessage : 0.70692337
