ServerPlayer : 0.78401107
FreeColServer : 0.80186343
