InGameController : 0.68730265
DragListener : 0.74287194
