Europe : 0.6736164
ServerEurope : 0.68270457
