InGameController : 0.68730265
Map : 0.7784483
TransportMission : 0.6889742
PrivateerMission : 0.6994813
DefendSettlementMission : 0.69522285
UnitSeekAndDestroyMission : 0.6965757
DemandTributeMessage : 0.6937024
AttackMessage : 0.69120586
CombatTest : 0.6767838
UnitWanderHostileMission : 0.7120857
TilePopup : 0.6734963
MovementTest : 0.66848
CostDeciders : 0.70356536
BaseCostDecider : 0.6999681
