Player : 0.69114286
BuildingTest : 0.7055045
IndividualFatherTest : 0.71121264
