TileItemContainer : 0.71671534
ReportRequirementsPanel : 0.6567315
