Settlement : 0.8117399
ServerIndianSettlement : 0.8009429
SettlementType : 0.8451885
