FeatureContainer : 0.81572914
FreeColGameObjectType : 0.81332093
ServerEurope : 0.7881701
Europe : 0.77924865
Settlement : 0.8023046
ModifierTest : 0.78782994
ServerPlayer : 0.8476198
BuildQueuePanel : 0.80566
