Game : 0.82875794
Server : 0.67879844
FreeColTestCase : 0.81003845
TerrainGenerator : 0.7948501
Controller : 0.81268495
