Building : 0.8571913
Ability : 0.6583345
CompactLabourReport : 0.69750386
ColopediaPanel : 0.68982583
ColonyPlan : 0.70595145
ServerBuilding : 0.6843089
BuildingTest : 0.6944364
ServerBuildingTest : 0.689353
LabourData : 0.7118892
BuildingToolTip : 0.6916486
SchoolTest : 0.6890717
ReportEducationPanel : 0.65805775
