Ability : 0.6640351
BuildingType : 0.7031481
BuildQueue : 0.6882516
BuildingPanel : 0.70295715
