Ability : 0.67408174
InGameControllerTest : 0.67372495
SpecificationTest : 0.6586987
SimpleCombatModel : 0.6790176
