ProductionInfo : 0.70661116
LabourData : 0.7158954
DragListener : 0.73944557
