Building : 0.8571913
ColonyTile : 0.71708024
IndianSettlement : 0.67821866
Europe : 0.71039665
ServerPlayer : 0.68909526
UnitTest : 0.78942764
BuildingTest : 0.6944364
ReportRequirementsPanel : 0.6932059
ColonyTest : 0.709022
ServerUnitTest : 0.7036394
IndividualFatherTest : 0.70018077
IndianAIPlayer : 0.69836897
IndianSettlementTest : 0.70721626
