InGameController : 0.7840112
ServerUnit : 0.806856
