Europe : 0.6736164
Tile : 0.79548573
IndianSettlement : 0.6834811
ColonyTile : 0.69598144
InGameController : 0.68730265
ServerPlayer : 0.69076717
ColonyPanel : 0.7475859
PrivateerMission : 0.6994813
TilePopup : 0.6734963
EditSettlementDialog : 0.6703052
