Settlement : 0.8023046
Tile : 0.70394456
ServerPlayer : 0.8476198
