InGameInputHandler : 0.8317628
InGameController : 0.7840112
FreeColServer : 0.8636963
ServerAPI : 0.8083353
