Colony : 0.8084081
ServerPlayer : 0.7259668
FreeColServer : 0.8525073
AIInGameInputHandler : 0.85473335
