StringOption : 0.8483828
OptionGroupUI : 0.83847415
IntegerOption : 0.85215783
ListOption : 0.83322984
LanguageOption : 0.83831215
SelectOption : 0.84819716
FileOption : 0.858793
BooleanOption : 0.84844595
PercentageOption : 0.8434493
