ChangeSet : 0.8211836
InGameController : 0.7840112
ServerUnit : 0.80655056
ServerColony : 0.8088042
