ServerPlayer : 0.8476198
InGameInputHandler : 0.7970502
