UnitButton : 0.6995402
MapControls : 0.7028902
ConnectController : 0.84772944
MiniMap : 0.7030209
