Colony : 0.82152957
Game : 0.70962346
PlayerExploredTile : 0.70120174
