Player : 0.68262804
IndianSettlement : 0.6834811
GoodsWish : 0.6959973
MarketLabel : 0.69243705
AIGoods : 0.6715446
TransportMission : 0.6889742
InGameController : 0.68730265
SettlementType : 0.68683153
IndianDemandMission : 0.70657575
AIColony : 0.67911553
DefaultTransferHandler : 0.7492497
DragListener : 0.74287194
LoadAction : 0.69991636
