HighScore : 0.83166665
InGameController : 0.787502
FreeColClient : 0.8486763
ServerAPI : 0.7868418
WindowedFrameListener : 0.80403495
QuitAction : 0.8549926
ReportHighScoresAction : 0.85668606
VictoryPanel : 0.8545187
ReportHighScoresPanel : 0.8534524
