Tension : 0.85290945
InGameController : 0.76315343
ReportIndianPanel : 0.7381255
