Colony : 0.65274143
WindowedFrame : 0.7937071
FreeColClient : 0.8410739
