Monarch : 0.8022163
MonarchActionMessage : 0.7872114
AbstractUnit : 0.79401994
InGameInputHandler : 0.8119509
AIInGameInputHandler : 0.8078491
MonarchPanel : 0.80966794
