ServerPlayer : 0.69076717
ServerUnit : 0.6912007
