Game : 0.8168457
ServerPlayer : 0.8308468
InGameInputHandler : 0.7828544
GameTest : 0.7908119
GameOptions : 0.8114625
