Building : 0.8571913
IndividualFatherTest : 0.70018077
