Unit : 0.7752814
WorkLocation : 0.77352685
ColonyTile : 0.71708024
Building : 0.8571913
