Colony : 0.7752814
Ability : 0.67408174
UnitType : 0.69786566
Monarch : 0.6926027
GoodsLabel : 0.685435
AIColony : 0.67911553
ServerUnit : 0.6912007
ColonyPlan : 0.67835766
UnitLabel : 0.7782016
EuropeanAIPlayer : 0.6891932
ServerColony : 0.68566406
DefaultTransferHandler : 0.7492497
DragListener : 0.74287194
BuildQueuePanel : 0.66554767
WarehouseGoodsPanel has been removed due to the repository version iteration
ReportTradePanel : 0.6867569
