ServerPlayer : 0.8476198
HighSeas : 0.8139795
UnitLocation : 0.82754004
