Building : 0.8571913
WorkLocation : 0.77352685
ReportRequirementsPanel : 0.6932059
