ColonyTile : 0.71930516
GUI : 0.6791441
UnitLocation : 0.709586
IndividualFatherTest : 0.7139319
ServerColonyTile : 0.72843397
