WorkLocation : 0.7635117
ColonyTile : 0.71930516
ReportColonyPanel : 0.0
