Player : 0.68262804
Game : 0.6968291
NewWorld : 0.7062554
FreeColGameObject : 0.68376434
HighSeas : 0.6874012
ServerPlayer : 0.69076717
EuropePanel : 0.7693424
ServerUnit : 0.6913292
InGameController : 0.68730265
DefaultTransferHandler : 0.7492497
DebugMenu : 0.67871815
ReportPanel : 0.6947533
ReportCargoPanel : 0.6833753
ReportMilitaryPanel : 0.6901141
ReportNavalPanel : 0.68745965
DestinationPanel has been removed due to the repository version iteration
