BuildColonyMission : 0.8032973
MoveToAmericaMessage : 0.8167106
MoveToEuropeMessage : 0.81975067
