Game : 0.7971874
Player : 0.68240803
InGameController : 0.6909717
Canvas : 0.6652511
