Tile : 0.79548573
FreeColGameObject : 0.68376434
Europe : 0.6736164
IndianSettlement : 0.6834811
