HighSeas : 0.81164896
InGameController : 0.785611
