Settlement : 0.6597131
IndianSettlement : 0.6834811
Colony : 0.7752814
GoodsLocation : 0.68374634
ServerColony : 0.6869543
UnitTest : 0.7736327
ServerIndianSettlement : 0.6899339
HighSeasTest : 0.7190545
