Unit : 0.6826281
Europe : 0.77924865
FreeColServer : 0.82498187
