Europe : 0.6736164
Tile : 0.79548573
GoodsContainer : 0.67730343
GoodsLocation : 0.68334323
Building : 0.79472035
UnitLocation : 0.69964755
IndianSettlement : 0.6834811
Colony : 0.7752814
NewWorld : 0.70703787
WorkLocation : 0.74617183
ColonyTile : 0.69598144
