WorkLocation : 0.74617183
ColonyTile : 0.69598144
UnitLocation : 0.6988611
UnitLabel : 0.7782016
InGameControllerTest : 0.67372495
DragListener : 0.74287194
IndividualFatherTest : 0.66944146
