Tile : 0.79548573
UnitLocation : 0.69875234
