InGameController : 0.68730265
TransportMission : 0.6889742
BuildColonyMission : 0.6871543
PrivateerMission : 0.6994813
DragListener : 0.74287194
MoveToAmericaMessage : 0.6990472
MoveToEuropeMessage : 0.6977361
