Player : 0.6997166
Game : 0.7155199
FreeColGameObject : 0.7037844
EuropePanel : 0.7618024
InGameController : 0.68845874
ServerUnit : 0.706523
FreeColServer : 0.70164055
DebugMenu : 0.70783377
ReportPanel : 0.7205969
DestinationPanel has been removed due to the repository version iteration
