InGameController : 0.785611
StandardAIPlayer : 0.8089794
FreeColServer : 0.82498187
NewAIPlayer : 0.8112846
