ServerPlayer : 0.818713
FreeColServer : 0.8096274
ConnectController : 0.81147873
ReportColonyPanel : 0.0
