MapTest : 0.71235424
GameOptions : 0.72106576
