InGameInputHandler : 0.6897983
ServerModelController : 0.7981951
ClientModelController : 0.76971567
InfoPanel : 0.7801481
