EuropeanAIPlayer : 0.79573363
AIMain : 0.81355524
NativeAIPlayer : 0.78205353
PioneeringMission : 0.79040986
AIInGameInputHandler : 0.79938334
TransportMission : 0.7947339
StandardAIPlayerTest : 0.79812557
MissionAssignmentTest : 0.7957011
TensionTest : 0.7990495
