Monarch : 0.8022163
MonarchTest : 0.81314087
AIInGameInputHandler : 0.8078491
DebugMenu : 0.8029649
