EuropeanAIPlayer : 0.8195231
NativeAIPlayer : 0.8087174
AIPlayer : 0.794734
