NativeAIPlayer : 0.8241974
AIPlayer : 0.79573363
