AIPlayer : 0.80031174
UnitWanderHostileMission : 0.84074634
UnitWanderMission : 0.83362305
IdleAtColonyMission : 0.8339259
