TransportMission : 0.8240559
ScoutingMission : 0.8348694
UnitSeekAndDestroyMission : 0.8347364
DefendSettlementMission : 0.82598525
IndianBringGiftMission : 0.82397467
CashInTreasureTrainMission : 0.83268815
WishRealizationMission : 0.8174672
PioneeringMission : 0.8216348
PrivateerMission : 0.8264666
UnitWanderHostileMission : 0.84074634
UnitWanderMission : 0.83362305
IdleAtColonyMission : 0.8339259
BuildColonyMission : 0.8221614
WorkInsideColonyMission : 0.8251263
IndianDemandMission : 0.82214046
