NativeAIPlayer : 0.8250797
AIPlayer : 0.79573363
