Tile : 0.79548573
Colony : 0.7752814
Building : 0.79472035
ColonyTile : 0.69598144
WorkLocation : 0.74617183
ServerPlayer : 0.69076717
FreeColTestCase : 0.688767
InGameController : 0.68730265
InGameControllerTest : 0.67372495
ServerColony : 0.6867724
AIColony : 0.67911553
SimpleMapGenerator : 0.6904548
SimpleCombatModel : 0.6790176
EuropeanAIPlayer : 0.6891932
ServerBuildingTest : 0.6643847
ColonyBuilder has been removed due to the repository version iteration
MissionAssignmentTest : 0.6983818
IndividualFatherTest : 0.66902655
ColonyTest : 0.66074246
