AIPlayer : 0.794734
EuropeanAIPlayer : 0.8195231
