EventPanel : 0.72501993
QuitDialog : 0.82460654
