Mission : 0.8128468
PrivateerMission : 0.80752194
EuropeanAIPlayer : 0.8045148
PrivateerMissionTest : 0.78987765
TransportMission : 0.8083147
TransportMissionTest : 0.80155545
