ScoutingMission : 0.8208521
PrivateerMission : 0.80752194
PrivateerMissionTest : 0.78987765
EuropeanAIPlayer : 0.8045148
