TileImprovementType : 0.84234583
AIColony : 0.800418
WorkLocationPlan : 0.8448433
TileTest : 0.78491545
ColonyPlanTest : 0.8136672
