ColonyTile : 0.81255496
AIColony : 0.78857875
ColonyPlan : 0.80077857
