IndianNationType : 0.8401819
EuropeanNationType : 0.82067627
