EuropeanAIPlayer : 0.8164697
AIColonyTest : 0.82600886
