TransportMission : 0.8195231
AIMain : 0.8231462
AIPlayer : 0.79573363
REFAIPlayer : 0.83707535
