Colony : 0.7752814
FreeColServer : 0.6828241
InGameController : 0.68730265
TransportMission : 0.6889742
REFAIPlayer : 0.7072344
GameOptions : 0.70384383
