GameOptions : 0.8478636
FreeColServer : 0.8195554
NativeAIPlayer : 0.78448135
