InGameController : 0.81952375
MapControls : 0.6986987
FreeColMenuBar : 0.83926344
