TransactionSession : 0.79387367
ServerPlayer : 0.78401107
TradeSession : 0.7917182
DiplomacySession : 0.77898645
LootSession : 0.7982005
