IndianDemandMessage : 0.7872504
InGameInputHandler : 0.8119509
TransactionSession : 0.79300684
ServerGame : 0.67206436
TradeSession : 0.7907407
LootSession : 0.79526806
DiplomacySession : 0.77605397
DemandSession : 0.77418375
