Player : 0.68240803
FreeColGameObject : 0.72980285
DummyConnection : 0.61435586
Game : 0.7971874
Map : 0.7931328
IndianSettlement : 0.707957
MapGenerator : 0.6918076
AIMain : 0.77245
ServerModelController : 0.7978801
FreeColServer : 0.76160705
PreGameController : 0.6895111
Mission : 0.6387468
AIObject : 0.626003
AIPlayer : 0.81757265
AIInGameInputHandler : 0.79011106
UnitWanderHostileMission : 0.7871164
AIUnit : 0.6356931
UnitWanderMission : 0.6547933
