Messages : 0.7771314
Selector : 0.8488657
NumberRules : 0.8176371
