ServerPlayer : 0.8510863
Monarch : 0.79252535
SimpleCombatModel : 0.7594646
