InGameController : 0.7840112
MonarchActionMessage : 0.86000824
MercenariesSession : 0.85981953
InGameInputHandler : 0.8317628
ServerAPI : 0.80786806
