Unit : 0.6962644
InGameController : 0.7998829
ServerUnit : 0.8166653
GUI : 0.81415886
ImprovementMission : 0.8100564
AbstractMission : 0.8303348
TilePopup : 0.80832654
GoToMission : 0.8324149
ServerUnitTest : 0.79624814
CompoundMission : 0.8069027
MissionManager : 0.80416214
