InGameInputHandler : 0.8763408
UnitButton : 0.7997884
FreeColMenuBar : 0.810744
CanvasKeyListener : 0.7350795
