GoToMission : 0.691023
ServerUnit : 0.6920056
AbstractMission : 0.7058203
ServerPlayer : 0.69076717
InGameController : 0.68730265
FreeColServer : 0.6828241
InGameControllerTest : 0.67372495
CompoundMission : 0.6865033
MapTest : 0.68184763
BaseCostDeciderTest : 0.7051595
