Unit : 0.6962644
ServerPlayer : 0.8410065
ServerUnit : 0.8170927
InGameController : 0.7998829
AbstractMission : 0.82948995
InGameControllerTest : 0.7966887
FreeColServer : 0.8264984
GUI : 0.81415886
MapTest : 0.8106084
TilePopup : 0.80832654
GoToMission : 0.83410615
BaseCostDeciderTest : 0.8289949
ServerUnitTest : 0.79624814
CompoundMission : 0.8063917
ImprovementMission : 0.8231088
MissionManager : 0.81589496
