Game : 0.6968291
FreeColGameObject : 0.68376434
HighSeas : 0.68047386
UnitLocation : 0.698739
