AIUnit : 0.8171357
EuropeanAIPlayer : 0.8195231
LoadCargoMessage : 0.8006031
AIGoods : 0.8189045
EmbarkMessage : 0.8393297
