Specification : 0.81531674
StringOption : 0.8483828
AbstractUnitOption : 0.84519464
UnitListOption : 0.8480646
