ServerAPI : 0.79746866
FreeColClient : 0.82899445
