FreeColClient : 0.8062375
FreeColAction : 0.8012264
OptionGroupUI : 0.7926809
OptionsDialog : 0.80265856
AbstractOption : 0.8176082
PercentageOption : 0.7672808
ListOptionUI : 0.78493154
PercentageOptionUI : 0.80068946
RangeOptionUI : 0.7909124
IntegerOptionUI : 0.80696255
AbstractUnitOptionUI : 0.8024914
FileOptionUI : 0.7974513
BooleanOptionUI : 0.80066663
AudioMixerOptionUI : 0.80365676
StringOptionUI : 0.7896179
SelectOptionUI : 0.80610895
LanguageOptionUI : 0.80132
FreeColActionUI : 0.7835474
OptionUpdater : 0.9091676
