Messages : 0.7429493
FreeColAction : 0.8012264
AbstractOption : 0.8176082
FreeColActionUI : 0.7835474
BooleanOptionUI : 0.80066663
ListOptionUI : 0.78493154
OptionGroupUI : 0.7926809
IntegerOptionUI : 0.80696255
LanguageOptionUI : 0.80132
StringOptionUI : 0.7896179
AbstractUnitOptionUI : 0.7856278
GameOptionsDialog : 0.76512736
AudioMixerOptionUI : 0.80365676
PercentageOptionUI : 0.80068946
RangeOptionUI : 0.7909124
FileOptionUI : 0.7974513
SelectOptionUI : 0.80610895
SliderOptionUI : 0.82470876
