InGameInputHandler : 0.82014954
AIInGameInputHandler : 0.8421633
