ConnectController : 0.67521584
ContactTest : 0.65103453
