Colony : 0.7752814
WorkLocation : 0.74617183
ServerUnit : 0.69095767
SpecificationTest : 0.6586987
ServerIndianSettlement : 0.6889942
