FreeColClient : 0.85869455
StartGamePanel : 0.7126467
