InGameController : 0.78671706
AIMessage : 0.7973013
