ErrorPanel : 0.59317267
IndianSettlement : 0.707957
Map : 0.7931328
InGameInputHandler : 0.6897983
Canvas : 0.6652511
IndianSettlementPanel : 0.78959554
TilePopup : 0.6694033
InGameController : 0.6909717
