ColonyTile : 0.71708024
ColonyPlan : 0.70595145
AIColony : 0.7070553
ServerColony : 0.7106705
UnitTest : 0.78942764
ReportColonyPanel : 0.0
