InGameController : 0.7795259
ReportColonyPanel : 0.0
ReportMilitaryPanel : 0.82123905
TilePanel : 0.8352533
