AbstractUnitOption : 0.83410037
OptionGroup : 0.83567387
AbstractUnitOptionUI : 0.81601393
UnitListOption : 0.8312757
OptionUI : 0.81762093
UnitListOptionUI : 0.81330466
StringOptionUI : 0.81817615
