Colony : 0.82152957
Europe : 0.6999456
UnitLocation : 0.7159407
HighSeas : 0.69996274
ColonyTile : 0.71292347
Building : 0.8087952
IndianSettlement : 0.6962754
