ServerPlayer : 0.87797356
InGameController : 0.76315343
ServerIndianSettlement : 0.7879773
ReportIndianPanel : 0.7381255
