FreeColMenuBar : 0.810744
UnitWanderHostileMission : 0.7013587
