AIColony : 0.7165328
ServerColony : 0.70336086
ReportRequirementsPanel : 0.69328153
ProductionCache : 0.72078913
BuildingToolTip : 0.6912873
