Unit : 0.79548573
Colony : 0.82152957
IndianSettlement : 0.6962754
