AbstractUnitOption : 0.8656771
Specification : 0.83312094
Messages : 0.82643414
AbstractUnit : 0.8588947
IntegerOption : 0.87545705
UnitListOption : 0.86961055
OptionGroup : 0.8678288
AbstractUnitOptionUI : 0.84129846
Monarch : 0.79834116
OptionUI : 0.85973775
ReportPanel : 0.84456897
StringOptionUI : 0.86897
OptionTest : 0.8166476
