FreeCol : 0.79035616
AIMessage : 0.77681756
InGameController : 0.7795259
SimpleMapGenerator : 0.8058092
