InGameController : 0.792717
ReceivingThread : 0.86967486
ServerAPI : 0.8108227
Client : 0.8646849
AIMessage : 0.8343942
DummyConnection : 0.867496
ConnectController : 0.861993
FreeColServer : 0.8495498
