ClientOptions : 0.79436016
InGameInputHandler : 0.8064172
