InGameController : 0.78152
AIMessage : 0.78236896
ServerPlayer : 0.8397294
InGameInputHandler : 0.81300306
AIPlayer : 0.7946906
AIInGameInputHandler : 0.806615
ServerAPI : 0.77853626
EuropeanAIPlayer : 0.795753
