InGameController : 0.77480865
IndianDemandMessage : 0.79061383
AIMessage : 0.77249074
EuropeanAIPlayer : 0.80157226
AIPlayer : 0.7787117
InGameInputHandler : 0.77249694
IndianDemandMission : 0.7977491
AIInGameInputHandler : 0.80801314
