Game : 0.8383021
IntegerOption : 0.8627215
StringOption : 0.8678289
OptionsDialog : 0.86339897
AbstractUnitOption : 0.8633954
AbstractOption : 0.87961054
FileOption : 0.86322385
UnitListOption : 0.86995834
LanguageOption : 0.8507372
AudioMixerOption : 0.8495774
SelectOption : 0.86275643
OptionReader has been removed due to the repository version iteration
RangeOption : 0.86742
BooleanOption : 0.85352457
PercentageOption : 0.8557883
