StringOption : 0.83312094
AbstractUnitOption : 0.83468825
IntegerOption : 0.832959
AbstractOption : 0.83674914
UnitTypeOption : 0.8304769
ServerTestHelper : 0.8093517
OptionGroup : 0.83567387
LanguageOption : 0.82222044
StringOptionUI : 0.81817615
ChoiceRenderer has been removed due to the repository version iteration
OptionsDialog : 0.8246216
UnitListOption : 0.8306723
UnitListOptionUI : 0.810692
ServerEurope : 0.7907533
FileOption : 0.8220162
AbstractUnitOptionUI : 0.81082076
UnitTypeOptionUI : 0.8150076
