FreeColClient : 0.8486763
ClientOptionsDialog : 0.8340406
PreGameController : 0.81337905
MapEditorController : 0.8551438
