InGameInputHandler : 0.79347664
FreeColClient : 0.8376129
PreGameController : 0.81716603
