Canvas : 0.8276383
FreeColClient : 0.8375324
MiniMap : 0.7262326
AudioMixerOptionUI : 0.81760275
WorkProductionPanel : 0.0
