InGameController : 0.787502
MapEditorController : 0.8551438
TilePopup : 0.8275921
InGameInputHandler : 0.8064172
FreeColClient : 0.8486763
ServerAPI : 0.7858588
PreGameController : 0.81337905
GUI : 0.8294151
