PreGameController : 0.8390419
InGameMenuBar : 0.8403158
FreeColMenuTest : 0.8397389
