MapEditorMenuBar : 0.855227
MapEditorController : 0.8513146
GUI : 0.82240164
InGameMenuBar : 0.83930254
