GUI : 0.8294151
PreGameController : 0.81337905
ClientOptionsDialog : 0.8340406
