InGameController : 0.787502
GUI : 0.8294151
TilePopup : 0.8275921
FreeColClient : 0.8486763
CanvasMapEditorMouseListener : 0.8219969
