CanvasMouseListener : 0.8257576
GUI : 0.82662827
CanvasMapEditorMouseListener : 0.8436581
PreGameController : 0.7792703
MapEditorController : 0.8324881
