TilePanel : 0.8539908
TilePopup : 0.8275921
