ServerListPanel : 0.8335332
StartGamePanel : 0.83759105
