FreeColPanel : 0.8254908
NewPanel : 0.8241456
TilePanel : 0.8539908
ServerListPanel : 0.8335332
TilePopup : 0.8275921
StartGamePanel : 0.83759105
DebugMenu : 0.8343739
VictoryPanel : 0.8545187
AboutAction : 0.85794973
ShowVictoryPanelSwingTask has been removed due to the repository version iteration
AboutPanel : 0.7074332
