InGameInputHandler : 0.823593
MapGenerator : 0.8179014
GUI : 0.8285807
