EuropePanel : 0.6814448
ChatPanel : 0.72849256
StatusPanel : 0.85687566
