MainPanel : 0.8277512
StatisticsPanel : 0.8206362
DebugMenu : 0.8343739
InfoPanel : 0.6896062
VictoryPanel : 0.8545187
