ColonyPanel : 0.67572784
ReportColonyPanel : 0.0
TilePanel : 0.8539908
ReportRequirementsPanel : 0.7906155
TradeRouteInputDialog : 0.81071526
ReportTurnPanel : 0.82286674
ReportColonyAction : 0.859325
ReportLabourPanel : 0.81852514
ReportLabourAction : 0.80847985
ReportIndianAction : 0.8415793
ReportExplorationAction : 0.8526833
ReportRequirementsAction : 0.8559267
ReportExplorationPanel : 0.81731504
ReportIndianPanel : 0.794432
