ReportProductionPanel : 0.8248583
ReportEducationPanel : 0.840284
ReportMilitaryAction : 0.83073765
ReportEducationAction : 0.8214439
ReportProductionAction : 0.8420751
