ReportCargoPanel : 0.8663095
ReportCargoAction : 0.85679233
ReportTradeAction : 0.85541767
