DefaultTransferHandler : 0.6816827
ColonyPanel : 0.672732
EuropePanel : 0.6795105
WorkProductionPanel : 0.0
