StartGamePanel : 0.8339374
ShowGameOptionsAction : 0.83876586
