IndianSettlement : 0.707957
InGameController : 0.6909717
