ClientOptions : 0.6782358
InGameController : 0.68730265
