DiplomacyMessage : 0.80657434
ServerAPI : 0.7919831
InGameInputHandler : 0.8119509
