InGameController : 0.68730265
BaseCostDeciderTest : 0.7051595
