UnitTypeOption : 0.872071
IntegerOption : 0.87545705
AbstractUnitOption : 0.86858326
