ClientOptions : 0.79436016
FreeColPanel : 0.8254908
