IndianSettlement : 0.83545893
Canvas : 0.8095665
NativeAIPlayer : 0.79668653
IndianSettlementPanel : 0.0
ReportIndianPanel : 0.77350444
