MapViewer : 0.6791577
AIColony : 0.7070553
