ServerPlayer : 0.7259668
InGameInputHandler : 0.73910666
InGameController : 0.71582496
AIUnit : 0.69086224
