SimpleCombatModel : 0.7769539
CombatModel : 0.7077756
