ClientOptions : 0.77743566
ReceivingThread : 0.7751208
InGameInputHandler : 0.8119509
