PlayerExploredTile : 0.8046088
NativeAIPlayer : 0.825753
