EuropeanAIPlayer : 0.69151765
ReportColonyPanel : 0.0
GoodsDetailPanel : 0.6984549
ReportEducationPanel : 0.65805775
