InGameController : 0.8164582
ColonyWas : 0.8245408
