ScoutingMission : 0.6959153
EuropeanAIPlayer : 0.69151765
StandardAIPlayerTest : 0.69019085
UnitWas : 0.7177978
