ClientOptions : 0.82464784
ModTest : 0.88211507
ModOption : 0.85465115
