GUI : 0.7869212
ConnectController : 0.8181416
PreGameController : 0.8489786
ScaleMapAction : 0.7914919
