GUI : 0.7981808
PreGameController : 0.8225959
MapEditorController : 0.8149956
FreeColClient : 0.82899445
ConnectController : 0.8234516
