GUI : 0.8494245
MapEditorController : 0.8558009
ZoomOutAction : 0.8592659
ZoomInAction : 0.8571196
