UnitLabel : 0.8259674
PlayersTable : 0.81667364
DragListener : 0.82655156
DefaultTransferHandler : 0.8096668
