ColonyTile : 0.8290445
IndianDemandMission : 0.82187957
ReportRequirementsPanel : 0.78681564
UnitAttackAnimation : 0.816003
