Canvas : 0.6699191
FreeColMenuBar : 0.68001187
