GUI : 0.82892513
TilePanel : 0.8578473
