Mission : 0.8110319
TransportMission : 0.8097761
