AIPlayer : 0.7785104
TransportMission : 0.800588
