FreeColToolTipUI : 0.7303365
FreeColLookAndFeel : 0.7130024
MarketLabel : 0.7798999
UnitLabel : 0.83273953
GoodsLabel : 0.737635
