Canvas : 0.8090546
IndianSettlementPanel : 0.0
PreCombatDialog : 0.8072941
ReportTurnPanel : 0.79444516
