ColonyPlan : 0.8007785
AIColony : 0.7885786
AIColonyTest : 0.7971243
InGameController : 0.802908
EuropeanAIPlayer : 0.80518943
ColonyPlanTest : 0.80582494
UnitWas : 0.7997566
BuildPlan has been removed due to the repository version iteration
