PlayersTable : 0.81667364
UnitLabel : 0.8259674
ReportPanel : 0.8324052
TilePanel : 0.8578473
MonarchPanel : 0.84908175
DragListener : 0.82655156
BuildQueueMouseAdapter has been removed due to the repository version iteration
ColopediaAction : 0.8567346
