StartGamePanel : 0.8336438
ServerListPanel : 0.8332561
