ReportCargoAction : 0.85479116
AboutAction : 0.8652204
ReportColonyAction : 0.86420184
ReportContinentalCongressAction : 0.85506535
ReportEducationAction : 0.85117275
