ReportForeignAction : 0.8580408
ReportIndianAction : 0.8496699
ShowDifficultyAction : 0.8626941
ReportHistoryAction : 0.8599421
