ReportLabourAction : 0.8192808
ReportTradeAction : 0.8557636
ReportMilitaryAction : 0.8517954
ReportExplorationAction : 0.8575741
ReportNavalAction : 0.85873365
ReportReligionAction : 0.84712493
ReportRequirementsAction : 0.8623144
ReportProductionAction : 0.8611886
