StartGamePanel : 0.8336438
GUI : 0.82892513
ShowGameOptionsAction : 0.86158687
