PlayersTable : 0.81667364
StartGamePanel : 0.8336438
