AIGoods : 0.8253772
GoodsWish : 0.8342341
