FreeColClient : 0.8234455
MapViewer : 0.8209452
ColonyPanel : 0.8198319
InGameInputHandler : 0.832659
TilePopup : 0.8351001
PreGameController : 0.8441789
CanvasMouseListener : 0.7986679
MapboardAction : 0.82939345
ChatAction : 0.8119721
