Unit : 0.812697
Colony : 0.8108261
InGameController : 0.8079761
Stop has been removed due to the repository version iteration
PioneeringMission : 0.805048
BuildColonyMission : 0.8044624
NewLandNameMessage : 0.81515324
UnloadCargoMessage : 0.7762468
PayForBuildingMessage : 0.8044162
