AIColony : 0.80847025
TileImprovementPlan : 0.824864
GoodsWish : 0.8342341
Wish : 0.8334496
WishRealizationMission : 0.8202279
WorkerWish : 0.8389821
Mission : 0.82360244
