ColonyPlan : 0.8144039
AIPlayer : 0.78012854
AIColonyTest : 0.8260088
