AIGoods : 0.7919696
PioneeringMission : 0.82427645
EuropeanAIPlayer : 0.81646955
TilePopup : 0.80687493
