MapViewer : 0.82511175
InGameInputHandler : 0.82750165
