IndianSettlement : 0.81025237
TransportMission : 0.8082025
