MiniMap : 0.8236536
InfoPanel : 0.84858817
ReportPanel : 0.83749133
EndTurnDialog : 0.8289164
FindSettlementDialog : 0.81267613
MapEditorController : 0.85923874
NewEmptyMapAction : 0.85895723
