ChangeAction : 0.85172844
ZoomOutAction : 0.8611404
ZoomInAction : 0.85901517
UnitMoveAnimation : 0.85265636
UnitAttackAnimation : 0.83138466
LoadAction : 0.8269668
AssignTradeRouteAction : 0.840759
