Map : 0.8198096
PathNode : 0.82127076
Mission : 0.81754816
ScoutingMission : 0.8251166
TransportMission : 0.8154912
EuropeanAIPlayer : 0.8134299
UnitSeekAndDestroyMission : 0.82381606
PioneeringMission : 0.8164622
SelectDestinationDialog : 0.8109295
CircleIterator has been removed due to the repository version iteration
MapTest : 0.80872154
BuildColonyMission : 0.8149405
CashInTreasureTrainMission : 0.82059175
REFAIPlayer : 0.816213
