Canvas : 0.8289252
ReportTurnPanel : 0.8222573
PreCombatDialog : 0.8256927
IndianSettlementPanel : 0.0
