GUI : 0.82892513
InfoPanel : 0.83683836
MapControls : 0.8436412
MoveAction : 0.83095783
