MiniMap : 0.8236536
MoveAction : 0.8417033
