UnitMoveAnimation : 0.85265636
UnitImageAnimation : 0.85001755
