UnitImageAnimation : 0.85001755
UnitMoveAnimation : 0.85265636
