ServerPlayer : 0.81595534
ColonyPlan : 0.81474537
AIColony : 0.80873597
AIColonyTest : 0.81766236
ServerColony : 0.825131
