AIColony : 0.79810697
TilePopup : 0.8124449
