WorkLocationPlan : 0.83464515
ColonyPlan : 0.80532736
TileImprovementType : 0.8270734
AIColony : 0.7927839
ColonyPlanTest : 0.8060659
EuropeanAIPlayer : 0.80655074
TilePopup : 0.81473374
