DragListener : 0.830777
CargoPanel : 0.8388654
CanvasMapEditorMouseListener : 0.814783
WorkProductionPanel : 0.0
EuropePanel : 0.835288
