Tile : 0.8224177
AIColony : 0.80873597
