DefaultTransferHandler : 0.81971323
ColonyPanel : 0.8388654
EuropePanel : 0.8449782
