InGameController : 0.6909717
InGameInputHandler : 0.6897983
