ConnectController : 0.85213995
GUI : 0.8243302
DebugMenu : 0.82786065
DefaultTransferHandler : 0.7826646
