GUI : 0.8243302
ConnectController : 0.85213995
MapEditorController : 0.8413176
FileOptionUI : 0.79947203
