PreGameController : 0.8308696
MapEditorController : 0.85923874
ConnectController : 0.84302247
