GUI : 0.8243302
MapEditorController : 0.8413176
ConnectController : 0.85213995
PreGameController : 0.8441789
