GUI : 0.8243302
MapEditorController : 0.8413176
