GUI : 0.82892513
MapEditorController : 0.85451806
StartGamePanel : 0.8336438
ShowMapGeneratorOptionsAction : 0.8698639
