InGameController : 0.81407154
GUI : 0.82892513
