InGameController : 0.8243302
OptionsDialog : 0.82555693
ClientOptionsDialog : 0.83976626
