MonarchPanel : 0.84908175
ColonyPanel : 0.8266373
DebugMenu : 0.83494955
DefaultTransferHandler : 0.8096668
