InGameController : 0.81407154
TradeRouteAction : 0.85958457
