FreeColDialog : 0.83510935
NewEmptyMapAction : 0.85498327
