ColonyPanel : 0.8266373
BuildQueuePanel : 0.82218295
ConstructionPanel : 0.80344814
