ConnectController : 0.84302247
DebugMenu : 0.83112264
MapEditorController : 0.85923874
NewPanel : 0.80680966
