InGameController : 0.8243302
TilePopup : 0.8367183
CompactLabourReport : 0.83036876
ReportPanel : 0.83749133
EndTurnDialog : 0.8289164
FindSettlementDialog : 0.81267613
ChangeAction : 0.85172844
SpyColonySwingTask has been removed due to the repository version iteration
