GUI : 0.8243302
ConnectController : 0.85213995
InputHandler : 0.8232328
ShowMainAction : 0.851218
