CornerMapControls : 0.86232436
MapControlsAction : 0.86302555
