InfoPanel : 0.82815945
MapControls : 0.8442494
CornerMapControls : 0.82171965
ClassicMapControls : 0.8340594
