GUI : 0.8243302
TradeRouteAction : 0.8292229
