PlayersTable : 0.8164297
TilePanel : 0.8571574
ReportPanel : 0.83749133
UnitLabel : 0.8341724
ColopediaAction : 0.8488955
DragListener : 0.8255026
BuildQueueMouseAdapter has been removed due to the repository version iteration
MonarchPanel : 0.84047365
