GUI : 0.8367183
ShowMapGeneratorOptionsAction : 0.8861878
