Player : 0.68240803
Colony : 0.79941905
Europe : 0.8054495
DefaultTransferHandler : 0.74601996
TilePopup : 0.6694033
UnitLabel : 0.80517817
