UI:0.8
LookAndFeelSettings:0.44666666666666666
Advanced:0.17333333333333334
