Unit:0.5633333333333334
GUI:0.45
MapControls:0.3
MiniMap:0.25
InGameController:0.22666666666666666
Canvas:0.18666666666666668
UnitButton:0.1838888888888889
FreeColMenuBar:0.09333333333333334
InfoPanel:0.07
