AbstractFileCache:0.11395433
ConfigFile:0.104790956
Net:0.10020046
MZip:0.098405465
FileScanner:0.09063146
Config:0.08145039
TK:0.073110744
MFileChooser:0.07097135
MApplication:0.06431057
OS:0.06386836
MProperties:0.0597176
AbstractMarkupBuilder:0.053179607
XMLHelper:0.052822463
LogFile:0.050917365
SimpleXMLReader:0.048269343
Gettext:0.046485893
MText:0.04508315
MMessage:0.04446443
MProcess:0.042447627
FileSelection:0.03989686
Checksum:0.036881056
MDownloadDialog:0.036702286
MIconChooser:0.034674533
Args:0.031744927
MLogger:0.03084783
RegExp:0.03015564
MTip:0.026668033
Item:0.024170559
MAboutDialog:0.022699533
Property:0.020542108
HTMLViewFactory:0.019063933
ImageSelection:0.013373003
MToolBar:0.012195144
BooleanProperty:0.010959217
Flags:0.010392868
WTFError:0.006694583
