DesktopPanel:0.14260668
AppletWidget:0.04934343
WidgetUI:0.035408348
Desktop:0.027382646
DesktopToolBar:0.022376964
WidgetTitle:0.011512081
WidgetPlugin:0.004338347
