BufferChangeAdapter:0.8409225
Buffer:0.22204897
JEditTextArea:0.16793542
