HistoryTextField:0.14967582
jEdit:0.098973945
VFSBrowser:0.06916975
Log:0.06864576
RecentDirectoriesMenu:0.06076533
PastePrevious:0.060386084
MiscUtilities:0.054473028
Registers:0.042501952
View:0.022993254
