Player:0.56
ModelMessage:0.36666666666666664
Game:0.3566666666666667
InGameController:0.3283333333333333
Canvas:0.2733333333333333
ReportTurnPanel:0.18555555555555558
InGameInputHandler:0.18333333333333332
