FS:0.8066666666666666
AddTaskAction:0.2277777777777778
CalendarWidget:0.22
Checksum:0.18
Vars:0.08666666666666667
