SummaryPanel:0.5733333333333334
SummaryData:0.4766666666666667
SummaryTree:0.16
TaskSet:0.08333333333333333
