ScriptYourself:0.03008664
ScriptIDE:0.029755926
