jEdit:0.14924872
AbstractOptionPane:0.03586111
Log:0.021547029
GlobalOptions:0.013998994
