FeedThread:0.20389345
FeedsFSPlugin:0.19579913
FeedViewer:0.13001065
FeedDownloader:0.10224957
Filters:0.08185025
ArticleList:0.07344366
AddFeedDialog:0.052814502
