Colony:0.7
Messages:0.4533333333333333
GUI:0.3933333333333333
ConstructionPanel:0.20444444444444446
