Routine:0.5033333333333333
UserManager:0.35
ErrorCode:0.33322222222222225
Database:0.26666666666666666
StatementSchema:0.24111111111111114
ParserCommand:0.21333333333333335
FunctionSQLInvoked:0.21222222222222223
ParserRoutine:0.20333333333333334
StatementCommand:0.1877777777777778
StatementTypes:0.14333333333333334
