MColorPicker:0.8077777777777778
MSmallColorButton:0.5667222222222221
