Tokenizer:0.6966666666666667
StringEntry:0.5611111111111111
FindMatchesThread:0.2966666666666667
MatchesTextArea:0.23
GlossaryManager:0.19733333333333333
