FindMatches:0.6933333333333334
CalcMatchStatistics:0.28
FindMatchesThread:0.25799999999999995
