VFSBrowser:0.28769127
VFS:0.17690052
jEdit:0.15200704
FavoritesVFS:0.14108889
VFSManager:0.13831127
GUIUtilities:0.12184182
Buffer:0.118432745
BrowserView:0.10787144
SearchDialog:0.07795469
DirectoryListSet:0.053791832
View:0.045380365
SearchAndReplace:0.03740415
