Buffer:0.17399369
HyperSearchRequest:0.11729258
HyperSearchResults:0.10020513
jEdit:0.0891648
Log:0.027247401
