Buffer:0.094115704
GUIUtilities:0.06257063
JEditTextArea:0.059549015
Marker:0.049643278
jEdit:0.033444103
EnhancedMenu:0.0264072
View:0.021345219
EditAction:0.013658235
Log:0.013644458
