Vars:0.46907142857142875
Reminder:0.42333333333333334
TaskComponent:0.34
TasksSettings:0.27
