PropertyPanel:0.4633333333333333
MWrapperPanel:0.27
MSpinnerPanel:0.25
ResizeDialog:0.21833333333333332
Editor:0.15733333333333335
Dialog:0.11333333333333333
Horizontal:0.07
