InGameController:0.6166666666666667
GUI:0.41
SaveAction:0.19666666666666666
GotoAction:0.19666666666666666
ChatAction:0.16333333333333333
RefreshCanvasSwingTask:0.16333333333333333
