StaticUtils:0.10742758
TMXReader:0.07215094
WikiGet:0.058025952
Log:0.04386573
PatternConsts:0.040392466
StringUtil:0.022402946
