PrintableImage:0.5866666666666667
ImageEditor:0.4088888888888889
ImagePrintInfo:0.3933333333333333
