TK:0.62
GhostFrame:0.25333333333333335
MNotification:0.23
TransitionPanel:0.21333333333333335
StaticHoverTimeline:0.21222222222222223
Message:0.17333333333333334
UICallback:0.15333333333333332
SafeActionHandler:0.12333333333333334
StaticHoverTimelineScenario:0.12
