UI:0.38666666666666666
FS:0.38333333333333336
MMouseAdapter:0.33
Size:0.29
Config:0.27666666666666667
MList:0.24666666666666667
MWebBrowser:0.22
MAction:0.22
MTree:0.21666666666666667
Application:0.21333333333333335
MNotification:0.21
CoolHeader:0.2
Mnemonic:0.2
MTreeItem:0.19333333333333333
FileScanner:0.19
XMLHelper:0.17666666666666667
MAbout:0.17
ScriptError:0.14666666666666667
MMenuBar:0.13666666666666666
