Tile:0.6366666666666667
TileItemContainer:0.49666666666666665
WorkProductionPanel:0.14333333333333334
