MainWindow:0.45
TextEditorDesigner:0.4066666666666667
AnnotationBar:0.2866666666666667
HighlightAction:0.14666666666666667
