JAMWikiServlet:0.51
MoveServlet:0.20333333333333334
EditServlet:0.19
UpgradeServlet:0.19
UploadServlet:0.17666666666666667
RegisterServlet:0.15666666666666668
SetupServlet:0.14
StylesheetServlet:0.06333333333333334
PrintableServlet:0.06333333333333334
