ReportProductionPanel:0.7866666666666666
ReportContinentalCongressPanel:0.3333333333333333
ReportReligiousPanel:0.28
