Table:0.5066666666666667
Database:0.3933333333333333
HsqlName:0.36666666666666664
DatabaseManager:0.3333333333333333
HsqlDatabaseProperties:0.2866666666666667
ScriptReaderBase:0.23333333333333334
Logger:0.23333333333333334
TextCache:0.2
LobManager:0.19083333333333333
SimpleName:0.18166666666666667
StatementCommand:0.1611111111111111
