SyntaxHiliteOptionPane:0.41
VFSBrowser:0.3933333333333333
AbbrevsOptionPane:0.3466666666666667
StyleTableModel:0.32666666666666666
BrowserOptionPane:0.21444444444444447
OptionsDialog:0.21
TextAreaOptionPane:0.19777777777777777
LoadSaveOptionPane:0.19777777777777777
ColorRenderer:0.13
StyleEditor:0.06666666666666667
