MRenderer:0.5433333333333333
TaskTable:0.45666666666666667
CategoryListRenderer:0.36
SummaryRenderer:0.19666666666666666
PopupContent:0.17333333333333334
