DiplomaticTrade:0.4655946
TradeItem:0.46517697
Goods:0.30508658
FreeColObject:0.20019092
Game:0.15634112
Settlement:0.14875126
Unit:0.13765892
Player:0.11184868
