TradeItem:0.57529426
DiplomaticTrade:0.46976903
Game:0.10162893
Player:0.08712663
