Prop:0.2866666666666667
Tuv:0.24
ObjectFactory:0.23666666666666666
Seg:0.12231156806156807
Bpt:0.11
Note:0.11
Ph:0.11
It:0.11
Hi:0.1
Sub:0.1
Ept:0.07333333333333333
Ut:0.07333333333333333
