MActionInfo:0.83
CheckIcon:0.3333333333333333
Dialog:0.30333333333333334
