UnitLabel:0.17447205
DefaultTransferHandler:0.10551891
DragListener:0.08681557
GoodsLabel:0.052541133
FreeColProgressBar:0.024167633
FreeColPanel:0.024034198
DropListener:0.003255232
ChoiceItem:0.0031376453
