MapboardAction:0.2138265
ActionManager:0.19662227
