LockFile:0.49333333333333335
HsqlProperties:0.41
HsqlArrayHeap:0.23333333333333334
HsqlHashSet:0.19666666666666666
Enumerator:0.14
HsqlRuntime:0.07
