Tool:0.38666666666666666
MInternalFrame:0.36333333333333334
MAction:0.31
Message:0.28
MLabel:0.25666666666666665
ItemProperty:0.23
WidgetInternalFrame:0.20333333333333334
MButton:0.2
Support:0.19666666666666666
MToggleButton:0.19666666666666666
