AutoCompleter:0.5566666666666666
EditorTextArea3:0.31
AutoCompleterListView:0.23333333333333334
CharTableAutoCompleterView:0.22444444444444447
