Armor:0.5633333333333334
PermissionKey:0.4266666666666667
AccessMap:0.2733333333333333
ScriptIDE:0.26
CachedImageView:0.21666666666666667
