OptionsDialog:0.42175552
GlobalOptions:0.3250792
OptionPane:0.2735002
EditPlugin:0.2675345
AbstractOptionPane:0.16223058
jEdit:0.05537449
