ParserOutput:0.5633333333333334
DataHandler:0.48
AnsiDataHandler:0.3233333333333333
ParserUtil:0.20333333333333334
JFlexParser:0.19666666666666666
AbstractHeadingTag:0.15333333333333332
