ScriptReaderZipped:0.16876188
ScriptReaderBase:0.144424
ScriptWriterBase:0.1308986
