Widget:0.48333333333333334
Desktop:0.36333333333333334
MainWindow:0.28
MToolBar:0.2661111111111111
DesktopToolBar:0.24
SelectWidgetAction:0.21777777777777782
DesktopPanel:0.16333333333333333
