Unit:0.5766666666666667
Modifier:0.45666666666666667
Canvas:0.31166666666666665
FreeColDialog:0.29333333333333333
