Tokenizer:0.5866666666666667
EditorController:0.3333333333333333
LevenshteinDistance:0.32666666666666666
EditorSpellChecking:0.1927777777777778
MatchesTextArea:0.18333333333333332
ChangeUserDictionary:0.15766666666666665
FuzzyMatcher:0.15333333333333332
GlossaryManager:0.13
