AutoCompleter:0.17356706
AbstractAutoCompleterView:0.052801233
