Logger:0.5066666666666667
DbBackup:0.30666666666666664
ErrorCode:0.2720555555555556
ParserCommand:0.22
StatementCommand:0.20666666666666667
InputStreamInterface:0.2
InputStreamWrapper:0.12333333333333334
