MMenu:0.13734774
MToolBar:0.115807414
MAction:0.105056
TK:0.07011105
MFontChooser:0.05577896
MWebBrowserPanel:0.041791238
MToggleButton:0.025478646
MColorChooser:0.023917664
WTFError:0.007835102
