InGameInputHandler:0.2842923
InGameController:0.15735283
