Tile:0.39466846
IndianSettlement:0.38134134
Colony:0.33814883
Unit:0.33044928
Location:0.26536024
ModelMessage:0.26442516
Game:0.2364302
Player:0.2278561
GoodsContainer:0.22585043
Building:0.18837608
FreeColGameObject:0.18154289
