ServerPlayer:0.6366666666666667
InGameController:0.5466666666666666
CashInTreasureTrainMessage:0.29
ServerPlayerTest:0.2633333333333333
InGameControllerTest:0.17
