Preferences:0.5066666666666667
StaticUtils:0.42611111111111116
PreferencesXML:0.31
IPreferences:0.20777777777777776
PreferencesTest:0.10333333333333333
