Expression:0.5333333333333333
RangeVariableResolver:0.43333333333333335
NumberType:0.35
HsqlDatabaseProperties:0.24
