MHTMLViewer:0.43666666666666665
FeedViewer:0.3433333333333333
MTextPane:0.2833333333333333
PropertiesDialog:0.23333333333333334
Content:0.21111111111111114
UpdateDialog:0.19777777777777777
