IndianSettlement:0.515
Map:0.4
Canvas:0.3333333333333333
InGameInputHandler:0.3333333333333333
InGameController:0.31666666666666665
ScoutIndianSettlementMessage:0.21333333333333335
MapGenerator:0.19833333333333333
