ArchiveChannel:0.25854307
Archive:0.048783027
