WikiConfiguration:0.8466666666666667
JFlexCustomTagItem:0.38666666666666666
GalleryTag:0.23666666666666666
AbstractJAMWikiCustomTagLexer:0.17333333333333334
