Widget:0.7666666666666667
InternetSearchWidget:0.30666666666666664
WidgetInternalFrameUI:0.2111111111111111
CalendarWidget:0.19666666666666666
