FileUtil:0.6966666666666667
LicenseDialog:0.30666666666666664
LastChangesDialog:0.30666666666666664
