DatabaseManager:0.15592225
DatabaseManagerSwing:0.1404812
