DatabaseManager:0.10406762
DatabaseManagerSwing:0.08203562
TransferCommon:0.073697664
ConnectionDialog:0.05294356
TransferDb:0.041330297
TransferTable:0.040329214
TransferSQLText:0.0380098
SQLStatements:0.031776186
DataAccessPoint:0.015968435
Traceable:0.0010235062
