Session:0.6633333333333333
Database:0.525
TransactionManager:0.25916666666666666
ParserCommand:0.24583333333333332
StatementCommand:0.22
ServerConnection:0.19527777777777777
