MWizardDialog:0.065302856
UI:0.05542888
MAboutDialog:0.052062098
MPanel:0.048306983
MLabel:0.04718883
MButton:0.035498705
MIcon:0.031131025
TK:0.030857472
AbstractIterator:0.022193577
Config:0.01690089
