MColor:0.8466666666666667
GradientPainter:0.26666666666666666
ColorPanel:0.2633333333333333
CustomColorSettings:0.2633333333333333
