MText:0.05613913
MSearchPanel:0.049644165
MTextField:0.042307593
MPanel:0.03976692
MButton:0.01710008
MMessage:0.016572319
MFontChooser:0.014148188
MSmallButton:0.013010437
MMenu:0.009016466
UI:0.008487716
MTimer:0.006735647
TK:0.0044861417
Size:0.004128145
BooleanProperty:0.0021657178
Property:0.0018730616
