Table:0.7166666666666667
TableBase:0.34
ScriptWriterText:0.30333333333333334
ExpressionColumn:0.26666666666666666
QuerySpecification:0.25
ParserRoutine:0.23333333333333334
StatementSession:0.18222222222222223
SessionContext:0.16333333333333333
RowStoreAVLHybridExtended:0.15666666666666668
