Unit:0.6066666666666667
UnitType:0.44
InGameController:0.29333333333333333
InGameInputHandler:0.2733333333333333
UnitTest:0.17333333333333334
