Utilities:0.5266666666666666
WikiUtil:0.32666666666666666
LinkUtil:0.3233333333333333
UtilitiesTest:0.22
JFlexParser:0.21333333333333335
TemplateTag:0.2
AdminServlet:0.17666666666666667
ManageServlet:0.17333333333333334
UploadServlet:0.16666666666666666
WikiLinkTag:0.13
TranslationServlet:0.13
MoveServlet:0.10666666666666667
