WikiDatabase:0.7233333333333334
AdminServlet:0.39666666666666667
UpgradeServlet:0.287
