MainWindowMenuHandler:0.6066666666666667
Preferences:0.4666666666666667
MainWindowMenu:0.36
FindGlossaryThread:0.3233333333333333
DefaultTokenizer:0.23
GlossaryManager:0.15154761904761904
