ParserUtil:0.24073136
AbstractParser:0.12378172
TableOfContents:0.07393831
