Table:0.5633333333333334
Expression:0.4766666666666667
TableFilter:0.29444444444444445
DatabaseCommandInterpreter:0.2866666666666667
Binary:0.18833333333333332
