DITypeInfo:0.28307542
DatabaseInformationMain:0.26527402
Table:0.22211552
Column:0.14306815
Types:0.11623872
Index:0.114460684
NumberSequence:0.013679404
