Types:0.30669734
DITableInfo:0.25573236
DatabaseInformationFull:0.18700945
DatabaseInformationMain:0.16872767
