Scanner:0.41333333333333333
RangeVariable:0.39
QuerySpecification:0.3466666666666667
Session:0.30666666666666664
ExpressionColumn:0.2755555555555555
ParserDQL:0.24
TransactionManagerMVCC:0.19
ClobInputStream:0.18
