MountPanel:0.49916666666666665
AdvancedProperties:0.475
PluginMenu:0.2585555555555555
TagsMenu:0.20333333333333334
