IntervalType:0.5966666666666667
Tokens:0.5942222222222222
DateTimeType:0.5375
FunctionCustom:0.3233333333333333
