FindGlossaryThread:0.15999289
GlossaryManager:0.12490031
GlossaryEntry:0.08958137
GlossaryReaderTSV:0.07815044
TransTips:0.077196166
TransTipsPopup:0.07012351
TransTipsMarker:0.015884602
