EditPaneUpdate:0.93
BufferChanging:0.2966666666666667
PositionChanging:0.22333333333333333
