FSHelper:0.654261
MetaInfo:0.45576066
Links:0.37226778
LinkMetaInfo:0.23610649
MountPanel:0.19188982
FSException:0.05388808
FSAction:0.00972588
FSPlugin:0.0069392696
