Unit:0.8066666666666666
InGameController:0.36333333333333334
BaseCostDeciderTest:0.25
