MainWindow:0.6766666666666666
MSystemTray:0.42333333333333334
GeneralSettings:0.17333333333333334
ConfigureAction:0.11444444444444443
