TagValidationTool:0.45666666666666667
TagValidation:0.36666666666666664
TagValidationOptionsDialog:0.17333333333333334
TagValidationTest:0.11333333333333333
PatternConsts:0.11
ErrorReport:0.06333333333333334
TagRepair:0.06333333333333334
TagRepairTest:0.055555555555555546
