MPasswordPanel:0.119131655
MText:0.06702018
MMessage:0.04670142
TK:0.03560203
MNotification:0.028913489
UI:0.017543657
MDocumentAdapter:0.016156597
