OS:0.8166666666666667
MFormatter:0.2594444444444444
