AbstractSpinner:0.43666666666666665
MComboBox:0.38666666666666666
FilterItem:0.25
MSlider:0.22
AbstractComboBoxSelection:0.18
Filters:0.1275
MouseWheelEventsControl:0.03
EventsControl:0.013333333333333334
