JEditTextArea:0.46361111111111103
VFSBrowser:0.33
FileVFS:0.21666666666666667
PluginTableModel:0.21666666666666667
DockableListHandler:0.21666666666666667
CheckBoxListModel:0.20666666666666667
