ITagValidation:0.20249942
TagValidationFrame:0.15877439
