TextUtilities:0.55
JEditBuffer:0.5233333333333333
StandardUtilities:0.44333333333333336
CompleteWord:0.22666666666666666
AlignBracket:0.20666666666666667
ContentManager:0.18333333333333332
NoIncrease:0.16666666666666666
CloseBracketIndentRule:0.11666666666666667
BufferSegment:0.09
DeepIndentRule:0.03666666666666667
WhitespaceRule:0.013333333333333334
