Location:0.38333333333333336
WindowDragAdapter:0.3333333333333333
TestPBEInfo:0.31666666666666665
MDialog:0.30666666666666664
ItemStatus:0.23666666666666666
MDate:0.2175
MainWindow:0.19666666666666666
MNotification:0.19
WebPermission:0.07666666666666666
