Collection:0.07046085
Set:0.064994566
Iterator:0.04051458
