PBEInfo:0.5966666666666667
TestPBEInfo:0.43333333333333335
MacOutputStream:0.38333333333333336
MacInputStream:0.3433333333333333
