MFontChooser:0.8066666666666666
HistoryAction:0.3058888888888889
