Figure:0.5566666666666666
SimpleDrawingView:0.44666666666666666
ResizeHandleKit:0.2833333333333333
LineConnectionFigure:0.24
LineFigure:0.24
MessageStringFormatter:0.20355555555555555
AbstractFigure:0.19
