StuffRenderer:0.5333333333333333
GHNSDialog:0.5233333333333333
PluginDownloader:0.24333333333333335
PluginRenderer:0.22333333333333333
