PreGameController:0.5516666666666666
PreGameInputHandler:0.31333333333333335
ServerTest:0.19
