Expression:0.44661593
ExpressionLogical:0.38585746
ExpressionColumn:0.366943
QuerySpecification:0.23496976
OpTypes:0.03451574
Session:0.032802828
ParserDQL:0.026877899
SetFunction:0.019891944
RangeGroup:0.013782244
Tokens:0.0
