Expression:0.3545942
ExpressionColumn:0.2485783
SortAndSlice:0.1297068
ParserDQL:0.06360846
SetFunction:0.04189968
OpTypes:0.03396454
Session:0.0300332
RangeGroup:0.014978021
Tokens:0.0
