HsqlDatabaseProperties:0.16679843
Logger:0.06765357
TextFileSettings:0.04821019
Log:0.020377077
