JDBCBlobFile:0.48547748
JDBCClob:0.37283233
JDBCUtil:0.16644116
