MPanel:0.38666666666666666
Mods:0.38333333333333336
MDialog:0.3333333333333333
DefaultIconLoader:0.25333333333333335
MNotification:0.25
