InGameController:0.6566666666666666
CombatOdds:0.49333333333333335
SimpleCombatModel:0.36
InGameInputHandler:0.34
