SVGInputFormat:0.5533333333333333
SVGOutputFormat:0.28
ImageMapOutputFormat:0.24333333333333335
EventHandler:0.15666666666666668
CloseAction:0.15666666666666668
