Unit:0.59
Player:0.48333333333333334
FreeColGameObject:0.42
Game:0.36333333333333334
Colony:0.3566666666666667
FreeColServer:0.23666666666666666
AIPlayer:0.22333333333333333
InGameInputHandler:0.22
InGameController:0.21416666666666667
EuropePanel:0.20666666666666667
IndianDemandMission:0.2
TransportMission:0.19666666666666666
WorkLocationPlan:0.18333333333333332
DragListener:0.13333333333333333
PreGameController:0.11666666666666667
ReportTradePanel:0.11
