MCellTip:0.6333333333333333
MainWindow:0.28
TodoEditor:0.2733333333333333
MTable:0.2677777777777778
Tree:0.26
TodoEditorCore:0.24333333333333335
MTree:0.22333333333333333
MList:0.2088888888888889
