FreeColGameObjectType:0.2403482
Feature:0.1535776
Ability:0.12311661
Modifier:0.119691
Unit:0.10542049
TileImprovementType:0.10288883
Colony:0.09808069
Player:0.08784809
SimpleCombatModel:0.08341829
TileType:0.07846891
ResourceType:0.06346827
Settlement:0.058694918
GoodsType:0.05566012
UnitType:0.05360841
ColonyTile:0.05291964
IndianSettlement:0.05148917
Building:0.04357155
Market:0.036490068
Resource:0.035469305
FreeColObject:0.030407969
Turn:0.011795602
