Colony:0.1164899
Market:0.09616326
TileType:0.09056664
UnitType:0.07885989
MarketData:0.07853202
BuildableType:0.077249356
IndianSettlement:0.07623044
TileImprovementType:0.07598949
GoodsContainer:0.07091058
ResourceType:0.06824125
ColonyTile:0.067998126
BuildingType:0.05907059
Resource:0.058551595
TileImprovement:0.057507575
Europe:0.05565354
Tile:0.054669973
Building:0.05024535
Goods:0.049677048
EquipmentType:0.048933074
ExportData:0.048752747
Settlement:0.04855947
TradeRoute:0.045384053
Unit:0.043507107
AbstractGoods:0.04319391
Player:0.04074539
FreeColGameObjectType:0.039357755
PlayerExploredTile:0.038813826
TileItemContainer:0.03399255
WorkLocation:0.031271037
FreeColObject:0.029420013
TransactionListener:0.0276799
SimpleCombatModel:0.02616047
FeatureContainer:0.024275666
