InGameInputHandler:0.25708982
Controller:0.009173208
