FreeColDialog:0.10959797
FreeColPanel:0.087665066
