ReportPanel:0.17927693
FreeColPanel:0.054437928
BuildingPanel:0.044388335
FreeColProgressBar:0.042075187
