MiscUtilities:0.7
BufferIORequest:0.41333333333333333
VFS:0.37666666666666665
ReloadWithEncodingProvider:0.12
