Table:0.51404816
DatabaseCommandInterpreter:0.3346992
Constraint:0.32889393
SchemaManager:0.31729865
Index:0.297993
Database:0.18612863
Column:0.15558045
Expression:0.14659622
ConstraintCore:0.14231223
TableFilter:0.123528324
HsqlNameManager:0.11768087
Session:0.11485682
Select:0.10199905
Result:0.094937615
Trace:0.09468606
Types:0.055713363
Row:0.046841975
HsqlException:0.0074209254
