Select:0.17726585
Parser:0.13498831
Table:0.10504856
Expression:0.10422964
DatabaseCommandInterpreter:0.0875138
Session:0.08546656
SchemaManager:0.083805956
DatabaseInformationFull:0.066263646
DatabaseScript:0.06393177
Result:0.063388266
TableFilter:0.045463037
SubQuery:0.043538667
Tokenizer:0.03948881
Trace:0.03818712
Database:0.02979014
NumberSequence:0.011946858
HsqlException:0.0064649303
