UI:0.62
CoolLabel:0.30333333333333334
MDialog:0.2966666666666667
MCellTip:0.29
MButton:0.22861111111111115
PopupContent:0.22166666666666668
TaskSummary:0.1675
