RowStoreAVL:0.5166666666666667
IndexAVL:0.355
IndexAVLMemory:0.29
RowStoreAVLDiskData:0.28
RowStoreAVLDisk:0.25272222222222224
