Canvas:0.39896286
MapViewer:0.078163214
CanvasMouseMotionListener:0.075351305
CanvasMouseListener:0.072945215
CanvasMapEditorMouseListener:0.053846724
FullScreenFrame:0.04096337
WindowedFrame:0.03695911
TilePopup:0.034552053
ViewMode:0.02938767
OutForAnimationCallback:0.025774106
ImageLibrary:0.015613055
TerrainCursor:0.011208691
GUIMessage:0.0014789101
