River:0.19001
TerrainGenerator:0.14960745
