TileItemContainer:0.2971202
TileImprovementType:0.2621119
Tile:0.24214363
PlayerExploredTile:0.12860166
TileType:0.12807347
FreeColGameObject:0.12361192
FreeColObject:0.10934148
Unit:0.10563356
Specification:0.1027367
Game:0.100356095
Colony:0.09495731
Player:0.08262269
GoodsType:0.08093729
TileItem:0.07994423
EquipmentType:0.07448433
Modifier:0.06807905
Named:0.006079709
