IndexAVL:0.53934836
NodeAVL:0.11181551
NodeAVLDisk:0.07497543
NodeAVLDiskLarge:0.064163126
