Token:0.9911
TriggerDef:0.81932956
ColumnSchema:0.7224942
SchemaObject:0.61347705
ExpressionColumn:0.5578341
RoutineSchema:0.5275395
NumberSequence:0.52531254
HsqlNameManager:0.52483904
QueryExpression:0.45895556
TriggerDefSQL:0.29600197
ConstraintCore:0.2494891
ExpressionLogical:0.23879269
RangeVariable:0.22556852
TableUtil:0.2065792
SqlInvariants:0.11848062
ColumnBase:0.07792523
RangeGroup:0.032521836
HsqlException:0.029275987
OpTypes:0.026960272
ParserDQL:0.0
SessionManager:0.0
Database:0.0
ParserCommand:0.0
Expression:0.0
ParserBase:0.0
TableBase:0.0
Table:0.0
SchemaManager:0.0
StatementTypes:0.0
View:0.0
Routine:0.0
Constraint:0.0
TextTable:0.0
Statement:0.0
StatementSchema:0.0
TableWorks:0.0
Scanner:0.0
StatementCompound:0.0
Tokens:0.0
StatementSchemaDefinition:0.0
StatementCommand:0.0
StatementSession:0.0
Session:0.0
ParserRoutine:0.0
StatementQuery:0.0
