RowStoreAVLDisk:0.39287946
RowStoreAVLHybrid:0.37734652
PersistentStore:0.33940732
RowStoreAVLHybridExtended:0.29581627
RowStoreAVLMemory:0.20204377
RowStoreAVLDiskData:0.19508901
DataFileCache:0.06941027
CachedObject:0.039323572
TableSpaceManager:0.016481698
PersistentStoreCollection:0.007157247
