UserManager:0.31529874
Grantee:0.24148935
GranteeManager:0.0665117
