MapGenerator:0.22140239
MapGeneratorOptions:0.100673124
River:0.05316797
