ToolListener:0.6766666666666666
ToolAdapter:0.5738888888888889
SelectionTool:0.3333333333333333
DefaultDrawingEditor:0.29333333333333333
ButtonFactory:0.28833333333333333
DefaultDrawingView:0.28833333333333333
DefaultHandleTracker:0.275
BezierTool:0.27
CreationTool:0.24666666666666667
DefaultDragTracker:0.21555555555555558
AbstractTool:0.17
ToolHandler:0.04
TrackerHandler:0.04
