User:0.6233333333333333
ParserDQL:0.36
SchemaManager:0.2866666666666667
ParserDDL:0.26
StatementCommand:0.21333333333333335
