UI:0.6133333333333333
MColor:0.5333333333333333
MMessageLabel:0.2966666666666667
HTMLColorChooserPanel:0.16444444444444445
