TextEditorDesigner:0.11236504
TextEditorCore:0.09112213
TextEditorPlugin:0.017876178
TextEditorKit:0.010832507
TextEditorDocument:0.0073222
