ServerUnit:0.4266666666666667
InGameController:0.39666666666666667
SimpleCombatModel:0.26
InGameInputHandler:0.22333333333333333
ServerIndianSettlement:0.22333333333333333
ReportRequirementsPanel:0.21
ServerColonyTile:0.18066666666666664
