Unit:0.7433333333333333
Building:0.29
ColonyTile:0.29
TileType:0.2633333333333333
AIColony:0.23333333333333334
