QuerySpecification:0.47333333333333333
QueryExpression:0.45
Expression:0.41333333333333333
ParserDQL:0.34
TableDerived:0.2806666666666667
ParserDML:0.24
