TreePanel:0.1048107
Tree:0.100991264
AdvancedProperties:0.048450544
