Token:0.6233333333333333
Expression:0.43333333333333335
Parser:0.35333333333333333
Function:0.33166666666666667
Session:0.31833333333333336
ScriptWriterText:0.29055555555555557
DatabaseScript:0.24333333333333335
DatabaseCommandInterpreter:0.21666666666666667
