Expression:0.024428712
Database:0.0071543003
Session:0.004748938
Collation:0.0041348906
