ImageEditorCore:0.8666666666666667
FilterDialog:0.3466666666666667
FiltersAction:0.24666666666666667
