TodoEditorCore:0.09060464
Task:0.05221043
TodoEditorPlugin:0.0033126874
Column:0.0025141179
