MAction:0.6
MMenu:0.3233333333333333
ScriptExecutor:0.27166666666666667
MToolBar:0.25333333333333335
DeskletWidgetContext:0.24666666666666667
DeskletLoader:0.245
Widget:0.22666666666666666
ScriptIDE:0.22
PluginDownloader:0.17444444444444446
