ParserInput:0.5633333333333334
ParserUtil:0.3466666666666667
ServletUtil:0.32666666666666666
EditServlet:0.25666666666666665
ParserTest:0.23666666666666666
