SVGInputFormat:0.4666666666666667
DefaultSVGFigureFactory:0.42
SVGEllipseFigure:0.41333333333333333
AttributeKeys:0.34
