Mods:0.47333333333333333
ClientOptions:0.41
ModTest:0.16333333333333333
ModOption:0.09333333333333334
