Tile:0.58
Unit:0.47333333333333333
TileItemContainer:0.41
River:0.2733333333333333
MapGenerator:0.2277777777777778
TerrainGenerator:0.22666666666666666
MovementTest:0.16333333333333333
TileTypeTransform:0.15
CombatTest:0.12333333333333334
