RealProject:0.6566666666666666
TestTeamIntegration:0.46
TestTeamIntegrationChild:0.28
TestCoreInitializer:0.15666666666666668
