MLogger:0.6033333333333334
MAction:0.5133333333333333
MDialog:0.24
