BrowserCommandsMenu:0.37666666666666665
PluginsProvider:0.2866666666666667
MacrosProvider:0.20666666666666667
RecentDirectoriesProvider:0.2
