Mnemonic:0.4633333333333333
Factory:0.4266666666666667
MDocumentAdapter:0.40122222222222226
