Editor:0.87
AppletTab:0.2733333333333333
ConsoleTab:0.2633333333333333
Browser:0.2377777777777778
