ComponentAnimation:0.5866666666666667
MColor:0.41
MButton:0.33166666666666667
ImageEditorCore:0.2683333333333333
DimensionUpdater:0.25777777777777783
ColorUpdater:0.20111111111111113
IntegerUpdater:0.17111111111111113
MTogglePanel:0.16416666666666666
DoubleUpdater:0.03333333333333333
PointUpdater:0.016666666666666666
