ServerAPI:0.11697456
DOMMessage:0.096946105
Connection:0.030178709
