Debug:0.8933333333333333
jEdit:0.5622222222222222
VFSDirectoryEntryTable:0.26666666666666666
Chunk:0.20444444444444446
DirectoryEntry:0.19777777777777777
