TestTriggers:0.05516698
TestBug785429:0.04936311
TestTextTable:0.047584202
TestSql:0.044981733
TestBug808460:0.043114863
TestLobs:0.0410347
TestViewAsterisks:0.040688176
TestUpdatableResults:0.040432263
TestHTTPKeepAlive:0.03821944
TestBug778213:0.037527066
TestMultiInsert:0.034730226
TestBug1191815:0.03399799
TestMerge:0.033026066
TestBatchExecution:0.032396782
TestStoredProcedure:0.029205836
TestTextTables:0.028631492
TestTypeConversion:0.028468804
TestCollation:0.028179223
TestINPredicateParameterizationAndCorrelation:0.027059246
TestJavaFunctions:0.026706161
TestDatabaseMetaData:0.026494665
TestLikePredicateOptimizations:0.02612845
TestUpdatableResultSets:0.023654096
TestJDBCGeneratedColumns:0.018219654
TestScript:0.016363993
TestDateTime:0.013747492
