UI:0.53
Style:0.42333333333333334
MCalendar:0.23
PrintPreview:0.21666666666666667
Desktop:0.20666666666666667
MTextFieldPanel:0.20333333333333334
MNotification:0.20333333333333334
CoolHeader:0.2
TagsEditor:0.18
DayButton:0.16666666666666666
Bookmarks:0.16111111111111112
MTip:0.16
PropertiesBar:0.15666666666666668
ItemRenderer:0.14666666666666667
MButton:0.14666666666666667
MTextField:0.13666666666666666
PluginRenderer:0.09
TaskInfoButton:0.07666666666666666
MMenuItem:0.07
