Utilities:0.5866666666666667
Role:0.34
AnsiQueryHandler:0.32666666666666666
AnsiDataHandler:0.2966666666666667
WikiDatabase:0.22333333333333333
RolesServlet:0.16666666666666666
