Unit:0.4873333333333333
Features:0.4766666666666667
Player:0.44
UnitType:0.43666666666666665
Colony:0.4166666666666667
BuildingType:0.37
FoundingFather:0.2966666666666667
NationType:0.25
TileType:0.24666666666666667
IndianNationType:0.21916666666666668
Building:0.20333333333333334
SchoolTest:0.15666666666666668
EuropeanNationType:0.15333333333333332
BuildableType:0.15333333333333332
