Tile:0.6533333333333333
GUI:0.49
ServerUnit:0.4066666666666667
InGameController:0.3333333333333333
Client:0.24
FreeColServer:0.22666666666666666
PreGameController:0.19
MapGenerator:0.18
InGameInputHandler:0.15
TerrainGenerator:0.14166666666666666
ConnectController:0.10666666666666667
FreeColMenuBar:0.08
