EntryInfoThreadPane:0.9866666666666667
EntryInfoSearchThread:0.5983333333333333
