MButton:0.615
MToggleButton:0.29333333333333333
MCheckBox:0.2833333333333333
MRadioButton:0.27666666666666667
