jEdit:0.7566666666666667
CloseDialog:0.24166666666666667
SaveBackupOptionPane:0.21666666666666667
