TaskTable:0.6666666666666666
TodoEditor:0.36666666666666664
TaskPanel:0.24333333333333335
SetValueAction:0.17833333333333334
Todo:0.17
TodoWidget:0.16666666666666666
StaticTaskPanel:0.16333333333333333
ShowToolTipsAction:0.13333333333333333
ShowCompletedTasksAction:0.13333333333333333
DeleteAction:0.12
DeleteCompletedAction:0.12
AddAction:0.12
