Desktop:0.6333333333333333
Colors:0.38366666666666666
WidgetDesktopPaneUI:0.3433333333333333
DesktopSettings:0.27444444444444444
Action:0.22
Title:0.19833333333333333
InternetSearchWidget:0.16
CalendarWidget:0.15666666666666668
