MRenderer:0.7633333333333333
TodoEditorCore:0.33
AbstractRenderer:0.2833333333333333
