Console:0.2749998
ConsoleCommand:0.14434217
