CachedObject:0.6066666666666667
HsqlDatabaseProperties:0.49666666666666665
TableSpaceManager:0.3983333333333333
DataSpaceManagerBlocks:0.3333333333333333
NodeAVL:0.2966666666666667
DataFileCache:0.28
TableSpaceManagerDefault:0.27666666666666667
Row:0.24666666666666667
Logger:0.23
CachedObjectBase:0.22333333333333333
TableSpaceManagerBlocks:0.22
TableSpaceManagerSimple:0.21666666666666667
TableSpaceManagerText:0.2
DataFileDefrag:0.19
