Canvas:0.4633333333333333
InGameController:0.41333333333333333
MapViewer:0.3566666666666667
GUI:0.299
FreeColClient:0.23
InGameInputHandler:0.22333333333333333
UpdateMenuBarSwingTask:0.14555555555555558
