TodoEditor:0.45666666666666667
HTMLBuilder:0.37666666666666665
TodoEditorCore:0.3
HTMLOptionsForm:0.11055555555555555
