WikiUser:0.6766666666666666
ServletUtil:0.34
AnsiQueryHandler:0.3333333333333333
AnsiDataHandler:0.30333333333333334
WikiDatabase:0.26
AdminServlet:0.20333333333333334
JAMWikiServlet:0.17666666666666667
DatabaseUpgrades:0.13666666666666666
TranslationServlet:0.13333333333333333
WikiSignatureTag:0.13
RegisterServlet:0.12666666666666668
JAMWikiLocaleInterceptor:0.10666666666666667
