PluginManager:0.51
PluginClassLoader:0.45
TaskTable:0.31333333333333335
ImageEditor:0.245
DocumentListButton:0.23
GHNSDialog:0.22466666666666668
SelectWidgetAction:0.09
