MColor:0.91
HTMLColorChooserPanel:0.38
BrushTypeAction:0.27666666666666667
ColorAction:0.19333333333333333
