TK:0.63
AbstractFS:0.27
MIndicator:0.21666666666666667
NoteWidget:0.21333333333333335
FSHelper:0.2
AbstractItem:0.19333333333333333
MDialog:0.185
NewFileAction:0.18333333333333332
ImageEditorCore:0.17666666666666667
ImagePrintable:0.16
OPMLReader:0.15
ImportExport:0.12333333333333334
