Colony:0.7
Building:0.5433333333333333
AIColony:0.24
ColonyPlan:0.20666666666666667
AIColonyTest:0.16
ReportRequirementsPanel:0.14333333333333334
UnitWas:0.12333333333333334
