WebServer:0.13050395
ServerConfiguration:0.12408036
ServerConstants:0.096767195
DatabaseManager:0.07084264
Trace:0.06406036
WebServerConnection:0.06179379
HsqlProperties:0.051035818
ServerConnection:0.05063466
HsqlDatabaseProperties:0.04510369
Result:0.04092273
HsqlSocketFactory:0.039844792
Session:0.033541862
HsqlServerFactory:0.02482365
ResultConstants:0.022617247
HsqlSocketRequestHandler:0.008726668
HsqlException:0.005789824
Record:1.65972E-4
