RefCapablePropertyResourceBundle:0.49666666666666665
ValidatingResourceBundle:0.31666666666666665
RCData:0.31
AppendableException:0.05333333333333334
