Console:0.8166666666666667
HistoryCommand:0.38333333333333336
DebugCommand:0.17111111111111113
VarListCommand:0.16444444444444445
