MIcon:0.6833333333333333
MToolBar:0.31333333333333335
ScriptYourself:0.23311111111111113
