UI:0.7433333333333333
MFrame:0.22333333333333333
MSystemTray:0.2188888888888889
GeneralSettings:0.21666666666666667
LookAndFeelPlugin:0.20333333333333334
MRating:0.1988888888888889
MCellTip:0.19555555555555557
MTextLabel:0.10666666666666667
