Specification:0.5366666666666666
SelectOption:0.43
LanguageOption:0.24
SpecificationTest:0.23333333333333334
OptionGroup:0.22333333333333333
FileOption:0.16333333333333333
ClientOptions:0.14
