Tracker:0.65
DefaultPreview:0.32166666666666666
ImagePrintable:0.21694444444444447
