AbstractTool:0.7383333333333333
AbstractCommand:0.4583333333333333
