Unit:0.69
Mission:0.36666666666666664
InGameController:0.2833333333333333
TransportMission:0.19222222222222224
CombatTest:0.18
ScoutingMission:0.16666666666666666
PioneeringMission:0.16666666666666666
TilePopup:0.15666666666666668
MovementTest:0.12333333333333334
