VideoResource:0.56306154
FAFileResource:0.47021592
AudioResource:0.4699458
FontResource:0.42017147
ColorResource:0.3981535
SZAResource:0.31881776
ImageResource:0.23102689
ChipResource:0.20323674
ResourceFactory:0.1769292
ResourceManager:0.04300917
ResourceMapping:0.022151079
