TileType:0.2258927
Resource:0.18911879
GoodsType:0.17728466
UnitType:0.15165748
Specification:0.11566189
FreeColGameObjectType:0.11003133
Tile:0.10704907
FreeColObject:0.10611125
Modifier:0.09782559
TileItemContainer:0.07313009
FeatureContainer:0.024672933
