Utilities:0.52
WikiNowikiTag:0.4473333333333331
JAMWikiServlet:0.26
ParserUtil:0.25
JFlexParser:0.23666666666666666
AbstractParser:0.2
EditServlet:0.17666666666666667
WikiListTag:0.16333333333333333
WikiLinkTag:0.16
TemplateTag:0.15666666666666668
AbstractLexer:0.13666666666666666
JFlexParserTest:0.13333333333333333
HtmlLinkTag:0.06
HtmlTag:0.05333333333333334
WikiSignatureTag:0.04488888888888889
WikiHeadingTag:0.043333333333333335
ParserTag:0.0
