TransactionManagerMV2PL:0.41132313
TransactionManagerMVCC:0.35530236
TransactionManager2PL:0.3153659
TransactionManager:0.21648827
RowAction:0.18989043
Session:0.18160182
Row:0.13275303
SessionContext:0.09578953
RowActionBase:0.09158287
SessionManager:0.08637814
Database:0.0699087
TableBase:0.06483276
SessionData:0.06437211
Statement:0.04492449
SessionInterface:0.026978282
SqlInvariants:0.0073743393
HsqlException:0.0033252386
