Player:0.53
InGameController:0.3933333333333333
Monarch:0.38
MonarchPanel:0.2963333333333333
InGameInputHandler:0.21333333333333335
MonarchTest:0.13
REFTest:0.07
DebugMenu:0.04666666666666667
