View:0.41589576
jEdit:0.34615764
Java14:0.27958533
Buffer:0.2447105
Gutter:0.2418934
TextAreaPainter:0.23984309
JEditTextArea:0.21633993
BufferUpdate:0.1800388
BeanShell:0.15595704
VFSBrowser:0.12666568
StatusBar:0.12586282
HyperSearchResult:0.11470547
EditPaneUpdate:0.111188106
GUIUtilities:0.110744104
EBComponent:0.108444415
BufferSwitcher:0.10736764
EditBus:0.104056224
SearchBar:0.08011671
QuickNotepad:0.0723623
CompleteWord:0.06769349
Log:0.06698035
VFSManager:0.06490017
EBMessage:0.044669967
SyntaxStyle:0.039998747
PropertiesChanged:0.037801255
ActionBar:0.030821454
GlobalOptions:0.027641991
OperatingSystem:0.022206895
