jEdit:0.1159252
AbstractOptionPane:0.10364726
ColorWellButton:0.083734214
FontSelector:0.07092362
