PriorityEditor:0.272888
Priority:0.12315599
TaskTable:0.10748013
