ProjectFilesList:0.48333333333333334
MainWindow:0.43666666666666665
MainWindowMenuHandler:0.4166666666666667
MainWindowUI:0.32
ProjectFilesListController:0.23
