MainWindow:0.5266666666666666
Browser:0.47333333333333333
EditorSearch:0.43899999999999995
TodoEditor:0.27166666666666667
WebBrowserEditor:0.27
FeedViewer:0.21583333333333332
EditorQuickFind:0.19777777777777777
AbstractTextEditor:0.18333333333333332
