AnsiDataHandler:0.42055555555555557
WikiDatabase:0.41333333333333333
DatabaseConnection:0.35444444444444445
