LineConnectionFigure:0.25
CircleFigure:0.14666666666666667
RectangleFigure:0.14666666666666667
EllipseFigure:0.14666666666666667
LineFigure:0.14666666666666667
AbstractShapeFigure:0.12666666666666668
