FreeColDialog:0.1682753
FreeColPanel:0.063317575
