PluginInfo:0.1843507
ScriptPlugin:0.15365165
AbstractPlugin:0.12929977
PluginInstaller:0.10246166
PluginException:0.08460999
PluginEvent:0.08405828
PluginType:0.07106232
PluginList:0.050121646
PluginClassLoader:0.022282086
