PluginManager:0.16757569
PluginInfo:0.1399247
