ImportExport:0.4533333333333333
DnDTransferHandler:0.32666666666666666
NoteWidgetPlugin:0.24
LinkEditorPlugin:0.21333333333333335
LinkAction:0.12
