FileCache:0.7933333333333333
DownloadInfo:0.30333333333333334
Feed:0.23555555555555557
DefaultPreview:0.21333333333333335
Favicon:0.16555555555555554
MDownloadDialog:0.16222222222222224
Action:0.12666666666666668
FaviconRequestManager:0.12666666666666668
