MapGenerator:0.5766666666666667
FreeColServer:0.30666666666666664
ConnectController:0.21
PreGameController:0.19
PreGameInputHandler:0.19
StartGamePanel:0.17333333333333334
UserConnectionHandler:0.15666666666666668
TerrainGenerator:0.15166666666666667
