CalcMatchStatistics:0.4633333333333333
StatCount:0.44
MatchStatCounts:0.42333333333333334
