MetaInfo:0.7
PrintPreview:0.36666666666666664
FSHelper:0.2833333333333333
TaskInfoButton:0.22666666666666666
