PluginManager:0.1812631
VFSManager:0.054893393
jEdit:0.0524395
ErrorListCellRenderer:0.04570701
EnhancedDialog:0.016901657
