EBMessage:0.33512414
EBComponent:0.21176937
Macros:0.17668784
MacrosMenu:0.16579854
