Tokenizer:0.6333333333333333
ITokenizer:0.2941111111111111
EditorController:0.29333333333333333
FindMatchesThread:0.25833333333333336
MatchesTextArea:0.2
EditorSpellChecking:0.1588888888888889
ChangeUserDictionary:0.14666666666666667
FindGlossaryThread:0.08
