VFSBrowser:0.305016
FavoritesVFS:0.15402974
VFS:0.10671305
GUIUtilities:0.08279076
jEdit:0.08192897
DynamicMenuProvider:0.058063377
MiscUtilities:0.036761988
FileCellRenderer:0.03446995
View:0.019996628
