VFS:0.1531998
VFSManager:0.088941
VFSBrowser:0.07631824
BrowserView:0.063255824
jEdit:0.06303948
FavoritesProvider:0.044001076
EditBus:0.028511124
DynamicMenuChanged:0.022685593
