VFS:0.3534555
MiscUtilities:0.25144306
jEdit:0.14938276
FileRootsVFS:0.11563022
VFSManager:0.106348865
Buffer:0.0969608
VFSFileChooserDialog:0.09409923
DirectoryProvider:0.054571543
View:0.054524466
EditServer:0.054357015
OperatingSystem:0.039669838
Log:0.035225656
