VFS:0.2013133
BrowserView:0.18780923
VFSFileChooserDialog:0.16229537
jEdit:0.16183224
VFSFileNameField:0.15094489
VFSDirectoryEntryTable:0.13141592
GUIUtilities:0.12701951
BrowserCommandsMenu:0.116142474
SearchDialog:0.11205336
Buffer:0.11109789
VFSManager:0.10994691
FavoritesVFS:0.08752059
MiscUtilities:0.08151928
View:0.078818046
PluginJAR:0.0762035
BrowserIORequest:0.07511211
HistoryTextField:0.07134158
FavoritesProvider:0.07126117
ToolBarEditDialog:0.06806484
DockableWindowManager:0.065488584
DirectoryProvider:0.061645973
ActionSet:0.059261665
RecentDirectoriesProvider:0.058765903
DirectoryListSet:0.05839621
EditPlugin:0.057003427
EditPane:0.056817394
FileRootsVFS:0.056325763
BeanShell:0.055962335
HistoryModel:0.050197426
FileCellRenderer:0.04927669
Delegate:0.045642488
BrowserListener:0.045139663
SearchAndReplace:0.04119214
ActionContext:0.04031804
EditAction:0.034554273
VFSUpdate:0.03226914
EditBus:0.03083327
Log:0.030820033
BufferUpdate:0.028412692
NameSpace:0.02639691
DefaultFocusComponent:0.022854902
PluginUpdate:0.02217006
OperatingSystem:0.021006292
EBMessage:0.01872885
EBComponent:0.012130006
RE:0.009251028
PropertiesChanged:0.008006064
UtilEvalError:0.0023282953
