Message:0.06547473
Connection:0.029714074
