Gutter:0.2252673
Buffer:0.1278902
MarkerHighlight:0.12589338
JEditTextArea:0.105997406
TextAreaHighlight:0.10588582
EditPane:0.08088656
TextRenderer:0.03733076
Selection:0.036666997
SyntaxStyle:0.00867507
Log:0.008132803
Token:0.0068962653
