InGameController:0.5455555555555556
Canvas:0.4633333333333333
MoveAction:0.3433333333333333
ActionManager:0.28777777777777774
InGameMenuBar:0.26
