Tile:0.7666666666666667
InGameInputHandler:0.3233333333333333
TerrainGenerator:0.25666666666666665
