HyperSearchResult:0.49
PluginManager:0.32
HyperSearchResults:0.23666666666666666
KeyHandler:0.19444444444444445
Occur:0.16333333333333333
HyperSearchRequest:0.13666666666666666
PositionManager:0.13666666666666666
ActionHandler:0.107
Debug:0.0
