MTable:0.5833333333333334
ColumnManager:0.5566666666666666
TaskTable:0.3855555555555556
