PropertyAccess:0.35802388
SecureProperty:0.3421046
Config:0.30665758
AbstractProperty:0.2717484
BeanProperty:0.26084575
EnumProperty:0.1781404
IntegerProperty:0.15460345
TK:0.12224188
BooleanProperty:0.09246657
StringProperty:0.084178835
DoubleProperty:0.083336554
FloatProperty:0.08088782
ColorProperty:0.08059596
UI:0.074364446
MLogger:0.07290245
DateProperty:0.068987496
ContainerIterator:0.0533286
MApplication:0.052927334
FontProperty:0.047049202
OS:0.0458255
MDate:0.04516132
FS:0.041369103
MDialog:0.034387007
VersionProperty:0.029697482
MText:0.02783509
MDesktopPane:0.025729511
MIcon:0.024279095
NumberProperty:0.022728635
MFileChooser:0.022681735
MButton:0.01904411
MSettingsDialog:0.018662503
MNotification:0.018592184
MTextPane:0.017882545
MURLButton:0.017622119
MCellTip:0.017285576
MFontChooser:0.016734287
MRating:0.016438387
MToolBar:0.015861087
MFontButton:0.01585983
MMainWindow:0.015648367
MIconChooser:0.015533795
MSystemTray:0.015159916
MouseGestures:0.014549013
MMessage:0.013005401
MColorChooser:0.012943915
MTableHeader:0.010215538
MFrame:0.009122028
MWhatsThis:0.008496447
ColumnManager:0.007740643
MEditorPane:0.006427192
MMouseAdapter:0.004827356
MTextLabel:0.0014618324
