Session:0.6533333333333333
LobManager:0.38333333333333336
TestLobs:0.32666666666666666
SessionData:0.23666666666666666
SessionManager:0.20666666666666667
