MainWindow:0.5866666666666667
Action:0.24333333333333335
