MDialog:0.47333333333333333
MToolBar:0.3433333333333333
PropertyPanel:0.24
OptimizedLabel:0.23666666666666666
VersionPanel:0.22444444444444447
MSettingsDialog:0.20583333333333337
FormPanel:0.17805555555555558
CompletionList:0.13777777777777775
EnumRenderer:0.11666666666666667
