ImportExport:0.7266666666666667
FileExtensionFilter:0.2942222222222222
