MSettingsPage:0.3933333333333333
Item:0.31666666666666665
MSettingsDialog:0.30333333333333334
Renderer:0.20666666666666667
Category:0.18
CategoryManager:0.16916666666666666
