MTogglePanel:0.6466666666666666
ImageEditorDesigner:0.36666666666666664
TextEditorDesigner:0.27666666666666667
ToolManager:0.23666666666666666
ToolPanel:0.16444444444444445
