UnitLabel:0.13374837
DefaultTransferHandler:0.11611052
FreeColDialog:0.087898284
MarketLabel:0.06559387
DragListener:0.059290577
ColorCellEditor:0.052502155
GoodsLabel:0.050069004
FreeColPanel:0.019051198
DropListener:0.0030745922
