PreGameController:0.15212105
InputHandler:0.14289021
