Colony:0.51
Modifier:0.51
Tile:0.4533333333333333
InGameInputHandler:0.23333333333333334
IndianSettlement:0.22733333333333333
