FS:0.49666666666666665
MIcon:0.39
Model:0.32166666666666666
MetaInfo:0.30333333333333334
MainWindow:0.22666666666666666
PluginInfo:0.1788888888888889
