QueryHandler:0.44484523809523807
PersistencyHandler:0.3333333333333333
FileHandler:0.28
DefaultQueryHandler:0.23666666666666666
DatabaseHandler:0.22
Category:0.2
