Unit:0.54
Tile:0.42333333333333334
Map:0.38
Colony:0.33
UnitType:0.2361111111111111
