PgType:0.55
ServerConnection:0.3588888888888889
StatementPortal:0.23333333333333334
