StatusPanel:0.12178702
MainPanel:0.11483161
QuitDialog:0.09432524
VictoryPanel:0.08309655
EuropePanel:0.060829096
ChatPanel:0.060653668
StartGamePanel:0.05125667
FreeColDialog:0.050381217
InfoPanel:0.04478226
NewPanel:0.042537965
