Table:0.4666666666666667
Cache:0.37666666666666665
Index:0.3566666666666667
PointerNode:0.34
CachedRow:0.31
Row:0.27888888888888885
DiskNode:0.26666666666666666
TextCache:0.15
TestTextTables:0.15
TextTable:0.14666666666666667
CachedDataRow:0.11666666666666667
