TopicVersion:0.7166666666666667
AnsiQueryHandler:0.39666666666666667
RecentChange:0.2866666666666667
MoveServlet:0.17333333333333334
