Unit:0.6933333333333334
ColonyTile:0.5766666666666667
AIPlayer:0.27
DragListener:0.13
