JEditTextArea:0.11872047
ViewRegisters:0.07528028
HistoryModel:0.051637594
Log:0.029912516
