jEdit:0.13824926
PluginList:0.1235426
JARClassLoader:0.1212522
PluginManagerProgress:0.11309219
PluginManager:0.093368225
MiscUtilities:0.05476909
InstallPluginsDialog:0.047030117
VFSManager:0.04532953
EditPlugin:0.039653584
GUIUtilities:0.036484808
Log:0.028580066
