ColonyPanel:0.17609568
BuildQueuePanel:0.13852791
FreeColProgressBar:0.025756255
