DiplomaticTrade:0.47
InGameController:0.4522222222222222
AIInGameInputHandler:0.34
NegotiationDialog:0.25666666666666665
InGameInputHandler:0.21833333333333332
