HsqldbSlaveAuthBean:0.48333333333333334
AuthFunctionTest:0.4533333333333333
SlaveAuthBeanTest:0.31666666666666665
AuthBeanMultiplexerTest:0.29
