Unit:0.7166666666666667
IndianSettlement:0.23333333333333334
ImageLibrary:0.20555555555555557
EquipmentType:0.19333333333333333
TransportMission:0.19
PioneeringMission:0.18
UnitInfoPanel:0.11333333333333333
