Task:0.82
SummaryData:0.2633333333333333
SummaryRenderer:0.15333333333333332
