MatchStatCounts:0.43
CalcMatchStatistics:0.38666666666666666
OConsts:0.3333333333333333
StatisticsWindow:0.29333333333333333
StatCount:0.24666666666666667
