MMenuBar:0.49333333333333335
MainWindow:0.37333333333333335
Info:0.2277777777777778
MToolBar:0.14
