TreeFS:0.4533333333333333
PluginRenderer:0.33666666666666667
PluginComboBox:0.23666666666666666
NewFileAction:0.17666666666666667
