Config:0.5433333333333333
ListWriter:0.25666666666666665
ListReader:0.25333333333333335
MRegexPanel:0.24
EditorQuickFind:0.23666666666666666
SummaryPanel:0.23416666666666666
MWrapperPanel:0.22666666666666666
MList:0.22
MTableFilterPanel:0.21666666666666667
SearchBar:0.21333333333333335
MCharacterChooser:0.2
MDataOutputStream:0.19666666666666666
PluginSettings:0.19333333333333333
MTextFieldPanel:0.17666666666666667
ListSupport:0.12333333333333334
StaticFocusHandler:0.11666666666666667
