InputHandler:0.54164815
PreGameController:0.33226556
InGameController:0.2546617
