InGameController:0.5066666666666667
ClientOptions:0.26666666666666666
DocksPanel:0.2
ToAmericaPanel:0.14777777777777779
