FreeCol:0.8333333333333334
WindowedFrame:0.22333333333333333
AboutPanel:0.16333333333333333
AboutAction:0.15666666666666668
FullScreenFrame:0.14666666666666667
DefaultHandler:0.14333333333333337
