TopicVersion:0.6311111111111112
Topic:0.4766666666666667
