UI:0.52
MDialog:0.34
MMessage:0.2966666666666667
OS:0.27666666666666667
MCalendarPanel:0.205
MSettingsDialog:0.18333333333333332
CalendarTab:0.14222222222222225
DateTimeDialog:0.11
