TK:0.75
Query:0.31
Console:0.25666666666666665
Commands:0.22666666666666666
