MSettingsDialog:0.13183191
ImageBorder:0.05851377
MButton:0.053309266
MIcon:0.041863196
MMessage:0.028721634
MTimer:0.013301439
