ProjectFilesListController:0.4066666666666667
TableColumnSizer:0.4066666666666667
StatisticsWindow:0.24333333333333335
DataTableStyling:0.23
CustomRenderer:0.22333333333333333
CalcStandardStatistics:0.20333333333333334
StaticUIUtils:0.17333333333333334
CalcMatchStatistics:0.1611111111111111
StatisticsPanel:0.07
BaseStatisticsPanel:0.03
PlainTextPanel:0.013333333333333334
