ItemRenderer:0.49666666666666665
Vars:0.3175555555555555
TreeSettingsButton:0.24
Action:0.23333333333333334
