Stuff:0.5266666666666666
PluginInfo:0.4033333333333333
GHNSDialog:0.30666666666666664
PluginDownloader:0.26
PluginRenderer:0.25
