WebBrowser:0.7333333333333333
MCalendar:0.38333333333333336
FeedViewer:0.30666666666666664
MWebBrowser:0.3
