DatabaseInformation:0.10093817
DITableInfo:0.09015182
