JDBCClob:0.22900714
JDBCResultSet:0.1844065
JDBCConnection:0.1539919
JDBCClobClient:0.07142283
