JDBCResultSet:0.11479064
JDBCConnection:0.110289775
Util:0.07393049
