JEditTextArea:0.45666666666666667
Anchor:0.4511111111111111
ChunkCache:0.2544444444444445
OffsetManager:0.23333333333333334
BufferChangeHandler:0.21
Gutter:0.1877222222222222
DisplayManager:0.17333333333333334
