InternetSearchPlugin:0.07334583
InternetSearchPanel:0.05301139
