TransactionManager2PL:0.5317026
TransactionManagerMV2PL:0.497253
TransactionManagerMVCC:0.38245478
TransactionManagerCommon:0.15566342
RowAction:0.1503066
Row:0.1098017
Session:0.06909402
Database:0.051571444
StatementCommand:0.05061024
Table:0.045156512
ParserCommand:0.03692125
SchemaManager:0.028794702
FunctionCustom:0.028375685
StatementManager:0.028345516
Statement:0.026804673
