UI:0.9266666666666666
PluginInfo:0.33
QueryMenu:0.2377777777777778
PluginDownloader:0.22666666666666666
ItemRenderer:0.2
PluginRenderer:0.14666666666666667
SetValueAction:0.10666666666666667
SnippetAction:0.10666666666666667
UpdatePanel:0.08
TypeSelection:0.08
