Buffer:0.25629812
TextUtilities:0.13512969
TextAreaPainter:0.12664255
View:0.117493056
Selection:0.10134465
Abbrevs:0.09860273
EditPane:0.093442366
Gutter:0.08473069
StatusBar:0.08423515
jEdit:0.08203574
SearchBar:0.066367276
Registers:0.06546263
SearchAndReplace:0.06338917
SelectLineRange:0.058978204
Macros:0.057820607
MarkersMenu:0.05674443
MiscUtilities:0.046546917
GUIUtilities:0.04572681
BeanShell:0.043646477
Log:0.038015816
BufferOptions:0.037037637
MarkerHighlight:0.035143636
Marker:0.030190697
TextRenderer:0.02979806
InputHandler:0.029224386
HyperSearchResults:0.026891029
CompleteWord:0.020682417
Token:0.01741453
PastePrevious:0.01426281
TextAreaHighlight:0.012112366
QuickNotepad:0.0091178445
ScrollListener:0.0075116656
KeyEventWorkaround:0.005702581
SyntaxStyle:7.5929845E-4
