WikiLink:0.3545692
ImageProcessor:0.18822412
PseudoTopicHandler:0.16849026
Pagination:0.075135246
WikiLogger:0.05442288
Utilities:0.0
ImageUtil:0.0
LinkUtil:0.0
