BezierFigure:0.6416666666666667
LineConnectionFigure:0.44
LineFigure:0.37333333333333335
