IMainMenu:0.7938888888888889
MainWindowMenu:0.6916666666666667
TestCore:0.34
