Desktop:0.5333333333333333
DesktopPanel:0.43
NewWidgetAction:0.13
AddWidgetAction:0.12666666666666668
