UI:0.17231515
MLabel:0.10242895
MDialog:0.035493597
FS:0.034992777
IntegerProperty:0.0013295934
Property:3.3993923E-4
Uninstantiable:1.0347647E-5
