PropertyPanel:0.4266666666666667
FormPanel:0.42
Main:0.38733333333333336
PluginInfo:0.3466666666666667
VersionProperty:0.26166666666666666
FormEditorPane:0.1
