RowStoreAVL:0.43
IndexAVL:0.36666666666666664
NodeAVLDisk:0.3
RowStoreAVLHybrid:0.29
IndexRowIterator:0.2486111111111111
TestSchemaParse:0.20583333333333337
RowStoreAVLHybridExtended:0.19111111111111112
