MetaInfo:0.6
Editor:0.4766666666666667
AbstractFS:0.3308333333333333
Query:0.23
