MDialog:0.6466666666666666
MApplication:0.5733333333333334
MSettingsDialog:0.27666666666666667
Builder:0.2633333333333333
ChartPanel:0.23555555555555557
Args:0.17666666666666667
UpdatePlugin:0.17
TreeStatsPanel:0.15333333333333332
DefaultHelpSystem:0.03666666666666667
