ControlPanel:0.065898895
Slideshow:0.03689729
