Bookmarks:0.20510305
Armor:0.044957876
