Tabs:0.54
Editor:0.44
MTabbedPane:0.3233333333333333
MTab:0.21333333333333335
DesktopTab:0.205
HelpAction:0.03
