TK:0.59
PluginManager:0.3933333333333333
MApplication:0.39
MainWindow:0.30333333333333334
