UI:0.5933333333333334
OS:0.33
MTogglePanel:0.30666666666666664
TodoEditorCore:0.24
MNotification:0.22377777777777774
ToggleButton:0.2
LookAndFeelSettings:0.17666666666666667
Main:0.17666666666666667
MainWindow:0.17
