MapboardAction:0.39107972
ActionManager:0.38406086
