IProject:0.71
NotLoadedProject:0.35
Statistics:0.34444444444444444
RealProject:0.31666666666666665
IntStorage:0.2354007936507937
Searcher:0.20333333333333334
