OneFilter:0.6255555555555555
FiltersCustomizer:0.32
AbstractFilter:0.17333333333333334
