FeedsFS:0.1422032
FeedThread:0.07619779
FeedViewer:0.066547155
AddFeedDialog:0.06046463
FeedDownloader:0.02910068
