FeedThread:0.13374673
FeedsFS:0.10916241
FeedsFSPlugin:0.026591457
