ColonyPlan:0.29365614
WorkLocationPlan:0.24828081
AIPlayer:0.20970894
AIGoods:0.16973484
GoodsWish:0.1473047
AIUnit:0.10193252
TileImprovement:0.094653666
AIMain:0.092281036
WorkerWish:0.07504866
Wish:0.05073776
AIObject:0.023166353
Transportable:0.022885483
