WorkLocationPlan:0.33815005
AIColony:0.28476894
AIMain:0.017582957
