MutableBead:0.47
BeadTableModel:0.3566666666666667
Aligner:0.3238888888888889
AlignPanelController:0.19666666666666666
AlignMenuFrame:0.10333333333333333
