Buffer:0.71
JEditTextArea:0.3566666666666667
View:0.30666666666666664
InputHandler:0.2866666666666667
TextAreaPainter:0.27
DefaultInputHandler:0.21444444444444447
DockableLayout:0.21
StatusBar:0.19333333333333333
PaintSelection:0.16333333333333333
ChunkCache:0.16
BracketHighlight:0.14666666666666667
KeyHandler:0.11333333333333333
