Mission:0.37305593
TransportMission:0.28836858
