RefCapableRBInterface:0.545
SqlFile:0.38333333333333336
TarFileOutputStream:0.34
TarEntryHeader:0.30333333333333334
TarFileInputStream:0.28111111111111114
PIFData:0.2633333333333333
ValidatingResourceBundle:0.25333333333333335
TarEntrySupplicant:0.22666666666666666
TarReader:0.21333333333333335
SqlTool:0.21166666666666667
TarGenerator:0.18
DbBackup:0.15666666666666668
SqlFileScanner:0.14666666666666667
PIFGenerator:0.1461111111111111
