FreeColPanel:0.5933333333333334
ReportColonyPanel:0.33
ReportRequirementsPanel:0.2866666666666667
