MDialog:0.5883333333333334
PluginInstaller:0.26666666666666666
ToolTipInfo:0.24333333333333335
DeskletLoader:0.19666666666666666
