Colony:0.5933333333333334
BuildableType:0.51
Canvas:0.47333333333333333
InGameController:0.38666666666666666
AIColony:0.22
InGameInputHandler:0.215
BuildQueuePanel:0.20666666666666667
ColonyTest:0.18333333333333332
BuildQueueTransferHandler:0.17333333333333334
ReportColonyPanel:0.16333333333333333
BuildingSitePanel:0.13666666666666666
BuildQueueCellRenderer:0.13333333333333333
BuildingSiteToolTip:0.12
