jEdit:0.042593658
View:0.019620575
Log:0.013601722
EnhancedDialog:0.005864204
