EditorController:0.087578505
SegmentBuilder:0.061970722
EditorTextArea3:0.037732195
AlphabeticalMarkers:0.017500507
