MText:0.5766666666666667
MUndoManager:0.57
ProxyModel:0.24666666666666667
Output:0.24333333333333335
ConsoleConfig:0.21444444444444447
