JFlexParser:0.5633333333333334
TemplateTag:0.31666666666666665
WikiHeadingTag:0.15666666666666668
ExcessiveNestingException:0.13666666666666666
