FS:0.77
Info:0.2866666666666667
DefaultPreview:0.2625
Feed:0.2325
Index:0.20166666666666666
SDK:0.17366666666666666
