MetaInfo:0.8583333333333333
MainWindow:0.27666666666666667
