MApplication:0.54
Config:0.52
PluginManager:0.27666666666666667
PropertiesCompiler:0.2
PropertiesResourceBundle:0.02666666666666667
