Session:0.46
JDBCStatement:0.31
DatabaseManagerSwing:0.25333333333333335
LifeTimeConnectionWrapper:0.25
JDBCPreparedStatement:0.24
ServerConnection:0.23666666666666666
JDBCConnection:0.2225
JDBCStatementBase:0.17666666666666667
PopupListener:0.03
