Routine:0.20725334
SchemaManager:0.14281236
SchemaObjectSet:0.1077859
StatementSchema:0.0869524
HsqlNameManager:0.08518467
SchemaObject:0.082000345
FunctionSQLInvoked:0.07735093
ParserDDL:0.06389311
ParserDML:0.061507132
ParserDQL:0.03155742
Session:0.026276449
Database:0.024344813
Tokens:0.0
