HsqlByteArrayOutputStream:0.38093385
ArrayUtil:0.123541586
HsqlByteArrayInputStream:0.11903562
MD5:0.023976391
