InputFormat:0.6633333333333333
OutputFormat:0.64
SVGDrawingPanel:0.3333333333333333
SVGOutputFormat:0.2866666666666667
ImageOutputFormat:0.2866666666666667
TextInputFormat:0.27
DrawView:0.2633333333333333
SerializationInputOutputFormat:0.24666666666666667
ODGInputFormat:0.22666666666666666
ImageInputFormat:0.22666666666666666
NetView:0.21
DOMStorableInputOutputFormat:0.20666666666666667
DefaultDrawingViewTransferHandler:0.20333333333333334
ODGView:0.19666666666666666
SVGView:0.19666666666666666
SVGDrawingPanelSample:0.19333333333333333
PertView:0.18666666666666668
SVGInputFormat:0.18333333333333332
ImageMapOutputFormat:0.17833333333333334
SVGCreateFromFileTool:0.13666666666666666
