Table:0.19673866
Expression:0.09755477
DINameSpace:0.09305606
Types:0.084451646
DITypeInfo:0.082858525
Result:0.078280784
Session:0.076565355
Database:0.07634201
Select:0.075990245
SchemaManager:0.0706452
DIProcedureInfo:0.070076436
TableFilter:0.06763475
Constraint:0.054729983
User:0.052869845
Function:0.052048806
View:0.049740136
GranteeManager:0.04817093
TriggerDef:0.0463614
Grantee:0.046154644
UserManager:0.043120597
ResultConstants:0.030508827
HsqlDateTime:0.023055706
SubQuery:0.019203058
HsqlException:0.012058871
Collation:0.009614578
ConstraintCore:0.008982662
