JDBCResultSet:0.4033333333333333
TriggerDef:0.37
DatabaseInformationFull:0.32
DateTimeType:0.31333333333333335
JDBCClob:0.30333333333333334
BooleanType:0.3
SchemaObjectSet:0.2966666666666667
JDBCDatabaseMetaData:0.2633333333333333
Schema:0.2633333333333333
JDBCPreparedStatement:0.23
JDBCStatement:0.215
DINameSpace:0.21166666666666667
TestJDBCSavepoints:0.205
ParserDDL:0.19333333333333333
TriggerDefSQL:0.19
DatabaseInformation:0.16976190476190478
StatementBase:0.055
