QueryEditor:0.53
MMultiPanel:0.3383333333333333
TestStringProperty:0.2966666666666667
AddRemovePanel:0.2711111111111111
