Environment:0.58
ServletUtil:0.4866666666666667
AdminServlet:0.24
MoveServlet:0.23
DatabaseUpgrades:0.19333333333333333
