BaseStatisticsPanel:0.16849987
StatisticsWindow:0.06755361
TitledTablePanel:0.042778898
