PreGameInputHandler:0.40463844
Controller:0.35540482
InGameInputHandler:0.29126495
