InputHandler:0.31113622
ConnectController:0.094973505
