WikiReferenceTag:0.49333333333333335
TemplateTag:0.32
JFlexLexer:0.29333333333333333
WikiLinkTag:0.2
WikiHeadingTag:0.14666666666666667
WikiReferencesTag:0.11333333333333333
IncludeOnlyTag:0.1
NoIncludeTag:0.1
HtmlLinkTag:0.0811111111111111
