ParserRuleSet:0.08033458
XModeHandler:0.071364135
ParserRuleFactory:0.045673735
Buffer:0.04251114
ParserRule:0.036495227
jEdit:0.023014931
Mode:0.009522809
KeywordMap:0.0063034766
Log:0.006010872
Token:0.005185534
