ScriptIDE:0.06051297
ScriptYourself:0.050051916
