DataFileCache:0.7633333333333333
DatabaseInformationFull:0.36
DataFileBlockManager:0.3283333333333333
