Settlement:0.4266666666666667
Tile:0.4166666666666667
Player:0.38666666666666666
IndianSettlement:0.37
Colony:0.34
Game:0.25666666666666665
Canvas:0.24166666666666667
InGameController:0.22
GUI:0.20333333333333334
MapGenerator:0.2
IndianSettlementBuilder:0.18333333333333332
BuildColonyMission:0.18333333333333332
SimpleCombatModel:0.16333333333333333
PreCombatDialog:0.12
