MInternalFrame:0.44333333333333336
Title:0.4266666666666667
WidgetInternalFrame:0.32666666666666666
Button:0.23
WidgetDesktopIconUI:0.19666666666666666
SelectWidgetAction:0.17
