IntegerProperty:0.5588888888888889
TodoEditorCore:0.4705555555555555
XMLHandler:0.25333333333333335
