MIconChooser:0.059251856
MMessage:0.047064055
FS:0.045115385
MApplication:0.036059972
MIcon:0.034915853
Config:0.03159067
UI:0.02265156
TK:0.021466982
MText:0.019853124
MPanel:0.019527461
MComboBox:0.017044056
MCheckBox:0.016354378
Property:0.01029328
RegExp:0.0074727256
BooleanProperty:0.0059207887
ContainerScanner:0.003655108
Kiosk:0.0032151055
