MCellTip:0.08562221
MTree:0.07654271
Watermark:0.063874565
MMouseAdapter:0.063753374
UI:0.04822263
MAction:0.044778492
MTable:0.034557432
MAboutDialog:0.026470812
MSettingsDialog:0.023103483
MWebBrowserPanel:0.010012871
Flags:0.006755406
