AbstractPlugin:0.21594366
PluginManager:0.021451218
AppletPanel:0.016832497
