Pluggable:0.2938693
ScriptPlugin:0.15666391
PluginInstaller:0.14149973
AbstractPlugin:0.13491076
LookAndFeelPlugin:0.124856144
PluginManager:0.11982556
PluginDownloader:0.074145794
