MRenderer:0.48
MNotification:0.42333333333333334
Message:0.42
AuthorRenderer:0.38
LookAndFeelSettings:0.24444444444444446
ArchiveItemRenderer:0.21
EnclosureAction:0.13666666666666666
Table:0.08666666666666667
