DataFileCache:0.5388888888888889
TextCache:0.49666666666666665
RowStoreAVLDiskData:0.39
