View:0.27661332
EditPane:0.15455166
Java14:0.12510309
EBMessage:0.099521935
