TMXEntry:0.52
RealProject:0.39666666666666667
ExternalTMX:0.26777777777777784
NearString:0.23666666666666666
TmxComplianceTests:0.21666666666666667
RealProjectTest:0.20666666666666667
TMXWriter2:0.19305555555555554
MatchesVarExpansion:0.18666666666666668
TMXWriterTest:0.155
Main:0.15
FindMatchesThread:0.14666666666666667
AlignFilesCallback:0.12
Loader:0.04666666666666667
