Player:0.49666666666666665
GoodsType:0.38
Goods:0.30050000000000004
TerrainGenerator:0.25666666666666665
IndianDemandMission:0.2377777777777778
AIPlayer:0.23666666666666666
IndianSettlement:0.22
PreGameController:0.12
