Buffer:0.14100865
jEdit:0.12536606
AbbrevsOptionPane:0.1199105
JEditTextArea:0.09983232
TextUtilities:0.06286975
MiscUtilities:0.061095916
Log:0.04865605
AddAbbrevDialog:0.046297062
Mode:0.04435174
View:0.04346085
