MWhatsThis:0.5933333333333334
MainWindow:0.32666666666666666
MStatusBar:0.32
Main:0.32
Sidebar:0.23
Tabs:0.22
MFrame:0.15
PropertiesBar:0.14444444444444443
SearchBar:0.11
EditorQuickFind:0.09666666666666666
DesktopPanel:0.08
