MPasswordField:0.6466666666666666
Factory:0.4
Content:0.2833333333333333
Blend:0.24
