FreeColPanel:0.062279113
PlayersTable:0.04699566
