AnsiDataHandler:0.6894444444444445
QueryHandler:0.37666666666666665
AnsiQueryHandler:0.33
