Canvas:0.6766666666666666
ImageLibrary:0.4766666666666667
InGameInputHandler:0.23
