Player:0.17281955
AbstractUnit:0.115705244
Ability:0.10533525
UnitType:0.10172199
Modifier:0.09414965
Building:0.091791205
FreeColGameObjectType:0.067358956
FreeColObject:0.036760826
Feature:0.027489616
