FeatureContainer:0.24560997
Player:0.14079618
Colony:0.08668462
FoundingFather:0.07382832
EuropeanNationType:0.061302718
NationType:0.054949973
TileType:0.054761365
BuildingType:0.053892616
Nation:0.051031575
ModelMessage:0.048287336
ResourceType:0.04660933
EquipmentType:0.045080096
UnitType:0.043739673
Scope:0.042627234
DifficultyLevel:0.040321853
IndianNationType:0.040083356
Unit:0.039871234
Feature:0.039786793
BuildableType:0.03909872
TileImprovementType:0.03672723
TradeRoute:0.036141265
GoodsType:0.03482464
LostCityRumour:0.032079134
FreeColObject:0.031542372
Ability:0.030667368
Modifier:0.02886366
Goods:0.028662158
Tile:0.025525844
Market:0.023481466
Building:0.022542458
GoodsContainer:0.020397538
Monarch:0.01892764
SimpleCombatModel:0.018580467
