ModelMessage:0.15193686
Tile:0.106647834
Game:0.10446456
FreeColGameObjectType:0.097615875
