EquipmentType:0.15576987
Unit:0.12821981
Europe:0.122831024
AbstractUnit:0.11700146
TileImprovementType:0.113585666
BuildingType:0.113579705
Colony:0.11311545
FoundingFather:0.11047638
GoodsType:0.095952764
Player:0.089249425
Monarch:0.08811263
Tile:0.08802037
IndianSettlement:0.087168425
Building:0.06951823
SimpleCombatModel:0.06406113
BuildQueue:0.060581334
Ability:0.060207725
BuildableType:0.05455374
FeatureContainer:0.05195922
FreeColGameObjectType:0.05184884
ColonyTile:0.050921008
AbstractGoods:0.04606673
Modifier:0.045487173
FreeColObject:0.039849643
ModelController:0.037397437
Feature:0.021744959
