MDialog:0.56
MAboutDialog:0.41
UpdateDialog:0.23
UpdatePanel:0.22333333333333333
UpdatePlugin:0.20333333333333334
