MiscUtilities:0.5533333333333333
FilesChangedDialog:0.4166666666666667
RolloverButton:0.2966666666666667
