SVGFigureFactory:0.043747287
DefaultSVGFigureFactory:0.03687205
SVGZInputFormat:0.015772637
