Wish:0.34442344
AIColony:0.3101537
AIMain:0.29083383
AIObject:0.27173865
AIPlayer:0.2581251
Transportable:0.063926585
