PathNode:0.22518027
Unit:0.21044269
GoalDecider:0.16424601
CostDecider:0.10521617
Tile:0.10163696
DefaultCostDecider:0.10138877
Player:0.0980752
Settlement:0.07925767
IndianSettlement:0.07187473
Colony:0.07172502
Game:0.06055347
Europe:0.057790134
FreeColGameObject:0.040686376
