TransportMission:0.42025557
WorkInsideColonyMission:0.33014208
Mission:0.304785
