AIPlayer:0.23572604
AIColony:0.21886516
Wish:0.20918167
AIMain:0.191831
AIObject:0.1662765
Transportable:0.04072103
