Tabs:0.6933333333333334
MainWindow:0.37333333333333335
TaskManager:0.35
