LobManager:0.5516666666666666
JDBCPreparedStatement:0.5433333333333333
TestLobs:0.4033333333333333
