ShortcutsOptionPane:0.1000682
KeyEventTranslator:0.09757709
View:0.08588389
jEdit:0.05881214
KeyEventWorkaround:0.05400204
GUIUtilities:0.04712498
Buffer:0.04054961
Log:0.015045911
