ImportExport:0.6188888888888889
MToolBar:0.47333333333333333
