FreeColDialog:0.6
FAFile:0.31666666666666665
DeclarationDialog:0.19666666666666666
FAName:0.13166666666666665
