JSheet:0.36
TeddyView:0.3255555555555556
DefaultSDIApplication:0.30333333333333334
DefaultOSXApplication:0.3
PreferencesAction:0.24
DefaultMDIApplication:0.18666666666666668
