UI:0.5061111111111112
Net:0.43
MMessage:0.3
InternetSearchPlugin:0.26
HTMLAutodiscovery:0.23333333333333334
Feed:0.2277777777777778
