JDBCResultSet:0.11458143
JDBCConnection:0.11036552
Util:0.07423215
