JDBCCommonDataSource:0.51344717
Util:0.10265217
