ScaledRAFileNIO:0.35721177
ScaledRAFile:0.32081664
RandomAccessInterface:0.2789705
