RandomAccessInterface:0.55152476
RAShadowFile:0.26342726
DataFileCache:0.13685618
DataFileDefrag:0.106687084
LobStoreRAFile:0.103100024
