ScaledRAFileInJar:0.4475175
ScaledRAFileNIO:0.16234168
ScaledRAFileHybrid:0.1576239
ScaledRAStorageWrapper:0.09435441
RandomAccessInterface:0.08656718
RAShadowFile:0.06105953
DataFileCache:0.037348755
TextCache:0.029959993
DataFileDefrag:0.027405713
DataFileCacheSession:0.018849213
LobStoreRAFile:0.018463882
HsqlDatabaseProperties:0.01303588
