IndianSettlement:0.8166666666666667
MapGenerator:0.29333333333333333
TilePopup:0.24666666666666667
