JEditTextArea:0.6855555555555556
FileVFS:0.44
InputPane:0.18666666666666668
