GameOptions:0.47
Canvas:0.33
InGameController:0.31666666666666665
GUI:0.30916666666666665
OptionMap:0.30666666666666664
ClientOptions:0.2633333333333333
