Sidebar:0.66
MainWindow:0.38333333333333336
Tabs:0.37666666666666665
Tree:0.21833333333333332
AlarmManager:0.18222222222222223
ToggleSummaryAction:0.14333333333333334
ToggleDesignerAction:0.14333333333333334
