MColorIcon:0.96
Renderer:0.28
SummaryRenderer:0.14333333333333334
ShowTaskAction:0.12666666666666668
ArchiveItemRenderer:0.11333333333333333
HighlightAction:0.11333333333333333
BrushTypeAction:0.10666666666666667
