ImageUtil:0.7033333333333334
ImageLinkTag:0.3466666666666667
ImageMetadata:0.26
