TreePanel:0.5266666666666666
FeedViewer:0.39
FeedComponent:0.37333333333333335
