SimpleXMLReader:0.5833333333333334
TodoEditorCore:0.5155555555555555
XMLHelper:0.3566666666666667
