ImageLibrary:0.65
GUI:0.40222222222222226
FoundingFather:0.38333333333333336
