TerrainGenerator:0.19156729
LandGenerator:0.09795259
MapGeneratorOptions:0.0673549
River:0.033446394
