Table:0.62
DatabaseInformationFull:0.44333333333333336
Database:0.4426666666666667
HsqlHashMap:0.3411111111111111
Session:0.3283333333333333
DatabaseFile:0.29
DatabaseInformation:0.25666666666666665
Library:0.2
TestSql:0.19
DatabaseInformationMain:0.15
