Canvas:0.6366666666666667
InGameController:0.42
InGameInputHandler:0.2225
ToAmericaPanel:0.19666666666666668
ShowConfirmDialogSwingTask:0.16666666666666666
ShowModelMessageSwingTask:0.16444444444444445
