EditPane:0.10031807
jEdit:0.09916441
Java14:0.08522315
EditPaneUpdate:0.07442475
BeanShell:0.07293249
VFSBrowser:0.06396173
ToolBarManager:0.050965846
GUIUtilities:0.048840724
DockableWindowManager:0.044890847
HyperSearchResult:0.04415557
EditServer:0.042125758
Buffer:0.04065204
CompleteWord:0.04046981
JEditTextArea:0.039022323
SearchBar:0.03829124
StatusBar:0.03656956
VFS:0.035001904
DefaultInputHandler:0.03466888
ActionBar:0.033439893
Macros:0.033415176
InputHandler:0.03269479
PanelWindowContainer:0.03139568
SearchAndReplace:0.030561179
EditBus:0.03011387
GrabKeyDialog:0.030072005
ActionSet:0.028843168
Gutter:0.02866685
HyperSearchResults:0.027751224
KeyEventTranslator:0.027083196
QuickNotepad:0.027002174
MiscUtilities:0.024758283
DisplayManager:0.023875592
HistoryTextField:0.023021432
SearchDialog:0.022955103
EditAction:0.021362612
EditPlugin:0.020283708
VFSFileNameField:0.01926217
BufferUpdate:0.017724758
Log:0.017519271
PerspectiveManager:0.017072132
Abbrevs:0.016519995
VFSDirectoryEntryTable:0.0165029
FileVFS:0.016454455
EBComponent:0.014924002
VFSFileChooserDialog:0.013902245
EBMessage:0.01386294
HistoryModel:0.013719987
CloseDialog:0.013490364
BufferIORequest:0.013318886
EditorExitRequested:0.012737067
KeyEventWorkaround:0.012446153
EnhancedCheckBoxMenuItem:0.011994875
ViewUpdate:0.011539945
EnhancedMenuItem:0.011042273
AboutDialog:0.010144352
PasteFromListDialog:0.009903689
FilesChangedDialog:0.009863062
Delegate:0.009339665
BeanShellAction:0.008778605
ScrollListener:0.0086760055
VariableGridLayout:0.007997158
SelectLineRange:0.0077809608
BufferOptions:0.0070105735
AddAbbrevDialog:0.006944393
PropertiesChanged:0.0062923003
ViewRegisters:0.005710022
Debug:0.0054871114
BufferListSet:0.0053698868
HyperSearchRequest:0.005359144
BufferPrintable:0.005125016
MarkersProvider:0.0049020406
SearchSettingsChanged:0.004841774
TipOfTheDay:0.0047072675
RecentFilesProvider:0.0044656866
CurrentBufferSet:0.0042940658
EnhancedButton:0.003797591
RecentDirectoriesProvider:0.0036142794
DirectoryProvider:0.0034415515
MacOSMenu:0.0030428441
LatestVersionPlugin:0.002937668
FavoritesProvider:0.0025207817
SearchFileSet:0.0022001
BufferPrinter1_3:0.00204411
BufferPrinter1_4:0.0017809422
AppleScriptHandler:0.0011203523
BeanShellErrorDialog:0.0010897096
