WikiBase:0.48
JAMWikiServlet:0.38666666666666666
ParserInfo:0.38
VQWikiParser:0.27
EditServlet:0.22333333333333333
MediaWikiParser:0.16666666666666666
PrintableServlet:0.16333333333333333
HistoryServlet:0.11
AbstractParser:0.043333333333333335
Lexer:0.029444444444444447
