Figure:0.6433333333333333
LineConnectionFigure:0.3333333333333333
ConnectionPointHandle:0.22222222222222224
ConnectionsNoLayoutDrawingModel:0.21
AbstractDrawingModel:0.17666666666666667
ConnectionsAndLayoutDrawingModel:0.13666666666666666
ConnectionTool:0.13
