Specification:0.6566666666666666
EuropeanNationType:0.49
NationTypeTest:0.13333333333333333
