Connection:0.4866666666666667
FreeCol:0.36666666666666664
Canvas:0.36333333333333334
Server:0.3455555555555555
InGameController:0.3233333333333333
Client:0.30666666666666664
FreeColServer:0.25
ResourceManager:0.22
ConnectController:0.21666666666666667
PreGameInputHandler:0.2
ReceivingThread:0.18666666666666668
SoundPlayerThread:0.18666666666666668
MetaServer:0.18333333333333332
Worker:0.17
AIInGameInputHandler:0.16
MetaRegister:0.16
MapEditorController:0.15
ScrollThread:0.04666666666666667
