Market:0.7366666666666667
InGameController:0.5866666666666667
ServerPlayerTest:0.2833333333333333
