PluginManager:0.068523884
AbstractPlugin:0.06423736
PluginException:0.023329047
PluginInfo:0.014047933
PluginOptions:0.0
PluginMenu:0.0
