FeedViewer:0.5066666666666667
MFrame:0.47
LoupeLayerUI:0.3177777777777778
Renderer:0.31333333333333335
