MiscUtilities:0.5833333333333334
VFSBrowser:0.38
BrowserView:0.26666666666666666
FloatingWindowContainer:0.19305555555555554
BrowserIORequest:0.18666666666666668
DefaultInputHandler:0.18666666666666668
ActionHandler:0.14
Entry:0.13333333333333333
VFSFileChooserDialog:0.11
BrowserCommandsMenu:0.10333333333333333
PluginsMenuButton:0.1
FavoritesMenuButton:0.08
CommandsMenuButton:0.05333333333333334
FocusHandler:0.0
