Tile:0.8866666666666667
ColopediaPanel:0.3466666666666667
