Parser:0.09986653
DatabaseCommandInterpreter:0.06331276
Table:0.026867716
Trace:0.023381066
Types:0.021468377
Session:0.020617317
DatabaseInformationFull:0.01799791
Token:0.014626023
View:0.010866875
HsqlDateTime:0.009261849
HsqlException:0.0061672195
