Buffer:0.5433333333333333
JEditTextArea:0.47888888888888886
BufferIORequest:0.24666666666666667
RotatedTextIcon:0.245
Install:0.2
ErrorListDialog:0.15
