AIUnit:0.17708702
AIColony:0.16327494
AIGoods:0.09278909
AIMain:0.07070758
AIInGameInputHandler:0.06858928
WorkerWish:0.06352139
TileImprovement:0.05706721
GoodsWish:0.05525065
Transportable:0.041405633
Wish:0.04121858
AIObject:0.023106856
