Mission:0.30911207
TransportMission:0.23412329
