OpenXMLOptions:0.7933333333333333
EditOpenXMLOptionsDialog:0.45666666666666667
OpenXMLFilter:0.28
OpenXMLDialect:0.25
