Canvas:0.37
FreeColServer:0.28
Specification:0.27666666666666667
ConnectController:0.25666666666666665
FreeCol:0.24583333333333332
NewPanel:0.195
UserConnectionHandler:0.17666666666666667
StartGamePanel:0.17
MapEditorController:0.13333333333333333
PlayersTableModel:0.10833333333333334
NationCellRenderer:0.08333333333333333
AdvantageCellRenderer:0.08333333333333333
