jEdit:0.72
GUIUtilities:0.4066666666666667
SplashScreen:0.31666666666666665
SizeSaver:0.14833333333333334
