ConsoleTab:0.48
TextEditor:0.43333333333333335
NotepadEditor:0.26
AbstractTextEditor:0.20666666666666667
