StaticUtils:0.6466666666666666
ITreeIteratorCallback:0.3819047619047619
Searcher:0.37333333333333335
SearchThread:0.15333333333333332
StaticUtilsTest:0.06
