UI:0.6066666666666667
MetaInfo:0.4722222222222222
MFileChooser:0.26166666666666666
Preview:0.20666666666666667
Watermark:0.13666666666666666
