MainWindow:0.54
ProjectFrame:0.4816666666666667
MainWindowUI:0.2866666666666667
