jEdit:0.6833333333333333
Buffer:0.6566666666666666
BufferChangeHandler:0.24
