MMenu:0.7566666666666667
MActionInfo:0.4
MNotification:0.2866666666666667
TodoEditor:0.2866666666666667
InternetSearchPanel:0.19916666666666666
MDateSpinner:0.19
