MainWindow:0.13288769
MetaVersion:0.037377276
Vars:0.020556936
