RealProject:0.44333333333333336
ImportFromAutoTMX:0.4033333333333333
OConsts:0.0
