InGameController:0.6066666666666667
FreeColServer:0.5633333333333334
InGameInputHandler:0.51
