PluginManager:0.24126875
jEdit:0.14911713
GUIUtilities:0.10636971
PluginList:0.041609768
Log:0.031811353
GlobalOptions:0.025706347
XmlException:0.011664362
