View:0.8177777777777778
RegexpIndentRule:0.35111111111111115
