Messages:0.47
Player:0.36
FreeColGameObject:0.31666666666666665
Europe:0.28
Colony:0.26666666666666666
SimpleCombatModel:0.24666666666666667
Building:0.19166666666666668
MessagesTest:0.16666666666666666
