FileUtil:0.45666666666666667
Log:0.43666666666666665
HsqlProperties:0.2833333333333333
ScriptWriterBase:0.24833333333333332
