AddFeedDialog:0.4033333333333333
NewFolderDialog:0.36666666666666664
NewFileDialog:0.30666666666666664
CategoryPropertiesPanel:0.24
