XLIFFOptions:0.17523684
XLIFFFilter:0.08778539
