Unit:0.43666666666666665
Map:0.4086666666666666
Tile:0.37666666666666665
Client:0.27666666666666667
Colony:0.22333333333333333
GUI:0.21666666666666667
UnitButton:0.21333333333333335
ImageLibrary:0.20666666666666667
Server:0.2
InGameMessageHandler:0.18333333333333332
ClientMessageCreator:0.15666666666666668
ClientMessageHandler:0.15333333333333332
MapControls:0.13333333333333333
