InGameController:0.44666666666666666
GUI:0.43833333333333335
MiniMap:0.4033333333333333
UnitAttackAnimationCanvasSwingTask:0.15666666666666668
UnitMoveAnimationCanvasSwingTask:0.15
