View:0.81
DocumentOrientedApplication:0.48
TextAreaView:0.3933333333333333
AbstractView:0.14416666666666667
CloseFileAction:0.11333333333333333
AbstractSaveUnsavedChangesAction:0.105
GrapherView:0.09666666666666666
LoadFileAction:0.04666666666666667
ClearFileAction:0.04
LoadRecentFileAction:0.03666666666666667
