TradeItem:0.32519686
ColonyTradeItem:0.32179713
UnitTradeItem:0.32116058
StanceTradeItem:0.31841287
GoldTradeItem:0.29638663
GoodsTradeItem:0.27857798
FreeColGameObject:0.08919582
PersistentObject:0.07185532
Game:0.070538625
Player:0.06422656
