TradeItem:0.47630268
DiplomaticTrade:0.3742176
Game:0.14071397
Player:0.121257074
