FreeColDialog:0.08642176
FreeColPanel:0.042702474
