TradeItem:0.4775692
DiplomaticTrade:0.41321638
Player:0.14777963
Game:0.11719364
