CachedDataRow:0.48268014
Row:0.25204048
Node:0.23391977
Cache:0.17161085
DiskNode:0.16730754
PointerNode:0.14956968
DataFileDefrag:0.09957498
DataFileCache:0.09659834
Table:0.089966215
TextCache:0.07953172
TextTable:0.07058451
Trace:0.051973555
PointerCachedDataRow:0.038608927
HsqlException:0.008535131
Record:0.0069475845
