InGameMenuBar:0.4033333333333333
ReportCargoAction:0.29333333333333333
ReportExplorationAction:0.29333333333333333
ReportProductionAction:0.29333333333333333
ReportHistoryAction:0.29333333333333333
