JEditTextArea:0.6866666666666666
TextAreaTransferHandler:0.24666666666666667
DropHandler:0.23666666666666666
SplashScreen:0.18
ActionHandler:0.11666666666666667
