Widget:0.5933333333333334
WidgetDesktopPaneUI:0.43333333333333335
MPainter:0.43333333333333335
Desktop:0.38
WidgetDesktopIconUI:0.2966666666666667
Title:0.25666666666666665
MInfoBar:0.24666666666666667
WidgetInternalFrame:0.23333333333333334
MWrapperPanel:0.22
TagsEditor:0.22
InternetSearchWidget:0.17666666666666667
WidgetInternalFrameUI:0.17555555555555555
DesktopPanel:0.15333333333333332
Renderer:0.14333333333333334
WidgetBorder:0.11666666666666667
StaticFocusHandler:0.006666666666666667
