WikiBase:0.45666666666666667
JAMWikiServlet:0.2866666666666667
InterWikiHandler:0.2833333333333333
ParserUtil:0.27
LinkUtil:0.25333333333333335
PseudoTopicHandler:0.2
