Player:0.49
Unit:0.4633333333333333
Market:0.3333333333333333
Data:0.2866666666666667
InGameInputHandler:0.22666666666666666
InGameController:0.21666666666666667
AIPlayer:0.18666666666666668
MarketData:0.13
ReportTradePanel:0.13
