UI:0.8066666666666666
MText:0.3566666666666667
MButton:0.2712222222222222
InternetSearch:0.25666666666666665
MTextPane:0.19666666666666666
MPasswordField:0.17333333333333334
MToggleButton:0.17222222222222225
MTextArea:0.14
