MTaskPanel:0.11834517
MSettingsDialog:0.058755867
MPanel:0.028834565
UI:0.014501775
MLogger:0.008405211
BooleanProperty:0.0024152042
Property:0.0015795263
