PluginManager:0.09671168
PluginDownloader:0.08323507
PluginInfo:0.07564711
ScriptPlugin:0.07071894
PluginList:0.06631538
LookAndFeelSettings:0.06623692
PluginType:0.042086113
PluginInstaller:0.027659377
Pluggable:0.025586734
