Args:0.017834222
Flags:0.010901438
