TagsUtils:0.2660839
TagsEditor:0.017462926
TagsMenu:0.015643824
