TransactionManagerCommon:0.38432136
TransactionManager:0.359171
RowAction:0.3365523
Session:0.3088427
RowActionBase:0.20206355
Row:0.19240394
SessionManager:0.09081997
SessionContext:0.085675836
TableBase:0.059461355
Table:0.05626447
Database:0.05376422
SchemaManager:0.05274727
StatementManager:0.0413
SessionInterface:0.040171538
Statement:0.037917066
HsqlException:0.0042609856
SqlInvariants:0.0012777342
