TransactionManager:0.5526712
TransactionManagerCommon:0.39830315
RowAction:0.33537126
Session:0.285953
RowActionBase:0.26440707
Row:0.18303254
SessionContext:0.111136176
SessionManager:0.08375906
Database:0.060779445
Table:0.058153536
SchemaManager:0.049011912
StatementManager:0.046987202
Statement:0.034877572
