GUI:0.4766666666666667
CanvasMapEditorMouseListener:0.39
UnitMoveAnimation:0.22333333333333333
Animations:0.20333333333333334
MapEditorController:0.20055555555555554
UnloadAction:0.19
UnitAttackAnimationCanvasSwingTask:0.13
UnitMoveAnimationCanvasSwingTask:0.12333333333333334
