Message:0.064778246
Connection:0.03297716
