InputHandler:0.09027204
jEdit:0.038876414
View:0.03171372
EditAction:0.018078523
StatusBar:0.010485879
Log:0.0098573165
