ColonyPanel:0.16633682
BuildQueuePanel:0.07690807
BuildingSiteToolTip:0.07381174
