Message:0.048663978
Connection:0.025556296
