MapEditorMenuBar:0.69849676
FreeColMenuBar:0.3875594
FreeColMenuTest:0.06329706
Canvas:0.03645622
