InGameMenuBar:0.64146185
FreeColMenuBar:0.27885967
Canvas:0.042461324
