MetaInfo:0.7933333333333333
RequestInfo:0.36666666666666664
TaskTable:0.3225
ItemRenderer:0.24444444444444446
TodoEditorCore:0.18666666666666668
AbstractRequestManager:0.15333333333333332
