PrintPreviewPanel:0.49333333333333335
MScrollPane:0.4666666666666667
DesktopPanel:0.34
MLayerUI:0.23333333333333334
BrowseLayerUI:0.19
