Canvas:0.49333333333333335
InGameController:0.44666666666666666
InGameInputHandler:0.26
FreeColPanel:0.25666666666666665
ChangeSet:0.24333333333333335
SpyChange:0.10333333333333333
SpyColonySwingTask:0.05333333333333334
