OptionsDialog:0.33549738
PluginOptions:0.16901119
OptionPane:0.16075875
GlobalOptions:0.12082491
EditPlugin:0.0964964
jEdit:0.07115301
