InputHandler:0.21797197
PreGameController:0.10470933
