Tile:1.0
Colony:0.9588648
Goods:0.8892478
Player:0.8788404
IndianSettlement:0.8762052
Building:0.84918386
ColonyTile:0.7774032
Map:0.75521153
Europe:0.7207793
DefaultCostDecider:0.64216495
Settlement:0.5400342
PathNode:0.4191201
TradeRoute:0.37858966
UnitContainer:0.3573859
Market:0.352785
GoodsContainer:0.34017828
Location:0.33160612
ModelMessage:0.3279513
CostDecider:0.3222754
Locatable:0.3046488
FreeColGameObject:0.25709862
WorkLocation:0.19854958
ModelController:0.19324921
Game:0.17669441
GoodsTradeItem:0.15127963
GoalDecider:0.14062001
UnitTradeItem:0.13298821
Ownable:0.11499973
UnitType:0.09114313
Modifier:0.08485401
GameOptions:0.084792376
Tension:0.081844196
Nameable:0.0508489
FoundingFather:0.047746617
BuildingType:0.038233913
GoodsType:0.022673156
FreeColGameObjectListener:0.007187177
