MetaInfo:0.5455555555555556
DefaultPreview:0.4
Preview:0.26866666666666666
ItemRenderer:0.21333333333333335
AbstractPreview:0.043333333333333335
Result:0.03666666666666667
