Unit:0.7733333333333333
AllTests:0.43333333333333335
ColonyProductionTest:0.22666666666666666
AbstractUnitTest:0.09333333333333334
