ParserDDL:0.6077777777777778
ResultProperties:0.3566666666666667
