MTaskPanel:0.5966666666666667
GHNSDialog:0.31666666666666665
PluginDownloader:0.30666666666666664
PluginInstaller:0.19333333333333333
UpdateDialog:0.10666666666666667
