jEdit:0.6833333333333333
JEditTextArea:0.5083333333333333
GUIUtilities:0.44333333333333336
ChunkCache:0.24166666666666667
InstallPluginsDialog:0.24
BufferIORequest:0.19666666666666666
ParentDirectoryRenderer:0.13333333333333333
ActionHandler:0.11
BufferPrintable:0.10666666666666667
