Tracker:0.5933333333333334
SessionManager:0.32666666666666666
Links:0.31
