MainWindow:0.35333333333333333
Tree:0.31
Sidebar:0.2866666666666667
TaskTable:0.28
TagsUtils:0.25
Tags:0.2006666666666667
Query:0.17666666666666667
Criterium:0.17222222222222222
