TodoEditorCore:0.14108242
TodoEditor:0.036301203
TaskState:0.027204962
Priority:0.026100786
DateTimeRenderer:0.02591243
TaskModel:0.014606596
CompleteRenderer:0.008885524
CompleteEditor:0.005354336
TaskSelection:0.0032828832
