ActionListHandler:0.14941712
EditAction:0.14128746
BeanShell:0.06974375
View:0.0034648972
