LearnSkillMessage:0.4866666666666667
ScoutIndianSettlementMessage:0.4866666666666667
MissionaryMessage:0.4866666666666667
