TaskTable:0.48333333333333334
Button:0.4791666666666667
