ImageEditorCore:0.3566666666666667
Item:0.29
FeedsFS:0.29
ScriptIDE:0.25
ScriptYourself:0.21066666666666667
SnippetAction:0.12666666666666668
ActionDialog:0.09666666666666666
OPMLReader:0.09444444444444444
Info:0.03333333333333333
