MFlipPanel:0.04648541
MThrobber:0.035260525
TK:0.030739931
MLabel:0.015226057
MMouseAdapter:0.0151651325
