MIcon:0.046150822
MLabel:0.040145636
MTaskPanel:0.03301994
