SummaryData:0.6633333333333333
Tracker:0.5966666666666667
