SelectAreaTracker:0.3446666666666667
HandleTracker:0.34
SelectionTool:0.27
TransformHandle:0.27
AbstractView:0.26666666666666666
DragTracker:0.2492539682539683
AbstractTool:0.23666666666666666
EllipseFigure:0.21550000000000002
CreationTool:0.18
