SettlementType:0.30511737
NationType:0.12335185
Settlement:0.12047704
IndianSettlement:0.1043433
Colony:0.09513607
Scope:0.08225487
