RangeVariable:0.4
ExpressionColumn:0.36333333333333334
QuerySpecification:0.3433333333333333
TriggerDef:0.3011111111111111
RangeVariableJoined:0.27666666666666667
