StatementDMQL:0.6033333333333334
TestBatchExecution:0.4666666666666667
StatementSimple:0.4216666666666667
