Tokens:0.5433333333333333
Database:0.3466666666666667
ParserDQL:0.3433333333333333
SchemaManager:0.34
ReferenceObject:0.3016666666666667
Schema:0.29
View:0.2733333333333333
ExpressionColumn:0.256
StatementSchema:0.23666666666666666
ParserDDL:0.20333333333333334
ParserBase:0.19666666666666666
ParserCommand:0.19333333333333333
StatementCommand:0.19
