AbstractUnitOptionUI:0.15409845
OptionUI:0.10622116
