OptionGroupUI:0.33006078
OptionUI:0.14802594
