OptionGroup:0.31869665
AbstractOption:0.31342018
IntegerOption:0.30679798
FileOption:0.2985997
StringOption:0.2939742
ListOption:0.2886042
BooleanOption:0.28556988
ModOption:0.2757518
UnitTypeOption:0.26880467
AbstractUnitOption:0.2543561
SelectOption:0.24282186
AudioMixerOption:0.2301217
LanguageOption:0.21533053
