MLabel:0.031617023
UI:0.014330739
MAction:0.012023419
