Specification:0.8333333333333334
PurchaseDialog:0.21
TrainDialog:0.17333333333333334
