ToggleGridAction:0.076523595
DrawingAttributeAction:0.05971578
EditCanvasAction:0.04591463
ButtonFactory:0.045022257
EditGridAction:0.040669326
ZoomAction:0.03854125
