NotLoadedProject:0.810371
RealProject:0.3891253
ProjectTMX:0.20753554
SourceTextEntry:0.09483785
ExternalTMX:0.08749916
TMXEntry:0.062627226
ProjectProperties:0.05492363
EntryKey:0.011815533
