Cache:0.4066666666666667
DataFileCache:0.32666666666666666
ArrayUtil:0.32
TransactionManagerMVCC:0.31666666666666665
TransactionManagerMV2PL:0.31666666666666665
Log:0.2866666666666667
TransactionManager2PL:0.26666666666666666
IndexAVL:0.17333333333333334
