ReportPanel:0.1847659
ReportUnitPanel:0.15833034
