DatabaseConnection : 0.72958297
DatabaseHandler : 0.7810011
Utilities : 0.7535606
DefaultQueryHandler : 0.80053693
SetupServlet : 0.750378
DatabaseUpgrades : 0.7324468
