DatabaseHandler : 0.85976815
JAMWikiServlet : 0.86905307
LinkUtil : 0.87330025
WikiBase : 0.8618385
DefaultQueryHandler : 0.839639
JFlexParser : 0.86180586
EditServlet : 0.8626754
TemplateTag : 0.8666679
QueryHandler : 0.7541369
LuceneSearchEngine : 0.8652715
ManageServlet : 0.85527855
UploadServlet : 0.8664354
MoveServlet : 0.8652157
TranslationServlet : 0.87248003
HistoryServlet : 0.85487807
PrintableServlet : 0.8592699
