DefaultQueryHandler : 0.801198
DatabaseHandler : 0.7778294
