DatabaseHandler : 0.86024517
JAMWikiServlet : 0.86957115
EditServlet : 0.8629898
RegisterServlet : 0.8703358
