LinkUtil : 0.89744616
EditServlet : 0.89926606
LoginServlet : 0.91339904
RegisterServlet : 0.9068666
SearchServlet : 0.9038806
