Utilities : 0.8459732
WikiResultSet : 0.8447665
DatabaseHandler : 0.83713424
AdminController : 0.8280056
DatabaseConnection : 0.8418106
ConvertVQWiki : 0.8108686
