DefaultQueryHandler : 0.80109596
DatabaseHandler : 0.7788141
Topic : 0.77946556
DatabaseUpgrades : 0.72396046
DB2400QueryHandler : 0.80938774
DB2QueryHandler : 0.8160427
OracleQueryHandler : 0.8152793
WatchlistServlet : 0.7636248
