DefaultQueryHandler : 0.80149055
DatabaseHandler : 0.7780662
DB2400QueryHandler : 0.8097147
DB2QueryHandler : 0.816502
OracleQueryHandler : 0.8157452
AdminServlet : 0.7420128
WatchlistServlet : 0.7499853
Watchlist : 0.79222155
