SetupServlet : 0.8667363
LoginServlet : 0.8617362
UpgradeServlet : 0.87778014
RegisterServlet : 0.8719265
