JAMWikiServlet : 0.86994207
Watchlist : 0.84410524
WatchlistServlet : 0.867653
