DatabaseHandler : 0.778845
DefaultQueryHandler : 0.80251503
Watchlist : 0.783751
WatchlistServlet : 0.7475177
