AdminServlet : 0.69659734
TableOfContents : 0.68167263
