DatabaseHandler : 0.84015626
ConvertVQWiki : 0.8106852
