ServletUtil : 0.8241673
EditServlet : 0.8369396
JAMWikiServlet : 0.80617887
AdminServlet : 0.83407027
TranslationServlet : 0.82792556
ManageServlet : 0.81613004
MoveServlet : 0.8211159
PersistencyServlet : 0.8280306
LoginServlet : 0.8216341
HistoryServlet : 0.8242007
