Utilities : 0.8505113
SetupServlet : 0.8607504
