ServletUtil : 0.8702864
ImageLinkTag : 0.85995746
UpgradeServlet : 0.87686056
JAMWikiServlet : 0.8019359
