Utilities : 0.8727049
UploadServlet : 0.8749221
ImportServlet : 0.8937714
