WikiReference : 0.8680392
WikiReferencesTag : 0.90429205
