WikiReferenceTag : 0.86924213
WikiReferencesTag : 0.860918
