WikiPageInfo : 0.69692117
AdminServlet : 0.6986894
