Utilities : 0.85054135
UserHandler : 0.81787086
DatabaseHandler : 0.8404441
WikiUserInfo : 0.9418194
QueryHandler : 0.77890885
FileHandler : 0.6699956
Environment : 0.6972283
DefaultQueryHandler : 0.8242866
LdapUserHandler : 0.85999894
UpgradeServlet : 0.8517094
AdminServlet : 0.83789796
SetupServlet : 0.8468534
WikiSignatureTag : 0.8442448
RegisterServlet : 0.840294
DatabaseUpgrades : 0.83015025
