DatabaseHandler : 0.78213114
DefaultQueryHandler : 0.8027634
PersistencyServlet : 0.769154
