DatabaseHandler : 0.79162455
WikiDatabase : 0.78255504
Environment : 0.7460543
WikiBase : 0.80497944
DatabaseConnection : 0.73531127
DefaultQueryHandler : 0.8035032
DatabaseUpgrades : 0.74198854
UpgradeServlet : 0.75267684
SetupServlet : 0.75956184
AdminServlet : 0.74822056
RegisterServlet : 0.7456656
