DatabaseHandler : 0.86179674
WikiDatabase : 0.85460895
RegisterServlet : 0.8742816
LoginServlet : 0.86474013
