LdapUserHandler : 0.71232253
AdminServlet : 0.71154505
