LdapUserHandler : 0.69055796
WikiBase : 0.703175
AdminServlet : 0.68691546
RegisterServlet : 0.6686197
