Environment : 0.69357747
WikiBase : 0.8632583
AdminServlet : 0.86343277
