NamespaceHandler : 0.88722545
AdminServlet : 0.8569804
WikiConfigurationObject : 0.8643938
PseudoTopicHandler : 0.8522148
