ServletUtil : 0.8255578
MoveServlet : 0.821718
