QueryHandler : 0.78049016
WikiCache : 0.8625715
DatabaseHandler : 0.8380199
DefaultQueryHandler : 0.8232878
ServletUtil : 0.8339145
