WikiCache : 0.7191678
AdminServlet : 0.6912515
