AdminServlet : 0.856988
WikiConfigurationObject : 0.8644071
