Utilities : 0.8424334
AnsiDatabaseHandler : 0.8862824
WikiDatabase : 0.869919
PostgresQueryHandler : 0.0
HSQLQueryHandler : 0.0
MSSqlQueryHandler : 0.0
MySqlQueryHandler : 0.0
DB2400QueryHandler : 0.90948766
OracleQueryHandler : 0.92211646
DB2QueryHandler : 0.9218376
DatabaseUpgrades : 0.8821544
DatabaseUserHandler : 0.8775949
UpgradeServlet : 0.86367196
PersistencyServlet : 0.8680231
