Utilities : 0.8626221
WikiBase : 0.86974907
Environment : 0.680642
WikiDatabase : 0.8767818
UpgradeServlet : 0.883092
PersistencyServlet : 0.8787964
HSqlQueryHandler : 0.0
DB2DataHandler : 0.8511477
MSSqlDataHandler : 0.8511477
HSqlDataHandler : 0.8511477
DB2400DataHandler : 0.8511477
MySqlDataHandler : 0.8511477
OracleDataHandler : 0.8511477
PostgresDataHandler : 0.8511477
