WikiBase : 0.87996393
DatabaseConnection : 0.87697834
SetupServlet : 0.8685754
DatabaseUserHandler : 0.8780919
UpgradeServlet : 0.8694239
DatabaseUpgrades : 0.8787138
