FilesServlet : 0.938616
ImagesServlet : 0.93708974
