Environment : 0.71080893
WikiConfiguration : 0.8480336
