DatabaseHandler : 0.8333965
JAMWikiDaoImpl : 0.79545915
