Utilities : 0.85046643
ServletUtil : 0.8267101
SetupServlet : 0.84847564
RegisterServlet : 0.84221107
JAMWikiDaoImpl : 0.79545915
JAMWikiDaoAuthenticationProvider : 0.7666221
