WikiUserInfo : 0.9376792
Utilities : 0.85046643
ServletUtil : 0.8267101
FileHandler : 0.6699956
AnsiDataHandler : 0.83696085
AnsiQueryHandler : 0.7745591
WikiDatabase : 0.84992033
SetupServlet : 0.84847564
RegisterServlet : 0.84221107
LdapUserHandler : 0.8589578
DatabaseUserHandler : 0.8588426
DatabaseUpgrades : 0.8290847
WikiSignatureTag : 0.84388226
