Utilities : 0.85046643
AnsiDataHandler : 0.83696085
AnsiQueryHandler : 0.7745591
SetupServlet : 0.84847564
WikiDatabase : 0.84992033
RegisterServlet : 0.84221107
