LoginServlet : 0.86512065
AdminServlet : 0.8608332
TranslationServlet : 0.8757725
PersistencyServlet : 0.86077225
