AdminServlet : 0.8854337
EditServlet : 0.8973356
JAMWikiAuthenticationProcessingFilter : 0.7260803
TranslationServlet : 0.9015546
SetupServlet : 0.88807034
ManageServlet : 0.92436546
MoveServlet : 0.923784
PersistencyServlet : 0.8951511
