WikiConfiguration : 0.70303756
AnsiDataHandler : 0.6872663
WikiDatabase : 0.70082015
AnsiQueryHandler : 0.69366807
NamespaceHandler : 0.69217753
JAMWikiFilter : 0.7097195
SetupServlet : 0.70387495
AdminServlet : 0.69978803
WikiVersion : 0.67337054
JAMWikiLogoutFilter : 0.7721161
DatabaseUpgrades : 0.6793366
JAMWikiAuthenticationProcessingFilter : 0.773647
PseudoTopicHandler : 0.74550635
