EditServlet : 0.863842
ServletUtil : 0.87274814
WatchlistTag : 0.8635738
WatchlistServlet : 0.8678198
