Environment : 0.69036883
WikiPageInfo : 0.8338569
JFlexParser : 0.86961013
LinkTag : 0.86922175
UpgradeServlet : 0.8805952
AdminServlet : 0.865897
WikiLinkTag : 0.9094712
