AnsiQueryHandler : 0.7745591
AnsiDataHandler : 0.83696085
RegisterServlet : 0.84221107
DatabaseUpgrades : 0.8290847
