XMLUtil : 0.89630806
PaginationTag : 0.8815119
XMLTopicFactory : 0.8744122
WikiVersion : 0.7846389
RecentChange : 0.8440708
TemplateTag : 0.89499867
UploadServlet : 0.8684338
Watchlist : 0.84083086
WikiReferenceTag : 0.87982565
AdminServlet : 0.8551463
HtmlTag : 0.89063615
HtmlLinkTag : 0.7089062
WikiLogFormatter : 0.88719064
WikiSignatureTag : 0.8950121
