DatabaseHandler : 0.8381334
FileHandler : 0.8493804
ImportServlet : 0.8183636
PersistencyHandler : 0.78257245
