AdminServlet : 0.69978803
RecentChangesFeedServlet : 0.69267285
