WikiMail : 0.8787767
WikiMailAuthenticator : 0.83641845
