QueryHandler : 0.7860717
AnsiQueryHandler : 0.8439618
MoveServlet : 0.88420534
