WikiServlet : 0.68804216
JMController : 0.68204844
FileChangeLog : 0.7085547
DatabaseChangeLog : 0.65882987
SaveAttachmentServlet : 0.6753347
EditServlet : 0.6949985
DecodeTag : 0.6901482
EncodeTag : 0.69058585
ParserUtil : 0.79650253
AbstractNotify : 0.7117303
AbstractWikiMembers : 0.70681715
SearchServlet : 0.68515176
RSSServlet : 0.8089059
PrintableServlet : 0.69346625
NotifyServlet : 0.67014617
