SpamFilter : 0.7058173
AdminServlet : 0.69978803
