WikiBase : 0.8755164
SetupServlet : 0.86986536
AdminServlet : 0.8528682
