WikiBase : 0.71247965
AdminServlet : 0.69978803
SetupServlet : 0.70387495
