WikiLogger : 0.8463661
LinkTag : 0.85974306
ImageLinkTag : 0.8591711
PaginationTag : 0.8672368
LinkParamTag : 0.85705024
WatchlistTag : 0.8635738
