AnsiQueryHandler : 0.7834245
DatabaseUpgrades : 0.738551
DatabaseUserHandler : 0.7890824
UpgradeServlet : 0.7496232
