Topic : 0.9052896
DatabaseHandler : 0.839474
FileHandler : 0.85043985
EditServlet : 0.82671404
TopicController : 0.8099459
HistoryServlet : 0.8134619
