WikiBase : 0.85142046
TopicVersion : 0.908815
DatabaseInit : 0.8399006
AdminController : 0.82532704
EditServlet : 0.835927
HistoryServlet : 0.82133895
TopicController : 0.8178418
PrintableServlet : 0.83309174
ImportServlet : 0.8232055
