JAMController : 0.842204
AdminController : 0.8478661
TopicController : 0.83689016
EditServlet : 0.8375815
AbstractNotify : 0.81649125
MemberServlet : 0.84890455
LockListServlet : 0.8574477
LoginServlet : 0.84837896
ImportServlet : 0.8403638
AbstractWikiMembers : 0.8330426
RecentChangesServlet : 0.8525412
SearchServlet : 0.85239315
RSSServlet : 0.6986193
PrintableServlet : 0.851242
AttachServlet : 0.8443232
VirtualWikiServlet : 0.84004474
DiffServlet : 0.8400707
HistoryServlet : 0.8432415
