RadioTag : 0.6874098
CheckboxTag : 0.6875836
AdminServlet : 0.69978803
