DatabaseHandler : 0.84053046
FileHandler : 0.8503992
EditServlet : 0.83238447
AbstractNotify : 0.84553754
AttachServlet : 0.8182845
SaveAttachmentServlet : 0.8436738
DiffServlet : 0.8238591
RSSServlet : 0.6786377
