FileHandler : 0.86171496
DatabaseHandler : 0.85795283
PersistencyHandler : 0.7813946
HistoryServlet : 0.84312344
