ImageLinkTag : 0.91495323
LinkParamTag : 0.92144555
RadioTag : 0.91967005
TextTag : 0.9197477
CheckboxTag : 0.9197505
WatchlistTag : 0.89003575
PaginationTag : 0.88972485
