WikiPageInfo : 0.8253563
EditServlet : 0.8973356
