TemplateTag : 0.8479428
IncludeOnlyTag : 0.85933405
NoIncludeTag : 0.85683143
