AbstractParser : 0.7764844
UtilitiesTest : 0.8167444
JFlexParser : 0.85892135
EditServlet : 0.863842
WikiSignatureTag : 0.8731122
