TemplateTag : 0.8693945
IncludeOnlyTag : 0.8965486
NoIncludeTag : 0.89286715
