AnsiQueryHandler : 0.7834245
ItemsServlet : 0.7913186
DataHandler : 0.8969292
AnsiDataHandler : 0.7860717
DB2QueryHandler : 0.8181067
OracleQueryHandler : 0.81734526
DB2400QueryHandler : 0.81163925
