AdminServlet : 0.69978803
HtmlLinkTag : 0.76064295
