TranslationServlet : 0.88585126
ManageServlet : 0.8940695
JAMWikiAuthenticationProcessingFilter : 0.6846608
