DatabaseUpgrades : 0.82774764
UpgradeServlet : 0.8139785
