WikiBase : 0.8462795
FileHandler : 0.6847565
DatabaseHandler : 0.8398163
AbstractSearchEngine : 0.68189627
RecentChangesServlet : 0.8254631
DatabaseInit : 0.83658874
PersistencyHandler : 0.7864397
AdminController : 0.81738174
ConvertVQWiki : 0.80345917
DiffServlet : 0.82460785
WikiFileComparator has been removed due to the repository version iteration
