DataHandler : 0.8969292
Role : 0.7694072
AnsiQueryHandler : 0.7834245
WikiDatabase : 0.77487826
DatabaseUpgrades : 0.738551
AnsiDataHandler : 0.7860717
