Role : 0.83476025
AnsiQueryHandler : 0.8439618
QueryHandler : 0.7860717
RolesServlet : 0.8670173
