AdminController : 0.84923357
EditServlet : 0.83834153
RSSServlet : 0.700517
AbstractNotify : 0.8164237
SaveAttachmentServlet : 0.84649783
