AnsiQueryHandler : 0.8210937
AnsiDataHandler : 0.879769
