AnsiQueryHandler : 0.77541125
QueryHandler : 0.7698652
DataHandler : 0.7657964
AnsiDataHandler : 0.8439412
