AnsiDataHandler : 0.8469314
AnsiQueryHandler : 0.77521867
