AnsiQueryHandler : 0.7834245
DataHandler : 0.8969292
AnsiDataHandler : 0.7860717
