Role : 0.8447983
AnsiQueryHandler : 0.79671437
AnsiDataHandler : 0.8633294
WikiDatabase : 0.85718703
RolesServlet : 0.8648875
