AnsiDataHandler : 0.83696085
SetupServlet : 0.84847564
RegisterServlet : 0.84221107
DatabaseUpgrades : 0.8290847
