FileHandler : 0.7809536
Utilities : 0.8053059
WikiBase : 0.6925855
AdminController : 0.67332697
FileNotify : 0.697859
AbstractSearchEngine : 0.77805364
FileSearchEngine : 0.70816696
DatabaseSearchEngine : 0.68236434
