AbstractLexer : 0.78400934
ImageUtil : 0.85311407
JAMWikiServlet : 0.80970633
