WikiDatabase : 0.84992033
AnsiQueryHandler : 0.7745591
AnsiDataHandler : 0.83696085
DatabaseUpgrades : 0.8290847
SetupServlet : 0.84847564
