Utilities : 0.85046643
ServletUtil : 0.8267101
