ServletUtil : 0.68118477
AdminServlet : 0.69978803
MoveServlet : 0.67297125
DatabaseUpgrades : 0.6793366
