RegisterServlet : 0.8765717
UpgradeServlet : 0.8745267
