AdminWikiController : 0.66312534
AdministrationServlet : 0.6796182
