AnsiQueryHandler : 0.8853364
DatabaseUserHandler : 0.89342433
DatabaseUpgrades : 0.88907826
