FileHandler : 0.7005231
DatabaseHandler : 0.8570153
AdminController : 0.8475445
PersistencyHandler : 0.8116765
EditServlet : 0.8366274
SaveAttachmentServlet : 0.8449669
LockListServlet : 0.857137
