Utilities : 0.85155207
ServletUtil : 0.8312567
AdminServlet : 0.8312626
UploadServlet : 0.8535186
EditServlet : 0.8331239
ManageServlet : 0.8180473
TranslationServlet : 0.83836657
RegisterServlet : 0.85134345
UpgradeServlet : 0.85811853
WatchlistServlet : 0.82600856
MoveServlet : 0.8219848
ImportServlet : 0.8391475
ImportTiddlyWikiServlet : 0.83775365
JAMWikiLocaleInterceptor : 0.8590275
