AdminController : 0.8498015
EditServlet : 0.83273935
AttachServlet : 0.84353334
