EditServlet : 0.8389424
UploadServlet : 0.84748405
ManageServlet : 0.82277864
MoveServlet : 0.8201055
TranslationServlet : 0.8357001
