UpgradeServlet : 0.87546676
AdminServlet : 0.8542729
