ParserInput : 0.8324681
WikiDatabase : 0.8609023
AdminServlet : 0.88704544
EditServlet : 0.90009964
ImportServlet : 0.8979022
