ServletUtil : 0.6856132
EditServlet : 0.6980758
AdminServlet : 0.69395214
DatabaseUpgrades : 0.68908864
