UtilitiesTest : 0.80946475
WikiMessage : 0.8471782
XMLUtil : 0.8602356
HtmlTag : 0.86882406
LinkUtil : 0.87843037
TableOfContents : 0.85199815
LuceneSearchEngine : 0.87266684
CharacterTag : 0.8618377
HtmlLinkTag : 0.6862088
WikiNowikiTag : 0.8776212
HtmlPreTag : 0.87479305
ContributionsServlet : 0.8441658
