ParserDocument : 0.91935843
VirtualWiki : 0.93343586
Role : 0.9071205
WikiException : 0.92956907
SortedProperties : 0.856593
