LinkTag : 0.8913169
PaginationTag : 0.88658106
WatchlistTag : 0.8901139
