DatabaseHandler : 0.835073
PersistencyHandler : 0.8120351
AdminController : 0.82008827
