WikiPageInfo : 0.89374447
ServletUtil : 0.82479876
