ServletUtil : 0.8253563
UpgradeServlet : 0.84172434
