Role : 0.8387411
ServletUtil : 0.85996705
DatabaseUpgrades : 0.88019925
