DatabaseHandler : 0.85913557
PersistencyHandler : 0.82244855
FileHandler : 0.68519855
AdminController : 0.8485888
HistoryServlet : 0.844467
