Environment : 0.6956245
AnsiQueryHandler : 0.7745591
WikiLogger : 0.87455285
WikiEmailService : 0.8661387
RegisterServlet : 0.84221107
WikiMail : 0.89169765
AnsiDataHandler : 0.83696085
AdminServlet : 0.8336842
EmailServlet : 0.80021894
SetupServlet : 0.84847564
LoginServlet : 0.8244258
