FileNotify : 0.8429915
SaveAttachmentServlet : 0.86787874
FileSearchEngine : 0.85315055
SearchServlet : 0.8838297
NotifyServlet : 0.86224496
ViewAttachmentServlet : 0.8767222
