JAMWikiServlet : 0.8460334
Utilities : 0.6948989
Environment : 0.6839077
DatabaseHandler : 0.8579552
AdminServlet : 0.8529899
FileHandler : 0.6927332
PersistencyHandler : 0.8219715
DatabaseConnection : 0.8404148
SetupServlet : 0.8508846
