Role : 0.8387411
UpgradeServlet : 0.87411094
DatabaseUpgrades : 0.88019925
