FileHandler : 0.7459549
WikiBase : 0.75499314
DatabaseSearchEngine : 0.7661333
FileSearchEngine : 0.76200193
AbstractSearchEngine : 0.77077687
TopicServlet : 0.7503895
