StylesheetServlet : 0.86956865
ExportServlet : 0.86982334
