WikiMessage : 0.8497784
XMLUtil : 0.869181
HtmlLinkTag : 0.72373515
HtmlTag : 0.8545478
CharacterTag : 0.8722785
WikiNowikiTag : 0.8990265
LuceneSearchEngine : 0.8859036
ContributionsServlet : 0.8566432
HtmlPreTag : 0.8805873
