Utilities : 0.876126
UtilitiesTest : 0.8034092
Environment : 0.6804526
SpamFilter : 0.8738728
WikiConfiguration : 0.8616005
