WikiBase : 0.87058294
Environment : 0.6973619
AdminServlet : 0.8660561
WikiConfiguration : 0.8620756
