TemplateTag : 0.8673088
WikiDatabase : 0.85996705
HtmlLinkTag : 0.67777073
SetupServlet : 0.88807034
LuceneSearchEngine : 0.8874301
UploadServlet : 0.87215304
HtmlTag : 0.83276105
JAMWikiFilter : 0.84606683
