WikiUtil : 0.87315875
AnsiDataHandler : 0.8527873
WikiUtilTest : 0.8351772
ServletUtil : 0.8672701
XMLTopicFactory : 0.8712151
EditServlet : 0.8513085
WikiDatabase : 0.8484205
ParserUtilTest : 0.85741246
UploadServlet : 0.8684338
JAMWikiTestSuite : 0.8620168
LuceneSearchEngine : 0.8728632
SpecialPagesServlet : 0.8429726
