RequestUtil : 0.85604376
UploadServlet : 0.87215304
ImportServlet : 0.8921632
ImportTiddlyWikiServlet : 0.8997014
