TiddlyWiki2MediaWikiTranslator : 0.8044999
DiffUtil : 0.8616462
WikiVersion : 0.78382456
DiffUtilTest : 0.8219596
WikiLinkTag : 0.87992245
SpamFilter : 0.8733908
RolesServlet : 0.8742628
