NamespaceHandler : 0.88457155
RegisterServlet : 0.864162
