WikiUtil : 0.88318455
WikiUtilTest : 0.8420538
AdminServlet : 0.8854337
SetupServlet : 0.88807034
UpgradeServlet : 0.8962244
ServletUtilTest : 0.84389967
