WikiUtil : 0.87378794
ParserUtil : 0.8716361
ServletUtil : 0.87274814
WikiLogger : 0.8463661
