WikiUtil : 0.88318455
ItemsServlet : 0.9031662
RecentChangesFeedServlet : 0.85691816
PaginationTag : 0.86891997
WatchlistServlet : 0.91640514
HistoryServlet : 0.9154907
CategoryServlet : 0.8998237
ContributionsServlet : 0.8826465
RecentChangesServlet : 0.88290983
