ServletUtil : 0.88318455
ImageLinkTag : 0.8558254
