SetupServlet : 0.87191284
AdminServlet : 0.85646766
