WikiUtil : 0.88318455
AdminServlet : 0.8854337
UploadServlet : 0.87215304
EditServlet : 0.8973356
AuthMsgTag : 0.8772631
ManageServlet : 0.92436546
TranslationServlet : 0.9015546
WatchlistTag : 0.87167186
MoveServlet : 0.923784
RegisterServlet : 0.9085541
UpgradeServlet : 0.8962244
RolesServlet : 0.89102036
ImportServlet : 0.8921632
JAMWikiLocaleInterceptor : 0.8770481
ImportTiddlyWikiServlet : 0.8997014
WatchlistServlet : 0.91640514
