InMemoryDaoWithDefaultRoles : 0.8737774
ImageUtil : 0.8384753
JAMWikiExceptionMessageFilter : 0.86082333
RecentChangesFeedServlet : 0.8655475
