WikiUserAuth : 0.88650393
ServletUtil : 0.8267101
WikiBase : 0.8937509
AnsiDataHandler : 0.83696085
WikiDatabase : 0.84992033
ParserInput : 0.9241014
XMLTopicFactoryTest : 0.8102164
EditServlet : 0.83377296
AdminServlet : 0.8336842
UpgradeServlet : 0.84626865
MoveServlet : 0.81483454
WatchlistServlet : 0.82029796
SetupServlet : 0.84847564
ImportTiddlyWikiServlet : 0.83895206
RegisterServlet : 0.84221107
InMemoryDaoWithDefaultRoles : 0.8737774
JAMWikiDaoImpl : 0.8274815
