Utilities : 0.8727484
UtilitiesTest : 0.789833
RegisterServlet : 0.9085541
JFlexParserTest : 0.860494
JAMWikiLocaleInterceptor : 0.8770481
