JFlexParser : 0.86961013
WikiBase : 0.87328786
SearchServlet : 0.8894202
