ViewAttachmentServlet : 0.87773687
SaveAttachmentServlet : 0.8692754
