WikiUtil : 0.87378794
UtilitiesTest : 0.80962414
LinkUtil : 0.8751586
JFlexParser : 0.85892135
UploadServlet : 0.86530805
ManageServlet : 0.87015295
WikiLinkTag : 0.8725288
TranslationServlet : 0.8757725
MoveServlet : 0.8696499
ContributionsServlet : 0.8474615
