EditServlet : 0.8973356
UploadServlet : 0.87215304
ManageServlet : 0.92436546
RegisterServlet : 0.9085541
SetupServlet : 0.88807034
UpgradeServlet : 0.8962244
TranslationServlet : 0.9015546
ImportServlet : 0.8921632
ImportTiddlyWikiServlet : 0.8997014
MoveServlet : 0.923784
