JAMWikiServlet : 0.6792424
WikiBase : 0.6956235
AdminServlet : 0.6752912
PersistencyHandler : 0.69915736
EditServlet : 0.6876712
SetupServlet : 0.68906164
SearchServlet : 0.68243736
PrintableServlet : 0.6890374
LockListServlet : 0.6648855
RecentChangesServlet : 0.67153126
