HtmlLinkTag : 0.69176847
WikiHeadingTag : 0.8750663
