EditServlet : 0.88256806
SetupServlet : 0.91380185
