JFlexTagItem : 0.8612627
JFlexLexer : 0.83877075
