ParserUtil : 0.8960552
JFlexLexer : 0.8688786
