JFlexLexer : 0.868191
ParseUnbalancedTagTest : 0.8370074
