TemplateTag : 0.89776003
WikiLinkTag : 0.91175514
JFlexLexer : 0.8654607
WikiReferenceTag : 0.8801804
WikiHeadingTag : 0.9090056
HtmlLinkTag : 0.7056652
IncludeOnlyTag : 0.91967815
WikiReferencesTag : 0.8887693
NoIncludeTag : 0.9173207
WikiSignatureTag : 0.8958613
