TemplateTag : 0.8634424
JFlexLexer : 0.8378818
WikiLinkTag : 0.8865899
WikiHeadingTag : 0.87808037
WikiReferencesTag : 0.90692973
IncludeOnlyTag : 0.8751729
NoIncludeTag : 0.8714347
HtmlLinkTag : 0.7178819
