JFlexLexer : 0.87608105
ParseWikiSyntaxTest : 0.85948837
