WikiDatabase : 0.879769
DatabaseConnection : 0.8681904
DatabaseUserHandler : 0.8865612
LocalDataSource : 0.0
DatabaseUpgrades : 0.88701516
