ParserTest : 0.85465044
WikiReferencesTag : 0.8668791
