FileHandler : 0.66632783
PersistencyHandler : 0.81053936
DatabaseHandler : 0.8377115
