ParserTest : 0.85208035
JFlexLexer : 0.87308216
