AdminServlet : 0.8660561
RegisterServlet : 0.8860087
