WikiLinkTag : 0.9094712
TestFileUtil : 0.8617873
