FileHandler : 0.6753447
Utilities : 0.68518555
AdminServlet : 0.8828771
PersistencyHandler : 0.8159229
DatabaseHandler : 0.87054145
EditServlet : 0.8702469
LoginServlet : 0.8977836
AbstractWikiMembers : 0.8429956
RegisterServlet : 0.8841155
