TopicVersion : 0.8692186
Environment : 0.7180729
PersistencyHandler : 0.8079829
RecentChange : 0.8667625
WikiBase : 0.8536158
AdminServlet : 0.8476213
DatabaseHandler : 0.8470151
Encryption : 0.8736586
FileHandler : 0.6990646
SetupServlet : 0.847499
EditServlet : 0.8348912
HistoryServlet : 0.83780384
