DatabaseHandler : 0.8385
SetupServlet : 0.83077675
RegisterServlet : 0.8369104
