AuthMsgTag : 0.7769345
JAMWikiExceptionTranslationFilter : 0.76207787
LoginServlet : 0.73729473
