JAMWikiServlet : 0.75715333
LoginServlet : 0.7401268
JAMWikiAuthenticationProcessingFilter : 0.7042322
