AnsiDataHandler : 0.83874303
AnsiQueryHandler : 0.7716968
WikiDatabase : 0.8426407
RecentChange : 0.92773795
EditServlet : 0.83873403
XMLTopicFactory : 0.8457619
UploadServlet : 0.8463861
TiddlyWikiParser : 0.8072872
ManageServlet : 0.8198415
UpgradeServlet : 0.83838165
MoveServlet : 0.81836736
TranslationServlet : 0.83305746
DatabaseUpgrades : 0.82128644
