WikiUtil : 0.87378794
LinkUtil : 0.8751586
UtilitiesTest : 0.80962414
JFlexParser : 0.85892135
TemplateTag : 0.8653251
AdminServlet : 0.8608332
ManageServlet : 0.87015295
UploadServlet : 0.86530805
WikiLinkTag : 0.8725288
TranslationServlet : 0.8757725
MoveServlet : 0.8696499
