UtilitiesTest : 0.80962414
WikiLogger : 0.8463661
