UtilitiesTest : 0.80962414
WikiUtil : 0.87378794
ServletUtil : 0.87274814
TableOfContents : 0.84947217
LinkUtil : 0.8751586
JAMWikiModel : 0.8451981
InterWikiHandler : 0.8612245
WikiReference : 0.8583949
TemplateTag : 0.8653251
WikiUtilTest : 0.8445259
RecentChangesFeedServlet : 0.8562484
WikiHeadingTag : 0.8750663
BlikiParser : 0.8647272
