AdminServlet : 0.8917774
DatabaseUserHandler : 0.87412333
