JFlexParser : 0.8678504
WikiUtil : 0.85836303
WikiLinkTag : 0.89062786
