FileHandler : 0.6757992
PersistencyHandler : 0.8124499
DatabaseHandler : 0.83765024
FileSearchEngine : 0.85696656
