WikiUserAuth : 0.8841808
WikiUserInfo : 0.9376792
AnsiDataHandler : 0.83696085
AnsiQueryHandler : 0.7745591
DatabaseUpgrades : 0.8290847
RegisterServlet : 0.84221107
UpgradeServlet : 0.84626865
WikiSignatureTag : 0.84388226
