QueryHandler : 0.7860717
AnsiQueryHandler : 0.8439618
