ServletUtil : 0.8423222
AnsiDataHandler : 0.8511464
XMLTopicFactoryTest : 0.8035255
EditServlet : 0.8383053
AdminServlet : 0.8449119
JAMWikiServlet : 0.80534804
SetupServlet : 0.86049956
JAMWikiAnonymousProcessingFilter : 0.89956063
MoveServlet : 0.8355989
UpgradeServlet : 0.86367786
WatchlistServlet : 0.8397959
RegisterServlet : 0.86823034
ImportTiddlyWikiServlet : 0.8498635
JAMWikiDaoImpl : 0.87307394
