AbstractNotify : 0.82206887
RegisterServlet : 0.862787
