DataHandler : 0.8969292
AnsiDataHandler : 0.7860717
AnsiQueryHandler : 0.7834245
TestDataHandler : 0.78470427
WikiDatabase : 0.77487826
DatabaseUpgrades : 0.738551
RolesServlet : 0.725046
