WikiUserDetails : 0.8952952
AnsiDataHandler : 0.85807085
ServletUtil : 0.84667015
AdminServlet : 0.85010386
SetupServlet : 0.8697141
UpgradeServlet : 0.8708484
JAMWikiAnonymousProcessingFilter : 0.9123595
