ServletUtil : 0.82479876
AdminServlet : 0.82410073
JAMWikiServlet : 0.8003518
EditServlet : 0.828033
WatchlistServlet : 0.81483823
RegisterServlet : 0.8320522
ImportTiddlyWikiServlet : 0.8318197
