RegisterServlet : 0.8463345
JAMWikiDaoImpl : 0.8451153
