Utilities : 0.8714951
WikiUtilTest : 0.84340936
