AnsiQueryHandler : 0.8439618
WikiPreparedStatement : 0.8497312
