JAMWikiPostAuthenticationFilter : 0.8481228
WikiException : 0.8932997
