AnsiQueryHandler : 0.8439618
WikiUser : 0.83696085
DatabaseUpgrades : 0.88701516
