AdminServlet : 0.85205036
Environment : 0.70303756
EditServlet : 0.850187
RegisterServlet : 0.864162
