Encryption : 0.705763
AdminServlet : 0.68647957
