ServletUtil : 0.8981589
LinkTag : 0.86922175
LinkUtilTest : 0.8519625
PaginationTag : 0.8808215
