Utilities : 0.6993552
AdminServlet : 0.69978803
UpgradeServlet : 0.69237137
SetupServlet : 0.70387495
