TemplateTag : 0.8796075
ParserTest : 0.83651644
