ParserTest : 0.8383288
MagicWordUtil : 0.83920413
