UtilitiesTest : 0.80962414
TemplateTag : 0.8653251
HtmlLinkTag : 0.69176847
