JAMWikiServlet : 0.6866351
FileHandler : 0.8023925
Encryption : 0.71669185
WikiPreparedStatement : 0.6767208
PersistencyHandler : 0.7045797
XMLUtil : 0.732389
DiffHelper has been removed due to the repository version iteration
AdminServlet : 0.6865438
TopicServlet : 0.69163907
SetupServlet : 0.6995326
DatabaseSearchEngine : 0.69962364
FileSearchEngine : 0.7072574
LoginServlet : 0.68248886
EditServlet : 0.6946734
RSSServlet : 0.7906413
SearchServlet : 0.693752
PrintableServlet : 0.6950198
