EditServlet : 0.69121647
AdminServlet : 0.69978803
