UpgradeServlet : 0.8736572
WikiDiff : 0.8656241
