WikiDatabase : 0.70082015
WikiBase : 0.71247965
DatabaseUpgrades : 0.6793366
LocalDataSource : 0.0
