ServletUtil : 0.8835936
ParserFunctionUtil : 0.86594576
TiddlyWikiParser : 0.8056369
JFlexTagItem : 0.84671164
WikiDatabase : 0.85998595
TemplateTag : 0.8667799
JFlexLexer : 0.82994306
WikiReferenceTag : 0.84380794
UploadServlet : 0.865718
TiddlyWiki2MediaWikiTranslator : 0.7992055
UpgradeServlet : 0.88010335
WikiHeadingTag : 0.87377626
