JFlexParserUtil : 0.87026536
RecentChange : 0.8457235
AbstractButtonTag : 0.84626436
TextTag : 0.8537944
DiffUtil : 0.8632408
AuthMsgTag : 0.88371295
RoleMap : 0.85541064
WikiDatabase : 0.8606971
LoginServlet : 0.89218503
EditCommentTag : 0.8718496
WikiHeadingTag : 0.90040666
WikiReferencesTag : 0.8849594
