WatchlistTag : 0.89003575
AlternateTag : 0.9200937
ImageLinkTag : 0.91495323
TextTag : 0.91997886
AbstractButtonTag : 0.91343063
AuthMsgTag : 0.8913169
PaginationTag : 0.88972485
LinkParamTag : 0.92144555
