JFlexParser : 0.86961013
DiffUtil : 0.8632408
TiddlyWiki2MediaWikiTranslator : 0.80397505
WikiHeadingTag : 0.90040666
AuthMsgTag : 0.88371295
HtmlLinkTag : 0.72373515
