EditServlet : 0.85294914
TopicServlet : 0.8606466
