AdminServlet : 0.87324893
EditServlet : 0.85254717
SetupServlet : 0.8673556
LoginServlet : 0.8922325
