AdminServlet : 0.8551463
JAMWikiModel : 0.85803044
TableOfContents : 0.874171
TopicServlet : 0.8306082
