AdminServlet : 0.67413694
RSSServlet : 0.7864898
