LinkUtil : 0.69036883
LuceneSearchEngine : 0.6831276
AdminServlet : 0.69978803
LinkTag : 0.68642926
SearchServlet : 0.6820528
SearchResultEntry : 0.682832
