InterWikiHandler : 0.86722374
JAMWikiAuthenticationConfiguration : 0.8616281
WikiLinkTag : 0.8813791
SpamFilter : 0.8718658
Encryption : 0.85917336
WikiSignatureTag : 0.8804949
WikiHeadingTag : 0.8758898
JAMWikiPostAuthenticationFilter : 0.8342854
JAMWikiDaoImpl : 0.87427425
