PaginationTag : 0.86891997
JAMWikiServlet : 0.80970633
EditCommentTag : 0.8538942
TextTag : 0.8298266
LinkTag : 0.8470822
AlternateTag : 0.8380395
AbstractButtonTag : 0.8213071
ImageLinkTag : 0.84741503
WatchlistTag : 0.87167186
EnabledTag : 0.8506961
AuthMsgTag : 0.8772631
JAMWikiFilter : 0.84606683
WikiVersionTag : 0.8842949
StylesheetServlet : 0.87265074
