ServletUtil : 0.8856741
EditServlet : 0.87319267
HistoryServlet : 0.88040614
PrintableServlet : 0.86445004
TopicServlet : 0.8653596
