JAMWikiServlet : 0.81332123
UploadServlet : 0.86172163
