WikiReferenceTag : 0.8703786
WikiReferencesTag : 0.87109756
