JAMWikiServlet : 0.80359083
TestFileUtil : 0.8548034
ItemsServlet : 0.82564306
LinkTag : 0.8268909
RolesServlet : 0.8164964
JAMWikiExceptionTranslationFilter : 0.84018123
