RecentChange : 0.92773795
MediaWikiXmlTopicFactory : 0.8509299
ImportServlet : 0.8311246
