WikiDatabase : 0.8387413
DatabaseUpgrades : 0.81789356
