ImportServlet : 0.86569506
ImportTiddlyWikiServlet : 0.8772885
