WikiPageInfo : 0.6999022
AdminServlet : 0.69978803
