Environment : 0.68992835
MediaWikiXmlMigrator : 0.67799485
XMLUtil : 0.86128134
AdminServlet : 0.86424994
JAMWikiFilter : 0.8425353
ExportServlet : 0.8637557
MigrationUtil : 0.88460416
