AdminServlet : 0.8902252
SaveAttachmentServlet : 0.88612586
ViewAttachmentServlet : 0.8900368
SetupServlet : 0.8841367
EditServlet : 0.8675809
NotifyServlet : 0.88000476
RSSServlet : 0.6860441
RegisterServlet : 0.8903281
TopicServlet : 0.88558847
SearchServlet : 0.9060402
PrintableServlet : 0.8953603
LockListServlet : 0.9046471
LoginServlet : 0.90801287
AttachServlet : 0.90285784
VirtualWikiServlet : 0.8846301
DiffServlet : 0.89413255
HistoryServlet : 0.9033643
RecentChangesServlet : 0.90150213
