QueryHandler : 0.77383524
AnsiQueryHandler : 0.8708043
