DataHandler : 0.85223323
AnsiQueryHandler : 0.775573
TestDataHandler : 0.77168125
DatabaseUpgrades : 0.7428595
AnsiDataHandler : 0.7738353
PostgresQueryHandler : 0.0
