RecentChangesFeedServlet : 0.8574963
LuceneSearchEngine : 0.8108443
