LogItem : 0.7711783
AnsiDataHandler : 0.7738353
AnsiQueryHandler : 0.775573
RecentChange : 0.7711796
DatabaseUpgrades : 0.7428595
