AnsiQueryHandler : 0.7662215
AnsiDataHandler : 0.7791668
LogItem : 0.9082403
DatabaseUpgrades : 0.8216324
RecentChangesFeedServlet : 0.8635632
UpgradeServlet : 0.8315031
