AnsiDataHandler : 0.7846618
AnsiQueryHandler : 0.77330846
