WikiDatabase : 0.8198156
AnsiQueryHandler : 0.8123755
