DatabaseConnection : 0.8599231
AnsiQueryHandler : 0.8628087
