AnsiQueryHandler : 0.78252256
RecentChange : 0.8880931
MoveServlet : 0.7743749
