VQWikiParser : 0.8453418
AbstractParser : 0.82252795
TopicVersion : 0.8480988
WikiServlet : 0.83863527
MediaWikiParser : 0.8488549
EditServlet : 0.84521264
ViewTopicController : 0.86076254
