AnsiDataHandler : 0.8007578
AnsiQueryHandler : 0.78252256
DatabaseUpgrades : 0.8030778
