AnsiDataHandler : 0.8007578
RecentChange : 0.8880931
AnsiQueryHandler : 0.78252256
WikiMessage : 0.8754158
LogItem : 0.8774872
MoveServlet : 0.7743749
