AnsiDataHandler : 0.77363867
Utilities : 0.6982013
AnsiQueryHandler : 0.76598215
TopicVersion : 0.8880931
RecentChangesFeedServlet : 0.8635632
LogItem : 0.9132393
