RecentChange : 0.90952474
ManageServlet : 0.8331989
