TemplateTag : 0.78983253
TestFileUtil : 0.8043996
TiddlyWikiParser : 0.7994437
HtmlLinkTag : 0.65383565
