LogItem : 0.87298465
DatabaseUpgrades : 0.8030778
UploadServlet : 0.8090315
