ManageServlet : 0.90367085
MoveServlet : 0.8985809
