ParserFunctionUtil : 0.8782218
TemplateTag : 0.8850598
