RoleImpl : 0.92627174
AnsiDataHandler : 0.7655956
WikiDatabase : 0.7821007
ServletUtil : 0.8296218
JAMWikiAuthenticationConfiguration : 0.8743556
AdminServlet : 0.8199399
EditServlet : 0.8285756
JAMWikiServlet : 0.8182444
RegisterServlet : 0.83853066
RolesServlet : 0.83938056
WatchlistServlet : 0.8183083
MoveServlet : 0.8208256
ImportTiddlyWikiServlet : 0.8336316
JAMWikiDaoImpl : 0.8306868
