AnsiDataHandler : 0.72895765
LuceneSearchEngine : 0.7522175
