QueryHandler : 0.76692855
AnsiQueryHandler : 0.8628087
