AnsiDataHandler : 0.67117614
MediaWikiXmlMigrator : 0.6769543
MigrationUtil : 0.6942095
WikiLinkTag : 0.69143635
