JFlexParser : 0.7924465
MigrationUtil : 0.8271722
