Utilities : 0.7233745
JFlexLexer : 0.84462
