AnsiQueryHandler : 0.7750589
AnsiDataHandler : 0.76692855
DB2QueryHandler : 0.78900164
OracleQueryHandler : 0.7890893
DB2400QueryHandler : 0.7982521
