AnsiQueryHandler : 0.84172297
AnsiDataHandler : 0.8599231
WikiDatabase : 0.8592159
DatabaseUpgrades : 0.86638844
