Utilities : 0.69282913
DatabaseHandler : 0.87312335
FileHandler : 0.68365616
PersistencyHandler : 0.8169741
LinkTag : 0.8689462
ContributionsServlet : 0.8902929
