AnsiQueryHandler : 0.7750589
DataHandler : 0.85085785
TestDataHandler : 0.77089494
ItemsServlet : 0.76504624
AnsiDataHandler : 0.76692855
DB2400QueryHandler : 0.7982521
DB2QueryHandler : 0.78900164
OracleQueryHandler : 0.7890893
