DB2400QueryHandler : 0.9053663
DB2QueryHandler : 0.9179789
OracleQueryHandler : 0.91794467
