ParserException : 0.0
JAMWikiModel : 0.76799095
JFlexLexer : 0.7643355
WikiHeadingTag : 0.7948128
TemplateTag : 0.7824523
WikiLinkTag : 0.78640074
HtmlLinkTag : 0.64101154
WikiReferenceTag : 0.7804842
JFlexParserTag : 0.71169657
WikiSignatureTag : 0.7957638
JavascriptTag : 0.7865984
WikiReferencesTag : 0.79724205
WikiBoldItalicTag : 0.762488
IncludeOnlyTag : 0.7713355
NoIncludeTag : 0.7756743
