JFlexLexer : 0.86642486
JFlexTagItem : 0.89751977
HtmlLinkTag : 0.6771418
WikiBoldItalicTag : 0.8829544
JavascriptTag : 0.89978474
HtmlTagItem : 0.89123064
