JFlexParserUtil : 0.8975198
JFlexLexer : 0.8721387
