DatabaseHandler : 0.8402702
PersistencyHandler : 0.8106268
FileHandler : 0.69041353
ContributionsServlet : 0.8348961
