AnsiDataHandler : 0.86280876
JFlexParser : 0.78079146
MigrationUtil : 0.79851323
