MigrationUtil : 0.8780298
MediaWikiConstants : 0.0
MediaWikiXmlExporter : 0.6851986
TopicImporter : 0.75278187
TopicExporter : 0.7612491
