JAMWikiServlet : 0.69250286
LoginServlet : 0.6775968
