AnsiQueryHandler : 0.7750589
AnsiDataHandler : 0.76692855
