JAMWikiServlet : 0.8666684
ParserInfo : 0.86053324
VQWikiParser : 0.8506581
EditServlet : 0.8382197
MediaWikiParser : 0.8510374
PrintableServlet : 0.8624192
HistoryServlet : 0.86365527
AbstractParser : 0.8323855
Lexer : 0.7587918
