DataHandler : 0.85048497
AnsiQueryHandler : 0.7748008
TestDataHandler : 0.78663117
AnsiDataHandler : 0.7673277
WikiDatabase : 0.76179177
UpgradeServlet : 0.7439113
DatabaseUpgrades : 0.7357677
