AnsiDataHandler : 0.86068386
DatabaseUpgrades : 0.8236254
