JFlexLexer : 0.85279673
WikiHeadingTag : 0.90247464
WikiLinkTag : 0.89877754
WikiReferencesTag : 0.8902266
HtmlLinkTag : 0.68448335
JavascriptTag : 0.9040808
NoIncludeTag : 0.92444235
IncludeOnlyTag : 0.92219275
