AnsiQueryHandler : 0.7748008
AnsiDataHandler : 0.7673277
TestDataHandler : 0.78663117
DataHandler : 0.85048497
