WikiLink : 0.67781806
InterWikiHandler : 0.72487986
WikiUtil : 0.69280314
TestDataHandler : 0.7348523
ServletUtil : 0.7087011
AnsiDataHandler : 0.68316686
LinkUtilTest : 0.70533836
EditServlet : 0.712563
WikiPageInfo : 0.7018765
JFlexParser : 0.7161514
JAMWikiModel : 0.69708014
MediaWikiXmlImporter : 0.6849589
WikiLinkTag : 0.6936839
MoveServlet : 0.7087149
WikiLinkTest : 0.69844085
MagicWordUtil : 0.65904564
JAMHTMLConverter : 0.8399801
