NamespaceHandler : 0.68795234
ServletUtil : 0.7087011
WikiUtil : 0.69280314
ImageUtil : 0.69072276
ParserFunctionUtil : 0.69827914
WikiPageInfo : 0.7018765
TemplateTag : 0.6927509
JAMWikiServlet : 0.69544345
WikiSignatureTag : 0.6883499
TranslationServlet : 0.68081445
ItemsServlet : 0.7293396
UploadServlet : 0.70200044
CategoryServlet : 0.71863145
