TemplateTag : 0.8876862
ParserTest : 0.85312057
MoveServlet : 0.8409764
