BlikiProxyParser : 0.82436264
Main : 0.8040135
