ServletUtil : 0.8215638
AnsiQueryHandler : 0.788867
MediaWikiXmlImporter : 0.8104454
WikiPageInfo : 0.8760337
WikiDatabase : 0.81849027
ImageUtil : 0.81346196
WikiUtilTest : 0.8113901
EditServlet : 0.8148917
TestDataHandler : 0.82169545
TranslationServlet : 0.80121285
TiddlyWikiParser : 0.8115142
WikiPageInfoTest : 0.7771277
