BlikiProxyParser : 0.8504742
BlikiProxyParserUtil : 0.82924706
AnsiQueryHandler : 0.85871506
JAMWikiCrawlHandler : 0.82304037
JAMWikiLoadHandler : 0.80799675
Main : 0.83824915
