AnsiDataHandler : 0.7669619
AnsiQueryHandler : 0.7749369
DatabaseUpgrades : 0.7353679
