EditServlet : 0.83833677
JAMWikiServlet : 0.82653916
UploadServlet : 0.83778334
