WikiDistributedCache : 0.6938549
AnsiQueryHandler : 0.85873765
