DataHandler : 0.8505401
AnsiQueryHandler : 0.77500004
ItemsServlet : 0.76587856
TestDataHandler : 0.786838
AnsiDataHandler : 0.76695794
WikiDatabase : 0.76131386
DB2QueryHandler : 0.8198343
OracleQueryHandler : 0.8199235
DB2400QueryHandler : 0.8207008
