JAMWikiServlet : 0.8637618
VQWikiParser : 0.8500303
AbstractParser : 0.82612693
EditServlet : 0.8382535
PrintableServlet : 0.8607277
HistoryServlet : 0.85924274
JAMWikiParser : 0.8657551
