DataHandler : 0.8505401
TestDataHandler : 0.786838
AnsiDataHandler : 0.76695794
AnsiQueryHandler : 0.77500004
LinkUtil : 0.73111296
WikiLink : 0.7659981
