WikiReferenceTag : 0.86975586
WikiReferencesTag : 0.8395056
