JFlexLexer : 0.8639311
WikiReferenceTag : 0.86975586
WikiReferencesTag : 0.8395056
