QueryHandler : 0.775
DataHandler : 0.73818237
AnsiDataHandler : 0.85873777
TestDataHandler : 0.7967663
MagicWordUtil : 0.74898267
