VirtualWiki : 0.6956379
WikiUtil : 0.6896204
WikiBase : 0.7206548
ServletUtil : 0.69872206
WikiPageInfo : 0.70416033
WikiDatabase : 0.7117514
JAMWikiServlet : 0.6848258
JAMWikiFilter : 0.69453025
AdminVirtualWikiServlet : 0.6702792
UpgradeServlet : 0.6864144
SetupServlet : 0.69804436
JAMWikiAuthenticationFailureHandler : 0.6990544
TopicServlet : 0.6800781
WikiPageInfoTest : 0.6718884
