AnsiQueryHandler : 0.77500004
WikiDatabase : 0.76131386
