BlikiProxyParser : 0.82967055
LuceneSearchEngine : 0.80402243
JAMHTMLConverter : 0.7108966
Main : 0.80856353
BlikiProxyParserUtil : 0.82918257
