JFlexParserUtil : 0.8788544
WikiLinkTag : 0.8893923
