WikiUserDetails : 0.7902275
ServletUtil : 0.7337518
AnsiQueryHandler : 0.7180197
WikiDatabase : 0.74406886
JAMWikiAuthenticationConfiguration : 0.754442
RoleImpl : 0.7992803
AdminServlet : 0.7211265
EditServlet : 0.74979985
JAMWikiServlet : 0.7379911
RolesServlet : 0.7179394
RegisterServlet : 0.7328488
WatchlistServlet : 0.72525394
MoveServlet : 0.72270536
ImportTiddlyWikiServlet : 0.75495726
JAMWikiDaoImpl : 0.7193616
