ServletUtil : 0.79395205
WikiUserDetails : 0.9076838
AnsiDataHandler : 0.773209
EditServlet : 0.8278353
JAMWikiServlet : 0.8172887
AdminServlet : 0.82792526
MoveServlet : 0.81371844
RegisterServlet : 0.8473189
WatchlistServlet : 0.817884
JAMWikiPostAuthenticationFilter : 0.86907244
ImportTiddlyWikiServlet : 0.8295
JAMWikiDaoImpl : 0.84679854
