JAMWikiAuthenticationConfiguration : 0.7962355
AdminServlet : 0.7991522
UpgradeServlet : 0.8107261
SetupServlet : 0.80575013
