DatabaseConnection : 0.72279984
WikiPreparedStatement : 0.7437062
DatabaseHandler : 0.78237104
PersistencyHandler : 0.79598576
FileHandler : 0.7778069
AnsiQueryHandler : 0.79182106
SetupServlet : 0.75223047
JAMWikiServlet : 0.74692094
AdminServlet : 0.74239784
MySqlQueryHandler : 0.7665858
OracleQueryHandler : 0.7646985
PostgresQueryHandler : 0.7866645
