AnsiDataHandler : 0.79343325
WikiDatabase : 0.80749816
WikiUtilTest : 0.83620006
