WikiBase : 0.70760554
WikiDatabase : 0.6962946
