JAMWikiUnitTest : 0.85589397
TiddlyWiki2MediaWikiTranslatorTest : 0.89862007
