ImageMetadata : 0.6724148
ImageLinkTag : 0.6725006
JAMHTMLConverter : 0.81850004
