LinkUtil : 0.6906376
ParserFunctionUtil : 0.843765
ParserTest : 0.8282073
ImageLinkTag : 0.85629046
JAMWikiUnitTest : 0.8613854
JAMHTMLConverter : 0.6880598
