ImageMetadata : 0.83928835
ImageLinkTag : 0.85629046
