ImageUtil : 0.6906376
ImageLinkTag : 0.6725006
ImageMetadata : 0.6743396
HtmlLinkTag : 0.8010948
