ImageMetadata : 0.83942777
ImageLinkTag : 0.85629046
ImageUtilTest : 0.84012693
JAMHTMLConverter : 0.6880598
