WikiLinkTag : 0.86652106
ImageLinkTag : 0.85629046
