ImageMetadata : 0.8389331
ImageLinkTag : 0.85629046
