AdminServlet : 0.8894783
LinkTag : 0.86909235
LoginServlet : 0.9059508
