JFlexParserUtil : 0.66694933
WikiLinkTag : 0.69359595
