LinkUtil : 0.6931791
WikiCache : 0.8140608
WikiPageInfo : 0.85364544
JAMWikiServlet : 0.8571565
