MigrationUtilTest : 0.8274262
JAMWikiUnitTest : 0.8495851
