AnsiDataHandler : 0.85794765
MediaWikiXmlImporter : 0.78958994
MigrationUtilTest : 0.7621186
