WikiDatabase : 0.80711764
JAMWikiListener : 0.83909905
