DataHandler : 0.8504774
AnsiQueryHandler : 0.7772349
WikiDatabase : 0.76028806
AnsiDataHandler : 0.7664377
LuceneSearchEngine : 0.7560244
ItemsServlet : 0.76588285
