ImageUtil : 0.7906884
ParserUtil : 0.8361208
JFlexParser : 0.79158735
JAMWikiServlet : 0.7852273
ImageLinkTag : 0.77155113
