WikiDatabase : 0.8601628
AdminServlet : 0.7985152
DatabaseUpgrades : 0.8172094
