DatabaseUpgrades : 0.8170828
AdminServlet : 0.81621236
