ImageLinkTag : 0.85629046
ImageMetadata : 0.8395354
