JAMWikiServlet : 0.8432247
WikiPageInfo : 0.8451332
ImageLinkTag : 0.85629046
ImageMetadata : 0.8395354
