DataHandler : 0.8504774
AnsiQueryHandler : 0.7772349
ItemsServlet : 0.76588285
AnsiDataHandler : 0.7664377
