ImageUtil : 0.7906884
Environment : 0.6825995
ServletUtil : 0.85907257
LinkTag : 0.76730716
ImageLinkTag : 0.77155113
AdminServlet : 0.7985152
UpgradeServlet : 0.81023043
JAMWikiUnitTest : 0.8190365
