WikiHeadingTag : 0.85919935
AbstractHeadingTag : 0.84181863
HtmlHeadingTag : 0.86933035
