DatabaseUpgrades : 0.8172094
AdminVirtualWikiServlet : 0.8071501
