AnsiDataHandler : 0.76142657
AnsiQueryHandler : 0.75733423
WikiLink : 0.89137036
LinkUtil : 0.6749223
