AnsiDataHandler : 0.76142657
WikiLink : 0.89137036
AnsiQueryHandler : 0.75733423
LinkUtil : 0.6749223
