Interwiki : 0.775273
DataHandler : 0.8504774
AnsiQueryHandler : 0.7772349
LinkUtil : 0.73161906
WikiDatabase : 0.76028806
AnsiDataHandler : 0.7664377
DatabaseUpgrades : 0.7392732
AdminVirtualWikiServlet : 0.732128
InterwikiTest : 0.7300171
