ParserOutput : 0.8579122
ParserTest : 0.85312057
ServletUtil : 0.81062424
TemplateTag : 0.8876862
WikiMessage : 0.861858
