WikiLink : 0.88897496
AnsiQueryHandler : 0.77596265
ParserOutput : 0.8856944
Environment : 0.704641
LinkUtil : 0.71290076
ServletUtil : 0.80607814
WikiDatabase : 0.7964913
LinkUtilTest : 0.85163033
AdminServlet : 0.8281885
ParserTest : 0.837022
AdminVirtualWikiServlet : 0.8362279
WikiLinkTag : 0.8605516
