DatabaseHandler : 0.7777094
MySqlQueryHandler : 0.79769725
AnsiQueryHandler : 0.79420936
