AnsiDataHandler : 0.7664377
AnsiQueryHandler : 0.7772349
LinkUtil : 0.73161906
