AnsiDataHandler : 0.6821095
LinkUtilTest : 0.7053061
