Topic : 0.8073313
ImageLinkTag : 0.77155113
LinkUtil : 0.6821095
ImageUtil : 0.7906884
WikiPageInfo : 0.7777867
