ParserUtil : 0.81791633
ServletUtil : 0.8013725
EditServlet : 0.8325049
ParserTest : 0.8331731
