ParserTest : 0.85312057
TemplateTag : 0.8876862
