JFlexParserUtil : 0.8788544
ParserTest : 0.8500929
ParserFunctionUtil : 0.86978006
TemplateTag : 0.8852636
WikiLinkTag : 0.8893923
JAMWikiModel : 0.8200747
AbstractHeadingTag : 0.8635548
WikiSignatureTag : 0.88163215
WikiReferencesTag : 0.87053394
HtmlLinkTag : 0.7091674
ImageLinkTag : 0.8519918
JavascriptTag : 0.89423245
