AnsiQueryHandler : 0.7783008
AnsiDataHandler : 0.7793247
AdminVirtualWikiServlet : 0.8439735
DatabaseUpgrades : 0.80669117
