WikiUtil : 0.8569735
AnsiQueryHandler : 0.7783008
ServletUtil : 0.8025248
WikiDatabase : 0.79860735
AnsiDataHandler : 0.7793247
WikiPageInfo : 0.91901785
JAMWikiServlet : 0.83834374
UpgradeServlet : 0.84850997
SetupServlet : 0.84810513
JAMWikiFilter : 0.857401
RegisterServlet : 0.8477641
JAMWikiUnitTest : 0.8427749
MediaWikiXmlExporter : 0.662797
JAMWikiAuthenticationFailureHandler : 0.9026477
TopicServlet : 0.84670806
WikiPageInfoTest : 0.82279634
AdminVirtualWikiServlet : 0.8439735
MagicWordUtil : 0.8538616
