ImageUtil : 0.6906376
LuceneSearchEngine : 0.70460486
ParserFunctionUtil : 0.6981941
