JFlexParser : 0.71033233
TemplateTag : 0.69249785
