ParserTest : 0.8500929
ParserFunctionUtil : 0.86978006
JFlexParserUtil : 0.8788544
TemplateTag : 0.8852636
IncludeOnlyTag : 0.89770097
NoIncludeTag : 0.8991793
