JAMWikiServlet : 0.67276925
ItemsServlet : 0.6852855
