LogItem : 0.9088477
MagicWordUtil : 0.8382702
