ItemsServlet : 0.8453551
EditServlet : 0.83745307
Pagination : 0.7825018
AbstractHeadingTag : 0.80135065
