JAMWikiModel : 0.81837314
ParserTest : 0.8584363
JAMWikiUnitTest : 0.8731553
