WikiPageInfo : 0.70416033
AdminServlet : 0.6831133
WikiSignatureTag : 0.6866696
EnvironmentTest : 0.7116001
