ItemsServlet : 0.6989065
ParserFunctionUtil : 0.7090111
DataAccessException : 0.0
TemplateTag : 0.69249785
RecentChangesFeedServlet : 0.6983712
HtmlHeadingTag : 0.7198382
ImageLinkTag : 0.6884546
UploadServlet : 0.6984871
JavascriptTag : 0.6985602
