OnlyIncludeTag : 0.97940546
NoIncludeTag : 0.99528444
