Environment : 0.6928993
JFlexParser : 0.8391151
JFlexLexer : 0.85699296
ExcessiveNestingException : 0.0
