TemplateTag : 0.8852636
OnlyIncludeTag : 0.8837719
IncludeOnlyTag : 0.89770097
