SearchEngine : 0.7603276
TestSearchEngine : 0.78138024
