ImageMetadata : 0.8395354
GalleryTag : 0.8802736
ImageLinkTag : 0.85629046
