JFlexTagItem : 0.8741371
HtmlTagItem : 0.8646597
HtmlHeadingTag : 0.89678764
