FileHandler : 0.78846735
AbstractSearchEngine : 0.7975518
