AdminServlet : 0.6831133
HtmlLinkTag : 0.7586068
