SearchEngine : 0.7821986
TestSearchEngine : 0.80877894
LuceneSearchEngine : 0.8271591
