WikiConfiguration : 0.7425083
LuceneSearchEngine : 0.7603276
SearchServlet : 0.7564532
WikiConfigurationObject : 0.77903545
RankingAlgorithmSearchEngine : 0.7778827
