QueryHandler : 0.7864993
UploadServlet : 0.837912
EditServlet : 0.8319698
DefaultQueryHandler : 0.8277664
PersistencyHandler : 0.8137238
FileHandler : 0.6661059
DatabaseHandler : 0.8476465
OracleQueryHandler : 0.8310713
MySqlQueryHandler : 0.8357518
