UpgradeServlet : 0.8199243
RankingAlgorithmSearchEngine : 0.8694347
