AnsiQueryHandler : 0.7772349
Environment : 0.7243064
AnsiDataHandler : 0.7664377
AnsiDataHandlerTest : 0.7934847
DB2400QueryHandler : 0.8207638
