JFlexParser : 0.8508537
JFlexLexer : 0.8600751
ParserTest : 0.8433978
BlikiParser : 0.8503205
RedirectTag : 0.8605243
