LuceneSearchEngine : 0.7603276
SearchServlet : 0.7564532
TestSearchEngine : 0.78180665
RankingAlgorithmSearchEngine : 0.7778827
