ItemsServlet : 0.8453551
SearchServlet : 0.84563017
