QueryHandler : 0.76767915
DefaultQueryHandler : 0.70984423
DatabaseHandler : 0.70421463
PersistencyHandler : 0.7111307
FileHandler : 0.7926699
UploadServlet : 0.7055485
