LogItem : 0.7769311
RecentChange : 0.7701404
UpgradeServlet : 0.797415
DatabaseUpgrades : 0.8128062
