AnsiQueryHandler : 0.7769311
DatabaseUpgrades : 0.81224483
