RecentChange : 0.88824797
LogItem : 0.89342576
WikiMessageTest : 0.84989804
WikiMessageParam : 0.918785
