ImageUtil : 0.8448306
GalleryTag : 0.8704254
ImageLinkTag : 0.8519918
