JFlexLexer : 0.80046844
HtmlTagItem : 0.82657224
GalleryTag : 0.7803696
JFlexCustomTagLexer : 0.7948245
