JFlexLexer : 0.84511
JFlexParserUtil : 0.8788544
AbstractHeadingTag : 0.8674055
AbstractJAMWikiLexer : 0.8699634
AbstractJAMWikiCustomTagLexer : 0.86899596
AbstractJAMWikiSpliceLexer : 0.85375434
AbstractJAMWikiHtmlTagLexer : 0.85276926
AbstractJAMTemplateLexer : 0.83812565
