JFlexLexer : 0.84511
WikiBoldItalicTag : 0.8683212
AbstractHeadingTag : 0.8674055
ImageLinkTag : 0.8519918
AbstractJAMWikiLexer : 0.8598563
