JFlexCustomTagItem : 0.7779739
GalleryTag : 0.8609764
AbstractJAMWikiCustomTagLexer : 0.87535
