JAMWikiServlet : 0.8255558
DiffServlet : 0.84354943
HistoryServlet : 0.85626405
PrintableServlet : 0.83477247
ViewSourceServlet : 0.8450529
