JAMWikiServlet : 0.8255558
JAMWikiFilter : 0.8168927
UpgradeServlet : 0.8384478
DatabaseUpgrades : 0.80785525
LoginServlet : 0.8426609
JAMWikiDaoImpl : 0.8411172
