WikiPageInfo : 0.80657387
RecentChangesServlet : 0.84368515
