ServletUtil : 0.6978994
AdminServlet : 0.6831133
RecentChangesServlet : 0.6941126
