JAMWikiServlet : 0.8705768
UploadServlet : 0.8812701
