ReCaptchaUtil : 0.6926398
AdminServlet : 0.6831133
EditServlet : 0.69454044
RegisterServlet : 0.6800784
ReCaptchaTag : 0.68653166
