AdminServlet : 0.8377376
JAMWikiServlet : 0.84080195
UpgradeServlet : 0.8496384
AdminVirtualWikiServlet : 0.8423136
RolesServlet : 0.8370165
EditServlet : 0.85207087
ExportServlet : 0.8504158
UploadServlet : 0.84865445
ImportServlet : 0.8416691
SetupServlet : 0.8509701
RegisterServlet : 0.8502295
