AdminServlet : 0.8377376
ManageServlet : 0.8399075
RolesServlet : 0.8370165
AdminVirtualWikiServlet : 0.8423136
RegisterServlet : 0.8502295
MoveServlet : 0.8425322
WatchlistServlet : 0.8444728
ImportTiddlyWikiServlet : 0.8540258
