DatabaseUpgrades : 0.8055248
UpgradeServlet : 0.8496384
JAMWikiServlet : 0.84080195
