AnsiQueryHandler : 0.7704418
QueryHandler : 0.76875377
DataHandler : 0.7746207
DatabaseUpgrades : 0.8054146
AnsiDataHandler : 0.77120286
