EditServlet : 0.83745307
JAMWikiServlet : 0.8255558
PseudoTopicHandler : 0.80323
MoveServlet : 0.84742266
UploadServlet : 0.83702874
BlockServlet : 0.84092635
