BlockServlet : 0.88134694
PseudoTopicHandler : 0.81256884
