AnsiDataHandler : 0.85794765
BlockListServlet : 0.8006928
JAMWikiServlet : 0.7769506
PseudoTopicHandler : 0.7824964
