LogItem : 0.9088477
AnsiQueryHandler : 0.7701404
AnsiDataHandler : 0.7744532
