AnsiQueryHandler : 0.7772349
AnsiDataHandler : 0.7664377
DatabaseUpgrades : 0.7392732
UpgradeServlet : 0.7436109
