Environment : 0.7956117
AdminServlet : 0.6765277
AbstractSearchEngine : 0.80330074
