ImageProcessor : 0.65753514
XMLUtil : 0.7049382
MediaWikiXmlImporter : 0.6864664
ExportServlet : 0.668645
MediaWikiXmlExporter : 0.76368946
