WikiCache : 0.84753335
MediaWikiXmlExporter : 0.6573153
