Utilities : 0.82207155
AdminServlet : 0.6789678
SetupServlet : 0.69196296
UploadServlet : 0.69121283
