RecentChange : 0.9088477
AnsiQueryHandler : 0.7769311
