WikiUtil : 0.68476975
LinkUtil : 0.8032485
WikiPageInfo : 0.70013136
JAMWikiServlet : 0.67276925
ImageUtil : 0.69128275
UploadServlet : 0.6922924
ServletUtil : 0.69293505
WatchlistServlet : 0.66720176
