WikiLink : 0.8413088
AnsiDataHandler : 0.7927109
JFlexParser : 0.8522181
WikiUtilTest : 0.83620006
LinkUtil : 0.6931791
TemplateTag : 0.86742234
ServletUtil : 0.8302836
JAMWikiModel : 0.80725336
WikiLinkTag : 0.8766385
