AnsiDataHandler : 0.67344284
LinkUtil : 0.8032485
WikiUtil : 0.68476975
WikiPageInfo : 0.70013136
ServletUtil : 0.69293505
ImageUtil : 0.69128275
JAMWikiServlet : 0.67276925
UploadServlet : 0.6922924
WatchlistServlet : 0.66720176
