FileHandler : 0.7807903
DefaultQueryHandler : 0.7948293
PersistencyHandler : 0.79920065
DatabaseHandler : 0.77906346
