LuceneSearchEngine : 0.7603276
MigrationUtil : 0.75577354
TestSearchEngine : 0.78180665
