JAMWikiServlet : 0.8571565
ReCaptchaUtil : 0.8432244
