Utilities : 0.70652145
JAMWikiServlet : 0.86566955
ParserUtil : 0.6655828
UploadServlet : 0.86743987
