JFlexLexer : 0.8562663
JFlexParser : 0.85843444
ParserUtil : 0.8207155
TestFileUtil : 0.86251354
ParserTest : 0.8371651
AbstractParser : 0.7884131
WikiLinkTag : 0.86892575
EditSectionTag : 0.8616311
