MagicWordUtil : 0.8420829
JFlexParserUtil : 0.8727029
TemplateTag : 0.8876862
