AdminServlet : 0.81621236
UpgradeServlet : 0.8231581
