ParserInput : 0.8676972
ServletUtil : 0.7995822
