H2DataHandler : 0.782066
DB2DataHandler : 0.782066
OracleDataHandler : 0.782066
MSSqlDataHandler : 0.782066
SybaseASADataHandler : 0.782066
HSqlDataHandler : 0.782066
PostgresDataHandler : 0.782066
DB2400DataHandler : 0.782066
MySqlDataHandler : 0.782066
CacheDataHandler : 0.782066
