Utilities : 0.6901883
Environment : 0.6809351
WikiUtil : 0.8642371
UtilitiesTest : 0.84302527
WikiDatabase : 0.8029387
TestFileUtil : 0.8924663
ServletUtil : 0.80887425
DatabaseConnection : 0.8151573
WikiConfiguration : 0.8475761
SpamFilter : 0.8850989
TranslationServlet : 0.87771255
AbstractJAMWikiCustomTagLexer : 0.8628495
LocalDataSource : 0.0
ResourceUtilTest : 0.8639214
