Environment : 0.6857218
ServletUtil : 0.80952615
WikiConfiguration : 0.8499421
TestFileUtil : 0.8979735
