WikiUtil : 0.6931791
AnsiDataHandler : 0.6821095
ServletUtil : 0.7074028
WikiUtilTest : 0.71453226
MagicWordUtil : 0.6590065
LinkUtilTest : 0.7053061
TemplateTag : 0.6926652
JAMWikiServlet : 0.6953204
ManageServlet : 0.7152702
MoveServlet : 0.7086153
WikiLinkTag : 0.69359595
WatchlistServlet : 0.71016073
MediaWikiXmlExporter : 0.7932998
