LinkUtil : 0.6778068
ImageUtil : 0.83920276
JFlexParserUtil : 0.85092825
WikiLinkTag : 0.85271764
JFlexParser : 0.84542775
ImageLinkTag : 0.9096053
