LinkUtil : 0.6778068
WikiLinkTest : 0.8242445
JFlexParserUtil : 0.85092825
UpgradeServlet : 0.83405536
