AnsiQueryHandler : 0.7772349
DataHandler : 0.8504774
AnsiDataHandler : 0.7664377
MediaWikiXmlImporter : 0.7368594
CacheQueryHandler : 0.7749402
