LinkUtil : 0.6778068
WikiLinkTest : 0.8242445
JFlexParser : 0.84542775
ImageUtil : 0.83920276
ServletUtil : 0.7868199
LinkTag : 0.9168062
PaginationTag : 0.8778859
UpgradeServlet : 0.83405536
WikiLinkTag : 0.85271764
JFlexParserUtil : 0.85092825
EditSectionTag : 0.85051054
