ServletUtil : 0.7074028
ParserFunctionUtil : 0.6981941
LinkUtilTest : 0.7053061
ImageUtil : 0.6906376
MediaWikiXmlExporter : 0.7932998
