ImageUtil : 0.6906376
HtmlLinkTag : 0.8010948
