WikiConfiguration : 0.8442185
AbstractJAMWikiCustomTagLexer : 0.8687927
JAMWikiFilter : 0.8415773
ViewSourceServlet : 0.8446511
EditSectionTag : 0.8817456
