Topic : 0.8847023
LinkUtil : 0.6778068
ServletUtil : 0.7868199
WikiPageInfo : 0.90763515
ImageUtil : 0.83920276
MediaWikiXmlImporter : 0.8354514
EditServlet : 0.83060765
JAMWikiServlet : 0.82087725
MagicWordUtil : 0.84513015
MediaWikiXmlExporter : 0.6508316
MoveServlet : 0.8146128
EditSectionTag : 0.85107994
