AnsiDataHandler : 0.6821095
ParserInput : 0.67863864
LuceneSearchEngine : 0.70460486
MediaWikiXmlImporter : 0.6848379
MediaWikiXmlExporter : 0.7932998
JFlexParser : 0.716059
TemplateTag : 0.6926652
MigrationUtil : 0.72871345
