WikiBase : 0.81347865
JAMWikiServlet : 0.7852273
WikiDatabase : 0.8601628
UpgradeServlet : 0.81023043
AnsiDataHandlerTest : 0.8164931
StylesheetServlet : 0.7821067
