WikiBase : 0.81347865
WikiDatabase : 0.8601628
UpgradeServlet : 0.81023043
JAMWikiServlet : 0.7852273
