JFlexParser : 0.8812514
AbstractJAMWikiLexer : 0.8939535
JFlexLexer : 0.86308384
TableOfContents : 0.8759287
ParserTest : 0.8284281
JFlexTagItem : 0.8724846
WikiReferencesTag : 0.9219878
JavascriptTag : 0.9042702
AbstractHeadingTag : 0.8655162
