Utilities : 0.68755203
AbstractJAMWikiLexer : 0.88474977
