AbstractJAMWikiLexer : 0.88474977
HtmlTagItem : 0.9288884
JFlexParserUtil : 0.8741369
AbstractJAMWikiHtmlTagLexer : 0.897784
