JAMWikiParser : 0.738004
JFlexParser : 0.8522181
ParserUtil : 0.81769323
JFlexParserUtil : 0.86625606
WikiBase : 0.8602234
BlikiParser : 0.8690028
