JFlexLexer : 0.84511
AbstractJAMWikiLexer : 0.857946
AbstractJAMWikiTemplateLexer : 0.83812565
