WikiConfiguration : 0.8499421
SpamFilter : 0.8877375
