AnsiQueryHandler : 0.7772349
DataHandler : 0.8504774
AnsiDataHandler : 0.7664377
ImageProcessor : 0.6870905
UploadServlet : 0.7465421
