AnsiDataHandler : 0.780082
WikiUtil : 0.86486554
LuceneSearchEngine : 0.80093575
DiffUtil : 0.8620186
WikiLogger : 0.8491498
WikiConfiguration : 0.8499421
DatabaseConnection : 0.8177062
JFlexParser : 0.842189
ReCaptchaUtil : 0.82799536
SpamFilter : 0.8877375
MigrationUtil : 0.86211044
WikiMailAuthenticator : 0.84696686
