ImageProcessor : 0.85879844
ImageLinkTag : 0.8614407
