DiffServlet : 0.9116931
ContributionsServlet : 0.9214976
