ImageMetadata : 0.8395354
ImageLinkTag : 0.85629046
