Role : 0.7430853
JAMWikiServlet : 0.7988038
UpgradeServlet : 0.8231581
DatabaseUpgrades : 0.8170828
