JFlexParser : 0.7158032
TemplateTag : 0.70306253
