AnsiDataHandler : 0.8134787
WikiDatabase : 0.83306396
JAMWikiServlet : 0.8552916
UpgradeServlet : 0.87433004
StylesheetServlet : 0.87443525
