DataHandler : 0.80397296
ImageUtil : 0.81347096
AnsiDataHandler : 0.8073313
AnsiQueryHandler : 0.79257894
LinkUtil : 0.7047757
ServletUtil : 0.820194
WikiDatabase : 0.81788814
LinkUtilTest : 0.8289259
EditServlet : 0.8142201
MediaWikiXmlImporter : 0.8102744
JAMWikiUnitTest : 0.80751747
TranslationServlet : 0.80085135
TiddlyWikiParser : 0.8114614
UploadServlet : 0.808814
