WikiCache : 0.8587719
AnsiDataHandler : 0.8134787
WikiUtil : 0.8602234
DiffUtil : 0.85312515
ServletUtil : 0.8363823
ImageUtil : 0.85386395
