DataHandler : 0.8504774
AnsiDataHandler : 0.7664377
AnsiQueryHandler : 0.7772349
ServletUtil : 0.7503712
