AnsiQueryHandler : 0.7772349
AnsiDataHandler : 0.7664377
