WikiCache : 0.7324336
AdminServlet : 0.6831133
