ImageProcessor : 0.8829167
UploadServlet : 0.8706483
