ResourceUtil : 0.6857218
WikiBase : 0.7206548
WikiUtil : 0.6896204
ServletUtil : 0.6978994
WikiConfiguration : 0.690543
LinkUtil : 0.78637666
