LinkUtil : 0.6906376
ParserFunctionUtil : 0.843765
WikiPageInfo : 0.8451332
