AnsiQueryHandler : 0.7772349
AnsiDataHandler : 0.7664377
ItemsServlet : 0.76588285
LinkToServlet : 0.7739881
