ParserTest : 0.8486059
ServletUtilTest : 0.8774366
