LinkUtil : 0.6906376
ImageUtilTest : 0.84012693
