ParserTest : 0.8282073
LinkUtil : 0.6906376
ParserFunctionUtil : 0.843765
ServletUtilTest : 0.8338718
SetupServlet : 0.8588008
ImageUtilTest : 0.84012693
JAMWikiUnitTest : 0.87104243
