MoveServlet : 0.89151967
EditServlet : 0.8705769
UpgradeServlet : 0.87418336
UploadServlet : 0.8742965
RegisterServlet : 0.88474745
SetupServlet : 0.87744856
StylesheetServlet : 0.866485
PrintableServlet : 0.8740307
