JFlexCustomTagItem : 0.7779739
AbstractJAMWikiCustomTagLexer : 0.87550426
GalleryTag : 0.8675375
