JFlexParserUtil : 0.85866565
NoParseDirectiveTag : 0.87445736
