UploadServlet : 0.83702874
ImportTiddlyWikiServlet : 0.8536932
ImportServlet : 0.8300932
