WikiBase : 0.83638227
Environment : 0.6978994
ImageUtil : 0.8176194
AdminServlet : 0.8344547
UpgradeServlet : 0.8384478
UploadServlet : 0.83702874
SetupServlet : 0.84003365
ImageUtilTest : 0.78686905
ImageServlet : 0.8527731
