UpgradeServlet : 0.6864144
ImageUtilTest : 0.7150146
