WikiDatabase : 0.8601628
DatabaseConnection : 0.85186964
