LinkUtil : 0.712921
ParserTestUtils : 0.8794774
