WikiConfiguration : 0.870018
AbstractJAMWikiCustomTagLexer : 0.8863877
JFlexCustomTagItem : 0.81141484
FacebookTag : 0.8948363
TwitterTag : 0.89410514
GalleryTag : 0.866273
IFrameTag : 0.8958791
