Environment : 0.8189382
ServletUtil : 0.69293505
WikiConfiguration : 0.6894714
TestFileUtil : 0.72459054
