WikiPageInfo : 0.8451332
ServletUtil : 0.8176194
ImageServlet : 0.89905673
ImageUtilTest : 0.84012693
