AdminServlet : 0.6831133
JAMWikiServlet : 0.6848258
HoneypotValidator : 0.6857176
