RequestValidator : 0.7678466
JAMWikiServlet : 0.8255558
UserBlockValidator : 0.872269
ReCaptchaUtil : 0.8087656
RequestValidatorInfo : 0.7891365
UserBlockValidatorInfo : 0.79730266
HoneypotValidator : 0.8167521
