TopicVersion : 0.9065821
VirtualWiki : 0.8935889
RecentChange : 0.8868034
LogItem : 0.8754031
RoleMap : 0.87533194
Category : 0.88536024
