AnsiQueryHandler : 0.7737418
WikiGroup : 0.92658293
ServletUtil : 0.7950544
WikiDatabase : 0.79346174
RegisterServlet : 0.8450384
