Watchlist : 0.8740131
WikiConfigurationObject : 0.8948311
