TableOfContents : 0.8749533
WikiLink : 0.9145075
ParserInput : 0.90370774
AbstractJAMWikiCustomTagLexer : 0.88377976
HtmlTagItem : 0.9248446
AbstractJAMWikiHtmlTagLexer : 0.884126
