WikiMessage : 0.9011053
WikiLink : 0.9261093
TableOfContents : 0.87544703
WikiDiff : 0.9226389
WikiImage : 0.92564887
WikiReference : 0.9214216
WikiGroup : 0.9244378
ImageMetadata : 0.9167254
WikiFileVersion : 0.8934969
WikiVersion : 0.82329667
