JFlexParserUtil : 0.8406289
TemplateTag : 0.8418713
HtmlLinkTag : 0.67475396
AbstractHeadingTag : 0.8368127
OnlyIncludeTag : 0.83886856
WikiLinkTag : 0.8408079
FacebookTag : 0.8796495
TwitterTag : 0.8819187
