AnsiDataHandler : 0.6825995
AnsiQueryHandler : 0.6835951
WikiDatabase : 0.710806
MediaWikiXmlImporter : 0.6864664
Utilities : 0.8189382
XMLUtil : 0.7049382
RegisterServlet : 0.6800784
IFrameTag : 0.706427
HtmlTagItem : 0.69103444
AdminServlet : 0.6831133
JAMWikiErrorMessageProvider : 0.68761796
SetupServlet : 0.69804436
