WikiCache : 0.8365975
ServletUtil : 0.85907257
WikiCacheTest : 0.81083924
