AnsiDataHandler : 0.85794765
DatabaseUpgrades : 0.8128062
