UtilitiesTest : 0.72611123
HtmlLinkTag : 0.7881939
