UtilitiesTest : 0.72611123
JFlexParserUtil : 0.6725749
TemplateTag : 0.70306253
