JAMWikiServlet : 0.68041515
DefaultQueryHandler : 0.7058411
AdminServlet : 0.67646295
WikiBase : 0.7076779
MySqlQueryHandler : 0.7141352
