DataHandler : 0.8504774
AnsiQueryHandler : 0.7772349
RolesServlet : 0.7198072
WikiUtil : 0.73388344
AnsiDataHandler : 0.7664377
