GroupMap : 0.7617797
DataHandler : 0.8504774
RolesServlet : 0.7198072
AnsiQueryHandler : 0.7772349
AnsiDataHandler : 0.7664377
