DataHandler : 0.8504774
AnsiQueryHandler : 0.7772349
AnsiDataHandler : 0.7664377
RolesServlet : 0.7198072
