DataHandler : 0.8504774
GroupMap : 0.75483596
AnsiDataHandler : 0.7664377
RolesServlet : 0.7198072
AnsiQueryHandler : 0.7772349
WikiUtil : 0.73388344
JAMWikiAuthenticationProcessingFilter : 0.75807077
