ServletUtil : 0.7950544
AnsiQueryHandler : 0.7737418
AnsiDataHandler : 0.7702365
WikiDatabase : 0.79346174
AdminServlet : 0.82851034
JAMWikiServlet : 0.8256663
DatabaseUpgrades : 0.8020789
TranslationServlet : 0.8410464
WikiSignatureTag : 0.8565482
RegisterServlet : 0.8450384
JAMWikiLocaleInterceptor : 0.8504407
