AnsiQueryHandler : 0.7737418
AnsiDataHandler : 0.7702365
ServletUtil : 0.7950544
RegisterServlet : 0.8450384
TranslationServlet : 0.8410464
WikiSignatureTag : 0.8565482
JAMWikiLocaleInterceptor : 0.8504407
