DateUtil : 0.7562439
WikiSignatureTag : 0.78060246
