DataHandler : 0.8504774
WikiUser : 0.77267444
AnsiQueryHandler : 0.7772349
AnsiDataHandler : 0.7664377
DatabaseUpgrades : 0.7392732
UpgradeServlet : 0.7436109
EditServlet : 0.75730276
WikiDatabase : 0.76028806
RegisterServlet : 0.7379532
WikiSignatureTag : 0.7304214
DateUtil : 0.7177879
