AnsiQueryHandler : 0.7618468
AnsiDataHandler : 0.7541888
WikiUser : 0.8842065
WikiDatabase : 0.7819592
DateUtil : 0.86904144
RegisterServlet : 0.85195774
WikiSignatureTag : 0.86727095
DatabaseUpgrades : 0.8032777
