WikiDatabase : 0.79346174
DateUtil : 0.8687686
DatabaseUpgrades : 0.8020789
WikiSignatureTag : 0.8565482
