ImageLinkTag : 0.85629046
JAMHTMLConverter : 0.6880598
