JAMWikiServlet : 0.84654206
FileHandler : 0.6630425
DefaultQueryHandler : 0.82383746
QueryHandler : 0.7841253
PersistencyHandler : 0.8057084
DatabaseHandler : 0.8451198
EditServlet : 0.8394467
AdminServlet : 0.82236826
