DataHandler : 0.8504774
AnsiQueryHandler : 0.7772349
AnsiDataHandler : 0.7664377
WikiDatabase : 0.76028806
UserPreferencesUtil : 0.7280334
DatabaseUpgrades : 0.7392732
