ServletUtil : 0.8176194
MigrationUtilTest : 0.79616326
ParserFunctionUtil : 0.843765
ImageUtilTest : 0.84012693
JAMWikiUnitTest : 0.87104243
MathUtil : 0.82736456
ImageLinkTag : 0.85629046
JAMHTMLConverter : 0.6880598
ImageUrlTag : 0.8535067
