UpgradeServlet : 0.797415
AnsiDataHandler : 0.85794765
