AnsiDataHandler : 0.85794765
UpgradeServlet : 0.797415
