DataHandler : 0.7853171
AnsiDataHandler : 0.7768975
ParserUtil : 0.82157195
JFlexParser : 0.8508537
AbstractHeadingTag : 0.8445945
