WikiConfiguration : 0.690543
AdminServlet : 0.6831133
WikiMail : 0.675496
