RecentChange : 0.9088477
Category : 0.9054479
WikiFileVersion : 0.87309265
