JAMWikiServlet : 0.84080195
WikiPageInfoTest : 0.81779593
