WikiPageInfo : 0.70416033
AdminServlet : 0.6831133
EnvironmentTest : 0.7116001
