DateUtil : 0.7183442
WikiSignatureTag : 0.6866696
