DateUtil : 0.7183442
WikiPageInfo : 0.70416033
WikiSignatureTag : 0.6866696
