WikiDatabase : 0.710806
RegisterServlet : 0.6800784
