WikiUser : 0.77267444
AnsiQueryHandler : 0.7772349
AnsiDataHandler : 0.7664377
DatabaseUpgrades : 0.7392732
