WikiUser : 0.77267444
Environment : 0.7243064
WikiMail : 0.7277959
AnsiDataHandler : 0.7664377
AnsiQueryHandler : 0.7772349
WikiConfiguration : 0.7423722
AdminServlet : 0.72445816
JAMWikiServlet : 0.7375878
DatabaseUpgrades : 0.7392732
JAMWikiAuthenticationProcessingFilter : 0.75807077
PasswordResetServlet : 0.73219585
LoginServlet : 0.7456341
SMTPAuthenticator has been removed due to the repository version iteration
