WikiMail : 0.675496
AdminServlet : 0.6831133
