ServletUtil : 0.8302836
UpgradeServlet : 0.8723505
AdminServlet : 0.86740035
SetupServlet : 0.8714226
UpgradeUtil : 0.8644121
