JFlexParserUtil : 0.6725749
UtilitiesTest : 0.72611123
TemplateTag : 0.70306253
AbstractHeadingTag : 0.7097389
HtmlLinkTag : 0.7881939
JFlexParserUtilTest : 0.68423396
