WikiDiff : 0.86034024
DiffUtilTest : 0.8505428
