DatabaseConnection : 0.8385601
AnsiDataHandler : 0.85794765
