ParserInput : 0.77613103
ResourceUtil : 0.7755729
AnsiDataHandler : 0.85794765
DatabaseConnection : 0.8385601
ResourceUtilTest : 0.7579937
