Encryption : 0.71576095
AnsiDataHandler : 0.7664377
AnsiQueryHandler : 0.7772349
WikiUserDetailsImpl : 0.7590518
AnsiDataValidator : 0.79157263
JAMWikiUnitTest : 0.76009524
AdminServlet : 0.72445816
AnsiDataHandlerTest : 0.7934847
PasswordResetServlet : 0.73219585
JAMWikiPasswordEncoder : 0.73232096
RegisterServlet : 0.7379532
SetupServlet : 0.7433157
EncryptionTest : 0.75751203
PasswordEncryptionTest : 0.70159835
SaltGenerationTest : 0.74954665
