JAMWikiServlet : 0.7033891
AbstractSearchEngine : 0.79687506
