Encryption : 0.71073425
DatabaseHandler : 0.70910734
FileHandler : 0.79262894
PersistencyHandler : 0.7106452
DefaultQueryHandler : 0.7129292
LoginServlet : 0.6928083
RegisterServlet : 0.6933493
