JAMWikiServlet : 0.6967486
FileHandler : 0.7743821
DatabaseHandler : 0.70333093
WikiVersion : 0.681988
SetupServlet : 0.68919784
UpgradeServlet : 0.6803115
