EditServlet : 0.87238216
SetupServlet : 0.87800044
RegisterServlet : 0.8842413
UpgradeServlet : 0.876043
