EditServlet : 0.7013058
ParserInfo : 0.7021409
VQWikiParser : 0.69711804
JAMWikiServlet : 0.70022935
WikiBase : 0.71980286
AbstractParser : 0.7191844
PrintableServlet : 0.6996363
HistoryServlet : 0.6755723
ParserUtil : 0.8003893
JAMWikiParser : 0.7401112
