UploadServlet : 0.7089615
ImportServlet : 0.70936114
