Utilities : 0.7293238
JAMWikiServlet : 0.88046867
ParserUtil : 0.7198054
SearchServlet : 0.88592714
LoginServlet : 0.8749781
RegisterServlet : 0.861032
LinkTag : 0.8640261
ImageLinkTag : 0.8626917
