JAMWikiServlet : 0.88857275
ParserUtil : 0.70520127
LinkTag : 0.8635107
SearchServlet : 0.8920215
LoginServlet : 0.88341665
ImageLinkTag : 0.86076605
RegisterServlet : 0.8676619
