JAMWikiServlet : 0.8868899
LinkTag : 0.8679157
ImageLinkTag : 0.86314166
ParserUtil : 0.7085186
