DatabaseHandler : 0.86758435
WikiPreparedStatement : 0.8669479
