WikiBase : 0.69323254
JAMWikiServlet : 0.68661875
EditServlet : 0.6873092
PrintableServlet : 0.68545246
HistoryServlet : 0.66310376
