AbstractSearchEngine : 0.6799859
EditServlet : 0.85758847
RSSServlet : 0.6974514
