FileUpgrades : 0.9401258
VirtualWiki : 0.8373994
DefaultQueryHandler : 0.89560926
QueryHandler : 0.7516572
FileHandler : 0.66506636
DatabaseHandler : 0.8992704
PersistencyHandler : 0.81826586
AdminServlet : 0.8881877
UpgradeServlet : 0.9005908
