SetupServlet : 0.8920509
JAMWikiFilter : 0.8416595
