PersistencyHandler : 0.8181323
DefaultQueryHandler : 0.8532012
Environment : 0.6833526
DatabaseHandler : 0.87283415
FileHandler : 0.68093425
QueryHandler : 0.7508839
SetupServlet : 0.8841003
