TranslationServlet : 0.69405144
Environment : 0.78749895
