PersistencyHandler : 0.6981209
JAMWikiServlet : 0.6751318
AdminServlet : 0.66762906
