AdminServlet : 0.675503
ParserUtil : 0.75016636
