JAMWikiServlet : 0.69847536
TranslationServlet : 0.6889418
SortedProperties : 0.68624157
JAMWikiFilter : 0.7168902
