WikiPageInfo : 0.84185547
TranslationServlet : 0.89205885
AdminServlet : 0.8959977
