WikiBase : 0.8404402
FileHandler : 0.85973763
Environment : 0.7047828
PersistencyHandler : 0.74968314
DatabaseHandler : 0.8479303
DatabaseInit : 0.8485118
AdminWikiController : 0.84389013
SaveAttachmentServlet : 0.87118727
AdministrationServlet : 0.8616836
EditServlet : 0.83864486
SaveTopicServlet : 0.8293448
ImportServlet : 0.8497659
