WikiException : 0.94873613
JAMWikiServlet : 0.84484684
EditServlet : 0.83367497
AdminServlet : 0.8170283
UploadServlet : 0.8521964
SetupServlet : 0.8187117
UpgradeServlet : 0.8268571
TranslationServlet : 0.8405039
RegisterServlet : 0.83020055
HistoryServlet : 0.81725746
LoginServlet : 0.8190792
