AdminServlet : 0.8972813
EditServlet : 0.90003777
WikiPageInfo : 0.84150845
UploadServlet : 0.88263565
SetupServlet : 0.8864841
TopicServlet : 0.89733595
UpgradeServlet : 0.8872996
TranslationServlet : 0.89405984
RegisterServlet : 0.8961023
HistoryServlet : 0.9018901
ImportServlet : 0.8896055
SearchServlet : 0.9080335
PrintableServlet : 0.9022006
ContributionsServlet : 0.9026938
DiffServlet : 0.89728254
RecentChangesServlet : 0.9029823
