LinkTag : 0.8651514
ParserUtil : 0.7021415
UpgradeServlet : 0.86020344
SearchServlet : 0.8864963
