EditServlet : 0.899518
PrintableServlet : 0.89481443
HistoryServlet : 0.90172565
