ParserUtil : 0.72410285
ContributionsServlet : 0.8687028
