DatabaseHandler : 0.79352164
DefaultQueryHandler : 0.8027832
