DatabaseHandler : 0.79412097
DefaultQueryHandler : 0.8028738
