TopicVersion : 0.78476393
AdminServlet : 0.7480741
DeleteServlet : 0.7373634
DefaultQueryHandler : 0.8034596
RecentChange : 0.7879178
FileHandler : 0.7709321
PersistencyHandler : 0.7893798
DatabaseHandler : 0.7943994
