FileHandler : 0.71479595
DatabaseHandler : 0.6768469
WikiServlet : 0.68637824
RecentChangesServlet : 0.6906412
