JAMWikiParser : 0.87004554
ParserUtil : 0.670831
AbstractParser : 0.8102695
VQWikiParser : 0.8597333
AbstractSearchEngine : 0.8472019
