JAMWikiServlet : 0.7481855
AbstractSearchEngine : 0.7646462
JAMWikiParser : 0.7838014
SearchServlet : 0.7587575
LinkToServlet : 0.74934274
