WikiBase : 0.8594994
EditServlet : 0.8580153
AdminServlet : 0.86226743
SearchServlet : 0.8773194
LinkToServlet : 0.8715182
