DatabaseConnection : 0.6862075
LuceneSearchEngine : 0.7019517
WikiPreparedStatement : 0.70040584
JAMWikiParser : 0.73026633
