PersistencyHandler : 0.8120428
JAMWikiServlet : 0.8661725
EditServlet : 0.8552273
