ImageUtil : 0.85705537
ParserUtil : 0.72544855
WikiImage : 0.83524525
WikiFile : 0.85381186
