LinkUtil : 0.7312584
JAMWikiParser : 0.72990125
LinkTag : 0.68144786
UpgradeServlet : 0.642072
