QueryHandler : 0.7826555
PersistencyHandler : 0.80729556
DefaultQueryHandler : 0.8195407
WikiBase : 0.8666339
FileHandler : 0.6655297
EditServlet : 0.8398134
DatabaseHandler : 0.83420485
DatabaseUpgrades : 0.82210445
