Utilities : 0.858453
ParserUtil : 0.69024396
JAMWikiServlet : 0.84710014
VQWikiParser : 0.86319566
JAMWikiParser : 0.8529034
EditServlet : 0.8411171
AbstractLexer : 0.83006614
AbstractParser : 0.8400426
