PersistencyHandler : 0.8140467
LuceneSearchEngine : 0.8344008
Utilities : 0.85849625
JAMWikiParser : 0.8528201
UploadServlet : 0.85125077
EditServlet : 0.8411171
AbstractParser : 0.8450423
ParserOutput : 0.9132637
VQWikiParser : 0.8607225
