JAMWikiServlet : 0.8673134
JAMWikiParser : 0.8634731
VQWikiParser : 0.85634726
AbstractLexer : 0.8088647
ParserUtil : 0.678996
EditServlet : 0.85580784
AbstractParser : 0.7963112
