JAMWikiParser : 0.85944825
EditServlet : 0.9011128
UpgradeServlet : 0.8940906
