PersistencyHandler : 0.79151267
DatabaseHandler : 0.79350954
FileHandler : 0.75518584
DefaultQueryHandler : 0.8038358
JAMWikiServlet : 0.748778
EditServlet : 0.75916815
