DefaultQueryHandler : 0.81977826
PersistencyHandler : 0.8084185
JAMWikiServlet : 0.8416341
QueryHandler : 0.7823826
DatabaseHandler : 0.83491004
EditServlet : 0.83884233
FileHandler : 0.662425
