JAMWikiServlet : 0.8324532
EditServlet : 0.83618337
UploadServlet : 0.8372819
UpgradeServlet : 0.8210818
AdminServlet : 0.82194334
SetupServlet : 0.8280458
TranslationServlet : 0.8273169
RegisterServlet : 0.82936716
DeleteServlet : 0.8204577
SearchServlet : 0.8318649
HistoryServlet : 0.8177852
LoginServlet : 0.82056695
TopicServlet : 0.8128834
ImportServlet : 0.82852596
ContributionsServlet : 0.8336191
DiffServlet : 0.8319018
LinkToServlet : 0.82516754
RecentChangesServlet : 0.8398651
