EditServlet : 0.900329
PrintableServlet : 0.9096227
HistoryServlet : 0.9008662
