WikiPageInfo : 0.8947897
WikiResultSet : 0.8512708
DatabaseHandler : 0.8353857
QueryHandler : 0.7964597
FileHandler : 0.68600225
DefaultQueryHandler : 0.8186556
PersistencyHandler : 0.81024957
JAMWikiServlet : 0.8404012
LinkToServlet : 0.83000326
ContributionsServlet : 0.83158284
DiffServlet : 0.83596104
RecentChangesServlet : 0.8353663
CategoryServlet : 0.83697563
