UpgradeServlet : 0.8574382
LinkTag : 0.8668793
ParserUtil : 0.7092685
