UpgradeServlet : 0.8544461
ParserUtil : 0.7163364
LinkTag : 0.86439604
