Utilities : 0.7866087
WikiBase : 0.7908411
UpgradeServlet : 0.77716595
SetupServlet : 0.7764302
HistoryServlet : 0.78577346
WikiVersionTag : 0.8052129
