PersistencyHandler : 0.79294795
FileHandler : 0.7745029
DefaultQueryHandler : 0.80448073
DatabaseHandler : 0.7931343
Category : 0.7883783
