JAMWikiServlet : 0.8820269
ParserUtil : 0.7117109
ImageLinkTag : 0.86080587
