WikiServlet : 0.6866191
AbstractSearchEngine : 0.7833992
AdminWikiController : 0.6635069
FileSearchEngine : 0.7121259
DatabaseSearchEngine : 0.68353313
