PersistencyHandler : 0.80792606
RecentChange : 0.93032146
EditServlet : 0.8360962
ManageServlet : 0.81245464
UploadServlet : 0.8437059
