ParserUtil : 0.74048847
DefaultQueryHandler : 0.8039071
