Topic : 0.9173641
DefaultQueryHandler : 0.81832343
QueryHandler : 0.7903961
FileHandler : 0.68541753
DatabaseHandler : 0.8349263
ParserUtil : 0.67932427
EditServlet : 0.8356319
JAMWikiServlet : 0.8425704
JAMWikiParser : 0.8589718
WikiPageInfo : 0.90033627
AbstractParser : 0.808307
DatabaseUpgrades : 0.81938696
VQWikiParser : 0.8639406
