ImageLinkTag : 0.90949667
DecodeTag : 0.9121321
EncodeTag : 0.9141182
LinkParamTag : 0.91409713
