ParserUtil : 0.6966046
LinkTag : 0.87458277
