WikiFile : 0.9315348
FileHandler : 0.6712095
PersistencyHandler : 0.8087741
DefaultQueryHandler : 0.8228287
DatabaseHandler : 0.83734185
ManageServlet : 0.8187408
DatabaseUpgrades : 0.8207746
