Environment : 0.7082608
AdminServlet : 0.8214056
JAMWikiServlet : 0.827383
MoveServlet : 0.8241014
