JAMWikiServlet : 0.8665081
WikiBase : 0.8609689
MoveServlet : 0.8642559
