JAMWikiServlet : 0.83782405
ImageUtil : 0.83882844
UploadServlet : 0.8445443
