UploadServlet : 0.8432174
TranslationServlet : 0.8348266
