PersistencyHandler : 0.8083804
ManageServlet : 0.81037104
UpgradeServlet : 0.8228507
UploadServlet : 0.84203476
EditServlet : 0.8357279
MoveServlet : 0.8212178
TranslationServlet : 0.831405
