ParserUtil : 0.773588
AdminServlet : 0.6762307
