PersistencyHandler : 0.7868964
FileHandler : 0.86022377
Environment : 0.7006418
DatabaseHandler : 0.8442023
WikiServlet : 0.8348717
DatabaseInit : 0.8431343
EditServlet : 0.8412589
AdminController : 0.84022903
ConvertVQWiki : 0.8264556
ImportServlet : 0.84411836
