SetupServlet : 0.85978687
AdminServlet : 0.85391676
