Utilities : 0.7053203
JAMWikiServlet : 0.6807354
Encryption : 0.7070308
DatabaseConnection : 0.6809671
AdminServlet : 0.69817954
LdapUsergroup : 0.697959
SetupServlet : 0.6974226
RecentChangesServlet : 0.68010694
WikiMailAuthenticator : 0.7055025
ContributionsServlet : 0.6884615
