PersistencyHandler : 0.8090206
FileHandler : 0.6775628
LinkUtil : 0.8670224
JAMWikiServlet : 0.86610705
ParserUtil : 0.66907
UploadServlet : 0.8660531
JAMWikiParser : 0.86302507
TableOfContents : 0.8529557
LinkTag : 0.863599
TranslationServlet : 0.8704579
MoveServlet : 0.8619638
