PersistencyHandler : 0.8088924
JAMWikiServlet : 0.86627096
EditServlet : 0.8588422
