JSPUtils : 0.71900475
AdminController : 0.8360151
WikiServlet : 0.8365925
