PersistencyHandler : 0.7872773
LuceneSearchEngine : 0.75202703
WikiBase : 0.7761223
AdminServlet : 0.7427131
UpgradeServlet : 0.7294025
SearchServlet : 0.754102
LinkToServlet : 0.76618415
