WikiServlet : 0.8368789
AdminController : 0.8383536
PrintableServlet : 0.84543264
