Utilities : 0.8752326
WikiLink : 0.84526795
ParserUtil : 0.67784786
WikiBase : 0.86829305
JAMWikiServlet : 0.90038764
EditServlet : 0.89706624
UploadServlet : 0.87738776
JAMWikiParser : 0.8788315
UpgradeServlet : 0.86970335
TranslationServlet : 0.8953761
CategoryServlet : 0.89413387
LinkTag : 0.87367547
