JAMWikiServlet : 0.86108345
InterWikiHandler : 0.8770142
ParserUtil : 0.67993736
LinkUtil : 0.86882037
PseudoTopicHandler : 0.8592077
