QueryHandler : 0.790511
FileHandler : 0.67380214
DatabaseHandler : 0.82307905
JAMWikiServlet : 0.81848747
DefaultQueryHandler : 0.8139897
LinkTag : 0.89251393
PaginationTag : 0.87782973
PersistencyHandler : 0.79756755
TopicServlet : 0.797029
WikiVersionTag : 0.8406951
HistoryServlet : 0.7980645
ContributionsServlet : 0.79461867
RecentChangesServlet : 0.80444694
CategoryServlet : 0.80833596
OracleQueryHandler : 0.8199975
DB2QueryHandler : 0.8199975
