PaginationTag : 0.8801936
LinkTag : 0.86953425
