PaginationTag : 0.8675638
ParserUtil : 0.6732919
ManageServlet : 0.85408884
MoveServlet : 0.86561877
