FileUpgrades : 0.8028555
DatabaseUpgrades : 0.88461363
