Environment : 0.7284366
ParserUtil : 0.73490167
UpgradeServlet : 0.84014475
