WikiBase : 0.8612802
ParserInput : 0.85524046
TemplateHandler : 0.8749542
