JAMWikiServlet : 0.8672645
DatabaseHandler : 0.85832167
WikiBase : 0.8610913
DefaultQueryHandler : 0.8402847
LinkUtil : 0.87360305
EditServlet : 0.8616305
QueryHandler : 0.7491177
LuceneSearchEngine : 0.86427677
UploadServlet : 0.8672715
ManageServlet : 0.85371214
TemplateHandler : 0.8730052
MoveServlet : 0.86591446
JFlexParser : 0.8630061
TranslationServlet : 0.8727216
HistoryServlet : 0.8527347
PrintableServlet : 0.8580145
