TemplateHandler : 0.6921175
ParserInput : 0.69556934
AdminServlet : 0.6988335
AbstractParser : 0.70897937
