ParserMode : 0.83046293
ParserInput : 0.8542175
JFlexParser : 0.86131907
JAMWikiServlet : 0.86707044
EditServlet : 0.861533
ParserUtil : 0.68302524
AbstractLexer : 0.8016483
TemplateHandler : 0.87458295
AbstractParser : 0.7935801
