HtmlLinkTag : 0.67681485
TemplateTag : 0.8970521
WikiLinkTag : 0.8965694
