WikiNowikiTag : 0.869482
JAMWikiServlet : 0.86623037
ParserUtil : 0.8754932
JFlexParser : 0.86076707
AbstractParser : 0.7769295
EditServlet : 0.86067516
WikiListTag : 0.8657307
WikiLinkTag : 0.8726448
TemplateTag : 0.87632006
AbstractLexer : 0.8027256
JFlexParserTest : 0.8709512
HtmlLinkTag : 0.6558008
HtmlTag : 0.8508833
WikiSignatureTag : 0.8708852
WikiHeadingTag : 0.87366885
ParserTag : 0.77523863
