HtmlPreTag : 0.9215902
WikiNowikiTag : 0.9276927
HtmlPreTagTest : 0.8737346
JAMWikiTestSuite : 0.86904794
