JFlexParser : 0.85939217
JAMWikiServlet : 0.86866874
TemplateTag : 0.8722402
