AbstractParser : 0.7761453
JFlexParser : 0.8589438
