DatabaseHandler : 0.8582759
UploadServlet : 0.8660796
TemplateTag : 0.8663259
LuceneSearchEngine : 0.864689
