DefaultQueryHandler : 0.80178154
DatabaseHandler : 0.7819195
TemplateTag : 0.7401742
