DefaultQueryHandler : 0.80180514
DatabaseHandler : 0.781709
TemplateTag : 0.73988706
