Property:0.6466666666666666
MDate:0.4066666666666667
MainWindow:0.335
LocationBar:0.26
ItemRenderer:0.23
ChangeListener:0.13444444444444442
