GoodsType:0.5666666666666667
Market:0.4266666666666667
MarketData:0.41333333333333333
PreGameInputHandler:0.25666666666666665
PreGameController:0.23666666666666666
