MToolBar:0.7212222222222222
MFontButton:0.44305555555555554
