Unit:0.61
Ability:0.45
InGameControllerTest:0.24
SpecificationTest:0.22333333333333333
SimpleCombatModel:0.20666666666666667
