TextArea:0.62
Gutter:0.4766666666666667
EditPane:0.23333333333333334
GutterOptionPane:0.19666666666666666
