Unit:0.5466666666666666
Canvas:0.42
InGameController:0.35
InGameInputHandler:0.24333333333333335
GUI:0.205
TradeRouteDialog:0.2
