jEdit:0.6566666666666666
MiscUtilities:0.5233333333333333
Buffer:0.36333333333333334
VFSBrowser:0.31
ExpansionToggleBorder:0.23666666666666666
PluginTableModel:0.21666666666666667
BrowserIORequest:0.21055555555555558
EntryCompare:0.16555555555555557
