Query:0.15274492
QueryEditor:0.0925597
SortMethod:0.015438242
