StaticUtils:0.42
MainWindow:0.41333333333333333
EditorController:0.3333333333333333
GlossaryTextArea:0.31666666666666665
MainWindowMenuHandler:0.3
OmegaTFileChooser:0.225
Core:0.21416666666666667
ProjectFilesListController:0.18666666666666668
MatchesTextArea:0.18666666666666668
FileUtil:0.17333333333333334
GlossaryTextAreaTest:0.15
OpenProjectFileChooser:0.15
ProjectFileDragImporter:0.14333333333333334
FileDropHandler:0.016666666666666666
