OptionGroup:0.25480887
IntegerOption:0.21270801
FileOption:0.20508534
BooleanOption:0.17170984
SelectOption:0.16276728
Option:0.12760966
RangeOption:0.10546609
