CachedRow:0.15235516
Cache:0.14961575
DataFileCache:0.12840584
DiskNode:0.08583782
Trace:0.07827039
Table:0.07694626
Node:0.07107376
Database:0.06837734
Row:0.06309323
Index:0.033107135
HsqlException:0.0025105309
