Node:0.25602886
CachedRow:0.09242927
DataFileDefrag:0.05126907
Trace:0.045583818
Row:0.045331307
Table:0.027487965
HsqlException:0.005598011
