Result:0.23242503
Trace:0.20310168
HsqlInternalException:0.15586886
Library:0.15221624
Server:0.14997265
UserManager:0.14826839
Log:0.14496501
Column:0.13653041
Logger:0.1318104
DatabaseInformationFull:0.12439225
TextCache:0.12110743
TextTable:0.115283735
DatabaseInformationMain:0.112024374
DatabaseCommandInterpreter:0.11055034
DINameSpace:0.10864533
Parser:0.10396674
Function:0.101912774
Session:0.10190101
CachedRow:0.09681839
HSQLClientConnection:0.09610194
HsqlServerFactory:0.09544714
Database:0.09180311
Table:0.09106012
DatabaseInformation:0.08966484
Tokenizer:0.08952854
Index:0.08550803
Types:0.083851166
CompiledStatement:0.08188123
Cache:0.07812925
LockFile:0.076436885
HTTPClientConnection:0.075593755
WebServerConnection:0.07473522
SessionInterface:0.07355345
HsqlDateTime:0.072539486
Expression:0.07232587
DatabaseManager:0.070850156
HsqlNameManager:0.06934137
DataFileCache:0.06795891
SequenceManager:0.0640578
Select:0.061104346
DIProcedureInfo:0.05960233
Constraint:0.05937731
ScriptRunner:0.058467034
MemoryNode:0.056243077
Node:0.05601106
HsqlDatabaseProperties:0.05468934
User:0.05400076
CompiledStatementExecutor:0.053875558
TableWorks:0.05060548
DiskNode:0.050444104
Servlet:0.047138184
TableFilter:0.046784498
TriggerDef:0.046043143
CachedDataRow:0.045820616
ServerConnection:0.045607343
View:0.043318328
DatabaseObjectNames:0.042652126
PointerNode:0.0351067
DataFileDefrag:0.035031747
BaseMemoryNode:0.031404033
DatabaseScript:0.02775384
Row:0.026575452
SetFunction:0.0259955
BaseTable:0.022179116
PointerCachedDataRow:0.018624565
Transaction:0.014571885
