HsqlSocketRequestHandler:0.18414146
Server:0.14651121
HsqlProperties:0.046115074
ServerConstants:0.03076702
Trace:0.02388876
HsqlException:0.0065266434
