jdbcCallableStatement:0.646149
jdbcStatement:0.4428115
jdbcConnection:0.40540943
jdbcResultSet:0.39981887
jdbcDatabaseMetaData:0.3674382
jdbcResultSetMetaData:0.31065214
jdbcClob:0.251872
jdbcBlob:0.23866783
jdbcParameterMetaData:0.19685721
jdbcUtil:0.12469611
