jEdit:0.7933333333333333
AppearanceOptionPane:0.22666666666666666
KeyEventWorkaround:0.1877777777777778
KeyEventTranslator:0.15444444444444444
