InGameController:0.5933333333333334
NetworkConstants:0.45359523809523816
PioneeringMission:0.2966666666666667
ClaimLandMessage:0.17722222222222223
TensionTest:0.16
