MainWindow:0.49333333333333335
Bookmarks:0.42
PropertiesBar:0.32666666666666666
ToggleBookmarkAction:0.17333333333333334
