OS:0.5438888888888889
MProcess:0.51
Projects:0.16333333333333333
