TestUtil:0.061856218
TestAll:0.007141333
