JAMWikiServlet:0.75
JAMWikiParser:0.36833333333333335
EditServlet:0.3
UpgradeServlet:0.25333333333333335
