Kiosk:0.7406111111111111
Config:0.48
ScriptYourself:0.29
MText:0.28
MURLButton:0.2488888888888889
