TagsUtils:0.7233333333333334
ImportExport:0.30333333333333334
PrintAction:0.23
