MMessage:0.48
MWrapperPanel:0.3
MPainter:0.25666666666666665
MSplitPane:0.255
TodoEditorCore:0.25
BackupDialog:0.24
MFileChooser:0.2225
Filters:0.20892857142857144
MLinkButton:0.16666666666666666
FileInfoPanel:0.16
StaticFocusHandler:0.13
