AbstractSpinner:0.7433333333333333
DateTimeEditor:0.4666666666666667
TextFieldExtensions:0.31333333333333335
