Modifier:0.26814705
Ability:0.13324703
Scope:0.11158368
FreeColGameObjectType:0.109179266
FeatureContainer:0.10014424
BuildingType:0.07794937
Specification:0.0696246
FreeColObject:0.046092078
Player:0.037912868
Unit:0.0306097
Turn:0.028061215
SimpleCombatModel:0.012588014
