TemplateTag:0.6216666666666667
ImageProcessor:0.5266666666666666
ImageLinkTag:0.28833333333333333
