Console:0.68
ConsoleCommand:0.34065079365079365
DebugCommand:0.18
ScriptCommand:0.11333333333333333
VarListCommand:0.10333333333333333
