Unit:0.73
Tile:0.5566666666666666
GUI:0.2625
FoundingFather:0.20333333333333334
ServerUnit:0.12666666666666668
InfoPanel:0.11666666666666667
