GUI:0.7033333333333334
ProductionLabel:0.3044444444444444
UnitLabel:0.24444444444444446
ProductionMultiplesLabel:0.22716666666666668
