Console:0.49333333333333335
ConsoleCommand:0.3933333333333333
ConsoleCommandLine:0.26
Item:0.24666666666666667
ScriptCommand:0.17666666666666667
