ColonyPanel:0.059409715
ReportColonyPanel:0.053595405
UnitLabel:0.04568876
