jEdit:0.04601458
HelpSearchPanel:0.045802053
MiscUtilities:0.038721405
VFS:0.029756075
EditPlugin:0.018809248
VFSManager:0.018112084
Log:0.0077501736
