MacOSHandler:0.11190959
jEdit:0.10766635
Macros:0.09333916
Handler:0.061712477
GUIUtilities:0.041965436
BufferUpdate:0.040124867
ViewUpdate:0.038330548
MacOSOptionPane:0.035741594
Log:0.03546153
EBMessage:0.030654233
PropertiesChanged:0.025831299
EBPlugin:0.023001889
OptionsDialog:0.011572344
