OptionGroup:0.18289246
GlobalOptions:0.114995934
OptionPane:0.11132015
EditPlugin:0.086802386
AbstractOptionPane:0.07255032
GUIUtilities:0.031337112
jEdit:0.026365204
EnhancedDialog:0.010943505
MacOSPlugin:0.008739149
QuickNotepadPlugin:0.0054681725
OperatingSystem:0.0048267622
