MMessage:0.49666666666666665
FeedComponent:0.3433333333333333
MTaskPanel:0.23833333333333334
WebPanel:0.17
