AppInfo:0.09260302
MURLButton:0.028620422
MAuthenticator:0.018347804
MTip:0.013785447
VersionProperty:0.004811607
Uninstantiable:5.292922E-4
