OStrings:0.49666666666666665
EditorController:0.4766666666666667
MainWindowUI:0.38
ProjectUICommands:0.26666666666666666
