PluginInfo:0.515
DBRecord:0.2966666666666667
Tags:0.22444444444444442
Keywords:0.18666666666666668
CategoryList:0.16666666666666666
