ActionManager:0.31708533
SelectableAction:0.2649974
