ActionManager:0.32413152
SelectableAction:0.28245842
