ListOption:0.28921798
AbstractOption:0.24877097
IntegerOption:0.23386909
StringOption:0.22608353
FileOption:0.22591676
BooleanOption:0.2172692
PercentageOption:0.21574439
AudioMixerOption:0.17149305
LanguageOption:0.16661732
SelectOption:0.15994492
RangeOption:0.13725315
Option:0.07531001
