Tile:0.57
IndianSettlement:0.4266666666666667
MetaRegister:0.27666666666666667
ServerListTableModel:0.25
SoundLibrary:0.17
TilePanel:0.15
ServerListPanel:0.08333333333333333
