InternetSearchPlugin:0.66
InternetSearchPanel:0.39666666666666667
OpenSearchPlugin:0.32
WikipediaInternetSearchPlugin:0.18333333333333332
