MText:0.6466666666666666
MTextPane:0.30333333333333334
NoteWidgetPlugin:0.2966666666666667
Desktop:0.23
LinkAction:0.12666666666666668
