Log:0.114941545
Crypto:0.008057599
