TextAreaFigure:0.5016666666666667
HTMLTextAreaFigure:0.455
ZoomDrawingView:0.31666666666666665
