GUIUtilities:0.6333333333333333
VFSBrowser:0.44
VFSDirectoryEntryTable:0.25
BrowserView:0.18
StringList:0.16666666666666666
