DOMMessage:0.08458059
Connection:0.0371482
