AskSkillMessage:0.09289298
GoodsForSaleMessage:0.09100757
AssignTradeRouteMessage:0.08714208
BuyPropositionMessage:0.083117396
SpySettlementMessage:0.08266768
SellPropositionMessage:0.08061211
UpdateTradeRouteMessage:0.07904412
LearnSkillMessage:0.07825233
DeclineMoundsMessage:0.07526631
DiplomacyMessage:0.0747682
BuyMessage:0.0745252
SellMessage:0.07450886
ChangeWorkTypeMessage:0.073596686
MissionaryMessage:0.07283587
PutOutsideColonyMessage:0.071674176
MoveMessage:0.06883021
DeliverGiftMessage:0.06879242
DemandTributeMessage:0.06830896
CashInTreasureTrainMessage:0.067876466
PayArrearsMessage:0.06692628
EquipUnitMessage:0.06673434
ScoutIndianSettlementMessage:0.06619106
UnloadCargoMessage:0.06616278
EmigrateUnitMessage:0.06598153
AttackMessage:0.06581979
SellGoodsMessage:0.065427676
BuyGoodsMessage:0.06540504
SetTradeRoutesMessage:0.065378286
TrainUnitInEuropeMessage:0.06488518
InciteMessage:0.064562455
BuildColonyMessage:0.06408681
GetTransactionMessage:0.06389588
LootCargoMessage:0.06288314
DisbandUnitMessage:0.062769055
WorkMessage:0.06151204
LoadCargoMessage:0.06134954
JoinColonyMessage:0.060925387
ClearSpecialityMessage:0.06092395
UpdateCurrentStopMessage:0.06056978
CloseTransactionMessage:0.059675124
ChangeStateMessage:0.059158154
NewLandNameMessage:0.05871189
ChangeWorkImprovementTypeMessage:0.057838168
AbandonColonyMessage:0.057512805
PayForBuildingMessage:0.05708481
DisembarkMessage:0.05663386
MoveToMessage:0.05601983
SetDestinationMessage:0.055887427
EmbarkMessage:0.055882405
AssignTeacherMessage:0.05411902
DOMMessage:0.053983264
GetNationSummaryMessage:0.053849407
RenameMessage:0.05337566
SetBuildQueueMessage:0.048298102
SetGoodsLevelsMessage:0.048200466
ClaimLandMessage:0.047654
DeclareIndependenceMessage:0.040129002
ChatMessage:0.038837146
NewRegionNameMessage:0.033223554
NetworkConstants:0.0029856733
