GHNSDialog:0.4166666666666667
ColorRenderer:0.35133333333333333
MSettingsDialog:0.25833333333333336
MFontChooser:0.25
ConsoleConfig:0.22733333333333333
PriorityRenderer:0.17
MetaInfoList:0.16333333333333333
ScriptComboBox:0.12533333333333332
CompleteEditor:0.11666666666666667
