TilePanel:0.09496546
UnitLabel:0.07312835
FreeColPanel:0.070017144
ColopediaTreeCellRenderer:0.04672139
ColopediaTreeItem:0.039145127
DragListener:0.031224703
