TerrainGenerator:0.15497938
LandGenerator:0.08273791
IMapGenerator:0.07109036
River:0.05649409
MapGeneratorOptions:0.055441406
