Unit:0.71
Tile:0.5366666666666666
Message:0.31666666666666665
ReceivingThread:0.22666666666666666
GUI:0.2225
MapGenerator:0.19
AIInGameInputHandler:0.17111111111111113
