BlobData:0.4757471
BlobDataID:0.37362742
BitType:0.3251017
BinaryType:0.24646929
BlobType:0.20849189
BlobInputStream:0.18459706
BooleanType:0.08990656
NumberType:0.056316875
Type:0.029874042
