BinaryData:0.63703454
BlobDataID:0.56387526
LobData:0.3229965
BlobType:0.24190848
BlobInputStream:0.22796436
BinaryType:0.20279264
BitType:0.1962008
CharacterType:0.11149655
