Buffer:0.4866666666666667
JEditTextArea:0.45666666666666667
FoldVisibilityManager:0.44666666666666666
TextUtilities:0.30333333333333334
SearchAndReplace:0.25533333333333336
BufferChangeHandler:0.22333333333333333
TextAreaPainter:0.21916666666666668
FocusHandler:0.06666666666666667
