jEdit:0.14715272
Log:0.024328092
AbstractOptionPane:0.023190016
OptionsDialog:0.012162177
