Tile:0.7258333333333333
River:0.6116666666666667
AdditionTransform:0.14
