TaskModel:0.1433601
TaskTable:0.096475
Sorter:0.08000292
TaskComparator:0.07011762
DateTimeRenderer:0.032217365
