MDateSpinner:0.09043213
MDate:0.041269027
MPanel:0.037755143
MMenu:0.028005302
MLabel:0.023666976
UI:0.019349314
MButton:0.01890188
MRenderer:0.018299188
MSmallButton:0.016974384
CoolHeader:0.014064089
TK:0.011916806
MCalendarPanelBeanInfo:0.01170581
MAction:0.011551493
MLineBorder:0.010498286
MLogger:0.009531615
MApplication:0.008672067
ItemStatus:0.0086506065
MActionInfo:0.008149477
MMouseAdapter:0.007624149
MIcon:0.0074876877
MColor:0.006265897
MArrayList:0.00604168
MComponent:0.005289884
MTimer:0.004712756
MDataAction:5.7995284E-4
