TemplateTag:0.09578098
JFlexParserUtil:0.09203959
JFlexParser:0.05099464
