ReceivingThread:0.16725892
Connection:0.16205531
