HTMLOptions:0.5466666666666666
DefaultXMLDialect:0.32666666666666666
EditXOptionsDialog:0.31
XHTMLOptions:0.26
Handler:0.24
EditOptionsDialog:0.22666666666666666
XMLDialect:0.22166666666666668
FilterVisitor:0.22111111111111115
XHTMLFilter:0.14
XHTMLDialect:0.12
HTMLFilter2:0.11666666666666667
