JDBCResultSet:0.44333333333333336
Result:0.37
JDBCPreparedStatement:0.2733333333333333
ResultMetaData:0.26866666666666666
JDBCStatement:0.21333333333333335
RowSetNavigatorData:0.19
JDBCStatementBase:0.14
