JAMWikiServlet:0.3669444444444444
Utilities:0.33
DatabaseHandler:0.31333333333333335
FileHandler:0.25
PersistencyHandler:0.22303968253968254
LinkTag:0.16
ContributionsServlet:0.06666666666666667
