WikiUtil:0.6966666666666667
ServletUtil:0.48333333333333334
UpgradeServlet:0.37
AdminServlet:0.22
SetupServlet:0.18066666666666667
UpgradeUtil:0.13333333333333333
