Config:0.42333333333333334
FS:0.42333333333333334
MApplication:0.41
Args:0.36666666666666664
Backup:0.22
Tester:0.2
AppInfo:0.17055555555555557
MFormatter:0.12333333333333334
