StyleEditor:0.18167973
GUIUtilities:0.1463923
TextAreaPainter:0.05080682
StyleTableModel:0.04345553
Buffer:0.03685415
StyleOptionPane:0.021673953
JEditTextArea:0.01797566
