TextRendererAWT:0.17501697
TextRenderer2D:0.0949874
TextAreaPainter:0.0496547
Buffer:0.03465362
JEditTextArea:0.034573026
Log:0.0076228133
