BaseHashMap:0.5933333333333334
HashMap:0.3655555555555555
OrderedHashSet:0.22666666666666666
HashMappedList:0.18333333333333332
LongKeyIntValueHashMap:0.17666666666666667
LongKeyLongValueHashMap:0.17666666666666667
LongValueHashMap:0.17
IntValueHashMap:0.17
MultiValueHashMap:0.17
HashSet:0.17
IntKeyLongValueHashMap:0.13
OrderedIntHashSet:0.13
IntKeyIntValueHashMap:0.12666666666666668
