MStatusBar:0.5333333333333333
Query:0.5266666666666666
SearchBar:0.33
