InputHandler:0.28959215
PreGameController:0.2781351
UserConnectionHandler:0.22994392
