ToggleViewModeAction:0.55
FreeColMenuBar:0.49
CanvasKeyListener:0.3333333333333333
ActionManager:0.2833333333333333
