Building:0.5533333333333333
Ability:0.5055555555555556
BuildingType:0.3915
BuildQueue:0.25
BuildingPanel:0.23333333333333334
