TodoEditor:0.13087052
TodoEditorCore:0.044729043
