PluginManager:0.43333333333333335
PluginInfo:0.38
PluginSettings:0.2733333333333333
Args:0.25
PluginRenderer:0.22
Main:0.11
