Canvas:0.08403793
GUI:0.05185992
