Input:0.8333333333333334
MountPanel:0.29
MIconChooser:0.2733333333333333
DesktopSettings:0.23333333333333334
BlobEditor:0.16777777777777778
