Result:0.5733333333333334
RowSetNavigator:0.43333333333333335
RowSetNavigatorClient:0.2866666666666667
JDBCPreparedStatement:0.24
Server:0.23666666666666666
JDBCCallableStatement:0.21
WebServerConnection:0.1522222222222222
Servlet:0.12888888888888891
