Topic:0.5333333333333333
DatabaseHandler:0.48333333333333334
PersistencyHandler:0.47333333333333333
AdminController:0.32666666666666666
