MTogglePanel:0.49555555555555564
MSlider:0.4666666666666667
TextEditorDesigner:0.32
NumberControlPanel:0.1577777777777778
