IndianSettlement:0.8466666666666667
StandardAIPlayer:0.36
IndianSettlementTest:0.11666666666666667
