MetaRegister:0.4595943
MetaServer:0.258822
