ServerListTableModel:0.08927707
FreeColPanel:0.02069993
