TodoEditorCore:0.0444659
Task:0.037436172
