StatementDML:0.5366666666666666
StatementInsert:0.3566666666666667
StatementCompound:0.3333333333333333
StatementSet:0.23666666666666666
