Unit:0.63
UnitType:0.49333333333333335
ServerUnit:0.29333333333333333
InGameController:0.25333333333333335
