Widget:0.6833333333333333
DeskletWidgetContainer:0.39666666666666667
CalendarDesklet:0.37666666666666665
