Result:0.04863184
DatabaseManager:0.04155766
Session:0.03214996
DatabaseURL:0.026500158
ResultConstants:0.015504737
HsqlException:0.0058393446
