Server:0.13708508
WebServer:0.102265015
Result:0.08661523
DatabaseManager:0.040344562
Trace:0.039429177
Session:0.034977466
ResultConstants:0.024866397
ServerConstants:0.024026081
HsqlException:0.005222054
