IndianSettlement:0.5766666666666667
InGameInputHandler:0.33
MapGenerator:0.2966666666666667
GUI:0.2833333333333333
