Expression:0.41405037
RangeVariable:0.22053452
ColumnSchema:0.11063733
Session:0.017866604
OpTypes:0.012380266
