QueryHandler:0.7933333333333333
AnsiQueryHandler:0.66
ItemsServlet:0.43333333333333335
DataHandler:0.3000833333333333
AnsiDataHandler:0.15333333333333332
DB2QueryHandler:0.06333333333333334
OracleQueryHandler:0.06333333333333334
DB2400QueryHandler:0.056666666666666664
