Flags:0.48
Tester:0.3466666666666667
TestFlags:0.31333333333333335
