ZaurusDatabaseManager:0.56905454
Transfer:0.18214247
DatabaseManagerCommon:0.12434469
Tree:0.080848366
ConnectionDialog:0.07204601
Grid:0.06761948
CSVWriter:0.022728885
