Transfer:0.20281044
TransferTable:0.08993821
TransferDb:0.07121586
DataAccessPoint:0.061518732
Traceable:0.0015148325
