StreamUtil:0.6105555555555556
StaticUtils:0.5766666666666667
RealProject:0.48
Sorter:0.38
