UI:0.77
FSProperties:0.5433333333333334
VersionPanel:0.5166666666666667
VersionDialog:0.29333333333333333
MButton:0.25333333333333335
PropertiesPanel:0.24916666666666668
PropertiesBar:0.14444444444444446
