GUI:0.7166666666666667
GotoAction:0.265
CanvasMouseListener:0.24333333333333335
InGameMenuBar:0.22
ActionManager:0.21833333333333332
CanvasMapEditorMouseListener:0.19666666666666666
CanvasKeyListener:0.16
CanvasMouseMotionListener:0.15
