Cache:0.45
SimpleLog:0.35333333333333333
ScaledRAFileNIO:0.31666666666666665
ScriptWriterBase:0.29777777777777775
JDBCPreparedStatement:0.27666666666666667
RowAction:0.25
Logger:0.24666666666666667
DataFileCache:0.19666666666666666
StatementSchema:0.17
ScriptRunner:0.11
