ModeCatalogHandler:0.32648653
jEdit:0.19868566
EditingOptionPane:0.19024473
Buffer:0.16461045
MiscUtilities:0.060662437
Abbrevs:0.055218615
Log:0.04340429
StatusBar:0.036308046
RE:0.030086769
BufferOptions:0.028534867
TokenMarker:0.024700733
AbbrevsOptionPane:0.024484197
AddAbbrevDialog:0.016260479
REException:0.00860581
