Net:0.10052645
MMessage:0.046044145
MDialog:0.031149913
FS:0.030812925
MLabeledTextField:0.028695494
FileCache:0.027439613
UI:0.018615957
MTextLabel:0.015672375
MPanel:0.015614283
MFormat:0.010318635
MLabel:0.0062496536
MProgressBar:0.0037836651
