AppearanceOptionPane:0.09780189
FontSelectorDialog:0.091645904
QuickNotepadOptionPane:0.08595405
PrintOptionPane:0.056280304
jEdit:0.05230592
GutterOptionPane:0.037369013
TextAreaOptionPane:0.034020144
GUIUtilities:0.032865543
