MainWindow:0.47333333333333333
MToolBar:0.42333333333333334
Index:0.22666666666666666
SDK:0.20777777777777778
ToggleDesktopAction:0.16777777777777778
MToggleButton:0.13
