InGameController:0.6216666666666667
Canvas:0.6133333333333333
ReportTurnPanel:0.2966666666666667
