AbstractFS:0.5133333333333333
Model:0.44399999999999995
MainWindow:0.30666666666666664
ProxyPanel:0.21666666666666667
TreeFS:0.21
ImportExport:0.20583333333333334
