MList:0.5916666666666667
MButton:0.505
MRadioButton:0.37333333333333335
