QueryHandler:0.6247222222222223
LogItem:0.39
AnsiDataHandler:0.39
AnsiQueryHandler:0.3466666666666667
RecentChange:0.31666666666666665
DatabaseUpgrades:0.17666666666666667
