Tile:0.67
TileImprovement:0.37333333333333335
TileItemContainer:0.3333333333333333
ColonyTile:0.27666666666666667
