VFSBrowser:0.7433333333333333
CommandsMenuButton:0.24
BrowserView:0.20333333333333334
FavoritesMenuButton:0.2
PluginsMenuButton:0.2
VFSFileChooserDialog:0.18666666666666668
