ServerPlayer:0.6466666666666666
ChangeSet:0.33666666666666667
ContactTest:0.26666666666666666
StanceChange:0.21333333333333335
PreGameController:0.14
