ColopediaPanel:0.58
Canvas:0.53
UnitLabel:0.21133333333333335
TilePanel:0.19333333333333336
DragListener:0.13333333333333333
