QueryHandler:0.7737698412698413
AnsiQueryHandler:0.5066666666666667
AnsiDataHandler:0.2966666666666667
