Stuff:0.6133333333333333
GHNSDialog:0.47333333333333333
PluginManager:0.43
PluginDownloader:0.21
