NameSpace:0.3466666666666667
GUIUtilities:0.33
Name:0.28
View:0.27666666666666667
Remove:0.23444444444444448
VFSBrowser:0.20666666666666667
Roster:0.17666666666666667
SearchBar:0.16
CommandPathEntry:0.14583333333333334
