GUI:0.6533333333333333
ActionManager:0.30666666666666664
ChatAction:0.26
EndTurnAction:0.26
CanvasKeyListener:0.14
FreeColMenuBar:0.12
