jEdit:0.6633333333333333
View:0.5166666666666667
GUIUtilities:0.49666666666666665
Chunk:0.235
RecentFilesMenu:0.14666666666666667
RecentDirectoriesMenu:0.14666666666666667
DirectoryMenu:0.14666666666666667
EnhancedMenu:0.14333333333333334
MarkersMenu:0.11
MacrosMenu:0.08
