ParseEntry:0.64
LoadFilesCallback:0.44333333333333336
TranslateEntry:0.33666666666666667
