WikiPageInfo:0.6422222222222222
DatabaseUpgrades:0.3977777777777778
UpgradeServlet:0.32
JAMWikiServlet:0.25
