UI:0.8966666666666666
MSettingsDialog:0.4266666666666667
MFrame:0.3611111111111111
