RowStoreAVL:0.54
RowAction:0.41
Log:0.3566666666666667
BitMap:0.31
FileUtil:0.31
RowStoreAVLHybrid:0.26
HsqlProperties:0.25888888888888884
RowStoreAVLHybridExtended:0.22
TransactionManagerCommon:0.21666666666666667
RowStoreAVLDisk:0.21333333333333335
DataFileCache:0.1975
RowStoreAVLMemory:0.15333333333333332
RowStoreAVLDiskData:0.15333333333333332
