DatabaseInformationMain:0.1854749
UserManager:0.1841531
Table:0.1739329
Database:0.15887797
User:0.10858642
DIProcedureInfo:0.10813911
TriggerDef:0.10026765
Session:0.08339317
HsqlNameManager:0.06628338
Types:0.062862776
Trace:0.05984129
DatabaseObjectNames:0.04717792
Index:0.043781716
SessionManager:0.03564435
Trigger:0.022797342
HsqlException:0.016201591
NumberSequence:0.013643516
