TextAreaPainter:0.45666666666666667
TextUtilities:0.4266666666666667
GUIUtilities:0.35333333333333333
BufferPrintable:0.32
Chunk:0.23416666666666666
KeyHandler:0.1
PrintOptionPane:0.07
PrintTabExpander:0.023333333333333334
