ImageEditorCore:0.36833333333333335
MGraphics:0.32
MWhatsThis:0.29
ChartView:0.25333333333333335
