InGameInputHandler:0.6633333333333333
MapGeneratorOptionsDialog:0.3333333333333333
