TagsEditor:0.6
ImportExport:0.32
PropertiesPanel:0.26666666666666666
NewFolderDialog:0.21666666666666667
NewFileDialog:0.19
