Buffer:0.56
JEditTextArea:0.37
FoldVisibilityManager:0.25833333333333336
TextAreaPainter:0.23666666666666666
ChunkCache:0.19666666666666666
