MApplication:0.08268148
FS:0.079314746
TK:0.07754193
MLogger:0.0659866
UI:0.05897044
Config:0.05235522
MMainWindow:0.04952972
MAboutDialog:0.04174956
Gettext:0.04150609
MDataTransfer:0.038842987
MProcess:0.03094809
Args:0.029086797
MText:0.028026689
MMessage:0.026618684
MTip:0.02636475
Property:0.02352575
MAction:0.021410791
StringList:0.0133273285
PropertyAccess:0.0132975755
MSystemTray:0.012209047
ImageSelection:0.01209261
MFrame:0.009830609
MLoginPanel:0.008934385
StringProperty:0.007898244
