Log:0.09590822
Preferences:0.078489505
TMXWriter:0.072456986
StaticUtils:0.07137493
TMXReader:0.057045974
ProjectFileStorage:0.036152534
OConsts:0.031830482
LFileCopy:0.025244165
TMXWriter2:0.024620445
VarExpansion:0.021821884
