FreeColDialog:0.07921957
FreeColPanel:0.05180385
