IndianSettlementPanel:0.1791555
FreeColDialog:0.16762057
FreeColPanel:0.099253304
