FreeColDialog:0.10895901
FreeColPanel:0.045978695
