FreeColDialog:0.28955123
FreeColPanel:0.17614524
