FreeColDialog:0.1611708
FreeColPanel:0.06513417
