ColopediaPanel:0.18775278
FreeColDialog:0.16063997
