Utilities:0.71
JFlexParser:0.4866666666666667
JAMWikiServlet:0.33666666666666667
TemplateTag:0.17333333333333334
