Player:0.8866666666666667
InGameController:0.4266666666666667
DeclareIndependenceMessage:0.23
