BaseHashMap:0.12595253
ValuePoolHashMap:0.091522284
