Unit:0.73
ServerPlayer:0.5566666666666666
InGameControllerTest:0.2728888888888889
SimpleCombatModel:0.22666666666666666
TransportMissionTest:0.17333333333333334
