PersistentStore:0.49638888888888894
Node:0.38
Index:0.34
NumberSequence:0.32
TableBase:0.32
ArrayUtil:0.2966666666666667
Table:0.29
Row:0.24766666666666665
Constraint:0.24666666666666667
RowStoreText:0.21
RowStoreHybrid:0.2
TextCache:0.19666666666666666
RowStoreCached:0.18666666666666668
RowStoreMemory:0.17
