jEdit:0.58
View:0.49
PluginJAR:0.275
Rect:0.2733333333333333
SearchAndReplace:0.23
OptionsDialog:0.16333333333333333
ActionTextField:0.12333333333333334
TextAreaDialog:0.10666666666666667
MyFocusManager:0.09666666666666666
BeanShellErrorDialog:0.016666666666666666
