EuropeanAIPlayer:0.3
IndianAIPlayer:0.28
NewAIPlayer:0.23333333333333334
REFAIPlayer:0.20666666666666667
ColonialAIPlayer:0.2
