ClientOptions:0.06269743
Worker:0.0033141563
