VideoListener:0.11722649
Video:0.0093998825
