MapControls:0.085351706
CornerMapControls:0.07196983
ClassicMapControls:0.05402896
MiniMap:0.02459531
