CreateMissionAtSettlementGoal:0.60812074
Goal:0.37718746
GoalConstants:0.0023820226
