Core:0.55
MainWindowMenuHandler:0.38
GlossaryTextArea:0.2833333333333333
DefaultPopup:0.11666666666666667
IGlossaries:0.09916666666666667
TestCoreInitializer:0.08666666666666667
GlossaryAutoCompleterViewTest:0.08333333333333333
