MUndoManager:0.58
MText:0.4166666666666667
ImageEditor:0.3433333333333333
TodoEditor:0.27
Console:0.23
