MWhatsThis:0.21105161
MActionInfo:0.18008937
TK:0.14100046
MButton:0.12213513
MDialog:0.1208417
MMenu:0.115686655
ActionGroup:0.098040484
MText:0.09388618
MApplication:0.082854256
MURLButton:0.078463376
MUndoManager:0.07840173
MNotification:0.0681678
MMessage:0.06598933
UI:0.0590728
MMenuItem:0.058521483
MIcon:0.054345295
MInternalFrame:0.054343857
MTip:0.053097352
MSmallColorChooser:0.05204141
MTogglePanel:0.048261702
MToolBar:0.047919646
MDataAction:0.041776042
MCalendarPanel:0.03979462
MFontChooser:0.03858886
MMouseAdapter:0.037580866
MScrollPane:0.03452658
MSystemTray:0.033476975
MTree:0.032795984
AbstractSpinner:0.032676555
MURLAction:0.03251796
MouseGestures:0.030237494
MColorChooser:0.029116573
MDateSpinner:0.027659576
HistoryManager:0.026374327
ColumnManager:0.025786458
MSmallButton:0.02524199
MSwingWorker:0.02367195
MWebBrowserPanel:0.02266054
OS:0.019611573
PropertyAccess:0.014410474
MSlider:0.014181953
MainView:0.009740047
