TaskModel:0.08451947
DateTimeEditor:0.040672075
CompleteEditor:0.03403424
Column:0.03213782
Task:0.029960005
TaskSelection:0.028647982
CompleteRenderer:0.026657665
SummaryEditor:0.02581999
DateTimeRenderer:0.023456657
Sorter:0.022306921
SummaryRenderer:0.0210911
Filter:0.019005515
PriorityRenderer:0.016428702
Priority:0.015241876
PriorityEditor:0.010831048
