InGameController:0.5366666666666666
SellGoodsMessage:0.5266666666666666
Mission:0.45
InGameInputHandler:0.2733333333333333
