TextFilter:0.31333333333333335
MozillaDTDFilter:0.27
StarDictDict:0.26
ScriptItem:0.25
WikiGet:0.25
PoFilter:0.2275
TMXWriter2:0.20666666666666667
MozillaLangFilter:0.2
XMLWriter:0.19416666666666665
OConsts:0.17
INIFilter:0.16333333333333333
OmegaTFileHandler:0.16333333333333333
Statistics:0.13
OpenDocXMLFilter:0.13
GlossaryReaderTSV:0.13
OpenXMLXMLFilter:0.13
GlossaryReaderCSV:0.11
XMLReader:0.1
