ImageEditor:0.44333333333333336
ImageEditorCore:0.37666666666666665
TodoEditor:0.27666666666666667
TaskTable:0.27
