jEdit:0.7966666666666666
RootsEntry:0.37666666666666665
FileCellRenderer:0.23666666666666666
