GUI:0.73
ViewMode:0.26666666666666666
InfoPanel:0.19666666666666666
MapControls:0.19333333333333333
TileInfoPanel:0.04666666666666667
