MiscUtilities:0.73
jEdit:0.7266666666666667
HelpIndex:0.2
HelpTOCPanel:0.19333333333333333
