Player:0.49333333333333335
Tile:0.37333333333333335
Colony:0.3473333333333333
Modifier:0.32666666666666666
FoundingFather:0.2833333333333333
InGameController:0.2325
GUI:0.22666666666666666
