jEdit:0.6433333333333333
GUIUtilities:0.57
RolloverButton:0.45
HyperSearchResults:0.20333333333333334
ExpansionToggleBorder:0.19
PanelWindowContainer:0.18
AbbrevsOptionPane:0.17333333333333334
FloatingWindowContainer:0.16333333333333333
ToolBarOptionPane:0.14166666666666666
PluginsMenuButton:0.14
CommandsMenuButton:0.13
FavoritesMenuButton:0.12333333333333334
HistoryButton:0.11
SaveButton:0.1
ChoosePluginSet:0.1
RestoreButton:0.08
ClearPluginSet:0.08
MouseOverHandler:0.07666666666666666
AppearanceOptionPane:0.06361111111111112
IconTheme:0.06
