FreeColServer:0.5616666666666666
MapGenerator:0.4277777777777778
WishRealizationMission:0.31166666666666665
