Building:0.79
AIPlayer:0.30666666666666664
ColonyPlan:0.25666666666666665
BuildingTest:0.25333333333333335
