Canvas:0.6866666666666666
FreeColClient:0.36666666666666664
ClientOptionsDialog:0.24
PreGameController:0.23666666666666666
MapEditorController:0.22666666666666666
