AboutAction:0.40027777777777773
DefaultMDIApplication:0.38333333333333336
DefaultSDIApplication:0.3466666666666667
