PropertyPanel:0.19886214
SimpleForm:0.03472445
