Tree:0.2575438
TreePanel:0.15527913
