ColumnSchema:0.37667412
SchemaObject:0.11419904
ParserDDL:0.077613056
QueryExpression:0.06935508
ExpressionColumn:0.060489826
StatementDMQL:0.055015277
ParserRoutine:0.05408724
Routine:0.052423846
QuerySpecification:0.04746368
Table:0.045039564
StatementSchema:0.043824848
TableWorks:0.03289703
ParserDML:0.022561904
StatementProcedure:0.021415435
StatementCompound:0.014476165
