MRenderer:0.089722976
MTreeItem:0.08423586
MCellTip:0.08268545
MTreeModel:0.05491009
MMenu:0.05388991
MScrollPane:0.04989488
MMouseAdapter:0.04564716
MTreeScanner:0.04148623
MAction:0.03948172
TK:0.03650217
UI:0.03464024
MArrayList:0.016157808
Property:0.013795732
AbstractScanner:0.0048085777
BooleanProperty:0.0032582525
