MetaInfoComparator:0.6736111111111112
FSHelper:0.5
SortComparator:0.21666666666666667
ByPathFilesFirst:0.10333333333333333
ByRating:0.10333333333333333
