PluginInfo:0.17182714
AbstractPlugin:0.1551368
ScriptPlugin:0.14938162
Pluggable:0.14135797
PluginException:0.10768855
PluginComboBox:0.059852455
PluginList:0.056668274
