MetaInfo:0.5866666666666667
AbstractFS:0.4066666666666667
FSHelper:0.32666666666666666
LinkMetaInfo:0.2633333333333333
TreeFS:0.26
FeedsFS:0.26
TrashFS:0.22666666666666666
