MainWindow:0.07829786
Vars:0.062893584
Tabs:0.04140944
Boot:0.020442523
