OConsts:0.5405555555555556
TMXReader2:0.44388888888888883
RealProject:0.44
