GUI:0.7866666666666666
ConnectController:0.36
DebugMenu:0.3011111111111111
MapEditorController:0.19
NewPanel:0.17444444444444446
