MCellTip:0.03712253
MouseGestures:0.03441835
UI:0.027583616
MApplication:0.025748031
MWhatsThis:0.022716114
MMainWindow:0.019157698
Config:0.010974841
MSystemTray:0.0071654897
