JEditTextArea:0.4766666666666667
TextUtilities:0.4633333333333333
OffsetManager:0.2833333333333333
TextAreaPainter:0.19
BufferPrintable:0.12333333333333334
MyFocusManager:0.1
