RAFile:0.48
DataFileCache:0.37333333333333335
RAFileNIO:0.33
RAFileSimple:0.31333333333333335
RAFileHybrid:0.21222222222222223
RAShadowFile:0.18555555555555558
EventLogInterface:0.13666666666666666
DataFileCacheSession:0.12333333333333334
LobStoreRAFile:0.12
