Preferences:0.5811111111111111
FindMatchesThread:0.2733333333333333
MatchesTextArea:0.27
TMXReader2:0.24666666666666667
ExternalTMX:0.16722222222222222
TMXEntry:0.16666666666666666
ParsedTu:0.1501111111111111
NearString:0.14333333333333334
ExternalTMXMatchesDialog:0.12666666666666668
MatchesVarExpansion:0.08333333333333333
VarExpansion:0.04
