Servlet:0.706111111111111
Tokens:0.5466666666666666
