MapViewer:0.7066666666666667
InGameInputHandler:0.32
FreeColClient:0.28
PreGameController:0.2519444444444444
