Property:0.6666666666666666
SecureProperty:0.5066666666666667
TestProperty:0.365
TestSecureProperty:0.2633333333333333
