EditCommentTag:0.29333333333333333
JFlexLexer:0.27555555555555555
JFlexParser:0.27
ParserUtil:0.25
TestFileUtil:0.23038888888888892
ParserTest:0.22
AbstractParser:0.203984126984127
WikiLinkTag:0.13
EditSectionTag:0.043333333333333335
