WikiUtil:0.74
ServletUtil:0.46
EditServlet:0.23
HistoryServlet:0.14666666666666667
PrintableServlet:0.14666666666666667
TopicServlet:0.14
