JDBCDatabaseMetaData:0.6016666666666667
Util:0.37666666666666665
JDBCConnection:0.32666666666666666
