DatabaseInformationMain:0.18548681
UserManager:0.18417232
Table:0.17394726
Database:0.15888497
User:0.10859519
DIProcedureInfo:0.10814624
TriggerDef:0.10027792
Session:0.083406806
HsqlNameManager:0.06628956
Types:0.0628733
Trace:0.05985212
DatabaseObjectNames:0.04719013
Index:0.04379195
SessionManager:0.03564671
Trigger:0.022804277
HsqlException:0.01620526
NumberSequence:0.0136444485
