SessionManager:0.08751508
Database:0.0606394
Log:0.06001789
Session:0.050214667
Trace:0.049194463
Result:0.03527665
ResultConstants:0.010631078
HsqlException:0.005410378
