ScriptReaderZipped:0.28995857
ScriptReaderText:0.24904335
ScriptReaderBinary:0.16295734
ScriptWriterBase:0.13488372
