JEditTextArea:0.65
ChunkCache:0.5597777777777778
VFSFileChooserDialog:0.3663888888888889
