MText:0.47
Feed:0.395
ScriptError:0.31333333333333335
Console:0.30333333333333334
FeedUtils:0.20666666666666667
