MPanel:0.7866666666666666
MLabeledTextField:0.20388888888888887
MCalendar:0.19666666666666666
LinkEditor:0.19666666666666666
EditorQuickFind:0.19555555555555554
ToggleButton:0.18
NewFolderDialog:0.13666666666666666
ItemWrapper:0.10666666666666667
