MDialog:0.6666666666666666
Validator:0.5033333333333333
ValidatorMessage:0.33666666666666667
