Editor:0.6333333333333333
ImageEditorCore:0.3233333333333333
Tabs:0.23555555555555557
TodoEditor:0.23
LinkEditor:0.22
TextEditor:0.21555555555555558
ImageEditor:0.205
