InGameController:0.53
StanceChange:0.34
ModelController:0.3364285714285714
MockModelController:0.3352222222222222
ClientModelController:0.32466666666666666
ServerModelController:0.2525
InGameInputHandler:0.21
