AnsiDataHandler:0.6266666666666667
DatabaseConnection:0.4111111111111111
AnsiQueryHandler:0.41
