Player:0.4633333333333333
ModelMessage:0.395
GoodsContainer:0.38333333333333336
Unit:0.36
Europe:0.3466666666666667
Colony:0.32666666666666666
Building:0.24666666666666667
ClientOptions:0.24666666666666667
IndianSettlement:0.24333333333333335
InGameController:0.23
InGameInputHandler:0.21
