AbstractOptionPane:0.0904035
DockableWindowManager:0.034341823
GUIUtilities:0.02421642
VariableGridLayout:0.01588459
WindowTableModel:0.010366759
jEdit:0.0076555456
GlobalOptions:0.0060321307
