VFS:0.14099899
FileVFS:0.08614329
jEdit:0.08468761
MiscUtilities:0.078219436
Buffer:0.07728586
WorkThreadPool:0.07128103
VFSBrowser:0.066165395
GUIUtilities:0.053933084
VFSUpdate:0.04774418
BeanShell:0.046752762
BufferIORequest:0.045434527
UrlVFS:0.04437245
FavoritesVFS:0.043854013
Log:0.037399147
SearchAndReplace:0.036831316
EditBus:0.03682651
BrowserIORequest:0.03642358
FileRootsVFS:0.035637084
BrowserView:0.03456622
VFSFileChooserDialog:0.02864661
StatusBar:0.02851168
EditPane:0.028133621
HyperSearchResults:0.02313186
HelpIndex:0.022053717
DirectoryListSet:0.021306012
ErrorListDialog:0.02080682
CloseDialog:0.018975882
OperatingSystem:0.01855932
IOProgressMonitor:0.017869178
SearchDialog:0.01626256
BrowserCommandsMenu:0.013531428
RecentFilesMenu:0.013426294
HyperSearchRequest:0.011621272
RecentDirectoriesMenu:0.009951239
HelpSearchPanel:0.009173396
BufferPrinter1_4:0.0077518965
BufferPrinter1_3:0.0032518983
