Session:0.6
DatabaseCommandInterpreter:0.37333333333333335
BaseHashMap:0.2966666666666667
HashMappedList:0.2536111111111111
jdbcPreparedStatement:0.21472222222222223
jdbcConnection:0.20776190476190476
HSQLClientConnection:0.20666666666666667
ValuePoolHashMap:0.16666666666666666
SessionInterface:0.15833333333333333
jdbcSavepoint:0.14
