TextCreationTool:0.89992136
TextAreaEditingTool:0.75747305
TextAreaCreationTool:0.682836
AbstractTool:0.05149777
