Game:0.5066666666666667
Tile:0.39
Player:0.37666666666666665
Colony:0.3233333333333333
Map:0.3233333333333333
Connection:0.31833333333333336
FreeColGameObject:0.2966666666666667
ReceivingThread:0.29333333333333333
InGameInputHandler:0.24666666666666667
ColonyPanel:0.20666666666666667
FreeColClient:0.19
MapGenerator:0.18666666666666668
ConnectController:0.16666666666666666
FreeColServer:0.15333333333333332
ServerUnit:0.14666666666666667
