GUI:0.7966666666666666
TilePanel:0.20333333333333334
TileInfoPanel:0.11666666666666667
WorkProductionPanel:0.08666666666666667
