Main:0.7944444444444445
VersionDialog:0.40783333333333327
