Result:0.5466666666666666
JDBCPreparedStatement:0.4633333333333333
TestLobs:0.31
CharArrayWriter:0.2538888888888889
ResultLob:0.23666666666666666
HsqlByteArrayOutputStream:0.2361111111111111
ErrorCode:0.12883333333333333
