ExpressionColumn:0.20571823
Table:0.12870759
ColumnBase:0.1278862
TableWorks:0.11699398
SchemaManager:0.115184434
NumberSequence:0.11396006
ParserDDL:0.111969665
Expression:0.10862396
SchemaObject:0.10849959
Constraint:0.10825185
Routine:0.10577592
TableUtil:0.09610458
RangeVariableJoined:0.09454503
StatementSchema:0.0927016
QuerySpecification:0.08585746
ExpressionColumnAccessor:0.08263538
StatementDMQL:0.08243283
RangeVariable:0.08114204
QueryExpression:0.080010384
ExpressionLogical:0.07451599
SchemaObjectSet:0.0728479
ParserRoutine:0.067576304
Token:0.06232651
ExpressionAccessor:0.062003225
StatementCompound:0.061232746
FunctionSQLInvoked:0.06051692
StatementDML:0.060147185
ParserDQL:0.059770476
ParserDML:0.059368897
StatementSet:0.054619472
ParserCommand:0.04174266
SortAndSlice:0.035260282
TableDerived:0.032789778
Session:0.031707652
StatementProcedure:0.030245962
StatementSession:0.02830641
RangeVariableResolver:0.017247625
SessionContext:0.012612725
Tokens:0.0
