IntervalType:0.32867342
TimestampData:0.18882391
Type:0.1830995
DTIType:0.15405154
TimeData:0.14978406
IntervalSecondData:0.14187217
NumberType:0.12459359
IntervalMonthData:0.081128545
Types:0.06634394
