ExpressionOp:0.67912686
ExpressionLogical:0.6469787
Expression:0.46535456
FunctionCustom:0.26676133
OpTypes:0.044013496
ParserDQL:0.031577453
Database:0.015750224
Session:0.011797647
SessionContext:0.0066048102
RangeGroup:0.001033014
Tokens:0.0
