FunctionSQL:0.49677444
ExpressionArithmetic:0.341884
ExpressionOp:0.30448416
ExpressionLogical:0.23213397
ExpressionValue:0.18525633
Expression:0.17732306
ExpressionColumn:0.15316255
ParserDQL:0.08922719
SortAndSlice:0.068451725
HsqlDateTime:0.05824763
Session:0.058004715
Database:0.032678593
SessionInterface:0.031046636
SessionData:0.027399596
SessionContext:0.026727032
HsqlException:0.017596418
TransactionManager:0.012298
OpTypes:0.008548957
Tokens:0.0
