RowAVLDiskLarge:0.37205702
RowAVL:0.3230621
Row:0.14071745
RowDiskDataChange:0.13591218
TableBase:0.04042393
