RowStoreAVLDisk:0.40794805
RowStoreAVLHybrid:0.38106588
PersistentStore:0.34785962
RowStoreAVLHybridExtended:0.30979723
RowStoreAVLMemory:0.20906572
RowStoreAVLDiskData:0.20103498
DataFileCache:0.06871002
CachedObject:0.040270433
TableSpaceManager:0.016852638
PersistentStoreCollection:0.0073295585
