Gutter:0.30528685
TextAreaExtension:0.1653547
ChunkCache:0.12852708
ExtensionManager:0.124049775
JEditTextArea:0.109134026
Chunk:0.08128342
EditPane:0.07857077
StatusBar:0.06450855
Buffer:0.058886126
CompleteWord:0.04547488
FoldVisibilityManager:0.039551917
Selection:0.033981834
SyntaxStyle:0.015155503
Log:0.010996534
Token:0.006070515
