IEditor:0.08418636
EditorTextArea3:0.06926523
SegmentBuilder:0.050305627
MarkerController:0.046751883
EditorPopups:0.037133563
SegmentExportImport:0.025488703
Document3:0.022908358
DocumentFilter3:0.018440567
EditorSettings:0.017146606
EditorUtils:0.016485129
TranslationUndoManager:0.015239577
IPopupMenuConstructor:0.007596621
SegmentHistory:0.007460928
ViewLabel:0.005600416
