UI:0.5666666666666667
FS:0.45
MIcon:0.44333333333333336
MMessage:0.37666666666666665
Title:0.30666666666666664
MColorIcon:0.21666666666666667
MFileChooser:0.21333333333333335
MNotification:0.21333333333333335
CoolHeader:0.21333333333333335
MRating:0.20333333333333334
MStatusBar:0.2
MAbout:0.19
MSmallButton:0.18444444444444444
Net:0.18333333333333332
BackgroundTaskManager:0.17
MThrobber:0.14
MDesktopPane:0.07666666666666666
DefaultIconLoader:0.07333333333333333
Cache:0.043333333333333335
