AbstractMarkupBuilder:0.12434345
ColorProperty:0.01297494
MHTMLViewer:0.012882627
