MMessage:0.76
MFileChooser:0.504
BackupDialog:0.3466666666666667
ImportExport:0.20666666666666667
