ChunkCache:0.4533333333333333
JEditTextArea:0.44666666666666666
FirstLine:0.31333333333333335
OffsetManager:0.28
