UI:0.9533333333333334
MNotification:0.2866666666666667
