ColorProperty:0.6166666666666667
Config:0.5122222222222222
AbstractTest:0.24
