Specification:0.66
Game:0.41333333333333333
OptionGroup:0.41333333333333333
DifficultyDialog:0.2833333333333333
ConnectController:0.21
FreeColGameObjectType:0.2080952380952381
FreeColServer:0.20666666666666667
MapGenerator:0.20333333333333334
TileType:0.20333333333333334
EuropeanNationType:0.19666666666666666
SerializationTest:0.18333333333333332
NewPanel:0.13666666666666666
OptionReader:0.11083333333333334
