Unit:0.48333333333333334
Player:0.47333333333333333
IndianSettlement:0.4066666666666667
Colony:0.4
InGameController:0.38333333333333336
Settlement:0.26666666666666666
SimpleCombatModel:0.17
UnitTradeItem:0.12333333333333334
