Specification:0.42333333333333334
GoodsType:0.36333333333333334
EquipmentType:0.35333333333333333
ResourceType:0.3433333333333333
Nation:0.31333333333333335
BuildingType:0.25
BuildableType:0.24666666666666667
FoundingFather:0.24333333333333335
DifficultyLevel:0.23333333333333334
FreeColGameObjectType:0.22337301587301586
UnitType:0.22
TileType:0.21
ImprovementActionType:0.19305555555555554
LostCityRumour:0.0
