Canvas:0.5533333333333333
MonarchPanel:0.51
InGameInputHandler:0.36666666666666664
ShowMonarchPanelSwingTask:0.08666666666666667
