Preferences:0.6386666666666666
OConsts:0.560484126984127
ProjectProperties:0.44333333333333336
RealProject:0.2866666666666667
ProjectPropertiesDialog:0.2833333333333333
