MText:0.13952954
MTextField:0.124667615
MPanel:0.09133122
MMessage:0.05231198
MDownloadDialog:0.04259039
MColorChooser:0.041737527
MLabel:0.03249741
MAuthenticator:0.029454537
Size:0.0016309409
