VFSBrowser:0.12424801
FileCellRenderer:0.11356674
VFSFileChooserDialog:0.06423435
VFS:0.06303356
FavoritesVFS:0.05977105
BrowserIORequest:0.05733513
FileRootsVFS:0.04285704
GUIUtilities:0.039981373
View:0.036444604
BrowserCommandsMenu:0.030885743
MiscUtilities:0.0296742
jEdit:0.029662628
Buffer:0.028767608
VFSManager:0.025906228
OperatingSystem:0.0037947658
