BrowserView:0.1888625
VFS:0.16564758
VFSFileChooserDialog:0.14810938
BrowserCommandsMenu:0.1477118
GUIUtilities:0.12931602
jEdit:0.12638281
SearchDialog:0.11208996
Buffer:0.11158342
VFSManager:0.1089331
FavoritesVFS:0.09767881
MiscUtilities:0.091723345
View:0.08149559
ToolBarEditDialog:0.08019914
HistoryTextField:0.06887156
BrowserIORequest:0.06858625
DirectoryMenu:0.0681284
RecentDirectoriesMenu:0.06785149
FileRootsVFS:0.06677874
EditPane:0.061409052
PluginManager:0.050518233
DockableWindowManager:0.04943575
FileCellRenderer:0.043541625
BrowserListener:0.04308169
SearchAndReplace:0.038400847
HistoryModel:0.034396846
VFSUpdate:0.032397468
DirectoryListSet:0.030578729
EditBus:0.029088933
BufferUpdate:0.025360791
Log:0.025215529
RolloverButton:0.015145549
EBMessage:0.012325734
OperatingSystem:0.011315477
EBComponent:0.01102949
RE:0.008436781
PropertiesChanged:0.007135629
