UI:0.6283333333333333
TasksSettings:0.3933333333333333
PluginClassLoader:0.375
