SqlTool:0.11197066
SqlToolError:0.018343875
