UI:0.6433333333333333
TK:0.5933333333333334
MApplication:0.25666666666666665
FeedsFS:0.22
MainWindow:0.22
Console:0.22
EditorQuickFind:0.21333333333333335
MText:0.21
Filters:0.20642857142857143
InternetSearchPlugin:0.20333333333333334
BackupDialog:0.20142857142857143
ScriptCommand:0.17
ImportFolderAction:0.12333333333333334
EditorCrypto:0.12333333333333334
SnippetAction:0.12
ImportMenu:0.09
