FileUtil:0.49666666666666665
MainWindow:0.4533333333333333
FileDropInfo:0.25666666666666665
CollisionCallback:0.23
ICollisionCallback:0.1706111111111111
FileCollisionDialog:0.07333333333333333
FileUtilTest:0.023333333333333334
