ArchiveItem:0.23009716
Archive:0.17556171
