Desktop:0.5888888888888889
AbstractPlugin:0.38
NoteWidgetPlugin:0.27666666666666667
