InGameController:0.69
InGameInputHandler:0.35333333333333333
InGameControllerTest:0.016666666666666666
