ProductionLabel:0.6433333333333333
ReportColonyPanel:0.32688888888888884
GoodsLabel:0.31333333333333335
