InGameController:0.88
InGameInputHandler:0.43333333333333335
UnitLabel:0.3044444444444444
DragListener:0.21333333333333335
