Server:0.5033333333333333
Session:0.36333333333333334
jdbcDatabaseMetaData:0.3566666666666667
Index:0.2833333333333333
jdbcDriver:0.27
DatabaseCommandInterpreter:0.25583333333333336
ServerConnection:0.22444444444444447
jdbcConnection:0.22
WebServerConnection:0.18666666666666668
StringUtil:0.17666666666666667
TestJDBCSavepoints:0.16333333333333333
ServerThread:0.09333333333333334
HsqlServerFactory:0.08
jdbcSavepoint:0.07666666666666666
StatusThread:0.0025
