Table:0.5466666666666666
Trace:0.4517777777777778
Database:0.43166666666666664
DatabaseCommandInterpreter:0.29333333333333333
DatabaseInformationFull:0.22666666666666666
HsqlDatabaseProperties:0.21666666666666667
StringUtil:0.07333333333333333
