Unit:0.6066666666666667
Player:0.4166666666666667
Map:0.38333333333333336
InGameController:0.26666666666666666
