Figure:0.7866666666666666
CompositeFigure:0.4033333333333333
AbstractFigure:0.36333333333333334
CompositeFigureCreationTool:0.20333333333333334
BouncingDrawing:0.18666666666666668
BorderDecorator:0.17666666666666667
UngroupCommand:0.15555555555555556
TextAreaFigure:0.15
NestedCreationTool:0.13
