Unit:0.7466666666666667
Specification:0.3433333333333333
InGameController:0.29
CombatModel:0.26666666666666666
SimpleCombatModel:0.22666666666666666
FreeColServer:0.21333333333333335
BaseCostDeciderTest:0.13666666666666666
