Transfer:0.070053875
DatabaseManagerCommon:0.059864316
ConnectionDialogSwing:0.042994175
GridSwing:0.023452628
TableSorter:0.02009979
CommonSwing:0.0018595284
