RowInputTextQuoted:0.33048192
RowInputBase:0.18728442
RowInputInterface:0.104327135
