InternetSearchPanel:0.6266666666666667
OpenSearchDescription:0.49666666666666665
InternetSearchPlugin:0.25333333333333335
CustomSearchAction:0.1511111111111111
