TradeItem:0.7633333333333333
GoodsTradeItem:0.2866666666666667
ColonyTradeItem:0.28
UnitTradeItem:0.28
