Mission:0.3128726
TransportMission:0.23989041
