jEdit:0.7266666666666667
View:0.6933333333333334
BufferChangeHandler:0.24
