Help:0.84
LicenseDialog:0.27666666666666667
LastChangesDialog:0.27666666666666667
