jEdit:0.72
ActionSet:0.30333333333333334
OffsetManager:0.29333333333333333
Macros:0.22666666666666666
FirstLine:0.2
Macro:0.17400000000000002
