WikiDatabase:0.48333333333333334
WikiBase:0.4633333333333333
SetupServlet:0.30333333333333334
AdminServlet:0.26
