Editor:0.5533333333333333
MText:0.36333333333333334
Tabs:0.31
ImageEditor:0.25666666666666665
MTextPane:0.23666666666666666
ScriptIDE:0.21666666666666667
TodoEditorCore:0.21333333333333335
NoteWidget:0.21
LinkEditor:0.20666666666666667
ImageEditorCore:0.20666666666666667
NotepadEditor:0.19666666666666666
NotepadEditorCore:0.18
EditorPreview:0.08333333333333333
Modifiable:0.03666666666666667
