PluginInfo:0.7366666666666667
PluginSettings:0.43333333333333335
Action:0.26
WidgetInternalFrame:0.25
