DefaultPreview:0.4166666666666667
BackgroundTaskManager:0.2833333333333333
DesktopPanel:0.28
ScriptError:0.26666666666666666
ProxyManager:0.15
