IndianSettlementPanel:0.060449425
FreeColPanel:0.059798628
FreeColDialog:0.045306288
