MTreeItem:0.5822222222222222
MHighlighter:0.38
StaticFocusHandler:0.3333333333333333
