FreeColServer:0.6233333333333333
IMapGenerator:0.40199999999999997
PreGameController:0.24333333333333335
MapGeneratorTest:0.23
SaveLoadTest:0.18666666666666668
MapEditorController:0.15333333333333332
AllTests:0.14333333333333334
FreeColTestCase:0.13
NewEmptyMapAction:0.12333333333333334
MissionAssignmentTest:0.03333333333333333
MockMapGenerator:0.013333333333333334
