Unit:0.6833333333333333
InGameController:0.39666666666666667
UnitTest:0.2866666666666667
TilePopup:0.15
