DateTimeType:0.4166666666666667
BinaryType:0.38333333333333336
TestUtil:0.36666666666666664
ParsedSection:0.26699999999999996
OtherType:0.24666666666666667
ResultSetOutputParsedSection:0.20666666666666667
