IProject:0.5666666666666667
TMXEntry:0.5366666666666666
Preferences:0.5033333333333333
ParsedTu:0.4995
Core:0.36
TMXWriter:0.2833333333333333
SearchExpression:0.23333333333333334
LoadFilesCallback:0.22333333333333333
EditorController:0.20666666666666667
SearchWindow:0.20333333333333334
Main:0.2
NotLoadedProject:0.18837301587301591
RealProject:0.18666666666666668
TMXReader2:0.17166666666666666
ExternalTMX:0.16333333333333333
TMXWriterTest:0.15166666666666667
Searcher:0.12333333333333334
TMXWriter2:0.11166666666666666
AlignFilesCallback:0.1075
Loader:0.08666666666666667
NotesTextArea:0.043333333333333335
Notes:0.043333333333333335
SearchThread:0.02
