RoutineSchema:0.22273932
ColumnSchema:0.20835882
Table:0.19724803
Routine:0.188419
Schema:0.18432479
SchemaManager:0.18387184
Constraint:0.18231143
TriggerDef:0.1691944
StatementSchema:0.15784527
StatementDMQL:0.15044324
SchemaObjectSet:0.14432994
NumberSequence:0.142593
TableWorks:0.13332511
View:0.12957022
ParserDDL:0.12517919
TriggerDefSQL:0.11880717
HsqlNameManager:0.110548854
ParserCommand:0.08960431
QueryExpression:0.08717139
StatementCommand:0.08516197
QuerySpecification:0.083404705
Expression:0.08324023
ParserRoutine:0.08207857
ExpressionColumn:0.080688775
StatementDML:0.07944226
StatementCompound:0.07828253
StatementSet:0.075370766
StatementProcedure:0.060962617
ParserDQL:0.05841244
Session:0.055352226
ParserDML:0.046567082
Token:0.044530712
ExpressionValue:0.028654454
ExpressionLogical:0.028227955
SortAndSlice:0.024470242
TypeInvariants:0.020532882
SqlInvariants:0.018432781
ColumnBase:0.01406152
