WebServer:0.23534101
ServerConfiguration:0.17158622
ServerProperties:0.14688008
HsqlServerFactory:0.09101953
ServerConnection:0.087138966
ServerConstants:0.08417029
WebServerConnection:0.080677964
ServerAcl:0.073667936
HsqlSocketFactory:0.043961298
HsqlSocketRequestHandler:0.010439862
