RangeVariableResolver:0.12691636
QuerySpecification:0.12068276
RangeVariable:0.10235875
Expression:0.08431892
QueryExpression:0.08372163
ExpressionColumn:0.080051966
Table:0.07680879
ParserDQL:0.06916221
ExpressionLogical:0.054781314
ExpressionOrderBy:0.04253165
ExpressionArrayAggregate:0.037118465
TableBase:0.032075334
ExpressionOp:0.03143514
FunctionCustom:0.022042654
SetFunction:0.015437614
Session:0.013779366
ColumnSchema:0.010784256
SchemaObject:0.0060895043
OpTypes:0.00463048
