IntervalType:0.33629385
DTIType:0.24362905
NumberType:0.22879428
DateTimeType:0.19354676
CharacterType:0.18103874
OtherType:0.17516382
BinaryType:0.17068578
BitType:0.16415548
RowType:0.16311494
ArrayType:0.1515222
IntervalMonthData:0.14839871
BooleanType:0.1470171
NullType:0.14676465
Types:0.14380047
IntervalSecondData:0.13062532
BlobType:0.124843255
ClobType:0.123100504
UserTypeModifier:0.109095156
Collation:0.047926974
Charset:0.036820933
BinaryData:0.034254532
