HsqlDatabaseProperties:0.4066666666666667
ArrayUtil:0.3933333333333333
Session:0.38666666666666666
Row:0.32666666666666666
RowOutputInterface:0.2833333333333333
NodeAVL:0.28
FunctionCustom:0.26666666666666666
DbBackup:0.26
CachedObject:0.24666666666666667
RowInputInterface:0.24666666666666667
RowInputBase:0.24666666666666667
QuerySpecification:0.23666666666666666
Logger:0.23
StatementCompound:0.21
StatementTypes:0.16
