Nation:0.6033333333333334
ResourceType:0.43
IndianNationType:0.36
EuropeanNationType:0.29333333333333333
