Game:0.17556499
FreeColGameObject:0.11377038
Player:0.109950855
Unit:0.108218074
Colony:0.104438
Location:0.10211816
