Table:0.6833333333333333
SchemaManager:0.4266666666666667
TableWorks:0.2866666666666667
StatementSchema:0.19444444444444445
ParserRoutine:0.18333333333333332
ParserDML:0.18
Servlet:0.1588888888888889
