IEditor:0.6652777777777779
MainWindowMenu:0.39
MainWindowMenuHandler:0.31
EditorController:0.22666666666666666
GlossaryTextAreaTest:0.17666666666666667
