Tree:0.101678014
TreePanel:0.07828938
AdvancedProperties:0.05224659
