PluginOptions:0.5266666666666666
AbstractSettings:0.39666666666666667
PluginSettings:0.36666666666666664
AppSettings:0.2733333333333333
ScriptPlugin:0.25333333333333335
LookAndFeelSettings:0.23666666666666666
