CharacterType:0.39
NumberType:0.3566666666666667
QuerySpecification:0.34
ArrayType:0.315
BitType:0.305
BooleanType:0.3
IntervalType:0.2866666666666667
DatabaseInformationFull:0.23333333333333334
DateTimeType:0.22
