RealProject:0.4633333333333333
RuntimePreferences:0.3522222222222222
Main:0.3466666666666667
TMXWriter:0.31
