MiscUtilities:0.5833333333333334
StandardUtilities:0.57
VFSBrowser:0.5466666666666666
VFSFileFilterRenderer:0.3272804232804233
VFS:0.31333333333333335
Mode:0.28
Handler:0.2777777777777778
PluginJAR:0.21
VFSFileFilter:0.17
AllBufferSet:0.15666666666666668
DirectoryLoadedAWTRequest:0.12666666666666668
GlobVFSFileFilter:0.12333333333333334
PropertiesBean:0.095
VFSFileChooserDialog:0.09
DirectoriesOnlyFilter:0.03
HistoryComboBoxEditor:0.02666666666666667
ActionHandler:0.016666666666666666
