GrabKeyDialog:0.20825729
jEdit:0.05365081
ActionSet:0.053623606
GUIUtilities:0.044181414
Macros:0.03484672
MiscUtilities:0.03343646
EditAction:0.026688674
AbstractOptionPane:0.024101323
GlobalOptions:0.014604619
