CheckBoxListModel:0.18490113
PluginManager:0.024378005
InstallPluginsDialog:0.024170928
