Drawing:0.7053333333333334
StandardDrawingView:0.42333333333333334
StandardDrawing:0.3433333333333333
CompositeFigure:0.2833333333333333
