RealProject:0.081822164
IProject:0.059810746
ProtectedPart:0.058833342
ProjectTMX:0.046904724
NotLoadedProject:0.046879835
ImportFromAutoTMX:0.045319963
LastSegmentManager:0.034386344
EntryKey:0.026113486
