Editor:0.11427559
ConsoleTab:0.1041255
TextUtils:0.082967766
