TextUtils:0.09313532
Editor:0.063801795
