PropertyPanel:0.5333333333333333
LookAndFeelSettings:0.37666666666666665
MSettingsDialog:0.37666666666666665
TreeSettings:0.24400000000000002
GeneralSettings:0.21222222222222223
ConfigureAction:0.13333333333333333
Advanced:0.07666666666666666
