TopicVersion:0.5766666666666667
Topic:0.4166666666666667
DatabaseHandler:0.36
FileHandler:0.3
EditServlet:0.25666666666666665
TopicController:0.14
HistoryServlet:0.09333333333333334
