TaskTable:0.032020506
Task:0.011866803
