MLabel:0.05494407
UI:0.036375813
SimpleProgressBar:0.035679437
MDialog:0.027613344
MWindow:0.017247664
MApplication:0.013297878
