MSplashScreen:0.07274256
TK:0.019103121
