Buffer:0.66
jEdit:0.6166666666666667
MarkersSaveRequest:0.21333333333333335
BufferSaveRequest:0.19
BufferLoadRequest:0.14
