DefaultPreview:0.6166666666666667
PreviewPanel:0.47333333333333333
