DatabaseManagerSwing:0.03876325
ConnectionDialogSwing:0.025975801
