MDialog:0.16673313
MPasswordPanel:0.101800226
MPanel:0.08449412
MSettingsDialog:0.07915553
MFileChooser:0.05801845
MDownloadDialog:0.05619558
MActionInfo:0.055669356
MMenu:0.053544033
MSettingsPage:0.052441295
MAction:0.048525836
UI:0.048508804
MRenderer:0.0445559
MMultiPanel:0.044105653
MButton:0.04269766
MTextFieldPanel:0.04142394
MText:0.04058024
MLabel:0.039907232
MURLButton:0.03642104
MTable:0.034375444
MApplication:0.034182917
MTip:0.03014422
FS:0.028172601
MIcon:0.027724667
MPasswordField:0.027256941
MLogger:0.023188485
MTextArea:0.023014862
TK:0.01967381
MList:0.017933741
MMainWindow:0.01613024
OS:0.013665424
MTextLabel:0.012112691
Watermark:0.010996681
MClipboard:0.0065835314
ContainerScanner:0.0060547227
MMouseAdapter:0.0056593316
MDocumentAdapter:0.0055097556
Property:0.0048420806
MDate:0.004482517
BooleanProperty:0.0019204316
ClipboardException:0.0018005703
MFormat:0.0016477013
