MText:0.4166666666666667
MCalendar:0.31
Events:0.3027420634920635
MDateSpinner:0.27666666666666667
CalendarDesklet:0.23666666666666666
TodoEditor:0.23333333333333334
Item:0.22733333333333333
Feed:0.21666666666666667
CalendarComponent:0.13166666666666665
