MiscUtilities:0.66
Buffer:0.49
FoldHandler:0.27166666666666667
BufferIORequest:0.22333333333333333
FileRootsVFS:0.19000000000000003
RootsEntry:0.18333333333333332
ExplicitFoldHandler:0.13666666666666666
