MainWindowMenuHandler:0.4
TagValidationFrame:0.30666666666666664
EditorController:0.29333333333333333
Main:0.28
ITagValidation:0.24944444444444447
TagValidationTool:0.18333333333333332
