SegmentBuilder:0.5566666666666666
EditorController:0.4033333333333333
