Task:0.5766666666666667
Input:0.5566666666666666
MCalendarPanel:0.4033333333333333
MDateSpinner:0.37333333333333335
DateTimeDialog:0.3233333333333333
AbstractSpinner:0.23666666666666666
TaskTable:0.21416666666666667
MDateTimePanel:0.18
DateTimeEditor:0.15388888888888888
GetDateTimeBuilder:0.14333333333333334
TaskPropertiesPanel:0.13666666666666666
SetDateTimeAction:0.10666666666666667
