DataFileCache:0.4033333333333333
Logger:0.36666666666666664
BlockObjectStore:0.27666666666666667
StatementSchema:0.25666666666666665
DataSpaceManagerBlocks:0.2536111111111111
StatementCommand:0.25
LongKeyHashMap:0.21111111111111108
ParserCommand:0.19
