BrushTool:0.6733333333333333
Panel:0.25666666666666665
RectangleTool:0.24
ZoomComponent:0.21
