UI:0.7366666666666667
MCalendarPanel:0.4033333333333333
GHNSDialog:0.21
MIconChooser:0.2
MainWindow:0.1988888888888889
MFontChooser:0.19555555555555557
CalendarWidget:0.16666666666666666
MFontComboBox:0.08333333333333333
