Colony:0.5066666666666667
GoodsType:0.48333333333333334
Settlement:0.23333333333333334
ServerColony:0.23333333333333334
CompactLabourReport:0.22333333333333333
ServerIndianSettlement:0.17
