DataSpaceManagerSimple:0.59
Log:0.5816666666666667
DataSpaceManagerBlocks:0.19833333333333333
