Task:0.66
TaskTable:0.32
Builder:0.31
UpdatePlugin:0.30333333333333334
TaskModel:0.21
SetDateTimeAction:0.13666666666666666
TaskPropertiesPanel:0.12333333333333334
SetRepeatRuleAction:0.11666666666666667
SetDurationAction:0.11666666666666667
SetValueAction:0.05944444444444445
