ColonyPanel:0.23657434
BuildingToolTip:0.21038577
UnitLabel:0.1265465
ReportEducationPanel:0.08190317
ProductionLabel:0.0764143
ReportReligiousPanel:0.06401072
ReportProductionPanel:0.055928875
