LinkUtil:0.4633333333333333
Environment:0.44
WikiPageInfo:0.36333333333333334
JFlexParser:0.34
LinkTag:0.2866666666666667
UpgradeServlet:0.18666666666666668
AdminServlet:0.14
WikiLinkTag:0.14
