MetaInfo:0.74
PluginSettings:0.32666666666666666
SearchBar:0.24666666666666667
