Unit:0.7233333333333334
FreeColDialog:0.31666666666666665
Canvas:0.30666666666666664
Modifier:0.29
InGameController:0.25666666666666665
ClientOptions:0.24333333333333335
