ColonyPanel:0.10551202
FreeColProgressBar:0.06638867
ProductionLabel:0.040221468
