Tokens:0.6866666666666666
Table:0.5866666666666667
PersistentStore:0.54
Row:0.45
Schema:0.37
HsqlDateTime:0.28
SimpleStore:0.27
HsqlDatabaseProperties:0.27
Database:0.27
RowStoreAVL:0.22666666666666666
QuerySpecification:0.22333333333333333
Session:0.21666666666666667
FunctionCustom:0.19666666666666666
StatementSchema:0.19333333333333333
ScriptReaderBase:0.14333333333333334
ScriptReaderText:0.12333333333333334
