CompositeFigure:0.13178584
AbstractLayouter:0.057074036
Figure:0.039167557
ListFigure:0.0349339
