Sidebar:0.5766666666666667
Main:0.38
DefaultPageChecker:0.258
TestDefaultPageChecker:0.21333333333333335
FeedListDialog:0.21333333333333335
Link:0.20333333333333334
