ChangeSet:0.4603915
Controller:0.002869422
