ServerPlayer:0.76
InGameController:0.39666666666666667
StanceChange:0.19666666666666666
