StringUtil:0.5966666666666667
TMXReader2:0.37666666666666665
XMLContentBasedTag:0.31777777777777777
XLIFFDialect:0.25666666666666665
InlineTagHandler:0.22333333333333333
TMXReaderTest:0.18
XLIFFFilterTest:0.12333333333333334
