GoodsType:0.6233333333333333
Player:0.52
Specification:0.47
Colony:0.4175
MessagesTest:0.2733333333333333
ModelMessage:0.23666666666666666
GoodsTest:0.17333333333333334
MarketTest:0.17
TileTest:0.13666666666666666
ModelMessageTest:0.11
ColonyProductionTest:0.08
