Message:0.06075346
Connection:0.03075153
