Colony:0.6766666666666666
Unit:0.67
SchoolTest:0.27
Occupation:0.13666666666666666
ColonyTest:0.05333333333333334
