CompositeFigure:0.8066666666666666
AbstractCommand:0.4066666666666667
CreationTool:0.36833333333333335
