DisplayManager:0.55
PosBottomHalf:0.5166666666666667
PositionManager:0.24666666666666667
PasteFromListDialog:0.24666666666666667
BufferChangeHandler:0.19166666666666668
ListHandler:0.03
