UI:0.7233333333333334
Main:0.38
Gettext:0.33
Plugin:0.31055555555555553
