Table:0.6366666666666667
Session:0.38
TestStoredProcedure:0.30666666666666664
StatementManager:0.28
DataFileCache:0.2733333333333333
Routine:0.24
TestCacheSize:0.23666666666666666
LobManager:0.21333333333333335
DatabaseInformationFull:0.21
ScriptReaderText:0.185
TransactionManagerMVCC:0.18
TransactionManagerMV2PL:0.18
TransactionManager2PL:0.18
StatementResultUpdate:0.08666666666666667
ScriptRunner:0.025833333333333333
