jEdit:0.11293939
View:0.084430344
GUIUtilities:0.08426076
Buffer:0.06545024
VFSManager:0.030909752
BufferIORequest:0.029771453
EnhancedDialog:0.017992113
