Preferences:0.7924603174603174
SaveOptionsDialog:0.2833333333333333
