RealProject:0.3933333333333333
TransEntry:0.3775
TMXWriter:0.3566666666666667
Main:0.20333333333333334
AlignFilesCallback:0.1411111111111111
DateParser:0.12666666666666668
InvalidDateException:0.013055555555555556
