MFileChooser:0.08119651
MPasswordPanel:0.07471143
