MButton:0.49833333333333335
MComboBox:0.4
CoolHeader:0.2733333333333333
StaticFocusHandler:0.07666666666666666
StaticHandler:0.07
StaticToolBarHandler:0.06333333333333334
StaticRolloverHandler:0.023333333333333334
