Desktop:0.4866666666666667
MInternalFrame:0.32666666666666666
Title:0.2833333333333333
Pager:0.26
MDesktopManager:0.23833333333333334
WidgetDesktopIconUI:0.19111111111111112
DragAdapter:0.19111111111111112
WidgetInternalFrame:0.175
MDesktopPane:0.16
DesktopPanel:0.1161111111111111
