MetaInfo:0.62
TagsUtils:0.5
ItemRenderer:0.2277777777777778
PropertiesBar:0.22444444444444447
Submenu:0.15333333333333332
TagsMenu:0.12
