PerFileMatchStatisticsPanel:0.46934658
StatisticsPanel:0.22836591
BaseStatisticsPanel:0.14811361
