PermissionInfo:0.6933333333333334
MPermission:0.5733333333333334
SecurityDialog:0.20666666666666667
