RefCapablePropertyResourceBundle:0.48
DbBackup:0.45
TarGenerator:0.2833333333333333
AppendableException:0.18666666666666668
PIFGenerator:0.18666666666666668
