TaskTable:0.081329644
Task:0.03568169
