Database:0.5833333333333334
Table:0.5133333333333333
ArrayUtil:0.4166666666666667
DatabaseRowOutput:0.36333333333333334
DatabaseRowInput:0.32666666666666666
Cache:0.27
CachedRow:0.2633333333333333
View:0.21777777777777782
TestTextTables:0.16666666666666666
CachedDataRow:0.15333333333333332
TextCache:0.14333333333333334
ScriptRunner:0.09666666666666666
