Colony:0.82
Mission:0.43333333333333335
TransportMission:0.3333333333333333
