MAction:0.11459484
MMessage:0.10514048
MSmallButton:0.09351754
MMenu:0.060346674
MButton:0.05892481
MDialog:0.05320219
MTable:0.039099097
MObject:0.009708469
MNotification:0.008710719
MText:0.0075399587
MApplication:0.0070489636
MIcon:0.0052624876
UI:0.003636799
MDateSpinner:0.0030929155
MSystemTray:0.002924945
MTextFieldPanel:0.002794521
MColorChooser:0.002260526
MMultiPanel:0.0022104431
MCalendarPanel:0.002084884
MFontChooser:0.0020767122
MLoginPanel:0.0013953835
MSmallColorChooser:0.0010509713
ColumnManager:7.1371463E-4
