MDate:0.202936
MCalendarPanel:0.1569323
MText:0.08360345
AbstractSpinner:0.058434084
MMenu:0.023919603
MActionInfo:0.019103788
MAction:0.017282235
UI:0.01300279
