MIcon:0.6733333333333333
MAction:0.32666666666666666
ScriptYourself:0.22
MToolBar:0.19666666666666666
LockButton:0.19666666666666666
PropertiesBar:0.18666666666666668
