Config:0.7433333333333333
Main:0.3333333333333333
MApplication:0.3
