ChartModel:0.6233333333333333
TaskModel:0.5
AbstractListTableModel:0.34
TodoEditorPlugin:0.16666666666666666
ChartUtils:0.16666666666666666
