TransportMission:0.2519553
Mission:0.24214137
WorkInsideColonyMission:0.19969
