MSettingsPage:0.11880438
MDialog:0.097953
MMessage:0.05208491
MPanel:0.041827805
MNotification:0.038630888
UI:0.034609776
MLabel:0.033660665
MList:0.032563265
MActionInfo:0.028200075
TK:0.024545813
MApplication:0.02319833
MScrollPane:0.023175769
MButton:0.019653004
MRenderer:0.019170024
Config:0.018813353
MIcon:0.012881778
Mnemonic:0.008164801
MArrayList:0.007821355
Property:0.0047723474
BooleanProperty:0.0021112452
