WikiDatabase:0.27894497
QueryHandler:0.2499683
AnsiQueryHandler:0.19697629
DatabaseConnection:0.14681877
DB2DataHandler:0.013236754
H2DataHandler:0.013236747
DB2400DataHandler:0.013236747
HSqlDataHandler:0.011865978
MSSqlDataHandler:0.0117562795
MySqlDataHandler:0.011662046
OracleDataHandler:0.011582157
PostgresDataHandler:0.011582157
SybaseASADataHandler:0.011582155
