Widget:0.5533333333333333
DeskletWidget:0.3566666666666667
DeskletLoader:0.3333333333333333
Result:0.18333333333333332
