StringTemplate:0.6433333333333333
ModelMessage:0.45
Messages:0.3333333333333333
ModelMessageTest:0.07666666666666666
