SegmentBuilder:0.54
EditorSettings:0.31
EditorTextArea3:0.24666666666666667
TagValidationOptionsDialog:0.20666666666666667
PatternConsts:0.14333333333333334
Styles:0.045182539682539685
