MDialog:0.7022222222222223
Location:0.31
PropertiesPanel:0.24222222222222223
SystemStatsPanel:0.19
GuessLocationAction:0.17333333333333334
