MDialog:0.7466666666666667
PluginSettings:0.37333333333333335
ChartPanel:0.35333333333333333
