SimpleStore:0.4473471
CachedObject:0.32917497
DataFileCache:0.18920122
DataSpaceManagerBlocks:0.15748423
TableSpaceManager:0.09636457
