DataFileCacheSession:0.4020879
TextCache:0.31693885
RowStoreAVLDisk:0.09007097
SimpleStore:0.08117437
DataFileDefrag:0.080598846
Logger:0.07873775
RowStoreAVLDiskData:0.06165116
Cache:0.060874518
PersistentStore:0.05879536
Log:0.058135297
RowStoreAVL:0.05206413
DataSpaceManagerBlocks:0.051242907
RowStoreAVLMemory:0.04748261
RAFile:0.045633662
RowStoreAVLHybrid:0.038652223
BlockObjectStore:0.038395617
CachedObject:0.033771683
RAShadowFile:0.033240087
DataSpaceManagerSimple:0.027141372
RAFileSimple:0.02657907
TableSpaceManagerSimple:0.025474072
HsqlDatabaseProperties:0.023181405
PersistentStoreCollectionDatabase:0.018574994
PersistentStoreCollectionSession:0.016219996
RowStoreAVLHybridExtended:0.014452417
RandomAccessInterface:0.0095425155
DataSpaceManager:0.008210345
