DataSpaceManagerSimple:0.12183529
DataSpaceManager:0.110209815
TableSpaceManagerBlocks:0.08849707
DirectoryBlockCachedObject:0.06319783
BitMapCachedObject:0.03088545
DataFileCache:0.030714052
BlockObjectStore:0.023658792
IntArrayCachedObject:0.022431504
TableSpaceManager:0.021614576
CachedObjectBase:0.011365442
