HsqlProperties:0.53505784
Logger:0.12926899
TextFileSettings:0.089133345
DataFileCache:0.041318864
RAFile:0.031247629
Log:0.029817095
ScriptRunner:0.023528155
LockFile:0.0224758
