HsqlDatabaseProperties:0.24181506
HsqlProperties:0.12311257
Log:0.11488158
DataFileCache:0.09782029
LockFile:0.06940221
TextCache:0.04601768
DataFileDefrag:0.034635227
RowStoreAVLDisk:0.029573295
RAShadowFile:0.025391152
RowStoreAVLDiskData:0.024392702
RowStoreAVLMemory:0.02214802
RowStoreAVLHybrid:0.019731397
RowStoreAVLHybridExtended:0.013577621
PersistentStore:0.012220753
RowStoreDataChange:0.010197017
RandomAccessInterface:0.009990901
Crypto:0.002141951
PersistentStoreCollection:0.001127752
