Set:0.05361447
Collection:0.04945272
Iterator:0.018032206
