Database:0.6763189
ParserDDL:0.64770985
StatementSchema:0.5740951
Session:0.4618189
StatementTypes:0.35642675
Statement:0.3523646
SchemaManager:0.31638718
ParserCommand:0.29417095
Table:0.2668179
Routine:0.24935652
TableBase:0.22260718
TableWorks:0.20023836
SessionData:0.19333227
TextTable:0.18497142
Constraint:0.18283765
SchemaObject:0.16745281
ParserDML:0.15718913
NumberSequence:0.14520697
SessionManager:0.13352926
SessionInterface:0.11756554
HsqlException:0.10540969
TransactionManager:0.076859936
SqlInvariants:0.045745738
DatabaseURL:0.044900384
Tokens:0.0
