SimpleListCellRenderer:0.22392419
MIconChooser:0.21946642
TK:0.19787893
MIconButton:0.13740103
MText:0.105578385
MIcon:0.08973508
