MText:0.073029764
UI:0.041042224
MFontComboBox:0.03869942
SimpleListCellRenderer:0.037203584
AbstractIterator:0.026181648
Size:0.010030882
