ServerPlayer:0.72
InGameController:0.5366666666666666
ServerUnit:0.30333333333333334
