Editor:0.7966666666666666
ClearAction:0.24333333333333335
DeleteCompletedAction:0.19
