TodoEditor:0.47
TodoEditorCore:0.43666666666666665
MTable:0.42333333333333334
SortAction:0.16666666666666666
