TodoEditorCore:0.6433333333333333
Widget2Help:0.46
NotepadEditorCore:0.41333333333333333
