MTimer:0.5733333333333334
SearchBar:0.2966666666666667
Fade:0.26666666666666666
Timer:0.24
TabIcon:0.17333333333333334
