Config:0.59
Console:0.37666666666666665
UserHighlight:0.26666666666666666
MTable:0.25
MHighlighter:0.24777777777777782
ConsoleCommand:0.14833333333333334
VarListCommand:0.056666666666666664
