MRenderer:0.5566666666666666
StuffRenderer:0.3233333333333333
Renderer:0.3
MSettingsDialog:0.245
MIconChooser:0.19333333333333336
