AudioMixerOptionUI:0.4866666666666667
LanguageOptionUI:0.46
RangeOptionUI:0.38
OptionGroupUI:0.37
PercentageOptionUI:0.3233333333333333
OptionMapUI:0.24333333333333335
