IEditor:0.5894444444444444
IProject:0.4927777777777777
EditorController:0.4266666666666667
ConflictDialog:0.39
NotLoadedProject:0.32666666666666666
RealProject:0.24666666666666667
SegmentBuilder:0.23
GlossaryTextAreaTest:0.11
SearchWindowTest:0.11
FalseFriendsTest:0.09333333333333334
OptimisticLockingFail:0.07666666666666666
AllTranslations:0.03
ConflictDialogController:0.01
