PropertiesBar:0.12277324
TreePanel:0.10110247
AdvancedProperties:0.052402396
Tree:0.04532409
PropertiesDialog:0.027541835
