VersionInfo:0.4288788
VersionPanel:0.31707165
VersionException:0.096016176
