GlossaryEntry:0.47
CommandThread:0.43666666666666665
FindGlossaryThread:0.18444444444444444
IDataEngine:0.17472222222222225
GlossaryManager:0.16
GlossaryTextArea:0.11333333333333333
