FeedThread:0.46277777777777773
MTimer:0.4033333333333333
PluginOptions:0.27699999999999997
