PluginManager:0.8466666666666667
UpdatePlugin:0.33666666666666667
PluginDownloader:0.31333333333333335
NotepadEditorCore:0.30666666666666664
