JTextPaneLinkifier:0.6733333333333333
GlossaryTextArea:0.4655555555555555
NotesTextArea:0.3433333333333333
