JDBCResultSet:0.41
ParserDQL:0.35
TestSql:0.2866666666666667
ParserDDL:0.2608333333333333
DINameSpace:0.2
AllTests:0.13333333333333333
