MetaItem:0.7242613
NetworkHandler:0.32317707
MetaServer:0.07245248
