Game:0.36602917
Colony:0.20502748
UnitContainer:0.1928993
GoodsContainer:0.19251744
ModelMessage:0.19126873
Market:0.17596604
Europe:0.16824915
Map:0.15608256
Tile:0.15436564
ColonyTile:0.14915504
Player:0.14265355
Unit:0.1414521
ModelController:0.13570252
Building:0.13484563
IndianSettlement:0.12835152
Settlement:0.080428064
Location:0.08030291
