Table:0.5866666666666667
TransactionManager:0.5433333333333333
RowAction:0.43333333333333335
Session:0.43
TransactionManagerMVCC:0.41333333333333333
DataFileCache:0.31666666666666665
BaseHashMap:0.2733333333333333
StatementDML:0.2633333333333333
TransactionManagerMV2PL:0.24666666666666667
TransactionManager2PL:0.21333333333333335
Logger:0.20666666666666667
RAShadowFile:0.19305555555555554
RowActionBase:0.11666666666666667
