MDownloadDialog:0.36333333333333334
Widget:0.3466666666666667
ImageEditorCore:0.3233333333333333
Main:0.3187619047619048
PluginSettings:0.2866666666666667
ListActionsLayerUI:0.2725
MainWindow:0.25333333333333335
FilterDialog:0.23333333333333334
Enclosure:0.22333333333333333
Frame:0.16666666666666666
DownloadInfo:0.15666666666666668
EnclosureAction:0.06
