Table:0.5333333333333333
DatabaseInformationFull:0.42
Database:0.35833333333333334
View:0.25333333333333335
Parser:0.2
ArrayEnumeration:0.19333333333333333
TextTable:0.18666666666666668
CompositeEnumeration:0.1588888888888889
DatabaseInformationMain:0.10333333333333333
