AbstractDrawingViewAction:0.5366666666666666
JComponentPopup:0.4572222222222223
DrawingColorChooserHandler:0.3230555555555556
