ResultConstants:0.5366666666666666
Database:0.42333333333333334
Session:0.394
Result:0.38666666666666666
Server:0.30666666666666664
DatabaseManager:0.304
UserManager:0.25333333333333335
HSQLClientConnection:0.22333333333333333
jdbcConnection:0.22333333333333333
WebServerConnection:0.19
ServerConnection:0.17666666666666667
