MList:0.79
MMessage:0.42333333333333334
FSHelper:0.2866666666666667
FilterDialog:0.2683333333333333
