WorkLocationPlan:0.23640162
AIColony:0.22061783
ColonyProfile:0.045054547
AIMain:0.009823512
