ParserDDL:0.3625991
ParserDML:0.31095377
ParserCommand:0.24393883
ParserDQL:0.2437704
StatementCompound:0.17390679
ParserBase:0.16865246
Routine:0.16859275
Expression:0.13967794
QuerySpecification:0.11319057
Token:0.1090397
TriggerDef:0.10849118
StatementSet:0.10834695
SchemaManager:0.100332774
StatementSimple:0.08989712
StatementSchema:0.08875043
SessionContext:0.086714216
StatementHandler:0.08172156
StatementDMQL:0.0814972
Table:0.07801341
Statement:0.07039166
StatementExpression:0.06510026
ExpressionLogical:0.063536
ColumnSchema:0.06340929
RangeVariable:0.058959182
StatementProcedure:0.05198594
FunctionSQL:0.04951898
StatementQuery:0.049481925
Session:0.047612518
HsqlNameManager:0.04552501
Scanner:0.042708255
SchemaObject:0.03998795
Database:0.03715745
StatementCursor:0.03151519
ExpressionValue:0.022353865
StatementTypes:0.019745085
TableBase:0.013329046
HsqlException:0.012240252
TableDerived:0.0077792243
ColumnBase:0.007733944
OpTypes:0.0053843344
SqlInvariants:0.004849466
Tokens:0.0
