EditAbbrevDialog:0.047577582
AddAbbrevDialog:0.026127309
jEdit:0.018214608
