View:0.03939624
jEdit:0.02987836
MacOSPlugin:0.0070301676
EnhancedDialog:0.006264946
