jEdit:0.102023356
AbstractOptionPane:0.027285062
OptionsDialog:0.021316154
