EditPane:0.09201471
jEdit:0.038844757
Buffer:0.016226098
