InstallThread:0.3195268
OperatingSystem:0.2667996
Install:0.07948549
ConsoleProgress:0.044141218
