EBComponent:0.2810114
EditPlugin:0.12794209
EBMessage:0.119517066
MacOSPlugin:0.040607803
