View:0.3445827
EditPane:0.15315951
EBMessage:0.12099287
Buffer:0.074434124
