jEdit:0.078795105
AbstractOptionPane:0.03507866
OptionsDialog:0.024895757
