DefaultInputHandler:0.29101476
GrabKeyDialog:0.20079038
CompleteWord:0.1211545
View:0.064553715
OperatingSystem:0.02209224
JEditTextArea:0.0068567395
