Buffer:0.14587002
MarkersMenu:0.12610248
JEditTextArea:0.07403925
Gutter:0.072437346
jEdit:0.063072585
BufferIORequest:0.057586975
