Mode:0.24576542
jEdit:0.084051505
HandlerBase:0.04534019
MiscUtilities:0.03331114
Log:0.02278491
