jEdit:0.14219141
AbstractOptionPane:0.048955552
OptionsDialog:0.038368527
FontSelector:0.014659783
