RESearchMatcher:0.5959401
BoyerMooreSearchMatcher:0.39371803
SearchAndReplace:0.32630196
HyperSearchRequest:0.10830812
CharIndexed:0.07241367
