jEdit:0.06474037
View:0.03228921
Log:0.017184125
MiscUtilities:0.016342225
EnhancedDialog:0.009320031
