View:0.2497197
OperatingSystem:0.010525995
