VFS:0.1946385
VFSManager:0.14516225
Log:0.02925892
