EBMessage:0.20733836
Java14:0.19927719
MacOSPlugin:0.13963827
jEdit:0.13780814
VFSBrowser:0.12831308
SearchDialog:0.112003185
View:0.092421666
