Registers:0.055429183
jEdit:0.054401275
View:0.05392442
EnhancedDialog:0.021127809
