DataFileCache:0.19657984
RowStoreAVLDisk:0.15560484
Logger:0.07426923
Log:0.056231398
PersistentStore:0.029984884
