StatementHandler:0.038705923
Statement:0.03692777
StatementSession:0.03184013
ParserDDL:0.031076407
StatementSchema:0.03054558
StatementCompound:0.028083986
Session:0.026670855
StatementSet:0.026615087
StatementCommand:0.026029585
TriggerDef:0.02598528
StatementDML:0.02584139
StatementDMQL:0.02517821
StatementSimple:0.024816724
StatementProcedure:0.024366308
StatementInsert:0.023860242
StatementResultUpdate:0.023599956
StatementQuery:0.023518626
ParserCommand:0.023440506
StatementExpression:0.02286522
ParserDML:0.021198122
ParserRoutine:0.021064505
View:0.020992437
StatementSchemaDefinition:0.019455332
ParserDQL:0.017200924
