ParserDDL:0.63904977
StatementTypes:0.40359107
Session:0.24104065
Statement:0.23286274
ParserCommand:0.22355007
Database:0.2114953
StatementDMQL:0.13213108
HsqlException:0.123106614
Expression:0.11087141
SchemaManager:0.09977439
SessionContext:0.09958171
Table:0.093853325
TableBase:0.07588
ColumnSchema:0.068261415
OpTypes:0.00886613
Tokens:0.0
