StatementDMQL:0.24009465
Routine:0.17669947
Statement:0.14595428
QueryExpression:0.14285196
Expression:0.11012438
SessionContext:0.109226346
ParserDML:0.10069085
TableDerived:0.09086224
ParserRoutine:0.09069786
Session:0.089772604
FunctionSQLInvoked:0.08039016
SchemaObject:0.042470448
ColumnSchema:0.038947705
SessionData:0.03266637
StatementTypes:0.026749734
ColumnBase:0.019763479
OpTypes:0.004575852
