TableBase:0.23241803
Constraint:0.22411683
TableWorks:0.19981813
SchemaManager:0.17580466
StatementDML:0.16745183
ExpressionColumn:0.1576203
QuerySpecification:0.1468414
TriggerDef:0.1450868
ParserDDL:0.13789622
TableDerived:0.13760367
QueryExpression:0.13367468
Routine:0.13070463
StatementSet:0.12701619
StatementSchema:0.1236457
RangeVariable:0.118483305
RangeVariableJoined:0.11751878
Expression:0.10980045
View:0.108691126
StatementCompound:0.1086853
StatementDMQL:0.09870693
SchemaObjectSet:0.09438727
ColumnSchema:0.09147899
Schema:0.09134442
RangeVariableResolver:0.09048186
SchemaObject:0.08940932
StatementSchemaDefinition:0.087813884
HsqlNameManager:0.08566408
TextTable:0.084618114
SortAndSlice:0.08258731
ParserDML:0.081294775
TableUtil:0.07742805
ExpressionLogical:0.07480481
Token:0.072930396
TriggerDefSQL:0.06932857
StatementCommand:0.06884696
ParserDQL:0.068384156
Database:0.06759088
ParserRoutine:0.06487294
NumberSequence:0.0639722
StatementInsert:0.06102876
Session:0.058842763
SessionContext:0.046481244
StatementResultUpdate:0.045750838
SessionData:0.044888485
ParserCommand:0.044149663
TransactionManagerMVCC:0.038971767
StatementSession:0.038847446
Scanner:0.036927614
TransactionManagerMV2PL:0.035594467
TransactionManager2PL:0.03237634
ParserBase:0.03053276
RowDiskDataChange:0.026982855
ConstraintCore:0.026697202
Row:0.022365574
TransactionManager:0.021847595
DatabaseURL:0.014881427
Trigger:0.011808477
HsqlException:0.011285666
ColumnBase:0.00781506
SqlInvariants:0.0076976316
Tokens:0.0
