TransactionManager:0.65740216
TransactionManagerCommon:0.4265825
RowAction:0.34117007
Session:0.31168544
RowActionBase:0.25463086
Row:0.17256406
SessionContext:0.09443492
SessionManager:0.084890775
Database:0.067470916
Table:0.055005644
SchemaManager:0.04847836
StatementManager:0.047813136
Statement:0.03719514
