TransactionManager:0.54304117
TransactionManagerCommon:0.52753145
RowAction:0.403883
Session:0.27277333
RowActionBase:0.25355786
Row:0.24682684
TableBase:0.094040714
SessionContext:0.07827308
SessionManager:0.07609049
Table:0.0710434
Database:0.05828668
SchemaManager:0.056732535
StatementManager:0.04119658
Statement:0.032936327
