AttributeAction:0.12236353
DefaultAttributeAction:0.09813395
EditorColorChooserAction:0.08939826
PickAttributesAction:0.07545227
ApplyAttributesAction:0.07298545
SelectionColorChooserAction:0.07014808
AttributeToggler:0.063820176
SelectionColorIcon:0.054050088
EditorColorIcon:0.046330754
AlignAction:0.04510321
ToggleGridAction:0.03441737
MoveToBackAction:0.030716943
MoveToFrontAction:0.03055367
ZoomEditorAction:0.028010301
MoveAction:0.024949586
ZoomAction:0.021447176
SelectSameAction:0.020691838
UngroupAction:0.016775128
GroupAction:0.016643625
StrokeIcon:0.0051718038
ColorIcon:0.0051147705
LineDecorationIcon:0.0028036027
