Preview:0.5366666666666666
MetaInfo:0.47888888888888886
DefaultPreview:0.38
AbstractPreview:0.3433333333333333
ItemRenderer:0.18333333333333332
PreviewPanel:0.17
TodoEditorPlugin:0.16
LinkEditorPlugin:0.15666666666666668
Result:0.06833333333333333
