MetaInfo:0.7
Elements:0.3027420634920635
MainWindow:0.29
PropertiesDialog:0.27666666666666667
FeedsFS:0.24333333333333335
SearchFS:0.21333333333333335
ImageEditor:0.20583333333333337
NotepadEditor:0.20583333333333337
