Utilities:0.8433333333333334
JAMWikiServlet:0.5108333333333334
LoginServlet:0.22
