ColopediaPanel:0.19455759
InfoPanel:0.1417115
ColonyPanel:0.13159496
FreeColDialog:0.121397346
ReportTurnPanel:0.11706763
TradeRouteInputDialog:0.116816536
TilePanel:0.115597755
NegotiationDialog:0.11232715
EuropePanel:0.11124602
ChooseFoundingFatherDialog:0.10318996
AboutPanel:0.10017808
WorkProductionPanel:0.09913849
PreCombatDialog:0.09855656
ReportPanel:0.09706105
CaptureGoodsDialog:0.096677236
DumpCargoDialog:0.09568533
EmigrationPanel:0.09443386
FindSettlementDialog:0.093661815
RecruitDialog:0.09329105
StartGamePanel:0.089839965
BuildQueuePanel:0.088600814
CompactLabourReport:0.08569446
VictoryPanel:0.08435564
TrainDialog:0.07918169
MainPanel:0.07642354
SelectAmountDialog:0.074501865
MonarchPanel:0.07448632
SelectDestinationDialog:0.07163687
EventPanel:0.07008257
ReportTradePanel:0.06916514
LoadingSavegameDialog:0.06837007
ChoiceDialog:0.06735284
ConfirmDeclarationDialog:0.06563053
ColorCellEditor:0.064812
TradeRouteDialog:0.063021116
NewPanel:0.06278428
EditSettlementDialog:0.062391542
ReportIndianPanel:0.061148897
InformationDialog:0.059058856
WarehouseDialog:0.058788966
ServerListPanel:0.057053342
ErrorPanel:0.056016557
ChatPanel:0.05492193
ReportLabourPanel:0.054293
ReportProductionPanel:0.05381317
MapEditorTransformPanel:0.05343922
StatisticsPanel:0.051939953
ReportRequirementsPanel:0.051622678
DefaultTransferHandler:0.051607035
OptionsDialog:0.050256178
IndianSettlementPanel:0.049588416
ReportContinentalCongressPanel:0.047892492
StatusPanel:0.046112172
ReportColonyPanel:0.044099804
ReportCargoPanel:0.039986677
ReportHighScoresPanel:0.037976604
DragListener:0.037023164
BuildingSiteToolTip:0.036292437
ReportMilitaryPanel:0.033777963
ReportReligiousPanel:0.033749644
ReportNavalPanel:0.033553705
ReportForeignAffairPanel:0.031010997
MapGeneratorOptionsDialog:0.029197078
ReportHistoryPanel:0.028283328
CargoPanel:0.027423263
ReportExplorationPanel:0.025533194
ClientOptionsDialog:0.013704232
FreeColImageBorder:0.009747947
