FreeColTransparentPanelUI:0.006253438
FreeColToolTipUI:0.003212136
FreeColButtonUI:0.0020523288
FreeColMenuBarUI:0.001630112
FreeColTableHeaderUI:0.0015589473
FreeColPopupMenuUI:0.0015558332
FreeColRadioButtonUI:0.0011313946
FreeColScrollPaneUI:0.0011229449
FreeColTableUI:0.0011209216
FreeColTextAreaUI:0.001110234
FreeColPanelUI:0.001085162
FreeColTextFieldUI:0.0010839591
FreeColMenuItemUI:0.0010295139
FreeColCheckBoxUI:0.0010175193
FreeColComboBoxUI:8.5758267E-4
FreeColLabelUI:8.069333E-4
FreeColListUI:7.381188E-4
