OptionGroup:0.43666666666666665
ConnectController:0.24
SelectableAction:0.18666666666666668
DisplayTileTextAction:0.16333333333333333
DisplayBordersAction:0.14333333333333334
DisplayGridAction:0.14333333333333334
MapControlsAction:0.10666666666666667
ChangeWindowedModeAction:0.08666666666666667
