Type:0.7433333333333333
Scanner:0.37666666666666665
StatementSchema:0.28
