DatabaseCommandInterpreter:0.21900122
Table:0.21584204
DatabaseInformationMain:0.19077556
Session:0.17634808
View:0.17248027
TableWorks:0.16605435
SequenceManager:0.15157096
DINameSpace:0.14848028
DatabaseInformationFull:0.13377123
DatabaseScript:0.1332329
Parser:0.13182996
UserManager:0.11532193
Constraint:0.10893247
Database:0.107306756
DatabaseObjectNames:0.09511386
Index:0.09499406
SessionManager:0.093610026
HsqlNameManager:0.09322258
CompiledStatementExecutor:0.085568175
Trace:0.07824998
DatabaseInformation:0.07133812
SubQuery:0.0705951
NumberSequence:0.06060235
HsqlException:0.010935367
