AIColony:0.44333333333333336
PioneeringMission:0.44
AIPlayer:0.38722222222222225
