Style:0.66
MLabel:0.47
CoolHeader:0.2061111111111111
MStatusBar:0.20333333333333334
PrintPreview:0.19666666666666666
TextEditorDesigner:0.19
MAbout:0.17
Presentation:0.16666666666666666
TaskSummary:0.16
ItemRenderer:0.11
ImageInfo:0.08
TabComponent:0.07333333333333333
