Unit:0.6
IndianSettlement:0.42
ServerModelController:0.26666666666666666
FreeColServer:0.25333333333333335
