PlayerExploredTile:0.24683012
GoodsContainer:0.23445067
Tile:0.23052625
Player:0.21173054
GoodsLocation:0.19706455
Settlement:0.19425288
Unit:0.18968461
UnitLocation:0.16095209
Goods:0.15436783
UnitType:0.1347448
GoodsType:0.13240851
FreeColGameObject:0.1284916
Game:0.12115129
FreeColObject:0.10793281
Specification:0.09752738
AbstractGoods:0.08843036
BuildableType:0.07960124
SimpleCombatModel:0.066463485
SettlementType:0.05963578
StringTemplate:0.057955176
Tension:0.032358184
RandomRange:0.028784703
FeatureContainer:0.021556284
CombatModel:0.020301497
Locatable:0.012957525
