DefaultInputHandler:0.2516556
StatusBar:0.108325474
View:0.073427424
EditAction:0.07080287
Macros:0.069046445
BeanShell:0.06486743
Buffer:0.050943285
jEdit:0.047821302
GUIUtilities:0.031229336
JEditTextArea:0.018909136
MiscUtilities:0.017498055
