TextArea:0.8
JEditBuffer:0.44666666666666666
Buffer:0.37333333333333335
