SummaryEditor:0.465
ColorRenderer:0.44666666666666666
Title:0.36333333333333334
