AnsiQueryHandler:0.41
ParserInput:0.31333333333333335
ResourceUtil:0.2966666666666667
AnsiDataHandler:0.2866666666666667
DatabaseConnection:0.23666666666666666
ResourceUtilTest:0.08
