MTable:0.19036059
MTableHeader:0.10076648
AbstractListTableModel:0.061592355
MMenu:0.034600068
Config:0.028038377
MArrayList:0.015059621
StringList:0.013473716
MAction:0.010206682
MActionInfo:0.010182937
MMenuAdapter:0.0081364885
MDataAction:0.004810958
MV:2.6127023E-5
