Table:0.44
Index:0.3933333333333333
Constraint:0.32
DatabaseCommandInterpreter:0.2866666666666667
Server:0.21666666666666667
CompiledStatement:0.20666666666666667
ConstraintCore:0.19666666666666666
Database:0.18
Session:0.18
TableWorks:0.11111111111111109
