Entry:0.4533333333333333
Handler:0.4033333333333333
Tag:0.38333333333333336
DefaultXMLDialect:0.23
