MetaInfo:0.64
BookmarksMenu:0.30666666666666664
PropertiesBar:0.24333333333333335
ToggleAction:0.21666666666666667
TreePanel:0.20666666666666667
MainWindow:0.17
