OptionGroup:0.4266666666666667
Game:0.3433333333333333
IntegerOption:0.27
StringOption:0.27
OptionsDialog:0.21666666666666667
AbstractUnitOption:0.21
AbstractOption:0.20333333333333334
FileOption:0.19333333333333333
UnitListOption:0.17666666666666667
LanguageOption:0.15
AudioMixerOption:0.14333333333333334
SelectOption:0.09666666666666666
OptionReader:0.08666666666666667
RangeOption:0.08333333333333333
BooleanOption:0.07666666666666666
PercentageOption:0.02666666666666667
