DefaultIconLoader:0.7669444444444444
Favicon:0.5445555555555556
