TradeRouteDialog:0.13532211
DefaultTransferHandler:0.085404515
DragListener:0.060994048
FreeColDialog:0.04857022
FreeColPanel:0.039783757
DropListener:0.010908616
ImageSelection:0.009478909
