MapboardAction:0.34533942
ActionManager:0.26612636
