TradeRouteInputDialog:0.28105912
FreeColPanel:0.059913576
