MapControls:0.11688609
MapEditorTransformPanel:0.114771314
FreeColPanel:0.0543184
