InGameController:0.28842488
InputHandler:0.22386765
PreGameController:0.097958036
