SummaryData:0.16887195
SummaryTree:0.100353576
