Tree:0.12216698
PropertiesBar:0.09915706
LocationBar:0.0651729
PropertiesPanel:0.06034404
ImportExport:0.05938695
TreeSettingsButton:0.034089513
