MIconChooser:0.06072025
MButton:0.052524876
Item:0.036378644
TK:0.03027694
