Tokenizer:0.31823
Parser:0.2876045
Table:0.23735389
Session:0.23144086
Database:0.22610475
DatabaseScript:0.1717314
Expression:0.17001568
Trace:0.16204353
TableWorks:0.15297234
View:0.1525914
Function:0.13842958
Select:0.13119148
Token:0.13087079
User:0.12841684
Constraint:0.12603259
TriggerDef:0.09897557
TextTable:0.0954536
Logger:0.091402024
HsqlNameManager:0.08719198
Result:0.086968906
Index:0.08645141
UserManager:0.08610759
Column:0.08110151
DatabaseInformation:0.080255345
SequenceManager:0.070518136
CompiledStatement:0.06460809
HsqlDatabaseProperties:0.054046843
DatabaseObjectNames:0.051793426
DatabaseManager:0.047094095
Types:0.04036678
ConstraintCore:0.036432255
HsqlException:0.021100154
ResultConstants:0.018477235
NumberSequence:0.013723417
Trigger:0.010050131
