Expression:0.120232105
Result:0.09254673
CompiledStatement:0.08811188
TableFilter:0.07916201
Parser:0.078136235
Table:0.07587443
GroupedResult:0.057944246
Trace:0.049896624
DatabaseCommandInterpreter:0.04671978
DatabaseInformationFull:0.04584872
Session:0.04543643
CompiledStatementExecutor:0.044490285
Column:0.034241725
View:0.031614985
TableWorks:0.029359063
Token:0.018378185
ResultConstants:0.007965667
SubQuery:0.0075708195
HsqlException:0.0067977384
HsqlInternalException:0.0040904405
Record:5.8711466E-4
