Tile:0.6666666666666666
Map:0.43333333333333335
MapGenerator:0.37666666666666665
TerrainGenerator:0.23311111111111113
PlayerExploredTile:0.20833333333333334
Territory:0.06555555555555555
