Region:0.56
Map:0.49666666666666665
TerrainGenerator:0.35333333333333333
ServerRegion:0.25333333333333335
