MSmallColorChooser:0.24245308
MColorPicker:0.19389337
MColorChooser:0.15789367
MSmallColorButton:0.12261664
MButton:0.034829706
StateEvent:0.004649345
