Session:0.13916695
Database:0.120863296
UserManager:0.09141734
DatabaseScript:0.079467915
SchemaManager:0.06834505
CompiledStatementManager:0.0669584
DatabaseCommandInterpreter:0.05386639
User:0.046976995
TransactionManager:0.0448479
DINameSpace:0.037548177
HsqlException:0.0033058743
