DockingOptionPane:0.21407713
OptionPane:0.083888166
AppearanceOptionPane:0.062285285
BufferOptions:0.058633372
AbbrevsOptionPane:0.05381357
ContextOptionPane:0.05219673
BrowserOptionPane:0.049250457
LoadSaveOptionPane:0.046283394
ToolBarOptionPane:0.044490468
QuickNotepadOptionPane:0.042910643
EditingOptionPane:0.040845506
ShortcutsOptionPane:0.036499485
GutterOptionPane:0.035872843
GeneralOptionPane:0.03554307
PrintOptionPane:0.035045814
TextAreaOptionPane:0.034612767
ModeOptionPane:0.034378644
BrowserColorsOptionPane:0.0329543
FirewallOptionPane:0.03249301
jEdit:0.030333014
ColorOptionPane:0.019991953
OverviewOptionPane:0.019137774
StyleOptionPane:0.018498184
