OptionsDialog:0.08283045
BrowserColorsModel:0.054414853
AbstractOptionPane:0.018622665
jEdit:0.013727345
