HyperSearchResults:0.146763
HyperSearchRequest:0.12170458
Buffer:0.08404766
jEdit:0.07289617
