ModeCatalogHandler:0.29782042
Buffer:0.19655558
jEdit:0.1748892
ModeOptionPane:0.125916
ParserRuleSet:0.062914476
XModeHandler:0.05742095
Abbrevs:0.05610659
Log:0.054489367
MiscUtilities:0.05132591
StatusBar:0.03658419
BufferOptions:0.03440725
TokenMarker:0.03226093
RE:0.031252522
AbbrevsOptionPane:0.022490753
AddAbbrevDialog:0.01892378
EditingOptionPane:0.014638259
REException:0.008595115
