InGameController:0.5183333333333333
SoundTest:0.35
AudioResource:0.27305555555555555
