WikiConfiguration:0.68
AdminServlet:0.38333333333333336
WikiConfigurationObject:0.25666666666666665
