AbstractMarkupBuilder:0.5416666666666666
TaskList:0.445
Impl:0.3844444444444445
InternetSearchWidget:0.3233333333333333
