DummyFoldHandler:0.22695214
ExplicitFoldHandler:0.17961703
IndentFoldHandler:0.17475711
ServiceManager:0.123117074
PluginJAR:0.12045383
Buffer:0.09596345
MiscUtilities:0.032246333
Log:0.02737449
EditingOptionPane:0.024180714
BufferOptions:0.01986564
