MetaInfo:0.58
Tracker:0.44
TaskManager:0.36333333333333334
CalendarComponent:0.25666666666666665
