Environment:0.8033333333333333
ServletUtil:0.5033333333333333
AdminServlet:0.29333333333333333
RecentChangesServlet:0.17666666666666667
