ParserDQL:0.6766666666666666
ParserDML:0.39
ParserDDL:0.37666666666666665
