Preferences:0.6233333333333333
SegmentBuilder:0.42333333333333334
ModificationInfoManager:0.33666666666666667
ViewOptionsDialog:0.2833333333333333
