MApplication:0.7633333333333333
MInternalFrame:0.33666666666666667
MDialog:0.32
MFrame:0.3
MWindow:0.24
