Unit:0.52
InGameController:0.3566666666666667
Map:0.30333333333333334
TransportMission:0.24666666666666667
PrivateerMission:0.21666666666666667
DefendSettlementMission:0.19666666666666666
UnitSeekAndDestroyMission:0.17333333333333334
DemandTributeMessage:0.16
AttackMessage:0.16
CombatTest:0.15333333333333332
UnitWanderHostileMission:0.13666666666666666
TilePopup:0.12333333333333334
MovementTest:0.12
CostDeciders:0.11111111111111109
BaseCostDecider:0.1
