Mission:0.71
ScoutingMission:0.2833333333333333
TransportMission:0.2733333333333333
PioneeringMission:0.26222222222222225
GotoAdjacentGoal:0.18
