VFSBrowser:0.505
JARClassLoader:0.2966666666666667
ServiceListHandler:0.20666666666666667
DisplayTokenHandler:0.19333333333333333
HandlerList:0.18666666666666668
EditServer:0.1827777777777778
VarCompressor:0.15
