PersistentStore:0.5433333333333333
Table:0.52
Type:0.4033333333333333
TableBase:0.3233333333333333
RowStoreAVLDisk:0.2966666666666667
RowStoreAVLMemory:0.29333333333333333
TextCache:0.2633333333333333
Expression:0.24666666666666667
DateTimeType:0.2422222222222222
TextTable:0.23333333333333334
TransactionManager:0.20333333333333334
IndexRowIterator:0.19666666666666666
FunctionCustom:0.18666666666666668
RowSetNavigatorData:0.18333333333333332
RowStoreAVLHybrid:0.17666666666666667
RowStoreAVLDiskData:0.11
