Table:0.08136092
TextCache:0.050729565
DatabaseCommandInterpreter:0.045309015
Session:0.042551897
Trace:0.03957254
PointerCachedDataRow:0.038132396
Database:0.035880547
CachedDataRow:0.03453186
CachedRow:0.032767043
Node:0.03176003
HsqlNameManager:0.02109905
HsqlException:0.008453867
