Unit:0.6833333333333333
Location:0.5366666666666666
Colony:0.3933333333333333
Tile:0.37333333333333335
Europe:0.30666666666666664
ColonyTile:0.26
Building:0.25666666666666665
InGameController:0.23666666666666666
IndianSettlement:0.16666666666666666
ReportTurnPanel:0.15
ReportCargoPanel:0.13333333333333333
ReportMilitaryPanel:0.13333333333333333
ReportNavalPanel:0.13333333333333333
