Tag:0.1651913
Text:0.09445528
OutOfTurnTag:0.092980154
Element:0.08266331
AggregatedTag:0.061077457
Attributes:0.029913535
