MStatusBar:0.09400824
Blend:0.06799274
MTip:0.061432008
MLogger:0.06036833
Fade:0.05699735
MTextFieldPanel:0.048808202
