AbstractApplication:0.31489316
OSXApplication:0.30675536
View:0.2708623
ApplicationModel:0.2665085
MDIApplication:0.23664746
EmptyApplicationModel:0.22737838
DefaultApplicationModel:0.19043781
AbstractApplicationModel:0.17818135
AbstractView:0.079856806
