MHighlighter:0.17337467
MDocumentAdapter:0.1108697
MDateSpinner:0.0703531
MTextPane:0.06407962
MUndoManager:0.058480848
AbstractSpinner:0.036040016
MMenu:0.027103823
MComboBox:0.025993122
MPasswordField:0.023969712
MTextField:0.021946555
MAction:0.02031946
MMessage:0.01750759
MTextFieldPanel:0.017235832
MFormattedTextField:0.0142921
UI:0.014271146
TK:0.013234217
MActionInfo:0.013148436
MDataTransfer:0.012436816
MEditorPane:0.011207996
MTextArea:0.0108875735
FS:0.010757883
MColorChooser:0.010402081
MToolBar:0.0097150095
MDate:0.009705419
MWebBrowserPanel:0.009650966
MLogger:0.0079357345
MMouseAdapter:0.0070694713
MFileChooser:0.006404963
MStatusBar:0.0059797717
MClipboard:0.0059130774
MHTMLViewer:0.0050265184
OS:0.004933217
MComponent:0.004034139
Property:0.004016929
MTimer:0.003343063
MDataAction:0.0027019833
BooleanProperty:0.0015919653
Kiosk:0.0011031193
