AbstractFileCache:0.37372136
Net:0.13787024
SimpleXMLReader:0.06784168
MDownloadDialog:0.066690646
AbstractMarkupBuilder:0.031228252
MApplication:0.020342369
MGuardedObject:0.012909404
MLogger:0.010945582
Pair:0.0051230085
XMLBuilder:0.003415616
