Buffer:0.6433333333333333
VFS:0.37666666666666665
BufferIORequest:0.3466666666666667
FileVFS:0.20666666666666667
LocalFile:0.205
BufferInsertRequest:0.2
BufferAutosaveRequest:0.17333333333333334
BufferSaveRequest:0.16
BufferLoadRequest:0.03333333333333333
FocusHandler:0.0
