Resource:0.15740626
ResourceFactory:0.13005653
ResourceManager:0.0628933
