FreeColGameObjectType:0.2600066
Feature:0.21650402
BuildingType:0.14144696
Modifier:0.1318894
Ability:0.12228073
Unit:0.12065256
Player:0.119153544
TileType:0.11559507
Colony:0.11382898
TileImprovementType:0.109334916
Building:0.09623648
Settlement:0.09502367
Europe:0.07842885
ResourceType:0.0716668
SimpleCombatModel:0.07067284
NationType:0.066293746
GoodsType:0.06584487
IndianSettlement:0.065762445
ColonyTile:0.064719185
UnitType:0.059615806
EquipmentType:0.059543736
Resource:0.039249454
FreeColObject:0.038543507
ProductionCache:0.032083575
Turn:0.028462844
