ResourceManager:0.10669438
Resource:0.03030621
ResourceFactory:0.027845258
