ResourceManager:0.09729203
Resource:0.038784888
ResourceFactory:0.019200945
