DrawingView:0.5733333333333334
SimpleDrawingView:0.44
SimpleSelectAreaTracker:0.2694444444444445
CreationTool:0.22666666666666666
SelectionTool:0.20666666666666667
HandleTracker:0.0938095238095238
SimpleHandleTracker:0.08
