GUI:0.47333333333333333
ImageLibrary:0.3466666666666667
TileType:0.3333333333333333
UnitLabel:0.19666666666666666
ImageProvider:0.1958730158730159
TerrainGenerator:0.18
TilePanel:0.15666666666666668
MiniMap:0.15
TileInfoPanel:0.11333333333333333
