Europe:0.3799794
Settlement:0.3784973
Unit:0.36440432
Colony:0.36346522
Tile:0.36316726
UnitContainer:0.32804644
GoodsContainer:0.3266849
ModelController:0.31287163
Locatable:0.30660868
Goods:0.2460526
Player:0.22796439
WorkLocation:0.20668888
FreeColGameObject:0.14449655
