WikiUtil:0.1303002
LinkUtil:0.09217463
ImageUtil:0.06998601
WikiCache:0.052352026
SpamFilter:0.038278315
WikiLogger:0.010561523
