Widget:0.85
CalendarDesklet:0.3933333333333333
MToolBar:0.3763888888888889
