GITUserPassDialog:0.43083333333333335
GITCredentialsProvider:0.3333333333333333
Credentials:0.29161111111111115
GITRemoteRepository2:0.2633333333333333
