MainWindow:0.4955555555555555
Desktop:0.44666666666666666
DesktopPanel:0.38333333333333336
NoteWidgetPlugin:0.19722222222222224
AddWidgetAction:0.11666666666666667
NewWidgetAction:0.034166666666666665
