Buffer:0.7
JEditTextArea:0.39666666666666667
WorkThreadHandler:0.26666666666666666
