UI:0.72
MApplication:0.5473333333333333
Advanced:0.18
MButtonPanel:0.13444444444444442
