GUI:0.6566666666666666
OutForAnimationCallback:0.35333333333333333
UnitMoveAnimation:0.34
UnitImageAnimation:0.13666666666666666
