CategoryManager:0.8366666666666667
View:0.16666666666666666
