Mnemonic:0.7466666666666667
Help:0.43555555555555564
DocumentList:0.23333333333333334
