FreeColMenuBar:0.062392812
FullScreenFrame:0.03509253
InGameMenuBar:0.028067186
ImageLibrary:0.016312009
