PlayerExploredTile:0.44999018
TileItemContainer:0.4471925
Colony:0.24990384
ColonyTile:0.24377072
Unit:0.24300344
IndianSettlement:0.23456798
Player:0.19769055
TileImprovement:0.1976346
Resource:0.18928932
Europe:0.17801349
Building:0.16085885
Settlement:0.15495642
Goods:0.14450686
TileImprovementType:0.13561818
Map:0.1272841
Market:0.1257169
GoodsContainer:0.12184499
TileType:0.11822731
LostCityRumour:0.10833323
Game:0.10105537
SimpleCombatModel:0.099110246
ModelController:0.08451764
Region:0.076997265
FreeColGameObject:0.076457664
ModelMessage:0.070769064
FreeColObject:0.06844491
Location:0.067915656
TileItem:0.06653401
AbstractGoods:0.066244
UnitType:0.06502551
GoodsType:0.052925028
ResourceType:0.0523355
Modifier:0.044207223
PathNode:0.043902084
Locatable:0.037338432
CombatModel:0.03256788
Ownable:0.02962987
FreeColGameObjectType:0.026169987
Named:0.016238175
