UI:0.7466666666666667
ImageEditorCore:0.2833333333333333
MStatusBar:0.25666666666666665
ItemRenderer:0.24
NoteWidget:0.22222222222222224
MSplashScreen:0.14333333333333334
MenuButton:0.14333333333333334
MFontComboBox:0.14
