IEditor:0.641888888888889
MainWindowMenuHandler:0.38
MainWindowMenu:0.2966666666666667
EditorController:0.17
TMXEntry:0.10333333333333333
