MAction:0.8
Blend:0.38333333333333336
MApplication:0.35333333333333333
Preview:0.18666666666666668
