RectangleTool:0.18565363
Tool:0.082682595
SelectionTool:0.062634036
RedRectangleTool:0.04646069
