Desktop:0.2522042
WidgetInternalFrame:0.16593476
AppletWidget:0.013778035
SessionEvent:0.007179915
WidgetPlugin:0.0013271983
