Unit:0.82
AIUnit:0.35388888888888886
CashInTreasureTrainMission:0.35333333333333333
AIPlayer:0.25666666666666665
MapGenerator:0.21
