OSXApplication:0.20245676
MDIApplication:0.18957962
SDIApplication:0.18812677
Application:0.18196896
ApplicationModel:0.10390701
AppletApplication:0.09431699
View:0.0849292
Disposable:9.516983E-4
