jEdit:0.8933333333333333
EditPane:0.5633333333333334
EditServer:0.23
