ParserUtil:0.4
XMLUtil:0.3233333333333333
PaginationTag:0.27
XMLTopicFactory:0.25616666666666665
WikiVersion:0.25
RecentChange:0.23
TemplateTag:0.22333333333333333
UploadServlet:0.205
Watchlist:0.19666666666666666
WikiReferenceTag:0.17
AdminServlet:0.17
HtmlTag:0.15666666666666668
HtmlLinkTag:0.14333333333333334
WikiLogFormatter:0.11333333333333333
WikiSignatureTag:0.09333333333333334
