LinkUtil:0.44333333333333336
ImageUtil:0.38333333333333336
ParserUtil:0.36666666666666664
WikiImage:0.3233333333333333
WikiFile:0.25
