Archive:0.4266666666666667
FeedsFS:0.29333333333333333
FSProperties:0.2678730158730158
ArchiveItem:0.25
TreePanel:0.23583333333333334
FeedThread:0.21000000000000002
FeedComponent:0.16666666666666666
