Player:0.58
GameOptions:0.28
AIPlayer:0.27444444444444444
InGameController:0.27
InGameInputHandler:0.21333333333333335
AIInGameInputHandler:0.18444444444444444
PreGameController:0.15
