jEdit:0.63
BufferSet:0.51
BufferSetListener:0.44616666666666677
BufferSetManager:0.2733333333333333
EditPane:0.19666666666666666
BufferSwitcher:0.182
BufferSetAdapter:0.13666666666666666
ViewOptionPane:0.11333333333333333
