JFlexParser:0.8133333333333334
ParserTest:0.38666666666666666
WikiReferencesTag:0.17
