InGameController:0.54
Client:0.4766666666666667
Game:0.42
Canvas:0.37333333333333335
LootCargoSwingTask:0.29
ServerPlayer:0.27666666666666667
FreeColClient:0.27
ServerUnit:0.21666666666666667
NewLandNameMessage:0.2111111111111111
AIMain:0.20666666666666667
AIMessage:0.20333333333333334
StatisticsModel:0.2
AIInGameInputHandler:0.16833333333333333
InGameInputHandler:0.16333333333333333
FoundingFatherSwingTask:0.16
NewRegionNameMessage:0.15111111111111108
StatisticsPanel:0.10166666666666667
LootCargoMessage:0.09333333333333334
ShowInputDialogSwingTask:0.056111111111111105
