IndianSettlement:0.6
InGameController:0.30050000000000004
InGameInputHandler:0.2771666666666667
IndianSettlementPanel:0.13
