OpenXMLOptions:0.067773916
OpenXMLFilter:0.029117255
