DataHandler:0.093781166
SearchEngine:0.06250025
Environment:0.044735286
DataAccessException:0.0064740167
WikiException:0.003377373
