Buffer:0.19683923
JEditTextArea:0.18288776
CompleteWord:0.15501839
Abbrevs:0.15415104
KeywordMap:0.14140882
MiscUtilities:0.13260028
SearchAndReplace:0.047909476
Token:0.019983752
