EditorCrypto:0.13494132
WebBrowserEditor:0.06048313
AbstractTextEditor:0.056392334
NavigationUtils:0.051960003
EditorPlugin:0.020642238
ConsoleTab:0.014657959
SimpleEditor:0.013464212
Actions:0.008225225
AnnotationBar:0.0018549805
