FS:0.68
SummaryData:0.28
Group:0.25
MProcess:0.24
MFrame:0.21333333333333335
Button:0.20777777777777778
FileCache:0.18444444444444444
