HsqlDateTime:0.5433333333333333
jdbcPreparedStatement:0.3
AllTests:0.25666666666666665
TestSql:0.24
TestBug778213:0.23666666666666666
RowInputBinary:0.21
TestLikePredicateOptimizations:0.15666666666666668
TestBase:0.15333333333333332
TestDateTime:0.15333333333333332
