Widget:0.5766666666666667
MInternalFrame:0.45
MetalTitle:0.2633333333333333
MetalUI:0.23333333333333334
