TaskTable:0.02804203
Task:0.014476759
