CalcMatchStatistics:0.15054516
StatCount:0.13416986
Statistics:0.020824943
