Statement:0.15172373
Session:0.09871304
SchemaManager:0.056189522
Database:0.053909946
TransactionManagerMV2PL:0.050837528
TransactionManager2PL:0.048712928
StatementDML:0.04694203
TransactionManagerMVCC:0.04410135
TransactionManager:0.04101153
