FreeColServer:0.7366666666666667
UserConnectionHandler:0.29
PreGameController:0.21666666666666667
