MiscUtilities:0.5066666666666667
PluginJAR:0.47
Remove:0.39666666666666667
OperatingSystem:0.25
PluginTableModel:0.23
Unix:0.22666666666666666
RemoveButton:0.21666666666666667
HeaderMouseHandler:0.20666666666666667
TextAreaMouseHandler:0.19
MouseOptionPane:0.16
ManagePanel:0.12333333333333334
MouseHandler:0.07333333333333333
