SegmentationCustomizer:0.38
FilterEditor:0.31
InstanceEditor:0.2866666666666667
FiltersCustomizer:0.26666666666666666
ProjectPropertiesDialog:0.22
FontSelectionDialog:0.19
SaveOptionsDialog:0.15666666666666668
DictionaryInstallerDialog:0.11
TagProcessingOptionsDialog:0.10333333333333333
WorkflowOptionsDialog:0.10333333333333333
ProjectFilesList:0.03
TitledTablePanel:0.03
