ResourceBundleFilter:0.45
PoFilter:0.36
ResourceBundleFilterTest:0.2
INIFilter:0.16333333333333333
AlignFilesCallback:0.13666666666666666
IAlignCallback:0.12853968253968254
