Entry:0.36
DefaultXMLDialect:0.3433333333333333
Handler:0.34
XMLContentBasedTag:0.31
TestFilterBase:0.24
XLIFFDialect:0.19666666666666666
XLIFFFilterTest:0.17333333333333334
XMLIntactTag:0.0725
