UI:0.8366666666666667
MIcon:0.49666666666666665
TangoIconLoader:0.18333333333333332
