JEditTextArea:0.5133333333333333
ChunkCache:0.36333333333333334
FirstLine:0.29883333333333334
BufferChangeHandler:0.14444444444444446
