Result:0.65
Session:0.39666666666666667
StatementDMQL:0.2966666666666667
StatementManager:0.23333333333333334
StatementInsert:0.19666666666666666
TestDatabaseMetaData:0.14222222222222225
