InGameController:0.47333333333333333
DiplomacyMessage:0.37666666666666665
RefreshCanvasSwingTask:0.2594444444444445
ServerAPI:0.22333333333333333
InGameInputHandler:0.21
TransactionSession:0.14333333333333334
ShowMessageSwingTask:0.1
DiplomacySwingTask:0.09
