QueryHandler:0.7637698412698413
DefaultQueryHandler:0.5063492063492064
DatabaseHandler:0.3433333333333333
