AbbrevsOptionPane:0.14065048
Buffer:0.1189741
jEdit:0.10826813
JEditTextArea:0.084700264
TextUtilities:0.062016964
MiscUtilities:0.05412495
View:0.05028009
Log:0.046963528
AddAbbrevDialog:0.04516792
Mode:0.041683342
StatusBar:0.040212385
