Unit:0.37880728
Tile:0.3598959
Player:0.32863212
IndianSettlement:0.3144887
Map:0.27160314
Colony:0.26737678
ColonyTile:0.22067446
Building:0.16090235
Game:0.12738591
Location:0.12630205
GoodsContainer:0.12496552
FreeColGameObject:0.12088927
GoodsTradeItem:0.10225747
DefaultCostDecider:0.09622433
Locatable:0.07037624
ColonyTradeItem:0.068332836
Ownable:0.06719875
ModelMessage:0.060691908
FreeColGameObjectListener:0.037014425
