MTabbedPane:0.11913459
MGraphics2D:0.110264115
MBorder:0.07320376
MCalendarPanel:0.07057123
UI:0.06934887
MColorChooser:0.057415828
MToolBar:0.05521288
