JEditTextArea:0.5066666666666667
TextAreaPainter:0.3316666666666666
MemoryStatus:0.26
MouseHandler:0.1311111111111111
