JFlexParser:0.49
JFlexLexer:0.4533333333333333
WikiBoldItalicTag:0.22
AbstractHeadingTag:0.17333333333333334
ImageLinkTag:0.14666666666666667
AbstractJAMWikiLexer:0.09666666666666666
