PluginComboBox:0.49666666666666665
Vars:0.47350000000000014
Tree:0.45166666666666666
