TK:0.91
Desktop:0.25333333333333335
DeskletWidget:0.24
ConsoleConfig:0.21777777777777782
