EuropePanel:0.309441
ColonyPanel:0.28422838
DefaultTransferHandler:0.23062058
DragListener:0.17328072
UnitLabel:0.07467028
GoodsLabel:0.058335878
MarketLabel:0.03870732
FreeColPanel:0.030804183
