GHNSDialog:0.5966666666666667
StuffRenderer:0.52
PluginRenderer:0.18333333333333332
PluginDownloader:0.09666666666666666
