SearchAndReplace:0.5633333333333334
XSearchPanel:0.3433333333333333
ToggleButton:0.29833333333333334
XSearch:0.2633333333333333
Button:0.19
ButtonActionHandler:0.12777777777777777
SettingsActionHandler:0.07150793650793649
