Tracker:0.6233333333333333
TrackerItem:0.6113888888888889
