MetaInfo:0.7966666666666666
MainWindow:0.36
PropertiesBar:0.35
ShowHidePropertiesBarAction:0.16111111111111112
