EditorController:0.076642975
SegmentBuilder:0.018236635
IEditor:0.013297927
EditorTextArea3:0.007636599
EditorPopups:0.0069317683
