WikiUser:0.64
WikiDatabase:0.44333333333333336
AnsiQueryHandler:0.31666666666666665
AnsiDataHandler:0.27666666666666667
DatabaseUpgrades:0.18333333333333332
SetupServlet:0.17333333333333334
