ClassVisitor : 0.878459
NameSpace : 0.76117027
ConsoleInterface : 0.9040173
Type : 0.7770058
Primitive : 0.76294094
SimpleNode : 0.8050535
Interpreter : 0.7812772
Variable : 0.8048831
Parser : 0.7803099
Types : 0.7524571
EvalError : 0.79748005
Name : 0.7651108
CallStack : 0.79198706
Reflect : 0.76583326
JJTParserState : 0.7918186
CodeVisitor : 0.8279927
ClassPathListener : 0.9180778
TargetError : 0.7899791
ExternalNameSpace : 0.7824511
BshClassManager : 0.78058606
UtilEvalError : 0.789141
This : 0.77211577
EditServer : 0.74095637
BSHAmbiguousName : 0.7831312
Modifiers : 0.77497524
ParserTokenManager : 0.7594672
BshMethod : 0.8168129
ClassWriter : 0.76412463
Capabilities : 0.78055453
CodeWriter : 0.7532067
ParseException : 0.76818806
BSHType : 0.7989186
BshClassPath : 0.79290384
ClassManagerImpl : 0.7671306
ParserConstants : 0.8780676
Edge : 0.0
JThis : 0.78032297
StringUtil : 0.7739029
LHS : 0.731694
ClassGeneratorUtil : 0.7803835
JavaCharStream : 0.76939887
UtilTargetError : 0.7754985
ParserTreeConstants : 0.86964065
ClassGenerator : 0.788542
BSHFormalParameter : 0.79145193
ReturnControl : 0.0
CollectionManager : 0.7971806
ByteVector : 0.7451373
BshIterator : 0.89597476
BlockNameSpace : 0.7928563
BSHBlock : 0.78064483
Label : 0.745835
ReflectManager : 0.78853744
dir : 0.7858576
Token : 0.77184594
BSHTernaryExpression : 0.76762104
BshClassLoader : 0.7852882
Item : 0.7688077
Remote : 0.7765286
Constants : 0.8869555
ReflectError : 0.0
BSHArguments : 0.80997515
BSHIfStatement : 0.77364236
InterpreterError : 0.0
BSHPrimaryExpression : 0.77527773
BSHWhileStatement : 0.7309853
BSHReturnType : 0.76268315
ClassIdentifier : 0.80798084
BSHVariableDeclarator : 0.81214905
BSHTryStatement : 0.7433861
BSHArrayInitializer : 0.7666583
BSHImportDeclaration : 0.74973744
BSHThrowStatement : 0.7599588
BSHReturnStatement : 0.77739173
BSHEnhancedForStatement : 0.77285916
BSHPackageDeclaration : 0.75387126
BSHLiteral : 0.7395872
BSHStatementExpressionList : 0.7814216
BSHAllocationExpression : 0.77026755
BSHFormalParameters : 0.7911617
ClassGeneratorImpl : 0.75429094
BSHTypedVariableDeclaration : 0.78044784
BSHMethodDeclaration : 0.77353007
BSHPrimarySuffix : 0.7624892
CommandLineReader : 0.7705702
CollectionIterator : 0.7945539
XThis : 0.77174187
DelayedEvalBshMethod : 0.80687284
CollectionManagerImpl : 0.7952009
BSHSwitchLabel : 0.78001165
BSHArrayDimensions : 0.7870025
BSHCastExpression : 0.7737235
NameSource : 0.87165815
BSHForStatement : 0.77982265
TokenMgrError : 0.74584335
BSHUnaryExpression : 0.7780816
BSHPrimitiveType : 0.86006767
BSHMethodInvocation : 0.7811264
BSHBinaryExpression : 0.7783515
BSHClassDeclaration : 0.7868806
BSHSwitchStatement : 0.7615124
DiscreteFilesClassLoader : 0.7845932
BSHAssignment : 0.7482756
BSHFormalComment : 0.0
ReflectManagerImpl : 0.7711016
ClassPathException : 0.0
