Autosave : 0.8591822
SaveBackupOptionPane : 0.84276426
