BufferHistory : 0.8550624
PerspectiveManager : 0.84711945
ModeProvider : 0.8558719
JEditKillRing : 0.90263087
JEditRegisterSaver : 0.8634279
