BufferHistory : 0.82125354
PerspectiveManager : 0.82082886
JEditRegisterSaver : 0.8201416
JEditKillRing : 0.83056706
