JEditBuffer : 0.85526055
Buffer : 0.84818244
