EnhancedMenuItem : 0.86442053
EnhancedCheckBoxMenuItem : 0.8543538
