JEditVisitorAdapter : 0.75822836
JEditVisitor : 0.714427
Buffer : 0.67546254
View : 0.8302758
CompleteWord : 0.6694823
SaveCaretInfoVisitor : 0.71884173
SetCursorVisitor has been removed due to the repository version iteration
