BufferLoadRequest : 0.7277014
EncodingWithBOM : 0.76519656
CharsetEncoding : 0.79905117
