jEdit : 0.6831106
View : 0.6772114
ActionHandler has been removed due to the repository version iteration
BufferSwitcher : 0.83404076
EditPane : 0.8525939
ViewOptionPane : 0.8241086
