jEdit : 0.67881244
View : 0.67302597
ActionHandler has been removed due to the repository version iteration
BufferSwitcher : 0.82546765
EditPane : 0.85341716
ViewOptionPane : 0.8220306
