View : 0.6851117
VFSBrowser : 0.84561217
SearchBar : 0.83833015
ActionBar : 0.84248304
