BufferSet : 0.66623515
BufferSetListener : 0.73408747
BufferSetManager : 0.67649245
EditPane : 0.67071956
BufferSwitcher : 0.67318994
BufferSetAdapter : 0.74037725
ViewOptionPane : 0.6410598
