BufferSetManager : 0.6757535
EditPane : 0.6728102
ViewOptionPane : 0.6434947
