GrabKeyDialog : 0.85136795
TextAreaInputHandler : 0.84310794
