jEdit : 0.6693937
JEditActionContext : 0.8366368
MouseActions : 0.8218142
JEditTextArea : 0.8654322
