JEditTextArea : 0.8040714
EditPane : 0.7855118
