JEditTextArea : 0.8461057
EditPane : 0.8489988
