DynamicContextMenuService : 0.7755762
JEditTextArea : 0.84621614
EditPane : 0.84896183
