EditPane : 0.6841355
BufferSet : 0.6670352
BufferSetManager : 0.6843861
ViewOptionPane : 0.65646106
