BufferSetManager : 0.6790685
EditPane : 0.67211187
