FirstLine : 0.87431437
ScrollLineCount : 0.83163947
