SearchDialog : 0.84448326
PatternSearchMatcher : 0.8429985
SearchBar : 0.8465175
