CloseDialog : 0.691803
SaveBackupOptionPane : 0.67640436
