jEdit : 0.6781768
CloseDialog : 0.8472679
