TextAreaPainter : 0.85712475
BufferHandler : 0.86889416
