TextAreaPainter : 0.85730046
JEditBuffer : 0.8536828
jEdit : 0.66675633
StandaloneTextArea : 0.837166
ModeProvider : 0.8453056
Registers : 0.84373724
TextAreaMouseHandler : 0.8559309
JEditTextArea : 0.8650443
JEditEmbeddedTextArea : 0.0
