View : 0.67595214
BufferSwitcher : 0.82452345
