Gutter : 0.7783523
EditPane : 0.7650562
GutterOptionPane : 0.7663783
SquareFoldPainter : 0.90164864
CircleFoldPainter : 0.9016004
TriangleFoldPainter : 0.8858842
