Gutter : 0.8518668
JEditTextArea : 0.8617468
GutterOptionPane : 0.83319694
EditPane : 0.8604421
