PatternSearchMatcher : 0.76084214
SearchAndReplace : 0.7428519
HyperSearchRequest : 0.7129851
