BufferSetManager : 0.8625922
BufferSetListener : 0.7750016
EditPane : 0.85318804
BufferSetAdapter : 0.8050613
