EditPane : 0.67522895
EditServer : 0.66162616
