PluginsProvider : 0.86956227
MacrosProvider : 0.8840296
RecentDirectoriesProvider : 0.8619899
