FilePropertiesDialog : 0.84538424
BrowserCommandsMenu : 0.8588182
