StandardUtilities : 0.83987737
jEdit : 0.66522264
