BufferSetManager : 0.67192733
View : 0.68083614
EditPane : 0.6714128
