BufferSetManager : 0.84977025
PerspectiveManager : 0.84647846
