BufferSet : 0.77978027
BufferSetAdapter : 0.88192534
