Registers : 0.8435495
JEditTextArea : 0.86211026
