EditPane : 0.85661745
GutterPopupHandler : 0.7925254
MouseHandler : 0.8500753
GutterOptionPane : 0.83418655
