Gutter : 0.8555109
EditPane : 0.86092293
GutterOptionPane : 0.8564192
