EditPane : 0.8591993
GutterOptionPane : 0.85428065
