EditPane : 0.85974044
GutterOptionPane : 0.8554942
