BufferUndoListener : 0.7074303
UndoManager : 0.85500014
