FoldHandler : 0.8386054
IndentFoldHandler : 0.85552263
