TipOfTheDay : 0.8645779
BufferChanging : 0.8663695
