HelpIndex : 0.66395825
HelpTOCPanel : 0.6455084
