jEdit : 0.81143624
HelpIndex : 0.6642974
HelpTOCPanel : 0.6458188
