FileVFS : 0.8531818
StandaloneTextArea : 0.8420734
PluginList : 0.6409223
