Buffer : 0.67541224
Mode : 0.8601755
JEditTextArea : 0.8490869
ParserRuleSet : 0.8463918
VFSBrowser : 0.6780958
Macros : 0.85498893
HyperSearchResult : 0.8468244
XModeHandler : 0.83578223
DefaultInputHandler : 0.84210396
PastePrevious : 0.8144202
TokenMarker : 0.84062916
SearchAndReplace : 0.8470729
JARClassLoader : 0.86062676
PosBottomHalf has been removed due to the repository version iteration
HyperSearchRequest : 0.8576925
TextUtilities : 0.83221257
Token : 0.8441641
OffsetManager : 0.83281296
ModeOptionPane : 0.8545402
TokenList has been removed due to the repository version iteration
CurrentDirectoryMenu : 0.8519645
RecentDirectoriesMenu : 0.8453592
EditingOptionPane : 0.8479981
ErrorEntry has been removed due to the repository version iteration
