Buffer : 0.6898894
FoldVisibilityManager : 0.85743546
DefaultInputHandler : 0.8454344
SearchAndReplace : 0.8461782
View : 0.85630274
