BrowserView : 0.856051
FoldVisibilityManager : 0.8568862
BrowserIORequest : 0.8364884
VFSBrowser : 0.6664461
TextAreaPainter : 0.8611575
BufferPrintable : 0.85209227
