TextAreaPainter : 0.8552591
Gutter : 0.85335547
