Buffer : 0.6715386
FoldVisibilityManager : 0.8375225
JEditTextArea : 0.84790367
ChunkCache : 0.8497545
TextAreaPainter : 0.8429047
EditPane : 0.8561044
Gutter : 0.84004563
TipOfTheDay : 0.8559959
LineInfo has been removed due to the repository version iteration
