Buffer : 0.68431336
TextAreaPainter : 0.85527825
