TextUtilities : 0.83320653
JEditTextArea : 0.84701383
BufferIORequest : 0.86241126
