ChunkCache : 0.86827266
SearchAndReplace : 0.84410816
HistoryModel : 0.8467884
