MiscUtilities : 0.823684
BufferIORequest : 0.83580357
