VFS : 0.8237177
FileVFS : 0.8420047
VFSBrowser : 0.6588225
