DefaultInputHandler : 0.8638733
IndentFoldHandler : 0.86981255
