MultiSelectStatusChanged : 0.0
View : 0.85373724
BrowserView : 0.85581857
