DockableWindowManager : 0.7780831
PanelWindowContainer : 0.6642925
SyntaxHiliteOptionPane : 0.66951674
