MacOSPlugin : 0.7625413
AbbrevsOptionPane : 0.7505661
MacOSHandler : 0.7654498
MacOSMenu : 0.79122055
MacOSOptionPane : 0.7585685
ScriptsMenu : 0.77272636
ShowBufferMenu : 0.78777575
ShowRecentDirMenu : 0.7747682
ShowRecentMenu : 0.7744504
MacOSActions : 0.75159985
