GlobalOptions : 0.8271875
OptionsDialog : 0.6679706
