Reflect : 0.7260906
NameSpace : 0.7203294
Name : 0.7175931
Remote : 0.8135028
BSHLHSPrimarySuffix : 0.697464
BSHUnaryExpression : 0.729243
Handler : 0.7698656
BSHArrayDimensions : 0.737468
Console : 0.71956134
