JEditTextArea : 0.83036
FileVFS : 0.8423144
SearchAndReplace : 0.8295339
VFSBrowser : 0.6601892
