View : 0.85414946
AnimatedIcon : 0.8455737
SplashScreen : 0.8434338
