VFSBrowser : 0.67177767
BufferIORequest : 0.84709144
