FileVFS : 0.8549679
VFS : 0.83413315
BufferIORequest : 0.8617632
