DefaultInputHandler : 0.8452439
Autosave : 0.85988694
ChunkCache : 0.8683614
