SearchDialog : 0.8488265
InstallPluginsDialog : 0.8316205
BufferListSet : 0.8484886
PluginListHandler : 0.82982594
SettingsReloader : 0.8463284
