jEdit : 0.6765569
JEditTextArea : 0.6851755
ParserRuleSet : 0.6954913
