Buffer : 0.6858894
OffsetManager : 0.8549491
BufferIORequest : 0.8581359
