SearchAndReplace : 0.86376196
HistoryModel : 0.8567232
BeanShellAction : 0.8579012
