OperatingSystem : 0.8353919
GUIUtilities : 0.84918404
