JEditTextArea : 0.68260926
Word has been removed due to the repository version iteration
ChunkCache : 0.69099677
OffsetManager : 0.68215334
HelpIndex : 0.8036849
