Buffer : 0.67527956
EditServer : 0.85267913
LoadSaveOptionPane : 0.855258
