EnhancedMenuItem : 0.7841748
EnhancedCheckBoxMenuItem : 0.7869605
