PluginJAR : 0.8436641
GUIUtilities : 0.84958845
JARClassLoader : 0.85405993
VFSFileNameField : 0.85728794
LatestVersionPlugin : 0.0
PluginUpdate : 0.81670064
