Buffer : 0.6882712
Mode : 0.83898056
jEdit : 0.8222219
ParserRuleSet : 0.85133785
XModeHandler : 0.8322089
TokenMarker : 0.85806036
TextUtilities : 0.8505691
DefaultTokenHandler : 0.86442333
KeywordMap : 0.8530475
CharIndexedSegment : 0.85361624
SyntaxUtilities : 0.87645555
