VariableGridLayout : 0.80797434
ActionSet : 0.6448174
View : 0.852421
PluginJAR : 0.8468561
PluginTableModel has been removed due to the repository version iteration
SearchBar : 0.83816326
