HelpTOCPanel : 0.65344554
EditAction : 0.68522155
PluginsMenu : 0.6451242
