Buffer : 0.67310476
PluginJAR : 0.8528326
PanelWindowContainer : 0.83276504
