View : 0.85291326
Roster : 0.6540927
