ActionSet : 0.66347885
GeneralOptionPane : 0.85054755
Registers : 0.8484349
DockableWindowManager : 0.8409846
ServiceManager : 0.6405933
PluginList : 0.83970505
AppearanceOptionPane : 0.862479
PerspectiveManager : 0.85482544
GlobalOptions : 0.84690654
BufferHistory : 0.67210364
HelpTOCPanel : 0.84752405
