BrowserView : 0.69925857
VFSFileNameField : 0.6950811
