Registers : 0.687937
BrowserCommandsMenu : 0.6598835
