KillRing : 0.81480604
HistoryModel : 0.8542067
UndoManager : 0.84272605
BrowserView : 0.8442834
HyperSearchRequest : 0.8503423
Registers : 0.84664315
VFSFileChooserDialog : 0.84858364
