ChunkCache : 0.83417326
DockableWindowManager : 0.84112906
LogList has been removed due to the repository version iteration
BufferIORequest : 0.85733575
PanelWindowContainer : 0.83359915
TokenMarker : 0.8402742
PluginJAR : 0.85193235
CompleteWord : 0.8359129
EnhancedMenu : 0.8117687
LogViewer : 0.8474951
AbbrevsOptionPane : 0.8481202
PluginManager : 0.8548706
IntegerArray : 0.85397285
TextRenderer has been removed due to the repository version iteration
GutterOptionPane : 0.8048869
