DisplayTokenHandler : 0.753614
TokenMarker : 0.72453916
ChunkCache : 0.744258
DefaultTokenHandler : 0.7839608
BufferPrintable : 0.7097664
FilesChangedDialog : 0.71902144
DummyTokenHandler : 0.87380135
