TokenMarker : 0.6672045
jEdit : 0.67140263
ParserRuleSet : 0.6897416
UndoManager : 0.6897588
KeyEventWorkaround : 0.65016943
KeywordMap : 0.6902442
XModeHandler : 0.6790351
InputPane has been removed due to the repository version iteration
