Buffer : 0.6723257
GUIUtilities : 0.8478242
BufferPrintable : 0.84772575
PluginTableModel has been removed due to the repository version iteration
View : 0.85205024
ManagePanel : 0.850737
BufferPrinter1_4 : 0.8607796
BufferPrinter1_3 : 0.8430686
