VFS : 0.83669263
TokenMarker : 0.84073937
SearchDialog : 0.8401128
OSTask has been removed due to the repository version iteration
FileVFS : 0.8520089
VFSDirectoryEntryTable : 0.85300314
InstallThread : 0.8544188
