NameSpace : 0.6886185
Primitive : 0.7038028
Reflect : 0.6966205
EvalError : 0.71100944
Interpreter : 0.7782604
UtilEvalError : 0.70578855
BshMethod : 0.7248499
This : 0.67897826
Variable has been removed due to the repository version iteration
ParserTokenManager : 0.74397683
Name : 0.6991308
BshClassManager : 0.687789
JThis : 0.6988627
ClassNameSpace : 0.7050692
BSHArguments : 0.7423036
LHS : 0.69576865
LookaheadSuccess has been removed due to the repository version iteration
SignatureKey has been removed due to the repository version iteration
StringUtil : 0.6973171
BSHAmbiguousName : 0.7073624
Modifiers : 0.6882728
BSHUnaryExpression : 0.732526
BSHPrimarySuffix : 0.70408326
JavaCharStream : 0.7017337
BSHArrayInitializer : 0.6945716
BSHBlock : 0.7013206
BSHBinaryExpression : 0.72839934
Handler : 0.67556614
CollectionManager : 0.6981474
BshIterator : 0.7585667
dir : 0.69018096
XThis : 0.6790255
BSHAllocationExpression : 0.7022191
BSHTypedVariableDeclaration : 0.72667783
BlockNameSpace : 0.69967926
BSHArrayDimensions : 0.70204836
BSHTryStatement : 0.7083514
Remote : 0.7337461
BSHVariableDeclarator : 0.7455149
ParserConstants : 0.7472789
ParserTreeConstants : 0.74055195
BSHSwitchStatement : 0.73151803
BSHAssignment : 0.72199756
BSHPrimaryExpression : 0.7127484
ClassIdentifier : 0.6820556
BSHEnhancedForStatement : 0.72225803
CollectionIterator : 0.68599045
CollectionManagerImpl : 0.6976919
Console : 0.65403235
BSHMethodDeclaration : 0.6922586
BSHClassDeclaration : 0.6844251
