BufferOptions : 0.6410386
BrowserCommandsMenu : 0.6415258
GeneralOptionPane : 0.6293482
