Buffer : 0.67050606
GUIUtilities : 0.8475087
OperatingSystem : 0.8342602
MiscUtilities : 0.6474483
EditPane : 0.8543686
HistoryModel : 0.8524929
PluginJAR : 0.85253227
FileVFS : 0.85278857
BufferIORequest : 0.8565664
AbbrevsOptionPane : 0.8472568
CompleteWord : 0.83636874
JARClassLoader : 0.8487697
EditingOptionPane : 0.85341877
TextAreaTransferHandler has been removed due to the repository version iteration
BufferOptions : 0.8637541
