FilesChangedDialog : 0.6309215
RolloverButton : 0.6288733
