jEdit : 0.8505568
XmlParser : 0.7963494
SplashScreen : 0.83583856
BeanShell : 0.84318566
SearchDialog : 0.83407444
ButtonLayout has been removed due to the repository version iteration
BufferListSet : 0.8478351
Debug : 0.0
