PluginJAR : 0.85194826
DockableWindowManager : 0.8407071
