View : 0.8508976
PerspectiveManager : 0.8539991
Autosave : 0.861653
