JEditTextArea : 0.85214406
Abbrevs : 0.85545224
