MiscUtilities : 0.65949076
JEditMetalTheme15 : 0.837574
JEditMetalTheme14 : 0.837574
Install : 0.8539869
