EditPane : 0.6370959
PerspectiveManager : 0.6465444
