MiscUtilities : 0.6576157
BufferIORequest : 0.85297906
GeneralOptionPane : 0.8464133
FileVFS : 0.85097694
GlobalOptions : 0.8453326
SaveBackupOptionPane : 0.83175564
TextAreaOptionPane : 0.8098062
