TextAreaPainter : 0.85972106
DisplayManager : 0.865737
MouseHandler : 0.87363106
ScrollLayout : 0.83891505
TextAreaBorder : 0.82942873
