View : 0.824506
TextAreaOptionPane : 0.7845324
