DefaultInputHandler : 0.82729906
EditPane : 0.857192
