jEdit : 0.8496226
JEditTextArea : 0.85257477
FileVFS : 0.844442
DisplayManager : 0.85356194
InputHandler : 0.8353524
HistoryTextArea : 0.8328459
BufferIORequest : 0.8558542
PositionManager : 0.8507267
BrowserCommandsMenu : 0.84135735
PosBottomHalf has been removed due to the repository version iteration
