EditPane : 0.85688317
BeanShell : 0.83774716
