Debug : 0.0
GUIUtilities : 0.8422316
View : 0.8532252
BeanShell : 0.8378873
