SearchDialog : 0.79740214
DefaultInputHandler : 0.81101257
BufferHistory : 0.8196745
EBMessage : 0.8598376
BufferUpdate : 0.84904385
