JEditTextArea : 0.86476284
FirstLine : 0.87928843
ScrollLineCount : 0.8273946
MouseHandler : 0.8599354
BufferChangeHandler : 0.8777356
Anchor : 0.84392947
RangeMap : 0.86311966
