JEditTextArea : 0.8531762
KeyEventTranslator : 0.83928376
