JEditTextArea : 0.84731627
KillRing : 0.8333172
PerspectiveManager : 0.8553509
TextUtilities : 0.8269728
BufferLoadRequest : 0.8609907
