GlobalOptions : 0.8470239
CombinedOptions : 0.8526231
GlobalOptionGroup : 0.0
GeneralOptionPane : 0.8408066
BufferOptionPane : 0.8458302
OptionDialog : 0.8443162
OptionGroupPane : 0.84734017
PluginOptionGroup : 0.8511813
