GrabKeyDialog : 0.7760007
DefaultInputHandler : 0.78656715
