PluginManagerProgress : 0.6399634
Install : 0.65595466
