Abbrevs : 0.8578817
BufferChanging : 0.86430126
