VFS : 0.6775546
BufferIORequest : 0.6826228
