MiscUtilities : 0.6543279
MirrorList : 0.81642264
PluginList : 0.83808297
