IOUtilities : 0.65063876
VFS : 0.6751848
VFSFile : 0.6646534
Install : 0.65591544
StandardUtilities : 0.66252047
BufferSaveRequest : 0.6520338
BufferLoadRequest : 0.65814346
BufferInsertRequest : 0.63819414
BufferAutosaveRequest : 0.6514608
