GlobalOptions : 0.6495997
BufferOptions : 0.62754846
GeneralOptionPane : 0.62169737
BrowserCommandsMenu : 0.63066727
EncodingsOptionPane : 0.6590102
