Type : 0.7859385
Reflect : 0.7764953
Primitive : 0.7651071
Parser : 0.7396815
Types : 0.75536513
CodeVisitor : 0.86880267
ClassPathListener : 0.8916581
Interpreter : 0.77405894
Modifiers : 0.779529
Capabilities : 0.7773863
NameSpace : 0.77279645
BshClassManager : 0.7768528
BshMethod : 0.81111
BshClassPath : 0.78741837
Name : 0.76533425
ClassWriter : 0.77631545
CodeWriter : 0.76582044
ParserTokenManager : 0.74350053
BeanShell : 0.74461305
ClassGeneratorUtil : 0.7857939
ClassManagerImpl : 0.7643866
Edge : 0.0
ExternalNameSpace : 0.7826766
BSHPrimarySuffix : 0.76320285
Constants : 0.8631195
BSHLiteral : 0.73660433
ClassGeneratorImpl : 0.7636925
BSHBinaryExpression : 0.7702566
BSHArrayInitializer : 0.7623008
CustomClassManager has been removed due to the repository version iteration
Remote : 0.7295272
BSHEnhancedForStatement : 0.7674549
BSHTryStatement : 0.73156935
ByteVector : 0.7422314
BshClassLoader : 0.78144246
Item : 0.7857559
Label : 0.74690044
DiscreteFilesClassLoader : 0.7900628
