RegexpIndentRule : 0.8535374
DeepIndentRule : 0.855298
IndentRule : 0.74455744
CloseBracketIndentRule : 0.859563
OpenBracketIndentRule : 0.8703881
