Log : 0.6575757
HelpViewer : 0.6578365
