Interpreter : 0.8013681
JARClassLoader : 0.6566805
NameSpace : 0.6822547
