JEditTextArea : 0.6650609
RecentFilesMenu : 0.6450338
