VFSFileChooserDialog : 0.85151726
CharIndexedSegment : 0.8110563
