Buffer : 0.6731029
FoldVisibilityManager : 0.8357024
TokenMarker : 0.8395755
JEditTextArea : 0.8498131
Abbrevs : 0.85892224
MiscUtilities : 0.8383718
FileVFS : 0.8585455
OffsetManager : 0.82696325
