OffsetManager : 0.6925066
FoldVisibilityManager : 0.67977065
LineElement : 0.6916937
RootElement : 0.6975961
IntegerArray : 0.68988055
