JEditTextArea : 0.6859115
OffsetManager : 0.6965152
ContentManager : 0.6948021
ReadWriteLock : 0.6657605
IntegerArray : 0.69428927
