BufferIORequest : 0.68124247
ContentManager : 0.6992312
SegmentBuffer : 0.68539417
