Buffer : 0.6768003
FoldVisibilityManager : 0.8387587
OffsetManager : 0.8233984
ContentManager : 0.83173585
BufferIORequest : 0.86249506
StatusBar : 0.8509732
ReadWriteLock : 0.8412319
MarkerHighlight : 0.8529021
IntegerArray : 0.85673517
