Buffer : 0.67836076
FoldVisibilityManager : 0.8403551
JEditTextArea : 0.84856725
OffsetManager : 0.8272772
FileVFS : 0.8587113
StatusBar : 0.85149884
BufferChangeHandler has been removed due to the repository version iteration
EditServer : 0.855539
