TargetError : 0.6825338
EvalError : 0.69930166
BshClassManager : 0.71343
Interpreter : 0.77272856
NameSpace : 0.67726296
ParserTokenManager : 0.7398853
BeanShell : 0.64698505
Reflect : 0.6843131
ParseException : 0.6760097
XThis : 0.65945125
BSHAllocationExpression : 0.6871562
BSHLHSPrimarySuffix : 0.66500056
BSHPrimarySuffix : 0.66865134
BSHMethodInvocation : 0.69610476
