JEditTextArea : 0.6892645
Gutter : 0.68813634
TextAreaPainter : 0.696707
