FoldVisibilityManager : 0.84992534
Buffer : 0.68905014
OffsetManager : 0.84655976
