MiscUtilities : 0.83027035
FoldVisibilityManager : 0.8494731
StatusBar : 0.8483934
MacOSPlugin : 0.0
