GeneralOptionPane : 0.8378009
SearchBar : 0.8527818
