GUIUtilities : 0.6699676
OffsetManager : 0.68357855
DockableWindowManager : 0.79285777
HelpViewer : 0.6651622
