EditAbbrevDialog : 0.8687586
AddAbbrevDialog : 0.8412668
