MiscUtilities : 0.6654318
JEditTextArea : 0.6895911
DirectoryEntry has been removed due to the repository version iteration
VFS : 0.68566483
FileCellRenderer : 0.6728509
GUIUtilities : 0.66960627
VFSBrowser : 0.6706869
BrowserIORequest : 0.6488036
BufferIORequest : 0.68088055
FileVFS : 0.67884934
DockableWindowManager : 0.78858423
BrowserView : 0.6669961
FloatingWindowContainer : 0.69802934
InputHandler : 0.6981891
MouseHandler has been removed due to the repository version iteration
CurrentDirectoryMenu : 0.659573
RecentFilesMenu : 0.6375346
VFSFileChooserDialog : 0.6714621
RecentDirectoriesMenu : 0.6333764
