jEdit : 0.6753512
ParserRuleSet : 0.69582134
JEditTextArea : 0.6872397
TextUtilities : 0.6864381
View : 0.68164164
FileVFS : 0.6723529
VFSBrowser : 0.8154598
BrowserView : 0.66314864
XModeHandler : 0.6654449
DocumentHandler has been removed due to the repository version iteration
FoldVisibilityManager : 0.67088985
BrowserJTree has been removed due to the repository version iteration
SearchBar : 0.68135613
Autosave : 0.6666579
