JEditTextArea : 0.6853105
TextAreaPainter : 0.6896148
MiscUtilities : 0.6637617
BufferIORequest : 0.6798577
