TextAreaPainter : 0.8422939
BufferPrintable : 0.8298507
PrintOptionPane : 0.84324396
BufferPrinter : 0.856577
