TextUtilities : 0.85204476
ChunkCache : 0.8719106
BufferPrintable : 0.851793
