JEditTextArea : 0.6865688
FoldVisibilityManager : 0.6729408
TextAreaPainter : 0.8222583
ChunkCache : 0.6934282
