MarkersMenu : 0.8530219
CurrentDirectoryMenu : 0.83310544
PluginsMenu : 0.0
