SearchDialog : 0.8455506
ErrorListDialog : 0.83903456
