Buffer : 0.6938721
IndentFoldHandler : 0.8294088
ExplicitFoldHandler : 0.820021
StatusBar : 0.8291107
MouseHandler has been removed due to the repository version iteration
ModeOptionPane : 0.84290886
DummyFoldHandler : 0.8693788
BufferOptions : 0.849221
EditingOptionPane : 0.8392847
