jEdit : 0.675321
JEditTextArea : 0.686733
BrowserView : 0.666501
BufferIORequest : 0.6840649
ContentManager : 0.69833386
