JARClassLoader : 0.8334129
MacOSPlugin : 0.0
ChunkCache : 0.8329896
RESearchMatcher : 0.86541235
