JEditTextArea : 0.686076
FoldVisibilityManager : 0.67541224
OffsetManager : 0.6836077
MiscUtilities : 0.6681354
FileVFS : 0.6758758
ChunkCache : 0.6849741
