JEditTextArea : 0.6856
FoldVisibilityManager : 0.672496
OffsetManager : 0.683397
ChunkCache : 0.68311626
SearchAndReplace : 0.69399244
