Interpreter : 0.7201903
BshClassManager : 0.8271308
dir : 0.86415476
BlockNameSpace : 0.8681761
