Reflect : 0.7693005
This : 0.76319295
TargetError : 0.7936245
XThis : 0.76346105
BSHLHSPrimarySuffix : 0.7296235
BSHPrimarySuffix : 0.74450254
Handler : 0.75860614
