TextUtilities : 0.85201097
BoyerMooreSearchMatcher : 0.83762276
RESearchMatcher : 0.86919194
