BeanShell : 0.8508815
Macros : 0.8504505
