VFSBrowser : 0.82271546
Abbrevs : 0.68001866
