SearchAndReplace : 0.8295452
HistoryModel : 0.8423936
