TokenMarker : 0.85852903
XModeHandler : 0.8329289
CharIndexedSegment : 0.8478416
