HelpTOCPanel : 0.881195
HelpViewer : 0.8861585
