SearchMatcher : 0.76745725
HyperSearchRequest : 0.84781265
BoyerMooreSearchMatcher : 0.8395058
RESearchMatcher : 0.86805755
