TokenMarker : 0.6427128
GutterOptionPane : 0.66166884
