HelpViewer : 0.8515672
StatusBar : 0.8431103
HelpIndex : 0.65463054
