ChunkCache : 0.8680198
VFSFileChooserDialog : 0.84729236
