AnimatedIcon : 0.6513873
HelpIndex : 0.7773259
