DockableWindowManager : 0.6714046
Autosave : 0.86070037
