Buffer : 0.68653965
BeanShell : 0.8370431
