JEditTextArea : 0.8475011
GUIUtilities : 0.849336
GenerateTocXML : 0.83301353
HelpTOCPanel : 0.8505874
