JEditTextArea : 0.6862632
OffsetManager : 0.68676835
GlobalOptions : 0.6753532
Install : 0.66820073
TextAreaPainter : 0.6916346
InstallThread : 0.6493876
