BeanShellErrorDialog : 0.6784315
BeanShell : 0.6735478
