View : 0.85425925
GUIUtilities : 0.8493499
Chunk : 0.8433755
RecentFilesMenu : 0.8181193
RecentDirectoriesMenu : 0.815235
DirectoryMenu : 0.8094072
EnhancedMenu : 0.79925865
MarkersMenu : 0.8273663
MacrosMenu : 0.8564697
