LongArray : 0.6922511
OffsetManager : 0.68137467
BufferIORequest : 0.6828235
