TextAreaPainter : 0.84606665
TextAreaOptionPane : 0.803976
