JEditTextArea : 0.8633124
TextAreaPainter : 0.8497628
DisplayTokenHandler : 0.8554981
ChunkCache : 0.87998
SyntaxStyle : 0.8434197
