TextAreaPainter : 0.81961626
TokenMarker : 0.8568106
Chunk : 0.8284277
XModeHandler : 0.83370113
PaintLineBackground has been removed due to the repository version iteration
PanelWindowContainer : 0.7939656
ActionBar : 0.8006284
BufferPrintable : 0.8151412
