JEditTextArea : 0.8262465
GUIUtilities : 0.8224533
Buffer : 0.6898541
TokenMarker : 0.8331441
Chunk : 0.82417536
OffsetManager : 0.8286953
StyleTableModel has been removed due to the repository version iteration
View : 0.8242513
Gutter : 0.82606936
ActionBar : 0.8149411
DisplayTokenHandler : 0.82458234
