OffsetManager : 0.8229465
InputHandler : 0.849413
EditAction : 0.8583873
SearchDialog : 0.8318058
ActionBar : 0.8361421
