Buffer : 0.67392844
GUIUtilities : 0.8497992
ActionSet : 0.84839684
TextAreaPainter : 0.84591264
ActionBar : 0.8380969
