DockableWindowManager : 0.8409643
ChunkCache : 0.8344885
