GUIUtilities : 0.84473205
RolloverButton : 0.8483626
EditPlugin : 0.81723404
EnhancedMenu : 0.8026479
