OffsetManager : 0.6808848
IntegerArray : 0.69420415
BufferIORequest : 0.68218
