FileVFS : 0.6782913
OperatingSystem : 0.7776951
