EnhancedMenuItem : 0.81322867
EnhancedCheckBoxMenuItem : 0.808989
