PluginJAR : 0.84373766
GUIUtilities : 0.84957236
JARClassLoader : 0.85441786
VFSFileNameField : 0.85739785
LatestVersionPlugin : 0.0
PluginUpdate : 0.8164828
