VFSDirectoryEntryTable : 0.8176218
XModeHandler : 0.8325408
TokenMarker : 0.858218
FileCellRenderer : 0.798482
