DockableWindowManager : 0.83839756
ParserRuleSet : 0.84654164
EditPlugin : 0.82785547
VFS : 0.8357082
View : 0.85220265
VFSBrowser : 0.68228805
PluginJAR : 0.8441492
Rect has been removed due to the repository version iteration
