GUIUtilities : 0.84852743
BeanShell : 0.8495564
EBMessage : 0.8282539
GlobalOptions : 0.8468811
EnhancedMenu : 0.81550986
MarkersProvider : 0.85396355
RecentDirectoriesProvider : 0.8486129
RecentFilesProvider : 0.8508425
EnhancedMenuItem : 0.85042304
DynamicMenuProvider : 0.7496409
MacrosProvider : 0.8615085
DirectoryProvider : 0.84906936
PluginsProvider : 0.86143523
EnhancedCheckBoxMenuItem : 0.8443881
