PluginJAR : 0.83296293
EnhancedMenu : 0.80682695
