Parser : 0.6930678
Primitive : 0.7698716
NameSpace : 0.82483935
Interpreter : 0.7042092
Reflect : 0.7971066
EvalError : 0.8381929
CallStack : 0.8314908
Name : 0.80885524
TargetError : 0.82474977
BshClassManager : 0.810803
StringUtil : 0.81621325
This : 0.8153183
UtilEvalError : 0.84048766
LHS : 0.8046705
BSHAmbiguousName : 0.8022586
JThis : 0.78692234
ParseException : 0.82061005
BSHType : 0.8339195
ReflectManager : 0.80259234
BSHCastExpression : 0.8072023
BSHAllocationExpression : 0.7956931
BSHArrayDimensions : 0.8072148
TypedVariable has been removed due to the repository version iteration
BSHPrimarySuffix : 0.81157446
BSHIfStatement : 0.79765147
BshMethod : 0.8228961
Handler : 0.7913116
UtilTargetError : 0.82883674
BSHLHSPrimarySuffix : 0.8072036
BSHBinaryExpression : 0.79779804
BSHThrowStatement : 0.81386805
BSHImportDeclaration : 0.8161933
XThis : 0.80678546
BSHUnaryExpression : 0.7970972
BSHArrayInitializer : 0.80390507
BSHReturnStatement : 0.81723773
BSHTypedVariableDeclaration : 0.82359564
BSHSwitchStatement : 0.8024882
BlockNameSpace : 0.8347862
BSHFormalParameter : 0.80971557
BSHMethodInvocation : 0.8142301
BSHTryStatement : 0.81219065
ReturnControl : 0.0
BSHReturnType : 0.7941574
BSHAssignment : 0.7888568
BSHFormalParameters : 0.8217729
SignatureKey has been removed due to the repository version iteration
BSHLHSPrimaryExpression : 0.81697387
BSHMethodDeclaration : 0.82424754
