ChunkCache : 0.8685451
HelpIndex : 0.6341691
HelpTOCPanel : 0.84877795
