DefaultInputHandler : 0.8468464
OptionsDialog : 0.66951406
ExtensionManager : 0.86272305
DisplayManager : 0.84904546
