MiscUtilities : 0.8120079
DisplayManager : 0.67400634
BeanShell : 0.6706313
BufferHistory : 0.6776971
CompleteWord : 0.67590165
RecentFilesProvider : 0.64451236
EditBusStub has been removed due to the repository version iteration
PasteFromListDialog : 0.6692066
GeneralOptionPane : 0.65627885
