KeyEventTranslator : 0.8653772
InstallPanel : 0.8443054
KeyEventWorkaround : 0.836532
