KeyEventWorkaround : 0.80998176
KeyEventTranslator : 0.82915395
