LineManager : 0.85730535
Buffer : 0.6585022
