FileCellRenderer : 0.8611272
PositionManager : 0.83782864
KeyEventWorkaround : 0.81186783
