DisplayManager : 0.67582726
JEditTextArea : 0.68270355
