OptionGroup : 0.8137116
KeyEventWorkaround : 0.8314735
KeyEventTranslator : 0.85119075
