BoyerMooreSearchMatcher : 0.8387466
RESearchMatcher : 0.87028944
SearchMatcher : 0.7851326
