SearchAndReplace : 0.8457629
FileVFS : 0.85169584
