BufferIORequest : 0.6565837
GeneralOptionPane : 0.6249052
