jEdit : 0.67157704
BufferIORequest : 0.6793564
JEditTextArea : 0.68023574
FirstLine has been removed due to the repository version iteration
VFSBrowser : 0.826906
DisplayManager : 0.6738331
FileCellRenderer : 0.6703602
