AppearanceOptionPane : 0.8616132
KeyEventWorkaround : 0.8149513
KeyEventTranslator : 0.83888704
