Primitive : 0.8033684
Parser : 0.72262096
EvalError : 0.8358484
Types : 0.8230076
Reflect : 0.8177297
NodeFilter has been removed due to the repository version iteration
NameSpace : 0.82719713
This : 0.8267709
BshMethod : 0.85119486
Interpreter : 0.7468481
BshClassManager : 0.8227505
ConsoleInterface : 0.8053606
LHS : 0.80962753
Name : 0.8228693
BSHType : 0.82731193
BSHCastExpression : 0.8066295
ClassGeneratorUtil : 0.8268252
JThis : 0.80918866
BSHArrayInitializer : 0.81724817
Modifiers : 0.836748
BSHVariableDeclarator : 0.83540136
BSHClassDeclaration : 0.82992905
BSHLiteral : 0.7650819
BSHPrimarySuffix : 0.81803644
BSHAllocationExpression : 0.81642085
BSHFormalParameter : 0.8066287
BSHBinaryExpression : 0.8195663
BSHBlock : 0.81162167
ClassGenerator : 0.80188906
BlockNameSpace : 0.8337969
BSHFormalParameters : 0.81667894
BSHImportDeclaration : 0.815279
BSHTryStatement : 0.7958843
Handler : 0.78813004
BSHTypedVariableDeclaration : 0.81005573
Remote : 0.722056
BSHMethodInvocation : 0.7820554
BSHReturnType : 0.79674333
BSHMethodDeclaration : 0.8171121
ParserTreeConstants : 0.7934427
BSHPackageDeclaration : 0.7921624
SignatureKey has been removed due to the repository version iteration
DelayedEvalBshMethod : 0.8510752
ClassGeneratorImpl : 0.81361526
