VFSDirectoryEntryTableModel : 0.8347099
DefaultInputHandler : 0.82837605
