PluginJAR : 0.8523336
FavoritesVFS : 0.84817547
