PluginJAR : 0.8318297
ActionSet : 0.83744836
PanelWindowContainer : 0.83827347
FloatingWindowContainer : 0.84949064
