MiscUtilities : 0.6541343
JEditTextArea : 0.85199004
