View : 0.8397861
SearchDialog : 0.84397995
