SearchDialog : 0.8419471
View : 0.83985007
HistoryTextArea : 0.82914937
