DockableWindowManager : 0.84403616
JEditTextArea : 0.84735566
DockableWindowFactory : 0.84563035
PluginJAR : 0.852117
DockableLayout : 0.8207816
DockablePanel : 0.8327352
View : 0.67270267
Entry has been removed due to the repository version iteration
PanelWindowContainer : 0.8316029
