KeyEventWorkaround : 0.7723857
BufferChangeHandler : 0.8364329
KeyEventTranslator : 0.8396685
