Chunk : 0.8457861
FastRepaintManager : 0.870311
KillRing : 0.8235876
SyntaxStyle : 0.8838608
Debug : 0.0
