IndentAction : 0.7582711
FastRepaintManager : 0.8426921
TextUtilities : 0.8404161
IndentRuleFactory : 0.81246793
RegexpIndentRule : 0.8461015
BracketIndentRule : 0.85581243
IndentRule : 0.8255194
CloseBracketIndentRule : 0.84565336
OpenBracketIndentRule : 0.84532756
