RegexpIndentRule : 0.8474105
View : 0.67842776
IndentRuleFactory : 0.8167516
KeyEventWorkaround : 0.7844971
TextAreaPainter : 0.85818183
