OperatingSystem : 0.85287666
jEdit : 0.85785145
JEditTextArea : 0.8511534
DisplayManager : 0.8441411
VFSBrowser : 0.85946673
GUIUtilities : 0.8384627
MiscUtilities : 0.6665309
MouseHandler : 0.81564194
StatusListener : 0.78188515
BrowserView : 0.8448793
VFSDirectoryEntryTable : 0.84450465
FileVFS : 0.8585602
BufferHistory : 0.8512752
EditPane : 0.8527118
BrowserIORequest : 0.8321186
VFSFileNameField : 0.85549504
BrowserHandler has been removed due to the repository version iteration
StatusHandler has been removed due to the repository version iteration
