TextAreaPainter : 0.85767317
BufferChangeHandler : 0.8677588
