Registers : 0.84234136
RegisterViewer : 0.85197484
FileVFS : 0.83713377
PanelWindowContainer : 0.83423746
