View : 0.67769396
CompleteWord : 0.8509818
