DisplayManager : 0.6413189
VFSFileNameField : 0.66092813
