FastRepaintManager : 0.86820537
BufferSaveRequest : 0.85754144
