EditPane : 0.8599334
TextAreaOptionPane : 0.83082956
