AntiAlias : 0.82354534
EditPane : 0.86013436
TextAreaOptionPane : 0.8333846
