OptionsDialog : 0.81473607
BufferSaveRequest : 0.8371959
AbstractOptionPane : 0.8037703
