VFS : 0.67821896
VFSFile : 0.6678672
