Install : 0.83270454
VFS : 0.8145027
Roster : 0.8329032
