SearchMatcher : 0.79853475
PatternSearchMatcher : 0.84926885
HyperSearchRequest : 0.8498686
