VFSBrowser : 0.847465
VFSDirectoryEntryTable : 0.8345836
BrowserView : 0.8423679
StringList : 0.83754134
