jEdit : 0.85424155
MarkersSaveRequest : 0.8313758
BufferSaveRequest : 0.8654111
BufferLoadRequest : 0.86099
