Buffer : 0.8534942
MarkersSaveRequest : 0.84809786
BufferSaveRequest : 0.86497223
