BufferLoadRequest : 0.9318068
BufferIORequest : 0.8489888
BufferAutosaveRequest : 0.95959526
BufferInsertRequest : 0.8922652
MarkersSaveRequest : 0.9153478
