ParserRule : 0.8473464
TokenMarker : 0.8520925
