JEditTextArea : 0.73912543
Gutter : 0.7514211
MouseHandler : 0.73433286
MouseActions : 0.7759492
