XModeHandler : 0.8467894
TokenMarker : 0.8547977
