Buffer : 0.85239786
JEditBuffer : 0.85383505
JEditTextArea : 0.84200627
