BufferLoadRequest : 0.86082506
BufferAutosaveRequest : 0.8580566
BufferInsertRequest : 0.8275237
BufferSaveRequest : 0.85015297
