Buffer : 0.6711881
EditPane : 0.66770595
