WorkThread : 0.8419302
BufferSaveRequest : 0.84699893
ThreadAbortMonitor : 0.7310073
