PluginJAR : 0.6639161
IOUtilities : 0.6514228
EditPlugin : 0.69216675
