BufferIORequest : 0.6878007
BufferSaveRequest : 0.65675634
