GeneralOptionPane : 0.8373328
EditingOptionPane : 0.8485111
BufferSaveRequest : 0.8385715
