BufferIORequest : 0.68750787
VFS : 0.6843915
ReloadWithEncodingProvider : 0.66445917
