jEdit : 0.7460209
MiscUtilities : 0.74715245
GeneralOptionPane : 0.71554226
AutoDetection : 0.78662086
EncodingWithBOM : 0.76268244
XMLEncodingDetector : 0.79379576
Detector has been removed due to the repository version iteration
Options : 0.0
BufferLocalEncodingDetector : 0.7791363
