VFSBrowser : 0.85167694
EditingOptionPane : 0.86819077
