BufferLoadRequest : 0.8739296
BufferInsertRequest : 0.8589265
