HyperSearchResults : 0.84823716
HyperSearchNode : 0.73499936
HyperSearchFileNode : 0.8664701
