TextArea : 0.84920317
jEdit : 0.6606521
Mode : 0.86409634
JEditBuffer : 0.852095
ModeCatalogHandler : 0.8608435
JEditMode : 0.87189317
