ServletUtil:0.66
EditServlet:0.41
JAMWikiServlet:0.32666666666666666
UploadServlet:0.19333333333333333
