ImageEditorCore:0.48333333333333334
SelectionTool:0.3261111111111111
Filter:0.30333333333333334
