TaskInfo:0.35117024
TaskSummary:0.2672853
TaskInfoButton:0.22141443
