TileImprovement:0.6233333333333333
TileItemContainer:0.38333333333333336
Section:0.24444444444444446
River:0.24
MapEditorTransformPanel:0.18
