MGroupLayout:0.46
BrushTool:0.3466666666666667
Renderer:0.22
ItemRenderer:0.20916666666666667
CategoryPropertiesPanel:0.16666666666666666
RatingPanel:0.09666666666666666
CategoriesPanel:0.08666666666666667
