Game:0.3794715
ModelMessage:0.32862455
FreeColObject:0.32127008
Europe:0.23269242
Player:0.20541257
Tile:0.20514351
Market:0.19932663
TileItemContainer:0.19836226
Colony:0.19516598
ColonyTile:0.1936162
GoodsContainer:0.18745023
Region:0.18726431
Building:0.18347566
Resource:0.1731136
TradeRoute:0.16929875
ModelController:0.15963641
IndianSettlement:0.15941723
Map:0.14931273
Monarch:0.14372024
FreeColGameObjectListener:0.14132865
TileImprovement:0.134117
TileItem:0.12680101
Settlement:0.10766186
Unit:0.10749086
Location:0.084961094
GameOptions:0.069007024
SimpleCombatModel:0.05152146
