Canvas:0.8866666666666667
DebugMenu:0.32
ShowVictoryPanelSwingTask:0.24333333333333335
