UI:0.7766666666666666
MCalendar:0.24583333333333332
MWizard:0.24
PrintPreview:0.22
IconTheme:0.21666666666666667
AddFeedDialog:0.19333333333333333
Main:0.15142857142857144
FindNextAction:0.11
PreviousAction:0.11
NextAction:0.11
BackAction:0.11
FetchAllFeedsAction:0.10333333333333333
