TodoEditorCore:0.43666666666666665
Filter:0.37666666666666665
Sorter:0.37666666666666665
