IndianSettlement:0.36333333333333334
InGameInputHandler:0.3233333333333333
GoodsContainer:0.3
InGameController:0.27666666666666667
IndianSettlementPanel:0.17
