MMessage:0.08974713
MText:0.08682547
MAuthenticator:0.040494923
TK:0.019845184
UI:0.015770756
MDocumentAdapter:0.012662651
