EditorController:0.056576148
Document3:0.031388115
ViewLabel:0.031215511
EditorUtils:0.011749236
SpellCheckerThread:0.008567765
EditorSettings:0.008508387
