Property:0.18544243
PropertyAccess:0.094876945
Config:0.061420515
TK:0.010812952
