Index:0.8266666666666667
DatabaseManagerSwing:0.3433333333333333
TableFilter:0.31
