Expression:0.4766666666666667
ParserDQL:0.3433333333333333
ExpressionLogical:0.31333333333333335
Session:0.2966666666666667
