HsqlHeap:0.5533333333333333
Database:0.5366666666666666
ThreadFactory:0.43333333333333335
Log:0.33
LockFile:0.3
Select:0.2866666666666667
Logger:0.27
CompiledStatement:0.25666666666666665
TableFilter:0.25333333333333335
Parser:0.2475
HsqlTimer:0.23
DatabaseCommandInterpreter:0.18666666666666668
HsqlMasterRepository:0.18666666666666668
HsqlArrayHeap:0.10666666666666667
HsqlThreadFactory:0.06666666666666667
LogSyncRunner:0.017388888888888888
NIOLockFile:0.013333333333333334
