NotepadEditorCore:0.07319245
NotepadEditorPlugin:0.0505086
