DockableWindowManager:0.6144444444444443
ButtonLayout:0.24
GlobalOptions:0.21333333333333335
DockableWindowCompare:0.13333333333333333
PluginOptions:0.11666666666666667
