GridConstrainer:0.5216666666666666
SimpleDrawing:0.3893333333333333
StyleManager:0.36333333333333334
CssSample:0.32666666666666666
Drawing:0.21640079365079365
