WikiBoldItalicTag:0.61927867
JFlexParserUtil:0.2201882
JavascriptTag:0.21771012
HtmlTagItem:0.21440668
JFlexParser:0.2049059
ImageLinkTag:0.20237558
WikiHeadingTag:0.19609751
TemplateTag:0.17619263
HtmlLinkTag:0.124367096
WikiReferenceTag:0.09971095
WikiLinkTag:0.08991365
IncludeOnlyTag:0.08077877
NoIncludeTag:0.08061093
WikiSignatureTag:0.06249217
JFlexParserTag:0.047206834
JFlexTagItem:0.0
WikiReferencesTag:0.0
