Canvas:0.4622222222222222
ActionManager:0.39
ReportTurnPanel:0.33
FreeColMenuBar:0.27666666666666667
ReportTurnAction:0.26666666666666666
