PluginManager:0.07288145
PluginException:0.03699528
