SVGInputFormat:0.4266666666666667
TextAreaTool:0.29333333333333333
TextTool:0.28
SVGOutputFormat:0.27666666666666667
AttributeAction:0.22
DelegationSelectionTool:0.20133333333333334
