DesktopPanel:0.5033333333333333
MURLButton:0.37333333333333335
TreeFS:0.37333333333333335
NoteWidget:0.2733333333333333
