Desktop:0.6866666666666666
Title:0.59
WidgetDesktopIconUI:0.27666666666666667
