RowAVL:0.2996583
Row:0.2085422
TableBase:0.05485085
