ParserDDL:0.6417434
StatementTypes:0.40406337
Session:0.24282587
ParserCommand:0.22231428
Statement:0.21533981
StatementDMQL:0.1275617
HsqlException:0.12368494
Expression:0.122264
Database:0.11306155
SessionContext:0.109380774
SchemaManager:0.09761867
Table:0.087792896
ColumnSchema:0.06863259
TableBase:0.067616716
OpTypes:0.008900415
Tokens:0.0
