Table:0.15690523
Database:0.06048382
StatementCommand:0.047791604
Session:0.04374331
TableBase:0.04015971
Row:0.032496035
HsqlNameManager:0.0304486
ParserDDL:0.02259008
HsqlException:0.011452472
Tokens:0.0
