TextCache:0.20786914
TextFileSettings:0.06887498
RandomAccessInterface:0.019948017
