ChartModel:0.48333333333333334
SimpleXMLReader:0.4266666666666667
Item:0.36
ChartPainter:0.30333333333333334
TaskModel:0.2866666666666667
