SqlFile:0.61
ValidatingResourceBundle:0.49333333333333335
RefCapablePropertyResourceBundle:0.32
SqltoolRB:0.2633333333333333
AppendableException:0.2519444444444444
SqlToolError:0.24111111111111114
RowError:0.2277777777777778
SqlTool:0.1811111111111111
BadSpecial:0.13666666666666666
