Property:0.64
ChartModel:0.3466666666666667
ScriptYourself:0.30333333333333334
BooleanProperty:0.25333333333333335
FontProperty:0.25333333333333335
ChartPanel:0.23083333333333333
IntegerProperty:0.17333333333333334
StringProperty:0.17333333333333334
DoubleProperty:0.17333333333333334
FloatProperty:0.17333333333333334
ScriptIDE:0.16682539682539685
EnumProperty:0.13376984126984126
ColorProperty:0.13376984126984126
StatsPanel:0.13333333333333333
