QueryHandler:0.6844444444444444
GroupMap:0.5533333333333333
DataHandler:0.44484523809523807
RolesServlet:0.37333333333333335
AnsiQueryHandler:0.2833333333333333
AnsiDataHandler:0.16333333333333333
