QueryHandler:0.8
DataHandler:0.6786666666666666
AnsiQueryHandler:0.5133333333333333
AnsiDataHandler:0.22666666666666666
WikiDatabase:0.20333333333333334
UserPreferencesUtil:0.19666666666666666
DatabaseUpgrades:0.14666666666666667
