Token:0.59
JEditTextArea:0.3466666666666667
GUIUtilities:0.30333333333333334
Buffer:0.29583333333333334
TokenMarker:0.27666666666666667
Chunk:0.27
OffsetManager:0.26666666666666666
StyleTableModel:0.22
View:0.21166666666666667
Gutter:0.20666666666666667
ActionBar:0.20333333333333334
DisplayTokenHandler:0.14666666666666667
