MainWindow:0.53
MDialog:0.53
PropertiesPanel:0.36333333333333334
PropertiesDialog:0.16777777777777778
