DrawingEditorProxy:0.5071157
DrawingView:0.40191814
DefaultDrawingEditor:0.3042288
Figure:0.28235382
Drawing:0.20638745
DefaultDrawingView:0.12261534
AttributeKey:0.08619472
DefaultDrawingViewTransferHandler:0.08260934
