WikiUtil:0.4166666666666667
JAMWikiParser:0.33231746031746034
JFlexParser:0.3233333333333333
ParserUtil:0.21
JFlexParserUtil:0.19666666666666666
WikiBase:0.12666666666666668
BlikiParser:0.07333333333333333
