WikiLink:0.8433333333333334
LinkUtil:0.56
WikiLinkTest:0.3
JFlexParserUtil:0.225
UpgradeServlet:0.1688888888888889
