Unit:0.6933333333333334
Building:0.5533333333333333
SchoolTest:0.18666666666666668
