ParserRule:0.4166666666666667
Buffer:0.4083333333333333
Mode:0.32666666666666666
jEdit:0.31
ParserRuleSet:0.3
XModeHandler:0.3
TokenMarker:0.25
TextUtilities:0.23333333333333334
DefaultTokenHandler:0.21444444444444447
KeywordMap:0.18
CharIndexedSegment:0.095
SyntaxUtilities:0.06
