Buffer:0.55
jEdit:0.45
View:0.3677777777777778
ActionHandler:0.3158174603174602
BufferSwitcher:0.2966666666666667
EditPane:0.19666666666666666
ViewOptionPane:0.17
