UI:0.8066666666666666
Task:0.36333333333333334
Tabs:0.29
MColorPicker:0.25333333333333335
TextEditor:0.24777777777777782
ColorComponent:0.22
