Canvas:0.074647345
GUI:0.027181206
