DatabaseManager:0.62
DatabaseManagerSwing:0.4322222222222223
DatabaseManagerCommon:0.36666666666666664
