RowInputBase:0.4654717
RowOutputBinary:0.23950855
