TestBug808460:0.07493253
TestBatchExecution:0.06663772
TestBug778213:0.06576998
TestINPredicateParameterizationAndCorrelation:0.06101788
TestSql:0.057448663
TestBug785429:0.045128673
TestScript:0.044962287
TestLikePredicateOptimizations:0.041835032
TestDateTime:0.038815536
TestDatabaseMetaData:0.028184306
