UI:0.9266666666666666
MTextArea:0.3466666666666667
PropertiesDialog:0.2658333333333333
ScriptIDE:0.2377777777777778
NoteWidget:0.2
MenuButton:0.17
