Preferences:0.07414853
FileUtil:0.066695586
TMXWriter:0.06052534
TMXWriter2:0.053426694
TagUtil:0.05208691
ProjectFileStorage:0.051628787
PatternConsts:0.05053603
Log:0.04063441
VarExpansion:0.029490152
OConsts:0.028021662
OStrings:0.023277607
LFileCopy:0.022661956
Platform:0.013930367
RuntimePreferences:0.009052914
