GrabKeyDialog:0.42333333333333334
FileVFS:0.4
VFSBrowser:0.4
InputPane:0.23444444444444448
ChunkCache:0.17333333333333334
Java14:0.15444444444444444
ActionHandler:0.15066666666666667
