DisbandUnitAction:0.30733496
WaitAction:0.30530608
SkipUnitAction:0.305192
MiniMapZoomOutAction:0.29336238
MiniMapZoomInAction:0.28863862
FortifyAction:0.25507203
SentryAction:0.2534585
AboutAction:0.23595722
PreferencesAction:0.23519044
ReconnectAction:0.23392227
ReportHighScoresAction:0.23231483
ReportContinentalCongressAction:0.23214638
ShowGameOptionsAction:0.23202719
ReportReligionAction:0.23098427
ReportHistoryAction:0.2302756
ReportMilitaryAction:0.23016405
ReportForeignAction:0.23007363
ShowDifficultyAction:0.22996944
ReportExplorationAction:0.22979614
ReportNavalAction:0.22978505
ReportCargoAction:0.22977075
ReportRequirementsAction:0.22964714
ReportProductionAction:0.22951253
ReportIndianAction:0.22948222
ReportTradeAction:0.22947061
ReportTurnAction:0.22935426
ReportColonyAction:0.22910005
OpenAction:0.2290895
QuitAction:0.22878346
NewAction:0.22661397
ImprovementAction:0.21695185
BuildColonyAction:0.2116083
RetireAction:0.20307103
DebugAction:0.19641593
ShowMapGeneratorOptionsAction:0.19528201
ReportLabourAction:0.19356112
SaveAndQuitAction:0.19282319
SaveAction:0.19222282
ToggleViewModeAction:0.189457
ExecuteGotoOrdersAction:0.18899977
MoveAction:0.1878258
MapControlsAction:0.18583104
FindSettlementAction:0.18481092
ClearOrdersAction:0.18469234
TradeRouteAction:0.18432845
CenterAction:0.18366186
RenameAction:0.18356948
DeclareIndependenceAction:0.1695865
ColopediaAction:0.1686581
UnloadAction:0.16723436
DisplayGridAction:0.16284451
DisplayBordersAction:0.16249397
ZoomOutAction:0.16173916
FreeColAction:0.16149527
GotoAction:0.16100691
ZoomInAction:0.16054858
ChangeWindowedModeAction:0.16035353
ChatAction:0.15660304
EndTurnAction:0.1553845
TilePopupAction:0.15436819
EuropeAction:0.15404792
ShowMainAction:0.15402827
DisplayTileTextAction:0.14513676
NewEmptyMapAction:0.14259446
DetermineHighSeasAction:0.13113211
AssignTradeRouteAction:0.12541904
ScaleMapAction:0.1213518
LoadAction:0.11713814
GotoTileAction:0.11428366
ChangeAction:0.083724484
