MapEditorMenuBar:0.49231496
FreeColMenuBar:0.45539388
FreeColMenuTest:0.057063926
