InfoPanel:0.1371746
MiniMap:0.12754725
UnitButton:0.0376807
