UnitAction:0.2978282
ActionManager:0.24165325
FreeColAction:0.11573711
