FortifyAction:0.65323067
GotoAction:0.6413611
AssignTradeRouteAction:0.5537565
ImprovementAction:0.5346067
MapboardAction:0.5163768
SkipUnitAction:0.51086336
RenameAction:0.5098989
ClearOrdersAction:0.50989884
BuildColonyAction:0.50452614
GotoTileAction:0.4689106
CenterAction:0.44037092
SentryAction:0.42589796
ChangeAction:0.41800627
DisbandUnitAction:0.39986426
WaitAction:0.39808446
