ActionManager:0.3670134
MapControlsAction:0.30902275
MapboardAction:0.29832265
