ParserRuleFactory:0.18947016
ParserRuleSet:0.15647194
TokenMarker:0.07195365
Buffer:0.014721152
