InGameController:0.5633333333333334
Europe:0.36333333333333334
TrainUnitInEuropeMessage:0.3233333333333333
InGameInputHandler:0.2733333333333333
