PluginManager:0.7433333333333333
Console:0.6
CharacterAction:0.29833333333333334
