PropertiesShortcuts:0.53
MainWindowMenu:0.37333333333333335
EntryListPane:0.26666666666666666
SearchWindowMenu:0.19
