Unit:0.24519818
Colony:0.23943244
ColonyTile:0.20163856
Tile:0.15893777
Player:0.14279132
Goods:0.12619825
GoodsContainer:0.109994076
Settlement:0.07688903
BuildingType:0.07547073
FreeColGameObject:0.07458675
Game:0.07437851
ModelMessage:0.06957468
WorkLocation:0.061045527
GameOptions:0.037063926
Locatable:0.025734074
Ownable:0.018822175
FoundingFather:0.016802555
Nameable:0.01245189
