Colony:0.34580734
Building:0.269817
Unit:0.23317412
Tile:0.20676899
Goods:0.1810573
Settlement:0.1532351
Player:0.13398613
GoodsContainer:0.11033266
WorkLocation:0.105281346
Game:0.10162774
FreeColGameObject:0.09510876
Location:0.08433355
Locatable:0.042502023
Ownable:0.03911283
