ColonyTile:0.3026326
Europe:0.24843621
Settlement:0.24549298
Goods:0.24218045
Building:0.22292186
Unit:0.17492694
TradeRoute:0.16674109
ModelMessage:0.14971916
Player:0.12684454
