TransportMission:0.23309815
Mission:0.23174416
