PluginInfo:0.3566666666666667
PluginManager:0.35
ColorPalette:0.33
LAFItem:0.23
IconLoader:0.17
Database:0.14333333333333334
HTMLEntities:0.12744444444444444
