MainWindowMenuHandler:0.605
WikiGet:0.2633333333333333
TaaSClient:0.22666666666666666
CopyrightTest:0.16666666666666666
