jEdit:0.45666666666666667
MiscUtilities:0.4533333333333333
OperatingSystem:0.45
Buffer:0.42
JEditTextArea:0.4033333333333333
VFSManager:0.38666666666666666
GUIUtilities:0.37
KeyEventWorkaround:0.2866666666666667
TextAreaPainter:0.2866666666666667
BufferChangeHandler:0.21666666666666667
FileVFS:0.20333333333333334
DefaultInputHandler:0.19666666666666666
BrowserView:0.19
StatusBar:0.18
VFSBrowser:0.17333333333333334
BrowserJTree:0.16666666666666666
SettingsReloader:0.15
LineInfo:0.13
ActionHandler:0.11666666666666667
AppearanceOptionPane:0.11333333333333333
ChunkCache:0.10333333333333333
InputPane:0.09
KeyHandler:0.08666666666666667
