OpenDocFilter:0.028488077
EditOpenDocOptionsDialog:0.021482073
OpenDocDialect:0.013293948
