FreeColGameObject:0.30323774
GoodsContainer:0.16341148
FreeColObject:0.15392627
UnitLocation:0.15197842
Player:0.15065747
IndianSettlement:0.1406284
FreeColGameObjectListener:0.13619985
Map:0.12965524
TradeRoute:0.12853333
GoodsLocation:0.12409606
PlayerExploredTile:0.12263424
ModelMessage:0.12251389
Region:0.11958905
CombatModel:0.11901377
Monarch:0.1138755
Europe:0.111253746
Market:0.11002624
Tile:0.10989745
NationOptions:0.108769484
Settlement:0.10481131
Resource:0.10057782
TileItemContainer:0.09872402
SimpleCombatModel:0.09704648
MarketData:0.096948035
TileImprovement:0.095759794
Unit:0.09166892
Goods:0.089918636
LostCityRumour:0.0881124
Specification:0.08642026
Building:0.08086384
HighSeas:0.07713816
ColonyTile:0.076595336
TileItem:0.06862363
Colony:0.06604873
UnitTradeItem:0.06254921
HighScore:0.06154543
GoodsTradeItem:0.061261356
DiplomaticTrade:0.060603656
StanceTradeItem:0.059450164
GoldTradeItem:0.05766316
NationSummary:0.055574045
Limit:0.054640315
ColonyTradeItem:0.05370337
WorkLocation:0.049294632
Operand:0.046721254
TradeItem:0.044606414
Nation:0.04107081
TradeRouteStop:0.033029515
Turn:0.015326329
