Specification:0.066448405
HistoryEvent:0.05137186
Operand:0.048419148
Feature:0.044695463
Region:0.044029366
HighScore:0.041956164
StringTemplate:0.04065524
Unit:0.040114697
Modifier:0.032826938
FeatureContainer:0.031386014
Colony:0.030713314
Game:0.025752475
LastSale:0.024263684
Monarch:0.018783394
