TK:0.18471026
MRenderer:0.14687933
MIconChooser:0.14360581
MIconButton:0.12742156
MIcon:0.115300894
FS:0.08060765
UI:0.078717105
