MMainWindow:0.093356855
MMenu:0.08039367
UI:0.058458433
MApplication:0.05814228
MMouseAdapter:0.034330387
MMenuItem:0.015028651
OS:0.0074245287
MLogger:0.007397856
TK:0.007064099
BooleanProperty:0.0021643294
Property:0.0018469951
