Unit:0.6066666666666667
Colony:0.5566666666666666
InGameController:0.35333333333333333
