Log:0.4
FileUtil:0.33666666666666667
HsqlDatabaseProperties:0.29
DatabaseManager:0.2625
DatabaseManagerCommon:0.2530555555555556
HsqlProperties:0.18416666666666667
