Plugin:0.7266666666666667
IconLoader:0.43
Armor:0.36666666666666664
