MToolBar:0.9366666666666666
NoteWidget:0.3466666666666667
