MAbout:0.13707924
MNotification:0.13142687
CoolHeader:0.108713545
CoolLabel:0.1005331
MMessage:0.094640814
MCalendar:0.093937695
MPanel:0.07604134
BackgroundTaskManager:0.07190349
MDialog:0.07097415
MSlider:0.06636168
MLabeledTextField:0.062802784
MThrobber:0.061090525
MTip:0.055097338
MIcon:0.053619348
MColorChooser:0.053341318
MSmallColorChooser:0.049789503
MIconChooser:0.04967536
Mnemonic:0.04374139
MSplashScreen:0.04159266
MTogglePanel:0.036641236
MText:0.03330913
UI:0.03165137
MDownloadDialog:0.029192625
MStatusBar:0.028801676
Preloader:0.015659826
MMouseAdapter:0.01499079
MTaskPanel:0.011932213
