MetaInfo:0.5966666666666667
MIndicator:0.39666666666666667
RatingPanel:0.3233333333333333
ItemRenderer:0.21333333333333335
TreePanel:0.20666666666666667
