Unit:0.6366666666666667
DisembarkMessage:0.44333333333333336
InGameController:0.3233333333333333
InGameInputHandler:0.30333333333333334
TransportMission:0.22666666666666666
