Client:0.508952380952381
InGameController:0.2866666666666667
