CachedRow:0.47818384
Row:0.28058508
PointerNode:0.17685938
Node:0.14694174
PointerCachedDataRow:0.10947853
Table:0.07608999
TextTable:0.06608365
TextCache:0.05039632
HsqlException:0.003253361
