ParsedSection:0.1630062
IgnoreParsedSection:0.10637064
BlankParsedSection:0.105305254
ResultSetParsedSection:0.101282686
ExceptionParsedSection:0.09396379
CountParsedSection:0.09326168
UpdateParsedSection:0.090019256
TestSelf:0.048943605
TestScript:0.008697246
