Tree:0.6233333333333333
AbstractFS:0.3908333333333333
FSHelper:0.36666666666666664
TreeFS:0.25
