JEditTextArea:0.55
ActionHandler:0.21392857142857144
ModeProperties:0.20299999999999999
ModeOptionPane:0.19666666666666666
BufferOptions:0.17
EditingOptionPane:0.17
