ChartPainter:0.38666666666666666
MActionInfo:0.37333333333333335
Globals:0.36633333333333334
MainWindow:0.31333333333333335
ChartPanel:0.25
MAboutDialog:0.21666666666666667
ChartView:0.19333333333333333
PluginMenu:0.12833333333333333
