EditorController:0.13035977
Document3:0.11716715
EditorTextArea3:0.074972495
EditorUtils:0.06050477
MarkerController:0.05486208
EditorSettings:0.054814413
EditorPopups:0.042924244
ModificationInfoManager:0.0168126
IEditorFilter:0.013285689
IPopupMenuConstructor:0.0075638993
