Unit:0.5633333333333334
Colony:0.3933333333333333
InGameController:0.36
UpdateCurrentStopMessage:0.16444444444444445
