Preferences:0.5933333333333334
Main:0.37333333333333335
Styles:0.26666666666666666
DictionariesTextArea:0.25333333333333335
