Environment:0.6066666666666667
ReCaptchaUtil:0.56
AdminServlet:0.33
EditServlet:0.2866666666666667
RegisterServlet:0.20666666666666667
ReCaptchaTag:0.03666666666666667
