TemplateTag:0.49333333333333335
JFlexLexer:0.37333333333333335
WikiHeadingTag:0.27
WikiLinkTag:0.23666666666666666
WikiReferencesTag:0.16666666666666666
HtmlLinkTag:0.14
JavascriptTag:0.14
NoIncludeTag:0.12333333333333334
IncludeOnlyTag:0.11
