GUIUtilities:0.0968495
EnhancedMenu:0.04653673
MiscUtilities:0.034000415
jEdit:0.029959932
VFSManager:0.023920683
StatusBar:0.020395862
VFS:0.01983982
View:0.015896592
BufferHistory:0.014745448
FileCellRenderer:0.011883915
