VFSBrowser:0.13659091
GUIUtilities:0.12062868
EnhancedMenu:0.06344563
HistoryModel:0.037999116
MiscUtilities:0.03437023
StatusBar:0.024759391
jEdit:0.021736525
VFSManager:0.020774024
FileCellRenderer:0.02051316
VFS:0.015675861
View:0.0142239
