Figure:0.64
SimpleDrawingView:0.43666666666666665
AbstractCompositeFigureImpl:0.23333333333333334
GrapherView:0.19555555555555557
CssSample:0.18333333333333332
CreationTool:0.14333333333333334
ConnectionTool:0.13666666666666666
LockableFigure:0.12333333333333334
BringToFrontAction:0.10666666666666667
