FS:0.49333333333333335
Item:0.41333333333333333
Property:0.35333333333333333
MProcess:0.27388888888888885
MFileChooser:0.2375
OS:0.23666666666666666
PluginManager:0.2225
