DrawingEditor:0.2798932
DrawingView:0.1907055
ToolEvent:0.077974856
Tool:0.07429135
Figure:0.07049746
ToolListener:0.048621282
AttributeKey:0.03240901
