TaskTable:0.039290357
Priority:0.038402826
Task:0.021635056
