Player:0.67
Unit:0.61
AIPlayer:0.24
InGameController:0.2322222222222222
EuropeAction:0.02666666666666667
