TagsUtils:0.16774024
Tags:0.026301328
