MApplication:0.5466666666666666
Main:0.49666666666666665
MSystemTray:0.2633333333333333
