TaskTable:0.47
TagsUtils:0.37166666666666665
Tags:0.345
NimbusOverrides:0.19666666666666666
