TestHashStructures:0.48333333333333334
TestDataStructures:0.39666666666666667
TestSelf:0.36333333333333334
TestCacheSize:0.29333333333333333
