LobManager:0.3433333333333333
JDBCResultSet:0.3416666666666667
Session:0.31444444444444447
ResultLob:0.29
RowAction:0.24
ClientConnection:0.23666666666666666
LineGroupReader:0.22666666666666666
SessionData:0.21333333333333335
JDBCPreparedStatement:0.21333333333333335
TableBase:0.19277777777777777
JDBCClobClient:0.18666666666666668
JDBCBlobClient:0.18666666666666668
TestUtil:0.16666666666666666
TransactionManager:0.16
HsqlByteArrayOutputStream:0.14833333333333334
LobResultTypes:0.03
