Europe:0.49333333333333335
InGameController:0.42333333333333334
InGameInputHandler:0.3225
EuropePanel:0.24777777777777782
