PluginPermission:0.41444444444444445
Plugin:0.3466666666666667
Armor:0.3433333333333333
PluginManager:0.31333333333333335
Info:0.2966666666666667
MPasswordField:0.29333333333333333
Main:0.23611111111111113
PermissionKey:0.12333333333333334
SecurityDialog:0.05333333333333334
