TestTK:0.6877777777777778
Tester:0.6132777777777778
