Canvas:0.6066666666666667
InGameController:0.4266666666666667
MapEditorController:0.2838888888888889
TilePopup:0.2733333333333333
InGameInputHandler:0.27166666666666667
FreeColClient:0.24
ServerAPI:0.21333333333333335
PreGameController:0.19666666666666666
GUI:0.19333333333333333
