Player:0.48
FeatureContainer:0.39
FreeColGameObjectType:0.31777777777777777
ServerEurope:0.2833333333333333
Europe:0.28
Settlement:0.2377777777777778
ModifierTest:0.21333333333333335
ServerPlayer:0.21166666666666667
BuildQueuePanel:0.20333333333333334
