LuceneSearchEngine:0.6466666666666666
SearchEngine:0.31333333333333335
TestSearchEngine:0.31333333333333335
