AnsiDataHandler:0.6144444444444445
MoveServlet:0.35111111111111115
