MApplication:0.10860137
FS:0.08514456
TK:0.08138907
Config:0.058014
UI:0.048530735
MMainWindow:0.04095881
MLogger:0.03653842
Gettext:0.034997173
MProcess:0.034213994
Args:0.032404967
Property:0.025866011
MText:0.025731452
MAboutDialog:0.02513647
MAction:0.022287143
MTip:0.021099502
MMessage:0.020084823
StringList:0.013368059
MSystemTray:0.013276315
PropertyAccess:0.012034369
StringProperty:0.00845424
ImageSelection:0.0075008813
MLoginPanel:0.0067933477
