MTaskPanel:0.7833333333333333
Factory:0.4866666666666667
