MDataTransfer:0.6466666666666666
MClipboard:0.3233333333333333
NoteWidgetPlugin:0.3025
TaskTable:0.27666666666666667
ImportExport:0.23666666666666666
Links:0.19138888888888891
