FeedComponent:0.36666666666666664
FeedUtils:0.3233333333333333
ChannelInfo:0.31333333333333335
MToolBar:0.30666666666666664
XMLHelper:0.25333333333333335
