Player:0.7433333333333333
ServerPlayer:0.29333333333333333
InGameInputHandler:0.28
InGameController:0.25
AIInGameInputHandler:0.2277777777777778
