UnitLabel:0.1283537
DragListener:0.11125288
DefaultTransferHandler:0.111176655
GoodsLabel:0.041774973
ProductionLabel:0.02917316
FreeColPanel:0.027329154
FreeColProgressBar:0.018229028
DropListener:0.0037719635
ChoiceItem:0.0033847298
