Option:0.42765284
OptionMap:0.26659086
OptionGroup:0.24889868
FileOption:0.24572846
BooleanOption:0.2302918
IntegerOption:0.19323091
SelectOption:0.19244254
