MapGenerator:0.17613608
MapGeneratorOptions:0.14511484
