TerrainGenerator:0.1664841
LandGenerator:0.12745887
MapGenerator:0.10981137
