OptionGroupUI:0.5435063
BooleanOptionUI:0.12894131
SelectOptionUI:0.12693499
IntegerOptionUI:0.11045679
FileOptionUI:0.10032816
OptionUpdater:0.07708921
