JEditTextArea:0.42333333333333334
ChunkCache:0.4066666666666667
Chunk:0.37333333333333335
TextAreaPainter:0.265
Gutter:0.1863888888888889
BufferPrintable:0.11
