BaseList:0.1302919
HsqlList:0.024046382
StringUtil:0.017638916
Sort:0.0084673595
ObjectComparator:0.0025862316
