MColorChooserDialog:0.42333333333333334
AbstractSpinner:0.41333333333333333
Input:0.36333333333333334
AbstractClockWidget:0.16
