UnitAttackAnimation:0.38166416
UnitMoveAnimation:0.22738051
