Animations:0.1916153
UnitImageAnimation:0.0980324
