RowInputBase:0.39157578
RowOutputBinary:0.12905852
