OptionGroup:0.3421417
Option:0.1449508
AbstractOption:0.061695576
