OptionGroup:0.41151026
Option:0.1610628
AbstractOption:0.06383632
