SelectOption:0.2732219
OptionGroup:0.16081564
IntegerOption:0.10196347
