ImageUtil:0.7866666666666666
ImageMetadata:0.33555555555555555
ImageLinkTag:0.32
