MApplication:0.5866666666666667
FileCache:0.2866666666666667
Preloader:0.27666666666666667
Armor:0.16333333333333333
Permission:0.1
