TarReader:0.11131025
TarGenerator:0.09512258
RB:0.054796357
TarMalformatException:0.0018599472
