FS:0.35
MHTMLViewer:0.31666666666666665
Info:0.29333333333333333
LinkEditor:0.25666666666666665
ColorProperty:0.25333333333333335
TextPrintInfo:0.20666666666666667
HTMLViewFactory:0.12666666666666668
HTMLSelection:0.04
