MActionInfo:0.7233333333333334
MNotification:0.6266666666666667
Main:0.18
CloseAllAction:0.15333333333333332
