MText:0.5533333333333333
MZip:0.47
Tabs:0.2957777777777778
FindLocationDialog:0.27
StaticAction:0.25333333333333335
DateAction:0.235
URIBookmark:0.21
InsertAction:0.19833333333333333
Main:0.19666666666666666
DefaultPreview:0.19
MEditorPane:0.19
InsertCharacterAction:0.18833333333333332
BookmarkAction:0.15666666666666668
MRegexPanel:0.15666666666666668
SetOpenCommandAction:0.11333333333333333
CommonExtensions:0.08666666666666667
