Buffer:0.6233333333333333
JEditTextArea:0.38666666666666666
View:0.3466666666666667
jEdit:0.3333333333333333
DockableWindowManager:0.28
ViewConfig:0.2633333333333333
EditPane:0.25333333333333335
PerspectiveHandler:0.19666666666666666
Autosave:0.18
MouseHandler:0.16333333333333333
EditServer:0.15333333333333332
PanelWindowContainer:0.13
PerspectiveManager:0.08666666666666667
