GUIUtilities:0.6
Remove:0.31333333333333335
Install:0.2966666666666667
PluginTableModel:0.28
DisplayManager:0.263
Roster:0.20333333333333334
HeaderMouseHandler:0.13777777777777775
Entry:0.13333333333333333
ManagePanel:0.13333333333333333
Operation:0.03333333333333333
