ActionManager:0.35265735
MapboardAction:0.24187973
