ColopediaPanel:0.17134179
ColopediaTreeCellRenderer:0.08632645
