ActionManager:0.34066057
MapboardAction:0.22846137
