ActionManager:0.3637838
MapboardAction:0.25509498
