HsqlException:0.6622222222222223
ScriptWriterBase:0.435
ScriptWriterText:0.3591666666666667
