Specification:0.65
UnitType:0.32666666666666666
ServerTestHelper:0.2866666666666667
EuropeanNationType:0.25666666666666665
IndianNationType:0.23333333333333334
BuildingType:0.23111111111111116
