InputHandler:0.5546666666666666
VFSDirectoryEntryTableModel:0.42
DefaultInputHandler:0.37333333333333335
