FS:0.6133333333333333
WebService:0.2833333333333333
TrashFS:0.25777777777777783
PluginManager:0.22583333333333333
WebPanel:0.21661111111111112
AbstractFS:0.21
AbstractFileCache:0.17666666666666667
FileScanner:0.10333333333333333
