MPasswordField:0.1191781
MMessage:0.026275514
MDialog:0.022952562
MLayout:0.012256322
TK:0.011003419
MPanel:0.008904761
MNumberSpinner:0.0072815074
Flags:0.0069441064
MLabel:0.005286195
MCheckBox:0.0046501854
MTextField:0.0034898194
MButton:0.0030961602
MURLButton:0.0025679637
