Console:0.3554631
ScriptCommand:0.24438709
ConsolePlugin:0.06279114
