Unit:0.6166666666666667
Map:0.43166666666666664
Tile:0.37666666666666665
InGameNetworkListener:0.35300000000000004
ServerMessageCreator:0.32
InGameMessageHandler:0.25
ClientGame:0.19833333333333333
DefaultInGameNetworkListener:0.11
DragListener:0.09333333333333334
