ScriptIDE:0.061012644
ScriptExecutor:0.017763222
ScriptError:0.0130442
ScriptComboBox:0.008302253
