VFSBrowser:0.21466002
MiscUtilities:0.17212145
jEdit:0.13717131
FileVFS:0.112847105
GUIUtilities:0.10498387
FileCellRenderer:0.07944031
Buffer:0.07581233
DynamicMenuProvider:0.048601575
View:0.04604104
