GrabKeyDialog:0.20499925
ActionSet:0.06717033
jEdit:0.06483501
GUIUtilities:0.039338417
Macros:0.034270704
MiscUtilities:0.030900504
AbstractOptionPane:0.02463341
