StyleTableModel:0.043709833
StyleEditor:0.012386152
AbstractOptionPane:0.010631486
SyntaxStyle:0.009195452
BrowserColorsModel:0.006977077
