BeanShellFacade:0.6466666666666666
MyBeanShellFacade:0.2966666666666667
