Editor:0.5033333333333333
SearchFS:0.25666666666666665
Links:0.2525
ResizeDialog:0.23
Filters:0.22777777777777777
TreeFS:0.22333333333333333
PluginSettings:0.2225
FilterDialog:0.2113888888888889
