SVGApplet:0.5033333333333333
BoundedRangeInputStream:0.5012222222222222
MessagePanel:0.4066666666666667
