GUI:0.6566666666666666
InGameController:0.5422222222222222
ScaleMapAction:0.15333333333333332
