MIcon:0.5266666666666666
SummaryData:0.44333333333333336
EditorPlugin:0.32666666666666666
Reminder:0.2966666666666667
Gettext:0.22444444444444447
FeedsConfigPanel:0.17666666666666667
