jEdit:0.4622222222222222
Buffer:0.44333333333333336
Mode:0.43333333333333335
JEditTextArea:0.36666666666666664
ParserRuleSet:0.2966666666666667
VFSBrowser:0.2833333333333333
Macros:0.2633333333333333
HyperSearchResult:0.26166666666666666
XModeHandler:0.23666666666666666
DefaultInputHandler:0.22666666666666666
PastePrevious:0.22333333333333333
TokenMarker:0.22
SearchAndReplace:0.20666666666666667
JARClassLoader:0.20666666666666667
PosBottomHalf:0.19666666666666666
HyperSearchRequest:0.18666666666666668
TextUtilities:0.18333333333333332
Token:0.18
OffsetManager:0.18
ModeOptionPane:0.16
TokenList:0.10333333333333333
CurrentDirectoryMenu:0.09
RecentDirectoriesMenu:0.09
EditingOptionPane:0.04583333333333333
ErrorEntry:0.016666666666666666
