View:0.06304436
JEditTextArea:0.06130969
Buffer:0.051551573
Selection:0.048650436
jEdit:0.036965694
GUIUtilities:0.024452621
EnhancedDialog:0.017999
