SummaryData:0.17200732
SummaryPanel:0.09690019
