Desktop:0.52
Tree:0.48333333333333334
MainWindow:0.39666666666666667
DocumentList:0.24333333333333335
