MTaskPanel:0.1144555
MPanel:0.027125359
MComponent:0.011100541
