MLogger:0.06035854
MURLButton:0.057740163
MMessage:0.050369922
MMenu:0.04428517
MApplication:0.039050795
UI:0.033973645
CoolHeader:0.031739037
MAction:0.030771218
Config:0.030213857
MLabel:0.02826279
TK:0.02116253
SimpleXMLReader:0.01882049
MMainWindow:0.017905317
FS:0.01671071
MMouseAdapter:0.01372737
MIcon:0.01283181
MDate:0.012410988
OS:0.009928618
Net:0.007739595
MColor:0.0011585928
