VFS:0.6566666666666666
MiscUtilities:0.6266666666666667
BufferIORequest:0.30666666666666664
