NewTeamProject:0.4633333333333333
WikiGet:0.4033333333333333
ProjectFileStorage:0.4
ProjectUICommands:0.23333333333333334
RepoTypeWorker:0.13666666666666666
