IProject:0.6433333333333333
RealProject:0.5066666666666667
ProjectPropertiesDialog:0.33305555555555555
ProjectUICommands:0.22
NotLoadedProject:0.21166666666666667
Credentials:0.20666666666666667
ProjectFactory:0.15666666666666668
TestTeamIntegrationChild:0.12333333333333334
FalseFriendsTest:0.10333333333333333
BadRepositoryException:0.017388888888888888
NetworkException:0.0
