MarketData:0.4388003
Colony:0.24703862
TransactionListener:0.22900017
GoodsType:0.2169466
Europe:0.18491986
AbstractGoods:0.16983771
Goods:0.16427389
Unit:0.14405578
Player:0.13852851
FreeColGameObject:0.09528481
ModelMessage:0.091658115
Monarch:0.07393779
Game:0.0722304
FreeColObject:0.058696594
FreeColGameObjectType:0.025693258
FeatureContainer:0.017394379
Ownable:0.015517362
