InGameInputHandler:0.13600555
InGameController:0.11159044
