Message:0.05702668
Connection:0.018313868
