Message:0.054294854
Connection:0.01599848
