CategoryMenu:0.21287054
CategoryList:0.1826849
CategoryListEditor:0.1655753
CategoryListRenderer:0.10056892
Category:0.04531313
