TreePanel:0.10701458
Tree:0.09832855
AdvancedProperties:0.050072875
