MainWindow:0.81
MenuButton:0.2833333333333333
SearchBar:0.18333333333333332
LocationBar:0.18333333333333332
ImportExport:0.1811111111111111
FeedThread:0.13666666666666666
LinkButton:0.13
NewFileAction:0.12666666666666668
FetchAllFeedsAction:0.12666666666666668
NewFolderAction:0.11333333333333333
