Preferences:0.8066666666666666
MainWindowMenuHandler:0.43333333333333335
TagValidationOptionsDialog:0.2966666666666667
Main:0.24666666666666667
TagValidationTool:0.22666666666666666
ITagValidation:0.22401587301587308
