TextEditor:0.74
TextEditorDocument:0.18666666666666668
TextEditorKit:0.14111111111111113
InsertLinkAction:0.12
