JAMWikiServlet:0.47
AdminServlet:0.21666666666666667
EditServlet:0.19
WikiPageInfo:0.18666666666666668
UploadServlet:0.17333333333333334
SetupServlet:0.16
TopicServlet:0.15333333333333332
UpgradeServlet:0.14333333333333334
TranslationServlet:0.14333333333333334
RegisterServlet:0.14
HistoryServlet:0.13
ImportServlet:0.11333333333333333
SearchServlet:0.11333333333333333
PrintableServlet:0.11333333333333333
ContributionsServlet:0.09333333333333334
DiffServlet:0.09333333333333334
RecentChangesServlet:0.09333333333333334
