OConsts:0.5405555555555556
TMXReader2:0.4522222222222222
RealProject:0.44
