EditorStats:0.5826111111111111
TodoEditor:0.53
FeedViewer:0.30333333333333334
ChartDialog:0.2966666666666667
StatsPlugin:0.1
StatsDialog:0.056666666666666664
