FSHelper:0.5933333333333334
MountPanel:0.33666666666666667
MIconChooser:0.2733333333333333
HistoryAction:0.19333333333333333
