ScriptWriterText:0.38
ScriptWriterBase:0.37333333333333335
ScriptWriterEncode:0.3233333333333333
Crypto:0.18666666666666668
