SimpleTableCellRenderer:0.40205336
MComboBox:0.08010066
MList:0.07571205
MSettingsDialog:0.06846338
Item:0.06805254
MFontComboBox:0.064261064
MFontChooser:0.05961322
MIconChooser:0.058796674
UI:0.057127878
Property:0.015225434
