Buffer:0.29816756
jEdit:0.14949778
Mode:0.10240351
StatusBar:0.0945733
FoldHandler:0.06798524
AbstractOptionPane:0.059992556
View:0.05812267
EditPane:0.05519995
BufferUpdate:0.050469767
JEditTextArea:0.038504515
EnhancedDialog:0.033991706
EditBus:0.010320601
