EnhancedCheckBoxMenuItem:0.11559086
EnhancedMenuItem:0.10703976
View:0.088293694
Buffer:0.07971613
JEditTextArea:0.070955925
EditPane:0.07017072
FoldHandler:0.054666907
SearchBar:0.054037847
BufferOptions:0.051839218
InputHandler:0.05018749
EnhancedButton:0.049571846
jEdit:0.049301717
Macros:0.030709777
WorkThreadPool:0.027927475
FoldVisibilityManager:0.027736122
SearchAndReplace:0.026537009
VFSManager:0.02182292
RecentFilesMenu:0.021713628
WorkThreadProgressListener:0.021088628
RecentDirectoriesMenu:0.017337428
DefaultInputHandler:0.01670374
Mode:0.01487271
