BeanShell:0.51
jEdit:0.47
InputHandler:0.2122222222222222
BeanShellAction:0.16666666666666666
EditServer:0.15555555555555556
BeanShellHandler:0.11
Factory:0.09333333333333334
MouseHandler:0.08333333333333333
