AbstractFilter:0.06699883
IFilter:0.01816851
