Unit:0.7166666666666667
Colony:0.5466666666666666
InGameInputHandler:0.23333333333333334
InGameController:0.23
