ProxyPanel:0.09235365
ProxyModel:0.07184802
ProxyInfo:0.055312056
ProxySettings:0.011419574
