ColopediaPanel:0.57
ColopediaNationTypeAction:0.17666666666666667
ColopediaNationAction:0.17666666666666667
FeatureContainer:0.12333333333333334
InGameMenuBar:0.08
MapEditorMenuBar:0.08
ActionManager:0.07666666666666666
