MAction:0.10159829
UI:0.097016804
MDialog:0.087265156
MGraphics:0.062081266
MFrame:0.058946155
MScrollPane:0.047905214
MMenuBar:0.034317333
TK:0.0325876
MStatusBar:0.021202616
MTimer:0.006670539
MArrayList:0.0037022037
ContainerScanner:0.0035583442
Kiosk:0.0034888587
Property:0.002948881
