ScriptCommand:0.13306822
ConsoleCommand:0.12703964
ConsolePlugin:0.06622234
ConsoleConfig:0.046112232
ConsoleOutput:0.021215916
