NetworkHandler:0.30455387
MetaRegister:0.05941485
