Connection:0.1666288
NetworkReplyObject:0.10306023
Message:0.040584236
