Player:0.6
Colony:0.5033333333333333
Game:0.3433333333333333
InGameController:0.26666666666666666
