Chunk:0.4633333333333333
TextUtilities:0.45
JEditTextArea:0.41555555555555557
TextAreaPainter:0.23272222222222222
TokenMarker:0.22833333333333333
BufferPrintable:0.10666666666666667
