TK:0.8633333333333333
AbstractIterator:0.39666666666666667
TodoEditorCore:0.33666666666666667
