Cache:0.42
QueryExpression:0.37333333333333335
DataFileCache:0.37
ScaledRAFile:0.28400000000000003
Tokens:0.2678730158730158
ParserDDL:0.25666666666666665
DataFileCacheSession:0.22
