MainWindow:0.6233333333333333
TaskInfoButton:0.35333333333333333
TaskPanel:0.25333333333333335
TaskSummary:0.16333333333333333
