Tile:0.35706475
TileItemContainer:0.34840557
IndianSettlement:0.24288832
LostCityRumour:0.21587224
Resource:0.18049128
TileImprovement:0.13422538
FreeColGameObject:0.12494003
TileItem:0.12187359
Game:0.11891508
FreeColObject:0.11595004
Colony:0.11541306
Settlement:0.09782568
Player:0.09286013
Unit:0.08329396
UnitType:0.05302469
GoodsType:0.046900313
Specification:0.046539877
