ServerColony:0.16956681
ServerUnit:0.14827052
ServerPlayer:0.11366271
ServerModelObject:0.049315847
