DiskFreeModel:0.625
DiskFreeSettings:0.4088888888888889
DiskFreeDialog:0.37666666666666665
Main:0.23333333333333334
