Widget:0.89
Desktop:0.34
WidgetInternalFrame:0.31666666666666665
NewWidgetAction:0.11111111111111109
