EditorPlugin:0.5533333333333333
Tabs:0.35
ItemRenderer:0.3466666666666667
