ColonyTile:0.41682905
Colony:0.30967277
Building:0.30484316
Unit:0.20538743
Location:0.1757695
Player:0.092389606
