GUIUtilities:0.052765142
EditAction:0.047663122
StatusBar:0.035810925
jEdit:0.0144281965
View:0.011938676
Log:0.005720509
