BaseCostDecider:0.89278305
CostDeciders:0.39827994
