PathNode:0.14876351
Unit:0.13523126
Tile:0.11901742
Player:0.09570837
Game:0.06345503
FreeColGameObject:0.056408715
Colony:0.05186934
GoodsContainer:0.051288556
Europe:0.05079347
Location:0.049420062
Settlement:0.04288742
FreeColObject:0.042775646
Region:0.038379822
HighSeas:0.035207823
StringTemplate:0.028799765
Locatable:0.020509029
