Map:0.33502263
Unit:0.22552039
Player:0.08218568
Tile:0.06373271
FreeColObject:0.019273572
