FreeColPanel:0.04867986
FreeColDialog:0.029771853
