AutoCompletion:0.5833333333333334
MTextFieldPanel:0.5016666666666667
CoolHeader:0.4766666666666667
