PropertiesBar:0.6833333333333333
MToolBar:0.6795555555555556
