TrackerItem:0.17736219
TrackerListener:0.10818006
TrackerEvent:0.066510774
