VersionControl:0.55470073
VersionPanel:0.17562948
VersionException:0.061202396
