UI:0.6233333333333333
OS:0.5633333333333334
AbstractFS:0.43666666666666665
