MMessage:0.56
TaskTable:0.3416111111111111
ImageEditor:0.29
NoteWidget:0.27166666666666667
TextUtils:0.24666666666666667
MLoginPanel:0.22443434343434338
QuickOpenDialog:0.21443434343434342
AddFeedDialog:0.21333333333333335
PrintDialog:0.2
HistoryDialog:0.1805
ActionProperties:0.14
InsertTableAction:0.11333333333333333
WebDialog:0.11
InsertImageAction:0.09
