ArrayUtil:0.6533333333333333
Table:0.5222222222222221
Session:0.34
User:0.25
GrantConstants:0.011111111111111112
