MDialog:0.52
MNotification:0.36333333333333334
Desktop:0.23166666666666666
MRegexPanel:0.22666666666666666
Criteria:0.20666666666666667
TrashFS:0.20033333333333334
Filters:0.18733333333333335
FeedUtils:0.16
