MIndicator:0.068231255
MLabel:0.03850614
MMouseAdapter:0.019324515
UI:0.015999278
MSmallButton:0.008873728
Flags:0.008165211
FS:0.007001365
MPanel:0.0046185814
