MText:0.10599805
MMessage:0.09569256
Modifiable:0.040409084
UI:0.03784011
