XMLHelper:0.4472222222222222
MColorChooser:0.3466666666666667
Item:0.3233333333333333
Preloader:0.30666666666666664
