PathNode:0.26703376
GoalDecider:0.19671693
Unit:0.1913256
DefaultCostDecider:0.13927417
CostDecider:0.13465388
Tile:0.1215916
Player:0.090938695
Settlement:0.09032372
Colony:0.086129
IndianSettlement:0.08549244
Europe:0.067765854
Game:0.054019276
FreeColGameObject:0.053042527
