Goods:0.39666666666666667
Tile:0.38333333333333336
FreeColGameObject:0.36666666666666664
Map:0.3597619047619048
Settlement:0.33
Colony:0.32666666666666666
Unit:0.3182777777777778
GoodsContainer:0.2733333333333333
Building:0.23666666666666666
Monarch:0.21333333333333335
ColonyTile:0.20666666666666667
UnitContainer:0.2030952380952381
