AbstractOption:0.32
OptionGroup:0.2966666666666667
MapGeneratorOptions:0.29333333333333333
IntegerOption:0.25
ClientOptions:0.22333333333333333
StringOption:0.22
BooleanOption:0.22
GameOptions:0.21333333333333335
OptionMap:0.20666666666666667
DifficultyDialog:0.17333333333333334
RangeOption:0.17
DifficultyLevel:0.16333333333333333
SelectOption:0.16
ListOption:0.15333333333333332
ActionManager:0.11333333333333333
OptionReader:0.09666666666666666
FileOption:0.09333333333333334
LanguageOption:0.08333333333333333
AudioMixerOption:0.07833333333333334
PercentageOption:0.043333333333333335
DifficultyOptionMap:0.02
