Tile:0.7166666666666667
GoodsType:0.28
ImageLibrary:0.25666666666666665
