ProxyInfo:0.76
ProxyModel:0.5466666666666666
Main:0.27666666666666667
