WikiBase:0.63
VQWikiParser:0.20305555555555557
AbstractParser:0.20055555555555554
TopicVersion:0.19
WikiServlet:0.18
MediaWikiParser:0.16666666666666666
EditServlet:0.13777777777777778
ViewTopicController:0.11333333333333333
