Canvas:0.6233333333333333
GUI:0.55
ColonyPanel:0.45666666666666667
InGameController:0.37666666666666665
TilePopup:0.1811111111111111
CanvasKeyListener:0.17
FindSettlementDialog:0.13666666666666666
ToAmericaPanel:0.1322222222222222
UnitMoveAnimationCanvasSwingTask:0.13
