Editor:0.72
EditorPlugin:0.33666666666666667
TodoEditorCore:0.3
Tabs:0.26
FeedViewer:0.23666666666666666
NotepadEditor:0.23333333333333334
TextEditor:0.21666666666666667
ImageEditorCore:0.21666666666666667
PrintDialog:0.21333333333333335
Preview:0.21
TodoEditor:0.20666666666666667
FeedsFS:0.20333333333333334
ImageEditor:0.18
EditorQuickFind:0.16666666666666666
QueryEditor:0.15
ImportExport:0.13666666666666666
LookAndFeelSettings:0.13666666666666666
Base:0.12333333333333334
HTMLPreviewAction:0.11
QueryAction:0.08666666666666667
