AnsiDataHandler:0.5166666666666667
DatabaseUpgrades:0.41
AdminVirtualWikiServlet:0.3422222222222222
