WebServer:0.16860095
ServerConfiguration:0.14718074
ServerConstants:0.09912064
WebServerConnection:0.07314067
DatabaseManager:0.0698908
ServerConnection:0.06687743
Trace:0.062774554
DatabaseURL:0.04992983
Result:0.04678169
HsqlSocketFactory:0.044599295
Session:0.03830334
HsqlServerFactory:0.030511683
HsqlDateTime:0.025474263
ResultConstants:0.024864804
HsqlSocketRequestHandler:0.009663204
HsqlException:0.006072154
SessionInterface:0.005934622
Record:1.1353223E-4
