DataFileCache:0.4166666666666667
ParserDQL:0.4166666666666667
FunctionSQL:0.32166666666666666
Cache:0.30666666666666664
Log:0.2866666666666667
