Table:0.6966666666666667
PersistentStore:0.57
RowStoreAVL:0.43
Logger:0.2866666666666667
RowStoreAVLHybrid:0.2633333333333333
PersistentStoreCollectionSession:0.25333333333333335
UserManager:0.23
RangeVariableResolver:0.22
BlobInputStream:0.21
ClobInputStream:0.21
SessionData:0.20666666666666667
RowStoreAVLHybridExtended:0.2
DatabaseInformationFull:0.19333333333333333
