Unit:0.6066666666666667
InGameController:0.38
InGameInputHandler:0.35333333333333333
Canvas:0.3333333333333333
