Unit:0.68
Colony:0.44333333333333336
InGameController:0.36333333333333334
InGameInputHandler:0.28444444444444444
