Statement:0.5066666666666667
ParserRoutine:0.37666666666666665
CompileContext:0.2833333333333333
StatementDMQL:0.25
StatementSet:0.23666666666666666
StatementExpression:0.22666666666666666
StatementSimple:0.22333333333333333
ParserDDL:0.21666666666666667
ParserCommand:0.21333333333333335
StatementCompound:0.19666666666666666
StatementDML:0.19
StatementProcedure:0.16642857142857143
StatementQuery:0.12666666666666668
