MDialog:0.6566666666666666
Tabs:0.42833333333333334
ToggleIconButton:0.23666666666666666
