TransactionManager:0.6011111111111112
DataFileCache:0.5933333333333334
DataFileDefrag:0.3233333333333333
TransactionManagerCommon:0.31333333333333335
