FreeColServer:0.535
StatisticsPanel:0.31666666666666665
WarehouseGoodsPanel:0.25333333333333335
