Server:0.08441592
DatabaseManager:0.05375365
ServerConstants:0.048527837
jdbcDriver:0.04725348
Database:0.04638186
Servlet:0.04591298
Table:0.021233844
Session:0.017954037
