Set:0.061794322
Collection:0.05639017
Iterator:0.027055467
