ParserDDL:0.53840464
StatementSchema:0.2865368
Statement:0.22334945
Table:0.20772016
ParserCommand:0.16340414
StatementTypes:0.1632087
SchemaManager:0.15374985
Session:0.14818364
Database:0.14402553
Constraint:0.121831805
ParserBase:0.07899579
Token:0.048971243
HsqlException:0.034360707
ConstraintCore:0.022873688
Tokens:0.0
