QueryExpression:0.24747738
View:0.16752197
RangeVariable:0.16042323
ParserDQL:0.14303531
Expression:0.14097896
StatementQuery:0.11995299
Table:0.1192754
QuerySpecification:0.09786333
StatementExpression:0.09434082
StatementDMQL:0.08731982
StatementSet:0.08485952
StatementDML:0.08170017
StatementProcedure:0.06576468
TableUtil:0.065715365
ParserDML:0.06371595
ExpressionTable:0.059063554
TableBase:0.05885436
ExpressionLogical:0.051283862
ExpressionColumn:0.04023813
SessionData:0.026640337
Routine:0.02483993
SchemaManager:0.024061752
RangeVariableResolver:0.023706926
Row:0.020991068
ParserRoutine:0.020675939
Session:0.019894578
SessionContext:0.017913094
ColumnSchema:0.014676697
ParserCommand:0.013538937
Database:0.010426347
Scanner:0.009734725
ParserBase:0.00879915
RangeGroup:0.007443136
OpTypes:0.004341149
