TableDerived:0.26556814
Table:0.19609797
QueryExpression:0.11908267
ParserDDL:0.10892186
ParserDQL:0.09362605
TriggerDef:0.08820327
QuerySpecification:0.08167489
SchemaObject:0.06742633
StatementSchema:0.059322737
TableUtil:0.047982875
ParserCommand:0.029055404
Session:0.028248858
ParserBase:0.02791134
Database:0.02771368
Scanner:0.026295181
TableBase:0.022655966
StatementTypes:0.0147370715
Tokens:0.0
