Mnemonic:0.6033333333333334
MFileChooser:0.41
HTMLColorChooserPanel:0.27777777777777773
ComponentHighlight:0.2227777777777778
MWizardDialog:0.21
BackupDialog:0.18666666666666668
