Filter:0.3233333333333333
Main:0.32
ConvertConfigs:0.28
Convert20to21:0.27199999999999996
OneFilter:0.23333333333333334
