AppAction:0.11882444
Config:0.087044254
ImageSelection:0.08103516
AbstractMarkupBuilder:0.06559754
FS:0.060763735
MButton:0.052811097
ColorProperty:0.052062683
OS:0.04987036
MouseGestures:0.046505734
MTabbedPane:0.044732094
UI:0.043613773
DT:0.043597173
MPasswordField:0.043405846
StringProperty:0.039616812
MText:0.03960371
MSmallColorButton:0.03905934
MFileChooser:0.02960406
MMessage:0.02925927
MSmallColorChooser:0.026924655
MDialog:0.026276665
Args:0.026152393
MTextPane:0.02597056
MNotification:0.02537775
MCalendar:0.025155587
Watermark:0.024494337
MURLButton:0.021339862
MTogglePanel:0.020306524
MLogger:0.01943731
Mnemonic:0.018850511
Gettext:0.01671374
VersionProperty:0.016312862
MTip:0.0157502
MStatusBar:0.015330731
MMainWindow:0.014435146
MAbout:0.014142307
MWizard:0.0113756405
CoolHeader:0.010678851
MSystemTray:0.0040562316
MHTMLViewer:0.0021166035
ContainerScanner:8.5732446E-4
Uninstantiable:2.47072E-4
