OptionsDialog:0.44666666666666666
DifficultyDialog:0.3566666666666667
GameOptionsDialog:0.19666666666666666
ClientOptionsDialog:0.15
MapGeneratorOptionsDialog:0.09666666666666666
