Archive:0.4266666666666667
FeedsFS:0.38666666666666666
DnDTransferHandler:0.35
ArchiveChannel:0.30333333333333334
