MRating:0.6833333333333333
TaskModel:0.5266666666666666
