Unit:0.3709342
ColonyTile:0.3231235
Building:0.2932986
Europe:0.2897798
Colony:0.28152236
Market:0.26060018
Tile:0.24954285
GoodsContainer:0.23022124
IndianSettlement:0.22411652
Player:0.19231142
Settlement:0.14763048
GoodsTradeItem:0.1463048
Locatable:0.10335562
Game:0.09804676
Location:0.09076166
GoodsType:0.054296404
ModelMessage:0.04998269
Ownable:0.028537346
Nameable:0.026782377
