WorkLocationPlan:0.33515024
AIUnit:0.31638947
AIColony:0.30641332
AIMain:0.25272137
AIPlayer:0.21487981
AIObject:0.1874482
