OptionGroup:0.2606679
PercentageOption:0.18943766
ListOption:0.17126213
StringOption:0.11513037
IntegerOption:0.09981366
BooleanOption:0.06515978
FileOption:0.062209204
Option:0.053795043
AudioMixerOption:0.040086634
LanguageOption:0.038497146
