OptionGroup:0.08286887
Option:0.021431532
AbstractOption:0.010003516
