PercentageOption:0.4275888
SelectOption:0.3395771
OptionGroup:0.26726624
RangeOption:0.18411544
Option:0.090106964
AbstractOption:0.062465657
