OptionGroupUI:0.22316979
OptionUpdater:0.12926675
