OptionGroup:0.12212473
Option:0.054842234
AbstractOption:0.037626505
