ParagraphTag:0.51
JFlexParser:0.4083333333333333
AbstractJAMWikiLexer:0.29
JFlexLexer:0.2566666666666667
TableOfContents:0.24333333333333335
ParserTest:0.23333333333333334
JFlexTagItem:0.22666666666666666
WikiReferencesTag:0.08666666666666667
JavascriptTag:0.08666666666666667
AbstractHeadingTag:0.07
