AudioMixerOption:0.6666666666666666
FreeColClient:0.36333333333333334
SoundPlayer:0.30333333333333334
OptionMapUI:0.18333333333333332
ClientOptions:0.18
OptionGroupUI:0.17111111111111113
AudioMixerOptionUI:0.15
