PropertyPanel:0.69
MSettingsPage:0.4766666666666667
Designer:0.31333333333333335
