DatabaseConnection:0.44666666666666666
AnsiQueryHandler:0.36333333333333334
AnsiDataHandler:0.3566666666666667
WikiDatabase:0.24
DatabaseUpgrades:0.20333333333333334
