VFS:0.20266595
VFSManager:0.18946676
MiscUtilities:0.070400394
Log:0.041754596
