WorkThreadPool:0.3313958
WorkRequest:0.25666472
IOProgressMonitor:0.096820675
BrowserIORequest:0.06722374
BufferIORequest:0.0671025
HyperSearchRequest:0.049894046
Log:0.030814342
