PluginInfo:0.75
Widget:0.43
Editor:0.37833333333333335
DesktopPanel:0.3233333333333333
PluginManager:0.27
ID:0.24666666666666667
InternetSearch:0.19333333333333333
PluginSettings:0.17333333333333334
TreeFS:0.14444444444444443
NewWidgetAction:0.09666666666666666
WidgetPlugin:0.08666666666666667
