RepeatRule:0.6966666666666667
FieldsPanel:0.31333333333333335
RepeatPanel:0.31
TaskModel:0.22883333333333336
DailyPanel:0.16
DateTimeRenderer:0.16
