WebBrowser:0.71
MWebBrowser:0.53
FeedViewer:0.30666666666666664
PropertiesBar:0.25
QueryEditor:0.24333333333333335
