EBComponent:0.14656067
EBMessage:0.14287902
EBPlugin:0.092678525
DockableWindowManager:0.044344798
Macros:0.041825492
QuickNotepad:0.04064695
Buffer:0.039321113
MacrosMenu:0.03466437
VFSBrowser:0.03332167
HelpViewer:0.031684756
jEdit:0.031148186
HyperSearchResults:0.029171985
View:0.028961182
VFSManager:0.026486352
EditPane:0.019707408
Log:0.01784949
SearchAndReplace:0.011341821
QuickNotepadPlugin:0.010072595
WindowTableModel:0.0097970795
BufferOptions:0.0027278687
