jEdit:0.11904125
DockableWindow:0.05153848
DockableWindowManager:0.050159886
Log:0.025035318
MiscUtilities:0.011304706
