ContextOptionPane:0.49961975
ToolBarAddDialog:0.27601022
GUIUtilities:0.13253948
OptionsDialog:0.12399715
jEdit:0.051168077
EditAction:0.031788785
MiscUtilities:0.03115955
AbstractOptionPane:0.029612474
