Canvas:0.7866666666666666
MapControls:0.37333333333333335
MapEditorController:0.27
FreeColClient:0.24
