MMenu:0.31666666666666665
Task:0.31
MMessage:0.24666666666666667
MouseGestures:0.24666666666666667
MList:0.225
Impl:0.19333333333333333
ArticleList:0.19333333333333333
AbstractTest:0.18666666666666668
CompletionWindow:0.1577777777777778
