IndianSettlement:0.58
GUI:0.4375
MapGenerator:0.24444444444444446
IndianSettlementBuilder:0.21666666666666667
