HTMLBuilder:0.52
ProxyModel:0.3011111111111111
FeedViewer:0.2833333333333333
AbstractMarkupBuilder:0.25
ImageInfo:0.25
