MToolBar:0.09839068
MAction:0.07001522
MColorChooser:0.05394694
MMenu:0.047151785
MWebBrowser:0.03862735
TK:0.03736614
