MDialog:0.1359377
MRating:0.11411379
MSmallButton:0.10377287
MIconButton:0.08809994
MMenu:0.085985795
MURLButton:0.083691865
MToolBar:0.0821353
MCalendar:0.078614555
MWizard:0.07376111
MAction:0.0731779
UI:0.06749986
MButtonPanel:0.056842268
MMessage:0.047808427
MNotification:0.047014307
MTextFieldPanel:0.038390458
MSmallColorButton:0.035913393
MIcon:0.034373753
MMultiPanel:0.03303841
MAbout:0.03148636
MMouseAdapter:0.031426754
TK:0.027072351
MFontButton:0.023858575
MLogger:0.023305643
MTimer:0.021044571
MColorButton:0.01737202
BooleanProperty:0.005300418
Property:0.00499647
StateEvent:0.004606655
