TextAreaPainter:0.22004099
DisplayTokenHandler:0.1801902
BufferPrintable:0.1581539
JEditTextArea:0.09966357
ChunkCache:0.0920854
SyntaxStyle:0.08436365
Debug:0.02536267
Token:0.024081126
ParserRuleSet:0.01370488
