TagsMenu:0.13163735
Tags:0.123287864
TagsEditor:0.092691235
