Tile:0.64
Resource:0.3466666666666667
ColopediaPanel:0.2833333333333333
FoundingFather:0.2633333333333333
ReportForeignAffairPanel:0.14
TileTest:0.07333333333333333
