Tile:0.6066666666666667
TileItemContainer:0.4533333333333333
GUI:0.2866666666666667
MapGenerator:0.2744444444444445
ColopediaPanel:0.22333333333333333
TerrainGenerator:0.21666666666666667
TilePanel:0.15666666666666668
