ColonyTile:0.31861183
Building:0.3171919
BuildQueue:0.23304659
Settlement:0.22139111
Unit:0.21517019
Tile:0.1955423
IndianSettlement:0.1927259
Player:0.18631655
GoodsType:0.17639104
BuildingType:0.16823289
GoodsContainer:0.16719338
Europe:0.16475573
Market:0.16425797
UnitType:0.16095828
TileType:0.15863824
Consumer:0.15293948
Specification:0.13493522
BuildableType:0.12885885
TileImprovement:0.11953573
Goods:0.10839668
AbstractGoods:0.10709698
WorkLocation:0.102562726
ExportData:0.10233864
TradeRoute:0.10043503
TileItemContainer:0.09745627
PlayerExploredTile:0.08809564
Location:0.066304505
Game:0.066155106
ModelMessage:0.06111641
FreeColGameObjectType:0.05555683
SimpleCombatModel:0.05414519
FreeColObject:0.053500395
FreeColGameObject:0.05236393
Modifier:0.04844699
Operand:0.048358105
StringTemplate:0.04475986
FeatureContainer:0.04143407
Ability:0.04131099
DiplomaticTrade:0.030888576
Limit:0.02796328
TradeItem:0.027366655
ColonyTradeItem:0.022886952
CombatModel:0.020012615
Turn:0.018805172
Locatable:0.012947805
Nameable:0.00799006
