AbstractConnector:0.54
DefaultSDIApplication:0.48333333333333334
StickyRectangleConnector:0.22
SlantedLiner:0.18333333333333332
