TextEditor:0.105672896
TextEditorCore:0.04062108
TextEditorKit:0.024882937
