FreeColDialog:0.43444444444444447
Canvas:0.4188888888888889
InformationDialog:0.4066666666666667
