Widget:0.6233333333333333
DeskletWidget:0.3433333333333333
DeskletWidgetDockingContainer:0.31
