SearchDialog:0.54
Clock:0.4266666666666667
MultiFileActionHandler:0.17422222222222225
