FS:0.6933333333333334
Armor:0.29333333333333333
WebPanel:0.25666666666666665
PluginClassLoader:0.23055555555555557
MFontChooser:0.22
