MTextField:0.76
MTextFieldPanel:0.4755555555555555
MTextFieldBeanInfo:0.12895238095238096
