ClientConnection:0.05398287
FunctionCustom:0.047236327
Session:0.04060896
Scanner:0.034717016
