Links:0.6266666666666667
MetaInfoMenu:0.21666666666666667
Action:0.21
MetaInfoAction:0.20222222222222225
RemoveAllLinksAction:0.04666666666666667
