MInternalFrame:0.4266666666666667
DeskletWidgetContext:0.4033333333333333
DeskletWidgetContainer:0.29800000000000004
MDownloadDialog:0.25066666666666665
AbstractDeskletContainer:0.23666666666666666
ConfigurationContainer:0.23666666666666666
