SelectionTool:0.25501716
AbstractTool:0.128065
DragTracker:0.068485774
SelectAreaTracker:0.04652224
HandleTracker:0.045048762
