AbstractAutoCompleterView:0.1482741
AutoCompleterListView:0.091518775
AutoCompleterTableView:0.06836592
IAutoCompleter:0.045103125
AutoCompleterItem:0.033210203
