Topic:0.08925843
LogItem:0.06585827
