MUndoManager:0.65
MText:0.41333333333333333
TodoEditor:0.32666666666666666
ImageEditor:0.31333333333333335
ConsoleConfig:0.19333333333333336
