RepeatRule:0.5766666666666667
MCalendarPanel:0.4066666666666667
FieldsPanel:0.2866666666666667
MTip:0.17333333333333334
RepeatPanel:0.08833333333333333
MonthlyPanel:0.02666666666666667
YearlyPanel:0.02666666666666667
DailyPanel:0.016666666666666666
NonePanel:0.016666666666666666
HourlyPanel:0.013333333333333334
MinutelyPanel:0.013333333333333334
