UI:0.69
Console:0.38333333333333336
NoteWidget:0.24444444444444446
TagsEditor:0.24111111111111114
