Database:0.6033333333333334
User:0.31
jdbcResultSetMetaData:0.29
DITypeInfo:0.24
Session:0.23333333333333334
HsqlDatabaseProperties:0.19
