Unit:0.6866666666666666
Player:0.56
ColonyPlan:0.22666666666666666
AIMain:0.22
FreeColServer:0.20333333333333334
AIColony:0.2
