DefaultDrawingView:0.4866666666666667
SVGOutputFormat:0.38333333333333336
SVGInputFormat:0.37666666666666665
BezierTool:0.3433333333333333
DefaultDrawingViewTransferHandler:0.25333333333333335
ViewSourceAction:0.13333333333333333
PathTool:0.11433333333333333
