MPanel:0.04999087
MMessage:0.03688215
MButton:0.02934924
ContainerIterator:0.02513782
UI:0.016835205
TK:0.015651979
MIcon:0.01565159
MSmallButton:0.011810833
MHighlighter:0.010992791
MActionInfo:0.005374121
