LinkEditorPlugin:0.5466666666666666
TodoEditorPlugin:0.49833333333333335
TextEditorPlugin:0.33
