Widget:0.5733333333333334
Desktop:0.4866666666666667
MDesktopManager:0.32666666666666666
MDesktopPane:0.30003968253968255
