JEditTextArea:0.5066666666666667
SearchDialog:0.35
RootsEntry:0.19416666666666665
TextAreaTransferHandler:0.18
VFSFileNameField:0.17666666666666667
