UI:0.46
Components:0.35
TreePanel:0.2966666666666667
Builder:0.24333333333333335
PluginDownloader:0.23444444444444448
SearchBar:0.22111111111111115
TaskPanel:0.19666666666666666
SearchPanel:0.17777777777777778
Categories:0.10666666666666667
EmptyComponent:0.023333333333333334
