PluginInfo:0.8366666666666667
PluginCache:0.4266666666666667
PluginManager:0.3566666666666667
