Player:0.07118963
FreeColGameObjectType:0.05581933
NationType:0.052363604
FreeColObject:0.047079254
Game:0.028102612
