SoundPlayer:0.23030682
SoundLibrary:0.01655639
