MusicLibrary:0.22196051
SfxLibrary:0.18380976
Playlist:0.051943492
