Colony:0.59
Building:0.4766666666666667
ColonyTile:0.34
GoodsContainer:0.3061111111111111
ColonyPanel:0.27666666666666667
UnitLabel:0.2394444444444445
WarehousePanel:0.22055555555555556
BuildingPanel:0.21666666666666667
AIColony:0.19333333333333333
DragListener:0.14861111111111108
