LinkUtil:0.51
WikiLink:0.5066666666666667
InterWikiHandler:0.3311111111111111
WikiUtil:0.25666666666666665
TestDataHandler:0.23333333333333334
ServletUtil:0.22333333333333333
AnsiDataHandler:0.22
LinkUtilTest:0.215
EditServlet:0.20666666666666667
WikiPageInfo:0.20333333333333334
JFlexParser:0.19166666666666668
JAMWikiModel:0.19
MediaWikiXmlImporter:0.17333333333333334
WikiLinkTag:0.12666666666666668
MoveServlet:0.11666666666666667
WikiLinkTest:0.10333333333333333
MagicWordUtil:0.09
JAMHTMLConverter:0.08333333333333333
