MText:0.10151007
MDateSpinner:0.06660415
MNumberSpinner:0.016354518
MAction:0.008813805
Size:0.0016094969
