Colony:0.7966666666666666
GoodsType:0.51
ScoutingMission:0.31333333333333335
AIColony:0.29333333333333333
PioneeringMission:0.23
