ReportProductionPanel:0.17719764
ReportPanel:0.12337434
FreeColProgressBar:0.06325913
