jEdit:0.7804444444444445
OpenBracketIndentRule:0.37333333333333335
