MText:0.44
Tree:0.43666666666666665
MPasswordField:0.2633333333333333
