Table:0.68
NodeAVL:0.5294444444444445
IndexAVL:0.4066666666666667
Constraint:0.3433333333333333
TableBase:0.28444444444444444
JDBCPreparedStatementTest:0.2633333333333333
Logger:0.22666666666666666
NodeAVLDisk:0.22333333333333333
NodeAVLBaseMemory:0.20666666666666667
StatementDML:0.19
