IEditor:0.5141666666666667
MainWindowMenuHandler:0.44333333333333336
MainWindowMenu:0.36666666666666664
EmptyNoneTranslationPopup:0.22666666666666666
EditorController:0.16333333333333333
