JFlexParserUtil:0.45856354
JFlexLexer:0.43739825
