FeedsFSPlugin:0.7966666666666666
Main:0.4266666666666667
