ColonyPanel:0.49666666666666665
InGameController:0.4288888888888889
GUI:0.41333333333333333
TilePopup:0.2511111111111111
DebugMenu:0.20333333333333337
ResourceTransform:0.11333333333333333
