JAMWikiServlet:0.33877373
ServletUtil:0.26852405
WikiPageInfo:0.075734146
