MLogger:0.4
MFileChooser:0.38
MainWindow:0.3333333333333333
Button:0.2866666666666667
