LinkEditorPlugin:0.7886111111111112
EditorCrypto:0.5736666666666667
