MCheckBox:0.48
LinkEditor:0.29
FeedsFS:0.26666666666666666
VersionControl:0.20666666666666667
VersionInfo:0.18333333333333332
VersionDialog:0.1811111111111111
MountPanel:0.17333333333333334
CustomAdvancedPanel:0.15444444444444444
GeneralSettings:0.14
