UI:0.62
Style:0.36333333333333334
MDialog:0.22
MNotification:0.22
BackgroundTaskManager:0.19333333333333333
Tree:0.19333333333333333
MTip:0.17333333333333334
MURLButton:0.16666666666666666
ScriptError:0.16333333333333333
TaskSummary:0.16
MCalendar:0.14666666666666667
DragScroller:0.07666666666666666
ToggleButton:0.056666666666666664
RatingButton:0.056666666666666664
