Tokens:0.6667222222222222
NumberSequence:0.4166666666666667
Table:0.38666666666666666
ParserDQL:0.3233333333333333
FunctionSQL:0.2625
ParserDDL:0.19333333333333333
