Node:0.27653444
Table:0.15332167
Expression:0.109728284
Column:0.10284872
DatabaseCommandInterpreter:0.09803618
Row:0.09695614
Constraint:0.09424
DatabaseInformationMain:0.0887888
TableWorks:0.073631585
DatabaseInformationFull:0.069919996
Trace:0.068591185
TableFilter:0.068387076
DatabaseScript:0.059541665
DINameSpace:0.055016372
DataFileDefrag:0.049417377
DITableInfo:0.04334808
BaseTable:0.019035881
ConstraintCore:0.015870273
HsqlException:0.015189857
