Table:0.10692567
Session:0.09634102
Select:0.074077085
Column:0.07134822
ResultConstants:0.07012097
DatabaseInformationMain:0.06460959
DatabaseInformationFull:0.05549783
Trace:0.055252768
DatabaseCommandInterpreter:0.052840333
CompiledStatement:0.05159516
Expression:0.05073614
HSQLClientConnection:0.05052083
Servlet:0.047449548
Server:0.043500517
WebServerConnection:0.043012537
HTTPClientConnection:0.039531972
CompiledStatementExecutor:0.035746705
ServerConnection:0.032474622
TableWorks:0.024814006
ScriptRunner:0.023700368
DatabaseScript:0.023342006
View:0.022504414
HsqlException:0.014419763
SessionInterface:0.013591006
GroupedResult:0.0130489785
Record:0.006477489
