GUI:0.027466107
Canvas:0.02123008
ViewMode:0.008796252
TerrainCursor:0.0062296507
