HTMLViewFactory:0.061638083
ActionGroup:0.054388266
MText:0.036720827
UI:0.035730213
MTextPane:0.035008486
TK:0.025616396
MLogger:0.023832873
MStatusBar:0.020929353
MHTMLViewer:0.018150939
MPanel:0.016132787
MAction:0.014403097
MScrollPane:0.012311084
