ReceivingThread:0.23420782
DOMMessage:0.11423794
NetworkReplyObject:0.06717734
MessageHandler:0.05199409
StreamedMessageHandler:0.036104355
GetTransactionMessage:0.017360741
PutOutsideColonyMessage:0.016980136
AskSkillMessage:0.016279377
CashInTreasureTrainMessage:0.015888557
ChatMessage:0.015572035
MonarchActionMessage:0.015418157
DisembarkMessage:0.015418155
ClearSpecialityMessage:0.015381939
DisbandUnitMessage:0.015381935
CloseTransactionMessage:0.015104438
UpdateCurrentStopMessage:0.014637513
BuildColonyMessage:0.014580889
ChangeStateMessage:0.014225713
IndianDemandMessage:0.0141839655
EmigrateUnitMessage:0.014120977
SetTradeRoutesMessage:0.01410702
SpySettlementMessage:0.014098532
JoinColonyMessage:0.014051381
MoveMessage:0.013998278
DeclineMoundsMessage:0.013801255
AssignTradeRouteMessage:0.013748581
SetDestinationMessage:0.013641249
LoadCargoMessage:0.013611425
ChangeWorkTypeMessage:0.013578694
ChooseFoundingFatherMessage:0.013519897
MoveToMessage:0.013516445
ClaimLandMessage:0.013400555
BuyPropositionMessage:0.013329546
SellPropositionMessage:0.013133194
SetGoodsLevelsMessage:0.013089391
RenameMessage:0.013034796
SellGoodsMessage:0.012923122
DeliverGiftMessage:0.0128077185
LearnSkillMessage:0.012754869
BuyGoodsMessage:0.012652518
BuyMessage:0.012564444
SellMessage:0.012560333
PayForBuildingMessage:0.012466469
EquipUnitMessage:0.012364749
TrainUnitInEuropeMessage:0.012361682
SetBuildQueueMessage:0.012292537
PayArrearsMessage:0.012207717
MissionaryMessage:0.012184701
ChangeWorkImprovementTypeMessage:0.012170119
AssignTeacherMessage:0.012095841
ScoutIndianSettlementMessage:0.012095421
UnloadCargoMessage:0.012010556
GoodsForSaleMessage:0.011855005
NewLandNameMessage:0.011845295
LootCargoMessage:0.011817043
AttackMessage:0.011697691
DemandTributeMessage:0.011635228
UpdateTradeRouteMessage:0.011548371
GetNationSummaryMessage:0.0115168635
AbandonColonyMessage:0.011481539
WorkMessage:0.011386534
DeclareIndependenceMessage:0.010964078
InciteMessage:0.010429931
EmbarkMessage:0.010323697
NewRegionNameMessage:0.00993085
DiplomacyMessage:0.008726758
