jEdit:0.62
StringCompare:0.5966666666666667
VFS:0.25
Entry:0.23666666666666666
PluginTableModel:0.16333333333333333
AbbrevsOptionPane:0.16
CompleteWord:0.15333333333333332
TableModelHandler:0.145
JEditActionContext:0.12333333333333334
BufferOptionPane:0.12333333333333334
StyleTableModel:0.12
ShortcutsOptionPane:0.12
EditingOptionPane:0.12
EncodingsOptionPane:0.12
ServiceFoldHandlerProvider:0.11333333333333333
RemoveButton:0.10333333333333333
DirectoryProvider:0.10333333333333333
SendVFSUpdatesSafely:0.07666666666666666
