jEdit:0.513888888888889
JEditTextArea:0.48333333333333334
Buffer:0.47
TextUtilities:0.2966666666666667
GUIUtilities:0.23
EnhancedCheckBoxMenuItem:0.225
MarkersMenuItem:0.22333333333333333
EnhancedMenuItem:0.22166666666666668
BufferIORequest:0.22
TextAreaPainter:0.20666666666666667
EditServer:0.14666666666666667
InstallPluginsDialog:0.13833333333333334
OffsetManager:0.13
ActionHandler:0.12333333333333334
FileCellRenderer:0.09333333333333334
PaneNameRenderer:0.09
InputPane:0.08666666666666667
MyFocusManager:0.08333333333333333
FocusHandler:0.03
