JEditTextArea:0.4166666666666667
SelectionManager:0.39
ChunkCache:0.35
MouseWheelHandler:0.11833333333333333
