MiniMap:0.1271854
InfoPanel:0.11774766
UnitButton:0.036746386
