BeanShellAction:0.14390697
HandlerBase:0.0975188
jEdit:0.054103825
Log:0.026720759
