jEdit:0.21124475
Log:0.11945538
XmlParser:0.06996772
HandlerBase:0.059217818
RecentFilesMenu:0.037939686
Selection:0.024554303
XmlException:0.024330024
