Mode:0.24097045
jEdit:0.09749143
HandlerBase:0.04666692
Log:0.023840278
MiscUtilities:0.022207892
