ScriptYourself:0.43
ScriptIDE:0.32666666666666666
StatsDialog:0.31666666666666665
ActionDialog:0.17
