ActionGroup:0.7733333333333333
Viewer:0.44333333333333336
WikiPanel:0.41
WikiTab:0.27666666666666667
