UI:0.7833333333333333
Console:0.3333333333333333
QueryCategorySelection:0.2833333333333333
PropertiesBar:0.23666666666666666
TaskTable:0.21666666666666667
MFontChooser:0.20666666666666667
LookAndFeelPlugin:0.20666666666666667
TextEditorDesigner:0.20666666666666667
MRegexPanel:0.19333333333333333
ConsoleTab:0.13333333333333333
