Canvas:0.6866666666666666
ClientOptions:0.5033333333333333
InGameInputHandler:0.3433333333333333
