ScriptIDE:0.46
ScriptExecutor:0.39444444444444443
MMenu:0.38
MToolBar:0.3433333333333333
