DeskletWidget:0.12303652
DeskletInfo:0.110219866
DeskletWidgetPlugin:0.026685864
