Editor:0.5433333333333333
FormPanel:0.36333333333333334
DT:0.26666666666666666
MDataTransfer:0.25
ContainerIterator:0.23333333333333334
XMLRPCClient:0.2
MAuthenticator:0.19444444444444445
