AIMessage:0.5833333333333334
Mission:0.43333333333333335
TransportMission:0.36666666666666664
PrivateerMission:0.23
UnitSeekAndDestroyMission:0.2
IndianDemandMission:0.18666666666666668
DefendSettlementMission:0.18666666666666668
UnitWanderHostileMission:0.17
