UserManager:0.37666666666666665
User:0.36333333333333334
Database:0.3466666666666667
Session:0.30666666666666664
HsqlIntKeyIntValueHashMap:0.24666666666666667
SessionManager:0.24
Log:0.22
HsqlIntKeyHashMap:0.21333333333333335
DINameSpace:0.21333333333333335
DatabaseInformationMain:0.20333333333333334
DatabaseInformationFull:0.19666666666666666
DatabaseScript:0.12944444444444442
HsqlObjectToIntMap:0.115
ScriptRunner:0.10333333333333333
CompositeEnumeration:0.06666666666666667
HsqlEnumeration:0.04
