Unit:0.9566666666666667
AIMain:0.32
River:0.2866666666666667
AIPlayer:0.23333333333333334
TransportMission:0.2125
MapGenerator:0.18333333333333332
