InputHandler:0.072277896
PreGameController:0.061147027
