SimpleMapGenerator:0.14742489
River:0.13052012
MapGeneratorOptions:0.03824599
RiverSection:0.023509998
