FeedsFS:0.5566666666666666
AbstractImportAction:0.20666666666666667
ImportFromLifereaAction:0.16444444444444445
HelpAction:0.15
ImportAction:0.12444444444444443
