FoldHandler:0.44666666666666666
jEdit:0.4266666666666667
FoldHandlerProvider:0.21949999999999997
ServiceFoldHandlerProvider:0.17666666666666667
