Task:0.77
MCalendarPanel:0.4766666666666667
TaskPropertiesPanel:0.25
TodoEditorDesigner:0.20444444444444446
GradientPainter:0.17333333333333334
