FreeColServer:0.54
StandardAIPlayer:0.31
InGameInputHandler:0.2966666666666667
AIPlayer:0.28
VictoryPanel:0.19111111111111112
