UI:0.8033333333333333
OS:0.34
MText:0.22333333333333333
MButtonPanel:0.17
