MFileChooser:0.9166666666666666
Backup:0.32
PluginInstaller:0.2
ImportAction:0.18333333333333332
ExportAction:0.18333333333333332
