Expression:0.44388888888888883
Constraint:0.4033333333333333
Like:0.39
