MapControls:0.331748
MiniMap:0.10445409
InfoPanel:0.09235754
UnitButton:0.033484593
