CoreEvents:0.5766666666666667
MainWindowMenuHandler:0.39
ProjectFrame:0.3233333333333333
