PrintDialog:0.16168267
AbstractPrintInfo:0.06329294
PrintableImage:0.0473152
