QueryHandler:0.7066666666666667
AnsiQueryHandler:0.54
AnsiDataHandler:0.37333333333333335
DB2QueryHandler:0.18333333333333332
OracleQueryHandler:0.18333333333333332
DB2400QueryHandler:0.17666666666666667
