MCalendarPanel:0.53
DayButton:0.4266666666666667
SummaryData:0.35333333333333333
Renderer:0.23
TaskReader:0.22666666666666666
SummaryTree:0.13222222222222224
WeekLabel:0.10333333333333333
