MainWindow:0.5933333333333334
EditorQuickFind:0.4166666666666667
RatingButton:0.35333333333333333
VersionPanel:0.22666666666666666
