Query:0.089396335
Hit:0.055661246
SortMethod:0.025016066
