SortComparator:0.3055172
Query:0.22463076
SearchBar:0.042271066
