Tool:0.32856303
ToolManager:0.2876206
RectangleTool:0.10806375
AbstractRectangleTool:0.10022609
