ActionManager:0.4361851
FreeColAction:0.14511684
