ReportPanel:0.19253469
UnitLabel:0.088013135
FreeColPanel:0.045835122
GoodsLabel:0.028788913
