ActionManager:0.44401416
FreeColAction:0.14877437
