EditorCrypto:0.112512015
AbstractTextEditor:0.05088164
WebBrowserEditor:0.046914775
EditorPlugin:0.030949432
NavigationUtils:0.028167954
AppletTab:0.019771224
ConsoleTab:0.0152098
SimpleEditor:0.010162812
Actions:0.009796006
AnnotationBar:0.004489738
