LocationBar:0.26764563
ImportExport:0.17655188
ItemRenderer:0.15675282
TreePanel:0.1534145
PropertiesPanel:0.12388602
TreeSettings:0.094144
