StaticUtils:0.4533333333333333
MainWindowMenuHandler:0.41333333333333333
Searcher:0.33666666666666667
StaticUtilsTest:0.04666666666666667
