Canvas:0.017058885
GUI:0.013830806
