Sidebar:0.54
Button:0.45666666666666667
NotepadEditorDesigner:0.3
Designer:0.27061111111111114
Reminder:0.20444444444444446
