Game:0.7166666666666667
ServerPlayer:0.3433333333333333
InGameInputHandler:0.31
InGameController:0.1866666666666667
AIUnit:0.09666666666666666
