EditorPlugin:0.4066666666666667
Filters:0.35333333333333333
FilterItem:0.33999999999999997
MSystemTray:0.3286507936507937
QueryMenu:0.2733333333333333
