MDesktopPane:0.18325788
MMenu:0.058186255
MMouseAdapter:0.051311888
MAction:0.039359905
MPanel:0.03786171
UI:0.032410555
MApplication:0.026869303
MIcon:0.011882949
TK:0.010593801
MActionInfo:0.00736685
MLogger:0.00562615
