Widget:0.26168376
Desktop:0.16447029
Pager:0.12440367
WidgetPeer:0.110253796
