FSHelper:0.64
TrashFS:0.45666666666666667
FileScanner:0.3566666666666667
EmptyTrashAction:0.23666666666666666
