ComponentDragAdapter:0.4666666666666667
MDialog:0.45
ProxyPanel:0.31
MNotification:0.24333333333333335
CachedImageView:0.19111111111111112
ProxySettings:0.13
