Buffer:0.7933333333333333
FileVFS:0.49333333333333335
OperatingSystem:0.2866666666666667
