FeedsFS:0.031770464
FeedThread:0.02926431
