Task:0.89
TaskTable:0.3333333333333333
Renderer:0.19111111111111112
DateTimeEditor:0.16555555555555554
TaskList:0.15444444444444444
Reminder:0.1322222222222222
ShowTaskAction:0.12
