Result:0.5566666666666666
ResultMetaData:0.3233333333333333
ParserDQL:0.26
Database:0.25333333333333335
DateTimeType:0.24333333333333335
StatementSession:0.2188888888888889
ParserCommand:0.2
QuerySpecification:0.1965
StatementQuery:0.1877777777777778
StatementCommand:0.09666666666666666
