ModelController:0.66
Unit:0.6366666666666667
Player:0.575
IndianSettlement:0.2675
InGameInputHandler:0.25666666666666665
ServerModelController:0.16333333333333333
ClientModelController:0.11
