ServletUtil:0.6733333333333333
JAMWikiAuthenticationConstants:0.45359523809523816
JAMWikiAuthenticationProcessingFilter:0.25
JAMWikiFilter:0.2
LoginServlet:0.13666666666666666
