Entry:0.5266666666666666
Handler:0.42333333333333334
XMLContentBasedTag:0.21333333333333335
XLIFFFilterTest:0.19666666666666666
OutOfTurnTag:0.18333333333333332
XLIFFDialect:0.17333333333333334
XMLIntactTag:0.12666666666666668
XMLIntactEntry:0.11333333333333333
XMLOutOfTurnTag:0.08666666666666667
