ImageEditorCore:0.096973844
ImageEditor:0.066104725
