CachedObject:0.14428985
DataFileCache:0.12063048
TextCache:0.08733021
