DatabaseInformation:0.10337281
DITableInfo:0.094155565
