DataSpaceManagerSimple:0.13838457
DataSpaceManager:0.12407582
TableSpaceManagerBlocks:0.09967635
DirectoryBlockCachedObject:0.06828291
DataFileCache:0.02997872
BitMapCachedObject:0.029472405
BlockObjectStore:0.02607025
TableSpaceManager:0.025393695
IntArrayCachedObject:0.02336135
CachedObjectBase:0.012592196
