Logger:0.2063194
DataFileCache:0.1992805
HsqlDatabaseProperties:0.09660298
DataFileDefrag:0.07642712
ScriptRunner:0.06624259
HsqlProperties:0.046509128
Crypto:0.002113872
