RowAction:0.44239938
TransactionManagerMVCC:0.14089191
TransactionManagerMV2PL:0.09859513
TransactionManager2PL:0.096193604
Session:0.0817581
TransactionManagerCommon:0.03247094
