RowSetNavigatorDataTable:0.72317487
RowSetNavigator:0.1803136
RowIterator:0.052568406
