Player:0.57
Europe:0.38666666666666666
GoodsType:0.35333333333333333
Building:0.3433333333333333
Colony:0.3433333333333333
FeatureContainer:0.27
Specification:0.245
ColonyPanel:0.23666666666666666
InGameController:0.225
InGameInputHandler:0.2
ReportProductionPanel:0.14
DebugCrossBugAction:0.13
DebugMenu:0.11333333333333333
ColonyProductionTest:0.10333333333333333
ReportReligiousPanel:0.1
RecruitDialog:0.09333333333333334
ReportContinentalCongressPanel:0.08666666666666667
SoLTest:0.08
ColonyTest:0.08
