WorkLocationPlan:0.3417703
AIColony:0.33762267
AIMain:0.020666609
