Canvas:0.08817869
ImageLibrary:0.08815797
CanvasMouseMotionListener:0.07459176
FreeColMenuBar:0.03323852
TilePopup:0.026561756
CanvasMouseListener:0.013084787
CanvasKeyListener:0.006967739
GUIMessage:0.004492294
