MetaInfo:0.7233333333333334
AbstractFS:0.24666666666666667
SearchFS:0.2278333333333333
TrashFS:0.21333333333333335
FeedsFS:0.20666666666666667
FSHelper:0.19
