ImageLibrary:0.69
GUI:0.39
MiniMap:0.36666666666666664
ActionManager:0.35333333333333333
Canvas:0.3433333333333333
ZoomInAction:0.24333333333333335
MapControls:0.22333333333333333
ZoomOutAction:0.19333333333333333
TilePanel:0.09666666666666666
InGameMenuBar:0.06
MapEditorMenuBar:0.06
