Figure:0.6433333333333333
Drawing:0.43
LayerCell:0.31666666666666665
SimpleXmlIO:0.26666666666666666
AbstractDrawingInspector:0.24666666666666667
LayersInspector:0.22666666666666666
CanvasInspector:0.16666666666666666
AbstractFigure:0.16666666666666666
SimpleLayer:0.1
ReversedObservableList:0.06333333333333334
DefaultFigureFactory:0.05333333333333334
XmlBooleanConverter:0.04666666666666667
