FilterMaster:0.48
Core:0.39666666666666667
IProject:0.2811666666666666
FiltersCustomizer:0.27666666666666667
MainWindowMenuHandler:0.2633333333333333
RealProject:0.25
FilterEditor:0.22
NotLoadedProject:0.21333333333333335
OneFilterTableModel:0.19333333333333333
FiltersTableModel:0.185
ProjectUICommands:0.18
Searcher:0.13
ProjectPropertiesDialog:0.1
