Unit:0.32280606
Colony:0.24716318
ColonyTile:0.14948761
Tile:0.1428912
Player:0.12205899
Goods:0.098547295
GoodsContainer:0.07667401
Game:0.04902438
FreeColGameObject:0.047553957
WorkLocation:0.03961365
Settlement:0.03218509
FoundingFather:0.029350579
Locatable:0.008391907
