ColorCellEditor:0.055799473
PlayersTableModel:0.052752387
NationCellRenderer:0.03407929
ColorCellRenderer:0.026211742
NationCellEditor:0.009395035
FreeColPanel:0.008607625
