FreeColGameObject:0.31771806
Game:0.14000016
Player:0.13879012
Colony:0.13761972
Tile:0.115880154
Europe:0.1106242
IndianSettlement:0.09494715
Market:0.09176659
FreeColObject:0.08919747
Unit:0.080424614
GoodsContainer:0.07547007
Building:0.07302778
FreeColGameObjectType:0.068817556
SimpleCombatModel:0.06284329
Settlement:0.04484705
Location:0.028994923
LostCityRumour:0.026627123
Ownable:0.012469173
