ReportPanel:0.11218583
FreeColPanel:0.06859157
