FreeColDialog:0.15125103
FreeColPanel:0.14061661
