MToolBar:0.5433333333333333
ImageEditor:0.44333333333333336
ZoomComponent:0.4
MainWindow:0.27
