Category:0.72
TodoEditorCore:0.2833333333333333
View:0.24
CategoryListRenderer:0.17333333333333334
CategoryIcon:0.14555555555555555
CategoryListView:0.13333333333333333
