DrawingView:0.35530812
DefaultDrawingViewTransferHandler:0.28319487
GridConstrainer:0.240876
Figure:0.19083369
Drawing:0.1265537
DrawingEditor:0.108114466
CompositeFigure:0.07361849
Constrainer:0.0575543
AttributeKey:0.03265505
