PBEInfo:0.5377777777777777
PropertiesResourceBundle:0.4533333333333333
PropertiesCompiler:0.4066666666666667
