MMainWindow:0.27
MProcess:0.23666666666666666
ColumnManager:0.22666666666666666
Wizard:0.21333333333333335
AppletPanel:0.16
ToggleStatusBarAction:0.13666666666666666
