SearchAndReplace:0.27283728
SearchMatcher:0.20639291
REMatch:0.18622112
RE:0.18333113
RESyntax:0.15688968
Buffer:0.11107999
BeanShell:0.10684318
ParserRule:0.06964972
MiscUtilities:0.06376689
NameSpace:0.05835916
XModeHandler:0.03761258
BshMethod:0.031740557
CharIndexed:0.030937817
