MDialog:0.6427777777777778
MStatusBar:0.42
TestMButton:0.41333333333333333
