ParserDDL:0.47
ClientConnection:0.3433333333333333
HsqlDatabaseProperties:0.31722222222222224
