TreeSettingsButton:0.542015873015873
ConfigureAction:0.5410714285714285
