TK:0.6633333333333333
Item:0.41
Property:0.3433333333333333
MTreeItem:0.26666666666666666
