ServletUtil:0.66
JAMWikiServlet:0.3396666666666667
JAMWikiFilter:0.31
UpgradeServlet:0.22333333333333333
DatabaseUpgrades:0.17333333333333334
LoginServlet:0.17
JAMWikiDaoImpl:0.14
