MColorPicker:0.5166666666666667
ColorPalette:0.5033333333333333
DefaultColorPalette:0.1841666666666667
ApplicationPalette:0.1841666666666667
Web20Palette:0.1841666666666667
ColorComponent:0.17333333333333334
ColorPaletteMenuAdapter:0.09333333333333334
