ExpressionLike:0.6666666666666666
TestLikePredicateOptimizations:0.5733333333333334
