QueryHandler:0.8666666666666667
AnsiQueryHandler:0.4
AnsiDataHandler:0.39666666666666667
