DefaultDrawingViewTransferHandler:0.63657767
DrawingView:0.5568034
DrawingEvent:0.3651475
Figure:0.35409743
Drawing:0.34159708
FigureEvent:0.25115678
HandleEvent:0.21824078
DrawingEditor:0.20659067
DrawingListener:0.15443113
GridConstrainer:0.14423068
HandleListener:0.12734881
FigureSelectionEvent:0.1213398
FigureSelectionListener:0.09645118
FigureListener:0.096370235
Tool:0.096141204
FigureAdapter:0.06895466
Constrainer:0.061778534
Options:0.008096111
Handle:0.0
