JEditTextArea:0.6
Debug:0.5694999999999999
GUIUtilities:0.5
View:0.25044444444444447
BeanShell:0.22666666666666666
