Session:0.045245413
FunctionCustom:0.037176613
Scanner:0.035638936
ClientConnection:0.026830059
