HsqlDatabaseProperties:0.20689051
HsqlProperties:0.11007555
Log:0.09914621
DataFileCache:0.09064999
LockFile:0.063007124
TextCache:0.037619155
DataFileDefrag:0.034695163
RowStoreAVLDisk:0.023144465
RAShadowFile:0.021978324
RowStoreAVLMemory:0.02133189
RowStoreAVLDiskData:0.01982169
RowStoreAVLHybrid:0.018165288
RowStoreAVLHybridExtended:0.014308609
PersistentStore:0.01142417
RowStoreDataChange:0.010189196
RandomAccessInterface:0.009289473
Crypto:0.0017353005
PersistentStoreCollection:9.380524E-4
