Database:0.1335228
Session:0.09002659
SchemaManager:0.060673304
TransactionManagerMV2PL:0.051850047
TransactionManager2PL:0.0502215
StatementCommand:0.048259813
TransactionManagerMVCC:0.04773734
TransactionManagerCommon:0.045048952
StatementSchema:0.03401849
TableWorks:0.027183857
ParserDDL:0.02145425
Schema:0.011689905
