MTable:0.66
ColumnManager:0.57
TodoEditor:0.2966666666666667
StaticHandler:0.12333333333333334
SaveAsDefaultAction:0.07333333333333333
