MTable:0.48
MButton:0.45
ColumnManager:0.38
SafeActionHandler:0.23333333333333334
MToolBar:0.19
SaveAsDefaultAction:0.04
StaticToolBarHandler:0.03666666666666667
