NoteWidget:0.5283333333333333
CalendarWidget:0.33666666666666667
AppletWidget:0.2833333333333333
WidgetPlugin:0.16333333333333333
