PropertiesPanel:0.6038888888888889
OptionsPanel:0.35
CustomAdvancedPanel:0.31
MainPanel:0.2633333333333333
FeedsConfigPanel:0.13666666666666666
