Figure:0.6733333333333333
LineConnectionFigure:0.3466666666666667
RotateHandle:0.31
GridConstrainer:0.22333333333333333
ConnectionsNoLayoutDrawingModel:0.16
