ServletUtil:0.5
WikiBase:0.4166666666666667
Environment:0.4166666666666667
ImageUtil:0.23333333333333334
AdminServlet:0.18666666666666668
UpgradeServlet:0.18666666666666668
UploadServlet:0.17666666666666667
SetupServlet:0.14666666666666667
ImageUtilTest:0.07666666666666666
ImageServlet:0.04
