Preferences:0.9233333333333333
WikiGet:0.5
MicrosoftTranslate:0.07666666666666666
ResponseError:0.056666666666666664
