LogItem:0.5389999999999999
RecentChange:0.5033333333333333
Category:0.2841111111111111
WikiFileVersion:0.15416666666666667
