Editor:0.6533333333333333
EditorCrypto:0.6
Index:0.25
EditorPassword:0.22
VersionControl:0.21444444444444447
PropertiesPanel:0.20666666666666667
TaskManager:0.19333333333333333
ItemRenderer:0.17
