TestUtil:0.6833333333333333
ParserDQL:0.35
QuerySpecification:0.3
TestTextTables:0.28
TestSubselect:0.20666666666666667
ClearTests:0.19666666666666666
TestBatchBug:0.19
TestSqlPersistent:0.17
TestDima:0.16966666666666666
TestScript:0.13666666666666666
TestSql:0.13333333333333333
AllSimpleTests:0.10333333333333333
