Utilities:0.4266666666666667
WikiUtil:0.36666666666666664
ParserUtil:0.33666666666666667
ServletUtil:0.2738888888888889
WikiLogger:0.25666666666666665
