Environment:0.82
WikiPageInfo:0.4066666666666667
AdminServlet:0.2833333333333333
