AbstractFileCache:0.10840476
Net:0.095248565
MZip:0.09456191
ConfigFile:0.091467954
FileScanner:0.084586576
Config:0.07916338
TK:0.07056281
OS:0.06164876
MProperties:0.05875034
MDataTransfer:0.057649158
AbstractMarkupBuilder:0.05753785
MFileChooser:0.05640029
MApplication:0.055235207
LogFile:0.05342716
XMLHelper:0.04979945
SimpleXMLReader:0.048203412
Gettext:0.04627183
MText:0.045539033
MMessage:0.043426737
FileSelection:0.041627396
MProcess:0.040586438
Checksum:0.036882825
MIconChooser:0.03626061
MDownloadDialog:0.035914894
MLogger:0.0297171
RegExp:0.027980268
Args:0.02777464
MTip:0.027675565
Item:0.023863344
MAboutDialog:0.023303717
Property:0.019758321
HTMLViewFactory:0.01843865
MMainWindow:0.014822305
ImageSelection:0.012803302
HTMLEntities:0.012304784
BooleanProperty:0.011597906
Flags:0.010218578
WTFError:0.0031772226
