ImageUtil:0.7433333333333333
ImageLinkTag:0.3233333333333333
JAMHTMLConverter:0.27
