CharIndexed:0.09935944
SearchAndReplace:0.066656485
HyperSearchRequest:0.04945584
