TokenMarker:0.06360665
ParserRuleSet:0.034899354
XmlParser:0.024305975
Mode:0.023455959
jEdit:0.020124568
ParserRuleFactory:0.018568212
HandlerBase:0.017678022
Token:0.015975855
KeywordMap:0.009894241
GUIUtilities:0.008514212
Log:0.007617608
