CalendarComponent:0.21570893
CalendarWidget:0.08218463
