MWhatsThis:0.09794546
UI:0.04705354
MURLButton:0.030875916
AbstractIterator:0.01544809
