MURLButton:0.17053461
HTMLViewFactory:0.1041028
MDialog:0.10164897
