Canvas:0.5766666666666667
FreeColMenuBar:0.5472222222222223
PreGameController:0.22
MapEditorMenuBar:0.22
InGameMenuBar:0.20333333333333334
ClientOptionsDialog:0.19666666666666668
