TransferDb:0.47833333333333333
TransferHelper:0.43666666666666665
HsqldbTransferHelper:0.27166666666666667
