JEditTextArea:0.5766666666666667
MouseHandler:0.34476190476190477
HyperSearchResults:0.21666666666666667
HelpViewer:0.17666666666666667
BufferPrinter:0.12911111111111112
