Canvas:0.48222222222222216
StartGamePanel:0.38
MapGeneratorOptionsDialog:0.32
MapGeneratorOptions:0.24
OptionMapUI:0.20444444444444446
