MTip:0.6533333333333333
Database:0.37333333333333335
