Map:0.5433333333333333
FreeColServer:0.279
LandGenerator:0.26
MapGeneratorTest:0.25
Mission:0.21666666666666667
MapTest:0.20666666666666667
MapGenerator:0.20333333333333334
TerrainGenerator:0.19333333333333333
River:0.18
DefendSettlementMission:0.17
