FS:0.6166666666666667
MetaInfo:0.5733333333333334
DefaultPreview:0.44666666666666666
PreviewPanel:0.25333333333333335
PropertiesPanel:0.21444444444444447
ItemRenderer:0.18
IntegerProperty:0.14333333333333334
