TaskModel:0.4866666666666667
TodoEditor:0.35
TaskTable:0.30666666666666664
TodoEditorPlugin:0.23
