EditOptionsDialog : 0.8277061
FilterVisitor : 0.8337722
