ResourceBundleFilter : 0.81157064
AbstractFilter : 0.81335676
Language : 0.8110059
