TestFilterBase : 0.8699847
POFilterTest : 0.87005657
INIFilterTest : 0.9154885
ResourceBundleFilterTest : 0.91053504
