XLIFFFilterTest : 0.87293476
HTMLFilter2Test : 0.8757234
DocBookFilterTest : 0.8660307
HHCFilter2Test : 0.8764533
OpenDocFilterTest : 0.86895037
OpenXMLFilterTest : 0.872041
XHTMLFilterTest : 0.8313574
