Core : 0.6754072
CommandThread : 0.7064753
Main : 0.7055317
MMx : 0.62995577
SaveThread : 0.7029443
IMainWindow : 0.70076734
IDataEngine : 0.76308775
