CommandThread : 0.71441686
CoreEvents : 0.6860361
Main : 0.7176237
IDataEngine : 0.7631467
IApplicationEventListener : 0.7417814
