IEditor : 0.77894557
EditorController : 0.7068953
MainWindowMenuHandler : 0.8563305
SegmentHistory : 0.8070266
