CoreEvents : 0.8104256
UIThreadsUtil : 0.8545722
Main : 0.8557577
