CommandThread : 0.84475595
IProjectEventListener : 0.7468964
CoreEvents : 0.81809616
MainWindowMenu : 0.83498317
TagValidationTool : 0.8363525
