EditorController : 0.70763737
EditorSpellChecking : 0.6992478
EditorTextArea : 0.83439064
