StaticUtils : 0.8363841
CommandThread : 0.83646685
StringEntry : 0.85759526
Statistics : 0.73204494
EditorController : 0.7306488
GlossaryManager : 0.84613603
ChangeUserDictionary has been removed due to the repository version iteration
EditorSpellChecking : 0.72146076
WordIterator : 0.84222794
