CommandThread : 0.8452202
Core : 0.8549488
EntriesIteratorCallback has been removed due to the repository version iteration
IMatcher : 0.79755235
IDataEngine : 0.78416425
FindMatchesThread : 0.84537005
MatchesTextArea : 0.8264786
