StringEntry : 0.84803283
FindMatchesThread : 0.8594124
MatchesTextArea : 0.8399253
GlossaryManager : 0.8528094
