GlossaryTextArea : 0.8510473
FindGlossaryThread : 0.83340096
GlossaryManager : 0.8370294
