GlossaryTextAreaTest : 0.8297062
FindGlossaryThread : 0.85634184
