EditXOptionsDialog : 0.87261325
EditOptionsDialog : 0.87147903
EditOpenDocOptionsDialog : 0.8757649
