NearString : 0.8378765
MatchesTextArea : 0.83616185
