CommandThread : 0.8051423
FindGlossaryThread : 0.7759301
IDataEngine : 0.80026966
GlossaryManager : 0.79027724
GlossaryTextArea : 0.8061121
