MainWindowMenuHandler : 0.8644135
ProjectUICommands : 0.86635846
ProjectFrame : 0.859734
IMainWindow : 0.7910556
