ProjectUICommands : 0.8566542
MainWindowMenuHandler : 0.8616824
