ProjectUICommands : 0.850421
CommandThread : 0.8564908
ProjectPropertiesDialog : 0.83053863
NewProjectFileChooser : 0.8277735
IDataEngine : 0.8014273
