CommandThread : 0.8407061
IMainWindow : 0.79678226
Log : 0.84553146
MainWindowMenuHandler : 0.86319405
TMXReader : 0.80562353
ProjectUICommands : 0.8576269
SearchThread : 0.817674
