MainWindowMenuHandler : 0.86289686
SpellChecker : 0.8172147
ProjectUICommands : 0.8576735
Segmenter : 0.7968422
StringEntry : 0.8407985
IDataEngine : 0.795347
EditorController : 0.704581
TMXReader : 0.8060646
FilterMaster : 0.82957894
