MainWindowMenuHandler : 0.7875277
EditorTextArea : 0.782294
EditorController : 0.7378236
