CoreEvents : 0.77478683
MainWindow : 0.80531913
MainWindowMenuHandler : 0.7906825
MainWindowUI : 0.68068516
ProjectFrame : 0.77720255
EditorController : 0.67713153
ITagValidation : 0.80748093
MatchesTextArea : 0.7945244
GlossaryTextArea : 0.80365247
TagValidationFrame : 0.7963411
TagValidationTool : 0.7441022
