MainWindowMenuHandler : 0.8591778
SearchWindow : 0.8528516
