EditorController : 0.73467124
MainWindowMenuHandler : 0.78730685
