EditorController : 0.71570694
MainWindowMenuHandler : 0.8588707
IEditor : 0.78436905
EditorSettings : 0.83643377
MainWindowUI : 0.73609614
EditorTextArea : 0.8317629
ProjectUICommands : 0.8554808
SwingWorker : 0.83608264
