ProjectFrame : 0.8458101
MainWindowUI : 0.7273422
