MatchesTextArea : 0.8473202
IMatcher : 0.76797783
