ProjectFileStorage : 0.84048617
CommandThread : 0.85999954
ProjectUICommands : 0.8399164
IDataEngine : 0.805628
MainWindowMenuHandler : 0.84581774
ProjectPropertiesDialog : 0.83698046
