Segmenter : 0.8251018
TMXReader : 0.83425283
FilterMaster : 0.8515753
SegmenterTest : 0.82897794
TMXWriter : 0.8254147
