ProjectUICommands : 0.8591391
CommandThread : 0.83892316
IMainWindow : 0.78717726
EditorController : 0.7106051
SaveThread : 0.85205257
