Core : 0.8441025
CommandThread : 0.840582
SegmenterTest : 0.81205827
SearchThread : 0.8408087
ParseEntry : 0.8017356
