Core : 0.8455284
SaveThread : 0.86126965
IAutoSave : 0.7680236
