SourceTextEntry : 0.8188317
EditorController : 0.76106906
RealProject : 0.778424
StringEntry : 0.79476887
NotLoadedProject : 0.82645977
FindMatchesThread : 0.750091
