ITokenizer : 0.74311703
Tokenizer : 0.8204384
