ProjectFrame : 0.82865185
ProjectUICommands : 0.85342264
