SwingWorker : 0.8302048
IMainWindow : 0.78500587
