Main : 0.85652
Core : 0.8466244
MainWindowUI : 0.84075004
EditorController : 0.70833164
ProjectUICommands : 0.8535255
IMainWindow : 0.77942437
GlossaryTextArea : 0.8477617
IEditor : 0.77352905
MatchesTextArea : 0.8369984
