SearchWindow : 0.8620094
MainWindow : 0.8546163
EditorController : 0.7250494
