EditorController : 0.7106731
IEditor : 0.7874831
ProjectUICommands : 0.8251169
