Core : 0.86537373
Main : 0.8363058
Rule : 0.8504676
ObjectFactory : 0.86695856
Languagerule : 0.88130766
Header : 0.86861867
Formathandle : 0.86395746
Languagemap : 0.8760469
Body : 0.8859303
Languagerules : 0.86543334
Maprules : 0.8733132
Afterbreak : 0.87300354
Beforebreak : 0.87300354
