GlossaryTextAreaTest : 0.82201374
SegmenterTest : 0.8253138
TestCore : 0.82572246
