EditOpenDocOptionsDialog : 0.83733594
OpenDocDialect : 0.8416856
