EditorTextArea : 0.71754843
EditorSettings : 0.7106731
EditorSpellChecking : 0.83785534
DocumentSegment : 0.7123342
