DefaultXMLDialect : 0.8792573
EditXOptionsDialog : 0.8263696
XHTMLOptions : 0.9389573
Handler : 0.8293681
EditOptionsDialog : 0.82623005
XMLDialect : 0.79983705
FilterVisitor : 0.8358984
XHTMLFilter : 0.8665363
XHTMLDialect : 0.71977246
HTMLFilter2 : 0.86013585
