ProjectFrame : 0.8237992
FontSelectionDialog : 0.81414044
