ProjectProperties : 0.8421581
NewProjectDialog : 0.82728416
NewProjectFileChooser : 0.86570597
OmegaTFileChooser : 0.87182254
