ProjectUICommands : 0.7123099
IEditor : 0.74445486
