EditOpenXMLOptionsDialog : 0.82988864
OpenXMLFilter : 0.8461083
