Preferences : 0.74350816
MainWindowMenuHandler : 0.7520731
WorkflowOptionsDialog : 0.7191222
StaticUtils : 0.74774414
EditorController : 0.81147915
EditorTextArea : 0.72816896
MainWindowMenu : 0.7359089
FileUtil : 0.73775506
