DefaultEntityFilter : 0.8583916
XMLAbstractFilter : 0.8613841
