FilterMaster : 0.82099
ResXFilter : 0.8174207
DefaultXMLDialect : 0.8352603
XMLDialect : 0.74080753
ResXDialect : 0.84324783
