SearchWindow : 0.8327983
SearchThread : 0.83103245
