XMLDialect : 0.7425844
DefaultXMLDialect : 0.83563316
XLIFFDialect : 0.84331316
