Document3 : 0.7166819
SegmentBuilder : 0.7170308
ViewLabel : 0.68146384
EditorTextArea3 : 0.71783
EditorUtils : 0.69233114
DocumentFilter3 : 0.7205267
