DictionariesTextArea : 0.82799625
DictionariesManager : 0.8598703
