Core : 0.83444923
MainWindowMenuHandler : 0.82600516
MainWindowMenu : 0.81972724
GoogleTranslateTextArea : 0.7143118
