TestFilterBase : 0.816392
ParseEntry : 0.8476774
