MainWindowMenuHandler : 0.8523166
MainWindowMenu : 0.8380489
