DefaultXMLDialect : 0.83595115
XMLDialect : 0.742827
ResXDialect : 0.8390808
