FuzzyMatcher : 0.8520122
Statistics : 0.85688114
