MainWindowMenu : 0.79431456
MainWindowMenuHandler : 0.79310983
DockingUI : 0.7671249
StatisticsWindow : 0.8257005
OConsts : 0.73594904
MatchStatisticsCalculationThread : 0.8169441
