Statistics : 0.7949027
MainWindowMenu : 0.8542857
StatisticsWindow : 0.8294372
MatchStatisticsCalculationThread : 0.81142366
StandardStatisticsCalculationThread : 0.8192392
LongProcessThread : 0.8432486
