StatisticsWindow : 0.82729524
CalcStandardStatistics : 0.8860627
