StatisticsWindow : 0.8254585
MatchStatisticsInfo : 0.84985876
CalcMatchStatistics : 0.8178574
