TMXWriter : 0.83925974
RuntimePreferences : 0.8456945
Main : 0.8439039
