TMXWriter : 0.84126604
Main : 0.844541
