RealProject : 0.8392286
Main : 0.8219484
