RuntimePreferences : 0.84767777
Main : 0.8459741
TMXWriter : 0.84786034
