FilterMaster : 0.8208102
Typo3Filter : 0.81846166
DefaultXMLDialect : 0.8363547
XMLDialect : 0.7472376
Typo3Dialect : 0.8412418
