SourceTextEntry : 0.86269313
StringEntry : 0.85691404
