NearString : 0.0
FindMatchesThread : 0.81350875
MatchesTextArea : 0.8348214
