Main : 0.83794177
ConvertConfigs : 0.8480976
Convert20to21 : 0.82626694
OneFilter : 0.90921396
