PluginUtils : 0.8319538
Main : 0.8457079
