AbstractFilter : 0.8199116
FilterEditor : 0.8169458
FiltersCustomizer : 0.8228027
TextFilter : 0.8405475
HTMLFilter2 : 0.839695
OpenDocFilter : 0.8400921
OpenXMLFilter : 0.8408385
PluginUtils : 0.8471833
MainWindowMenuHandler : 0.8193319
XHTMLFilter : 0.84280264
ConvertConfigs : 0.8823462
FiltersTableModel : 0.8401969
OneFilterTableModel : 0.8317134
LookupInformation has been removed due to the repository version iteration
