SourceTextEntry : 0.81175566
RealProject : 0.7740919
CalcStandardStatistics : 0.749437
TagValidationFrame : 0.7581574
NotLoadedProject : 0.8185173
FindMatchesThread : 0.75539315
TagValidationTool : 0.72832376
