MainWindowMenuHandler : 0.8377298
EditorController : 0.8369605
