SegmentBuilder : 0.8395236
EditorController : 0.83263206
MainWindowMenuHandler : 0.8356405
Statistics : 0.8279104
MatchesTextArea : 0.83346874
SearchThread : 0.8338022
