ProjectFrame : 0.82821244
IEditor : 0.77396685
EditorController : 0.8391889
