PoFilter : 0.79352313
TestFilterBase : 0.8325054
ParseEntry : 0.82430404
SearchThread : 0.7779306
