RealProject : 0.84332746
IFilter : 0.7526988
