AbstractFilter : 0.82719165
TestFilterBase : 0.83608466
IParseCallback : 0.7941301
ParseEntry : 0.82949865
IFilter : 0.77117336
