FilterMaster : 0.81972206
IFilter : 0.7941978
RealProject : 0.8246852
TestFilterBase : 0.82695496
SearchThread : 0.80216056
