OpenXMLFilter : 0.7179723
AbstractFilter : 0.7099218
PoFilter : 0.69437504
OpenDocFilter : 0.7186545
