MainWindowMenuHandler : 0.8245532
TagValidationFrame : 0.8373809
MainWindowMenu : 0.8192704
TagValidationTool : 0.8277033
TagValidationOptionsDialog : 0.8131489
PatternConsts : 0.7073028
