XMLFilter : 0.6910963
PatternConsts : 0.74525225
