XMLFilter : 0.6922466
PatternConsts : 0.74467635
