FilterMaster : 0.75335413
TextFilterTest : 0.78716797
AbstractFilter : 0.7947857
TextFilter : 0.7832447
TextOptionsDialog : 0.76208407
FiltersCustomizer : 0.76310104
TestFilterBase : 0.7750791
Convert20to21 : 0.7294063
