CoreEvents : 0.77227175
EditorTextArea3 : 0.830746
EditorController : 0.8200153
ViewLabel : 0.82483166
