EditOptionsDialog : 0.826178
HTMLFilter2 : 0.85962075
HTMLWriter : 0.80873984
FilterVisitor : 0.8358984
HHCFilterVisitor : 0.83472127
AbstractOptions : 0.8732196
Convert20to21 : 0.8188925
