EditXOptionsDialog : 0.8274175
XHTMLDialect : 0.7289817
XHTMLFilter : 0.86431366
EditOptionsDialog : 0.82743114
