EditOpenXMLOptionsDialog : 0.8295567
OpenXMLFilter : 0.8481809
OpenXMLDialect : 0.82064664
