EditOpenDocOptionsDialog : 0.8376316
OpenDocFilter : 0.8553167
OpenDocDialect : 0.84273803
