IFilter : 0.7542425
HTMLFilter2 : 0.8428487
AbstractFilter : 0.8228665
FiltersCustomizer : 0.8216666
OpenDocFilter : 0.84109235
OpenXMLFilter : 0.8419129
MainWindowMenuHandler : 0.81957227
XHTMLFilter : 0.8439191
HHCFilter2 : 0.82605314
TextFilter : 0.84189624
