Main : 0.8460143
ProjectFactory : 0.85758454
