ProjectFrame : 0.8462429
WorkflowOptionsDialog : 0.8503871
HelpFrame : 0.7315781
AboutDialog : 0.8502036
SegmentationCustomizer : 0.8474692
FilterEditor : 0.85028017
ProjectProperties : 0.84664017
ContextFrame : 0.80237275
SearchWindow : 0.8415393
XMLStreamReader : 0.8206889
OmegaTFileChooser : 0.825668
ProjectPropertiesDialog : 0.83888173
OOFilter : 0.82247597
XMLReader : 0.79838616
FiltersCustomizer : 0.85678744
XMLWriter : 0.8140523
