MatchGlossaryPane : 0.72286296
MainPane : 0.7173044
