TMXDateParser : 0.8123586
RealProject : 0.81669205
TMXWriter : 0.8356654
TMXDateParserTest : 0.78493655
TransEntry : 0.0
