SegmentBuilder : 0.8325699
MainWindowMenuHandler : 0.82434964
MainWindowMenu : 0.8188209
EditorSettings : 0.83342266
Styles : 0.8204204
