RealProject : 0.831137
ConsoleWindow : 0.8514301
SegmentBuilder : 0.815219
AboutDialog : 0.8434231
IMainWindow : 0.779236
