RealProject : 0.84659415
IProject : 0.75038093
NotLoadedProject : 0.80676126
ProjectUICommands : 0.8873054
