EditOpenDocOptionsDialog : 0.8368195
OpenDocDialect : 0.84051085
