EditorTextArea3 : 0.826633
IEditor : 0.7676848
MainWindowMenuHandler : 0.82439524
Core : 0.83421457
MainWindowMenu : 0.8188945
EditorController : 0.83401585
TransTipsUnderliner : 0.8172125
GlossaryTextArea : 0.85030764
Underliner has been removed due to the repository version iteration
