EditorSettings : 0.84911686
MainWindowMenu : 0.8524108
SegmentBuilder : 0.81392306
