FilterVisitor : 0.8330809
XMLStreamReader : 0.84242105
FilterMaster : 0.8412279
MainWindow : 0.69115967
ProjectProperties : 0.83850545
TMXReader : 0.8428606
CommandThread : 0.83440375
Preferences : 0.8442218
SRX : 0.8429269
HelpFrame : 0.72276574
Main : 0.8087879
