EditorController : 0.845718
EntriesProcessingThread : 0.80533075
