Mark : 0.0
SegmentBuilder : 0.84244424
CalcMarkersThread : 0.82112014
MarkerController : 0.8630582
IMarker : 0.74411786
EntryVersion : 0.0
