IMarker : 0.7657701
CalcMarkersThread : 0.8121653
