ViewLabel : 0.834616
SpellChecker : 0.8227463
SpellCheckerMarker : 0.8204547
SegmentBuilder : 0.8402375
EditorSettings : 0.84006095
EditorTextArea3 : 0.8452496
MarkerController : 0.8383491
