SpellCheckerMarker : 0.8463093
MarkerController : 0.8347492
CalcMarkersThread : 0.82142377
IMarker : 0.7761305
