SetSvnProperties : 0.86361986
GlossaryReaderCSV : 0.869199
GlossaryReaderTSV : 0.88967496
GlossaryTextAreaTest : 0.8808012
GlossaryReaderTBXTest : 0.88978803
GlossaryReaderCSVTest : 0.8349282
GlossaryReaderTSVTest : 0.8648925
GlossaryReaderTBX : 0.88418674
