Rule : 0.8609895
SegmenterTest : 0.8195836
Segmenter : 0.8105902
