MainWindowMenuHandler : 0.82591856
Core : 0.8340287
MainWindow : 0.8245732
MainWindowMenu : 0.81604785
IMainMenu : 0.7049376
IMainWindow : 0.7607689
ConsoleWindow : 0.8219078
PluginUtils : 0.8273618
TestCore : 0.7802515
MachineTranslateTextArea : 0.8251018
BelazarTranslate : 0.8093462
IMachineTranslation : 0.77016443
BaseTranslate : 0.80632436
GoogleTranslate : 0.69519955
MachineTranslationInfo : 0.0
