RuntimePreferences : 0.8518281
Main : 0.85312146
