MainWindowMenuHandler : 0.8279256
ProjectFrame : 0.8226405
