MainWindow : 0.82508296
MainWindowMenu : 0.8167694
DockingUI : 0.7933167
MarkerController : 0.82384026
IMainMenu : 0.7141555
