MarkerController : 0.7693234
GlossaryTextAreaTest : 0.81056005
