EditorController : 0.81956434
TMXReader : 0.8119319
Main : 0.8308892
HelpFrame : 0.7104019
PluginUtils : 0.8283416
