Core : 0.795137
EditorController : 0.7514921
Statistics : 0.7397986
FindMatchesThread : 0.7242975
MatchesTextArea : 0.76750654
DictionariesTextArea : 0.7727338
NotLoadedProject : 0.8153666
GlossaryTextArea : 0.78779995
RealProject : 0.7687025
SpellCheckerMarker : 0.7723255
DictionaryEntriesSearchThread has been removed due to the repository version iteration
FindGlossaryThread : 0.73134583
