SearchWindow : 0.846777
EntryListPane : 0.8517195
IEditor : 0.76844144
