EditOpenXMLOptionsDialog : 0.8287855
OpenXMLFilter : 0.84586823
