EditOpenDocOptionsDialog : 0.83623743
OpenDocDialect : 0.84051085
