SearchThread : 0.816816
SearchWindow : 0.8333573
