RealProject : 0.76922953
NotLoadedProject : 0.8151216
FindMatchesThread : 0.7256373
