SearchResultEntry : 0.76649994
SearchWindow : 0.77521014
Searcher : 0.81471944
EntryListPane : 0.78674155
SearchExpression : 0.0
SearchMatch : 0.79557395
