EditOpenXMLOptionsDialog : 0.82826984
OpenXMLFilter : 0.84585154
OpenXMLDialect : 0.83578074
