Handler : 0.829224
DefaultXMLDialect : 0.8528788
EditOpenXMLOptionsDialog : 0.7792381
XMLDialect : 0.75657487
OpenXMLOptions : 0.8507428
AggregatedTag : 0.88309956
OpenXMLDialect : 0.83875465
