TransTips : 0.8381117
EditorUtils : 0.8282167
