EditorUtils : 0.8306985
TransTips : 0.8362067
