HTMLReader : 0.88236886
TextFilter : 0.8355935
