TMXReader : 0.8172512
MainWindowMenuHandler : 0.826558
MainWindowMenu : 0.81680864
ExternalTMXMatchesDialog : 0.817491
