EditOpenXMLOptionsDialog : 0.8256876
OpenXMLFilter : 0.8459598
OpenXMLDialect : 0.8278712
