Styles : 0.81972927
RealProject : 0.8415018
EditorSettings : 0.8458074
MatchesTextArea : 0.835437
EntryListPane : 0.849804
SourceTextEntry : 0.86458796
