EditorSettings : 0.8411969
MainWindowMenuHandler : 0.826471
SegmentBuilder : 0.8318781
MainWindowMenu : 0.81654286
