SegmentBuilder : 0.8414752
SourceTextEntry : 0.8424073
