EditorSettings : 0.8411861
MainWindowMenuHandler : 0.82649755
MainWindowMenu : 0.81653947
SegmentBuilder : 0.831954
