IProject : 0.76192176
MainWindowMenuHandler : 0.8438595
SourceTextEntry : 0.8348637
RealProject : 0.8525765
SegmentBuilder : 0.8486946
MainWindowMenu : 0.834921
