CreateGlossaryEntry : 0.8533684
GlossaryManager : 0.84743685
