GlossaryTextArea : 0.84144294
MainWindowMenuHandler : 0.8542123
