Handler : 0.8267731
XMLUtils : 0.85364205
