IFilter : 0.753146
RealProject : 0.8496439
AbstractFilter : 0.83035964
PoFilter : 0.8388035
TestFilterBase : 0.83967304
OpenDocFilter : 0.846717
XMLFilter : 0.67431283
OpenXMLFilter : 0.8479772
DokuWikiFilterTest : 0.8404203
XHTMLFilter : 0.84777963
Searcher : 0.8369597
FilterContext : 0.8466677
