SourceTextEntry : 0.832523
SegmentBuilder : 0.8461865
