MainWindowMenuHandler : 0.8439308
MainWindowMenu : 0.834921
WikiGet : 0.8595151
ProxyLoginDialog : 0.83359957
