EditOpenDocOptionsDialog : 0.8369567
OpenDocDialect : 0.79608667
