Tuv : 0.73133135
ObjectFactory : 0.79158306
Seg : 0.7940913
Bpt : 0.8084832
Note : 0.9486166
Ph : 0.8124255
It : 0.80329424
Hi : 0.98946095
Sub : 0.8161236
Ept : 0.8054289
Ut : 0.7963411
