TMXReader2 : 0.7383974
RealProject : 0.757775
