FindMatchesThread : 0.8543452
EntryInfoSearchThread : 0.831693
