EditOpenXMLOptionsDialog : 0.82680684
OpenXMLDialect : 0.83031464
