ResXFilter : 0.86854243
WiXFilter : 0.8669462
SrtFilter : 0.8545858
INIFilter : 0.84072715
