MainWindowMenuHandler : 0.7659855
FiltersCustomizer : 0.75500727
FilterMaster : 0.74683464
RealProject : 0.7644627
MainWindowMenu : 0.7490751
ProjectUICommands : 0.7456692
Searcher : 0.7624902
