SegmentationCustomizer : 0.75020665
SRX : 0.7775399
NotLoadedProject : 0.8002507
MainWindowMenuHandler : 0.7675668
MainWindowMenu : 0.7514011
Segmenter : 0.7320582
ProjectPropertiesDialog : 0.74936175
ProjectUICommands : 0.74788845
RealProject : 0.7671331
