FilterVisitor : 0.83028585
Comments : 0.0
CommentsTextArea : 0.8313892
HTMLFilter2 : 0.84591323
AbstractFilter : 0.8361975
Core : 0.8335241
