XMLStreamReader : 0.8217135
XMLAbstractFilter : 0.83263427
