VersionNumber : 0.83159244
PluginUtilsTest : 0.78644836
VersionNumberTest : 0.78685033
