Core : 0.8385426
NotesTextArea : 0.85436
INotes : 0.77241826
