RealProject : 0.84754336
EditorController : 0.8412198
