MainWindowMenu : 0.8234823
GlossaryManager : 0.84766465
FindGlossaryThread : 0.78062177
IGlossary : 0.7820715
IMainMenu : 0.74761903
