GoogleTranslate : 0.7435961
Google2Translate : 0.71970314
ApertiumTranslate : 0.78702146
