FilterVisitor : 0.83029574
ResourceBundleFilter : 0.8240983
