HTMLOptions : 0.94087183
OpenXMLOptions : 0.9490592
OpenDocOptions : 0.94839275
TextOptions : 0.91861165
