SpellcheckerConfigurationDialog : 0.82554793
DictionaryManager : 0.85410863
