ResourceBundleFilter : 0.85096884
CommentsTextArea : 0.8369035
AndroidFilter : 0.85418195
INIFilterTest : 0.84507877
