TmxComplianceBase : 0.83355874
RcFilterTest : 0.86329716
