FiltersCustomizer : 0.83014417
AbstractFilter : 0.83646184
