EditorSettings : 0.8481137
EditorTextArea3 : 0.838376
TagValidationOptionsDialog : 0.80057305
PatternConsts : 0.0
Styles : 0.81925696
