SegmentBuilder : 0.840251
TagValidationFrame : 0.8404419
TagValidationOptionsDialog : 0.82612073
PatternConsts : 0.0
Styles : 0.8311801
EditorSettings : 0.8496086
TagValidationTool : 0.8327926
