FilterMaster : 0.8347511
ResXFilter : 0.84067065
Language : 0.8139597
