MainWindowMenuHandler : 0.83798164
MainWindowMenu : 0.82768434
ParseEntry : 0.8241071
