Main : 0.83622265
TagValidationTool : 0.8260968
