OConsts : 0.7644934
RealProject : 0.86093
