Main : 0.8447307
ProjectUICommands : 0.84181297
ProjectException : 0.0
