MainWindowMenuHandler : 0.7859389
MainWindowMenu : 0.7700737
EditorController : 0.7685742
TMXEntry : 0.81639755
