EditorSettings : 0.84963644
MainWindowMenuHandler : 0.8378671
SegmentBuilder : 0.84039253
MainWindowMenu : 0.8269997
Styles : 0.8311801
