EditorSettings : 0.85107994
SegmentBuilder : 0.84065086
MainWindowMenuHandler : 0.83774793
MainWindowMenu : 0.8269909
Styles : 0.8311801
PatternConsts : 0.0
