Styles : 0.82921964
MainWindowMenu : 0.83805716
