MatchesTextArea : 0.8550186
DictionariesTextArea : 0.86087525
MultipleTransPane : 0.8673857
MachineTranslateTextArea : 0.8496304
