Preferences : 0.85971564
ProjectProperties : 0.91599345
ProjectPropertiesDialog : 0.8404865
GlossaryTextArea : 0.84425414
ProjectFileStorage : 0.8312998
OConsts : 0.7806725
