EditOptionsDialog : 0.84042996
FilterVisitor : 0.8365932
EditXOptionsDialog : 0.8423752
XHTMLDialect : 0.7369538
HTMLFilter2 : 0.86538434
XHTMLOptions : 0.94087183
