ProjectTMX : 0.8393498
TmxComplianceTests : 0.83094555
TmxComplianceBase : 0.84606653
