ProjectTMX : 0.76564026
RealProject : 0.76891786
NotLoadedProject : 0.80561554
FindMatchesThread : 0.7496209
TmxComplianceTests : 0.7678566
Statistics : 0.75147766
TmxComplianceBase : 0.7767188
Searcher : 0.7672599
MultipleTransFindThread : 0.76675373
Loader has been removed due to the repository version iteration
TmxSegmentationTest : 0.7732201
