MainWindowMenu : 0.8472567
NewTeamProject : 0.81603503
