IRemoteRepository : 0.82937014
RealProject : 0.7684793
ProjectFactory : 0.7567457
ProjectTMX : 0.7654701
ProjectUICommands : 0.7449275
Main : 0.73558927
NotLoadedProject : 0.8047028
AskCredentials has been removed due to the repository version iteration
SVNRemoteRepository : 0.75046647
GITRemoteRepository : 0.7619969
ProjectTeamTMX : 0.7015241
