MainWindowMenu : 0.8270424
IMainMenu : 0.7243649
