ConsoleWindow : 0.7938503
ProjectUICommands : 0.75595504
