StaticUtils : 0.8407612
WordIterator : 0.8583544
