FilterEditor : 0.8559551
FiltersCustomizer : 0.8637691
