FindMatchesThread : 0.8420512
MatchesTextArea : 0.8356419
TMXReader2 : 0.8332279
ExternalTMX : 0.8472695
TMXEntry : 0.84370947
ParsedTu has been removed due to the repository version iteration
NearString : 0.0
ExternalTMXMatchesDialog : 0.8254151
MatchesVarExpansion : 0.8258811
VarExpansion : 0.83466685
