SRX : 0.8815996
Preferences : 0.8584968
NotLoadedProject : 0.857398
SegmentationCustomizer : 0.8322889
Rule : 0.861944
RealProject : 0.8587683
MainWindowMenuHandler : 0.84925973
IProject : 0.79368377
MapRule : 0.8789927
TmxComplianceBase : 0.8412789
ProjectFileStorage : 0.8422165
TmxSegmentationTest : 0.84233755
HTMLFilter2Test : 0.84192455
ProjectPropertiesDialog : 0.84116465
