SRX : 0.85501915
MapRule : 0.8643826
