CalcMatchStatistics : 0.8594078
CalcStandardStatistics : 0.86105347
StatisticsWindow : 0.8258024
