StaticUtils : 0.73319125
SegmentBuilder : 0.7505242
OStrings : 0.7696969
