SegmentBuilder : 0.8356901
EditorController : 0.8231186
