MainWindowMenuHandler : 0.85965437
SVNRemoteRepository : 0.8083981
GITRemoteRepository : 0.811876
RepositoryUtils : 0.82277066
IRemoteRepository : 0.77182853
