Core : 0.8284616
IProject : 0.7384441
FiltersCustomizer : 0.8229803
MainWindowMenuHandler : 0.82495975
RealProject : 0.8524125
FilterEditor : 0.822184
NotLoadedProject : 0.79292685
OneFilterTableModel : 0.8436125
FiltersTableModel : 0.8489906
ProjectUICommands : 0.8366931
Searcher : 0.84816426
ProjectPropertiesDialog : 0.82530946
