OConsts : 0.7436503
ProjectProperties : 0.85846776
RealProject : 0.8498439
ProjectPropertiesDialog : 0.83540565
