RealProject : 0.8329477
TmxComplianceTests : 0.81131876
ProjectTeamTMX : 0.82835084
TmxComplianceBase : 0.8272693
TmxSegmentationTest : 0.8295704
