RealProject : 0.76147676
NotLoadedProject : 0.7980334
