ProjectProperties : 0.85827565
Project : 0.86434716
ParseEntry : 0.8266574
MainWindowMenuHandler : 0.8401619
TranslateEntry : 0.8295795
MainWindowMenu : 0.83025914
RealProject : 0.84887767
AlignFilesCallback has been removed due to the repository version iteration
ProjectFileStorage : 0.84749264
TmxComplianceBase : 0.8368533
ProjectPropertiesDialog : 0.8357645
