HTMLOptions : 0.83598423
PatternConsts : 0.0
EditOptionsDialog : 0.79756755
