FilterMaster : 0.8576861
FiltersCustomizer : 0.84724283
FiltersTableModel : 0.8658716
Convert20to21 : 0.8335722
