PoFilter : 0.7119992
ResourceBundleFilter : 0.7095591
OConsts : 0.79054165
HTMLFilter2 : 0.7278431
OpenDocFilter : 0.73469543
OpenXMLFilter : 0.73306096
HTMLReader : 0.7357845
AbstractFilter : 0.7290755
RealProject : 0.70962876
XtagFilter : 0.7212534
IFilter : 0.76398325
ProjectFrame : 0.6874908
TextFilter : 0.71439
FileInfo has been removed due to the repository version iteration
MozillaDTDFilter : 0.7355446
