OpenXMLFilter : 0.8513358
OpenDocFilter : 0.8558439
DokuWikiFilter : 0.8524565
MagentoFilter : 0.8315291
INIFilter : 0.8606042
DocBookDialect : 0.82996994
