XMLFilter : 0.70136476
AbstractFilter : 0.8362057
PoOptionsDialog : 0.8097203
XtagFilter : 0.85037696
PluralInfo has been removed due to the repository version iteration
TextFilter : 0.8503562
LatexFilter : 0.8283792
DokuWikiFilter : 0.84308225
ResourceBundleFilter : 0.8394372
HTMLFilter2 : 0.84413195
OpenDocFilter : 0.84490013
OpenXMLFilter : 0.842294
HHCFilter2 : 0.8364635
MozillaDTDFilter : 0.8396794
RcFilter : 0.7388641
MagentoFilter : 0.82883614
INIFilter : 0.8498344
SrtFilter : 0.8508379
