TeamUserPassDialog : 0.8528647
IRemoteRepository : 0.76991457
UserPassDialog : 0.8619058
GITRemoteRepository : 0.824414
SVNRemoteRepository : 0.8181573
RepositoryUtils : 0.8347684
