IMainWindow : 0.76872295
ProjectTeamTMX : 0.8217191
SVNRemoteRepository : 0.81643105
ProjectUICommands : 0.85380507
