IRemoteRepository : 0.7706941
SVNRemoteRepository : 0.8343044
GITRemoteRepository : 0.8357706
