Main : 0.85336566
ProjectUICommands : 0.8434779
ProjectTeamTMX : 0.8421423
ProjectFactory : 0.85942286
