TMXReader2 : 0.73315287
RealProject : 0.75497556
