MatchGlossaryPane : 0.71792877
Preferences : 0.6971318
MatchGlossaryWindow : 0.7095481
