Core : 0.8480993
Styles : 0.8372388
EditorSettings : 0.8526658
EditorTextArea3 : 0.8379586
SegmentBuilder : 0.84320605
MarkerController : 0.83732516
EditorController : 0.8408673
MainWindowMenuHandler : 0.8398914
MainWindowMenu : 0.83025914
