ProjectPropertiesDialog : 0.76224625
SaveOptionsDialog : 0.7416763
