RealProject : 0.817814
CommandVarExpansion : 0.7966048
