XMLTag : 0.8584007
XMLFilter : 0.7103388
Translator : 0.77422374
