SegmentExportImport : 0.85067725
FileUtil : 0.8277341
