Handler : 0.83931947
Tag : 0.8444173
DefaultXMLDialect : 0.8538844
