TMXReader2 : 0.8344299
XLIFFDialect : 0.8569593
XMLContentBasedTag : 0.82683796
XMLDialect : 0.76035655
DefaultXMLDialect : 0.85166365
InlineTagHandler : 0.83152586
XLIFFFilterTest : 0.8034581
