FilterMaster : 0.8561597
FiltersCustomizer : 0.8455856
