MainWindowMenuHandler : 0.86762184
MainWindow : 0.84883225
SearchThread : 0.8421467
