MapRule : 0.85747993
DefaultRules : 0.82487977
LanguageCodes : 0.85033816
