DefaultXMLDialect : 0.85452294
Handler : 0.8398002
XMLContentBasedTag : 0.8345673
TestFilterBase : 0.83017075
XLIFFDialect : 0.8724377
XLIFFFilterTest : 0.804654
XMLIntactTag : 0.8398888
