Handler : 0.8329923
Entry : 0.84455794
OutOfTurnTag : 0.86662865
DefaultXMLDialect : 0.8633976
XLIFFDialect : 0.85541975
XMLPseudoTag : 0.0
XMLContentBasedTag : 0.8738243
XMLIntactTag : 0.84750825
XMLTag : 0.8629618
AggregatedTag : 0.86538583
