Handler : 0.83965313
XMLDialect : 0.7600111
SourceTextEntry : 0.84126574
PoFilter : 0.8355262
DefaultXMLDialect : 0.8537787
ResourceBundleFilter : 0.83036643
MozillaDTDFilter : 0.82714415
INIFilter : 0.8419694
SrtFilter : 0.8391379
RcFilter : 0.72745645
XLIFFDialect : 0.8642411
IParseCallback : 0.7792269
