ParseEntry : 0.81905466
TestFilterBase : 0.8246407
XMLFilter : 0.7163869
Translator : 0.7765343
TmxComplianceBase : 0.8240847
AbstractFilter : 0.8305581
XHTMLFilter : 0.84557724
WiXFilter : 0.841443
ResXFilter : 0.8421524
AndroidFilter : 0.839501
