TestFilterBase : 0.8230312
DefaultXMLDialect : 0.84954876
XMLDialect : 0.7613181
XLIFFDialect : 0.85884696
XLIFFFilterTest : 0.7106743
