SourceTextEntry : 0.88490325
PatternConsts : 0.0
CalcMarkersThread : 0.8267238
ProtectedPartsMarker : 0.8351823
RemoveTagMarker : 0.8515913
TagMarker : 0.8515913
AbstractMarker : 0.84677005
EntryMarks : 0.0
IMarker : 0.7862774
SpellCheckerMarker : 0.85303617
TransTipsMarker : 0.8587413
