EditorTextArea3 : 0.8412047
StringUtilTest : 0.8520446
