MainWindowMenu : 0.77324486
MainWindowMenuHandler : 0.78428495
EditorController : 0.7707691
GlossaryTextAreaTest : 0.81046927
