MainWindowMenuHandler : 0.8411543
TagValidationOptionsDialog : 0.82933295
Main : 0.85359246
TagValidationTool : 0.84243536
ITagValidation : 0.7673856
