EditorController : 0.8419173
WorkflowOptionsDialog : 0.8213801
ITagValidation : 0.7744508
TagValidationTool : 0.84260935
