MainWindowMenuHandler : 0.7848381
EditorController : 0.7735375
MainWindowMenu : 0.77370167
GlossaryTextAreaTest : 0.8122239
