MainWindow : 0.76661706
MatchesTextArea : 0.77261066
MainWindowMenuHandler : 0.78287464
EditorController : 0.7719548
GlossaryTextAreaTest : 0.8090976
Styles : 0.7340706
