TMXReader2 : 0.8321155
XMLContentBasedTag : 0.8325092
XLIFFDialect : 0.8658083
InlineTagHandler : 0.8420858
TMXReaderTest : 0.823178
XLIFFFilterTest : 0.7119042
