TMXReader2 : 0.8209523
XLIFFDialect : 0.85521334
XLIFFFilterTest : 0.713074
