TagValidationFrame : 0.8383273
EditorController : 0.84693205
Main : 0.8409747
ITagValidation : 0.782982
TagValidationTool : 0.8266419
