NearString : 0.0
EditorController : 0.8382662
FindMatchesThread : 0.80741215
MatchesTextArea : 0.83346725
ComesFromTMMarker : 0.8338048
Styles : 0.81956226
