MainWindowMenu : 0.8445663
MatchesTextArea : 0.8447373
IMatcher : 0.77841413
