ExternalTMX : 0.82877094
MatchesTextArea : 0.8349816
