Handler : 0.83825195
XMLContentBasedTag : 0.83987087
XLIFFFilterTest : 0.720317
OutOfTurnTag : 0.8375438
XLIFFDialect : 0.86062646
XMLIntactTag : 0.8400683
XMLIntactEntry : 0.82988447
XMLOutOfTurnTag : 0.8395838
