FilterVisitor : 0.8393336
XHTMLFilterTest : 0.7186248
HTMLFilter2Test : 0.83322245
XLIFFFilterTest : 0.72252387
