EditorController : 0.8442409
MarkerController : 0.839058
EditorTextArea3 : 0.84129757
TranslationUndoManager : 0.8484184
