TransTips : 0.82519853
GlossaryTextArea : 0.8482399
TransTipsMarker : 0.8407423
