StaticUtils : 0.7547903
TagValidationFrame : 0.75860983
TagValidationTool : 0.7411824
Main : 0.74665546
MainWindowMenuHandler : 0.7822312
ErrorReport : 0.7467928
EditorController : 0.77403957
ITagValidation : 0.85900116
GlossaryTextAreaTest : 0.8070222
HListener : 0.74646616
TagComparator has been removed due to the repository version iteration
