MainWindowMenuHandler : 0.746391
FileUtil : 0.7411553
MainWindowMenu : 0.7371563
LicenseDialog : 0.7309778
LastChangesDialog : 0.7297921
