DocumentFilter3 : 0.8591251
EditorController : 0.84417224
