TestCore : 0.7888234
LanguageToolTest : 0.8728184
FalseFriendsTest : 0.80953723
