StaticUtils : 0.75415266
EditorController : 0.775047
EditorTextArea3 : 0.76583064
Language : 0.78477734
AutoCompleter : 0.7671003
MainWindow : 0.766621
GlossaryTextAreaTest : 0.8072334
GlossaryAutoCompleterView : 0.75429785
AutoCompleterView : 0.82106555
