GlossaryTextArea : 0.83192545
FindGlossaryThread : 0.8488552
GlossaryEntryTest : 0.7829344
GlossaryAutoCompleterView : 0.85689473
