Main : 0.8554527
SVNRemoteRepository : 0.83826405
GITRemoteRepository : 0.8419658
ProjectFactory : 0.8634891
