MainWindowMenuHandler : 0.8466359
Main : 0.82934403
PluginUtils : 0.84673476
TextFilter : 0.8473535
XLIFFFilter : 0.8611046
BelazarTranslate : 0.7317407
LanguageToolWrapper : 0.8371422
LuceneEnglishTokenizer : 0.83222765
