Handler : 0.8382619
XMLIntactTag : 0.8397055
OutOfTurnTag : 0.8373607
XMLContentBasedTag : 0.8397038
XMLOutOfTurnTag : 0.8394389
XMLIntactEntry : 0.8301787
