CommandThread : 0.70573777
ProjectProperties : 0.70209086
ProjectPropertiesDialog : 0.726006
