XMLDialect : 0.6969446
DefaultXMLDialect : 0.7232982
