Log : 0.83359617
MainWindowMenu : 0.8444528
OmegaTFileHandler : 0.83122486
LogDialog : 0.8629505
