XMLIntactTag : 0.7118739
XMLPseudoTag : 0.0
XMLEntityText : 0.74439305
XMLDialect : 0.69721854
DefaultXMLDialect : 0.7196329
