PoOptionsDialog : 0.8087731
POFilterTest : 0.8257745
