TagValidation : 0.87706286
TagValidationOptionsDialog : 0.80965006
TagValidationTest : 0.8616157
PatternConsts : 0.0
ErrorReport : 0.84719867
TagRepair : 0.85293233
TagRepairTest : 0.8451089
