MyMemoryMachineTranslate : 0.7314207
BaseTranslate : 0.7393635
