IStopped : 0.74992394
FindMatchesThread : 0.8406725
Statistics : 0.8620602
CalcMatchStatistics : 0.84763104
