TMXReader2 : 0.83267957
ExternalTMX : 0.8531179
CalcMatchStatistics : 0.84763104
FindMatchesThread : 0.8423226
