RealProject : 0.8372978
FindGlossaryThread : 0.83738315
GlossaryReaderTSV : 0.8457689
GlossaryTextArea : 0.8372252
GlossaryTextAreaTest : 0.8184859
GlossaryManager : 0.8389561
GlossaryReaderTBX : 0.84750843
GlossaryReaderTBXTest : 0.82200783
GlossaryReaderCSV : 0.8489045
GlossaryReaderCSVTest : 0.7949724
GlossaryReaderTSVTest : 0.82183254
GlossaryEntryTest : 0.77714896
StyledString has been removed due to the repository version iteration
FindGlossaryThreadTest : 0.82094765
