CalcMatchStatistics : 0.84760743
FindMatchesThread : 0.8413953
