CalcStandardStatistics : 0.84124213
CalcMatchStatistics : 0.8312635
