CalcStandardStatistics : 0.85221434
CalcMatchStatistics : 0.8488965
