Styles : 0.0
StaticUtils : 0.6885639
Preferences : 0.70332247
EditorTextArea : 0.7130707
MatchesTextArea : 0.6835084
GlossaryTextArea : 0.70895183
