ParseEntry : 0.8189519
SourceTextEntry : 0.8324337
