PluginUtils : 0.75316
DefaultTokenizer : 0.7682658
BaseTokenizer : 0.75032425
HunspellTokenizer : 0.71423954
