XLIFFFilter : 0.839729
XMLFilter : 0.6995703
Translator : 0.77099687
