Entry : 0.8323502
Handler : 0.8235478
