MainWindowMenu : 0.844288
TagValidationTool : 0.82019925
ProjectUICommands : 0.8556794
ITagValidation : 0.78418267
