XMLWriter : 0.7166353
XMLReader : 0.7340366
