CalcMatchStatistics : 0.8545145
OConsts : 0.73635596
StatisticsWindow : 0.8261387
StatCount : 0.86904484
