SVNRemoteRepository : 0.83948934
GITRemoteRepository : 0.84346354
Log : 0.8523812
ProjectTMX : 0.8354054
