XLIFFOptions : 0.83547777
XLIFFDialect : 0.8140261
