EditOpenXMLOptionsDialog : 0.82630473
OpenXMLFilter : 0.85370123
OpenXMLDialect : 0.83799
