Main : 0.8568546
ProjectFactory : 0.86295784
