XLIFFDialect : 0.834609
EditXLIFFOptionsDialog : 0.83331007
