MFindField : 0.8286172
AutoCompleter : 0.82019275
Mnemonics : 0.827653
AutoCompleterTableView : 0.817218
EditorTextArea3 : 0.8311213
