AutoCompleterItem : 0.0
AutoCompleterTableView : 0.8565272
AutoCompleterListView : 0.852883
TagUtil : 0.8369753
TagAutoCompleterView : 0.8418797
