ProjectTMX : 0.75870216
IEditor : 0.8435574
ProjectUICommands : 0.7407007
RealProject : 0.7625318
EditorController : 0.7532014
NotLoadedProject : 0.7994256
FalseFriendsTest : 0.7923982
GlossaryTextAreaTest : 0.7910937
