ReplaceFilter : 0.8593847
SearchWindowForm : 0.8465819
