SearchWindowForm : 0.8458096
Searcher : 0.83078986
Preferences : 0.840405
SearchExpression : 0.0
