SearchFilter : 0.84531015
ReplaceFilter : 0.851311
IEditorFilter : 0.7885112
