MainWindow : 0.82344425
MainWindowMenuHandler : 0.82428575
MainWindowUI : 0.8401146
ProjectFilesListController : 0.82329726
