MainWindowMenuHandler : 0.7841389
MainWindowMenu : 0.77187634
EditorController : 0.77762634
GlossaryTextAreaTest : 0.8101076
