RealProject : 0.8507343
TMXEntry : 0.8484461
TMXReader2 : 0.8347338
TMXWriter2 : 0.8313362
ProjectTMX : 0.83693004
Prop : 0.7927879
Core : 0.847879
ExternalTMX : 0.8515497
WorkflowOptionsDialog : 0.8184622
Loader has been removed due to the repository version iteration
ComesFromAutoTMMarker : 0.8563764
PrepareTMXEntry : 0.85607386
ParsedTu has been removed due to the repository version iteration
AutoTmxTest : 0.8423256
ImportFromAutoTMX : 0.8507469
