Preferences : 0.8546841
Styles : 0.83807254
MainWindowMenuHandler : 0.8565961
EditorController : 0.85246617
ComesFromTMMarker : 0.8493079
MainWindowMenu : 0.8362764
ComesFromAutoTMMarker : 0.83106315
