ReplaceFilter : 0.81871676
ComesFromTMMarker : 0.83371043
GlossaryTextAreaTest : 0.76104105
