ProjectTMX : 0.8478893
MergeTest : 0.84915423
