OConsts : 0.7614794
ProjectFileStorage : 0.8468629
ProjectPropertiesDialog : 0.83866644
