SearchWindowController : 0.84032804
SearchWindowForm : 0.82812536
