EditXLIFFOptionsDialog : 0.8311014
XLIFFDialect : 0.83771676
