ImportFromAutoTMX : 0.86329335
OConsts : 0.7537651
