ScriptItem : 0.81585234
ScriptsMonitor : 0.8441169
