XLIFFFilter : 0.8469939
EditXLIFFOptionsDialog : 0.83262897
XLIFFDialect : 0.8388762
