ProjectPropertiesDialog : 0.8396582
ProjectUICommands : 0.8348976
