Handler : 0.8204235
Entry : 0.8433085
TMXReader : 0.82544893
XMLDialect : 0.7854128
DefaultXMLDialect : 0.8548889
OutOfTurnTag : 0.8694732
XMLOutOfTurnTag : 0.8375204
XMLPseudoTag : 0.0
XHTMLDialect : 0.7820883
XMLTag : 0.8672171
XMLIntactTag : 0.86153394
OpenDocDialect : 0.0
