SearchWindowController : 0.8404177
SearchWindowForm : 0.82812536
Searcher : 0.83733094
SearchExpression : 0.0
