SearchWindowController : 0.8404177
SearchWindowForm : 0.82812536
