MainWindow : 0.83777773
MainWindowUI : 0.8408866
RealProject : 0.85104966
EditorController : 0.8445749
ProjectUICommands : 0.8414977
