AutoCompleterTableView : 0.860734
AutoCompleterListView : 0.85943186
