TaasTerm : 0.90319073
ObjectFactory : 0.888554
TaasCollections : 0.8811534
TaasArrayOfTerm : 0.8680835
TaasDomain : 0.9119226
TaaSClient : 0.7582719
TaasLanguage : 0.90961033
