Searcher : 0.8356384
GlossaryManager : 0.8516576
TaaSGlossary : 0.87101036
BrowseTaasCollectionsController : 0.83602345
GlossaryTextArea : 0.8410179
TaaSPlugin : 0.811495
