TaaSClient : 0.7390679
ObjectFactory : 0.8870466
