TaaSClient : 0.7249225
TaaSPlugin : 0.8027563
TaaSGlossary : 0.8541461
