TaaSClient : 0.7184517
SelectDomainUI : 0.81141156
TaaSPlugin : 0.82800496
ObjectFactory : 0.89932144
SelectDomainController : 0.805
TaasDomains : 0.8510659
