OStrings : 0.82195956
SearchWindow : 0.81609124
SearchThread : 0.8438333
