SelectDomainUI : 0.82710385
TaaSClient : 0.7026194
SelectDomainController : 0.8341012
TaaSGlossary : 0.85976535
