Preferences : 0.8388029
MainWindowMenu : 0.84406877
TaaSPlugin : 0.83780694
GlossaryReaderTBX : 0.80350035
