CommandThread : 0.72022206
SearchWindow : 0.8399644
