MainWindowMenuHandler : 0.8336144
GlossaryManager : 0.83967316
