XLIFFOptions : 0.84479576
EditXLIFFOptionsDialog : 0.82686776
XLIFFDialect : 0.85103655
