RealProject : 0.85134757
EntryKey : 0.8496522
FiltersCustomizer : 0.8164435
Filters : 0.8574425
