NearString : 0.83270305
StringEntry : 0.84549165
FuzzyMatcher : 0.82194877
