MainWindowMenuHandler : 0.7841473
MatchesTextArea : 0.7765729
EditorController : 0.77533185
MainWindowMenu : 0.7716455
MultipleTransPane : 0.7787652
GlossaryTextAreaTest : 0.8113835
