SearchWindowController : 0.8406965
Searcher : 0.8379727
SearchWindowForm : 0.82877094
SearchExpression : 0.0
