EditorController : 0.84472865
RealProject : 0.8512703
SearchWindowController : 0.8407164
MainWindowUI : 0.8411784
ProjectUICommands : 0.8479241
