IMainWindow : 0.77560407
RealProject : 0.83448267
ConsoleWindow : 0.8458079
TestCore : 0.8203175
