RealProject : 0.8541475
Main : 0.8339189
