RealProject : 0.8360288
Project : 0.8325477
ProjectProperties : 0.8360632
StaticUtilsTest : 0.79280674
ProjectFileStorage : 0.8469266
Masks : 0.8494451
ObjectFactory : 0.8327083
