SearchWindow : 0.70994824
SearchThread : 0.6965048
ProjectFrame : 0.71219593
