RecentProjects : 0.8252648
MainWindowMenu : 0.8269332
IMainMenu : 0.71140283
ProjectUICommands : 0.8479241
TestCore : 0.8062384
