SegmentBuilder : 0.8441376
ModificationInfoManager : 0.8342505
ViewOptionsDialog : 0.8201735
