PatternConsts : 0.0
ViewOptionsDialog : 0.81913275
ProtectedPartsMarker : 0.8594883
