RecentProjects : 0.8188317
ProjectUICommands : 0.8287584
MainWindowMenu : 0.84060305
