MFindField : 0.84903973
SearchWindowController : 0.8392983
SearchWindowForm : 0.8281681
HistoryManager : 0.8681573
