EditorController : 0.8216958
RealProject : 0.8228882
