Main : 0.8538714
Styles : 0.82082456
DictionariesTextArea : 0.8418113
