EditOpenXMLOptionsDialog : 0.82557225
OpenXMLDialect : 0.83801085
