RealProject : 0.8536366
OConsts : 0.74217683
