MainWindowMenuHandler : 0.855743
MainWindowMenu : 0.8351126
