MainWindowMenuHandler : 0.7829169
EditorController : 0.77422464
MainWindowMenu : 0.77091575
