FuzzyMatcher : 0.8344699
MatchesTextArea : 0.86469716
