TestTeamIntegration : 0.82908595
TestTeamIntegrationChild : 0.8092608
TestCoreInitializer : 0.83871895
