OStrings : 0.83476305
SearchWindow : 0.8299079
Preferences : 0.83936745
SearchThread : 0.8265111
