CommandThread : 0.81214863
Token : 0.736992
TMXReader : 0.71728176
StringEntry : 0.7365941
GlossaryManager : 0.7404927
