MyMemoryHumanTranslate : 0.8322175
MyMemoryMachineTranslate : 0.77644926
