BelazarTranslate : 0.80715895
MyMemoryMachineTranslate : 0.7549208
BaseTranslate : 0.76420754
Google2Translate : 0.81974095
ApertiumTranslate : 0.8363035
MyMemoryHumanTranslate : 0.8242111
YandexTranslate : 0.8477602
