Token : 0.84248364
CommandThread : 0.83668905
StringEntry : 0.84156173
WordIterator : 0.8281475
