ViewOptionsDialog : 0.8197476
ProtectedPartsMarker : 0.85689783
