FontSelectionDialog : 0.8683941
SegmentationCustomizer : 0.86808664
TeamUserPassDialog : 0.871367
EditXOptionsDialog : 0.86168855
UserPassDialog : 0.8782658
TagValidationOptionsDialog : 0.86451036
EditOpenDocOptionsDialog : 0.8558118
TeamOptionsDialog : 0.87742
CreateGlossaryEntry : 0.8662751
