Platform : 0.82290757
MainWindowMenu : 0.8030641
Main : 0.84122425
EditorTextArea3 : 0.8322298
MainWindowMenuShortcuts : 0.81137985
