RealProject : 0.8360861
SegmentBuilder : 0.85090566
