MainWindow : 0.8418565
DockingUI : 0.8160034
ResourcesUtil : 0.83296937
AutoCompleter : 0.8514473
DockablePanel : 0.8275885
RoundedCornerBorder : 0.81257045
MainWindowUI : 0.8437
ProjectPropertiesDialog : 0.8431154
DockableScrollPane : 0.8275885
StaticUIUtils : 0.8331628
