FiltersCustomizer : 0.8467083
ProjectPropertiesDialog : 0.8435764
AboutDialog : 0.85857415
