MainWindowMenu : 0.8232751
PropertiesShortcutsTest : 0.8352168
