Preferences : 0.84122264
Element : 0.7464634
Tag : 0.82965386
OutOfTurnTag : 0.81647515
StatisticsSettings : 0.7907192
MainWindowMenuHandler : 0.80964696
Text : 0.8152656
DefaultXMLDialect : 0.8321392
TagProcessingOptionsDialog : 0.8001526
XLIFFDialect : 0.8483055
StatCount : 0.82583296
Xtag : 0.84177876
XLIFFFilterTest : 0.7081088
