OStrings : 0.6890247
Main : 0.69879174
