DockingUI : 0.8223271
DockableScrollPane : 0.8274509
