EditorController : 0.8122512
MainWindowUI : 0.80316186
ProjectUICommands : 0.81218135
