FilterBarSearch : 0.8580938
FilterBarReplace : 0.8389773
