MainWindow : 0.8154687
EditorController : 0.8267064
GlossaryTextArea : 0.8187555
MainWindowMenuHandler : 0.8100573
OmegaTFileChooser : 0.813228
Core : 0.8195587
ProjectFilesListController : 0.8212817
MatchesTextArea : 0.8298403
FileUtil : 0.8454769
GlossaryTextAreaTest : 0.7799627
OpenProjectFileChooser : 0.83414733
ProjectFileDragImporter : 0.80905104
FileDropHandler : 0.81600046
