EditorController : 0.818787
MatchesTextArea : 0.8189933
ProjectFilesListController : 0.8244587
GlossaryTextArea : 0.82232934
