FilterEditor : 0.86813587
InstanceEditor : 0.851825
FiltersCustomizer : 0.8692375
ProjectPropertiesDialog : 0.8523884
FontSelectionDialog : 0.8664044
SaveOptionsDialog : 0.86702526
DictionaryInstallerDialog : 0.8607955
TagProcessingOptionsDialog : 0.8589338
WorkflowOptionsDialog : 0.86554486
ProjectFilesList : 0.7924961
TitledTablePanel : 0.80059123
