Preferences : 0.8385376
MainWindowMenu : 0.84419626
FindGlossaryThread : 0.80570215
DefaultTokenizer : 0.80924475
GlossaryManager : 0.8358222
