AutoCompleter : 0.7938469
IEditor : 0.82672095
AutoCompleterListView : 0.784991
EditorController : 0.76573616
AutoCompleterTableView : 0.7715818
AbstractAutoCompleterView : 0.8200946
CharTableAutoCompleterView : 0.8000019
GlossaryTextAreaTest : 0.7609693
TagAutoCompleterView : 0.7841334
AutotextAutoCompleterView : 0.7615505
GlossaryAutoCompleterView : 0.7444069
