AutoCompleter : 0.84901845
AbstractAutoCompleterView : 0.81496006
AutoCompleterListView : 0.8438299
AutoCompleterTableView : 0.83983654
