SearchWindowForm : 0.82344085
EntryInfoPane : 0.8078456
