EditorController : 0.8284441
StringUtilTest : 0.8374451
