StringUtil : 0.82733047
StringUtilTest : 0.81302094
