EditorUtils : 0.8231854
EditorUtilsTest : 0.81740695
