MainWindow : 0.6985029
TMXReader : 0.82238996
XMLStreamReader : 0.8408302
SRX : 0.8480107
Handler : 0.82286686
SearchWindow : 0.8310835
FilterEditor : 0.81711125
SegmentationCustomizer : 0.81819415
LFileCopy : 0.8290214
ProjectFileStorage : 0.81528807
AboutDialog : 0.8141671
HelpFrame : 0.729002
FuzzyMatcher : 0.81924367
SaveThread : 0.8392267
