Preferences : 0.84743005
AutoCompleterListView : 0.8598629
MainWindowMenu : 0.8409258
MainWindowMenuHandler : 0.8564845
EditorController : 0.8528013
AbstractAutoCompleterView : 0.83269966
TagAutoCompleterView : 0.8387539
CharTableAutoCompleterView : 0.8721576
GlossaryAutoCompleterView : 0.8314442
AutotextAutoCompleterView : 0.83888495
