MainWindowMenu : 0.8441093
MainWindowMenuTest : 0.84865683
