MainWindow : 0.6909475
EditorTextArea : 0.7962291
SearchThread : 0.79570985
Main : 0.8564665
