EditorController : 0.75537217
NotLoadedProject : 0.7966086
FilterMaster : 0.74498236
IEditor : 0.8440706
RealProject : 0.7621243
GlossaryTextAreaTest : 0.7896661
FalseFriendsTest : 0.7909917
