HunspellTokenizer : 0.79819053
NewProjectFileChooser : 0.82300925
