TMXReader : 0.8284652
TMXDateParserTest : 0.8266726
TMXWriter : 0.8368583
