CalcStandardStatistics : 0.8532858
BaseStatisticsPanel : 0.84484285
