GlossaryEntry : 0.83753264
HistoryManager : 0.85079217
ScriptsMonitor : 0.799332
FileDropInfo has been removed due to the repository version iteration
HunspellTokenizer : 0.8370911
NearString : 0.81780213
FileUtil : 0.8389972
OneFilter : 0.8205361
FindGlossaryThread : 0.8430737
Filters : 0.8287589
