ParseEntry : 0.8271254
TranslateEntry : 0.84251904
