XMLStreamReader : 0.8360779
XMLBlock : 0.8390883
DefaultEntityFilter : 0.8594672
