TranslateEntry : 0.8324022
FindMatches : 0.8343802
SegmenterTest : 0.8372582
