Tag : 0.83417237
XMLContentBasedTag : 0.8303244
Entity : 0.84545016
XMLReader : 0.8426534
XMLWriter : 0.83657026
