InlineTagHandler : 0.83956337
XLIFFDialect : 0.8552144
TMXReader2 : 0.831813
