TMXReader : 0.8267314
GlossaryEntry : 0.8535326
TMXReader2 : 0.8307085
ParseEntry : 0.8269537
