PropertiesShortcuts : 0.8141922
SRX : 0.8454681
GlossaryManager : 0.82605904
Handler : 0.8153145
EditorController : 0.8217945
XMLStreamReader : 0.82357615
Searcher : 0.81823575
FilterEditor : 0.80552274
SearchWindowController : 0.8108032
TMXReader : 0.82005507
SegmentationCustomizer : 0.80452436
HelpFrame : 0.74209034
TMXReader2 : 0.8132199
ProjectUICommands : 0.82003635
ProjectFileStorage : 0.83581567
AboutDialog : 0.80722666
PropertiesShortcutsTest : 0.8028007
DisplayMatches has been removed due to the repository version iteration
