IMainWindow : 0.7756833
ProjectUICommands : 0.8516618
ConsoleWindow : 0.8445406
RealProject : 0.8366507
SVNRemoteRepository : 0.71023756
SegmentBuilder : 0.8264652
TestCore : 0.81824
