Document3 : 0.844221
EditorTextArea3 : 0.847291
