MainWindowMenuHandler : 0.8401549
EditorSettings : 0.85463613
MainWindowMenu : 0.81862015
FontFallbackListener : 0.81877875
FontFallbackMarker : 0.84832674
