HTMLFilter2Test : 0.8969743
ResourceBundleFilterTest : 0.86972636
XLIFFFilterTest : 0.7613773
TMXReaderTest : 0.8316224
