EditOpenXMLOptionsDialog : 0.82578695
OpenXMLDialect : 0.8356724
