Core : 0.8456042
MainWindowMenu : 0.8456462
IDictionaries : 0.7884539
