StaticUtils : 0.84473467
Text : 0.82751083
Handler : 0.82605314
XMLStreamReader : 0.84189975
StaticUtilsTest : 0.77707994
Preferences : 0.84086704
FilterVisitor : 0.8411827
ParseEntry : 0.8230877
XMLText : 0.84857
OutOfTurnTag : 0.81686115
TMXWriter2 : 0.82734126
StringUtilTest : 0.83348197
XMLUtils : 0.84705967
TMXWriter : 0.83414733
