MainWindowMenuHandler : 0.8374613
MainWindowMenu : 0.81637603
MachineTranslateTextArea : 0.8443287
