GlossaryTextArea : 0.84532297
NotesTextArea : 0.8574052
