XMLStreamReader : 0.8430915
StringUtilTest : 0.83168495
XMLStreamReaderTest : 0.8318501
