StaticUtils : 0.8462971
PreferencesTest : 0.8771267
