ScriptingWindow : 0.83982456
TestCore : 0.80401987
ScriptingTest : 0.8504381
