PreferencesTest : 0.85585696
ScriptingTest : 0.83979446
