EntryInfoPane : 0.8326992
GlossaryTextAreaTest : 0.8160173
