BaseTranslate : 0.8477682
MachineTranslateTextArea : 0.8008104
