MainWindowMenuHandler : 0.80974424
Preferences : 0.84095514
EditorUtils : 0.8510088
GlossaryAutoCompleterView : 0.8508781
SegmentBuilder : 0.83655494
MainWindowMenu : 0.79197514
StringUtilTest : 0.83337885
EditorUtilsTest : 0.8167989
