SearchWindowController : 0.83822894
SearchWindowForm : 0.7874218
Searcher : 0.8380583
SearchExpression : 0.0
