AboutDialog : 0.8007627
TMXWriter2 : 0.8049258
Main : 0.820432
OmegaTFileHandler : 0.8197006
