MyMemoryMachineTranslate : 0.7616564
MyMemoryHumanTranslate : 0.84824085
