MainWindow : 0.81444454
Main : 0.81888276
