SearchWindowController : 0.8625666
MainWindowMenu : 0.84639573
MainWindow : 0.85310775
