SearchWindowController : 0.74367684
Core : 0.78641987
MainWindow : 0.7495998
MainWindowMenuHandler : 0.7630336
TestCore : 0.784379
SearchWindowTest : 0.7465691
