TestCore : 0.84190875
SearchWindowTest : 0.84614927
