MainWindowMenu : 0.8191807
EntryListPane : 0.8279952
SearchWindowMenu : 0.8455987
