GlossaryEntry : 0.88075536
GlossaryManager : 0.81973505
