IScriptLogger : 0.7908531
Main : 0.84322137
ScriptRunner : 0.8431854
ScriptsMonitor : 0.8380141
FileUtil : 0.82611066
FileUtilTest : 0.82144654
