ScriptItem : 0.8454184
ScriptingWindow : 0.8259276
FileUtilTest : 0.8526774
ScriptRunner : 0.835349
ScriptsMonitor : 0.81768537
