Styles : 0.82817924
EditorTextArea3 : 0.83455586
EntryInfoPane : 0.80575126
