TmxComplianceTests : 0.8066794
DirectoryMonitor : 0.83040214
