ProjectFilesListController : 0.8227194
LanguageToolWrapper : 0.8291467
EntryInfoPane : 0.7976714
ProjectPropertiesDialog : 0.82251436
EntryInfoThreadPane : 0.81073284
TagValidationTool : 0.829892
TaaSPlugin : 0.8082443
RcFilter : 0.7178027
