SegmentationRulesModel : 0.795039
MappingRulesModel : 0.799522
EditOpenDocOptionsDialog : 0.87949044
ProjectTMX : 0.78505856
