LuceneDutchTokenizer : 0.952937
LuceneCJKTokenizer : 0.94734824
LuceneBrazilianTokenizer : 0.9495396
LuceneGreekTokenizer : 0.94882596
LucenePersianTokenizer : 0.9920977
LuceneCzechTokenizer : 0.9512572
SnowballEnglishTokenizer : 0.9545585
LuceneRussianTokenizer : 0.9512079
LuceneGermanTokenizer : 0.8451093
TinySegmenterJapaneseTokenizer : 0.8666738
LuceneFrenchTokenizer : 0.8535207
