LuceneBulgarianTokenizer : 0.78111583
LuceneHungarianTokenizer : 0.8142298
LuceneItalianTokenizer : 0.82304925
LucenePortugueseTokenizer : 0.8282716
LuceneLatvianTokenizer : 0.83323556
LuceneFinnishTokenizer : 0.81928873
LuceneHindiTokenizer : 0.7760391
LuceneBasqueTokenizer : 0.8317397
LuceneCatalanTokenizer : 0.8138702
LuceneSwedishTokenizer : 0.8239341
LuceneKoreanTokenizer : 0.8210408
LuceneSpanishTokenizer : 0.827682
LuceneTurkishTokenizer : 0.82314974
LuceneIndonesianTokenizer : 0.8222947
LuceneRomanianTokenizer : 0.81470156
LuceneGalicianTokenizer : 0.83062667
LuceneDanishTokenizer : 0.8050618
LuceneNorwegianTokenizer : 0.82427484
