SegmentBuilder : 0.84328586
EditorTextArea3 : 0.84395367
