StringUtilTest : 0.83330154
GlossaryAutoCompleterView : 0.8503669
