MatchesTextArea : 0.82523346
GlossaryTextArea : 0.8374465
EntryListPane : 0.82790333
DictionariesTextArea : 0.82909423
MachineTranslateTextArea : 0.81832945
MultipleTransPane : 0.84976393
CommentsTextArea : 0.81381345
