MainWindowMenu : 0.8138121
ProjectUICommands : 0.8341563
