CLIParameters : 0.7818618
RealProject : 0.7537715
ProjectPropertiesDialog : 0.7573125
