EntryInfoPane : 0.8328627
DictionariesTextArea : 0.8477567
MachineTranslateTextArea : 0.8489345
MultipleTransPane : 0.8597236
