SegmentBuilder : 0.8060185
EditorTextArea3 : 0.8259893
EntryInfoPane : 0.8298436
TagValidationFrame : 0.8235077
EntryListPane : 0.82686764
TitledTablePanel : 0.8012559
