SearchWindowController : 0.84651
MainWindowUI : 0.83827794
