StaticUtils : 0.8558974
Platform : 0.83878934
FileUtilTest : 0.8514001
