StaticUtils : 0.8537916
Preferences : 0.8469513
FilterMaster : 0.8566683
TaaSClient : 0.71433467
TestFilterBase : 0.8300048
ScriptItem : 0.84623027
OpenDocFilter : 0.842982
OpenXMLFilter : 0.84376156
XLIFFFilterTest : 0.7143128
StarDict : 0.8518477
CreateDocIndexUtil : 0.85467523
WikiGet : 0.8001455
BelazarTranslate : 0.7020746
PropertiesShortcutsTest : 0.82414925
LogDialog : 0.8252174
LFileCopyTest : 0.86507803
CopyrightTest : 0.7303976
