IEditorSettings : 0.7846204
LanguageToolWrapper : 0.836428
MainWindowMenuHandler : 0.8445389
EditorSettings : 0.8600686
FalseFriendsTest : 0.84655637
MainWindowMenu : 0.833565
SearchWindowTest : 0.8467798
