WorkflowOptionsDialog : 0.8144073
MatchesTextArea : 0.8402591
