Preferences : 0.8437807
EditorController : 0.8448594
LastSegmentManager : 0.8391737
CalcMarkersThread : 0.8325994
MarkerController : 0.8407749
WorkflowOptionsDialog : 0.80645573
