GlossaryTextArea : 0.843044
DictionariesTextArea : 0.8511853
MultipleTransPane : 0.85483193
NotesTextArea : 0.85762084
EntryInfoPane : 0.8272831
CommentsTextArea : 0.8323333
