StaticUIUtils : 0.7971537
MultipleTransPane : 0.8164427
StringUtilTest : 0.83548033
