EditorController : 0.7161091
MainWindowMenuHandler : 0.7234278
FileUtil : 0.72745293
