LicenseDialog : 0.80959874
LastChangesDialog : 0.81011677
