SearchWindowController : 0.8118164
Preferences : 0.84000427
Searcher : 0.83050156
SearchWindowForm : 0.75630724
StringUtilTest : 0.8326265
SearchExpression : 0.0
