LineLengthLimitWriter : 0.84793293
StringUtilTest : 0.8324609
