ScriptItem : 0.8444615
FileUtilTest : 0.8496476
