FileUtil : 0.81835085
SegmentExportImport : 0.8447997
OConsts : 0.741002
