NotesTextArea : 0.8663772
INotes : 0.78734636
