StringUtilTest : 0.8204854
EditorUtilsTest : 0.8289161
