MainWindow : 0.8534934
SearchWindowController : 0.8618769
