Entry : 0.8426006
FilterContext : 0.8490733
XMLFilter : 0.71998495
