StaticUtils : 0.84130967
StaticUtilsTest : 0.8062857
