GlossaryTextArea : 0.8426251
DictionariesTextArea : 0.84665465
MachineTranslateTextArea : 0.8458178
NotesTextArea : 0.85501325
MultipleTransPane : 0.85406053
CommentsTextArea : 0.8321327
