CommentsTextArea : 0.83076465
MachineTranslateTextArea : 0.8468721
