MultipleTransPane : 0.85656065
NotesTextArea : 0.85586816
CommentsTextArea : 0.8256885
