WikiGet : 0.7896735
TaaSClient : 0.70696425
CopyrightTest : 0.7097777
