MainWindowMenuHandler : 0.80788445
WikiGet : 0.7961951
TaaSClient : 0.7106338
