MainWindowMenu : 0.76406324
TestCore : 0.7775463
