RealProject : 0.8432181
IRemoteRepository2 : 0.83317053
RepositoryDefinition : 0.9066558
ProjectProperties : 0.90105945
ProjectTMX : 0.84127253
ProjectUICommands : 0.8200006
RemoteRepositoryProvider : 0.84581006
RepositoryMapping : 0.89954644
ProjectFileStorage : 0.72505033
RemoteRepositoryProviderTest : 0.75155437
GITCredentialsProvider : 0.82849663
SVNRemoteRepository2 : 0.836019
ObjectFactory : 0.8878697
RebaseAndCommit : 0.8275631
Repositories has been removed due to the repository version iteration
GITRemoteRepository2 : 0.8420553
RemoteRepositoryFactory : 0.8338074
