RepositoriesMappingDialog : 0.81622505
ProjectPropertiesDialog : 0.83913517
