RebaseAndCommit : 0.8096754
SVNRemoteRepository2 : 0.83309394
GITCredentialsProvider : 0.8312808
GITUserPassDialog : 0.8065724
TeamSettings : 0.79655164
SVNUserPassDialog : 0.8020259
