GITCredentialsProvider : 0.83866084
GITRemoteRepository2 : 0.83162993
SVNRemoteRepository2 : 0.8353831
RepositoryDefinition : 0.85754937
