RealProject : 0.851111
ProjectTMX : 0.8426002
ProjectUICommands : 0.8351169
RebaseAndCommit : 0.8225474
