GITRemoteRepository2 : 0.8964188
RebaseAndCommit : 0.7953831
