GITCredentialsProvider : 0.8386564
RemoteRepositoryProvider : 0.832666
IRemoteRepository2 : 0.79688406
TeamSettings : 0.7996998
RebaseAndCommit : 0.8103358
HTTPRemoteRepository : 0.8347922
GITRemoteRepository2 : 0.83074474
SVNRemoteRepository2 : 0.83798593
