GITRemoteRepository2 : 0.89447004
RemoteRepositoryFactory : 0.88058025
