MainWindowMenuHandler : 0.8391308
TeamSettings : 0.85732317
RepositoriesCredentialsController : 0.83577746
MainWindowMenu : 0.8281153
SVNAuthenticationManager : 0.7998821
GITCredentialsProvider : 0.8304742
