TeamSettings : 0.84212863
RepositoriesCredentialsController : 0.85872483
