MainWindowMenuHandler : 0.8365746
MainWindow : 0.838532
