ProjectProperties : 0.8329078
ProjectPropertiesDialog : 0.79373455
