ProjectProperties : 0.84463423
Preferences : 0.85819757
Core : 0.83149695
MainWindowMenuHandler : 0.8255447
Segmenter : 0.8337028
RealProject : 0.8524658
ProjectUICommands : 0.8422192
MainWindow : 0.8266681
ProjectPropertiesDialog : 0.83047867
TmxComplianceBase : 0.84733284
AutoTmxTest : 0.8370929
TmxSegmentationTest : 0.832262
