LicenseDialog : 0.8061643
LastChangesDialog : 0.80673903
