TestFilterBase : 0.83845586
XLIFFFilterTest : 0.7291124
