MainWindowMenu : 0.7649425
TestCore : 0.7780045
