MatchesTextArea : 0.8218463
GlossaryTextArea : 0.81679493
MultipleTransPane : 0.82477105
DictionariesTextArea : 0.82396376
NotesTextArea : 0.82910067
CommentsTextArea : 0.81425285
