GlossaryTextArea : 0.83593357
MatchesTextArea : 0.8401344
DictionariesTextArea : 0.8390742
GlossaryTextAreaTest : 0.8387134
NotesTextAreaTest : 0.8418579
NotesTextArea : 0.84620434
MultipleTransPane : 0.83941525
MachineTranslateTextArea : 0.84827316
CommentsTextArea : 0.8278545
