DialogsTest : 0.8258632
XLIFFFilterTest : 0.70708007
FileUtilTest : 0.84610105
StaticUtilsTest : 0.8111622
ProjectFileStorageTest : 0.84756786
PreferencesTest : 0.8445619
