EditorTextArea3 : 0.8444402
AutoCompleterListView : 0.8604154
CharTableAutoCompleterView : 0.8703996
