StaticUtils : 0.84986866
StaticUtilsTest : 0.8134092
FileUtilTest : 0.8462881
