ProjectFilesListController : 0.8416164
NewTeamProject : 0.7480581
