EditorController : 0.8196923
ConflictDialogController : 0.8400129
