MainWindow : 0.8508627
MainWindowMenuHandler : 0.8554865
