MainWindowMenuHandler : 0.81707686
Preferences : 0.82099
Aligner : 0.8331925
MainWindowMenu : 0.81140953
EditingPanel : 0.8020779
AlignPanelController : 0.83568203
AlignFilePickerController : 0.8340344
PatternPanelController : 0.79432833
SplittingPanelController : 0.81349474
EditingPanelController : 0.8017137
AlignPanel : 0.7935668
AlignFilePicker : 0.79512465
AlignMenuFrame : 0.7756695
