TmxSegmentationTest : 0.83474505
TmxComplianceBase : 0.83261395
