EditOpenDocOptionsDialog : 0.8642713
ExternalTMXMatchesDialog : 0.8544841
AboutDialog : 0.85749483
EditXLIFFOptionsDialog : 0.8632725
