ConsoleWindow : 0.83855057
EditorTextArea3 : 0.8359904
