SegmentBuilder : 0.7901474
EditorUtils : 0.7610796
EditorController : 0.7769237
MainWindowMenuHandler : 0.77875334
EntryMarks : 0.81146795
DocumentFilter3 : 0.785024
InsertTagsPopup has been removed due to the repository version iteration
GlossaryTextAreaTest : 0.8123262
SearchWindowTest : 0.81799495
