SegmentPropertiesTableView : 0.83648294
SegmentPropertiesArea : 0.8416974
