FilterMaster : 0.822955
TestCore : 0.8157952
Main : 0.81379056
ConvertTo213 : 0.83204347
AlignerTest : 0.80245394
