TmxSegmentationTest : 0.85324425
TagValidationTest : 0.85903305
ProjectFileStorageTest : 0.8630339
AutoTmxTest : 0.8535302
StylesTest : 0.81283605
TagUtilTest : 0.8368568
