SearchWindow : 0.70567936
TagValidationFrame : 0.69703954
