RealProject : 0.8341406
ProjectUICommands : 0.8544254
MainWindowMenu : 0.8465858
ProjectMedProcessing : 0.803993
ChooseMedProject : 0.80338
