DictionaryManager : 0.8549838
SpellChecker : 0.8291261
