LicenseDialog : 0.6980408
LastChangesDialog : 0.698089
