SegmentExportImport : 0.8521201
XLIFFFilterTest : 0.71198916
LogDialog : 0.81995314
