EditorController : 0.77649915
MainWindow : 0.7687968
GlossaryTextAreaTest : 0.81086975
SearchWindowTest : 0.81656003
GlossaryAutoCompleterViewTest : 0.8094921
