FontFallbackMarker : 0.8402506
TransTipsMarker : 0.85429
ProtectedPartsMarker : 0.8551294
