BaseTokenizer : 0.81457555
TokenizerTest : 0.78873754
