Preferences : 0.8221094
ProjectFilesListController : 0.83514357
AlphabeticalMarkers : 0.82932943
OConsts : 0.72181183
