MozillaDTDFilter : 0.84744084
StarDictDict has been removed due to the repository version iteration
ScriptItem : 0.8390363
WikiGet : 0.80745226
PoFilter : 0.8436404
TMXWriter2 : 0.8289145
MozillaLangFilter : 0.84406304
XMLWriter : 0.83843255
OConsts : 0.7469782
INIFilter : 0.8545666
OmegaTFileHandler : 0.8376455
Statistics : 0.8417693
OpenDocXMLFilter : 0.8449675
GlossaryReaderTSV : 0.85250354
OpenXMLXMLFilter : 0.8449675
GlossaryReaderCSV : 0.8460934
XMLReader : 0.84801495
