Platform : 0.8360516
CreateDocIndexUtil : 0.8433177
SegmentExportImport : 0.85204566
LineLengthLimitWriter : 0.829364
GlossaryReaderTSV : 0.86711293
