ProjectPropertiesDialog : 0.8397671
ProjectUICommands : 0.840592
DialogsTest : 0.82892483
