StatCount : 0.84281975
MatchStatCounts : 0.84428495
