StatisticsPanel : 0.83049506
BaseMatchStatisticsPanel : 0.87271076
IStatsConsumer : 0.802847
