OConsts : 0.0
TransFrame : 0.80439913
CommandThread : 0.83135414
StringEntry : 0.8413854
FontSelectionDialog : 0.7828771
TextFileHandler : 0.82684743
StaticUtils : 0.80380315
GlossaryManager : 0.8123016
SaveThread : 0.806813
SearchWindow : 0.8122154
ResourceBundleFileHandler : 0.82697934
MMx : 0.75884956
HandlerMaster : 0.83634037
SearchThread : 0.7991938
FuzzyMatcher : 0.80124587
LegacyTM : 0.8598193
