TestTeamIntegrationChild : 0.827122
TestTeamIntegration : 0.84708136
RealProjectTest : 0.85497546
TestCore : 0.8346287
ProjectFileStorageTest : 0.890614
AutoTmxTest : 0.8559955
TagValidationTest : 0.8377133
TagUtilTest : 0.81057847
TmxSegmentationTest : 0.8569561
PluginsTest : 0.86068
MatchesTextAreaTest : 0.8677665
StylesTest : 0.85951626
