MainWindowMenu : 0.8113104
MainWindowMenuHandler : 0.82818
AutoCompleter : 0.8243959
HistoryPredictor : 0.825621
HistoryCompleter : 0.8329062
WordPredictor : 0.81127095
WordCompleter : 0.81039375
