EditOpenXMLOptionsDialog : 0.83833206
OpenXMLFilter : 0.85295093
OpenXMLDialect : 0.8359826
