SearchWindow : 0.8118346
TextFileHandler : 0.8264886
