RemoteRepositoryProviderTest : 0.8282786
FileUtilTest : 0.8456112
XLIFFFilterTest : 0.70214325
TestTeamIntegration : 0.82420397
ConvertProject26to37team : 0.84340346
ProjectFileStorageTest : 0.8472409
PreferencesTest : 0.8454874
TestCore : 0.7817954
