FileUtil : 0.71886814
TMXWriterTest : 0.8528937
GITRemoteRepository2 : 0.8290693
