FileUtilTest : 0.723351
RemoteRepositoryProvider : 0.7345121
