MainWindowMenuHandler : 0.8162835
Searcher : 0.8308293
StaticUtilsTest : 0.8310884
