SpellChecker : 0.7617633
SpellCheckerMarker : 0.75112545
