TagValidationTest : 0.8538483
TagValidationTool : 0.8514027
