Searcher : 0.8309405
StaticUtilsTest : 0.8285754
