OmegaTFileChooser : 0.81224185
MainWindow : 0.8367923
ScriptingWindow : 0.8352729
ResourcesUtil : 0.82466
AboutDialog : 0.8359569
ProjectFilesList : 0.7839675
SearchWindowForm : 0.77930725
