IssuesPanelController : 0.8197482
IssuesPanel : 0.7745018
