PdfFilter : 0.8479983
PdfFilterTest : 0.82815343
