EditOptionsDialog : 0.82803124
XHTMLDialect : 0.73250437
FilterVisitor : 0.834551
EditXOptionsDialog : 0.8280845
XHTMLOptions : 0.94985324
