Database:0.5466666666666666
DatabaseManager:0.4166666666666667
Server:0.35
Cache:0.31333333333333335
jdbcConnection:0.29333333333333333
Servlet:0.21
