StaticUtils:0.9166666666666666
TranslateEntry:0.42
TranslateFilesCallback:0.23666666666666666
