LobStore:0.13933086
LobManager:0.109283894
