LobStore:0.18977723
LobManager:0.1726916
