LobStoreRAFile:0.5695496
LobStoreInJar:0.51971024
LobStoreMem:0.45613012
LobManager:0.23447996
