LobManager:0.27991822
LobStore:0.27196145
ScaledRAFile:0.095707886
ScaledRAFileSimple:0.083650656
RandomAccessInterface:0.020189798
