ScaledRAFile:0.10149067
ScaledRAFileSimple:0.08994898
RandomAccessInterface:0.059896067
DataFileCache:0.04503555
Logger:0.02719335
