ScaledRAFileHybrid:0.26468053
ScaledRAFile:0.25533903
RandomAccessInterface:0.12041
