Desktop:0.6508333333333334
DesktopToolBar:0.44
DeskletWidget:0.33666666666666667
