ColonyPanel:0.45
CargoPanel:0.44
EuropePanel:0.32
EuropeCargoPanel:0.3
DocksPanel:0.17666666666666667
ColonyCargoPanel:0.043333333333333335
