Unit:0.7155555555555556
UnitTypeChangeTest:0.03333333333333333
