AppearanceOptionPane:0.0867454
MacOSOptionPane:0.07066404
EditingOptionPane:0.067899436
GutterOptionPane:0.06487608
PrintOptionPane:0.06408815
GeneralOptionPane:0.05896723
BrowserOptionPane:0.05805572
OptionPane:0.05658172
TextAreaOptionPane:0.05416697
AutosaveBackupOptionPane:0.052070733
ViewOptionPane:0.0491908
MouseOptionPane:0.049049214
QuickNotepadOptionPane:0.0477113
FirewallOptionPane:0.043624535
StatusBarOptionPane:0.04276076
AbbrevsOptionPane:0.030822096
EditPlugin:0.028783975
ToolBarOptionPane:0.027690625
PluginManagerOptionPane:0.027055897
BufferOptions:0.026900293
jEdit:0.024989935
ContextOptionPane:0.022260485
ShortcutsOptionPane:0.019429853
BrowserColorsOptionPane:0.01668436
PluginOptions:0.016445298
DockingOptionPane:0.01632934
SyntaxHiliteOptionPane:0.0111763375
