jEdit:0.1321184
AbstractOptionPane:0.074580945
GUIUtilities:0.038334496
Log:0.029594474
FontSelector:0.027945653
OperatingSystem:0.017500358
