Gutter:0.29325926
StructureMatcher:0.16734312
ExtensionManager:0.1665684
TextAreaExtension:0.14180955
DisplayManager:0.12146356
JEditTextArea:0.107826896
ChunkCache:0.100168474
Chunk:0.09231381
Java14:0.08675717
EditPane:0.08446942
SyntaxStyle:0.054215863
Buffer:0.048307844
CompleteWord:0.037603334
Selection:0.018989593
IndentFoldHandler:0.01890668
Log:0.014051192
Token:0.008685146
Debug:0.008130609
