VFSBrowser:0.43333333333333335
BrowserView:0.3
DefaultInputHandler:0.24
GutterOptionPane:0.23666666666666666
FileVFS:0.22666666666666666
AbstractOptionPane:0.22
BrowserJTree:0.17900000000000002
BrowserIORequest:0.17666666666666667
TextAreaOptionPane:0.14333333333333334
ParentDirectoryRenderer:0.13866666666666666
MouseHandler:0.12
InputPane:0.08333333333333333
