TMXWriter2:0.54
FileUtil:0.48333333333333334
TMXWriterTest:0.33666666666666667
GITRemoteRepository2:0.27
