Unit:0.6533333333333333
InGameController:0.33666666666666667
GetTransactionMessage:0.17222222222222222
LearnSkillMessage:0.15555555555555556
ScoutIndianSettlementMessage:0.15555555555555556
AskSkillMessage:0.14166666666666666
InciteMessage:0.14
