Table:0.5366666666666666
Select:0.5033333333333333
HsqlName:0.4033333333333333
Expression:0.39666666666666667
HsqlTimer:0.37666666666666665
Parser:0.28
Tokenizer:0.27
Task:0.26666666666666666
DatabaseCommandInterpreter:0.23
DatabaseScript:0.23
View:0.20666666666666667
Servlet:0.16
TaskQueue:0.10666666666666667
TaskRunner:0.08333333333333333
AllTests:0.06666666666666667
