Expression:0.7133333333333334
HsqlProperties:0.32111111111111107
Parser:0.2866666666666667
Constraint:0.22383333333333336
