NewFolderDialog:0.49833333333333335
FolderNameValidator:0.3933333333333333
NewFileDialog:0.37
