Config:0.54
Factory:0.45
Content:0.3411111111111111
Tester:0.24666666666666667
