UI:0.8433333333333334
MMainWindow:0.26
MAbout:0.25666666666666665
MouseGestures:0.25333333333333335
MButtonPanel:0.14666666666666667
