TextEditor:0.51
TextEditorCore:0.4766666666666667
TextEditorDesigner:0.41333333333333333
