AbstractToolBar:0.49333333333333335
AbstractDrawingViewAction:0.42333333333333334
SelectionToolButtonHandler:0.37666666666666665
ToolsToolBar:0.35
