DT:0.62
AbstractItem:0.6
FeedViewer:0.31
FeedDownloader:0.18944444444444444
Atom10Item:0.13333333333333333
RSSItem:0.10666666666666667
