jEdit:0.47888888888888886
Debug:0.33322222222222225
GrabKeyDialog:0.24
InputHandler:0.22111111111111115
KeyEventWorkaround:0.20666666666666667
TextAreaInputHandler:0.20666666666666667
GeneralOptionPane:0.2
KeyEventTranslator:0.1511111111111111
MyFocusManager:0.14333333333333334
InputPane:0.14
