PluginDownloader:0.52
TreeFS:0.36666666666666664
StuffRenderer:0.3433333333333333
GHNSDialog:0.27666666666666667
