JDBCDatabaseMetaData:0.53
QuerySpecification:0.36666666666666664
SubQuery:0.3194444444444445
