ExpressionColumn:0.19595674
Expression:0.1287993
Table:0.12817618
ColumnBase:0.12810594
ParserDDL:0.11841922
TableWorks:0.11583389
SchemaManager:0.115827225
NumberSequence:0.11406522
SchemaObject:0.108533986
Constraint:0.10821957
Routine:0.10537282
TableUtil:0.096075766
StatementSchema:0.09258357
QuerySpecification:0.086388916
ExpressionColumnAccessor:0.082669325
StatementDMQL:0.08226942
RangeVariable:0.08063148
QueryExpression:0.07755369
ExpressionLogical:0.07429298
SchemaObjectSet:0.072815076
ParserRoutine:0.06895556
ParserDQL:0.06700128
ExpressionAccessor:0.062068574
ParserDML:0.06159252
StatementCompound:0.061285976
FunctionSQLInvoked:0.06073769
StatementDML:0.060252763
Token:0.057147793
StatementSet:0.054823402
ParserCommand:0.042532966
SortAndSlice:0.035167947
Session:0.03145684
TableDerived:0.030030126
StatementSession:0.028362768
StatementProcedure:0.026031135
RangeVariableResolver:0.01738203
SessionContext:0.012944183
Tokens:0.0
