Expression:0.15808651
ExpressionColumn:0.13910589
ParserDML:0.13430835
ExpressionColumnAccessor:0.13011666
QuerySpecification:0.11755018
ParserRoutine:0.09867687
RangeVariableJoined:0.09719651
QueryExpression:0.08327638
StatementCompound:0.06567122
RangeVariable:0.06421858
Routine:0.05859923
ParserDDL:0.040517755
ExpressionAccessor:0.033292122
FunctionSQLInvoked:0.027046228
TableDerived:0.02537014
ExpressionAggregate:0.023304481
ParserCommand:0.020118909
ExpressionLike:0.020034399
ExpressionArrayAggregate:0.01997527
ParserDQL:0.017052637
ExpressionArithmetic:0.01674194
ExpressionOp:0.013393553
