RoutineSchema:0.23272417
SchemaManager:0.16588752
TriggerDef:0.15180477
Table:0.15009542
StatementCompound:0.1491538
FunctionSQLInvoked:0.13930884
Expression:0.13718444
ColumnSchema:0.13475323
StatementDMQL:0.1306777
ParserRoutine:0.11968787
HsqlNameManager:0.11248483
ParserDDL:0.10324357
StatementSchema:0.09172311
TriggerDefSQL:0.08812896
Schema:0.08633004
SchemaObjectSet:0.08603714
SchemaObject:0.08581097
Token:0.08478878
StatementProcedure:0.073023535
ParserDML:0.07214587
Session:0.067922816
SessionContext:0.06785651
RangeVariable:0.06683673
ParserCommand:0.06289349
ParserDQL:0.059740745
ExpressionTable:0.059398487
Statement:0.058726877
Database:0.054164514
StatementCommand:0.052446183
ParserBase:0.051341012
Scanner:0.049394242
TableDerived:0.037170824
TableBase:0.030165492
ColumnBase:0.018529486
SqlInvariants:0.010537833
RangeGroup:0.0025045567
Tokens:0.0
