WikiBase:0.5733333333333334
Utilities:0.5566666666666666
JAMWikiServlet:0.28
ParserUtil:0.26
UploadServlet:0.2
