FreeColGameObject:0.2902677
Game:0.14937435
Unit:0.07920824
GoodsContainer:0.07215135
Building:0.063151546
Colony:0.059262782
Market:0.056901682
Player:0.055934515
Europe:0.055313565
IndianSettlement:0.03660223
Settlement:0.035200566
Ownable:0.023665078
