OptionGroupUI:0.48876727
SelectOptionUI:0.15274644
BooleanOptionUI:0.13533561
IntegerOptionUI:0.13468716
OptionUpdater:0.089278
