OptionMapUI:0.44388214
FreeColActionUI:0.2753015
SelectOptionUI:0.14203481
IntegerOptionUI:0.12027358
BooleanOptionUI:0.11854571
OptionUpdater:0.09869375
