EnhancedButton:0.06140712
VFSBrowser:0.029475285
ToolBarOptionPane:0.028657496
BrowserColorsOptionPane:0.027803373
AbbrevsOptionPane:0.026720785
SearchBar:0.021468392
ContextOptionPane:0.016941566
HelpViewer:0.016858066
