jEdit:0.4766666666666667
MiscUtilities:0.46
Buffer:0.41333333333333333
View:0.3566666666666667
VFSBrowser:0.3333333333333333
JEditTextArea:0.31666666666666665
BrowserView:0.31
FirstLine:0.2966666666666667
TokenMarker:0.25666666666666665
ChunkCache:0.24333333333333335
ScrollLineCount:0.2227777777777778
VFSFileNameField:0.22
DisplayManager:0.21
MouseHandler:0.19
BrowserJTree:0.17666666666666667
VFSFileChooserDialog:0.15
Entry:0.14666666666666667
PluginTableModel:0.14333333333333334
TextRenderer:0.08666666666666667
PluginManagerOptionPane:0.07416666666666667
MirrorModel:0.07
BrowserOptionPane:0.041666666666666664
DownloadMirrorsThread:0.02
KeyHandler:0.0025
