FileCache:0.41333333333333333
Archive:0.2866666666666667
CategoryManager:0.25666666666666665
DefaultPreview:0.23333333333333334
LazyCategoryManagerHolder:0.16194444444444445
LazyLinkifyHolder:0.16194444444444445
LazyArchiveHolder:0.16194444444444445
LazyDefaultPreviewHolder:0.16194444444444445
LazyFileCacheHolder:0.16194444444444445
Linkify:0.15444444444444444
