Table:0.4583333333333333
Result:0.45666666666666667
Expression:0.44333333333333336
jdbcResultSet:0.37333333333333335
View:0.29333333333333333
ResultConstants:0.28833333333333333
jdbcCallableStatement:0.24666666666666667
CompiledStatement:0.23666666666666666
Select:0.23666666666666666
Session:0.22
jdbcResultSetMetaData:0.20666666666666667
jdbcPreparedStatement:0.2
HSQLClientConnection:0.19666666666666666
ResultMetaData:0.17666666666666667
CompiledStatementExecutor:0.16
DatabaseScript:0.13333333333333333
