WikiException:0.06777175
Environment:0.035563055
