MDialog:0.65
MButton:0.31666666666666665
MWizardDialog:0.29333333333333333
GHNSDialog:0.2866666666666667
NewFolderDialog:0.215
NewFileDialog:0.1988888888888889
VersionPanel:0.14333333333333334
StaticButtonHandler:0.02
