Colony:0.28367576
Unit:0.2687198
Tile:0.22752424
IndianSettlement:0.22427441
ColonyTile:0.22083133
Settlement:0.19690248
Building:0.19533752
Market:0.16254315
Europe:0.16208903
Game:0.12804969
GoodsContainer:0.12422021
Map:0.12399153
TradeRoute:0.12344304
Specification:0.12230323
PlayerExploredTile:0.11419675
Resource:0.112768054
TileImprovement:0.10290339
Goods:0.10255962
TileType:0.10183451
TileItemContainer:0.101064526
Monarch:0.10060343
UnitType:0.09798694
Location:0.09548307
MarketData:0.091568604
FoundingFather:0.090308376
SimpleCombatModel:0.0875607
LastSale:0.08652734
GoodsType:0.08178187
LostCityRumour:0.07588345
ModelMessage:0.07486803
FreeColGameObject:0.06861224
Region:0.06548343
NationSummary:0.064658605
FreeColGameObjectType:0.06369353
HighScore:0.06235924
FeatureContainer:0.060204856
NationType:0.057887994
FreeColObject:0.055146076
TradeItem:0.05351287
Operand:0.050051298
BuildableType:0.049927242
DiplomaticTrade:0.04930738
AbstractGoods:0.04578989
NationOptions:0.044620004
Tension:0.04436046
WorkLocation:0.044205215
EquipmentType:0.04392964
HistoryEvent:0.04382886
Feature:0.041210715
StringTemplate:0.04062366
PathNode:0.040172547
Modifier:0.03953867
GoodsTradeItem:0.039465107
SettlementType:0.0359634
UnitTradeItem:0.03526056
ColonyTradeItem:0.033528302
GoldTradeItem:0.033020858
Limit:0.033013508
UnitTypeChange:0.032508727
Ownable:0.032481182
Ability:0.03191774
AbstractUnit:0.03088728
StanceTradeItem:0.030857362
Nation:0.027852455
GameOptions:0.026302915
TypeCountMap:0.016955227
Nameable:0.016287973
FreeColGameObjectListener:0.009548725
