MIcon:0.41833333333333333
ImageEditor:0.37333333333333335
MTable:0.37333333333333335
WikiPanel:0.34833333333333333
