MetaInfo:0.6366666666666667
AbstractFS:0.39666666666666667
FSHelper:0.36333333333333334
Editor:0.35
VersionControl:0.28
TodoWidget:0.25666666666666665
MountManager:0.21
FeedsFS:0.20333333333333334
VirtualFileMetaInfo:0.19666666666666666
TreeFS:0.19
TrashFS:0.18833333333333332
ImportExport:0.18666666666666668
FolderMetaInfo:0.17
Main:0.08
DynamicFolderMetaInfo:0.023333333333333334
PasteForm:0.0
