UI:0.9833333333333333
DefaultPreview:0.20666666666666667
ItemRenderer:0.19333333333333333
WidgetDesktopIconUI:0.17222222222222225
DayButton:0.15555555555555556
CompletionWindow:0.13555555555555554
