MTextFieldPanel:0.5883333333333334
SearchFS:0.5166666666666667
QueryEditor:0.38333333333333336
SearchBar:0.2
