MRenderer:0.8
MMessage:0.4
FSHelper:0.31
LookAndFeelSettings:0.22333333333333333
DeskletLoader:0.20666666666666667
