SimpleCombatModel:0.42467922
Game:0.08167995
Colony:0.07474376
IndianSettlement:0.06907805
Settlement:0.058689952
Tile:0.056453194
Unit:0.05503504
FreeColGameObject:0.05414247
Modifier:0.004629662
NationSummary:0.00431776
