SearchAndReplace:0.29225624
View:0.20687796
SearchDialog:0.1844048
Buffer:0.098635465
EditPane:0.08363928
JEditTextArea:0.079198465
StatusBar:0.07496414
HistoryTextField:0.074060544
jEdit:0.06960585
Selection:0.02304832
Log:0.019498862
RolloverButton:0.017387114
CurrentBufferSet:0.012879419
