Table:0.42
HsqlDateTime:0.365
Expression:0.36333333333333334
Select:0.36
Log:0.3566666666666667
Trace:0.3333333333333333
Tokenizer:0.305
Constraint:0.25
Session:0.22666666666666666
DatabaseCommandInterpreter:0.22333333333333333
TableFilter:0.21666666666666667
Library:0.20666666666666667
Logger:0.20333333333333334
DatabaseInformationFull:0.2
View:0.2
TableWorks:0.19
Database:0.17666666666666667
Collector:0.16
