ColopediaPanel:0.6044444444444443
ColonyPlan:0.3948888888888889
