Tabs:0.36
TodoEditorCore:0.36
FileCache:0.23833333333333334
ImportExport:0.23333333333333334
MTimer:0.18333333333333332
ItemComparator:0.18
TextHighligther:0.17666666666666667
