jEdit:0.07403381
EnhancedCheckBoxMenuItem:0.071133845
Buffer:0.07083377
EnhancedMenuItem:0.06929429
JEditTextArea:0.066709
View:0.06642509
EditPane:0.052613534
EnhancedButton:0.041977506
BufferOptions:0.039826542
DisplayManager:0.037928768
Abbrevs:0.036877584
ActionBar:0.03667795
SearchBar:0.034487296
Macros:0.031196704
SearchAndReplace:0.027282408
InputHandler:0.02455415
MiscUtilities:0.021780575
WorkThreadProgressListener:0.019600142
WorkThreadPool:0.019529069
VFSManager:0.018277325
Mode:0.017194856
RecentFilesProvider:0.016180541
RecentDirectoriesProvider:0.015296059
DefaultInputHandler:0.013790666
OperatingSystem:0.010870108
