UI:0.6366666666666667
Style:0.2833333333333333
MText:0.2581111111111111
MComboBox:0.23333333333333334
MPanel:0.22
MList:0.21222222222222223
MTextLabel:0.20666666666666667
MColor:0.18
