Style:0.6466666666666666
MNotification:0.41333333333333333
DragAdapter:0.2966666666666667
