Plugin:0.5266666666666666
AbstractFS:0.4972222222222222
Main:0.23166666666666666
