MDialog:0.5466666666666666
MWizard:0.4266666666666667
Backup:0.36666666666666664
TaskPanel:0.31
