Figure:0.30722654
AbstractCompositeFigure:0.30594942
CompositeFigure:0.29272893
DrawingView:0.27691096
DrawingEditor:0.21375476
AbstractDrawing:0.20429827
LabeledLineConnectionFigure:0.1914023
QuadTreeDrawing:0.17934585
DefaultDrawing:0.17829415
AbstractFigure:0.16959396
GraphicalCompositeFigure:0.14895712
DefaultDrawingViewTransferHandler:0.1348887
DefaultDrawingView:0.13296294
LineConnectionFigure:0.12861153
AttributeKeys:0.05469657
DefaultDrawingEditor:0.049350444
