Player:0.2201814
Colony:0.2189047
ColonyTile:0.20793638
Building:0.18616197
Tile:0.18317391
Europe:0.16474044
IndianSettlement:0.15046346
Settlement:0.14638753
UnitType:0.13167593
Map:0.12427859
SimpleCombatModel:0.11505924
Goods:0.11128523
TileImprovementType:0.09795771
PathNode:0.095844716
TradeRoute:0.09073383
Location:0.08999947
TileItemContainer:0.0893945
GoodsContainer:0.08572373
EquipmentType:0.08513712
TileImprovement:0.08152855
Specification:0.07893083
PlayerExploredTile:0.073399976
Locatable:0.065694645
LostCityRumour:0.058529302
Game:0.056170017
TileItem:0.05279044
GoodsType:0.048634976
WorkLocation:0.042880934
Consumer:0.04200951
FeatureContainer:0.038619213
FreeColGameObject:0.0361925
FreeColGameObjectType:0.0340879
FreeColObject:0.033526596
TradeItem:0.03089453
CombatModel:0.030733775
GoodsTradeItem:0.030506978
UnitTradeItem:0.030125732
Feature:0.029916065
StringTemplate:0.02933922
AbstractGoods:0.029275063
Modifier:0.026442744
Ownable:0.024145791
SettlementType:0.023962425
Ability:0.023515396
BuildableType:0.023087122
NationSummary:0.022878742
Turn:0.019007385
NationType:0.017622916
Nameable:0.010582995
TypeCountMap:0.009210288
FreeColGameObjectListener:0.003301462
