CoolHeader:0.08173725
MApplication:0.070469014
MSmallButton:0.0702169
MLabel:0.06613247
MMainWindow:0.06590297
MLogger:0.06413532
MMessage:0.052219417
MText:0.046426143
MPanel:0.043320633
MIcon:0.037694488
MTimer:0.035773814
MainView:0.035434067
MWhatsThis:0.035265774
MHighlighter:0.034667335
UI:0.03430589
MSwingWorker:0.02773686
TK:0.027049152
MWebBrowserPanel:0.026670855
Flags:0.019482454
MouseGestures:0.017015109
MFrame:0.013562943
IntegerProperty:0.011381673
