Canvas:0.8266666666666667
GUI:0.5433333333333333
CanvasMouseListener:0.26666666666666666
