DOMStorableInputOutputFormat:0.29276943
SerializationInputOutputFormat:0.25231427
ImageInputFormat:0.23275918
TextInputFormat:0.21531862
PictImageInputFormat:0.19826448
DefaultDrawingViewTransferHandler:0.14417806
Drawing:0.10619388
AbstractDrawing:0.07035704
CompositeFigure:0.062177584
AttributeKey:0.040935215
