PluginMenu:0.5797777777777778
MainWindow:0.55
FeedsFSPlugin:0.4
TreePanel:0.3933333333333333
