RowInputBase:0.20791472
RowInputInterface:0.12596153
