TK:0.8933333333333333
Net:0.2922222222222222
HTMLAutodiscovery:0.25333333333333335
MTextPane:0.2188888888888889
FileSelection:0.16333333333333333
TestTK:0.155
