MApplication:0.09649562
MCellTip:0.06884995
MWhatsThis:0.06799386
MComponent:0.06762346
MIcon:0.06077715
MLabel:0.058717776
MTextField:0.05566644
MGraphics:0.05431507
Config:0.0530344
MTabbedPane:0.050739
MColorIcon:0.050605282
MPanel:0.047947627
MButton:0.047074344
MLogger:0.046371616
MList:0.040213272
MToolBar:0.039590172
MDialog:0.03933557
MColorChooser:0.038058676
TK:0.036845975
MMenu:0.036488794
MHighlighter:0.035777595
MDesktopPane:0.035234097
MSeparator:0.03487105
ImageBorder:0.034794774
MCalendarPanel:0.03430563
MRenderer:0.032825906
OS:0.03221452
MAboutDialog:0.031433593
MColor:0.03119256
ImageSelection:0.029564556
MText:0.029046144
Property:0.028130041
Watermark:0.028089916
MAction:0.027960492
MComboBox:0.027269028
MSizeGrip:0.027233513
BooleanProperty:0.02706119
MFrame:0.025589248
MouseGestures:0.025129825
MMessage:0.024981927
MStatusBar:0.024925983
MURLButton:0.024536408
MTable:0.02440386
MSplashScreen:0.023932919
AbstractSpinner:0.023492785
MInternalFrame:0.023031734
MTogglePanel:0.022817712
MWindow:0.022444017
ColorProperty:0.022093292
MScrollPane:0.021988055
CoolHeader:0.021580061
MSettingsDialog:0.020952886
MActionInfo:0.020838015
MTip:0.01958064
MFontChooser:0.019240513
MWizardDialog:0.018362941
MRating:0.018180424
MNotification:0.017921813
MSmallColorChooser:0.017799292
MSmallColorButton:0.016944345
MWebBrowserPanel:0.01692297
MFileChooser:0.016216232
MMultiPanel:0.015820626
MSystemTray:0.015766423
MTextFieldPanel:0.015502007
MTree:0.014969791
MFlipPanel:0.014955379
MIconChooser:0.01449951
MPasswordField:0.0142967
MMainWindow:0.013143401
IntegerProperty:0.0130494125
MButtonPanel:0.012671229
MMouseAdapter:0.0121254
MSplitPane:0.011956545
MTextPane:0.011874161
MApplet:0.011712466
Item:0.011335081
Preloader:0.01117127
SimpleButtonUI:0.010781468
MTableHeader:0.010523223
MFontButton:0.010398757
MTextArea:0.009605314
EnumProperty:0.009597544
Flags:0.009270408
WindowDragAdapter:0.008670168
AbstractListTableModel:0.008157007
MArrayList:0.007937786
MSmallButton:0.00785952
MSlider:0.007168535
MToggleButton:0.006821673
MFormattedTextField:0.0065769525
MTextLabel:0.0062760124
FontProperty:0.0059569813
Gettext:0.0058684493
MEditorPane:0.0058610127
MSearchPanel:0.005269996
MCheckBox:0.0050394502
MAuthenticator:0.0045343684
MColorChooserPanel:0.004499338
MMenuBar:0.0034701568
MMenuItem:0.0034595851
MRadioButton:0.0034417273
WTFError:0.003149592
MProgressBar:0.0013637467
