ProjectProperties:0.5
Segmenter:0.44666666666666666
TMXReader:0.39
FilterMaster:0.2966666666666667
SegmenterTest:0.21000000000000002
TMXWriter:0.12
