FeedsFS:0.47
ArticleMetaInfo:0.44166666666666665
Filters:0.4216666666666667
FeedViewer:0.27666666666666667
FeedThread:0.26866666666666666
Criteria:0.2677777777777778
ArticleList:0.19666666666666668
