AnsiQueryHandler:0.88
DB2400QueryHandler:0.18333333333333332
DB2QueryHandler:0.16333333333333333
OracleQueryHandler:0.16333333333333333
H2QueryHandler:0.16
MSSqlQueryHandler:0.16
PostgresQueryHandler:0.16
HSqlQueryHandler:0.16
MySqlQueryHandler:0.16
SybaseASAQueryHandler:0.16
