LinkUtil:0.49666666666666665
Utilities:0.49333333333333335
WikiLink:0.47333333333333333
ParserUtil:0.37333333333333335
WikiBase:0.30666666666666664
JAMWikiServlet:0.30333333333333334
EditServlet:0.185
UploadServlet:0.15333333333333332
JAMWikiParser:0.15
UpgradeServlet:0.14
TranslationServlet:0.13
CategoryServlet:0.09333333333333334
LinkTag:0.07666666666666666
