Player:0.5833333333333334
Unit:0.37666666666666665
DiplomaticTrade:0.24666666666666667
TradeItem:0.24666666666666667
NegotiationDialog:0.23
ColonyTradeItemPanel:0.21000000000000002
GoodsTradeItemPanel:0.21000000000000002
StanceTradeItemPanel:0.19777777777777777
GoldTradeItemPanel:0.17444444444444446
