GUI:0.7
ProductionMultiplesLabel:0.3180555555555556
ProductionLabel:0.27416666666666667
UnitLabel:0.23333333333333334
DifficultyDialog:0.19666666666666666
ClientOptionsDialog:0.19
