FatherDetailPanel:0.5033333333333333
ColopediaPanel:0.48
FoundingFatherPanel:0.44333333333333336
