TK:0.7766666666666666
UI:0.57
AbstractMarkupBuilder:0.22666666666666666
FeedThread:0.22333333333333333
Button:0.20333333333333334
MSmallColorButton:0.19333333333333333
