Building:0.67
Colony:0.6666666666666666
ProductionLabel:0.33666666666666667
BuildingsPanel:0.23111111111111116
