GUIUtilities:0.5333333333333333
FileCellRenderer:0.3433333333333333
ParentDirectoryRenderer:0.23666666666666666
LoadSaveOptionPane:0.23333333333333334
BufferIORequest:0.20666666666666667
