MainWindowMenuShortcuts:0.03725573
MainWindowMenuHandler:0.011341653
MainWindow:0.009767529
IMainMenu:0.007546662
