Tree:0.33666666666666667
MTreeItem:0.3
Query:0.20666666666666667
MTreeModel:0.20333333333333334
SummaryPanel:0.17333333333333334
Renderer:0.15666666666666668
SummaryData:0.15416666666666667
