ImageEditorCore:0.45
Index:0.2966666666666667
ImageEditorPlugin:0.2866666666666667
DefaultPreview:0.28
ImageEditor:0.22166666666666668
InsertImageAction:0.21
