Specification:0.55
ImprovementAction:0.48
TileImprovement:0.36
TileItemContainer:0.31666666666666665
ImprovementActionType:0.30333333333333334
MapControls:0.23111111111111116
Xml:0.2088888888888889
ActionManager:0.20333333333333334
DetermineHighSeasAction:0.20166666666666666
InGameMenuBar:0.17333333333333334
