jdbcPreparedStatement:0.15511213
jdbcConnection:0.14727032
jdbcStatement:0.14335108
jdbcCallableStatement:0.1428537
jdbcResultSet:0.13483827
jdbcDatabaseMetaData:0.12506974
jdbcParameterMetaData:0.11874608
jdbcClob:0.11353721
jdbcResultSetMetaData:0.10541074
jdbcBlob:0.096171364
jdbcSavepoint:0.08894023
