Database:0.7666666666666667
ParserDDL:0.4066666666666667
ServerConnection:0.31333333333333335
