Unit:0.6233333333333333
Player:0.5366666666666666
UnitType:0.44666666666666666
