Version:0.5
About:0.45
MApplication:0.4
MAboutDialog:0.35333333333333333
Builder:0.33666666666666667
VersionInfo:0.27051984126984113
Tester:0.23666666666666666
MMainWindow:0.2
HelpGenerator:0.18333333333333332
SDK:0.12
AboutAction:0.08333333333333333
