TextCache:0.7416666666666667
Log:0.4266666666666667
ScaledRAFileInJar:0.21
