BezierNodeHandle:0.4533333333333333
DefaultHandleTracker:0.44
EventHandler:0.31333333333333335
