MainWindow:0.49
TreePanel:0.38
PropertiesDialog:0.37666666666666665
PropertiesPanel:0.33666666666666667
MFlipPanel:0.33
FadeEffect:0.32
FindNextAction:0.25666666666666665
FindAction:0.25666666666666665
LabelMenuAction:0.23333333333333334
VerticalMoveEffect:0.14333333333333334
PropertiesAction:0.08666666666666667
DefaultIconAction:0.06333333333333334
ImageEffect:0.04
MoveEffect:0.023333333333333334
HorizontalMoveEffect:0.0
