ParserDQL:0.48333333333333334
CharArrayWriter:0.48333333333333334
JDBCPreparedStatement:0.35333333333333333
JDBCCallableStatement:0.28
RangeIteratorMain:0.23666666666666666
