Desktop:0.5866666666666667
NoteWidgetPlugin:0.37333333333333335
MDataTransfer:0.2866666666666667
