IndianSettlement:0.5533333333333333
Settlement:0.5041666666666667
ServerIndianSettlement:0.28777777777777774
SettlementType:0.2733333333333333
