XLIFFFilter:0.048803132
XLIFFOptions:0.024723224
