InGameMenuBar:0.7881208
FreeColMenuBar:0.4643523
