Player:0.8488888888888888
DemotionTest:0.25333333333333335
