WikiUtil:0.7266666666666667
ServletUtil:0.35333333333333333
ImageLinkTag:0.24888888888888885
