FileUtil:0.4597913
FileArchiver:0.13598922
