Unit:0.5933333333333334
ModelController:0.5264444444444445
Colony:0.31666666666666665
Building:0.26
Player:0.25333333333333335
ColonyTile:0.18666666666666668
ServerModelController:0.08333333333333333
ClientModelController:0.06166666666666667
