Mission:0.5133333333333333
TransportMission:0.2833333333333333
PioneeringMission:0.24333333333333335
WishRealizationMission:0.23666666666666666
BuildColonyMission:0.23666666666666666
PrivateerMission:0.20333333333333334
CashInTreasureTrainMission:0.19666666666666666
ScoutingMission:0.19666666666666666
UnitSeekAndDestroyMission:0.19666666666666666
DefendSettlementMission:0.19666666666666666
IndianBringGiftMission:0.175
IndianDemandMission:0.17
UnitWanderHostileMission:0.13666666666666666
IdleAtColonyMission:0.13666666666666666
