ColopediaPanel:0.38
ColonyPanel:0.29
BuildQueuePanel:0.28
TilePanel:0.27666666666666667
CompactLabourReport:0.25666666666666665
ReportPanel:0.24666666666666667
ConstructionPanel:0.22
FreeColLookAndFeel:0.15666666666666668
DifficultyDialog:0.14
WarehouseGoodsPanel:0.12666666666666668
OptionGroupUI:0.12333333333333334
ReportIndianPanel:0.11
ReportTradePanel:0.08333333333333333
