SqlFile:0.6733333333333333
SqltoolRB:0.31833333333333336
SqlTool:0.25666666666666665
