DiplomaticTrade:0.4201748
TradeItem:0.39802432
FreeColGameObject:0.22840211
Game:0.1631121
Player:0.13344833
Colony:0.1265861
Settlement:0.095402256
