DiplomaticTrade:0.448205
TradeItem:0.3924371
Goods:0.30357638
Player:0.15892829
Game:0.15753722
Unit:0.15456831
Settlement:0.1395092
Location:0.043142434
