DiplomaticTrade:0.4530498
TradeItem:0.42309657
FreeColGameObject:0.24810381
Game:0.14640057
Player:0.13258278
Unit:0.095584154
