Tile:0.6333333333333333
TileImprovementType:0.5655555555555556
TileTest:0.06
