Unit:0.81
NationType:0.4266666666666667
Modifier:0.4
SimpleCombatModel:0.3244444444444444
IndianNationType:0.18
EuropeanNationType:0.18
CombatTest:0.06
