ParserRule:0.5466666666666666
VFSDirectoryEntryTable:0.49
XModeHandler:0.41
TokenMarker:0.22333333333333333
FileCellRenderer:0.215
