Tokens:0.62
Expression:0.43333333333333335
OpTypes:0.33322222222222225
ParserDQL:0.30666666666666664
ExpressionOp:0.2277777777777778
CharacterType:0.21666666666666667
ExpressionColumn:0.2
FunctionCustom:0.17444444444444446
ParserDML:0.15333333333333332
StringUtil:0.09833333333333333
