Player:0.82
Map:0.39666666666666667
InGameController:0.25866666666666666
