jEdit:0.03600894
Log:0.015500357
