MLogger:0.5633333333333334
MAction:0.5066666666666667
OS:0.45
AbstractClockWidget:0.25
MSystemTray:0.17777777777777778
