MFontChooser:0.07455983
AbstractIterator:0.058318775
UI:0.05650037
MIconChooser:0.046955086
TK:0.044738207
MSettingsDialog:0.0368897
MCellTip:0.03457956
MMouseAdapter:0.025050946
SimpleListCellRenderer:0.024921201
MMessage:0.02264708
MLogger:0.00816508
