MScrollPane:0.5866666666666667
PrintPreview:0.44333333333333336
PrintDialog:0.30333333333333334
MWebBrowser:0.2833333333333333
ZoomComponent:0.18333333333333332
