ExpressionArithmetic:0.7556646
ExpressionLike:0.62321717
ExpressionLogical:0.59964126
Expression:0.43496066
ExpressionValue:0.3717531
FunctionCustom:0.28656244
SortAndSlice:0.1915489
QuerySpecification:0.18001567
Constraint:0.08579107
ParserDQL:0.03985414
OpTypes:0.03681988
Session:0.0183222
SessionContext:0.009274943
RangeGroup:0.0013509227
Tokens:0.0
