StatementHandler:0.037989557
Statement:0.03633098
ParserDDL:0.033968545
StatementSchema:0.030257626
StatementCompound:0.02762089
Session:0.026516408
StatementSet:0.02641545
TriggerDef:0.02585572
StatementCommand:0.025587108
StatementSimple:0.02553765
ParserCommand:0.025331087
StatementSession:0.024930494
StatementDMQL:0.02453566
ParserRoutine:0.02441162
StatementInsert:0.023685597
StatementQuery:0.023257857
StatementResultUpdate:0.02304479
ParserDML:0.02293322
StatementSignal:0.022838194
StatementExpression:0.02249852
StatementDML:0.02221994
View:0.020627616
StatementProcedure:0.020506658
StatementSchemaDefinition:0.019115059
ParserDQL:0.016632399
ParserTable:0.015325391
