MApplication:0.34
MSpinnerPanel:0.29777777777777775
Task:0.24333333333333335
MDateSpinner:0.21666666666666667
MFrame:0.19333333333333333
PropertyPanel:0.19333333333333333
CountInfo:0.19
MPlusMinusPanel:0.10333333333333333
