AbstractApplication:0.19392185
Application:0.12266951
View:0.0673903
ApplicationModel:0.04276145
Disposable:0.0016679448
