Unit:0.7133333333333334
Tile:0.4633333333333333
InGameController:0.38333333333333336
ImageLibrary:0.34470634920634924
MapControls:0.2733333333333333
UnitButton:0.23
PreGameInputHandler:0.21
GUI:0.17
InGameInputHandler:0.15666666666666668
CanvasKeyListener:0.13666666666666666
TerrainGenerator:0.11
