StaticUtils:0.75
Searcher:0.48333333333333334
StaticUtilsTest:0.29333333333333333
