MPanel:0.09513151
MDialog:0.05616667
MURLButton:0.05162417
MLabel:0.051436547
MTabbedPane:0.040432967
MTextLabel:0.03939569
UI:0.030158307
OS:0.029829035
AppInfo:0.0293566
MMainWindow:0.023313733
FS:0.019441655
TK:0.017012091
MButton:0.012058095
MScrollPane:0.011938741
StringProperty:0.008934862
Property:0.0040507833
