Specification:0.5833333333333334
FoundingFather:0.49333333333333335
AIPlayer:0.38666666666666666
InGameController:0.29
