GoodsType:0.4066666666666667
TileType:0.3333333333333333
ResourceType:0.32
TileImprovementType:0.31333333333333335
Specification:0.31
