MetaInfo:0.8233333333333334
OPMLWriter:0.26666666666666666
FeedsFS:0.26
MTreeScanner:0.22055555555555556
