Option:0.6233333333333333
FreeColClient:0.32166666666666666
FreeColAction:0.2833333333333333
OptionGroupUI:0.21666666666666667
OptionsDialog:0.215
AbstractOption:0.19
PercentageOption:0.18333333333333332
ListOptionUI:0.18
PercentageOptionUI:0.17666666666666667
RangeOptionUI:0.17666666666666667
IntegerOptionUI:0.17333333333333334
AbstractUnitOptionUI:0.17333333333333334
FileOptionUI:0.15666666666666668
BooleanOptionUI:0.15666666666666668
AudioMixerOptionUI:0.15666666666666668
StringOptionUI:0.15333333333333332
SelectOptionUI:0.15
LanguageOptionUI:0.15
FreeColActionUI:0.09753968253968254
OptionUpdater:0.013333333333333334
