NotepadEditorDesigner:0.49166666666666664
ImageEditorDesigner:0.47
ToolButton:0.38666666666666666
