ColumnManager:0.5866666666666666
Kiosk:0.545611111111111
MTableHeader:0.2733333333333333
PrintTableCellRenderer:0.1163888888888889
StaticHandler:0.04
