ClientOptions:0.47
InGameController:0.42333333333333334
UnitMoveAnimation:0.31333333333333335
InGameInputHandler:0.23666666666666666
