PreGameInputHandler:0.39172843
InGameInputHandler:0.26443905
Controller:0.13463333
