ServerAPI:0.15061766
DOMMessage:0.11992959
Connection:0.042410575
