FreeColTransparentPanelUI:0.006646989
FreeColToolTipUI:0.003437796
FreeColButtonUI:0.0021917645
FreeColMenuBarUI:0.0017291422
FreeColTableHeaderUI:0.0016587719
FreeColPopupMenuUI:0.0016529793
FreeColRadioButtonUI:0.0012099994
FreeColTableUI:0.0011973594
FreeColScrollPaneUI:0.0011946219
FreeColTextAreaUI:0.0011805564
FreeColTextFieldUI:0.0011598703
FreeColPanelUI:0.0011497586
FreeColMenuItemUI:0.0010969192
FreeColCheckBoxUI:0.0010779377
FreeColComboBoxUI:0.0010478823
FreeColLabelUI:8.6208485E-4
FreeColListUI:7.8320206E-4
