ServerAPI:0.093682915
DOMMessage:0.049816713
Connection:0.016536783
