MIconChooser:0.45
CategoryManager:0.4066666666666667
MIconButton:0.29333333333333333
CategoryPropertiesPanel:0.2866666666666667
