TopicVersion:0.49333333333333335
DatabaseHandler:0.38333333333333336
PersistencyHandler:0.3433333333333333
FileHandler:0.32666666666666666
ContributionsServlet:0.19333333333333333
