Right:0.43666666666666665
ColumnSchema:0.39666666666666667
Grantee:0.3466666666666667
DatabaseInformationFull:0.29333333333333333
ParserRoutine:0.2122222222222222
