EditorPlugin:0.6733333333333333
MainWindow:0.38666666666666666
TreeFS:0.30333333333333334
NewFileAction:0.17333333333333334
