ImageLibrary:0.5283333333333333
UnitButton:0.4266666666666667
MiniMap:0.3233333333333333
FreeColClient:0.3
