SummaryData:0.6266666666666667
Reminder:0.56
SummaryPanel:0.29333333333333333
