Specification:0.5066666666666667
ModelMessage:0.35333333333333333
FoundingFather:0.3333333333333333
PersistentObject:0.21
