RolloverButton:0.11517743
EditAction:0.114232324
GUIUtilities:0.08181078
StatusBar:0.05032546
View:0.015026821
