HelpTOCPanel:0.1123263
HelpSearchPanel:0.09767596
jEdit:0.07202892
GUIUtilities:0.056632258
MiscUtilities:0.031964254
Log:0.011492537
RolloverButton:0.006398692
