HistoryTextField:0.14271295
jEdit:0.09332502
ShowRecentDirMenu:0.06751319
RecentDirectoriesMenu:0.05789923
Log:0.057089336
VFSBrowser:0.053538766
PastePrevious:0.05023299
Registers:0.048706774
MiscUtilities:0.04673461
View:0.020763366
