JARClassLoader:0.13778496
jEdit:0.1252584
PluginList:0.11173115
PluginManagerProgress:0.108147174
PluginManager:0.09276722
MiscUtilities:0.08872581
EditPlugin:0.066018075
InstallPluginsDialog:0.043872975
GUIUtilities:0.04257863
Log:0.026774049
