Building:0.6466666666666666
ColonyTile:0.5433333333333333
AIColony:0.27
ColonyPlan:0.24222222222222223
