MApplication:0.6566666666666666
MMessage:0.44666666666666666
Console:0.35
DeletePrivateDataPlugin:0.17111111111111113
