HelpIndex:0.7952777777777779
HelpTOCPanel:0.4486111111111111
