Set:0.055538908
Collection:0.05079258
Iterator:0.02058144
