ResultConstants:0.10548168
ResultLob:0.0747842
ResultMetaData:0.06962452
ResultProperties:0.0121564455
