Result:0.13269186
ResultConstants:0.1049175
