SegmentBuilder:0.6266666666666667
EditorUtils:0.29833333333333334
TransTips:0.2833333333333333
