MainWindow:0.36333333333333334
TreeFS:0.3566666666666667
Widget:0.3333333333333333
ImportExport:0.31666666666666665
