Editor:0.5316666666666666
PropertyPanel:0.5233333333333333
PluginSettings:0.42333333333333334
ScriptIDE:0.26666666666666666
