Canvas:0.43
InGameController:0.3433333333333333
HighScore:0.31666666666666665
InGameInputHandler:0.2833333333333333
ActionManager:0.2633333333333333
FreeColServer:0.22666666666666666
ReportForeignAffairPanel:0.20333333333333334
MainPanel:0.17333333333333334
ReportHighScoresAction:0.17
InGameMenuBar:0.13333333333333333
RetireAction:0.08666666666666667
ReportHighScoresPanel:0.085
