AnsiDataHandler:0.65
QueryHandler:0.4683333333333333
AnsiQueryHandler:0.30666666666666664
