Task:0.5316666666666666
VCalendar:0.33666666666666667
CalendarEntry:0.22666666666666666
