Widget:0.6366666666666667
NoteWidget:0.37416666666666665
WidgetInternalFrame:0.2966666666666667
NoteWidgetPlugin:0.22666666666666666
CalendarWidgetPlugin:0.21333333333333335
CalendarComponent:0.18
OptionsPanel:0.17333333333333334
StaticMenuAdapter:0.11333333333333333
