HistoryTextField:0.5166666666666667
SearchDialog:0.37666666666666665
EnhancedDialog:0.13666666666666666
KeyHandler:0.11111111111111109
HistoryTextArea:0.11
