MMenu:0.7233333333333334
MMenuAdapter:0.47
TreePanel:0.3466666666666667
MainWindow:0.32
QueryEditor:0.2
MText:0.18333333333333332
CalendarWidget:0.15666666666666668
Submenu:0.09666666666666666
