MDesktopPane:0.221031
MMouseAdapter:0.06414191
MMenu:0.05922267
MPanel:0.05150082
UI:0.039629627
MApplication:0.03090196
MIcon:0.013519706
TK:0.010969149
MLogger:0.0039397036
