Map:0.57
Monarch:0.34
RandomChoice:0.29333333333333333
InGameController:0.27
AIMain:0.2633333333333333
FreeColServer:0.23666666666666666
ServerModelController:0.22666666666666666
MapGenerator:0.21666666666666667
UnitTest:0.19333333333333333
LandGenerator:0.19
MapTest:0.18333333333333332
TerrainGenerator:0.18333333333333332
MockModelController:0.16166666666666665
PreGameController:0.1577777777777778
ServerTestHelper:0.15666666666666668
River:0.15666666666666668
