MPasswordField:0.5833333333333334
PropertyPanel:0.36666666666666664
StaticHandler:0.2966666666666667
FeedsFSPlugin:0.2758333333333333
MColorButton:0.24333333333333335
ConsoleConfig:0.23666666666666666
