FreeColDialog:0.16223827
FreeColPanel:0.16115376
