FreeColPanel:0.07289617
FreeColDialog:0.0569113
UnitLabel:0.026710736
