RealProject:0.23655614
IProject:0.11582912
NotLoadedProject:0.09949367
SourceTextEntry:0.05903793
TMXEntry:0.058376282
ProjectProperties:0.026426112
EntryKey:0.022884287
