Editor:0.48333333333333334
MFileChooser:0.31666666666666665
TodoEditorCore:0.2733333333333333
Tree:0.2633333333333333
ItemRenderer:0.23333333333333334
