AbstractFS:0.5266666666666666
MountPanel:0.51
NewFolderDialog:0.2866666666666667
PropertiesPanel:0.2733333333333333
