IntegerProperty:0.17175895
Property:0.09348568
TK:0.042168178
AppInfo:0.03129377
