OS:0.09179091
Important:0.018500147
