UI:0.7033333333333334
FileCache:0.33666666666666667
DefaultPreview:0.28
ItemRenderer:0.17111111111111113
Info:0.1577777777777778
