Colony:0.61
Unit:0.5133333333333333
Tile:0.3933333333333333
ColonyPanel:0.36333333333333334
GoodsContainer:0.3466666666666667
OutsideColonyPanel:0.20333333333333334
InPortPanel:0.20111111111111113
WarehousePanel:0.2011111111111111
PopulationPanel:0.18
BuildingsPanel:0.12444444444444443
TilePanel:0.12
