Row:0.3933333333333333
Cache:0.38333333333333336
BaseHashMap:0.31666666666666665
RowAction:0.26666666666666666
ExpressionColumn:0.25355555555555553
TransactionManager:0.24
RangeVariable:0.22333333333333333
RowAVLDisk:0.22
ExpressionAggregate:0.20555555555555557
