MActionInfo:0.7133333333333334
Dialog:0.22
SearchBar:0.2
FindAction:0.10666666666666667
