FilterMaster:0.52
AbstractFilter:0.37333333333333335
FilterEditor:0.37
FiltersCustomizer:0.2833333333333333
TextFilter:0.25333333333333335
HTMLFilter2:0.25333333333333335
OpenDocFilter:0.25333333333333335
OpenXMLFilter:0.25333333333333335
PluginUtils:0.21333333333333335
MainWindowMenuHandler:0.18333333333333332
XHTMLFilter:0.17333333333333334
ConvertConfigs:0.12
FiltersTableModel:0.11416666666666667
OneFilterTableModel:0.0775
LookupInformation:0.03333333333333333
