AbstractAutoCompleterView:0.7922222222222222
AutoCompleterTableView:0.6077777777777779
