GUI:0.09578386
FreeColMenuBar:0.050781578
TilePopup:0.026900673
CanvasMouseMotionListener:0.011543476
CanvasMouseListener:0.007787386
FullScreenFrame:0.007417959
GUIMessage:0.00710774
CanvasKeyListener:0.0057991506
WindowedFrame:0.004234434
WindowedFrameListener:8.943549E-4
