Canvas:0.07120642
GUI:0.018300662
