Token:0.42833333333333334
Expression:0.36
Log:0.29333333333333333
Library:0.27666666666666667
Column:0.2633333333333333
ScaledRAFile:0.26166666666666666
ScaledRAFileInJar:0.22666666666666666
DataFileCache:0.224
Parser:0.2225
HsqlDateTime:0.19333333333333333
Tokenizer:0.105
