Canvas:0.45666666666666667
AbstractOption:0.3
IntegerOption:0.27
BooleanOption:0.27
OptionGroupUI:0.26
OptionUpdater:0.2311111111111111
StartGamePanel:0.22333333333333333
GameOptionsDialog:0.22333333333333333
SelectOption:0.20333333333333334
MapGeneratorOptionsDialog:0.19666666666666666
ClientOptionsDialog:0.17
FreeColActionUI:0.16642857142857143
PreGameInputHandler:0.15333333333333332
SelectOptionUI:0.13333333333333333
IntegerOptionUI:0.12333333333333334
OptionMapUI:0.11333333333333333
BooleanOptionUI:0.09333333333333334
