AnsiDataHandler:0.3
ParserException:0.2633333333333333
JAMWikiModel:0.23333333333333334
JFlexLexer:0.23
WikiHeadingTag:0.21
TemplateTag:0.18666666666666668
WikiLinkTag:0.11777777777777776
HtmlLinkTag:0.08333333333333333
WikiReferenceTag:0.07666666666666666
JFlexParserTag:0.045
WikiSignatureTag:0.03666666666666667
JavascriptTag:0.016666666666666666
WikiReferencesTag:0.006666666666666667
WikiBoldItalicTag:0.005555555555555555
IncludeOnlyTag:0.0033333333333333335
NoIncludeTag:0.0
