ClobDataID:0.6949432
BlobData:0.36054033
BinaryData:0.3253838
BlobType:0.1456711
BlobInputStream:0.12033347
