ClobDataID:0.52937406
LobData:0.30991498
ClobType:0.21334743
ClobInputStream:0.20097248
CharacterType:0.19214387
NumberType:0.0780358
