BlobDataID:0.6260529
ClobData:0.27061042
ClobInputStream:0.10728245
ClobType:0.078567006
