Message:0.07865048
Connection:0.020506458
