Message:0.10178543
Connection:0.01948236
