ClientOptions:0.05184844
Worker:0.0033612766
