Colony:0.79
ColonyPlan:0.4033333333333333
AIColony:0.2886666666666666
