Log:0.21678647
LockFile:0.10193444
DataFileCache:0.091652654
HsqlDatabaseProperties:0.050593436
