MText:0.6283333333333333
CompoundFilter:0.2733333333333333
BeanProperty:0.19333333333333333
