Canvas:0.5633333333333334
InGameController:0.4955555555555555
InGameInputHandler:0.38
