Figure:0.57
SimpleDrawingView:0.24
RotateHandle:0.185
MoveHandle:0.185
BoundsInLocalOutlineHandle:0.185
StyleableMap:0.18333333333333332
AbstractFigure:0.18
RectangleFigure:0.16333333333333333
StrokeableFigure:0.14833333333333334
StyledValue:0.145
SimpleStyleablePropertyBean:0.13666666666666666
BoundsInParentOutlineHandle:0.13
LineOutlineHandle:0.13
PointHandle:0.13
AbstractResizeHandle:0.13
ConnectionPointHandle:0.13
