SimpleCombatModel:0.85
CombatOdds:0.8112698412698413
CombatTest:0.3333333333333333
