RowSetNavigatorDataChange:0.6666666666666666
StatementDML:0.5916666666666667
StatementResultUpdate:0.30083333333333334
