GUIUtilities:0.077347875
View:0.07016126
SearchDialog:0.035689775
