FeedsFSPlugin:0.84
FeedThread:0.3
Settings:0.26666666666666666
MainPanel:0.18666666666666668
