DataFileCache:0.27604863
Cache:0.10780853
HsqlDatabaseProperties:0.10330435
HsqlProperties:0.07389747
Log:0.062780224
PersistentStore:0.054761816
ScaledRAFile:0.053608898
CachedObject:0.033641882
RandomAccessInterface:0.012452941
