Tokens:0.62
Session:0.33666666666666667
ExpressionColumn:0.31666666666666665
FunctionCustom:0.25333333333333335
DataFileCache:0.21444444444444447
ParserCommand:0.19666666666666666
ParserDML:0.18666666666666668
SessionContext:0.18666666666666668
ParserRoutine:0.10666666666666667
OpTypes:0.09333333333333334
