VersionInfo:0.5033333333333333
FeedDownloader:0.46
VersionControl:0.3
VersionDialog:0.14333333333333334
