TableDerived:0.4122222222222222
RangeVariable:0.3875
Expression:0.38
ExpressionColumn:0.32666666666666666
ParserDQL:0.31666666666666665
CompileContext:0.30666666666666664
ParserBase:0.23666666666666666
DataSpaceManagerSimple:0.23333333333333334
TableSpaceManagerBlocks:0.21916666666666668
OrderedIntKeyHashMap:0.21666666666666667
ParserDML:0.18333333333333332
