MTabbedPane:0.8666666666666667
PropertiesPanel:0.41333333333333333
UpdatePlugin:0.32
