Connection:0.19937582
ReceivingThread:0.112273216
ServerAPI:0.09111249
SetGoodsLevelsMessage:0.069595955
GetNationSummaryMessage:0.06868085
MonarchActionMessage:0.0660342
UnloadCargoMessage:0.06510163
GoodsForSaleMessage:0.0647549
LootCargoMessage:0.0644232
BuyPropositionMessage:0.06380118
LoadCargoMessage:0.06296447
UpdateTradeRouteMessage:0.062648304
SetTradeRoutesMessage:0.06232082
SellPropositionMessage:0.06179773
EmigrateUnitMessage:0.060178537
PutOutsideColonyMessage:0.059344485
SetBuildQueueMessage:0.05902555
CashInTreasureTrainMessage:0.058608595
DeclareIndependenceMessage:0.057153627
DisembarkMessage:0.056849007
DisbandUnitMessage:0.05682388
ClearSpecialityMessage:0.05682385
SpySettlementMessage:0.056769297
UpdateCurrentStopMessage:0.056671392
RenameMessage:0.056665
AskSkillMessage:0.056434035
MoveMessage:0.056307852
TrainUnitInEuropeMessage:0.0561546
BuyMessage:0.05611764
ChooseFoundingFatherMessage:0.056100033
BuildColonyMessage:0.056050207
SellMessage:0.056013748
DeclineMoundsMessage:0.055813394
PayArrearsMessage:0.055265766
JoinColonyMessage:0.054932915
ChangeStateMessage:0.054725833
DeliverGiftMessage:0.054533157
IndianDemandMessage:0.054492086
PayForBuildingMessage:0.05410155
ChangeWorkTypeMessage:0.05328181
ChatMessage:0.05204361
SetDestinationMessage:0.05111946
DiplomacyMessage:0.05109054
GetTransactionMessage:0.051082373
SellGoodsMessage:0.05103792
CloseTransactionMessage:0.050995283
AssignTradeRouteMessage:0.05066639
EquipUnitMessage:0.050574336
MoveToMessage:0.05035584
BuyGoodsMessage:0.050079066
AbandonColonyMessage:0.049919132
MissionaryMessage:0.04989397
ClaimLandMessage:0.049872488
LearnSkillMessage:0.047626745
DemandTributeMessage:0.047457483
AttackMessage:0.047432505
ScoutIndianSettlementMessage:0.047180794
ChangeWorkImprovementTypeMessage:0.04695073
NewLandNameMessage:0.046272714
AssignTeacherMessage:0.044432435
InciteMessage:0.043527246
WorkMessage:0.043449212
NewRegionNameMessage:0.04318829
EmbarkMessage:0.039560582
