HsqlArrayList:0.28471285
HsqlDeque:0.22693613
Iterator:0.21387643
HsqlLinkedList:0.117478594
