Canvas:0.060738195
GUI:0.054440554
