Tree:0.475
FeedsFSPlugin:0.3433333333333333
FeedsFS:0.31666666666666665
TreeFS:0.3
PropertiesPanel:0.236
TreePanel:0.22666666666666666
MainWindow:0.22333333333333333
ImportExport:0.22
TypeSelection:0.2
FeedThread:0.19333333333333333
StatsPanel:0.18666666666666668
DnDTransferHandler:0.18333333333333332
ImportMenu:0.15666666666666668
NewFileAction:0.14777777777777779
