Stuff:0.46
PluginDownloader:0.3933333333333333
PluginInstaller:0.30333333333333334
PluginSettings:0.27
Checksum:0.2
