Unit:0.4166666666666667
FreeColGameObject:0.41333333333333333
Player:0.39994444444444444
Europe:0.34
Colony:0.24083333333333334
IndianSettlement:0.1725
