FeedsFS:0.6166666666666667
FeedsFSPlugin:0.41
TodoEditorPlugin:0.3333333333333333
