HsqlArrayList:0.37119317
StringConverter:0.34541804
DoubleIntIndex:0.33517882
IntValueHashMap:0.10093191
