IndexAVLMemory:0.5391424
NodeAVL:0.33339208
Index:0.29345223
