RoutineSchema:0.2340417
SchemaManager:0.15935579
Table:0.14903638
StatementCompound:0.14824028
TriggerDef:0.14812635
FunctionSQLInvoked:0.13499211
ColumnSchema:0.13286893
StatementDMQL:0.12775083
ParserRoutine:0.11537948
HsqlNameManager:0.11318301
Expression:0.11165131
ParserDDL:0.101557255
Schema:0.09977442
StatementSchema:0.09096527
TriggerDefSQL:0.08551414
SchemaObject:0.08541584
SchemaObjectSet:0.08538832
Token:0.083355166
StatementProcedure:0.08232042
SessionContext:0.070710145
ParserDML:0.06993875
Session:0.06664523
Statement:0.06493187
RangeVariable:0.0643417
ParserCommand:0.061555833
Database:0.059972346
ExpressionTable:0.057760965
ParserDQL:0.056553036
ParserBase:0.050182976
Scanner:0.04873643
StatementCommand:0.04673005
TableDerived:0.03944309
TableBase:0.034842573
ColumnBase:0.018353485
SqlInvariants:0.010608576
RangeGroup:0.004203179
Tokens:0.0
