Token:0.25485498
ParserBase:0.10524031
ParserDQL:0.06377706
ParserRoutine:0.058619466
ParserDDL:0.050749358
ParserCommand:0.045073636
HsqlDateTime:0.03157454
Routine:0.0302448
Table:0.028007245
ParserDML:0.025588345
Constraint:0.018967275
Session:0.015791545
View:0.0123251295
Database:0.011795533
ClientConnection:0.008323406
SessionInterface:0.003648324
TableDerived:0.0027217916
Tokens:0.0
