Schema:0.49485996
SchemaObjectSet:0.41272092
Table:0.33464047
StatementSchema:0.33320782
RoutineSchema:0.32002166
SchemaObject:0.29848036
ColumnSchema:0.27792662
TableWorks:0.2649379
Constraint:0.26479244
ParserDDL:0.25895348
Routine:0.25320008
TriggerDef:0.2337261
HsqlNameManager:0.22897564
NumberSequence:0.17566903
StatementSchemaDefinition:0.17399378
ExpressionColumn:0.1586663
StatementCommand:0.15138206
Database:0.12544265
SqlInvariants:0.12364265
ParserDQL:0.11847594
ParserDML:0.11732234
TableUtil:0.111027524
Session:0.10744601
TableDerived:0.10034895
SessionManager:0.093044385
StatementManager:0.08844012
TableBase:0.08174795
SessionContext:0.078609474
TransactionManagerMV2PL:0.06789474
TypeInvariants:0.052863125
TransactionManagerMVCC:0.04641625
SessionData:0.0405621
RowDiskDataChange:0.036747206
TransactionManager2PL:0.03110041
TransactionManager:0.012688141
HsqlException:0.011833842
Row:0.011646826
Tokens:0.0
