ClientConnection:0.23565608
SessionInterface:0.19270395
SessionContext:0.1352713
Database:0.13336161
SessionData:0.09164391
TransactionManagerMVCC:0.084878094
StatementSession:0.08329499
StatementCommand:0.07413051
ParserCommand:0.06393884
StatementManager:0.06287852
Table:0.0604226
TransactionManagerMV2PL:0.060216635
StatementDML:0.05773733
StatementSchema:0.057650488
TransactionManager2PL:0.05629568
Statement:0.055908516
StatementCompound:0.052332707
SchemaManager:0.05188918
StatementSchemaDefinition:0.05112421
StatementDMQL:0.050616447
Routine:0.050152745
Scanner:0.048068892
TextTable:0.044939253
TransactionManagerCommon:0.044677127
QuerySpecification:0.043819085
RowAction:0.043018606
HsqlException:0.042869717
ParserDDL:0.042273402
ParserBase:0.042101286
Constraint:0.041002996
QueryExpression:0.04080683
FunctionCustom:0.04045678
SessionManager:0.039574564
ParserRoutine:0.039541304
DatabaseManager:0.038600434
Expression:0.037953667
HsqlDateTime:0.037410747
TransactionManager:0.037174735
TriggerDef:0.0368542
NumberSequence:0.036654063
StatementSimple:0.03571006
View:0.035294168
TableBase:0.032926366
TableWorks:0.0325027
StatementResultUpdate:0.031603057
StatementSet:0.031290956
ParserDML:0.030645115
TableDerived:0.029131087
ParserDQL:0.028992085
RoutineSchema:0.028800407
ExpressionColumn:0.028797815
ExpressionTable:0.028631395
StatementExpression:0.028433748
StatementProcedure:0.028074116
StatementHandler:0.027877195
RowActionBase:0.027495246
ExpressionLogical:0.026798628
FunctionSQL:0.026500408
RangeVariable:0.025727129
StatementInsert:0.025703909
SetFunction:0.025484268
ColumnSchema:0.024654677
Schema:0.024486443
TriggerDefSQL:0.022262381
StatementQuery:0.02210563
FunctionSQLInvoked:0.021497175
ExpressionAccessor:0.02117384
ExpressionOp:0.02081
ExpressionArrayAggregate:0.01992314
StatementTypes:0.01960167
ExpressionAggregate:0.019192865
StatementCursor:0.01866769
Like:0.018149072
ExpressionLike:0.01798329
RangeVariableJoined:0.017892191
ExpressionArithmetic:0.01759589
ExpressionOrderBy:0.016622314
SchemaObject:0.016550247
SortAndSlice:0.016353099
ExpressionValue:0.013656483
Row:0.013615924
DatabaseURL:0.0113987
RangeVariableResolver:0.010933028
RowDiskDataChange:0.009956535
ExpressionColumnAccessor:0.009182008
Tokens:0.0
