ParserDDL:0.6636575
SchemaManager:0.54402447
TableWorks:0.26209718
StatementCommand:0.25279775
Table:0.25200003
StatementSchemaDefinition:0.24920145
StatementTypes:0.22396572
Database:0.22231282
Routine:0.21242905
SchemaObject:0.19636697
ColumnSchema:0.18954273
Constraint:0.16847302
Statement:0.16021673
View:0.15595418
RoutineSchema:0.14835823
Schema:0.14811693
ParserCommand:0.13846122
TriggerDef:0.13557957
StatementDMQL:0.13533768
Session:0.13443872
NumberSequence:0.13334328
ParserRoutine:0.13164456
Expression:0.11334216
TableBase:0.090963244
ParserBase:0.068068616
SqlInvariants:0.059055444
SessionManager:0.05891809
SessionData:0.057880197
Token:0.053563345
HsqlException:0.037800107
ColumnBase:0.028472684
Row:0.010871475
