Table:0.42152083
Constraint:0.37753415
SchemaManager:0.33509153
StatementSchema:0.2003885
ParserDDL:0.18630351
SchemaObject:0.15216462
ConstraintCore:0.14605992
ColumnSchema:0.12847215
Database:0.08724145
TableBase:0.083681
StatementCommand:0.08036939
Expression:0.07925364
HsqlNameManager:0.07873713
Session:0.04197507
ExpressionLogical:0.041960895
SessionData:0.026675412
SessionManager:0.02300413
ColumnBase:0.019969512
Row:0.014461648
HsqlException:0.010271657
