TriggerDef:0.40310535
Table:0.14783114
SchemaObject:0.1334933
Routine:0.132496
ParserDDL:0.12261372
SessionContext:0.116495915
Statement:0.10929266
Expression:0.10809534
RangeVariable:0.084429964
Session:0.062433004
HsqlNameManager:0.044646293
