MRating:0.66
MIndicator:0.37666666666666665
Tabs:0.30666666666666664
InternetSearch:0.27111111111111114
MainWindow:0.25333333333333335
SimpleListCellRenderer:0.24333333333333335
Incollector:0.21
ImportExport:0.20333333333333334
Archive:0.195
ItemRenderer:0.17
RatingAction:0.16333333333333333
QueryEditor:0.145
FeedThread:0.12333333333333334
PriorityEditorRenderer:0.11333333333333333
RatingPanel:0.11333333333333333
