MList:0.58
MComboBox:0.389
GHNSDialog:0.2966666666666667
PriorityEditor:0.1211111111111111
PluginList:0.08666666666666667
