TK:0.6666666666666666
Benchmark:0.37
AbstractTest:0.22666666666666666
LocationBar:0.19111111111111112
PluginManager:0.1825
LinkButton:0.15333333333333332
MenuButton:0.10666666666666667
