Unit:0.8438888888888889
UnitLabel:0.41333333333333333
