Goods:0.6233333333333333
GoodsType:0.5633333333333334
Specification:0.3466666666666667
XmlHandler:0.0911111111111111
