Sidebar:0.42266666666666663
HelpGenerator:0.39
Mods:0.37333333333333335
MasterKey:0.3
IconTheme:0.2733333333333333
