EuropePanel:0.35442895
ColonyPanel:0.31956932
TradeRouteInputDialog:0.1879741
UnitLabel:0.11388703
GoodsLabel:0.07938303
ImageSelection:0.06338022
MarketLabel:0.06317287
DropListener:0.06188594
FreeColPanel:0.012231593
