MActionInfo:0.49333333333333335
MFileChooser:0.44666666666666666
NewFolderDialog:0.24333333333333335
NewFolderAction:0.17
