FeedsFS:0.47
Archive:0.46
ArchiveChannel:0.28444444444444444
FeedThread:0.23666666666666666
