jEdit:0.5015555555555554
JEditTextArea:0.29333333333333333
KeywordMap:0.27
HistoryModel:0.2633333333333333
VFSBrowser:0.25
HelpFile:0.24777777777777776
BufferIORequest:0.24666666666666667
BrowserIORequest:0.24666666666666667
DockableListHandler:0.24666666666666667
PerspectiveManager:0.23666666666666666
WorkThreadPool:0.22666666666666666
PluginTableModel:0.22666666666666666
PluginManager:0.22166666666666668
KillRing:0.21666666666666667
Install:0.21666666666666667
CheckBoxListModel:0.21333333333333335
BufferHistory:0.21
Registers:0.2
BrowserView:0.2
Abbrevs:0.2
DisplayTokenHandler:0.19666666666666666
BoyerMooreSearchMatcher:0.19666666666666666
HelpViewer:0.18
EditServer:0.17166666666666666
ActionHandler:0.15666666666666668
HelpIndex:0.13666666666666666
PluginManagerProgress:0.12666666666666668
AppearanceOptionPane:0.12333333333333334
EnhancedMenuItem:0.12333333333333334
EnhancedButton:0.10333333333333333
BrowserCommandsMenu:0.07333333333333333
ManagePanel:0.05333333333333334
GutterOptionPane:0.013333333333333334
