SummaryTree:0.16108207
SummaryPanel:0.099272415
Reminder:0.030828696
SummaryCategory:0.011697492
