DependencyFigure:0.11393443
SeparatorLineFigure:0.0037753256
