MainWindow:0.6616666666666666
TaskInfoButton:0.36333333333333334
ItemRenderer:0.3233333333333333
