DrawingView:0.571888888888889
AttributeKeys:0.30333333333333334
LinearGradient:0.2833333333333333
ScalableNumberFormatter:0.27666666666666667
SVGInputFormat:0.26666666666666666
DefaultDrawingView:0.2633333333333333
SVGTextAreaFigure:0.26
LinkHandle:0.24666666666666667
LabelFigure:0.24666666666666667
SVGRectFigure:0.23333333333333334
RadialGradient:0.19666666666666666
LinkToolBar:0.19
AbstractTool:0.19
StrokeToolBar:0.13666666666666666
