TagsUtils:0.049798157
Tags:0.00921337
