JAMWikiAuthenticationConfiguration:0.6133333333333333
WikiUserDetails:0.3933333333333333
AnsiDataHandler:0.29333333333333333
ServletUtil:0.27666666666666667
AdminServlet:0.21
SetupServlet:0.14
UpgradeServlet:0.12333333333333334
JAMWikiAnonymousProcessingFilter:0.1
