Node:0.27657902
Table:0.15334092
Expression:0.10744235
DatabaseCommandInterpreter:0.09805046
Row:0.09696591
Constraint:0.09421493
DatabaseInformationMain:0.08880844
Column:0.08838033
TableWorks:0.07364362
DatabaseInformationFull:0.0699374
Trace:0.06860824
TableFilter:0.0684
DatabaseScript:0.05954524
DINameSpace:0.05503065
DataFileDefrag:0.04942406
DITableInfo:0.04335079
BaseTable:0.019040132
ConstraintCore:0.015870476
HsqlException:0.015196171
