GUI:0.06296032
FreeColMenuBar:0.055345897
InGameMenuBar:0.032830767
TilePopup:0.031655464
ImageLibrary:0.02649761
MapEditorMenuBar:0.020163033
CanvasMapEditorMouseListener:0.015518258
CanvasMouseListener:0.011476081
FullScreenFrame:0.010520076
CanvasMapEditorMouseMotionListener:0.010245107
CanvasMouseMotionListener:0.00996218
CanvasKeyListener:0.0059828353
GUIMessage:0.0056268577
WindowedFrame:0.0038132337
ViewMode:0.0030422327
WindowedFrameListener:0.0016980452
