FreeColDialog:0.17394336
ColonyPanel:0.09883892
