MainWindow:0.63
IMainWindow:0.449484126984127
RealProject:0.36
ConsoleWindow:0.25333333333333335
TestCore:0.18
