QueryHandler:0.28
AnsiQueryHandler:0.27666666666666667
DataHandler:0.21083333333333334
AnsiDataHandler:0.16666666666666666
