DockableWindowManager:0.45
JEditTextArea:0.3333333333333333
MouseHandler:0.17311111111111113
