CachedObject:0.34804237
IntArrayCachedObject:0.055509806
BitMapCachedObject:0.055509783
DirectoryBlockCachedObject:0.04197662
DataSpaceManagerBlocks:0.009363916
