DatabaseManager:0.07196694
SessionManager:0.06726671
Session:0.056672662
StatementCommand:0.04619082
SchemaManager:0.044261172
Table:0.040816396
StatementSchema:0.035742253
StatementSession:0.032296017
ParserCommand:0.030619692
Routine:0.029168172
TextTable:0.024282161
QuerySpecification:0.02369749
StatementCompound:0.023452697
HsqlNameManager:0.02300806
ParserDDL:0.022064533
StatementSchemaDefinition:0.02121272
ParserRoutine:0.020942012
TableWorks:0.019988786
StatementDML:0.019856386
ExpressionColumn:0.019854415
Statement:0.01972399
TransactionManagerCommon:0.019244928
View:0.018695654
Expression:0.018218024
RoutineSchema:0.018131344
TransactionManagerMVCC:0.018044718
DatabaseURL:0.017656947
TableBase:0.017420784
SessionData:0.017258592
ParserDQL:0.016737819
QueryExpression:0.0162868
ExpressionLogical:0.015851038
ParserDML:0.015524571
FunctionCustom:0.015421618
SessionInterface:0.015243916
TransactionManagerMV2PL:0.014833581
HsqlException:0.014353653
TransactionManager2PL:0.013733595
FunctionSQL:0.012714346
ExpressionLike:0.012481137
TableDerived:0.0106578125
TransactionManager:0.010349151
StatementManager:0.00943095
ExpressionArithmetic:0.009207781
Scanner:0.008805531
RowDiskDataChange:0.006587529
SqlInvariants:0.004661184
TableUtil:0.004469823
SetFunction:0.00428591
Tokens:0.0
