QuerySpecification:0.120010294
ExpressionColumn:0.11430706
ExpressionColumnAccessor:0.10919512
ParserDML:0.10827155
Expression:0.1048452
QueryExpression:0.08637503
RangeVariableJoined:0.07617143
StatementCompound:0.07151009
SessionContext:0.06810931
RangeVariable:0.06801034
Routine:0.06301323
ParserRoutine:0.06176524
ExpressionAccessor:0.030558461
ParserDDL:0.026841396
FunctionSQLInvoked:0.02493
ExpressionLike:0.021533336
ExpressionAggregate:0.021469798
ExpressionArrayAggregate:0.018415501
TableDerived:0.015976325
ParserDQL:0.0154280085
ExpressionArithmetic:0.015344992
ExpressionOp:0.012363068
ParserCommand:0.0062490776
