QuerySpecification:0.078362145
RangeVariable:0.07267048
StatementDML:0.07234275
ExpressionColumn:0.06461787
StatementDMQL:0.0496349
StatementCompound:0.042931713
Table:0.032907523
Routine:0.029592546
Session:0.028465156
ParserRoutine:0.02581286
TableDerived:0.017254608
StatementSet:0.01600823
TransactionManagerMV2PL:0.014733706
TransactionManagerMVCC:0.01324595
StatementSession:0.013152266
TransactionManagerCommon:0.012840683
StatementResultUpdate:0.012624337
ParserCommand:0.012047056
FunctionCustom:0.010833366
SessionData:0.010353882
TriggerDefSQL:0.010299147
StatementProcedure:0.009748041
TransactionManager2PL:0.0081134755
RangeGroup:0.0077905473
ColumnSchema:0.0063732434
Statement:0.0059480136
StatementCursor:0.0038180717
