TransactionManager2PL:0.5570388
TransactionManagerMV2PL:0.51992893
TransactionManagerMVCC:0.38923806
RowAction:0.13847974
Row:0.10826928
TransactionManagerCommon:0.09322521
Session:0.0776296
StatementCommand:0.05864052
Table:0.045695122
Database:0.04448388
ParserCommand:0.0319325
Statement:0.029542327
FunctionCustom:0.028456094
StatementManager:0.027822465
SchemaManager:0.025403688
StatementCompound:0.0240597
