TransactionManagerMV2PL:0.40719402
TransactionManagerMVCC:0.35149622
TransactionManager2PL:0.3199778
RowAction:0.22028047
Session:0.19700898
TransactionManager:0.13940845
Row:0.12476695
RowActionBase:0.11063467
SessionContext:0.096410714
SessionManager:0.09437213
SessionData:0.07180534
TableBase:0.07034789
Database:0.06590875
Statement:0.05488933
SessionInterface:0.028454488
SqlInvariants:0.007792497
HsqlException:0.003633603
