TransactionManager:0.49019474
TransactionManagerCommon:0.443692
RowAction:0.3076869
Session:0.2307604
Row:0.19824696
RowActionBase:0.19102843
SessionContext:0.075999364
TableBase:0.073490135
SessionManager:0.06648625
Table:0.058894817
Database:0.04793743
SchemaManager:0.04784662
StatementManager:0.03543628
Statement:0.02685493
