TransactionManager:0.73582757
TransactionManagerCommon:0.4310546
RowAction:0.3522031
Session:0.31627783
RowActionBase:0.2623488
Row:0.17783248
SessionContext:0.112672776
SessionManager:0.08573891
Database:0.06806692
Table:0.056367815
SchemaManager:0.04963535
StatementManager:0.0496012
Statement:0.037142567
