MZip:0.8166666666666667
DeskletLoader:0.2633333333333333
PluginInstaller:0.18
