RowAction:0.44318646
TransactionManagerMVCC:0.13981324
TransactionManagerMV2PL:0.11789191
TransactionManager2PL:0.09411675
Session:0.08053603
TransactionManagerCommon:0.034452293
