RowActionBase:0.5758842
TransactionManagerMVCC:0.28547838
TransactionManagerMV2PL:0.25989714
TransactionManager2PL:0.21044183
TransactionManager:0.15541705
TransactionManagerCommon:0.11900046
Session:0.1117824
Row:0.090289794
TableBase:0.012538449
SessionInterface:0.008556875
