TransactionManagerCommon:0.39356384
TransactionManager:0.38760984
RowAction:0.34357995
Session:0.29505458
Row:0.19868872
RowActionBase:0.17202328
SessionManager:0.08049348
SessionContext:0.07880734
TableBase:0.07569737
Table:0.05912901
Database:0.057217788
SchemaManager:0.053954657
SessionInterface:0.037926316
StatementManager:0.03775923
Statement:0.036993824
HsqlException:0.0049773823
SqlInvariants:0.0012368683
