TextUtils:0.5866666666666667
TaskTable:0.5388888888888889
NotepadEditor:0.38666666666666666
