Player:0.62
AIMain:0.3575
AIUnit:0.29333333333333333
ConnectController:0.25
TransportMission:0.24333333333333335
