UploadServlet:0.39
EditServlet:0.34
SetupServlet:0.24666666666666667
RegisterServlet:0.22666666666666666
UpgradeServlet:0.21333333333333335
