MPanel:0.4533333333333333
MSeparator:0.3883333333333333
Archive:0.2633333333333333
WikipediaInternetSearchPlugin:0.25
Tester:0.23
ChannelInfo:0.19444444444444445
MGroupLayout:0.18
