MSettingsDialog:0.6616666666666666
PrintDialog:0.4533333333333333
Frame:0.2311111111111111
DBRecordDialog:0.19444444444444445
