VFS:0.19913295
FileRootsVFS:0.19380513
jEdit:0.18744384
VFSManager:0.13548908
GUIUtilities:0.12044214
Buffer:0.11978919
VFSFileChooserDialog:0.08701572
SearchDialog:0.07838034
MiscUtilities:0.07711854
View:0.041266397
Log:0.03926896
