EditPaneUpdate:0.1075716
EditPane:0.1000589
BeanShell:0.09757997
jEdit:0.06937617
EditServer:0.058882233
JEditTextArea:0.038953252
SearchBar:0.037966218
Macros:0.03782437
StatusBar:0.03660601
Buffer:0.036469743
GUIUtilities:0.028427904
VFSBrowser:0.02584537
QuickNotepad:0.024504857
InputHandler:0.02449745
SearchAndReplace:0.02296101
Gutter:0.02106942
DefaultInputHandler:0.020612622
DockableWindowManager:0.020117229
Abbrevs:0.0188989
VFS:0.017713647
HistoryTextField:0.01630521
OptionsDialog:0.015016142
EditAction:0.014618387
EditPlugin:0.014160032
BufferListSet:0.013866785
ScrollListener:0.012725258
SearchDialog:0.012474278
BufferUpdate:0.011378912
BufferIORequest:0.011304393
HyperSearchResults:0.011252985
CloseDialog:0.010705466
EditorExitRequested:0.0097433
FileVFS:0.009292417
EditBus:0.009218255
CompleteWord:0.008654697
SearchFileSet:0.008460627
VFSFileChooserDialog:0.008116242
BufferOptions:0.008110247
CurrentBufferSet:0.00807088
SelectLineRange:0.008018319
PluginManager:0.007543313
ViewRegisters:0.0063757035
AddAbbrevDialog:0.0059453608
BeanShellErrorDialog:0.00566724
IOProgressMonitor:0.0054719527
RecentFilesMenu:0.005380656
BrowserPopupMenu:0.0049588713
EBMessage:0.0049312827
EBComponent:0.004898392
MarkersMenu:0.0048680645
PropertiesChanged:0.0046582436
ViewUpdate:0.004574074
PastePrevious:0.004350169
KeyEventWorkaround:0.00392752
SearchSettingsChanged:0.003651944
TipOfTheDay:0.0035848909
CreateDockableWindow:0.003366628
CurrentDirectoryMenu:0.003362761
LatestVersionPlugin:0.0026173638
HyperSearchRequest:0.0023979072
AboutDialog:0.002282163
QuickNotepadDockable:0.001141603
BeanShellAction:6.201012E-4
