FileUtil:0.49048766
ZipUnzipFile:0.091310665
