HashMap:0.18013299
Set:0.019978404
