Collection:0.047792584
Set:0.045987953
Iterator:0.020709451
