TMXReader2:0.5266666666666666
TMXReaderTest:0.2633333333333333
TMXWriterTest:0.25
ExternalTMX:0.18666666666666668
Loader:0.1
