TarGenerator:0.09958416
TarReader:0.09764792
RB:0.04256854
TarMalformatException:0.0013199428
