TarGenerator:0.06431795
TarMalformatException:0.0185973
RB:0.011461246
