SqltoolRB:1.0
SqlToolSprayer:0.28297642
SqlToolError:0.23256478
SqlFile:0.0
