TarGenerator:0.18941857
TarFileInputStream:0.1261913
TarReader:0.089528166
RB:0.03950278
