TarHeaderField:0.28275704
PIFGenerator:0.26437017
TarMalformatException:0.042956017
TarFileOutputStream:0.0
RB:0.0
DbBackup:0.0
