ExpressionColumn:0.10146973
Expression:0.057467904
Routine:0.05149989
ColumnSchema:0.05071417
ParserDQL:0.041422132
ParserRoutine:0.037611533
RangeVariable:0.03690321
ParserDDL:0.03638985
ParserBase:0.032882176
ParserDML:0.022960747
ParserCommand:0.020648576
Scanner:0.019827584
StatementSchemaDefinition:0.017043976
StatementSchema:0.014191121
SchemaObject:0.00535235
OpTypes:0.0017000219
Tokens:0.0
