Colony:0.59
ModelController:0.41077777777777785
InGameInputHandler:0.38666666666666666
ClientModelController:0.27
MockModelController:0.22666666666666666
ServerModelController:0.16666666666666666
