IntIndex:0.5766666666666667
DataSpaceManagerBlocks:0.4866666666666667
BitMap:0.4
DoubleIntIndex:0.32
BlockAccessor:0.27
DataFileCache:0.26
DataSpaceManagerSimple:0.2475
