jdbcDriver:0.69
jdbcResultSet:0.5666666666666667
jdbcStatement:0.23333333333333334
ResultMetaData:0.21666666666666667
jdbcPreparedStatement:0.21666666666666667
TestSql:0.20333333333333334
TestSubQueriesInPreparedStatements:0.12666666666666668
