MTextFieldPanel:0.685
TagsEditor:0.3466666666666667
SearchBar:0.30666666666666664
