SVGInputFormat:0.6
SVGTextFigure:0.4266666666666667
FontFormatter:0.3
DefaultDrawingEditor:0.27666666666666667
PaletteFontChooserSelectionPanel:0.21
