FreeColTestCase:0.4275
GoodsTest:0.33666666666666667
SchoolTest:0.23666666666666666
CombatTest:0.21666666666666667
TileTest:0.15666666666666668
FoundingFatherTest:0.12333333333333334
GoodsContainerTest:0.12
MovementTest:0.11333333333333333
BuildQueueTest:0.11
BuildingTest:0.10666666666666667
ModelMessageTest:0.016666666666666666
SoLTest:0.0
