PluginInfo:0.44095634920634924
AppInfo:0.42
VersionProperty:0.30333333333333334
PluginManager:0.29
Main:0.23666666666666666
UpdatePlugin:0.15333333333333332
