Game:0.5233333333333333
ServerGame:0.48
FreeColServer:0.31333333333333335
MapGeneratorTest:0.24666666666666667
FreeColTestCase:0.17
MapGenerator:0.15583333333333332
GameTest:0.12
