Filters:0.45
FilterMaster:0.4166666666666667
FiltersCustomizer:0.2866666666666667
