Player:0.6933333333333334
Colony:0.5533333333333333
InGameController:0.3466666666666667
FreeColLookAndFeel:0.21666666666666667
LootCargoMessage:0.20555555555555557
AttackMessage:0.20222222222222225
ReportHighScoresPanel:0.16666666666666666
CaptureGoodsDialog:0.15
DebugMenu:0.03
