FreeColSavegameFile:0.5472222222222223
ClientOptions:0.5433333333333333
FreeColServer:0.5333333333333333
GUI:0.43666666666666665
ConnectController:0.23666666666666666
MapConverter:0.14
DisplayTileTextAction:0.13333333333333333
