Preferences:0.4866666666666667
MainWindowMenuHandler:0.37333333333333335
EditorSettings:0.33
MainWindowMenu:0.27666666666666667
FontFallbackListener:0.20333333333333334
FontFallbackMarker:0.17166666666666666
