FileUtil:0.55
DialogsTest:0.2633333333333333
XLIFFFilterTest:0.23666666666666666
FileUtilTest:0.21333333333333335
StaticUtilsTest:0.15
ProjectFileStorageTest:0.15
PreferencesTest:0.13666666666666666
