Expression:0.4533333333333333
Database:0.38166666666666665
Logger:0.30277777777777776
TableWorks:0.29277777777777775
DatabaseManager:0.25733333333333336
DatabaseCommandInterpreter:0.24666666666666667
DatabaseManagerSwing:0.23916666666666667
Parser:0.21916666666666668
