UI:0.97
FilterDialog:0.2633333333333333
Sidebar:0.21222222222222223
Filters:0.20253968253968252
FilterItem:0.17944444444444446
ToolManager:0.14333333333333334
WebPanel:0.14333333333333334
SelectionItem:0.11333333333333333
