WikiDatabase:0.73
DatabaseUpgrades:0.4166666666666667
AdminServlet:0.37666666666666665
