MInternalFrame:0.13720456
UI:0.039101765
MColor:0.0069387453
Property:0.0036855743
BooleanProperty:0.0020832398
