MApplication:0.12238229
MLogger:0.071111344
TK:0.04455971
UI:0.035905335
MFontComboBox:0.03177855
MLabel:0.0064689675
