Task:0.5733333333333334
TodoEditor:0.41333333333333333
TodoEditorCore:0.3566666666666667
TodoEditorPlugin:0.19333333333333333
