EditorSettings:0.6333333333333333
Styles:0.39533333333333337
MainWindowMenu:0.27666666666666667
