PluginManager:0.7233333333333334
BufferHistory:0.44333333333333336
PluginManagerOptionPane:0.3433333333333333
DownloadMirrorsThread:0.2
