Unit:0.6033333333333334
Game:0.3566666666666667
FreeColGameObject:0.26277777777777783
HighSeas:0.25
UnitLocation:0.21444444444444447
