MSmallColorChooser:0.4866666666666667
MColorAction:0.4633333333333333
MColorChooserDialog:0.3433333333333333
HighlightAction:0.24333333333333335
