RepeatRule:0.5833333333333334
Task:0.39
FieldsPanel:0.36666666666666664
Handler:0.185
DailyPanel:0.11
MonthlyPanel:0.11
NonePanel:0.10333333333333333
YearlyPanel:0.09333333333333334
HourlyPanel:0.08333333333333333
