MMenu:0.2949174
AppAction:0.22611429
MSystemTray:0.15723884
FS:0.020373816
