MScrollPane:0.034625478
MV:0.0300769
AbstractIterator:0.026093945
UI:0.0152462255
MLogger:0.0037397775
