Archive:0.45666666666666667
FeedsFS:0.41333333333333333
CustomAdvancedPanel:0.41333333333333333
ArchiveChannel:0.3
