MColorIcon:0.48
Button:0.4766666666666667
MColorPicker:0.38666666666666666
MSmallButton:0.2833333333333333
