HsqlProperties:0.5166666666666667
TestTriggers:0.44333333333333336
TestTextTables:0.27666666666666667
IntervalSecondData:0.255
IntervalMonthData:0.22833333333333333
TriggerClass:0.024722222222222222
