Logger:0.20920995
DataFileCache:0.17472525
HsqlDatabaseProperties:0.12847747
TextCache:0.12465813
HsqlProperties:0.057488095
ScriptRunner:0.040523104
DataFileBlockManager:0.008273268
