Editor:0.44
MainWindow:0.38333333333333336
VersionControl:0.3233333333333333
VersionDialog:0.25333333333333335
FSHelper:0.20666666666666667
TreePanel:0.19666666666666666
FSException:0.10888888888888891
VersionInfo:0.10666666666666667
VersionException:0.10666666666666667
VersionsAction:0.09
