jEdit:0.6766666666666666
Buffer:0.61
FilesChangedDialog:0.22
ActionHandler:0.21333333333333335
MemoryStatus:0.20333333333333334
MouseHandler:0.19444444444444445
Renderer:0.17222222222222225
StatusBar:0.16666666666666666
MyFocusManager:0.16
StatusBarOptionPane:0.08666666666666667
