PluginManager:0.36666666666666664
Armor:0.36333333333333334
SecurityDialog:0.31
ScriptExecutor:0.29333333333333333
ScriptPlugin:0.2833333333333333
PluginClassLoader:0.26
ScriptYourself:0.21916666666666668
AccessMap:0.17633333333333334
ScriptCommand:0.14833333333333334
MAccessController:0.1392063492063492
SecureExecutor:0.07
