IndianSettlement:0.62
InGameController:0.44333333333333336
InGameInputHandler:0.2733333333333333
