MetaInfo:0.77
Node:0.45666666666666667
SummaryPanel:0.2633333333333333
