IndianDemandMessage:0.5633333333333334
InGameController:0.5172222222222221
InGameInputHandler:0.26666666666666666
AIMessage:0.25666666666666665
IndianDemandMission:0.25
