OConsts:0.9604444444444444
LicenseDialog:0.2966666666666667
