SetupServlet:0.7886111111111112
RegisterServlet:0.5597222222222222
