MMessage:0.4866666666666667
Tabs:0.38333333333333336
MTip:0.38333333333333336
ClipboardException:0.23
