MAction:0.5066666666666667
MainWindow:0.30416666666666664
AppAction:0.26
MSlider:0.20333333333333337
MScrollPane:0.20333333333333337
MouseGestures:0.2013888888888889
AbstractSpinner:0.18
