WikiUser:0.5266666666666666
WikiUserAuth:0.44666666666666666
WikiUserInfo:0.43333333333333335
AnsiDataHandler:0.33666666666666667
AnsiQueryHandler:0.23
DatabaseUpgrades:0.20666666666666667
RegisterServlet:0.18
UpgradeServlet:0.15
WikiSignatureTag:0.09
