QuerySpecification:0.5233333333333333
ExpressionColumn:0.47333333333333333
FunctionSQL:0.3933333333333333
NumberSequence:0.35333333333333333
ExpressionOp:0.33
QueryExpression:0.3
TransactionManagerCommon:0.27666666666666667
ParserBase:0.26
ExpressionArithmetic:0.25666666666666665
ParserDQL:0.25
ExpressionLogical:0.24666666666666667
ExpressionLike:0.24333333333333335
ParserCommand:0.22333333333333333
StatementDML:0.21666666666666667
SetFunction:0.21333333333333335
JDBCPreparedStatement:0.2
FunctionCustom:0.18444444444444444
ParserDML:0.13
