Tokens:0.7133333333333334
Type:0.5533333333333333
HsqlDatabaseProperties:0.37666666666666665
Logger:0.31
NumberType:0.30333333333333334
Database:0.26666666666666666
IntervalType:0.25
ParserCommand:0.21333333333333335
ExpressionArrayAggregate:0.20333333333333334
StatementCommand:0.19666666666666666
ExpressionArithmetic:0.16
