jEdit:0.2195542
PluginJAR:0.20652811
EBMessage:0.12510619
DockableWindowManager:0.119512014
HelpViewer:0.10702873
VFSBrowser:0.09060212
PluginManager:0.05248238
