MSettingsDialog:0.8066666666666666
AbstractClockWidget:0.33
AdvancedSettingsPage:0.31666666666666665
