Preview:0.5607936507936508
PropertiesPanel:0.48333333333333334
PreviewPanel:0.35333333333333333
PropertiesDialog:0.19666666666666666
DefaultPreview:0.12666666666666668
