InGameController:0.7466666666666667
ServerPlayerTest:0.36
ClearSpecialityMessage:0.3377777777777778
InGameControllerTest:0.10333333333333333
