CommandOptions:0.18245195
HTMLBuilder:0.12880516
MApplication:0.11935863
TK:0.060668685
OS:0.05783284
MDialog:0.056929883
AbstractMarkupBuilder:0.046689913
MHTMLViewer:0.04477756
FS:0.0358702
MActionInfo:0.026014943
