TK:0.07416244
Args:0.05381076
MLogger:0.031655204
MArrayList:0.024571063
