StringUtil:0.5866666666666667
InlineTagHandler:0.3933333333333333
XLIFFDialect:0.30333333333333334
TMXReader2:0.27666666666666667
