Unit:0.29619235
Tile:0.268098
Colony:0.26645902
IndianSettlement:0.26432854
Europe:0.20011857
Building:0.1861095
ColonyTile:0.1645464
Market:0.16291414
Map:0.1540517
Settlement:0.15277314
Monarch:0.14147249
FreeColGameObject:0.13342017
Goods:0.12948886
Game:0.12851268
GoodsContainer:0.1263703
UnitContainer:0.11122726
TradeRoute:0.10901334
ModelMessage:0.10668423
DiplomaticTrade:0.07598182
ModelController:0.071782894
ColonyTradeItem:0.06783369
StanceTradeItem:0.06694283
Location:0.062220763
GoldTradeItem:0.05858962
UnitTradeItem:0.05847415
GoodsTradeItem:0.05742089
PersistentObject:0.053861137
Tension:0.04322238
GameOptions:0.04160141
FoundingFather:0.039765347
TradeItem:0.038171526
WorkLocation:0.031108895
Ownable:0.024510954
Nameable:0.01125199
FreeColGameObjectListener:0.004823864
