IProject:0.5433333333333333
ProjectTMX:0.3566666666666667
IEditor:0.3000833333333333
ProjectUICommands:0.27666666666666667
RealProject:0.24
EditorController:0.21666666666666667
NotLoadedProject:0.19416666666666665
FalseFriendsTest:0.17333333333333334
GlossaryTextAreaTest:0.13
