MetaInfo:0.9633333333333334
PropertiesPanel:0.25333333333333335
