Preferences:0.5286111111111111
SearchWindowController:0.4633333333333333
Searcher:0.35
SearchWindowForm:0.33
SearchExpression:0.12111111111111111
