JAMWikiServlet:0.57
WikiPageInfo:0.2633333333333333
TranslationServlet:0.25666666666666665
AdminServlet:0.24666666666666667
