PseudoTopicHandler:0.08881464
WikiLogger:0.02374767
WikiUtil:0.0
WikiLink:0.0
Utilities:0.0
ImageUtil:0.0
