TMXReader:0.019099716
TMXWriter:0.011365279
