Session:0.62
TransactionManagerMVCC:0.3466666666666667
Logger:0.2866666666666667
TransactionManagerCommon:0.22577777777777783
DataFileBlockManager:0.22333333333333333
Log:0.21833333333333332
