FileUtil:0.4558730158730159
RealProject:0.4033333333333333
OConsts:0.18833333333333332
