MMessage:0.8
MApplication:0.3655555555555555
Model:0.2333333333333334
Console:0.23333333333333334
Designer:0.17333333333333334
VersionPanel:0.17222222222222225
AddRemovePanel:0.13333333333333333
ClearAction:0.12333333333333334
