UI:0.0727871
MMessage:0.06059079
Gettext:0.05494734
OS:0.049487267
Config:0.047823716
TK:0.046081197
MText:0.03988668
MSmallButton:0.0395236
MTip:0.038070895
XMLHelper:0.037025914
FS:0.035314802
AppInfo:0.03496082
MFileChooser:0.020598106
MWebBrowser:0.020128487
FileSelection:0.019832214
MList:0.018964993
Application:0.014878466
DT:0.014145405
MAuthenticator:0.013658664
Property:0.0135558285
MHighlighter:0.011396352
MFormat:0.010075701
MTimer:0.00904338
FileCache:0.008680832
BooleanProperty:0.008659222
StringProperty:0.008633736
MTable:0.007907652
AbstractSelection:0.0066308156
Fade:0.005603712
ImageSelection:0.005054271
MSystemTray:0.0023781734
Uninstantiable:2.29664E-4
