RowStoreAVL:0.5166666666666667
PersistentStore:0.43333333333333335
RowSetNavigatorDataTable:0.38
