ServletUtil:0.7033333333333334
WikiPageInfo:0.6361111111111111
RecentChangesServlet:0.23666666666666666
