DrawingView:0.8324026
DefaultDrawingViewTransferHandler:0.49842456
Figure:0.34555802
FigureEvent:0.320611
GridConstrainer:0.2923605
CompositeFigureEvent:0.25751334
Drawing:0.23884355
HandleEvent:0.2375803
DrawingEditor:0.17724273
FigureSelectionEvent:0.1573806
Tool:0.15392125
FigureListener:0.12696053
CompositeFigure:0.122717805
FigureAdapter:0.10033799
Constrainer:0.096489094
FigureSelectionListener:0.09505228
HandleListener:0.08654557
CompositeFigureListener:0.06001672
AttributeKey:0.045939624
Options:0.008494668
Handle:0.0
