View:0.45170647
Buffer:0.29736796
jEdit:0.28621665
Gutter:0.23461701
JEditTextArea:0.20067377
TextAreaPainter:0.19837585
BufferUpdate:0.17447345
BeanShell:0.14095217
StatusBar:0.11511036
FoldVisibilityManager:0.111593455
EditPaneUpdate:0.09925646
BufferSwitcher:0.09098568
QuickNotepad:0.078393884
SearchBar:0.06903688
GUIUtilities:0.06863873
VFSManager:0.058795758
BufferOptions:0.039064378
PropertiesChanged:0.036575984
EBComponent:0.03559111
EditBus:0.03181408
EBMessage:0.017564133
