SummaryTree:0.15180317
SummaryPanel:0.11181476
Reminder:0.034292717
SummaryCategory:0.013233711
