UI:0.9233333333333333
Tabs:0.27
MNotification:0.24333333333333335
