Topic:0.5533333333333333
ServletUtil:0.31
AnsiQueryHandler:0.28
MediaWikiXmlImporter:0.27
WikiPageInfo:0.24666666666666667
WikiDatabase:0.22
ImageUtil:0.21333333333333335
WikiUtilTest:0.20666666666666667
EditServlet:0.19333333333333333
TestDataHandler:0.18666666666666668
TranslationServlet:0.14
TiddlyWikiParser:0.14
WikiPageInfoTest:0.0825
