ProxyInfo:0.46722222222222226
ProxyPanel:0.38166666666666665
ProxyModel:0.3333333333333333
