XMLFilter:0.45888888888888885
TranslationException:0.29722222222222217
XLIFFFilterTest:0.12666666666666668
