MetaInfo:0.5038888888888888
FeedViewer:0.47333333333333333
MURLButton:0.4066666666666667
