Mode:0.2286492
jEdit:0.10454357
MiscUtilities:0.06425827
AbstractOptionPane:0.047512494
FoldHandler:0.03717145
GUIUtilities:0.025702931
