Session:0.53
HsqlName:0.44666666666666666
Schema:0.38666666666666666
PersistentStoreCollection:0.3186190476190476
Database:0.29
OrderedHashSet:0.28
HsqlNameManager:0.2633333333333333
DataFileCache:0.25
SchemaManager:0.25
LobManager:0.19333333333333333
DataFileCacheSession:0.18333333333333332
SetFunction:0.18166666666666667
PersistentStoreCollectionSession:0.18
Logger:0.1775
ArraySort:0.14666666666666667
PersistentStoreCollectionDatabase:0.12666666666666668
