Unit:0.8233333333333334
ColonyTile:0.4033333333333333
MapGenerator:0.27
