Unit:0.6333333333333333
UnitType:0.41333333333333333
InGameController:0.21333333333333335
Upgrade:0.15
