FreeColPanel:0.5733333333333334
ColonyPanel:0.44666666666666666
ReportRequirementsPanel:0.22666666666666666
WarehousePanel:0.22416666666666665
ReportLabourPanel:0.21333333333333335
ReportTurnPanel:0.21333333333333335
ReportReligiousPanel:0.2
ColonyTradeItemPanel:0.19666666666666666
CompactLabourReport:0.19
ClientOptionsDialog:0.19
TradeRouteInputDialog:0.19
ReportEducationPanel:0.18333333333333332
ReportColonyPanel:0.16333333333333333
ToAmericaPanel:0.15583333333333332
ReportTradePanel:0.12666666666666668
ReportCargoPanel:0.11333333333333333
ReportMilitaryPanel:0.11333333333333333
ReportNavalPanel:0.11333333333333333
ReportProductionPanel:0.09
