SourceTextEntry:0.4866666666666667
RealProject:0.4266666666666667
CalcStandardStatistics:0.23666666666666666
LoadFilesCallback:0.18166666666666667
FileInfo:0.03333333333333333
