Statistics:0.69
MatchStatisticsInfo:0.07
MatchStatisticsCalculationThread:0.056666666666666664
StandardStatisticsCalculationThread:0.04666666666666667
StatisticsInfo:0.006666666666666667
