ConnectController:0.6116666666666667
FreeColClient:0.5566666666666666
StartGamePanel:0.37666666666666665
