MMenu:0.7666666666666667
Vars:0.41031746031746036
Bookmarks:0.3566666666666667
FlatPainter:0.16666666666666666
