InGameController:0.31492054
InputHandler:0.21152964
PreGameController:0.13829955
