MetaInfo:0.4266666666666667
Tree:0.34
FeedViewer:0.31333333333333335
Button:0.23
Gesture:0.21777777777777782
Tabs:0.18333333333333332
MouseGestures:0.17333333333333334
