Environment:0.7933333333333333
LdapUserHandler:0.3466666666666667
AdminServlet:0.2561111111111111
