IProject:0.13040932
ProjectTMX:0.11282397
ImportFromAutoTMX:0.06739657
ParseEntry:0.057561886
PrepareTMXEntry:0.054286797
LastSegmentManager:0.0511035
ProjectProperties:0.04891082
TMXEntry:0.04719353
TranslateEntry:0.041689444
SourceTextEntry:0.03384434
ExternalTMX:0.029322188
CommandVarExpansion:0.015886385
ProjectFactory:0.015395272
EntryKey:0.008713938
ProtectedPart:0.0055262567
