MSettingsPage:0.17140031
MDialog:0.07692619
MMessage:0.047588266
MPanel:0.03621116
UI:0.033756215
MApplication:0.031767562
MFlipPanel:0.030919079
TK:0.028244149
MButton:0.021492576
MList:0.020863941
MLabel:0.0172424
MIcon:0.014878625
MStatusBar:0.012958588
Config:0.012854757
MRenderer:0.0119516
MArrayList:0.0105090095
MScrollPane:0.009449734
Mnemonic:0.0063098846
Property:0.0049088434
BooleanProperty:0.0023782467
