Database:0.4666666666666667
Trace:0.43333333333333335
Table:0.38333333333333336
HsqlName:0.3566666666666667
TextDatabaseRowInput:0.23777777777777775
TestDataStructures:0.18666666666666668
TableWorks:0.16666666666666666
CachedDataRow:0.15333333333333332
Servlet:0.15
DatabaseScript:0.14333333333333334
