Tile:0.4011639
TileImprovement:0.27127478
Resource:0.1389316
TileImprovementType:0.106775045
TileItem:0.10580942
FreeColGameObject:0.07170158
Player:0.063946016
Game:0.050135758
FreeColObject:0.049350142
Modifier:0.031327188
GoodsType:0.021939402
Location:0.02129156
