MMessage:0.81
GlobalMouseService:0.37333333333333335
DeskletLoader:0.30666666666666664
