EditorUtils:0.7883333333333333
StringUtilTest:0.5083333333333333
EditorUtilsTest:0.13333333333333333
