EuropePanel:0.40365288
ColonyPanel:0.34077865
TradeRouteInputDialog:0.19045378
UnitLabel:0.11146497
GoodsLabel:0.08220591
ImageSelection:0.06977865
MarketLabel:0.06265593
DropListener:0.06231825
FreeColPanel:0.011719289
