Row:0.5
NodeAVLDisk:0.3566666666666667
RowAVLDisk:0.3233333333333333
RowAVLDiskData:0.27
RowSetNavigatorDataTable:0.21
RowDiskDataChange:0.175
RowStoreDataChange:0.06666666666666667
