TransportMission:0.29
AIInGameInputHandler:0.28444444444444444
InGameController:0.28
InGameInputHandler:0.2783333333333333
BuildColonyMission:0.21666666666666667
FreeColMenuBar:0.10666666666666667
