ProxyModel:0.75
ProxyPanel:0.28
ProxyManager:0.26666666666666666
Action:0.2111111111111111
