Armor:0.49666666666666665
MDate:0.46
MMessage:0.4216666666666667
