SourceTextEntry:0.5066666666666667
RealProject:0.4666666666666667
CalcStandardStatistics:0.24666666666666667
LoadFilesCallback:0.23
FileData:0.19026984126984126
TagValidationTool:0.10666666666666667
