SimpleProgressBar:0.61
MSplashScreen:0.36333333333333334
CompleteRenderer:0.3466666666666667
SessionManager:0.2733333333333333
