Preferences:0.5075
MFindField:0.36
SearchWindowController:0.3566666666666667
SearchWindowForm:0.22
HistoryManager:0.11944444444444442
