GlossaryTextArea:0.8283333333333334
EntryInfoPane:0.32666666666666666
GlossaryTextAreaTest:0.25333333333333335
