Utilities:0.6633333333333333
JAMWikiServlet:0.51
TranslationServlet:0.2733333333333333
SortedProperties:0.16
JAMWikiFilter:0.15333333333333332
