RootElement:0.8639918
Buffer:0.05243712
