LineElement:0.69220763
Buffer:0.039851177
