Widget:0.6333333333333333
Desktop:0.44333333333333336
CalendarWidget:0.26
