Colony:0.5333333333333333
Settlement:0.49666666666666665
TilePanel:0.2866666666666667
