Buffer:0.55
JEditTextArea:0.45
OffsetManager:0.41
ScrollLineCount:0.38333333333333336
ChunkCache:0.31833333333333336
TextAreaPainter:0.3
DisplayManager:0.3
FirstLine:0.27666666666666667
EditPane:0.27
MouseHandler:0.22111111111111115
StatusBar:0.18
PaintLineBackground:0.1
MouseWheelHandler:0.09333333333333334
BufferChangeHandler:0.08944444444444444
Anchor:0.065
