ServerTestHelper:0.9033333333333333
SaveLoadTest:0.2733333333333333
MissionAssignmentTest:0.16
TransportMissionTest:0.16
