FileUtil:0.6333333333333333
SegmentExportImport:0.31
XLIFFFilterTest:0.31
LogDialog:0.2866666666666667
