HsqlTimerTest:0.39666666666666667
PreprocessorTest:0.19833333333333333
IntervalTypeTest:0.18
HsqlArrayHeapTest:0.18
HsqlDequeTest:0.17666666666666667
BitMapTest:0.13
ArrayUtilTest:0.13
ValuePoolHashMapTest:0.1
HsqlPropertiesTest:0.09666666666666666
