AdminServlet:0.4766666666666667
TranslationServlet:0.30333333333333334
ManageServlet:0.30333333333333334
JAMWikiAuthenticationProcessingFilter:0.24666666666666667
