MainView:0.5433333333333333
Tabs:0.5066666666666667
MainWindow:0.35333333333333333
DocumentList:0.22333333333333333
