FeedsFS:0.36625242
FeedDownloader:0.24925247
FeedsFSPlugin:0.14350584
Filters:0.09644625
