InternetSearchPlugin:0.5866666666666667
OpenSearchDescription:0.4
InternetSearchPanel:0.31
InternetSearchAction:0.16777777777777778
WikipediaInternetSearchPlugin:0.16333333333333333
UninstallOpenSearchPluginAction:0.11
OpenSearchPlugin:0.07666666666666666
