MainWindow:0.4033333333333333
CommandThread:0.36666666666666664
Core:0.3333333333333333
EntriesIteratorCallback:0.3027420634920635
IMatcher:0.2999047619047619
IDataEngine:0.2678730158730158
FindMatchesThread:0.20666666666666667
MatchesTextArea:0.11
