TransportMission:0.19515446
Mission:0.1873261
