Node:0.323005
MemoryNode:0.17328206
PointerNode:0.15926634
Trace:0.05008459
HsqlException:0.006670619
