HsqlDatabaseProperties:0.17211588
WebServer:0.11442327
Server:0.11346385
DatabaseManager:0.078225575
ServerConfiguration:0.06102991
Trace:0.055784035
Database:0.054551303
TextCache:0.045788024
DatabaseInformationFull:0.038436793
jdbcDriver:0.03762464
DatabaseInformationMain:0.03401451
HsqlServerFactory:0.024762884
WebServerConnection:0.021595787
Servlet:0.014177304
