Logger:0.091327414
Database:0.08936564
DataFileCache:0.06993924
TextCache:0.057914495
Trace:0.05675131
HsqlDatabaseProperties:0.056640577
Cache:0.055678476
Table:0.045292847
Session:0.03755535
DatabaseInformationFull:0.03749006
DatabaseManager:0.034402173
ScriptRunner:0.03354428
DatabaseScript:0.02494397
SessionManager:0.013152425
HsqlException:0.01107885
NumberSequence:0.0015322553
