CachedDataRow:0.26287612
Node:0.2446104
CachedRow:0.22139543
Row:0.14878432
BaseMemoryNode:0.08125561
Table:0.038216144
Trace:0.026518421
HsqlException:0.010200047
