CachedDataRow:0.26634595
TextTable:0.17648058
TextCache:0.09714128
CachedRow:0.06260805
Table:0.048118036
HsqlException:0.006168338
