MLinkButton:0.64
Globals:0.46
LookAndFeelSettings:0.2633333333333333
LAFItem:0.16666666666666666
