KeyEventWorkaround:0.5166666666666667
KeyEventTranslator:0.4066666666666667
Debug:0.18833333333333332
