TodoEditor:0.6633333333333333
AbstractFS:0.5966666666666667
