ArrayUtil:0.5733333333333334
LobManager:0.4066666666666667
SessionData:0.32666666666666666
