UI:0.9266666666666666
Armor:0.26666666666666666
PropertiesBar:0.23555555555555557
CategoryMenu:0.16555555555555557
Blend:0.16
MTextLabel:0.16
