Log:0.5333333333333333
Logger:0.4748333333333333
DataFileCache:0.46
SessionData:0.295
