CachedDataRow:0.5374993
CachedRow:0.47889912
Node:0.3437348
PointerNode:0.16257185
Table:0.1463026
DiskNode:0.13004859
Index:0.10197488
TableFilter:0.07774669
DataFileDefrag:0.07772554
MemoryNode:0.06898689
Session:0.065829344
CompiledStatementExecutor:0.03892445
Record:0.013370827
HsqlException:0.0052163056
