DataFileCache:0.19592518
Cache:0.16364346
Log:0.07697537
HsqlProperties:0.07562678
HsqlDatabaseProperties:0.073285855
Trace:0.06741632
DatabaseInformationFull:0.0627864
TextTable:0.05493364
Table:0.04791113
CachedRow:0.04781772
ScaledRAFile:0.04427329
Database:0.04373598
CachedDataRow:0.034139164
PointerCachedDataRow:0.017199807
HsqlException:0.0065526483
