Table:0.081328996
TextCache:0.05072585
DatabaseCommandInterpreter:0.045299504
Session:0.042541973
Trace:0.039565064
PointerCachedDataRow:0.038137008
Database:0.035872623
CachedDataRow:0.034527984
CachedRow:0.032758284
Node:0.031751424
HsqlNameManager:0.021094082
HsqlException:0.008450538
