TaskTable:0.13288282
TaskModel:0.06371874
SummaryRenderer:0.06356552
DateTimeRenderer:0.06191258
Sorter:0.052857265
TaskState:0.040379595
TaskList:0.034562197
TaskComparator:0.019925589
Priority:0.018570561
TaskPanel:0.013974195
CircleRenderer:0.010797401
CompleteRenderer:0.009402103
TaskSelection:0.005578419
Filter:0.0036135607
CircleEditor:0.0031698123
