JFlexParser:0.6066666666666667
Environment:0.57
ParserUtil:0.42333333333333334
UpgradeServlet:0.26
