FS:0.69
PluginInfo:0.30666666666666664
MTable:0.2783333333333333
BackupDialog:0.24111111111111114
ScriptPlugin:0.23333333333333334
PickerColorChooserPanel:0.22833333333333333
StatsPanel:0.20666666666666667
MFileChooser:0.20333333333333334
