DefaultDrawingEditor:0.5299488
DrawingView:0.37245214
CreationTool:0.21709059
Figure:0.20686541
Tool:0.1899157
TextAreaCreationTool:0.15305033
AbstractTool:0.15181278
DefaultDrawingView:0.15093921
ConnectionTool:0.14934826
DefaultHandleTracker:0.14869478
SelectionTool:0.13742933
TextCreationTool:0.12767066
BoundsOutlineHandle:0.12648855
BezierTool:0.121555954
AbstractHandle:0.11996289
ImageTool:0.11612103
DefaultSelectAreaTracker:0.113700286
BezierOutlineHandle:0.11340599
DefaultDrawingViewTransferHandler:0.108453006
BidirectionalConnectionTool:0.10565456
HandleAttributeKeys:0.1003657
DefaultDragTracker:0.09809024
AttributeKey:0.09662832
DnDTracker:0.088109545
RoundRectangleRadiusHandle:0.08449833
BezierControlPointHandle:0.08417548
AbstractConnectionHandle:0.08038425
BezierNodeHandle:0.080025636
TextAreaEditingTool:0.07996481
AbstractRotateHandle:0.07660892
ConnectorHandle:0.073906414
FontSizeHandle:0.071482964
TextEditingTool:0.066754274
TextOverflowHandle:0.06034569
ResizeHandleKit:0.059358817
MoveHandle:0.05382533
TransformHandleKit:0.05284363
NullHandle:0.051142603
BezierScaleHandle:0.046921562
TriangleRotationHandler:0.0419078
