MMessage:0.7266666666666667
MTable:0.38666666666666666
DBTableModel:0.23666666666666666
DeletePrivateDataPlugin:0.14444444444444446
