jEdit:0.7033333333333334
Install:0.32
PluginJAR:0.29333333333333333
Remove:0.2866666666666667
EvalError:0.24666666666666667
Plugin:0.23
PluginManagerProgress:0.185
PluginOptions:0.13
ActionHandler:0.12
RemoveButton:0.11
HelpButton:0.10666666666666667
Roster:0.08
PluginManagerOptionPane:0.03861111111111111
