VFSDirectoryEntryTable:0.5466666666666666
VFSDirectoryEntryTableModel:0.4633333333333333
BrowserView:0.22666666666666666
FileCellRenderer:0.19305555555555556
InstallPanel:0.15666666666666668
TableMouseHandler:0.07333333333333333
ParentMouseHandler:0.013333333333333334
