QueryHandler:0.6133333333333333
AnsiQueryHandler:0.6
DataHandler:0.29533333333333334
TestDataHandler:0.23333333333333334
ItemsServlet:0.2
AnsiDataHandler:0.15666666666666668
DB2400QueryHandler:0.09666666666666666
DB2QueryHandler:0.09666666666666666
OracleQueryHandler:0.09666666666666666
