ServerAPI:0.21179937
DOMMessage:0.119430736
Connection:0.035854727
