ProxyInfo:0.63
MUndoManager:0.5066666666666667
ProxyModel:0.44333333333333336
ProxyPanel:0.31333333333333335
