EditAction:0.36482263
jEdit:0.25438768
DockableWindowManager:0.22452055
EditPlugin:0.21265696
Macros:0.20778847
ShortcutsOptionPane:0.16159858
ContextAddDialog:0.15344806
ToolBarEditDialog:0.12478404
JARClassLoader:0.08576346
ActionListHandler:0.07814221
