MLabel:0.5633333333333334
MainWindow:0.31666666666666665
TodoEditorCore:0.30333333333333334
TaskStateMenu:0.1811111111111111
NodeMenu:0.18
DateTimeRenderer:0.16666666666666666
TasksMenu:0.146
