Unit:0.63
UnitType:0.57
ReportLabourPanel:0.24333333333333335
FoundingFatherTest:0.19666666666666666
ScoutingMission:0.18666666666666668
AbstractUnitTest:0.13333333333333333
