jEdit:0.6766666666666666
DockableWindowContainer:0.37333333333333335
MouseHandler:0.37
DockableWindowManager:0.3466666666666667
Entry:0.31666666666666665
PluginJAR:0.26
ActionBar:0.18666666666666668
ThreadProgress:0.16333333333333333
BrowserHandler:0.16333333333333333
PanelWindowContainer:0.15666666666666668
VFSFileChooserDialog:0.15333333333333332
Remove:0.14333333333333334
FloatingWindowContainer:0.11
