TransactionManager:0.6011111111111112
DataFileCache:0.6
TransactionManagerCommon:0.31333333333333335
DataFileDefrag:0.2966666666666667
