Console:0.6666666666666666
ConsoleConfig:0.33666666666666667
MUndoManager:0.30666666666666664
Frame:0.16111111111111112
