HelpIndex:0.51
HelpTOCPanel:0.36
EditAction:0.31333333333333335
PluginsMenu:0.13333333333333333
