jEdit:0.11798873
View:0.10189818
Buffer:0.090855286
GUIUtilities:0.08196264
VFSManager:0.050841756
EnhancedDialog:0.033198968
