jEdit:0.17027113
InputHandler:0.16926444
DefaultInputHandler:0.14988174
BeanShellAction:0.14345992
GUIUtilities:0.13599682
View:0.106531784
Macros:0.10635222
EnhancedCheckBoxMenuItem:0.08205185
ToolBarOptionPane:0.075966574
EnhancedMenuItem:0.074755125
ShortcutsOptionPane:0.07398288
RecentFilesMenu:0.07066486
Buffer:0.07034614
ContextOptionPane:0.06626621
OpenWithEncodingMenu:0.052224405
CurrentDirectoryMenu:0.051237475
EnhancedButton:0.04114675
MarkersMenu:0.031785093
