jEdit:0.54
JEditTextArea:0.51
HistoryTextField:0.2733333333333333
BrowserHandler:0.2633333333333333
VFSFileNameField:0.22333333333333333
EditServer:0.17
