Archive:0.6833333333333333
PropertiesPanel:0.45
MSmallColorButton:0.3466666666666667
FeedThread:0.23666666666666666
