ColonyPanel:0.4633333333333333
UnitLabel:0.4066666666666667
InPortPanel:0.2833333333333333
EuropePanel:0.23333333333333334
BuildingPanel:0.22666666666666666
OutsideColonyPanel:0.19666666666666666
