StaticUtils:0.7266666666666667
DictionaryManager:0.3233333333333333
SpellChecker:0.30333333333333334
