ClientOptions:0.5033333333333333
OptionMap:0.2733333333333333
FreeColClient:0.2733333333333333
ServerPlayer:0.26416666666666666
InGameInputHandler:0.24833333333333332
SchoolTest:0.19333333333333333
MapGeneratorTest:0.16333333333333333
StartGamePanel:0.16333333333333333
SoundTest:0.11
DisplayBordersAction:0.09
DisplayGridAction:0.09
