IMainMenu:0.032214552
MainWindowMenuHandler:0.010776787
MainWindow:0.009613096
