Player:0.6333333333333333
Turn:0.43666666666666665
Unit:0.3933333333333333
Region:0.34
InGameController:0.23
ActionManager:0.21333333333333335
InGameInputHandler:0.20333333333333334
Canvas:0.18
MapGeneratorTest:0.13666666666666666
InGameMenuBar:0.11
ReportHistoryPanel:0.10666666666666667
ReportHistoryAction:0.06
