AIUnit:0.47720355
AIColony:0.31533107
GoodsWish:0.31098443
Wish:0.2451869
EuropeanAIPlayer:0.21249072
Transportable:0.20380847
AIMain:0.20356934
AIObject:0.13282888
