AIColony:0.2555129
AIGoods:0.24247721
Wish:0.2264577
AIMain:0.22394684
AIObject:0.165738
ValuedAIObject:0.08975385
Transportable:0.035579093
