Buffer:0.72
BufferSaveRequest:0.27777777777777773
SaveBackupOptionPane:0.16
MyActionListener:0.15444444444444444
