Unit:0.6333333333333333
Player:0.5733333333333334
ContactTest:0.31666666666666665
