LobManager:0.41
DataFileCache:0.39666666666666667
Logger:0.3333333333333333
QuerySpecification:0.29333333333333333
