InternetBrowserSettings:0.039763417
AbstractSettingsPage:0.002567589
