TextFigure:0.28940094
TextAreaFigure:0.23247342
LabelFigure:0.21601246
TextAreaCreationTool:0.21150108
TextCreationTool:0.18701461
TextAreaEditingTool:0.17156482
FontSizeHandle:0.17026024
TextInputFormat:0.16409497
FontSizeLocator:0.15231527
FloatingTextArea:0.14100766
TextEditingTool:0.13768803
TextOverflowHandle:0.1347883
FloatingTextField:0.121075794
Figure:0.033513997
