MText:0.12380057
AbstractListTableModel:0.06417236
MAction:0.059100483
MMenu:0.026576888
MToolBar:0.014429827
BooleanProperty:0.009981631
TK:0.006586493
MLogger:0.0046422537
Property:0.003808709
