Config:0.35
HTMLBuilder:0.3
SearchBar:0.29777777777777775
Syntax:0.27777777777777773
PropertyPanel:0.20666666666666667
ImageInfo:0.19333333333333333
Title:0.18233333333333335
ToggleButton:0.17666666666666667
CacheItem:0.15666666666666668
