MTreeModel:0.31198624
MTreeScanner:0.12710714
MTree:0.038543813
TK:0.025812931
MRenderer:0.02296022
MArrayList:0.016560739
MV:0.0050484906
