Task:0.7933333333333333
MDate:0.46
NotepadEditorPlugin:0.24833333333333332
TodoEditorCore:0.20833333333333334
TodoEditor:0.20666666666666667
TodoEditorPlugin:0.16333333333333333
TaskSelection:0.15888888888888889
SummaryRenderer:0.12
