Widget:0.6166666666666667
PlayAction:0.22333333333333333
ShowGridAction:0.19333333333333333
BlueprintAction:0.19333333333333333
