Token:0.3284322
Scanner:0.25876677
ParserDQL:0.24778652
ParserRoutine:0.20489056
ParserDDL:0.17767033
ParserCommand:0.16775617
Expression:0.10267069
ExpressionValue:0.09256029
ParserDML:0.074702755
Constraint:0.049000714
Routine:0.048146594
Table:0.04664266
HsqlException:0.043458924
StatementSchemaDefinition:0.034760445
StatementSchema:0.027587134
View:0.027502883
OpTypes:0.017467527
Tokens:0.0
