DT:0.44
ScriptExecutor:0.37
MetaInfo:0.3333333333333333
ScriptError:0.31333333333333335
ScriptIDE:0.29
ControlPanel:0.29
MainWindow:0.25666666666666665
MText:0.25666666666666665
MToolBar:0.23666666666666666
Task:0.23166666666666666
MDate:0.21333333333333335
FeedViewer:0.2
RatingPanel:0.2
PrintDialog:0.19666666666666666
ScriptPlugin:0.18333333333333332
DateTimeEditor:0.18
CalendarComponent:0.07
