UI:0.5766666666666667
TK:0.5333333333333333
Property:0.47
Builder:0.3566666666666667
MRenderer:0.23
BooleanRenderer:0.23
TaskTable:0.21333333333333335
MToolBar:0.21
SelectionTool:0.21
MTextField:0.19666666666666666
HelpGenerator:0.19333333333333333
SummaryRenderer:0.13
MFontComboBox:0.08333333333333333
