QueryHandler:0.6086666666666667
DatabaseConnection:0.39
DatabaseHandler:0.38333333333333336
Utilities:0.31666666666666665
DefaultQueryHandler:0.29933333333333334
SetupServlet:0.20666666666666667
DatabaseUpgrades:0.14666666666666667
