LookAndFeelPlugin:0.0803176
PluginSettings:0.04444326
PluginInfo:0.034611564
PluginDownloader:0.03180775
PluginType:0.028654465
AbstractPlugin:0.021899842
