InternetSearchPlugin:0.08760667
InternetSearchPanel:0.053167604
