ExpressionLike:0.03401636
Session:0.009617157
SessionInterface:0.002607219
