MTextField:0.555
ValidatorSupport:0.4066666666666667
TextComponentValidator:0.31972222222222224
