Statement:0.59
DataFileCache:0.33
StatementDML:0.30333333333333334
StatementResultUpdate:0.2966666666666667
StatementDMQL:0.23555555555555557
