Kiosk:0.5239047619047619
MainWindow:0.4033333333333333
ExtraKiosk:0.2567063492063492
ShowAction:0.20444444444444446
