Token:0.333958
Scanner:0.26631334
ParserDQL:0.234863
ParserRoutine:0.18055356
ParserDDL:0.16968296
ParserCommand:0.15863846
Expression:0.094965324
ExpressionValue:0.09256035
ParserDML:0.076639004
Table:0.05320121
Routine:0.048592135
Constraint:0.047394026
HsqlException:0.042281322
Session:0.037276965
StatementSchemaDefinition:0.03633525
View:0.02791411
StatementSchema:0.027587704
TableDerived:0.019793365
OpTypes:0.016888019
Tokens:0.0
