StatementCompound:0.36998394
ParserRoutine:0.18663272
Statement:0.139788
Expression:0.1284956
Session:0.09615263
StatementTypes:0.080054015
HsqlException:0.055648893
Tokens:0.0
