StatementHandler:0.29858035
Routine:0.24100815
StatementSimple:0.2230957
ParserRoutine:0.20537977
StatementDMQL:0.20104662
Table:0.19059135
ParserDDL:0.17905809
Statement:0.17548275
StatementExpression:0.16520795
QueryExpression:0.1639194
RangeVariable:0.14806603
SessionContext:0.12656912
Database:0.114729784
Session:0.11465803
StatementQuery:0.10654382
ColumnSchema:0.09500022
StatementCursor:0.092969894
HsqlNameManager:0.083295465
SchemaObject:0.07171515
StatementTypes:0.054823812
HsqlException:0.03520777
TransactionManager:0.021702548
RangeGroup:0.014615673
ColumnBase:0.011404952
Tokens:0.0
