ClientOptions:0.32666666666666666
GameOptions:0.3233333333333333
MapGeneratorOptions:0.31333333333333335
FreeColClient:0.26
FreeColServer:0.25666666666666665
OptionMap:0.25
ActionManager:0.1927777777777778
DifficultyDialog:0.14
SoundTest:0.1
DifficultyOptionMap:0.07
