FoundingFather:0.5833333333333334
ColopediaPanel:0.4
ChooseFoundingFatherDialog:0.21666666666666667
FoundingFatherPanel:0.16777777777777778
