PluginInfo:0.5266666666666666
PluginCache:0.46
PluginManager:0.2966666666666667
PluginSettings:0.23
AbstractSettings:0.19
PluginInstaller:0.11
