NodeAVLDisk:0.5
PersistentStore:0.38145634920634913
RowStoreAVL:0.38
IndexAVL:0.29
IndexAVLMemory:0.2733333333333333
RowStoreAVLMemory:0.26166666666666666
RowStoreAVLDisk:0.24333333333333335
NodeAVLDiskLarge:0.2325
IndexRowIterator:0.21694444444444447
SimpleStore:0.1375
