Unit:0.4039609
Europe:0.357837
GoodsContainer:0.33564147
Colony:0.28368428
Tile:0.27912882
AbstractGoods:0.25331894
Market:0.25327075
IndianSettlement:0.2437763
Settlement:0.2311296
Player:0.2042119
GoodsTradeItem:0.14584866
Location:0.12947027
FreeColObject:0.12822713
GoodsType:0.12338547
Locatable:0.12016642
Game:0.0994317
SimpleCombatModel:0.09520462
FreeColGameObjectType:0.095119976
DiplomaticTrade:0.09284668
Ownable:0.028385345
Named:0.023403922
