AbstractTool:0.1267749
ToolManager:0.1113221
Tool:0.10382723
SelectionTool:0.051755637
