Unit:0.8333333333333334
SimpleCombatModel:0.36777777777777776
FoundingFatherTest:0.14666666666666667
CombatTest:0.13333333333333333
IndianSettlementTest:0.06333333333333334
