Server:0.19878721
Result:0.05555858
DatabaseManager:0.049308427
Trace:0.03131709
Database:0.03001901
Session:0.029338127
ResultConstants:0.018806921
HsqlException:0.0050538504
