Unit:0.7066666666666667
FreeColAction:0.33666666666666667
UnitStateChangeAction:0.23666666666666666
MapControls:0.21444444444444447
DragListener:0.19666666666666666
ActionManager:0.18333333333333332
