NoteWidgetPlugin:0.088833034
NoteBorder:0.005394497
