Preview:0.7394999999999999
DefaultPreview:0.46
PropertiesPanel:0.4
PreviewPanel:0.31666666666666665
EditorPreview:0.10666666666666667
