Desktop:0.4891666666666667
FeedThread:0.4666666666666667
PluginInstaller:0.28833333333333333
