Session:0.6433333333333333
ResultConstants:0.45359523809523816
ServerConnection:0.42
HSQLClientConnection:0.22333333333333333
SessionInterface:0.18416666666666667
