Charset:0.044909194
Type:0.040867224
CharacterType:0.023765316
