Unit:0.6266666666666667
Europe:0.37666666666666665
InGameController:0.34
DestinationPanel:0.1511111111111111
