Canvas:0.53
Goods:0.45666666666666667
UnitLabel:0.31666666666666665
ReportMilitaryPanel:0.2
ReportNavalPanel:0.2
FreeColMenuBar:0.19
ReportLabourPanel:0.17666666666666667
ReportColonyPanel:0.17666666666666667
ReportProductionPanel:0.15666666666666668
ReportPanel:0.11666666666666667
ReportReligiousPanel:0.10666666666666667
ActionManager:0.07666666666666666
ReportColonyAction:0.06333333333333334
