AIColony:0.7666666666666667
PioneeringMission:0.39666666666666667
