MMessage:0.5333333333333333
Input:0.48333333333333334
Console:0.31666666666666665
VersionPanel:0.21666666666666667
MColorChooser:0.2
QueryEditor:0.18333333333333332
EditorCrypto:0.15
SummaryEditor:0.15
NotepadEditorDesigner:0.15
AddLinkAddressAction:0.09
