MSmallColorButton:0.25445405
MSmallColorChooser:0.23905386
MColorPicker:0.20196903
MColorChooser:0.1186101
MButton:0.016864665
