River:0.06704899
MapGeneratorOptions:0.06334324
