PreGameInputHandler:0.33567095
InGameInputHandler:0.21846204
Controller:0.20962869
