Goods:0.7866666666666666
PlayerExploredTile:0.2833333333333333
TileImprovementType:0.27666666666666667
TileType:0.2711111111111111
