TextEditor:0.43333333333333335
TextEditorDesigner:0.4066666666666667
HTMLRichTextPane:0.30333333333333334
RichTextPane:0.24666666666666667
HTMLRichTextEditorKit:0.18333333333333332
Core:0.18333333333333332
ShowHTMLAction:0.18055555555555555
HTMLRichTextDocument:0.14
