MetaInfo:0.8233333333333334
Tabs:0.3566666666666667
Bookmarks:0.22444444444444447
SessionManager:0.22
FeedsFS:0.20583333333333334
LinkMetaInfo:0.13666666666666666
