AbstractFileCache:0.11115527
ConfigFile:0.09262447
MZip:0.09034739
FileScanner:0.09014767
Config:0.0784851
TK:0.068115875
MFileChooser:0.06508743
Net:0.06054293
XMLHelper:0.05860202
OS:0.056570325
MApplication:0.05411292
MProcess:0.050230112
MProperties:0.049960833
AbstractMarkupBuilder:0.04561506
FileSelection:0.042593632
MText:0.03976631
LogFile:0.039114222
SimpleXMLReader:0.03724941
MIconChooser:0.033805177
RegExp:0.033150222
Checksum:0.032569624
Args:0.031570375
MMessage:0.031199165
MDownloadDialog:0.027762858
Item:0.021499414
Property:0.02070927
Gettext:0.019868743
MLogger:0.017818643
HTMLViewFactory:0.017349327
ImageSelection:0.012603358
MToolBar:0.009631843
BooleanProperty:0.009463685
Flags:0.007483408
WTFError:0.0056589493
