ScriptIDE:0.07177628
ScriptExecutor:0.02293757
ScriptError:0.016242623
ScriptComboBox:0.0071247397
