Mission:0.3433333333333333
PrivateerMission:0.2733333333333333
WorkInsideColonyMission:0.23666666666666666
TransportMission:0.22666666666666666
BuildColonyMission:0.20333333333333334
WishRealizationMission:0.2
CashInTreasureTrainMission:0.18666666666666668
ScoutingMission:0.18666666666666668
UnitSeekAndDestroyMission:0.18666666666666668
DefendSettlementMission:0.18666666666666668
IndianBringGiftMission:0.17833333333333334
PioneeringMission:0.17666666666666667
IndianDemandMission:0.16333333333333333
UnitWanderHostileMission:0.10666666666666667
UnitWanderMission:0.10666666666666667
IdleAtColonyMission:0.10666666666666667
