Map:0.55
Server:0.3233333333333333
UserInputHandler:0.20666666666666667
GUI:0.1988888888888889
ServerGame:0.19055555555555556
ClientGame:0.18
ServerMap:0.16611111111111113
DefaultInGameNetworkListener:0.12333333333333334
ScrollThread:0.10666666666666667
