Collation:0.51
Charset:0.38666666666666666
ColumnSchema:0.3566666666666667
Database:0.35
ParserDQL:0.30333333333333334
ClobType:0.29333333333333333
LobManager:0.27
CharacterType:0.26
StatementCommand:0.22044444444444447
ParserDDL:0.21333333333333335
ParserCommand:0.19666666666666666
DatabaseInformationFull:0.19166666666666668
SchemaManager:0.18083333333333335
