CanvasMouseListener:0.5333333333333333
CanvasMouseMotionListener:0.39666666666666667
PreGameController:0.37333333333333335
