Tree:0.5866666666666667
TreePanel:0.46416666666666667
LiveTutorial:0.24444444444444446
Summary:0.20666666666666667
MenuButton:0.1811111111111111
