ServletUtil:0.2541274
CategoryServlet:0.1187992
AdminServlet:0.11497386
LinkToServlet:0.10231222
EditServlet:0.08930727
PrintableServlet:0.08317639
MoveServlet:0.07510077
UpgradeServlet:0.073753536
TranslationServlet:0.06795244
ImportTiddlyWikiServlet:0.06772451
HistoryServlet:0.06656563
ImportServlet:0.06537494
ManageServlet:0.060990393
ItemsServlet:0.058944546
SpecialPagesServlet:0.053097583
WatchlistServlet:0.05226387
UploadServlet:0.046576116
SetupServlet:0.045793585
DiffServlet:0.045366097
JAMWikiServlet:0.044217493
SearchServlet:0.042464394
RolesServlet:0.03855742
TopicServlet:0.038067207
RegisterServlet:0.033336405
ContributionsServlet:0.029811228
RecentChangesServlet:0.028864365
ExportServlet:0.024421427
StylesheetServlet:0.016902484
LoginServlet:0.01430326
