PrintDialog:0.6566666666666666
AbstractPrintInfo:0.2966666666666667
ChartDialog:0.24333333333333335
ImagePrintInfo:0.22
PrintAction:0.11333333333333333
TextPrintInfo:0.09333333333333334
