RealProject:0.07543594
CommandVarExpansion:0.07230304
ProjectTMX:0.035239037
IProject:0.024501495
ProjectException:0.023655353
NotLoadedProject:0.018512443
ParseEntry:0.015619386
ExternalTMX:0.01428274
TranslateEntry:0.013301258
ProjectFactory:0.005692056
