Unit:0.6066666666666667
UnitType:0.39666666666666667
UnitTypeChange:0.32666666666666666
InGameController:0.31166666666666665
ServerPlayer:0.24111111111111114
InGameInputHandler:0.21666666666666667
SimpleCombatModel:0.21333333333333335
DemotionTest:0.19333333333333333
DragListener:0.17
