JAMWikiServlet:0.3046111111111111
PersistencyHandler:0.29333333333333333
DefaultQueryHandler:0.29333333333333333
Environment:0.29
DatabaseHandler:0.2866666666666667
FileHandler:0.27666666666666667
QueryHandler:0.2253730158730159
SetupServlet:0.18333333333333332
