ColonyPanel:0.3174892
DefaultTransferHandler:0.28278086
EuropePanel:0.20428473
DragListener:0.066860974
