Unit:0.35616294
GoodsContainer:0.1855343
Building:0.18432821
Colony:0.18168668
Tile:0.18083197
Europe:0.17722242
Market:0.17704552
IndianSettlement:0.16852622
ColonyTile:0.15426302
Player:0.11818314
Locatable:0.08023234
Location:0.07647073
Game:0.052446987
