DefaultTransferHandler:0.29050404
EuropePanel:0.19684292
DragListener:0.10488988
