ColonyPanel:0.28936264
DefaultTransferHandler:0.17835142
EuropePanel:0.1707417
DragListener:0.086341575
