InternetSearchPanel:0.67
SnippetAction:0.2866666666666667
Database:0.23666666666666666
FeedUtils:0.23
