TextArea:0.63
StructureMatcher:0.59
JEditTextArea:0.49333333333333335
MouseHandler:0.41
InputHandler:0.4033333333333333
GUIUtilities:0.39
JEditBuffer:0.38666666666666666
TextAreaPainter:0.36333333333333334
InputHandlerProvider:0.3272804232804233
ChunkCache:0.27666666666666667
DisplayManager:0.23333333333333334
SelectionManager:0.22
InputMethodSupport:0.2
FirstLine:0.18
EditPane:0.17666666666666667
BufferHandler:0.17666666666666667
TextAreaDropHandler:0.17333333333333334
Gutter:0.17333333333333334
TextAreaMouseHandler:0.17
StatusListener:0.15194444444444447
FastRepaintManager:0.15
Highlight:0.14333333333333334
AbstractInputHandler:0.13666666666666666
Anchor:0.13333333333333333
ExtensionManager:0.11333333333333333
ScrollLineCount:0.10666666666666667
PaintLineBackground:0.1
StatusHandler:0.08666666666666667
TextAreaInputHandler:0.065
BracketMatcher:0.04666666666666667
ScrollListener:0.013333333333333334
ScrollHandler:0.013333333333333334
TextAreaException:0.0
DefaultInputHandlerProvider:0.0
