SearchBar:0.49
QueryEditor:0.36666666666666664
Dialog:0.33666666666666667
TreePanel:0.18166666666666667
MProperties:0.14
SavedSearchAction:0.08333333333333333
RemoveSavedSearchAction:0.03833333333333333
