MColorButton:0.22754103
MSmallColorButton:0.15013598
MColorIcon:0.048343487
MPanel:0.04527994
TK:0.037493907
UI:0.035818946
MSmallButton:0.023371775
MLabel:0.022467002
MActionInfo:0.009546902
ValueEvent:0.008345634
