MTable:0.14132474
ColumnManager:0.095659204
MMenu:0.03886115
MMouseAdapter:0.032726865
MAction:0.01634059
Config:0.011835033
Kiosk:0.0067427396
BooleanProperty:0.0023095284
Property:0.0021801363
