BuildQueue:0.7733333333333333
ServerColony:0.25666666666666665
