IEntryEventListener:0.6966666666666667
CoreEvents:0.39666666666666667
EditorController:0.27
MatchesTextArea:0.22666666666666666
ProjectFrame:0.21
EntryInfoPane:0.13666666666666666
FindMatchesThread:0.11333333333333333
DictionariesTextArea:0.11333333333333333
GlossaryTextArea:0.11333333333333333
GoogleTranslateTextArea:0.11
FindGlossaryThread:0.06666666666666667
DictionaryEntriesSearchThread:0.05
EntryInfoSearchThread:0.05
FindThread:0.05
