Canvas:0.61
GUI:0.48333333333333334
MapEditorController:0.32666666666666666
StartGamePanel:0.22666666666666666
ShowMapGeneratorOptionsAction:0.13
