Buffer:0.5566666666666666
JEditTextArea:0.4266666666666667
JARClassLoader:0.39666666666666667
FoldVisibilityManager:0.36333333333333334
GUIUtilities:0.35
ActionListHandler:0.24666666666666667
PluginListHandler:0.24666666666666667
DockableListHandler:0.24666666666666667
XModeHandler:0.21666666666666667
ChunkCache:0.19666666666666666
ModeCatalogHandler:0.19
BufferOptions:0.14666666666666667
RecentHandler:0.14333333333333334
MouseHandler:0.11333333333333333
