SaveThread:0.49333333333333335
CheckThread:0.24111111111111114
