Player:0.5666666666666667
Tile:0.5633333333333334
Colony:0.49666666666666665
