MiniMap:0.14808495
InfoPanel:0.12623219
UnitButton:0.05534209
