MapControls:0.034119677
ImageProvider:0.009800956
UnitButton:0.0025858318
