HsqlDateTime:0.66
Server:0.41055555555555556
SimpleLog:0.29333333333333333
