AIColony:0.4166666666666667
Ownable:0.385
Goods:0.37333333333333335
Building:0.35
Europe:0.2966666666666667
AIGoods:0.2705952380952381
ColonyTile:0.24666666666666667
PioneeringMission:0.21555555555555558
TilePopup:0.21333333333333335
