Environment:0.7766666666666666
AdminServlet:0.33
JAMWikiServlet:0.27
HoneypotValidator:0.08333333333333333
