Category:0.6066666666666667
CategoryList:0.30333333333333334
CategoryManager:0.28
CategoryListRenderer:0.22666666666666666
