JDBCResultSet:0.4766666666666667
JDBCCallableStatement:0.31666666666666665
RowAVLDiskData:0.26
BaseHashMap:0.25777777777777783
RowAVLDisk:0.22
RowOutputBinaryEncode:0.21911111111111106
TestJDBCGeneratedColumns:0.13666666666666666
