Constrainer:0.5233333333333333
CreationTool:0.3433333333333333
FigureSpecificConstrainer:0.17333333333333334
GridConstrainer:0.16333333333333333
NullConstrainer:0.11111111111111112
