SchemaManager:0.45
IndexAVL:0.43333333333333335
Cache:0.39666666666666667
TransactionManagerCommon:0.33
