Tokens:0.5433333333333333
Routine:0.5266666666666666
StatementSchema:0.3466666666666667
RoutineSchema:0.3433333333333333
Database:0.31666666666666665
ParserDDL:0.30333333333333334
ParserDQL:0.2966666666666667
SchemaManager:0.2733333333333333
StatementCommand:0.22
ParserCommand:0.19333333333333333
StatementTypes:0.08
