MApplication:0.2646409
OS:0.1365226
TK:0.10123332
FS:0.08822677
StringComparator:0.024702355
