Editor:0.75
TodoEditor:0.30666666666666664
ImageEditor:0.2966666666666667
TextEditor:0.29
