Buffer:0.5433333333333333
DockableWindowManager:0.3333333333333333
PanelWindowContainer:0.24666666666666667
SyntaxHiliteOptionPane:0.22333333333333333
