GUIUtilities:0.7266666666666667
VFSBrowser:0.49833333333333335
BufferIORequest:0.43
