GUI:0.7866666666666666
TilePopupAction:0.3901111111111111
