InGameController:0.6
GUI:0.3566666666666667
MapEditorController:0.2966666666666667
ConnectController:0.22444444444444447
PreGameController:0.21777777777777782
