Logger:0.7716666666666666
ParserDDL:0.6261111111111112
