Session:0.4066666666666667
ParserDQL:0.335
RowAction:0.30666666666666664
FunctionSQL:0.2733333333333333
TestLikePredicateOptimizations:0.24666666666666667
TransactionManager2PL:0.23666666666666666
TransactionManagerMV2PL:0.23333333333333334
Constraint:0.21666666666666667
RowStoreAVLDisk:0.21666666666666667
RowStoreAVLHybrid:0.21666666666666667
RowActionBase:0.21333333333333335
CompileContext:0.21
LongKeyIntValueHashMap:0.20333333333333334
HashMap:0.19666666666666666
TransactionManagerMVCC:0.19333333333333333
TestINPredicateParameterizationAndCorrelation:0.18666666666666668
IntKeyHashMap:0.07
