MButton:0.6394444444444445
SimpleListCellRenderer:0.42333333333333334
MSmallButton:0.33
