RoleMap:0.5108333333333334
AnsiDataHandler:0.42333333333333334
AnsiQueryHandler:0.39666666666666667
