Canvas:0.6733333333333333
EuropePanel:0.37
MapGeneratorOptionsDialog:0.2833333333333333
InfoPanel:0.23
StartGamePanel:0.2
MapEditorTransformPanel:0.17333333333333334
FreeColPanel:0.17333333333333334
ToAmericaPanel:0.16966666666666666
ToEuropePanel:0.16966666666666666
MarketPanel:0.16966666666666666
PlayersTableModel:0.14666666666666667
TileInfoPanel:0.13666666666666666
SelectAmountDialog:0.12
EndTurnPanel:0.09333333333333334
