GUIUtilities:0.12681106
jEdit:0.113449395
Buffer:0.07595948
EditAction:0.06182183
MiscUtilities:0.05854904
View:0.042004917
EnhancedMenu:0.03230761
