TokenMarker:0.064394824
ParserRule:0.06206504
ParserRuleFactory:0.052808203
KeywordMap:0.042746358
XModeHandler:0.0381273
Buffer:0.012864947
jEdit:0.006254423
