KeywordMap:0.14654139
TokenMarker:0.13468403
TextUtilities:0.12956801
ParserRuleFactory:0.1185074
Buffer:0.109897844
XModeHandler:0.10495558
JEditTextArea:0.09460807
GUIUtilities:0.07085829
TextAreaPainter:0.04733373
