DrawingEditor:0.39588606
Figure:0.27208656
DefaultDrawingView:0.25768197
Drawing:0.21538101
DrawingEditorProxy:0.19395627
DefaultDrawingEditor:0.15125126
Constrainer:0.14969264
CompositeFigure:0.14288941
DefaultDrawingViewTransferHandler:0.11979519
AbstractFigure:0.11653867
BezierFigure:0.08227493
LineConnectionFigure:0.07058007
LineFigure:0.06706676
GridConstrainer:0.046367034
