Canvas:0.6266666666666667
ColonyPanel:0.4266666666666667
BuildQueuePanel:0.33
ConstructionPanel:0.2966666666666667
