PluginManager:0.5933333333333334
Tabs:0.3283333333333333
MainWindow:0.25333333333333335
PropertiesBar:0.19805555555555557
Desktop:0.18666666666666668
PluginList:0.14555555555555558
TagsMenu:0.14
