MainWindow:0.62
Main:0.42
InternetSearchPanel:0.3566666666666667
InternetSearchPlugin:0.24333333333333335
InternetSearchAction:0.12666666666666668
LocalSearchAction:0.04
