Preferences:0.5333333333333333
EditorController:0.2866666666666667
RealProject:0.27
SearchWindowController:0.21222222222222223
MainWindowUI:0.2
ProjectUICommands:0.18333333333333332
