Game:0.5233333333333333
InGameInputHandler:0.4
GUI:0.3933333333333333
InGameController:0.37333333333333335
InputHandler:0.22333333333333333
PreGameInputHandler:0.19
ServerPlayer:0.18333333333333332
StartGamePanel:0.16333333333333333
ConnectController:0.15
PreGameController:0.12333333333333334
UserConnectionHandler:0.013333333333333334
