Table:0.58
Statement:0.36333333333333334
Routine:0.3233333333333333
Schema:0.29333333333333333
ExpressionColumn:0.2793333333333333
StatementDMQL:0.2742063492063492
SchemaManager:0.2633333333333333
SchemaObjectSet:0.25666666666666665
StatementCompound:0.23333333333333334
ParserRoutine:0.22333333333333333
ParserDDL:0.22333333333333333
StatementSchema:0.20333333333333334
StatementSet:0.2
QuerySpecification:0.18333333333333332
StatementExpression:0.09666666666666666
StatementSimple:0.08333333333333333
