FindGlossaryThread:0.19952111
GlossaryTextArea:0.19836557
GlossaryEntry:0.09325506
