FileCache:0.4533333333333333
TreePanel:0.41333333333333333
PropertiesBar:0.30333333333333334
