Canvas:0.7266666666666667
InGameController:0.5133333333333333
InGameInputHandler:0.35333333333333333
