SettingsReloader:0.06625634
jEdit:0.046640888
KeyEventWorkaround:0.03177109
MiscUtilities:0.02831006
Log:0.02687893
FileVFS:0.025392473
GUIUtilities:0.022340858
EditServer:0.019780051
VFSManager:0.018775346
GrabKeyDialog:0.017195899
JARClassLoader:0.015080905
DefaultInputHandler:0.014110867
VFSBrowser:0.013459055
ToolBarManager:0.013081089
SearchDialog:0.012219578
JEditTextArea:0.011470553
EnhancedMenu:0.006981254
AppearanceOptionPane:0.0019097081
