InGameInputHandler:0.5666666666666667
InputHandler:0.3566666666666667
ChatHandler:0.29633597883597884
GetRandomNumbersHandler:0.2763359788359789
NetworkRequestHandler:0.26
PreGameInputHandler:0.16666666666666666
DisconnectHandler:0.03333333333333333
CurrentPlayerNetworkRequestHandler:0.02
