TestCacheSize:0.6966666666666667
SimpleLog:0.39666666666666667
