ConsoleInstall:0.34090415
NonInteractiveInstall:0.32867688
SwingInstall:0.19848362
OperatingSystem:0.18482277
Install:0.060353484
TarInputStream:0.057118762
Progress:0.03314018
TarEntry:0.024086412
CBZip2InputStream:0.018093072
