UnitType:0.5833333333333334
Unit:0.5666666666666667
BuildableType:0.33166666666666667
