FeedsFS:0.56
FSProperties:0.4817619047619048
FeedThread:0.30666666666666664
PropertiesPanel:0.23333333333333334
