ServletUtil:0.581111111111111
WikiPageInfo:0.4066666666666667
EditServlet:0.27666666666666667
