CompiledStatement:0.35634392
Session:0.33609208
DatabaseCommandInterpreter:0.14776063
Table:0.11588409
Select:0.11456472
Result:0.09994794
Database:0.08313247
Expression:0.08056812
ResultConstants:0.07627484
TableFilter:0.067835405
Trace:0.066925235
Column:0.045736194
DatabaseInformation:0.034567468
Row:0.032708533
DatabaseManager:0.026176143
HsqlException:0.017432878
HsqlInternalException:0.0050697247
Record:0.0013256543
