JEditTextArea:0.82
ChunkCache:0.4047777777777778
BufferChangeHandler:0.27666666666666667
