MTaskPanel:0.6633333333333333
GHNSDialog:0.3466666666666667
MSettingsDialog:0.3466666666666667
MFlipPanel:0.3433333333333333
