VFSDirectoryEntryTable:0.48222222222222216
VFSPathSelected:0.4066666666666667
MainMouseHandler:0.21333333333333335
