JavaNumberFormatter:0.7133333333333334
FillToolBar:0.25333333333333335
StrokeToolBar:0.25333333333333335
CanvasToolBar:0.22333333333333333
