LinkUtil:0.3641666666666667
NamespaceHandler:0.33
ServletUtil:0.31
WikiUtil:0.30666666666666664
ImageUtil:0.24
ParserFunctionUtil:0.19166666666666668
WikiPageInfo:0.18
TemplateTag:0.17333333333333334
JAMWikiServlet:0.16
WikiSignatureTag:0.13333333333333333
TranslationServlet:0.12
ItemsServlet:0.12
UploadServlet:0.09666666666666666
CategoryServlet:0.08
