CombatModel:0.42811993
Unit:0.13819295
Colony:0.09867873
Settlement:0.082632534
Player:0.07667185
IndianSettlement:0.07227521
Tile:0.06562689
Game:0.046692196
UnitType:0.043702487
Specification:0.04316272
FeatureContainer:0.035600636
FreeColGameObject:0.033300407
EquipmentType:0.02849848
UnitLocation:0.027377356
Ability:0.023528848
TileType:0.022871347
FreeColGameObjectType:0.018941319
Modifier:0.01427746
FreeColObject:0.013235356
UnitTypeChange:0.012832994
Feature:0.0072202403
TypeCountMap:0.0061400346
Ownable:7.1913947E-4
