JEditTextArea:0.55
VFSBrowser:0.3333333333333333
OffsetManager:0.28
ChunkCache:0.24361111111111114
BufferChangeHandler:0.24277777777777781
MouseHandler:0.23333333333333334
BrowserView:0.21666666666666667
TOCTree:0.17866666666666667
BrowserIORequest:0.17666666666666667
HelpViewer:0.12333333333333334
