OpenDocFilter:0.02767387
EditOpenDocOptionsDialog:0.021530945
OpenDocDialect:0.013199888
