Unit:0.7133333333333334
Server:0.45666666666666667
InGameMessageHandler:0.31333333333333335
ServerMap:0.17
InGameNetworkListener:0.15833333333333333
ServerMessageCreator:0.14
DefaultInGameNetworkListener:0.05
