PluginDownloader:0.5533333333333333
PluginSettings:0.4033333333333333
Desktop:0.3
InternetSearchPanel:0.3
LookAndFeelSettings:0.23
