Result:0.04078704
DatabaseManager:0.0393487
Session:0.029702328
ResultConstants:0.015235109
HsqlProperties:0.010742427
HsqlException:0.007912719
