WikiUser:0.62
AnsiDataHandler:0.38333333333333336
SetupServlet:0.32
RegisterServlet:0.23
DatabaseUpgrades:0.15333333333333332
