PluginUtils:0.6133333333333333
VersionNumber:0.49
PluginUtilsTest:0.02666666666666667
VersionNumberTest:0.0033333333333333335
