InGameController:0.8166666666666667
FreeColClient:0.36333333333333334
SaveAction:0.24333333333333335
