Iterator:0.06989241
Collection:0.06243931
Set:0.06069806
ArrayUtil:0.056376528
