IProject:0.4997222222222223
EditorController:0.34
NotLoadedProject:0.32
FilterMaster:0.31333333333333335
IEditor:0.3000833333333333
RealProject:0.2633333333333333
GlossaryTextAreaTest:0.12
FalseFriendsTest:0.12
