AbstractFigure:0.17549059
AttributeKeys:0.14829108
Figure:0.115438834
ConnectionFigure:0.037829038
AbstractAttributedFigure:0.0
