Tool:0.49333333333333335
ImageEditorCore:0.41333333333333333
ToolManager:0.29
Filter:0.26666666666666666
RedRectangleTool:0.225
ImageEditor:0.22
ImageEditorDesigner:0.18666666666666668
