BezierPath:0.21682072
Shapes:0.09664879
Bezier:0.08232092
DoubleStroke:0.07997897
GrowStroke:0.05135688
