WidgetInternalFrameUI:0.01221432
WidgetDesktopIconUI:0.0011505089
