Desktop:0.09614532
DesktopToolBar:0.017383216
AppletWidget:0.010637259
SessionEvent:0.0073325974
WidgetPlugin:0.002283931
