ActionManager:0.36613092
SelectableAction:0.28824177
