VFS:0.28647298
VFSBrowser:0.15605216
VFSManager:0.13340226
WorkRequest:0.08804078
jEdit:0.085633874
WorkThread:0.05441904
