Armor:0.33
Globals:0.31833333333333336
CompletionWindow:0.2916666666666667
SecurityDialog:0.23666666666666666
Permission:0.215
Args:0.18666666666666668
PluginPermission:0.18444444444444444
MPermission:0.17333333333333334
