Session:0.5366666666666666
Type:0.45
Error:0.33666666666666667
SessionManager:0.23666666666666666
