ImageEditorCore:0.49333333333333335
BrushTool:0.4666666666666667
ImageEditor:0.37333333333333335
ImageEditorDesigner:0.17333333333333334
ToolButton:0.11333333333333333
SelectionTool:0.11
AbstractTool:0.10666666666666667
ToolManager:0.06333333333333334
ToolPanel:0.042222222222222223
CropAction:0.03
