Net:0.15297125
MMessage:0.062536664
MDialog:0.05423738
FS:0.042276427
FileCache:0.031423353
MPanel:0.025798513
MLabel:0.012695043
MTextLabel:0.008474798
MFormat:0.0071841185
MProgressBar:0.003134086
