ServerPlayer:0.14201957
ServerUnit:0.11364165
ServerModelObject:0.02883763
