ColonyTile:0.39953506
Building:0.35933962
Colony:0.34711435
Unit:0.32231554
UnitLocation:0.27930066
Tile:0.1994737
Settlement:0.19011159
Player:0.16115153
ProductionCache:0.1479977
Ability:0.12591995
UnitType:0.11801549
FreeColGameObject:0.11333992
Location:0.10915755
GoodsType:0.100481845
FreeColObject:0.08739583
Game:0.06988445
Ownable:0.052216433
Locatable:0.04786766
