ColonyPanel:0.16773489
UnitLabel:0.10811119
EuropePanel:0.09182426
GoodsLabel:0.055324312
TradeRouteInputDialog:0.03646826
MarketLabel:0.028706172
ColopediaPanel:0.022854319
FreeColPanel:0.005069207
