ColonyPanel:0.3076635
DefaultTransferHandler:0.23166585
DragListener:0.17154206
EuropePanel:0.13177413
ReportProductionPanel:0.12014576
ReportColonyPanel:0.1184937
WarehouseDialog:0.09277833
