InputHandler:0.2642503
PreGameController:0.12591736
