MSmallColorButton:0.059163548
UI:0.044149812
MCalendar:0.039835077
CoolHeader:0.035470366
MStatusBar:0.031521067
MURLButton:0.024851201
MTextFieldPanel:0.020001523
MText:0.017899143
MColorPicker:0.015104849
MColorChooser:0.0108960215
MButton:0.010027219
Flags:0.007431819
MTimer:0.006362136
Property:0.0014096139
BooleanProperty:4.339622E-4
Uninstantiable:3.7166787E-6
