TabComponent:0.11937498
Tabs:0.045428723
