TerrainGenerator:0.18771583
LandGenerator:0.17454709
SimpleMapGenerator:0.17205855
MapGenerator:0.1566346
