JDBCResultSet:0.7166666666666667
JDBCStatementBase:0.3233333333333333
ParserCommand:0.32
JDBCCallableStatement:0.16666666666666666
