FilterMaster:0.5
IFilter:0.4626666666666667
RealProject:0.29
AbstractFilter:0.2733333333333333
PoFilter:0.2733333333333333
TestFilterBase:0.23
OpenDocFilter:0.23
XMLFilter:0.2
OpenXMLFilter:0.17666666666666667
DokuWikiFilterTest:0.16666666666666666
XHTMLFilter:0.14
Searcher:0.11
FilterContext:0.09
