Tokens:0.62
Routine:0.38666666666666666
ParserDQL:0.31333333333333335
SchemaManager:0.2966666666666667
ParserDDL:0.2833333333333333
StatementCompound:0.23566666666666666
StatementSchema:0.21333333333333335
SchemaObjectSet:0.2111111111111111
ParserRoutine:0.14333333333333334
