Canvas:0.7766666666666666
InGameController:0.38
EventPanel:0.37333333333333335
