Preferences:0.74
FilterMaster:0.6533333333333333
TestCore:0.20333333333333334
Main:0.17
ConvertTo213:0.16666666666666666
AlignerTest:0.13666666666666666
