RowAVLDisk:0.3233333333333333
ScriptWriterBase:0.30666666666666664
RowOutputText:0.2966666666666667
RowStoreAVLMemory:0.2966666666666667
RowAVLDiskData:0.29
NumberType:0.25666666666666665
ScriptWriterText:0.24333333333333335
FunctionSQL:0.24
Log:0.23666666666666666
RowStoreAVLDisk:0.23166666666666666
RowOutputInterface:0.23
RowOutputBase:0.22
RowOutputBinary:0.19
Logger:0.18333333333333332
RowOutputBinaryEncode:0.04666666666666667
