NameSpace:0.5866666666666667
Interpreter:0.38666666666666666
BshClassManager:0.3566666666666667
dir:0.28
BlockNameSpace:0.2
