FreeColAction:0.595
ImageLibrary:0.4375
MiniMapZoomInAction:0.37333333333333335
MiniMapZoomOutAction:0.37333333333333335
ImprovementActionType:0.21666666666666667
ImprovementAction:0.19666666666666666
SentryAction:0.14333333333333334
FortifyAction:0.14333333333333334
BuildColonyAction:0.14333333333333334
DisbandUnitAction:0.14333333333333334
SkipUnitAction:0.14333333333333334
WaitAction:0.13666666666666666
QuitAction:0.10333333333333333
SaveAndQuitAction:0.10333333333333333
