jEdit:0.55
EditPlugin:0.48333333333333334
JAR:0.44333333333333336
PluginJAR:0.32
