FillToolBar:0.4866666666666667
StrokeToolBar:0.4866666666666667
CanvasToolBar:0.42333333333333334
