MPanel:0.37666666666666665
FileCache:0.36333333333333334
MDownloadDialog:0.30666666666666664
MNotification:0.25666666666666665
DataTipComponent:0.24166666666666667
ShapedUI:0.23666666666666666
DownloadInfo:0.19666666666666666
LinearGradientPainter:0.17333333333333334
LookAndFeelSettings:0.15333333333333332
DeskletLoader:0.13666666666666666
Painter:0.12333333333333334
EmailAction:0.12
