MActionInfo:0.5366666666666666
MText:0.44666666666666666
PropertiesBar:0.37666666666666665
IconButton:0.21333333333333335
IconAction:0.19111111111111112
