MColorButton:0.1213111
MSmallColorChooser:0.116205685
MColorPicker:0.06992827
UI:0.053579137
MMouseAdapter:0.045542832
Blend:0.039294146
TK:0.016725006
Size:0.0021180727
