MMenu:0.78
SortAction:0.36666666666666664
TaskTable:0.3388888888888889
CategoryMenu:0.2700000000000001
SummaryPanel:0.2
TaskPanel:0.2
MFileChooser:0.1938888888888889
TreePanel:0.18333333333333332
InternetSearchPanel:0.17
DocumentListButton:0.16333333333333333
