PropertiesPanel:0.47333333333333333
VersionPanel:0.4533333333333333
TreePanel:0.32
DeleteAction:0.27444444444444444
