CombatModel:0.49
InGameController:0.4033333333333333
SimpleCombatModel:0.37
InGameInputHandler:0.24666666666666667
CombatResult:0.12
