TK:0.7766666666666666
MMessage:0.42
MRenderer:0.39
Input:0.20666666666666667
GetTextBuilder:0.19
StuffRenderer:0.18
WordCountPreviewProvider:0.16333333333333333
ValidatorSupport:0.11944444444444442
