CombatTest:0.2833333333333333
MapTest:0.2833333333333333
MissionAssignmentTest:0.25666666666666665
UnitSeekAndDestroyMissionTest:0.23666666666666666
InGameControllerTest:0.2
BaseCostDeciderTest:0.13666666666666666
