BlobDataID:0.73476034
ClobData:0.17376733
ClobInputStream:0.06573317
ClobType:0.058236025
