PrintDialog:0.1602439
AbstractPrintInfo:0.06249213
PrintableImage:0.045329086
