MList:0.036113847
MFileChooser:0.033333622
MIcon:0.029619921
MDialog:0.026123723
Item:0.017528692
MIconButton:0.014229771
UI:0.013913027
FS:0.0129544325
MPanel:0.012345407
MRenderer:0.0117088035
TK:0.010805159
MTextFieldPanel:0.010351984
MSearchPanel:0.008395075
Flags:0.004644946
MLogger:0.004525024
Property:0.0027821367
