Expression:0.6366666666666667
ExpressionColumn:0.33666666666666667
ParserRoutine:0.3233333333333333
QuerySpecification:0.30333333333333334
RangeVariable:0.3031666666666667
StatementSimple:0.25
QueryExpression:0.21
ExpressionLike:0.16666666666666666
