WikiUtil:0.7633333333333333
LuceneSearchEngine:0.43
JAMWikiServlet:0.26
ReCaptchaUtil:0.24111111111111114
