ParserDDL:0.39524388
ParserDML:0.3836465
ParserCommand:0.29736155
ParserDQL:0.24630132
Expression:0.19216335
StatementCompound:0.1898169
Routine:0.18641263
ParserBase:0.18310691
QuerySpecification:0.13950202
SchemaManager:0.11251615
StatementSet:0.1116599
Token:0.101324975
SessionContext:0.09924284
StatementSchema:0.09226707
TriggerDef:0.0842322
StatementHandler:0.08333926
StatementSimple:0.081001975
Table:0.07927965
StatementDMQL:0.07628514
StatementExpression:0.07528932
ColumnSchema:0.06931445
StatementProcedure:0.06926907
Statement:0.064620644
FunctionSQL:0.06374315
RangeVariable:0.058614932
StatementQuery:0.057762425
ExpressionLogical:0.055569835
Scanner:0.049725857
Session:0.04870613
HsqlNameManager:0.04763605
SchemaObject:0.04261208
StatementCursor:0.04169011
Database:0.035885178
TableDerived:0.029310677
ExpressionValue:0.027205054
TableBase:0.021579526
StatementTypes:0.020788925
RangeGroup:0.019732933
HsqlException:0.0122558605
ColumnBase:0.009792527
OpTypes:0.0062802155
SqlInvariants:0.004996794
Tokens:0.0
