Routine:0.20984094
SchemaManager:0.14218289
SchemaObjectSet:0.10995308
StatementSchema:0.08949378
HsqlNameManager:0.08465848
FunctionSQLInvoked:0.08395957
SchemaObject:0.0820038
ParserDDL:0.06290701
ParserDML:0.062085126
Database:0.030794317
ParserDQL:0.029786838
Session:0.026155127
Tokens:0.0
