RowAVLDisk:0.09301009
Row:0.043822117
TableBase:0.022442572
Table:0.014952857
SchemaManager:0.011980956
Database:0.010819494
Session:0.008336776
