SchemaManager:0.74080175
SchemaObject:0.72081834
Schema:0.53526247
RoutineSchema:0.4509748
ColumnSchema:0.4047647
Table:0.37308034
Routine:0.31779897
Constraint:0.25202212
SqlInvariants:0.04575047
Tokens:0.0
