SchemaManager:0.2440421
SchemaObjectSet:0.22944635
SchemaObject:0.11941256
Table:0.10673261
Routine:0.08822436
StatementSchema:0.078016855
NumberSequence:0.0684818
Session:0.024094079
SessionManager:0.011931763
Tokens:0.0
