Schema:0.49674755
SchemaObjectSet:0.41542912
StatementSchema:0.34329313
Table:0.3363328
RoutineSchema:0.32119873
SchemaObject:0.30063346
ColumnSchema:0.27941576
TableWorks:0.27259898
Constraint:0.26583636
ParserDDL:0.2603773
Routine:0.25449342
TriggerDef:0.23509663
HsqlNameManager:0.2306618
NumberSequence:0.17639492
StatementSchemaDefinition:0.17415032
ExpressionColumn:0.16451834
StatementCommand:0.1525448
SqlInvariants:0.12786038
Database:0.125789
ParserDQL:0.11874682
ParserDML:0.117463276
TableUtil:0.11209839
Session:0.10984344
TableDerived:0.10125448
SessionManager:0.093119
StatementManager:0.08862753
TableBase:0.08552086
SessionContext:0.06836888
TransactionManagerMV2PL:0.05681858
TypeInvariants:0.052810647
TransactionManagerMVCC:0.046582557
SessionData:0.0428409
RowDiskDataChange:0.03675234
TransactionManager2PL:0.0313511
HsqlException:0.011768445
TransactionManager:0.011683106
Row:0.011666434
Tokens:0.0
