Table:0.4286665
Constraint:0.37676114
SchemaManager:0.33604613
StatementSchema:0.20960453
ParserDDL:0.18558055
SchemaObject:0.15158087
ConstraintCore:0.143462
ColumnSchema:0.12678416
TriggerDef:0.09271168
Database:0.08783741
TableBase:0.086802766
HsqlNameManager:0.08075577
StatementCommand:0.080724135
Expression:0.080551624
TriggerDefSQL:0.056887772
ExpressionLogical:0.042097654
Session:0.041682888
SessionData:0.027084246
SessionManager:0.023454731
ColumnBase:0.019681316
Row:0.014256797
HsqlException:0.010849251
