FSNewFile:0.581984126984127
FeedsFS:0.48
TreeFS:0.4166666666666667
NewFileAction:0.14444444444444446
