DiplomacyMessage:0.47333333333333333
InGameController:0.39
StandardAIPlayer:0.30666666666666664
