GUI:0.7233333333333334
MiniMap:0.33
MoveAction:0.2872222222222222
