UnitType:0.47
FeatureContainer:0.4166666666666667
Specification:0.4033333333333333
Game:0.3566666666666667
Colony:0.33
Player:0.3075
TileType:0.28
TileImprovementType:0.27666666666666667
FoundingFatherTest:0.24333333333333335
ResourceType:0.23
FreeColGameObjectType:0.22666666666666666
Settlement:0.22666666666666666
ModifierTest:0.19
BuildQueuePanel:0.15333333333333332
UnitTypeChangeTest:0.07
