Console:0.72
MApplication:0.6933333333333334
ConsoleTab:0.30666666666666664
