ArrayUtil:0.08165435
IntLookup:0.03764751
