OConsts:0.5011111111111112
TransFrame:0.35333333333333333
CommandThread:0.3433333333333333
StringEntry:0.24666666666666667
NewProjectDialog:0.23333333333333334
ProjectProperties:0.22333333333333333
MatchWindow:0.21333333333333335
StaticUtils:0.20111111111111113
ProjectFrame:0.19305555555555554
NearString:0.18333333333333332
MDialogThread:0.11333333333333333
MatchingSimilarityDialog:0.10666666666666667
Main:0.09333333333333334
FontSelectionDialog:0.06333333333333334
Token:0.04666666666666667
