MMessage:0.57
TagsEditor:0.3566666666666667
PropertiesPanel:0.2866666666666667
RatingButton:0.14666666666666667
EditorPassword:0.12333333333333334
