MHTMLViewer:0.6166666666666667
FeedComponent:0.4033333333333333
NotepadEditorDesigner:0.21333333333333335
StaticHTMLEditorKit:0.16666666666666666
