Specification:0.56
PlayerExploredTile:0.43333333333333335
TileItemContainer:0.37333333333333335
