Colony:0.7
UserInputHandler:0.4066666666666667
TilePopup:0.27666666666666667
