QueryHandler:0.6733333333333333
DataHandler:0.6533333333333333
GroupMap:0.45666666666666667
AnsiDataHandler:0.36666666666666664
RolesServlet:0.30666666666666664
AnsiQueryHandler:0.30333333333333334
WikiUtil:0.22666666666666666
JAMWikiAuthenticationProcessingFilter:0.03277777777777778
