DefaultInputHandler:0.52
OptionGroup:0.36666666666666664
KeyEventWorkaround:0.33666666666666667
KeyEventTranslator:0.30666666666666664
