CachedDataRow:0.5878038
Row:0.49492246
Node:0.32456556
DiskNode:0.23382287
PointerNode:0.17390859
Table:0.11039781
TextTable:0.08033377
HsqlException:0.011135383
