Document3:0.12112778
EditorController:0.10112624
EditorTextArea3:0.053655393
MarkerController:0.034853395
EditorPopups:0.03201664
EditorSettings:0.021678085
IPopupMenuConstructor:0.0063508037
