QueryHandler:0.8377777777777777
DataHandler:0.5419841269841271
AnsiDataHandler:0.5
AnsiQueryHandler:0.4633333333333333
ServletUtil:0.23111111111111116
