Player:0.6433333333333333
ClientOptions:0.43666666666666665
ReportTradePanel:0.14
ReportMilitaryPanel:0.13666666666666666
ColonyNameBox:0.13
ReportLabourPanel:0.13
ReportIndianPanel:0.12333333333333334
ReportProductionPanel:0.10666666666666667
