TaskTable:0.081629984
DateTimeRenderer:0.063147984
TaskModel:0.061913382
SummaryRenderer:0.04779037
TaskState:0.040453054
TaskList:0.03535568
TaskComparator:0.018244484
Priority:0.015457961
CompleteRenderer:0.007520468
CompleteEditor:0.005194923
TaskSelection:0.0041007805
Filter:0.00400488
