Player:0.62
Game:0.47
IndianSettlement:0.30333333333333334
InGameInputHandler:0.20666666666666667
InGameController:0.16916666666666666
PreGameController:0.16
