DefaultXMLDialect:0.59276456
Handler:0.18546
XMLFilter:0.104072906
