TransferHelper:0.025530078
TransferSQLText:0.014581853
