NameSpace:0.53
SearchAndReplace:0.42333333333333334
BoyerMooreSearchMatcher:0.2378333333333333
ShortcutsOptionPane:0.22333333333333333
HelpTOCPanel:0.18666666666666668
RESearchMatcher:0.162
KeyEventWorkaround:0.162
PluginCompare:0.13755555555555554
KeyEventTranslator:0.134
SearchMatcher:0.07555555555555554
