MColorButton:0.5233333333333333
MSmallColorChooser:0.34
MColorPicker:0.30666666666666664
MSmallColorButton:0.13666666666666666
