Player:0.5433333333333333
ModelMessage:0.41
Game:0.38666666666666666
FreeColGameObject:0.3433333333333333
InGameInputHandler:0.22333333333333333
ReportTurnPanel:0.17
