UI:0.77
ImageSelection:0.3333333333333333
SelectionTool:0.31666666666666665
