Type:0.54
BitType:0.31
JDBCDatabaseMetaData:0.30666666666666664
BooleanType:0.23666666666666666
ParserDDL:0.23
DatabaseInformationFull:0.22333333333333333
ServerConnection:0.21
StatementSchema:0.21
ParserCommand:0.20666666666666667
DatabaseInformationMain:0.2
TestSql:0.2
TestDatabaseMetaData:0.19333333333333333
FunctionCustom:0.18833333333333332
TestLikePredicateOptimizations:0.06666666666666667
