Canvas:0.6366666666666667
MiniMap:0.30666666666666664
MapControls:0.26
MapControlsAction:0.15666666666666668
