ParserDQL:0.35333333333333333
HsqlDatabaseProperties:0.3106666666666667
Scanner:0.29333333333333333
View:0.29333333333333333
RangeVariable:0.29
Like:0.25
TextCache:0.23166666666666666
Logger:0.22
StatementDML:0.21333333333333335
StatementCommand:0.2111111111111111
ParserDML:0.16666666666666666
