TK:0.6366666666666667
MClipboard:0.38
ImportExport:0.24333333333333335
MainPanel:0.12666666666666668
