MetaInfo:0.5733333333333334
TaskModel:0.5566666666666666
TodoEditorPlugin:0.22333333333333333
TaskReader:0.2
