Unit:0.6
UnitTypeChange:0.4766666666666667
InGameController:0.3283333333333333
UnitType:0.31333333333333335
ServerPlayer:0.24444444444444446
InGameInputHandler:0.22
SimpleCombatModel:0.21333333333333335
DemotionTest:0.21
DragListener:0.15333333333333332
