MIcon:0.5766666666666667
MRenderer:0.38666666666666666
MPanel:0.38666666666666666
OctTreeQuantizer:0.26
Item:0.25
