AIColony:0.32693166
WorkLocationPlan:0.23385912
AIMain:0.02843952
