Document3:0.1378106
EditorController:0.097702324
ViewLabel:0.04817703
EditorSettings:0.02923275
SpellCheckerThread:0.015712805
