jEdit:0.20760952
Log:0.1246352
XmlParser:0.07385003
HandlerBase:0.060471095
Selection:0.04691233
RecentFilesMenu:0.04417639
ShowRecentMenu:0.038780175
XmlException:0.024099601
