BackgroundTaskManager:0.5008503
Flags:0.030825824
