MText:0.12017722
MMessage:0.053421557
UI:0.028345652
