DefaultDrawingView:0.42333333333333334
AnimationSample:0.31333333333333335
AbstractFigure:0.31277777777777777
SVGTextFigure:0.22694444444444442
DefaultDrawingViewTransferHandler:0.22111111111111115
AbstractClipboard:0.21716666666666667
EllipseFigure:0.19244444444444445
AWTClipboard:0.11
JNLPClipboard:0.11
Main:0.08961904761904763
