Buffer:0.14551935
CompleteWord:0.12072338
MiscUtilities:0.10482952
JEditTextArea:0.1016316
Abbrevs:0.100998804
DefaultTokenHandler:0.040221673
SearchAndReplace:0.038795657
Token:0.01785959
StructureMatcher:0.015853662
