Unit:0.38464394
Building:0.23365049
Colony:0.2294275
ColonyTile:0.20293841
Europe:0.20114629
Tile:0.18623152
GoodsContainer:0.18487784
IndianSettlement:0.18071702
Player:0.16734229
Market:0.1626795
Locatable:0.12710254
GoodsType:0.09689487
Location:0.09288621
Game:0.05257229
Ownable:0.015372083
