ActionManager:0.25021207
MapboardAction:0.17738198
