Goods:1.0
Player:0.79496884
Tile:0.7658837
Colony:0.75749594
Building:0.75017816
IndianSettlement:0.68434376
Europe:0.66914564
Map:0.61629504
ColonyTile:0.58004665
Settlement:0.4991937
ModelMessage:0.36840564
DefaultCostDecider:0.36237338
PathNode:0.3463089
GoodsContainer:0.32802847
Location:0.31494972
Locatable:0.29175
UnitContainer:0.26485357
CostDecider:0.24232763
Market:0.22746922
ModelController:0.16794145
Game:0.16037959
WorkLocation:0.13488974
FreeColGameObject:0.13442624
GoalDecider:0.1136612
Ownable:0.08590629
Tension:0.084097564
GameOptions:0.0685294
UnitType:0.06266602
FoundingFather:0.056763705
GoodsType:0.0139428675
