Table:0.5766666666666667
CachedObject:0.575
Node:0.4166666666666667
Row:0.30333333333333334
RowSetNavigatorData:0.29
CachedRow:0.25
RowStoreCached:0.20666666666666667
QuerySpecification:0.2
StatementDML:0.2
RowStoreText:0.19
RowStoreHybrid:0.19
DiskNode:0.17666666666666667
StatementInsert:0.17333333333333334
PersistentStoreCollectionSession:0.12666666666666668
CachedDataRow:0.08666666666666667
