Game:0.47
FreeColGameObject:0.43666666666666665
ServerGame:0.26666666666666666
