MIconChooser:0.10652065
TK:0.07523151
MFontChooser:0.06880742
AbstractIterator:0.059026763
MSettingsDialog:0.03381236
Config:0.031691737
UI:0.029781014
MCellTip:0.026390633
MMouseAdapter:0.025711237
MMessage:0.02049542
MTextFieldPanel:0.01771665
MLogger:0.013206405
MSearchPanel:0.008379524
