JEditTextArea:0.5333333333333333
DisplayManager:0.3933333333333333
TextUtilities:0.27666666666666667
RolloverButton:0.19333333333333333
TextAreaTransferHandler:0.09333333333333334
