Building:0.6466666666666666
Player:0.5133333333333333
BuildingTest:0.25
IndividualFatherTest:0.18666666666666668
