PluginManager:0.124783725
Roster:0.11344685
jEdit:0.040974304
GUIUtilities:0.03261253
