Market:0.65
PreGameInputHandler:0.25
AIInGameInputHandler:0.18333333333333332
InGameController:0.17666666666666667
CargoPanel:0.1627777777777778
MarketPanel:0.1627777777777778
PreGameController:0.056666666666666664
