ConfigFile:0.43333333333333335
Entry:0.33666666666666667
LinkEditor:0.2633333333333333
Group:0.22666666666666666
AbstractTest:0.17
TestConfigFile_Format:0.12
