Library:0.06993726
Column:0.029209241
Session:0.025656013
Trace:0.021877846
Tokenizer:0.020097524
HsqlException:0.0059567704
