Unit:0.6933333333333334
EquipmentType:0.37
Specification:0.36333333333333334
UnitType:0.36
