EllipseFigure:0.38666666666666666
DefaultFigureFactory:0.38
SimpleXmlIO:0.328
RectangleFigure:0.31133333333333335
SimpleLabelFigure:0.258
SimpleFigureFactory:0.25
AST:0.19
RegexChars:0.13666666666666666
GrapherApplicationView:0.11666666666666667
XMLConverterFactory:0.09333333333333334
DefaultConnectorConverter:0.07
