WikiPageInfo:0.61
Environment:0.54
AdminServlet:0.26
JAMWikiServlet:0.22666666666666666
MoveServlet:0.20333333333333334
