Unit:0.3689499
ColonyTile:0.368047
Settlement:0.3645883
Europe:0.35118008
Locatable:0.32620925
Colony:0.31217793
Tile:0.3095801
GoodsContainer:0.30692366
UnitContainer:0.3051723
ModelController:0.22936244
Player:0.20370942
WorkLocation:0.19394
Goods:0.19002454
TradeRoute:0.15981854
FreeColGameObject:0.10188234
GoodsTradeItem:0.09568461
DefaultCostDecider:0.057868406
