WidgetPeer:0.6191666666666666
Widget:0.48333333333333334
MToolBar:0.44
ShowTaskAction:0.20333333333333334
Submenu:0.12333333333333334
