RectangleTool:0.10990371
Tool:0.07406666
SelectionTool:0.03834029
