BrushTool:0.30708417
Tool:0.14550613
AbstractRectangleTool:0.14013502
ToolPanel:0.00837158
