PreGameInputHandler:0.32314453
InGameInputHandler:0.21161118
Controller:0.18438391
