InputHandler:0.18727334
ConnectController:0.10844964
