PlayersTableModel:0.06463887
ColorCellEditor:0.061608832
NationCellRenderer:0.026757251
ColorCellRenderer:0.021239785
FreeColPanel:0.0144968135
NationCellEditor:0.012803051
