jEdit:0.051713943
AbstractOptionPane:0.036248367
