IEditor:0.6727777777777778
MainWindowMenuHandler:0.4166666666666667
EditorController:0.31
MainWindowMenu:0.3
