VFSManager:0.16478276
VFS:0.15310004
VFSBrowser:0.078090265
jEdit:0.072584
BrowserView:0.06590107
