ServerPlayer:0.5186666666666666
Utils:0.48
RandomChoice:0.42333333333333334
ServerUnit:0.36666666666666664
TerrainGenerator:0.35333333333333333
LostCityRumour:0.3433333333333333
InGameController:0.2866666666666667
Monarch:0.27666666666666667
SimpleCombatModel:0.21666666666666667
ServerColony:0.21444444444444447
FreeColServer:0.20277777777777778
ServerIndianSettlement:0.19777777777777777
SimpleMapGenerator:0.18777777777777777
PreGameController:0.12666666666666668
