Tree:0.46
PluginManager:0.4
Console:0.3566666666666667
EditorPlugin:0.35333333333333333
PluginSettings:0.27
MainWindow:0.23666666666666666
PluginDownloader:0.21666666666666667
InternetSearch:0.20333333333333334
ImportExport:0.19666666666666666
LookAndFeelSettings:0.19
TreeFS:0.18666666666666668
NewFileDialog:0.18
NoteWidgetPlugin:0.175
AbstractPlugin:0.17333333333333334
DesktopPanel:0.17
CustomSearch:0.16333333333333333
QueryEditor:0.16
PluginSettingsPage:0.12333333333333334
PluginComboBox:0.09
