MDialog:0.5066666666666667
Item:0.42
MAboutDialog:0.35333333333333333
UpdateInfo:0.30333333333333334
UpdatePanel:0.19
