MMenu:0.08184046
TK:0.06414142
MDialog:0.048479214
MLabel:0.025369655
MButton:0.025072139
ContainerScanner:0.017918875
