Feed:0.04296105
FeedUtils:0.020263288
AbstractChannel:0.016412998
FeedListException:0.0065615396
