InGameController:0.5066666666666667
NegotiationDialog:0.4
DiplomaticTrade:0.38333333333333336
InGameInputHandler:0.25666666666666665
