ConnectionFactory:0.84
HsqldbEmbeddedDatabaseCloser:0.2733333333333333
HsqldbEmbeddedDatabaseDeleter:0.2633333333333333
