ActionManager:0.42449516
FreeColAction:0.13939768
