ActionManager:0.41731408
FreeColAction:0.13588776
