Unit:0.5433333333333333
Colony:0.42333333333333334
UnitType:0.2866666666666667
GUI:0.21833333333333332
BuildingBox:0.14333333333333334
