MGroupLayout:0.4066666666666667
GHNSDialog:0.305
ImageEditorDesigner:0.29333333333333333
TaskPanel:0.26
ItemRenderer:0.23
Filters:0.2035952380952381
MSystemTray:0.19666666666666666
StuffRenderer:0.19472222222222224
FilterItem:0.18833333333333332
Renderer:0.14
SelectionItem:0.11333333333333333
