PluginMenu:0.7817777777777778
LinkEditorPlugin:0.39666666666666667
TreePanel:0.36833333333333335
