Canvas:0.48333333333333334
WarehouseGoodsPanel:0.37777777777777777
ColonyPanel:0.2946666666666667
WarehouseDialog:0.25
