Message:0.078939915
Connection:0.02297094
