Message:0.053943038
Connection:0.015790915
