Unit:0.6466666666666666
Colony:0.54
SchoolTest:0.31
UnitLabel:0.20333333333333334
AIColony:0.18333333333333332
FoundingFatherTest:0.17
DragListener:0.16
Occupation:0.09
ColonyTest:0.03666666666666667
