PluginUtils:0.42333333333333334
MainWindowMenu:0.3566666666666667
GlossaryManager:0.19333333333333333
FindGlossaryThread:0.15333333333333332
IGlossary:0.14772222222222223
IMainMenu:0.011666666666666667
