SegmentBuilder:0.0981252
EditorTextArea3:0.05814345
EditorController:0.03763574
EditorPopups:0.024681209
