ReportTurnPanel:0.5333333333333333
ReportLabourPanel:0.4902777777777777
ReportTradePanel:0.41333333333333333
