FreeColPanel:0.5333333333333333
TradeRouteInputDialog:0.34
TradeRouteDialog:0.25333333333333335
FindSettlementDialog:0.17666666666666667
GoodsPanel:0.11
