Canvas:0.5233333333333333
VictoryPanel:0.3333333333333333
InGameInputHandler:0.2733333333333333
FreeColClient:0.17666666666666667
