UnitType:0.2335857
Specification:0.16611226
Tile:0.14100668
NationType:0.13616903
FreeColObject:0.12255311
GoodsType:0.118410975
Region:0.10792409
