MProperties:0.6766666666666666
DefaultPreview:0.4166666666666667
Index:0.24
LinkEditorPlugin:0.16333333333333333
