MainWindow:0.5266666666666666
MyExceptionListener:0.3678888888888889
SpellChecker:0.33666666666666667
SearchThread:0.33
StringEntry:0.32
SegmentHistory:0.29111111111111115
DictionaryManager:0.2866666666666667
MatchesTextArea:0.2777777777777778
EditorTextArea:0.27666666666666667
DictionaryInstallerDialog:0.2644444444444445
SRX:0.215
SpellcheckerConfigurationDialog:0.19666666666666666
NearString:0.17
Segmenter:0.14333333333333334
LevenshteinDistance:0.08
BreakPosition:0.07666666666666666
GlossaryManager:0.06666666666666667
FuzzyMatcher:0.06333333333333334
STEComparator:0.05
