Player:0.68
IndianSettlement:0.3475
Tile:0.3233333333333333
Monarch:0.31333333333333335
PreGameController:0.12333333333333334
