Session:0.5533333333333333
ParserCommand:0.33
Log:0.2866666666666667
StatementCommand:0.23333333333333334
SchemaManager:0.22333333333333333
Logger:0.19805555555555557
