MScrollPane:0.5866666666666667
TodoEditorCore:0.36
MWebBrowser:0.2861111111111111
MAbout:0.21666666666666667
Summary:0.21333333333333335
