Selection:0.65
Buffer:0.43
Chunk:0.3933333333333333
JEditTextArea:0.38666666666666666
EditBus:0.35444444444444445
FirstLine:0.3
Rect:0.28
OffsetManager:0.25166666666666665
ChunkCache:0.22666666666666666
TextAreaPainter:0.22
DisplayManager:0.22
BufferChangeHandler:0.18666666666666668
BufferPrintable:0.16
Range:0.13333333333333333
MouseHandler:0.11666666666666667
ActionBar:0.11166666666666666
