Result:0.41333333333333333
ColumnBase:0.38333333333333336
Token:0.36
JDBCCallableStatement:0.2966666666666667
ColumnSchema:0.29333333333333333
ExpressionColumn:0.27666666666666667
ResultMetaData:0.26
SessionContext:0.25
StatementDMQL:0.24
ParserRoutine:0.20333333333333334
ParserDQL:0.20333333333333334
JDBCPreparedStatement:0.2
ParserCommand:0.17666666666666667
ParserDML:0.14666666666666667
ResultConstants:0.12
StatementProcedure:0.09833333333333333
Nullability:0.05333333333333334
ParameterModes:0.04666666666666667
