Building:0.85
ServerBuilding:0.3433333333333333
BuildingTest:0.25666666666666665
ColonyProductionTest:0.20333333333333334
