Unit:0.6733333333333333
InGameController:0.5166666666666667
Canvas:0.47
