MDialog:0.4533333333333333
MActionInfo:0.4266666666666667
Args:0.29333333333333333
Console:0.2833333333333333
HelpAction:0.17111111111111113
