StringConverter:0.33594415
DoubleIntIndex:0.29093868
IntValueHashMap:0.07771096
