HsqlArrayHeap:0.029670639
ThreadFactory:0.008235698
ObjectComparator:0.0010146
