HsqlTimer:0.13587774
HsqlHeap:0.11340626
ObjectComparator:0.024247177
