BaseHashMap:0.32580325
HashIndex:0.14073093
ValuePool:0.029962013
