Table:0.5166666666666667
Index:0.5033333333333333
HsqlDatabaseProperties:0.38666666666666666
Log:0.37666666666666665
ArrayUtil:0.32666666666666666
TextCache:0.27
RowInputBase:0.24666666666666667
LockFile:0.24333333333333335
TestTextTable:0.22
TestAllTypes:0.22
DataFileCache:0.21333333333333335
DatabaseCommandInterpreter:0.20555555555555555
ServerConnection:0.18166666666666667
Testdb:0.18166666666666667
TestJDBCSavepoints:0.18
Logger:0.17666666666666667
TableFilter:0.16333333333333333
TestStoredProcedure:0.16
Token:0.051666666666666666
