Unit:0.9466666666666667
GUI:0.26
TilePopup:0.22666666666666666
