MApplication:0.49666666666666665
MLinkAction:0.27
MLinkButton:0.25666666666666665
LinkEditor:0.24833333333333332
InternetSearchPlugin:0.24333333333333335
SwingWebBrowser:0.22
NotepadEditorDesigner:0.19666666666666666
MTextPane:0.19666666666666666
StaticHandler:0.18666666666666668
LinkEditorPlugin:0.14
ArticleList:0.14
EnclosureAction:0.10333333333333333
DefaultHelpSystem:0.09333333333333334
NoObjectView:0.09333333333333334
CommentsAction:0.08333333333333333
ComponentBeanInfo:0.08333333333333333
OpenAction:0.08333333333333333
