Syntax:0.5733333333333334
NotepadEditor:0.3333333333333333
Keywords:0.3027420634920635
SyntaxMenu:0.24333333333333335
Context:0.17333333333333334
HTMLPreviewProvider:0.17333333333333334
ContextStyle:0.10838095238095237
