MainWindow:0.67
ImportExport:0.36666666666666664
MMainWindow:0.36333333333333334
MSystemTray:0.25
