GoodsContainer:0.5266666666666666
Unit:0.49666666666666665
Colony:0.3373333333333333
InGameController:0.32
Building:0.31666666666666665
