HsqlException:0.5466666666666666
Server:0.47333333333333333
Result:0.4166666666666667
DatabaseManager:0.30333333333333334
Session:0.26666666666666666
HSQLClientConnection:0.2633333333333333
DiskNode:0.22666666666666666
jdbcPreparedStatement:0.22
ServerConnection:0.21666666666666667
jdbcStatement:0.19333333333333333
WebServerConnection:0.15666666666666668
Servlet:0.13666666666666666
DataFileDefrag:0.1
HsqlServerFactory:0.08333333333333333
