UnitLocation:0.31712642
FreeColGameObject:0.30446482
Map:0.21392052
FreeColObject:0.2122974
Game:0.14919583
Player:0.13294901
Unit:0.115356594
StringTemplate:0.103024565
Location:0.055051442
Locatable:0.01221143
