ScriptWriterBase:0.37583232
ScriptWriterZipped:0.1510561
