ScriptWriterBase:0.27611896
ScriptWriterBinary:0.09509818
