ScriptReaderText:0.31189206
ScriptReaderBinary:0.20129994
ScriptWriterBase:0.17692283
ScriptReaderZipped:0.10241437
