DefaultHandleTracker:0.4444444444444445
CreationTool:0.32
ImageTool:0.2966666666666667
SVGCreateFromFileTool:0.2966666666666667
