Specification:0.4766666666666667
UnitType:0.4033333333333333
EquipmentType:0.32
BuildingType:0.31
BuildableType:0.2733333333333333
