Task:0.5633333333333334
MDate:0.4033333333333333
TodoEditorCore:0.2966666666666667
TaskList:0.2633333333333333
Renderer:0.25666666666666665
SummaryData:0.23
DateTimeRenderer:0.12666666666666668
