Tool:0.73
BrushTool:0.5033333333333333
SelectionTool:0.23333333333333334
RectangleTool:0.18333333333333332
ToolButton:0.18
EraserTool:0.18
