FilterMaster:0.41
RealProject:0.3933333333333333
EntryKey:0.31
FiltersCustomizer:0.26666666666666666
Filters:0.21333333333333335
