ScriptExecutor:0.62
ScriptIDE:0.4033333333333333
Armor:0.2911111111111111
ScriptYourself:0.2511111111111111
ScriptCommand:0.24400000000000002
