Buffer:0.5233333333333333
LineContext:0.37666666666666665
PosBottomHalf:0.33
TokenMarker:0.31333333333333335
