DrawingView:0.20720844
Figure:0.16917017
FigureEnumeration:0.056832813
Handle:0.047703113
DrawingEditor:0.03673946
FigureChangeListener:0.03027879
DrawingChangeEvent:0.010224053
DrawingChangeListener:0.009602171
