Buffer:0.55
jEdit:0.44583333333333336
UndoManager:0.3933333333333333
DisplayManager:0.25666666666666665
PaintWrapGuide:0.07666666666666666
