Unit:0.65
InGameInputHandler:0.3466666666666667
InGameController:0.3
UnitTest:0.2633333333333333
