JAMWikiAuthenticationConstants:0.7472222222222222
AuthMsgTag:0.37
JAMWikiExceptionTranslationFilter:0.3233333333333333
LoginServlet:0.2
