OperatingSystem:0.15228395
NonInteractiveInstall:0.14446793
ConsoleInstall:0.13334475
InstallThread:0.12585531
SwingInstall:0.05656919
JEditMetalTheme:0.014891195
Progress:0.011203313
