AddFeedDialog:0.51
FeedsFS:0.4816666666666667
FeedUtils:0.3933333333333333
