Table:0.6433333333333333
Session:0.39
Database:0.38333333333333336
Parser:0.3411111111111111
Cache:0.3
DatabaseInformationFull:0.22666666666666666
DITableInfo:0.21666666666666667
Log:0.21333333333333335
Library:0.18983333333333335
HsqlDatabaseProperties:0.12833333333333333
