LinkUtil:0.6966666666666667
ImageUtil:0.46
ImageLinkTag:0.27
ImageMetadata:0.25333333333333335
HtmlLinkTag:0.21666666666666667
