Archive:0.7083333333333334
MTable:0.7083333333333334
