StringUtil:0.8333333333333334
StaticUIUtils:0.32111111111111107
MultipleTransPane:0.25
StringUtilTest:0.13333333333333333
