Mode:0.5433333333333333
Buffer:0.45
JEditBuffer:0.44666666666666666
JEditTextArea:0.28
