Tile:0.6033333333333334
UnitContainer:0.33466666666666667
InGameInputHandler:0.24666666666666667
