MScrollPane:0.5666666666666667
AbstractListTableModel:0.38666666666666666
MTree:0.37333333333333335
Armor:0.21722222222222218
ArticleList:0.19666666666666666
