Canvas:0.8266666666666667
MonarchPanel:0.33
ColonyPanel:0.31666666666666665
DebugMenu:0.2611111111111111
DefaultTransferHandler:0.22
