AbstractAutoCompleterView:0.09899478
AutoCompleterItem:0.094057076
AutoCompleter:0.06996977
