QueryHandler:0.6666666666666666
DataHandler:0.6423611111111112
AnsiQueryHandler:0.49
ItemsServlet:0.39666666666666667
AnsiDataHandler:0.23333333333333334
