AnsiQueryHandler:0.4816666666666667
AnsiDataHandler:0.4266666666666667
BlockListServlet:0.27666666666666667
JAMWikiServlet:0.22777777777777777
PseudoTopicHandler:0.10333333333333333
