JDBCResultSetTest:0.45666666666666667
JDBCCallableStatementTest:0.3933333333333333
JDBCCallableStatementWhileClosedTest:0.37666666666666665
JDBCStatementTest:0.245
JDBCDatabaseMetaDataSupportsConvertTest:0.20466666666666666
JDBCNClobTest:0.197
