EditorController:0.7207777777777779
ProjectFilesListController:0.42333333333333334
