Canvas:0.5666666666666667
InGameController:0.4666666666666667
TradeRouteDialog:0.29
TradeRouteInputDialog:0.24
GoodsPanel:0.18083333333333335
TradeRouteAction:0.15333333333333332
