Player:0.6231111111111111
IndianSettlement:0.3933333333333333
Canvas:0.29333333333333333
NativeAIPlayer:0.25666666666666665
IndianSettlementPanel:0.18333333333333332
ReportIndianPanel:0.09
