VerticalLayouter:0.6266666666666667
AttributeKeys:0.6077777777777779
HorizontalLayouter:0.23666666666666666
FileIconsSample:0.14666666666666667
