FreeColDialog:0.3503164
FreeColPanel:0.13910837
