InGameController:0.41
CargoPanel:0.37666666666666665
DocksPanel:0.37333333333333335
ColonyPanel:0.31
EuropePanel:0.2544444444444445
