PluginInfo:0.06790075
PluginList:0.0661234
PluginComboBox:0.056929078
