IndianNationType:0.5766666666666667
InGameController:0.455
Canvas:0.44333333333333336
