TopicVersion:0.45666666666666667
AnsiDataHandler:0.2733333333333333
RecentChange:0.24666666666666667
AnsiQueryHandler:0.23
WikiMessage:0.20666666666666667
LogItem:0.18666666666666668
MoveServlet:0.14666666666666667
