EditorController:0.5633333333333334
EditorTextArea:0.38666666666666666
EditorSettings:0.3147222222222222
EditorSpellChecking:0.15666666666666668
DocumentSegment:0.03333333333333333
