Tile:0.5166666666666667
Map:0.4066666666666667
Message:0.4
FreeColGameObject:0.3566666666666667
PlayerExploredTile:0.33
Building:0.28
Market:0.27666666666666667
Player:0.26
Colony:0.2465
ServerPlayer:0.24333333333333335
UnitContainer:0.22666666666666666
InGameInputHandler:0.22333333333333333
FreeColServer:0.21666666666666667
AIUnit:0.2
