Tile:0.59
TileType:0.3466666666666667
ResourceType:0.34
TileTest:0.09333333333333334
