Building:0.5916666666666667
TilePopup:0.3933333333333333
ReportTurnPanel:0.33
