SqlFile:0.7066666666666667
RCData:0.20666666666666667
AppendableException:0.15833333333333333
SqlToolSprayer:0.14
BooleanBucket:0.013333333333333334
SqlToolException:0.013333333333333334
BadCmdline:0.0
