Editor:0.6766666666666666
MainWindow:0.43
ConsoleTab:0.32666666666666666
ImageEditor:0.2633333333333333
