Table:0.7533333333333333
CompiledStatement:0.25666666666666665
TextTable:0.21966666666666668
RowInputText:0.17
TextCache:0.16666666666666666
RowInputTextQuoted:0.06666666666666667
