CostDecider:0.6966666666666668
Map:0.6833333333333333
DefaultCostDecider:0.23
