Colony:0.7666666666666667
BuildQueuePanel:0.3433333333333333
InGameController:0.32666666666666666
