Ico:0.6366666666666667
MIcon:0.4166666666666667
MAboutDialog:0.3333333333333333
FeedViewer:0.31333333333333335
Favicon:0.22
BadIcoResException:0.023333333333333334
