Colony:0.6633333333333333
Tile:0.5533333333333333
ImageLibrary:0.24
ServerColony:0.2111111111111111
