SessionInterface:0.5366666666666666
ClientConnection:0.43
JDBCResultSet:0.35333333333333333
Session:0.35
Util:0.3
JDBCArray:0.29
JDBCConnection:0.27666666666666667
JDBCDataSource:0.26666666666666666
JDBCXAResource:0.23333333333333334
StatementCommand:0.21444444444444447
JDBCPooledConnection:0.21
ParserDDL:0.18333333333333332
JDBCXADataSource:0.16333333333333333
JDBCCommonDataSource:0.14666666666666667
JDBCXAConnectionWrapper:0.11333333333333333
JDBCPooledDataSource:0.06644444444444444
JDBCXAConnection:0.02666666666666667
JDBCConnectionEventListener:0.006666666666666667
