jEdit:0.07997396
AbstractOptionPane:0.045758642
OptionsDialog:0.026997013
FontSelector:0.024624057
OperatingSystem:0.011262105
