Utilities:0.54
JAMWikiParser:0.3466666666666667
ParserUtil:0.3433333333333333
AbstractParser:0.2678730158730158
VQWikiParser:0.25666666666666665
AbstractSearchEngine:0.20666666666666667
