Constraint:0.30645385
ParserDDL:0.097963884
TableWorks:0.070141494
Table:0.041713227
StatementDML:0.013137006
