Schema:0.47563887
SchemaObjectSet:0.4227552
StatementSchema:0.3367387
Table:0.3265373
RoutineSchema:0.32031527
SchemaObject:0.29639632
ColumnSchema:0.27552104
TableWorks:0.27076787
Constraint:0.26959756
Routine:0.24954824
ParserDDL:0.24136886
TriggerDef:0.23865472
HsqlNameManager:0.22923772
NumberSequence:0.17911696
StatementSchemaDefinition:0.17338242
ExpressionColumn:0.15765497
ParserDQL:0.13280828
Database:0.13080952
SqlInvariants:0.12394887
TableUtil:0.11728303
Session:0.107129246
StatementCommand:0.10544133
SubQuery:0.09985688
SessionManager:0.0938692
ParserDML:0.0934098
StatementManager:0.09316432
TableBase:0.07960535
SessionContext:0.07536706
TypeInvariants:0.068732545
TransactionManagerMV2PL:0.0630714
TransactionManagerMVCC:0.045171317
SessionData:0.038630713
TransactionManager2PL:0.033129346
TransactionManager:0.016825309
Row:0.012638829
HsqlException:0.01186577
Tokens:0.0
