ParserDDL:0.6437878
SchemaManager:0.50708276
TableWorks:0.2635208
StatementSchemaDefinition:0.2456482
Table:0.24378699
Database:0.23942298
StatementCommand:0.22304769
StatementTypes:0.22069947
Routine:0.20966338
SchemaObject:0.198425
ColumnSchema:0.18960655
Constraint:0.1747643
View:0.16927198
ParserRoutine:0.15417105
Statement:0.15165998
RoutineSchema:0.14871515
Schema:0.13956504
TriggerDef:0.13712582
Session:0.13483825
NumberSequence:0.13477443
StatementDMQL:0.13388416
ParserCommand:0.13357839
Expression:0.12149097
TableBase:0.088589
ParserBase:0.067585684
Token:0.061823726
SessionManager:0.058497496
SessionData:0.05759086
SqlInvariants:0.055966526
HsqlException:0.03853091
ColumnBase:0.022009585
Row:0.012399389
