Table:0.41973934
Constraint:0.38037023
SchemaManager:0.31887513
StatementSchema:0.2068175
ParserDDL:0.1902019
SchemaObject:0.15819897
ConstraintCore:0.14774576
ColumnSchema:0.12736066
Database:0.09064249
Expression:0.08703844
TableBase:0.084793806
HsqlNameManager:0.08022495
StatementCommand:0.05399979
Session:0.043093223
ExpressionLogical:0.042742122
SessionData:0.0267083
SessionManager:0.022568405
ColumnBase:0.019493114
Row:0.017353201
HsqlException:0.010358047
