ColorPalette:0.5672222222222222
NotepadEditorDesigner:0.39666666666666667
CodePreviewProvider:0.34
