InputHandler:0.58
View:0.38
DefaultInputHandler:0.37
KeyEventTranslator:0.2733333333333333
Key:0.22333333333333333
