WikiUtil:0.6833333333333333
Utilities:0.5966666666666667
WikiUtilTest:0.24
