PluginInfo:0.6366666666666667
TaskSummary:0.31666666666666665
Desktop:0.24333333333333335
