MNotification:0.5
MButton:0.4066666666666667
MToolBar:0.29333333333333333
DefaultIconLoader:0.24666666666666667
MSmallButton:0.15444444444444444
