FormPanel:0.73
TextEditor:0.4766666666666667
ShowHTMLAction:0.24333333333333335
MLoginPanel:0.20333333333333334
