JEditTextArea:0.54
Buffer:0.49333333333333335
OffsetManager:0.4166666666666667
BufferIORequest:0.22333333333333333
