MIcon:0.7466666666666667
MetaInfo:0.42333333333333334
Category:0.2966666666666667
MIconChooser:0.21777777777777782
