IndianSettlement:0.58
Tension:0.54
InGameController:0.38333333333333336
ReportIndianPanel:0.14666666666666667
