jEdit:0.7066666666666667
PluginJAR:0.38333333333333336
MouseHandler:0.30666666666666664
