LineConnectionFigure:0.5033333333333333
ConnectionTool:0.31
AbstractChangeConnectionHandle:0.22333333333333333
ConnectionHandle:0.19571428571428573
ElbowLiner:0.16333333333333333
SlantedLiner:0.15333333333333332
ChangeConnectionEndHandle:0.10265873015873016
ChangeConnectionStartHandle:0.10265873015873016
