MAction:0.43666666666666665
MDate:0.2733333333333333
Pager:0.2633333333333333
FeedViewer:0.24583333333333332
TaskList:0.235
AbstractItem:0.23027777777777778
Button:0.22733333333333333
MRegexPanel:0.19333333333333336
GuessLocationAction:0.17333333333333334
