IconTheme:0.7669444444444444
ToggleDesktopAction:0.38083333333333336
