XmlParser:0.5233333333333333
XmlPlugin:0.44
TagParser:0.25444444444444436
TagHighlight:0.18
FocusHandler:0.05333333333333334
