FS:0.44333333333333336
DT:0.37666666666666665
Date:0.31333333333333335
ItemRenderer:0.23444444444444448
CategoryManager:0.22583333333333333
PIMProperty:0.20333333333333334
CategoryManagerDialog:0.17333333333333334
InsertImageAction:0.11
ByDuration:0.1
PIMEntry:0.08333333333333333
