Server:0.66
GridSwing:0.2905555555555555
WebServer:0.2866666666666667
DatabaseManagerSwing:0.2866666666666667
