UI:0.6733333333333333
MDialog:0.3933333333333333
MFlipPanel:0.3233333333333333
MoveEffect:0.20444444444444446
DeskletWidget:0.19399999999999998
FadeEffect:0.16
ImageEffect:0.15666666666666668
