WindowedFrame:0.06329238
Canvas:0.02260963
