TK:0.6166666666666667
MToolBar:0.4
AutoCompletion:0.29333333333333333
ActionGroup:0.235
AbstractFS:0.20666666666666667
AbstractSettings:0.20333333333333334
NoteWidget:0.2
Archive:0.2
MTogglePanel:0.18333333333333332
Property:0.16333333333333333
SDK:0.14333333333333334
Replace:0.14166666666666666
Summary:0.1388888888888889
HTMLColorChooserPanel:0.12333333333333334
EditorQuickFind:0.1
VersionPanel:0.1
PropertiesBar:0.09666666666666666
Pair:0.09333333333333334
AnnotationBar:0.05333333333333334
