ColonyTile:0.41388888888888886
ReportLabourPanel:0.33666666666666667
AIPlayer:0.2733333333333333
IndianDemandMission:0.26
IndianBringGiftMission:0.23333333333333334
ReportLabourDetailPanel:0.18666666666666668
