Player:0.7433333333333333
InGameController:0.3333333333333333
ClaimLandMessage:0.17666666666666667
