AnsiDataHandler:0.785
QueryHandler:0.4066666666666667
AnsiQueryHandler:0.38333333333333336
