Table:0.45
Result:0.43333333333333335
ArrayUtil:0.39666666666666667
Parser:0.30333333333333334
Session:0.29
Constraint:0.26666666666666666
HsqlProperties:0.26666666666666666
Database:0.25
Expression:0.24333333333333335
jdbcResultSet:0.21666666666666667
TableFilter:0.14333333333333334
Tokenizer:0.11
TestCacheSize:0.1
