UnitType:0.65
EquipmentType:0.6072222222222222
AIPlayer:0.2733333333333333
SimpleCombatModel:0.19472222222222224
InGameController:0.18333333333333332
CombatTest:0.09666666666666666
