Links:0.43333333333333335
TagsEditor:0.38666666666666666
TaskPanel:0.25833333333333336
TagsMenu:0.25066666666666665
SummaryPanel:0.21166666666666667
Submenu:0.20414285714285715
BookmarksMenu:0.15066666666666667
