InGameController:0.6583333333333333
AssignTradeRouteMessage:0.38333333333333336
TradeRouteInputDialog:0.29333333333333333
