Type:0.5166666666666667
Session:0.4866666666666667
CharacterType:0.29
JDBCDatabaseMetaData:0.2733333333333333
DatabaseInformationMain:0.25
SessionData:0.24444444444444446
DatabaseInformationFull:0.22
OtherType:0.18333333333333332
ExpressionOp:0.15
StatementSession:0.11333333333333333
