AbstractOption:0.32446557
OptionMap:0.30703625
OptionGroup:0.27455333
