OptionGroupUI:0.29733056
OptionMapUI:0.213937
OptionUpdater:0.0879337
