FreeColDialog:0.19334869
FreeColPanel:0.13724028
