FreeColDialog:0.3048085
FreeColPanel:0.074423656
