OptionMap:0.24210687
AbstractOption:0.22428623
OptionGroup:0.18617111
