OptionGroupUI:0.49232695
OptionMapUI:0.3814425
IntegerOptionUI:0.36540386
SelectOptionUI:0.35548958
BooleanOptionUI:0.35259545
FreeColActionUI:0.19356868
