OptionMapUI:0.41142687
FreeColActionUI:0.24272448
SelectOptionUI:0.1395924
IntegerOptionUI:0.11618965
BooleanOptionUI:0.11276842
OptionUpdater:0.1043069
