InputHandler:0.38282833
PreGameController:0.20285273
UserConnectionHandler:0.15588549
