OptionMap:0.32223046
AbstractOption:0.28842184
OptionGroup:0.26271036
