Table:0.67
Index:0.62
Constraint:0.4266666666666667
DatabaseInformationFull:0.24666666666666667
IndexAVL:0.23
DatabaseInformationMain:0.17333333333333334
IndexAVLMemory:0.14
