HelpSearchPanel:0.4766666666666667
HelpTOCPanel:0.44133333333333336
HelpViewer:0.34
