InGameMenuBar:0.23155385
MapEditorMenuBar:0.14263889
FreeColMenuTest:0.07863691
ImageLibrary:0.0059350594
