Tokens:0.5986666666666667
Database:0.4866666666666667
Logger:0.36833333333333335
SimpleLog:0.3016666666666667
FunctionCustom:0.2111111111111111
OrderedLongKeyHashMap:0.17
