RecentChange:0.35978708
WikiUser:0.010278761
