QueryEditor:0.098333135
Query:0.05586946
SortMethod:0.012448874
