TestSqlPersistent:0.5266666666666666
JavaObject:0.4633333333333333
Binary:0.16333333333333333
