jEdit:0.5133333333333333
Log:0.31666666666666665
HelpViewer:0.26666666666666666
