ActionSet:0.37714815
EditAction:0.25880498
jEdit:0.22270969
PluginJAR:0.20767066
VFSBrowser:0.10473533
GUIUtilities:0.058494996
MiscUtilities:0.03206259
EnhancedCheckBoxMenuItem:0.031873286
EnhancedMenuItem:0.024980694
EnhancedButton:0.013325623
EnhancedMenu:0.012765234
