Editor:0.73
ImageEditor:0.2733333333333333
TodoEditor:0.24222222222222223
TextEditor:0.2388888888888889
LinkEditor:0.2388888888888889
NotepadEditor:0.2388888888888889
Main:0.2283333333333334
