DataAccessException:0.6233333333333333
ParserException:0.37
LinkUtil:0.3333333333333333
AnsiDataHandler:0.33
WikiDatabase:0.2227777777777778
JFlexParser:0.2111111111111111
ParserUtil:0.20666666666666667
TestDataHandler:0.18
