UnitType:0.38
IndianNationType:0.3466666666666667
FreeColGameObjectType:0.33666666666666667
EuropeanNationType:0.3
EquipmentType:0.2537777777777778
TileType:0.24666666666666667
BuildingType:0.19194444444444445
TileImprovementType:0.19
ResourceType:0.1827777777777778
FoundingFather:0.14444444444444446
