Expression:0.6366666666666667
ExpressionLogical:0.29333333333333333
FunctionCustom:0.2811111111111111
BinaryType:0.25
StatementDML:0.23
ParserDDL:0.22333333333333333
TestPreparedStatements:0.14333333333333334
sqlStmt:0.10666666666666667
