Unit:0.66
Tile:0.36
Building:0.25333333333333335
IndianSettlement:0.24333333333333335
LanguageOption:0.24277777777777776
ColonyTile:0.23111111111111116
UnitLabel:0.20333333333333334
ReportUnitPanel:0.17666666666666667
TradeRouteInputDialog:0.17666666666666667
ReportTurnPanel:0.15333333333333332
