Environment:0.6533333333333333
WikiConfiguration:0.43666666666666665
AdminServlet:0.32666666666666666
WikiMail:0.19666666666666666
