AbstractAutoCompleterView:0.14064266
AutoCompleterListView:0.11846651
AutoCompleterTableView:0.092830576
AutoCompleterItem:0.030230118
