Colony:0.19594662
Building:0.1701395
UnitType:0.14498231
BuildQueue:0.114387855
Ability:0.10345299
GoodsType:0.080113836
Player:0.07641985
Modifier:0.070755124
AbstractGoods:0.066080734
BuildableType:0.06408374
FreeColObject:0.04266715
FreeColGameObjectType:0.041731473
ModelController:0.026378972
Feature:0.008135207
