Nation:0.27453113
EuropeanNationType:0.17679702
FreeColGameObjectType:0.15788841
Player:0.11234079
IndianNationType:0.1079223
