Environment:0.6433333333333333
VirtualWiki:0.45666666666666667
WikiUtil:0.45
WikiBase:0.39666666666666667
ServletUtil:0.2633333333333333
WikiPageInfo:0.17666666666666667
WikiDatabase:0.17666666666666667
JAMWikiServlet:0.16666666666666666
JAMWikiFilter:0.16666666666666666
AdminVirtualWikiServlet:0.14
UpgradeServlet:0.14
SetupServlet:0.14
JAMWikiAuthenticationFailureHandler:0.10666666666666667
TopicServlet:0.08333333333333333
WikiPageInfoTest:0.08
