CargoPanel:0.20183617
DefaultTransferHandler:0.16216065
DragListener:0.12656009
UnitLabel:0.075370945
TrainDialog:0.037649322
FreeColPanel:0.024803946
GoodsLabel:0.02074149
MarketLabel:0.016634682
DropListener:0.004821539
