MWizard:0.13930988
MPanel:0.09947008
MMessage:0.09568325
MSettingsDialog:0.07646605
MButton:0.07299637
MColorChooser:0.06664569
UI:0.06145227
MAbout:0.058822893
MButtonPanel:0.05828955
MURLButton:0.05685306
MToolBar:0.05058318
MAction:0.040061865
MFontChooser:0.038350534
MMenu:0.03775201
MIconChooser:0.034976184
MDownloadDialog:0.029452806
Flags:0.02103841
MLabel:0.019812133
Mnemonic:0.013591229
MAuthenticator:0.012897439
MIcon:0.012620016
MMouseAdapter:0.011743876
TK:0.010485389
BooleanProperty:0.008267583
MSplashScreen:0.007991951
CoolLabel:0.00678045
Property:0.0043197977
StateEvent:0.0018798106
