SqlFile:0.5233333333333333
Calculator:0.4033333333333333
Atom:0.35
