ShortcutsOptionPane:0.09097226
KeyEventWorkaround:0.07034671
jEdit:0.060567208
GUIUtilities:0.05950171
Log:0.020715777
