MMessage:0.6563888888888889
NotepadEditorDesigner:0.43333333333333335
CodePreviewProvider:0.24666666666666667
