BuildableType:0.10837747
BuildingType:0.09800213
UnitType:0.054506302
FreeColObject:0.03574979
