Player:0.6933333333333334
Monarch:0.48333333333333334
InGameInputHandler:0.3433333333333333
AIInGameInputHandler:0.19111111111111112
InGameController:0.14
