TK:0.9466666666666667
FileCache:0.25
VersionInfo:0.2188888888888889
ItemComparator:0.16666666666666666
SortComparator:0.16333333333333336
