MFormat:0.6666666666666666
ArchiveOptions:0.5205555555555557
