OracleQueryHandler:0.475644
DB2QueryHandler:0.4756439
DB2400QueryHandler:0.4681214
WikiPreparedStatement:0.3305738
DatabaseUpgrades:0.21710645
DatabaseConnection:0.21145149
AnsiDataHandler:0.19465259
QueryHandler:0.19367935
WikiResultSet:0.034093596
MySqlQueryHandler:0.0066201235
MSSqlQueryHandler:0.0066201235
HSqlQueryHandler:0.006600662
PostgresQueryHandler:0.006577046
