MDateSpinner:0.0944703
MText:0.093010254
UI:0.026171474
MNumberSpinner:0.024955215
MAction:0.008851353
