WikiPageInfo:0.8933333333333333
ServletUtil:0.3233333333333333
EditServlet:0.15666666666666668
JAMWikiServlet:0.13666666666666666
AdminServlet:0.12666666666666668
TranslationServlet:0.12666666666666668
ManageServlet:0.12666666666666668
MoveServlet:0.10333333333333333
PersistencyServlet:0.10333333333333333
LoginServlet:0.09666666666666666
HistoryServlet:0.043333333333333335
