MIcon:0.6255555555555555
MFontChooser:0.41
MAccessController:0.30333333333333334
