Connection:0.6066666666666667
ServerPlayer:0.35
ConnectController:0.25333333333333335
UserConnectionHandler:0.25
