jEdit:0.6966666666666667
Buffer:0.5666666666666667
BrowserView:0.2633333333333333
EditPane:0.25333333333333335
ActionHandler:0.20111111111111113
VFSBrowser:0.19333333333333333
PluginManager:0.17
ParentDirectoryRenderer:0.07533333333333334
MouseHandler:0.06666666666666667
