EditorController:0.12832205
Document3:0.104126245
EditorTextArea3:0.06969963
EditorUtils:0.066972576
MarkerController:0.05546537
EditorSettings:0.05256814
EditorPopups:0.051481433
ModificationInfoManager:0.021765007
IEditorFilter:0.012257671
IPopupMenuConstructor:0.007586118
