BooleanProperty:0.13436209
MApplication:0.124527864
Config:0.05250381
MText:0.0054184105
MURLButton:0.0048254784
MColorChooser:0.00395482
MTextPane:0.003172715
MMainWindow:0.003168887
MFileChooser:0.0024696896
MTableHeader:0.0022945115
