DockableWindowManager:0.6
PanelWindowContainer:0.3566666666666667
CustomButton:0.27
SplashScreen:0.22666666666666666
DockableWindowContainer:0.22166666666666668
BeanShell:0.2086111111111111
Entry:0.18333333333333332
ResizeMouseHandler:0.18
FloatingWindowContainer:0.11666666666666667
AboutDialog:0.11333333333333333
AboutPanel:0.07333333333333333
