PropertiesPanel:0.6394444444444445
RandomPasswordGeneratorDialog:0.43666666666666665
CreateReflectionAction:0.2866666666666667
