DataFileCache:0.66
QuerySpecification:0.5666666666666667
DataFileDefrag:0.22566666666666668
DataFileCacheSession:0.15333333333333332
