AIObject:0.26593977
AIUnit:0.1811991
AIPlayer:0.14681335
AIColony:0.14241146
AIGoods:0.13165918
GoodsWish:0.122368
WorkLocationPlan:0.10406139
Wish:0.103882164
WorkerWish:0.10083718
TileImprovementPlan:0.095399655
EuropeanAIPlayer:0.08310042
Transportable:0.06722352
AIInGameInputHandler:0.0664021
ValuedAIObject:0.0595344
NativeAIPlayer:0.049731135
REFAIPlayer:0.0468996
ColonyPlan:0.036157228
