Type:0.6933333333333334
ParserDQL:0.44166666666666665
CharacterType:0.39666666666666667
