FS:0.47
MMessage:0.38
MApplication:0.3233333333333333
OS:0.31333333333333335
Main:0.27666666666666667
MFileChooser:0.2733333333333333
ScriptExecutor:0.255
AbstractFileCache:0.23666666666666666
ChartPanel:0.23
AbstractMarkupBuilder:0.23
PluginManager:0.23
ScriptYourself:0.22666666666666666
Tester:0.21
ScriptIDE:0.20333333333333334
Wizard:0.19833333333333333
ProxyModel:0.185
Template:0.14
StandaloneApplication:0.13666666666666666
PluginInstaller:0.11
BufferedFileInput:0.10666666666666667
