MetaInfo:0.43333333333333335
MDateSpinner:0.26
MInternalFrame:0.23583333333333334
PluginInfo:0.22
GlobalMouseService:0.2
DeskletLoader:0.19666666666666666
Button:0.17
NoteBorder:0.14666666666666667
