Tokens:0.6861666666666667
ParserDQL:0.3933333333333333
Database:0.38333333333333336
ParserCommand:0.27
FunctionSQL:0.25333333333333335
StatementCommand:0.22
