MTextFieldPanel:0.27666666666666667
MURLButton:0.26666666666666666
ToggleButton:0.23900000000000002
MTextPane:0.22666666666666666
MTogglePanel:0.19666666666666666
MToggleButton:0.18
MTimer:0.13666666666666666
