Handler:0.39666666666666667
Tag:0.35333333333333333
XMLContentBasedTag:0.25333333333333335
Entity:0.2277777777777778
XMLReader:0.21666666666666667
XMLWriter:0.1811111111111111
