MAction:0.6466666666666666
MActionInfo:0.525
EditorSearch:0.365563492063492
EditorQuickFind:0.35
AbstractTextEditor:0.2633333333333333
WebBrowserTab:0.25666666666666665
MainWindow:0.19666666666666666
FindNextAction:0.15555555555555556
FindPreviousAction:0.03333333333333333
