KeywordMap:0.20151667
JEditTextArea:0.10989088
TextUtilities:0.10287309
View:0.10101878
Buffer:0.087723084
TextAreaPainter:0.035686724
GUIUtilities:0.018356863
MiscUtilities:0.012896219
KeyEventWorkaround:0.010856314
