DefaultInputHandler:0.2811267
StatusBar:0.09937043
EditAction:0.087556764
Macros:0.07344187
View:0.07224695
BeanShell:0.055903476
jEdit:0.053295005
Buffer:0.049530305
GUIUtilities:0.031826034
JEditTextArea:0.019404016
MiscUtilities:0.015432789
