Task:0.11373549
DateTimeRenderer:0.06393271
Filter:0.008687132
