MainWindow:0.49666666666666665
SourceTextEntry:0.36
CommandThread:0.26
StringEntry:0.25666666666666665
MainPane:0.22333333333333333
STEComparator:0.06333333333333334
