Task:0.6266666666666667
Builder:0.36333333333333334
TaskTable:0.36333333333333334
Renderer:0.32488888888888884
RepeatRule:0.24
TodoEditorPlugin:0.18666666666666668
TaskModel:0.17333333333333334
ShowTaskAction:0.1
