TK:0.79
UI:0.4533333333333333
Tabs:0.23666666666666666
MApplet:0.17333333333333334
