UI:0.6766666666666666
Feed:0.36333333333333334
MSlider:0.33
TreeSettings:0.24666666666666667
