DemandTributeMessage:0.25
SpySettlementMessage:0.25
AskSkillMessage:0.16333333333333333
ScoutIndianSettlementMessage:0.14
DiplomacyMessage:0.11333333333333333
InciteMessage:0.09666666666666666
EmbarkMessage:0.09666666666666666
MissionaryMessage:0.09666666666666666
