Europe:0.71
InGameController:0.33666666666666667
DestinationPanel:0.2866666666666667
