FreeColObject:0.08528769
Player:0.07782725
Game:0.073647976
FreeColGameObject:0.05038456
Turn:0.018957764
