ActionManager:0.45556888
FreeColAction:0.15041028
