ActionManager:0.38229007
FreeColAction:0.11458366
