WindowedFrame:0.11991928
FullScreenFrame:0.06450931
