EditorPlugin:0.5833333333333334
MDataTransfer:0.44333333333333336
DownloadInfo:0.35527777777777775
ImportExport:0.33666666666666667
ImageEditorPlugin:0.15
TodoEditorPlugin:0.13333333333333333
LinkEditorPlugin:0.06
