ServerConnection : 0.8471267
OdbcPacketInputStream : 0.83618605
