ServerConnection : 0.837745
StatementPortal : 0.8116768
