TestOdbcTypes : 0.6676582
ServerConnection : 0.70682913
StatementPortal : 0.69506216
