TestOdbcTypes : 0.83065414
ServerConnection : 0.83910906
