Result : 0.8183773
JDBCPreparedStatement : 0.8590782
ResultMetaData : 0.8328323
JDBCStatement : 0.8570982
RowSetNavigatorData : 0.82830536
JDBCStatementBase : 0.83608496
