QuerySpecification : 0.84823745
JDBCStatement : 0.8315522
SessionData : 0.8411835
