Type : 0.80519146
Session : 0.8245547
ResultMetaData : 0.8328323
