Session : 0.84101903
StatementSimple : 0.83703566
StatementDMQL : 0.8382751
SessionData : 0.8411835
Servlet : 0.81181073
StatementCommand : 0.84353995
WebServerConnection : 0.8417203
ScriptReaderText : 0.8348585
