QuerySpecification : 0.82306236
JDBCPreparedStatement : 0.8590782
BinaryType : 0.8133858
CharacterType : 0.8113086
QueryExpression : 0.8231177
