TestCacheSize : 0.8609632
BinaryDatabaseRowOutput : 0.7931049
BinaryServerRowOutput : 0.78919107
CachedRow : 0.78920424
