Log : 0.84058475
DataFileDefrag2 : 0.8378177
DataFileDefrag1 : 0.8354937
