DatabaseManagerSwing : 0.69724053
DatabaseManagerCommon : 0.8231075
