Constraint : 0.8227409
Table : 0.82818574
Database : 0.83337533
DatabaseRowInput : 0.8105078
Library : 0.841171
Trace : 0.8232357
DatabaseScript : 0.82127273
jdbcPreparedStatement : 0.80511326
HsqlDatabaseProperties : 0.83157647
BinaryServerRowOutput : 0.8204954
TestDataStructures : 0.8285665
JDBCBench : 0.82842344
