Cache : 0.8409007
Index : 0.85650396
PointerNode : 0.8564412
CachedRow : 0.84414494
Row : 0.83812684
DiskNode : 0.84388787
TextCache : 0.8482092
TestTextTables : 0.827338
TextTable : 0.850861
CachedDataRow : 0.8534963
