TextDatabaseRowInput : 0.8393687
TextTable : 0.850861
