Trace : 0.8411067
Database : 0.848932
TriggerDef : 0.8395227
Cache : 0.84058475
TextCache : 0.85288924
FileUtil : 0.85670906
HsqlName : 0.838821
HsqlProperties : 0.84861964
TextTable : 0.85057425
Logger : 0.86227703
Parser : 0.8293023
ReverseTextCache : 0.8705964
EchoProperty : 0.8578181
HsqlDatabaseProperties : 0.8528509
ScriptRunner : 0.8365329
