Trace : 0.83552116
Table : 0.8493465
HsqlName : 0.8446279
TextDatabaseRowInput : 0.8396578
TestDataStructures : 0.8246227
TableWorks : 0.82422864
CachedDataRow : 0.85066706
Servlet : 0.8174714
DatabaseScript : 0.82941496
