Node : 0.81192374
CachedRow : 0.84414494
Row : 0.83812684
Cache : 0.8409007
TextDatabaseRowOutput : 0.8232814
HsqlProperties : 0.84539324
DiskNode : 0.84388787
TestTextTables : 0.827338
TestCacheSize : 0.8290334
ScriptRunner : 0.82131815
CachedDataRow : 0.8534963
