Database : 0.8493465
Parser : 0.8381928
TextTable : 0.850861
TestSelf : 0.84019697
TestCacheSize : 0.8290334
