TextTable : 0.850861
Parser : 0.8381928
