Result : 0.84788346
ArrayUtil : 0.83782774
Parser : 0.8381928
Session : 0.84970796
Constraint : 0.8560783
HsqlProperties : 0.84539324
Database : 0.8493465
Expression : 0.8406863
jdbcResultSet : 0.8293404
TableFilter : 0.8440973
Tokenizer : 0.8416908
TestCacheSize : 0.8290334
