HsqlName : 0.8406563
Database : 0.8493465
Parser : 0.8381928
DatabaseScript : 0.8462546
HsqlObjectToIntMap : 0.85409635
DatabaseInformation : 0.8547211
