Database : 0.8493465
Tokenizer : 0.8416908
HsqlDateTime : 0.82818574
DatabaseScript : 0.8462546
