Expression : 0.8406863
DatabaseRowInput : 0.8038524
HsqlByteArrayInputStream : 0.82396847
HsqlDateTime : 0.82818574
