Trace : 0.8397258
Session : 0.84970796
Function : 0.85020393
Logger : 0.8454232
