DatabaseInformationFull : 0.83822614
Database : 0.8493465
HsqlHashMap : 0.8580283
Session : 0.84970796
DatabaseFile : 0.8371704
DatabaseInformation : 0.8547211
Library : 0.82846576
TestSql : 0.82125443
DatabaseInformationMain : 0.8427985
