DatabaseInformationFull : 0.83822614
Database : 0.8493465
View : 0.85649127
Parser : 0.8381928
ArrayEnumeration : 0.83052015
TextTable : 0.850861
CompositeEnumeration : 0.8007777
DatabaseInformationMain : 0.8427985
