Session : 0.84970796
Log : 0.8467511
DatabaseInformationFull : 0.83822614
ArrayUtil : 0.83782774
UnifiedTable : 0.8386775
DatabaseScriptWriter : 0.83455527
TableWorks : 0.85885495
Transaction : 0.8511339
PrimStringCellComparator has been removed due to the repository version iteration
