Database : 0.8493465
DatabaseInformationFull : 0.83822614
Expression : 0.8406863
