Table : 0.8493465
ArrayUtil : 0.8225565
DatabaseRowOutput : 0.8044342
DatabaseRowInput : 0.818217
Cache : 0.84112966
CachedRow : 0.84981495
View : 0.8427841
TestTextTables : 0.83884186
CachedDataRow : 0.85066706
TextCache : 0.8434587
ScriptRunner : 0.8105855
