Database : 0.8493465
DITypeInfo : 0.81992674
DatabaseInformationFull : 0.83822614
DITableInfo : 0.847664
DINameSpace : 0.83064395
jdbcDatabaseMetaData : 0.84486496
DatabaseInformationMain : 0.8427985
DatabaseInformation : 0.8547211
StopWatch : 0.8216644
