jdbcResultSet : 0.81962395
jdbcResultSetMetaData : 0.8270687
DINameSpace : 0.82570374
Database : 0.85254884
jdbcPreparedStatement : 0.8227937
jdbcClob : 0.839018
jdbcConnection : 0.8293561
jdbcStatement : 0.8365945
jdbcBlob : 0.83223635
