Session : 0.84970796
Database : 0.8493465
Parser : 0.8381928
Cache : 0.8409007
DatabaseInformationFull : 0.83822614
DITableInfo : 0.847664
Log : 0.8467511
Library : 0.82846576
HsqlDatabaseProperties : 0.8608519
