User : 0.8556135
Database : 0.8433398
Session : 0.8403185
HsqlIntKeyIntValueHashMap : 0.8268732
SessionManager : 0.8521021
Log : 0.8302238
HsqlIntKeyHashMap : 0.8268414
DINameSpace : 0.8262221
DatabaseInformationMain : 0.82452345
DatabaseInformationFull : 0.8240372
DatabaseScript : 0.84033746
HsqlObjectToIntMap : 0.83511144
ScriptRunner : 0.8125864
CompositeEnumeration : 0.80423445
HsqlEnumeration : 0.8174166
