jdbcResultSet : 0.8293404
DINameSpace : 0.83064395
DITableInfo : 0.847664
jdbcResultSetMetaData : 0.84289646
Column : 0.8410511
jdbcDatabaseMetaData : 0.84486496
Library : 0.82846576
jdbcColumnMetaData : 0.83247876
DatabaseInformationFull : 0.83822614
DatabaseInformationMain : 0.8427985
DatabaseInformation : 0.8547211
View : 0.85649127
