Database : 0.8493465
DatabaseFile : 0.8371704
DatabaseScript : 0.8462546
HsqlDatabaseProperties : 0.8608519
DatabaseInformationFull : 0.83822614
DatabaseScriptReader : 0.83972794
