HsqlDatabaseProperties : 0.8608519
Database : 0.8493465
HsqlProperties : 0.84539324
Log : 0.8467511
DatabaseScriptWriter : 0.83498377
DatabaseInformationMain : 0.8427985
Logger : 0.8454232
DatabaseInformationFull : 0.83822614
DatabaseScriptReader : 0.84020823
DatabaseInformation : 0.8547211
ScriptRunner : 0.82131815
