DITableInfo : 0.83714175
Log : 0.848932
DatabaseInformationFull : 0.8080108
HsqlProperties : 0.8556234
HsqlDatabaseProperties : 0.84831935
HsqlHashSet : 0.8530834
DatabaseInformationMain : 0.8144641
