User : 0.85609084
jdbcResultSetMetaData : 0.8230672
DITypeInfo : 0.82790285
Session : 0.8570071
HsqlDatabaseProperties : 0.84831935
