CompiledStatement : 0.8376109
TableFilter : 0.84991604
Select : 0.84887636
Parser : 0.83986485
DatabaseCommandInterpreter : 0.839579
Session : 0.83390796
Tokenizer : 0.8369143
Database : 0.8399166
TableWorks : 0.8356592
Function : 0.8466541
CompiledStatementExecutor : 0.8410652
