Database : 0.7984121
ThreadFactory : 0.8484708
Log : 0.77355015
LockFile : 0.77849364
Select : 0.7491622
Logger : 0.7776248
CompiledStatement : 0.74669385
TableFilter : 0.76014405
Parser : 0.7414232
HsqlTimer : 0.774532
DatabaseCommandInterpreter : 0.7483762
HsqlMasterRepository : 0.7569324
HsqlArrayHeap : 0.79182684
HsqlThreadFactory : 0.7838168
LogSyncRunner has been removed due to the repository version iteration
NIOLockFile : 0.79493994
