Token : 0.8020312
HsqlTimer : 0.7976604
LockFile : 0.80795515
TransferDb : 0.84398997
jdbcPreparedStatement : 0.81675994
HsqlProperties : 0.8294773
DatabaseCommandInterpreter : 0.86965835
jdbcDriver : 0.8200178
HsqlArrayHeap : 0.82267714
ScriptRunner : 0.83442175
