DatabaseManager : 0.85147715
WebServerConnection : 0.83992505
HTTPClientConnection : 0.82870513
HsqlDateTime : 0.8293003
ServerConnection : 0.8501375
Servlet : 0.8201426
Log : 0.84955204
