HsqlProperties : 0.8556234
Session : 0.8570071
DatabaseManager : 0.85296875
Trace : 0.83552116
Server : 0.84752166
jdbcConnection : 0.8284701
JDBCBench : 0.8343105
ServerConnection : 0.8505083
Servlet : 0.8174714
WebServerConnection : 0.840337
BatchExecutionTest : 0.84150016
