Result : 0.8370388
Server : 0.81592894
jdbcResultSet : 0.7932661
Session : 0.81663895
jdbcStatement : 0.8001215
jdbcPreparedStatement : 0.79781514
HSQLClientConnection : 0.8136067
BatchExecutionTest : 0.8255439
ServerConnection : 0.8199101
ServerConstants : 0.7678071
WebServerConnection : 0.8358207
