Server : 0.84649944
Result : 0.8562932
DatabaseManager : 0.8328669
Session : 0.85228413
HSQLClientConnection : 0.8431833
DiskNode : 0.82581025
jdbcPreparedStatement : 0.8112412
ServerConnection : 0.84015375
jdbcStatement : 0.8280272
WebServerConnection : 0.8375649
Servlet : 0.8034778
DataFileDefrag : 0.8107621
HsqlServerFactory : 0.8196302
