HsqlProperties : 0.84539324
Database : 0.8493465
Session : 0.84970796
HsqlDatabaseProperties : 0.8608519
ArrayUtil : 0.83782774
Log : 0.8467511
DatabaseObjectNames : 0.8450366
BaseHashMap : 0.8352385
SessionManager : 0.8544944
ValuePool : 0.8432336
UnifiedTable : 0.8397938
DatabaseManager : 0.8510954
Logger : 0.8454232
DatabaseCommandInterpreter : 0.84999335
HSQLClientConnection : 0.8512838
jdbcPreparedStatement : 0.82967585
TestLibSpeed : 0.8239598
DatabaseInformationFull : 0.83822614
Token : 0.8079478
PrimBooleanCellComparator has been removed due to the repository version iteration
poolSettings has been removed due to the repository version iteration
