MD5 : 0.8185531
HsqlTimer : 0.82402784
HsqlArrayHeap : 0.8327026
