Server : 0.84752166
DatabaseManager : 0.85296875
HsqlArrayList : 0.8384339
WebServer : 0.8463827
ServerThread has been removed due to the repository version iteration
WebServerConnection : 0.840337
ServerConnection : 0.8505083
ServerConstants : 0.81069463
HashSet : 0.84774995
