CompiledStatement : 0.8376109
jdbcPreparedStatement : 0.805399
Parser : 0.83986485
Function : 0.8466541
CompiledStatementExecutor : 0.8410652
