JavaObject : 0.8320278
Binary : 0.8054563
