TextCache : 0.8477759
Log : 0.84058475
DataFileCache : 0.8543488
