Logger : 0.8467889
HsqlDatabaseProperties : 0.84831935
