HashMap : 0.84505445
HashIndex : 0.8770483
HashMappedList : 0.8689877
ValuePoolHashMap : 0.9006861
Cache : 0.8411037
ValuePool : 0.84073
HashSet : 0.86258996
ArrayCounter : 0.8533461
