Table : 0.84269804
Trigger : 0.80622816
TriggerSample : 0.8266941
