jdbcResultSet : 0.8018323
IntervalType : 0.7973612
Parser : 0.8088705
TestBug1191815 : 0.75366545
DateTimeType : 0.7939772
HsqlArrayList : 0.82170177
TestTextTables : 0.7987544
ClobType : 0.83996946
BlobType : 0.84274095
DateTimeIntervalType : 0.8051361
AllTests : 0.7550829
