ArrayUtil : 0.83782774
CompiledStatementExecutor : 0.85586035
DatabaseCommandInterpreter : 0.84999335
ValuePool : 0.8432336
BinaryServerRowOutput : 0.8297101
