TableFilter : 0.83698964
HsqlDatabaseProperties : 0.84831935
