Expression : 0.8406863
TableFilter : 0.8440973
DatabaseCommandInterpreter : 0.84999335
Binary : 0.8382319
