Trace : 0.8397258
User : 0.8440149
UserManager : 0.83900285
Column : 0.8410511
Session : 0.84970796
TableWorks : 0.85885495
TestLibSpeed : 0.8239598
