NIOScaledRAFile : 0.8468825
DatabaseInformationFull : 0.7985011
DataFileCache : 0.8543488
DataFileDefrag : 0.8444831
