Node : 0.81192374
Row : 0.83812684
Constraint : 0.8560783
