Select : 0.84887636
TableFilter : 0.84991604
Parser : 0.83986485
