TableWorks : 0.85885495
DatabaseCommandInterpreter : 0.84999335
