Cache : 0.8409007
Expression : 0.8406863
TestSelf : 0.84019697
Select : 0.8562903
TestSubselect : 0.817153
Sort : 0.82510394
