TestDataStructures : 0.87079877
TestSelf : 0.86610883
TestCacheSize : 0.8663036
