Trace : 0.8397258
Database : 0.8493465
DatabaseCommandInterpreter : 0.84999335
DatabaseInformationFull : 0.83822614
HsqlDatabaseProperties : 0.8608519
StringUtil : 0.85058343
