Result : 0.84788346
Expression : 0.8406863
jdbcResultSet : 0.8293404
View : 0.85649127
ResultConstants : 0.7968791
jdbcCallableStatement : 0.823194
CompiledStatement : 0.8445755
Select : 0.8562903
Session : 0.84970796
jdbcResultSetMetaData : 0.84289646
jdbcPreparedStatement : 0.82967585
HSQLClientConnection : 0.8512838
ResultMetaData : 0.8612879
CompiledStatementExecutor : 0.85586035
DatabaseScript : 0.8462546
