Library : 0.82203907
Parser : 0.83986485
