Token : 0.8030863
Parser : 0.83986485
