Expression : 0.8406863
Token : 0.8079478
Column : 0.8410511
DatabaseCommandInterpreter : 0.84999335
Server : 0.8332669
Parser : 0.8381928
DatabaseInformationMain : 0.8427985
DatabaseScript : 0.8462546
