Database : 0.8493465
Log : 0.8467511
DatabaseScriptWriter : 0.8408395
DatabaseRowOutputInterface : 0.7910502
BinaryDatabaseRowOutput : 0.8337134
Logger : 0.8454232
StringConverter : 0.8408239
DatabaseRowOutput : 0.7940802
TextCache : 0.8482092
BinaryServerRowOutput : 0.8297101
Result : 0.84788346
BinaryDatabaseScriptWriter : 0.8559143
TextDatabaseRowOutput : 0.8232814
TextLogRowOutput : 0.82779443
