Table : 0.8332669
jdbcDatabaseMetaData : 0.8265562
DatabaseManager : 0.8524149
Session : 0.8391906
jdbcStatement : 0.8211018
ServerThread has been removed due to the repository version iteration
Database : 0.84752166
ValuePoolHashMap : 0.8087515
Logger : 0.8388612
jdbcConnection : 0.81892
IntValueHashMap : 0.84041196
IntKeyIntValueHashMap : 0.8409603
WebServerConnection : 0.8548722
TestDataStructures : 0.83488137
WebServer : 0.8539071
