Parser : 0.83986485
jdbcDriver : 0.8290417
