Token : 0.8214301
Function : 0.8441545
DDLParser : 0.82826746
ResultLob : 0.82576525
SQLFunction : 0.85291314
LegacyFunction : 0.8409778
IntValueHashMap : 0.83440715
BaseParser : 0.8322994
BaseHashIterator has been removed due to the repository version iteration
