CachedRow : 0.84414494
DiskNode : 0.84388787
TestDataStructures : 0.8327216
