DatabaseCommandInterpreter : 0.84853655
BaseHashMap : 0.816446
HashMappedList : 0.8347992
jdbcPreparedStatement : 0.82752895
jdbcConnection : 0.8383226
HSQLClientConnection : 0.8581006
ValuePoolHashMap : 0.81125474
SessionInterface : 0.7913742
jdbcSavepoint : 0.85950357
