Database : 0.8105714
Session : 0.79846203
Result : 0.79902184
Server : 0.7813373
DatabaseManager : 0.77471197
UserManager : 0.77235913
HSQLClientConnection : 0.79589814
jdbcConnection : 0.7760328
WebServerConnection : 0.765765
ServerConnection : 0.77069646
