jdbcResultSet : 0.81962395
jdbcStatement : 0.8365945
ResultMetaData : 0.8420118
jdbcPreparedStatement : 0.8227937
TestSql : 0.81296647
TestSubQueriesInPreparedStatements : 0.8287654
