Database : 0.8399166
Logger : 0.82566464
TableWorks : 0.8356592
DatabaseManager : 0.83148026
DatabaseCommandInterpreter : 0.839579
DatabaseManagerSwing : 0.6952387
Parser : 0.83986485
