Column : 0.8436748
jdbcPreparedStatement : 0.805399
jdbcParameterMetaData : 0.8246847
TestBug785429 : 0.79645044
CompiledStatement : 0.8376109
