Column : 0.8436748
TestSelf : 0.82462704
Parser : 0.83986485
TestBase : 0.6787667
TestUtil : 0.70480794
TestScript : 0.82294816
