Select : 0.84887636
Function : 0.8466541
Parser : 0.83986485
jdbcStatement : 0.81631935
DatabaseInformationFull : 0.81825006
TableWorks : 0.8356592
