Index : 0.85650396
Parser : 0.8381928
Expression : 0.8406863
jdbcResultSet : 0.8293404
Select : 0.8562903
Trace : 0.8397258
DatabaseInformationMain : 0.8427985
jdbcDriver : 0.83848274
DatabaseCommandInterpreter : 0.84999335
Function : 0.85020393
DatabaseInformationFull : 0.83822614
CompiledStatement : 0.8445755
SubQuery : 0.86206555
View : 0.85649127
