Expression : 0.8409682
Library : 0.8261334
HsqlDateTime : 0.825501
Function : 0.8446021
TransferSQLText : 0.837415
TableFilter : 0.85003835
