Result : 0.84788346
Trace : 0.8397258
Select : 0.8562903
Index : 0.85650396
ArrayUtil : 0.83782774
Expression : 0.8406863
Logger : 0.8454232
DatabaseCommandInterpreter : 0.84999335
CompiledStatement : 0.8445755
Function : 0.85020393
DINameSpace : 0.83064395
TableFilter : 0.8440973
TestCacheSize : 0.8290334
