CompiledStatement : 0.8448443
DatabaseCommandInterpreter : 0.86965835
Session : 0.83068025
Logger : 0.82121086
SubQuery : 0.8639679
View : 0.8648726
