NIOLockFile : 0.82295805
DatabaseRowInputInterface : 0.7639354
