Expression : 0.82804567
ArrayUtil : 0.8421037
Log : 0.85288924
NIOScaledRAFile : 0.86109287
Cache : 0.8477759
ScaledRAFile : 0.8624446
DatabaseInformationFull : 0.8147985
TextTable : 0.8430159
Logger : 0.84179235
