Expression : 0.8406863
Column : 0.8410511
DatabaseCommandInterpreter : 0.84999335
TableFilter : 0.8440973
