DatabaseManagerSwing : 0.70144135
TableFilter : 0.85003835
