Expression : 0.8406863
Select : 0.8562903
View : 0.85649127
DatabaseCommandInterpreter : 0.84999335
Parser : 0.8381928
DatabaseInformationMain : 0.8427985
