Database : 0.8399166
Trace : 0.8250099
View : 0.85017544
