Index : 0.85650396
Constraint : 0.8560783
DatabaseCommandInterpreter : 0.84999335
Server : 0.8332669
CompiledStatement : 0.8445755
ConstraintCore : 0.0
Database : 0.8493465
Session : 0.84970796
TableWorks : 0.85885495
