DatabaseManager : 0.85296875
Server : 0.84752166
Cache : 0.84112966
jdbcConnection : 0.8284701
Servlet : 0.8174714
