Token : 0.8265255
Schema has been removed due to the repository version iteration
SchemaManager : 0.84697855
SQLFunction : 0.84620285
BaseHashMap : 0.8336437
DDLParser : 0.83646476
Parser : 0.83766556
TableWorks : 0.86477673
OrderedHashSet : 0.8577103
OrderedIntHashSet : 0.85753113
Grantee : 0.8401701
HashMappedList : 0.8613889
DomainType : 0.83686477
BaseHashIterator has been removed due to the repository version iteration
