Constraint : 0.8560783
DatabaseCommandInterpreter : 0.84999335
NumberSequence : 0.83921903
Database : 0.8493465
Expression : 0.8406863
Token : 0.8079478
HsqlByteArrayOutputStream : 0.833851
TableWorks : 0.85885495
BaseHashMap : 0.8352385
Parser : 0.8381928
DatabaseScript : 0.8462546
