Trace : 0.8397258
TriggerDef : 0.8426979
TextTable : 0.850861
Tokenizer : 0.8416908
Function : 0.85020393
Select : 0.8562903
DatabaseCommandInterpreter : 0.84999335
Parser : 0.8381928
