FileUtil : 0.8342049
Expression : 0.8406863
HsqlDateTime : 0.82818574
DatabaseCommandInterpreter : 0.84999335
jdbcPreparedStatement : 0.82967585
Log : 0.8467511
DataFileCache : 0.8462439
JavaObject : 0.8538127
TestSqlPersistent : 0.8391
TestDatabaseMetaData : 0.8188005
ZipUnzipFile : 0.83395493
