NumberSequence : 0.83921903
CompiledStatement : 0.8445755
DatabaseCommandInterpreter : 0.84999335
TextTable : 0.850861
