jdbcPreparedStatement : 0.82752895
CompiledStatement : 0.83561444
jdbcStatement : 0.8437899
Parser : 0.8306804
CompiledStatementExecutor : 0.84513056
DatabaseCommandInterpreter : 0.84853655
jdbcConnection : 0.8383226
Tokenizer : 0.84036744
TestSubQueriesInPreparedStatements : 0.8363481
