Session : 0.84970796
Log : 0.8467511
DatabaseManager : 0.8510954
Logger : 0.8454232
RowOutputTextLog : 0.82348865
SequenceManager : 0.8498727
Parser : 0.8381928
ScriptWriterBase : 0.82116884
ScriptWriterText : 0.851106
