Cache : 0.84112966
jdbcDatabaseMetaData : 0.8496766
DataFileCache : 0.8470713
ValuePool : 0.84332436
jdbcPreparedStatement : 0.81692666
jdbcDataSource : 0.85755986
ArrayCounter : 0.80168205
TestCacheSize : 0.8177269
HsqlDatabaseProperties : 0.84831935
