DatabaseInformationMain : 0.90482867
DatabaseInformation : 0.81931025
