HsqlDateTime : 0.8198569
Library : 0.82203907
