TableWorks : 0.82422864
DatabaseCommandInterpreter : 0.8374495
