HsqlDateTime : 0.82818574
Constraint : 0.8560783
Library : 0.82846576
Column : 0.8410511
