jdbcPreparedStatement : 0.80511326
AllTests : 0.7794617
TestSql : 0.8035786
TestBug778213 : 0.7916642
RowInputBinary : 0.8151089
TestLikePredicateOptimizations : 0.8011038
TestBase : 0.68105614
TestDateTime : 0.82189244
