Constraint : 0.84096146
Like : 0.83087254
