HsqlDateTime : 0.82818574
Expression : 0.8406863
Select : 0.8562903
Log : 0.8467511
Trace : 0.8397258
Tokenizer : 0.8416908
Constraint : 0.8560783
Session : 0.84970796
DatabaseCommandInterpreter : 0.84999335
TableFilter : 0.8440973
Library : 0.82846576
Logger : 0.8454232
DatabaseInformationFull : 0.83822614
View : 0.85649127
TableWorks : 0.85885495
Database : 0.8493465
Collector has been removed due to the repository version iteration
