Server : 0.83280987
DatabaseCommandInterpreter : 0.86298186
Database : 0.8427841
Parser : 0.8648727
TableWorks : 0.8620116
ServerConnection : 0.8467614
