DiskNode : 0.8342185
NIOScaledRAFile : 0.8294278
SessionManager : 0.858669
