Expression : 0.8406863
HsqlDateTime : 0.82818574
Column : 0.8410511
TestCacheSize : 0.8290334
