Trace : 0.8397258
Constraint : 0.8560783
HsqlDateTime : 0.82818574
View : 0.85649127
Index : 0.85650396
DINameSpace : 0.83064395
DatabaseInformationFull : 0.83822614
TableWorks : 0.85885495
CachedRow : 0.84414494
CachedDataRow : 0.8534963
ScriptWriterText : 0.851106
DatabaseScript : 0.8462546
ConnectData has been removed due to the repository version iteration
CompiledStatementExecutor : 0.85586035
TestUtil : 0.7173514
