Cache : 0.8409007
ValuePool : 0.8432336
Server : 0.8332669
HsqlDatabaseProperties : 0.8608519
ValuePoolHashMap : 0.833724
DatabaseInformationFull : 0.83822614
SqlFile : 0.70989436
TestGroupByHaving : 0.82669556
ConnectData has been removed due to the repository version iteration
