Expression : 0.82944137
DITypeInfo : 0.8610271
jdbcParameterMetaData : 0.8203305
DataFileCache : 0.809425
jdbcResultSetMetaData : 0.79497564
