DomainType : 0.8407304
SchemaManager : 0.84697855
TableWorks : 0.86477673
Grantee : 0.8401701
DistinctType : 0.83752275
Parser : 0.83766556
DINameSpace : 0.84182864
Schema has been removed due to the repository version iteration
DDLParser : 0.83646476
DatabaseInformationMain : 0.8433152
DatabaseInformationFull : 0.8374459
ScriptWriterBase : 0.82157105
CompiledStatementExecutor : 0.8573838
DatabaseScript : 0.84400594
