Parser : 0.7934646
DDLParser : 0.7746809
DistinctType : 0.8514443
SQLFunction : 0.8203965
DomainType : 0.84598887
DatabaseScript : 0.78871846
