DomainType : 0.84010786
DistinctType : 0.8370587
Type : 0.81917983
SchemaManager : 0.84697855
BaseHashMap : 0.8336437
DDLParser : 0.83646476
