Expression : 0.8406863
Select : 0.8562903
TableFilter : 0.8440973
Function : 0.85020393
Constraint : 0.8560783
Parser : 0.8381928
DatabaseCommandInterpreter : 0.84999335
CompiledStatement : 0.8445755
TableWorks : 0.85885495
CompiledStatementExecutor : 0.85586035
