Column : 0.82658744
jdbcClob : 0.8297394
Table : 0.8332669
jdbcCallableStatement : 0.80484974
jdbcBlob : 0.8231183
jdbcDatabaseMetaData : 0.8265562
StringConverter : 0.8350802
jdbcResultSetMetaData : 0.8093022
WebServer : 0.8539071
jdbcPreparedStatement : 0.813161
jdbcResultSet : 0.80393356
Function : 0.8268722
ServerConfiguration : 0.8493994
