OracleTransferHelper : 0.86242795
DataAccessPoint : 0.82091224
HsqldbTransferHelper : 0.82617164
TransferHelper : 0.81484884
