View : 0.8427841
TestSql : 0.8081408
TestSqlPersistent : 0.8338857
