TriggerSample : 0.82256985
View : 0.8648726
