Column : 0.8410511
ArrayUtil : 0.83782774
TextTable : 0.850861
Database : 0.8493465
DatabaseInformationFull : 0.83822614
DatabaseInformationMain : 0.8427985
jdbcPreparedStatement : 0.82967585
TableWorks : 0.85885495
DatabaseScript : 0.8462546
CompiledStatementExecutor : 0.85586035
JavaObject : 0.8538127
ScriptReaderBinary : 0.84854585
