ArrayUtil : 0.83782774
TestSql : 0.82125443
