Trace : 0.8397258
Database : 0.8493465
HsqlProperties : 0.84539324
TestSql : 0.82125443
TableFilter : 0.8440973
