Parser : 0.8417549
CompiledStatement : 0.8380235
DDLParser : 0.8284731
