Expression : 0.82944137
NIOScaledRAFile : 0.81987095
DataFileCache : 0.809425
ConnectionDialogCommon : 0.7274844
