Column : 0.8436748
DataFileDefrag : 0.82219154
Types : 0.82944137
jdbcResultSetMetaData : 0.8183929
