Parser : 0.83986485
Select : 0.84887636
Trace : 0.8250099
Tokenizer : 0.8369143
CompiledStatement : 0.8376109
RowInputText : 0.8227242
Session : 0.83390796
Database : 0.8399166
Token : 0.8030863
DatabaseCommandInterpreter : 0.839579
View : 0.85017544
DatabaseInformationFull : 0.81825006
Collector has been removed due to the repository version iteration
CompiledStatementExecutor : 0.8410652
TableWorks : 0.8356592
