DatabaseManager : 0.8373673
NIOScaledRAFile : 0.83883166
DatabaseCommandInterpreter : 0.8345913
DataFileCache : 0.8426639
WebServerConnection : 0.8417203
