Log : 0.8528509
DatabaseCommandInterpreter : 0.8542212
SequenceManager : 0.85330343
