jdbcPreparedStatement : 0.82123387
DatabaseCommandInterpreter : 0.83547044
WebServerConnection : 0.85443467
DataFileCache : 0.846188
LockFile : 0.84240156
DataFileDefrag : 0.8340238
Servlet : 0.81876224
