TestCacheSize : 0.8293477
ScaledRAFile : 0.8505676
