Log : 0.8293024
StringConverter : 0.8456902
