HsqlProperties : 0.8380106
Parser : 0.83986485
Constraint : 0.84096146
