Table : 0.80794775
ScriptWriterText : 0.7971365
Expression : 0.8030863
Cache : 0.80521584
ScaledRAFile : 0.8002394
Tokenizer : 0.8137087
DatabaseScript : 0.8168658
Parser : 0.8020312
DataFileCache : 0.8031032
ScriptWriterBase : 0.78204834
TextCache : 0.8041653
ScriptWriterZipped : 0.7761012
ScriptRunner : 0.76796836
