Parser : 0.83986485
Library : 0.82203907
DataFileCache : 0.8227164
Server : 0.82139766
HsqlDatabaseProperties : 0.84157294
Column : 0.8436748
Constraint : 0.84096146
NIOScaledRAFile : 0.817156
TestSql : 0.80965054
ScaledRAFile : 0.8211383
