Parser : 0.81816894
RowInputText : 0.8339524
TextCache : 0.83846223
TextTable : 0.8348818
RowInputTextQuoted : 0.8258961
