Expression : 0.8030863
Log : 0.7982824
Library : 0.79797906
Column : 0.8039433
ScaledRAFile : 0.8002394
ScaledRAFileInJar : 0.797299
DataFileCache : 0.8031032
Parser : 0.8020312
HsqlDateTime : 0.80485064
Tokenizer : 0.8137087
