Expression : 0.8406863
TableWorks : 0.85885495
ArrayUtil : 0.83782774
Like : 0.8302087
DatabaseCommandInterpreter : 0.84999335
Column : 0.8410511
Constraint : 0.8560783
TableFilter : 0.8440973
