Select : 0.8562903
CompiledStatement : 0.8445755
Expression : 0.8406863
Column : 0.8410511
DatabaseCommandInterpreter : 0.84999335
Function : 0.85020393
Parser : 0.8381928
TableWorks : 0.85885495
View : 0.85649127
TestDatabaseMetaData : 0.8188005
TxManager : 0.8470336
