ResultConstants : 0.79846203
ServerConnection : 0.8501375
HSQLClientConnection : 0.8581006
SessionInterface : 0.7913742
