DatabaseCommandInterpreter : 0.86965835
Tokenizer : 0.8462124
