Expression : 0.8399166
Select : 0.8315895
DatabaseCommandInterpreter : 0.8374495
Function : 0.8416893
DatabaseScript : 0.82941496
Parser : 0.8243732
DINameSpace : 0.8372192
ScriptReaderBase : 0.8597068
Tokenizer : 0.8436659
ScriptReaderBinary : 0.8403939
CompiledStatementExecutor : 0.8303155
ScriptReaderText : 0.8375514
ScriptRunner : 0.8105855
