DatabaseManagerSwing : 0.7031408
ScriptWriterText : 0.8452024
