jdbcDatabaseMetaData : 0.84486496
HsqlDatabaseProperties : 0.8608519
Expression : 0.8406863
Trace : 0.8397258
Database : 0.8493465
Select : 0.8562903
Log : 0.8467511
DataFileCache : 0.8462439
DatabaseInformationFull : 0.83822614
DatabaseManagerSwing : 0.706911
DatabaseInformationMain : 0.8427985
DatabaseCommandInterpreter : 0.84999335
jdbcDriver : 0.83848274
