Select : 0.84887636
Parser : 0.83986485
DatabaseCommandInterpreter : 0.839579
TestSql : 0.80965054
