CompiledStatement : 0.8445755
TextTable : 0.850861
RowInputText : 0.8378463
TextCache : 0.8482092
RowInputTextQuoted : 0.8294317
