TransactionManager : 0.8414439
HsqlDatabaseProperties : 0.84831935
DatabaseInformationMain : 0.8144641
