Database : 0.8493465
HsqlDatabaseProperties : 0.8608519
TableWorks : 0.85885495
