Types : 0.8147168
DatabaseCommandInterpreter : 0.84999335
Column : 0.8410511
Parser : 0.8381928
DatabaseScript : 0.8462546
