DataFileCache : 0.8461801
Grantee : 0.8222973
TextCache : 0.8538656
