Column : 0.8340048
Database : 0.8570071
Index : 0.8438419
HsqlDatabaseProperties : 0.84741145
DatabaseCommandInterpreter : 0.84853655
ScriptWriterText : 0.84815663
