TextCache : 0.8482092
Tokenizer : 0.8416908
Column : 0.8410511
Logger : 0.8454232
Transaction : 0.8511339
PersistentStore : 0.7912277
Session : 0.84970796
DataFileCache : 0.8462439
TextTable : 0.850861
JDBCBench : 0.8322884
RowStore has been removed due to the repository version iteration
ScriptRunner : 0.82131815
