Session : 0.84970796
TextCache : 0.8482092
TestCacheSize : 0.8290334
Constraint : 0.8560783
