JavaSystem : 0.83268857
HsqlDateTime : 0.82697874
DatabaseCommandInterpreter : 0.8095739
Session : 0.83546317
Collation : 0.819109
Record : 0.0
HsqlDatabaseProperties : 0.83021
CachedRow : 0.85705566
Testdb : 0.7975972
CompiledStatementExecutor : 0.8062265
TableWorks : 0.8030918
DatabaseURL : 0.7218151
