Select : 0.84887636
DatabaseCommandInterpreter : 0.839579
Function : 0.8466541
CompiledStatement : 0.8376109
TableFilter : 0.84991604
Like : 0.83087254
