jdbcDatabaseMetaData : 0.8496766
Parser : 0.8243732
DatabaseCommandInterpreter : 0.8374495
