Session : 0.8570071
Parser : 0.8243732
Logger : 0.8467889
SessionManager : 0.8614936
jdbcDriver : 0.85254884
