Log : 0.848932
Session : 0.8570071
DataFileCache : 0.8470713
TextCache : 0.8434587
DatabaseManagerSwing : 0.7085027
SimpleLog : 0.84657127
