TableFilter : 0.84991604
DataFileCache : 0.8227164
DataFileDefrag : 0.82219154
TransactionManager : 0.82626736
RowInputTextQuoted : 0.82323575
TextCache : 0.8280456
SetFunction : 0.8258549
Log : 0.8265403
Select : 0.84887636
