Expression : 0.8030863
Parser : 0.8020312
Function : 0.8033074
Session : 0.8076269
ScriptWriterText : 0.7971365
DatabaseScript : 0.8168658
DatabaseCommandInterpreter : 0.81364197
