Parser : 0.83986485
TestSql : 0.80965054
DatabaseCommandInterpreter : 0.839579
TransactionManager : 0.82626736
