Table : 0.83782774
Session : 0.81663895
User : 0.80452716
GrantConstants : 0.7753055
