Grantee : 0.8635527
User : 0.8456093
DatabaseCommandInterpreter : 0.83241504
UserManager : 0.8550722
DatabaseInformationFull : 0.81564355
DatabaseScript : 0.8380936
DatabaseInformationMain : 0.81673837
