TableFilter : 0.84991604
Parser : 0.83986485
DatabaseCommandInterpreter : 0.839579
Tokenizer : 0.8369143
