Trace : 0.8250099
HsqlName : 0.832692
DatabaseCommandInterpreter : 0.839579
Session : 0.83390796
CompiledStatementExecutor : 0.8410652
DatabaseManager : 0.83148026
CompiledStatement : 0.8376109
