Table : 0.7157007
Database : 0.7230312
jdbcConnection : 0.70023686
DatabaseManager : 0.7242629
DatabaseCommandInterpreter : 0.7077497
