DatabaseCommandInterpreter : 0.8255783
Logger : 0.8574536
SchemaManager : 0.8193408
DataFileCache : 0.846853
DataFileBlockManager : 0.8267946
ScriptRunner : 0.8195719
