Column : 0.8410511
Expression : 0.8406863
Index : 0.85650396
Tokenizer : 0.8416908
DatabaseManager : 0.8510954
Logger : 0.8454232
ScriptWriterBase : 0.82116884
DITableInfo : 0.847664
NIOScaledRAFile : 0.8358224
DataFileCache : 0.8462439
DatabaseInformationFull : 0.83822614
CompiledStatement : 0.8445755
DatabaseCommandInterpreter : 0.84999335
DatabaseInformationMain : 0.8427985
ScaledRAFile : 0.8385385
DataFileDefrag : 0.8548267
ScriptRunner : 0.82131815
