DatabaseManagerSwing : 0.7031408
QueryTool : 0.81311536
TransferCommon : 0.86304665
