DiskNode : 0.85039634
Logger : 0.8358414
BitMap : 0.8185283
TestStressInsert : 0.8420302
