Expression : 0.82944137
DatabaseCommandInterpreter : 0.81845117
HsqlDateTime : 0.81653196
Select : 0.81753945
TestStressInsert : 0.81625134
jdbcConnection : 0.79613847
Util : 0.81342345
DatabaseScript : 0.82409567
