Constraint : 0.8560783
Index : 0.85650396
TableWorks : 0.85885495
DatabaseCommandInterpreter : 0.84999335
