Session : 0.83390796
TableWorks : 0.8356592
