Function : 0.8159874
Expression : 0.82944137
