jdbcResultSet : 0.8139397
jdbcResultSetMetaData : 0.827513
Session : 0.84101903
HSQLClientConnection : 0.8430956
jdbcStatement : 0.8289218
jdbcPreparedStatement : 0.81746
jdbcConnection : 0.81709504
DataFileCache : 0.8426639
DatabaseCommandInterpreter : 0.8345913
ScriptReaderBinary : 0.8428978
ScriptReaderText : 0.8348585
ScriptRunner : 0.814235
