Log : 0.8467511
HsqlDatabaseProperties : 0.8608519
TextCache : 0.8482092
DataFileCache : 0.8462439
