SqlTool : 0.71148235
CSVWriter : 0.73038167
SqlToolSprayer : 0.70555335
MainInvoker : 0.70782024
