Types : 0.8147168
Session : 0.84970796
RCData : 0.8388035
DatabaseInformationMain : 0.8427985
DatabaseInformationFull : 0.83822614
CSVWriter : 0.8493002
TableWorks : 0.85885495
RowInputText : 0.8378463
TestSql : 0.82125443
SqlTool : 0.8239651
ServerConnection : 0.84336257
