Trace : 0.8397258
Util : 0.8373439
TextTable : 0.850861
Token : 0.8079478
Session : 0.84970796
TestCollation : 0.84066314
jdbcConnection : 0.833167
DatabaseCommandInterpreter : 0.84999335
DatabaseScript : 0.8462546
DatabaseInformationFull : 0.83822614
ScriptReaderText : 0.84281915
TestBase : 0.6898836
AllTests : 0.7893038
