Tokenizer : 0.8416908
Server : 0.8332669
Parser : 0.8381928
WebServer : 0.8183967
Servlet : 0.81527174
HsqlServerFactory : 0.852969
