RefCapablePropertyResourceBundle : 0.7054625
SqlTool : 0.71148235
