RefCapablePropertyResourceBundle : 0.7054625
ValidatingResourceBundle : 0.7010186
SqltoolRB : 0.71086854
SqlTool : 0.71148235
