ValidatingResourceBundle : 0.7010186
SqlTool : 0.71148235
