TextCache : 0.84455466
Server : 0.840739
TestCacheSize : 0.8145189
LockFile : 0.8475862
ScriptWriterBase : 0.82825345
DatabaseManager : 0.8405973
Parser : 0.8075642
DataFileCache : 0.85376406
DatabaseInformationFull : 0.7867269
TextTable : 0.8372713
SimpleLog : 0.85678804
WebServer : 0.8386488
