Trace : 0.83552116
AllTests : 0.7916433
TestSubselect : 0.8077142
ServerConfiguration : 0.83539534
TestViewAsterisks : 0.8178587
ScaledRAFile : 0.84194213
TestTextTable : 0.8385936
TestGroupByHaving : 0.81266814
