HsqlDatabaseProperties : 0.84831935
AllTests : 0.7916433
