FileUtil : 0.85670906
HsqlDatabaseProperties : 0.8528509
DatabaseManager : 0.8569461
DatabaseManagerCommon : 0.8221292
HsqlProperties : 0.84861964
