View : 0.85017544
Parser : 0.83986485
