TestViewAsterisks : 0.81780887
DatabaseCommandInterpreter : 0.839579
HsqlProperties : 0.8380106
