ParserDQL : 0.813009
TestSql : 0.8116506
ParserDDL : 0.8223812
DINameSpace : 0.8050599
AllTests : 0.762511
