ParserDQL : 0.79392856
ParserDDL : 0.78910446
Scanner : 0.81263816
