SqltoolRB : 0.8458227
SqlTool : 0.81749034
