BlobData : 0.87390006
BinaryData : 0.8168968
Database : 0.78275186
BlobDataID : 0.8234738
ClobDataRemoteClient : 0.81533325
BinaryType : 0.7613955
SessionData : 0.74997133
LobManager : 0.8140978
ClobDataID : 0.8247575
BlobDataRemoteClient : 0.80795306
ClobDataMemory : 0.8340393
