ClobDataClient : 0.8438012
BlobDataClient : 0.84529954
Session : 0.84101903
JDBCResultSet : 0.8201199
JDBCBlob : 0.84422666
ClobDataMemory : 0.8425902
JDBCBlobClient : 0.8192142
BinaryData : 0.84374154
BlobDataID : 0.8424092
ClientConnection : 0.8329337
LobManager : 0.8312896
SessionData : 0.84133434
JDBCPreparedStatement : 0.82886916
RowInputBinaryNet : 0.84582585
ClobDataID : 0.8400903
TestLobs : 0.8257995
