BlobDataID : 0.8810035
JDBCResultSet : 0.8226372
JDBCBlobClient : 0.8426449
JDBCClobClient : 0.8674825
ClientConnection : 0.8295403
JDBCConnection : 0.81328636
RowInputBinaryNet : 0.8547162
SessionData : 0.81901217
LobManager : 0.85408664
