RefCapablePropertyResourceBundle : 0.70239675
SqltoolRB : 0.7048793
SqlTool : 0.70926994
