LobManager : 0.8310356
JDBCConnection : 0.8410639
SessionData : 0.84544855
