JDBCResultSet : 0.819153
Session : 0.8310356
ResultLob : 0.86696684
RowAction : 0.8002929
ClientConnection : 0.8245847
LineGroupReader : 0.81920785
SessionData : 0.83472115
JDBCPreparedStatement : 0.8220201
TableBase : 0.8509104
JDBCClobClient : 0.8570604
JDBCBlobClient : 0.86559474
TestUtil : 0.70844066
TransactionManager : 0.825567
HsqlByteArrayOutputStream : 0.8500689
LobResultTypes has been removed due to the repository version iteration
