LobManager : 0.77963483
ResultLob : 0.81888765
ErrorCode : 0.7484093
StatementCompound : 0.8267139
StatementSimple : 0.82967967
JDBCClobClient : 0.8123709
JDBCBlobClient : 0.809697
ParserRoutine : 0.8741993
