ColumnBase : 0.8506075
Token : 0.80778587
JDBCCallableStatement : 0.8203107
ColumnSchema : 0.8372889
ExpressionColumn : 0.8354457
ResultMetaData : 0.85910636
SessionContext : 0.8364967
StatementDMQL : 0.8379298
ParserRoutine : 0.8100966
ParserDQL : 0.81952024
JDBCPreparedStatement : 0.82886916
ParserCommand : 0.82271427
ParserDML : 0.81930226
ResultConstants : 0.79902184
StatementProcedure : 0.8307942
Nullability has been removed due to the repository version iteration
ParameterModes has been removed due to the repository version iteration
