JDBCResultSet : 0.7610358
ClobDataMemory : 0.8340393
ErrorCode : 0.86701006
CharacterType : 0.75362355
ClobDataID : 0.8247575
DatabaseInformationFull : 0.7265432
BitType : 0.77072304
BinaryType : 0.7613955
