BlobData : 0.87390006
ResultLob : 0.7851588
Session : 0.7686768
SessionContext : 0.74991536
ClobDataID : 0.8247575
BlobDataID : 0.8234738
LobManager : 0.8140978
BinaryData : 0.8168968
CharacterType : 0.75362355
LobResultTypes has been removed due to the repository version iteration
HsqlNameManager : 0.7784245
