Session : 0.84970796
TransactionManager : 0.8521969
RowAction : 0.83783376
TableBase : 0.86889625
LobManager : 0.83683234
Database : 0.8493465
