ParserCommand : 0.85881597
StatementTypes : 0.78798
