Session : 0.8272016
JDBCBlobClient : 0.84674287
ErrorCode : 0.7733357
JDBCPreparedStatement : 0.86412054
LobManager : 0.819153
BlobInputStream : 0.828038
JDBCStatementBase : 0.844406
ClobInputStream : 0.83321065
