Index : 0.85650396
SessionContext : 0.8395779
IndexRowIterator has been removed due to the repository version iteration
Constraint : 0.8560783
BaseHashMap : 0.8352385
StatementDMQL : 0.8463581
TestUtil : 0.7173514
HashIndex : 0.83501273
RowSetNavigatorData : 0.86115116
CachedRow : 0.84414494
StatementInsert : 0.8630012
