Node : 0.7992846
Index : 0.7774776
NumberSequence : 0.8166291
TableBase : 0.8116392
ArrayUtil : 0.782508
Table : 0.7912277
Row : 0.8105254
Constraint : 0.7941324
RowStoreText : 0.79909474
RowStoreHybrid : 0.788826
TextCache : 0.78045446
RowStoreCached : 0.80481
RowStoreMemory : 0.82101786
