CachedObject : 0.7760442
Node : 0.81192374
Row : 0.83812684
RowSetNavigatorData : 0.86115116
CachedRow : 0.84414494
RowStoreCached : 0.8580237
QuerySpecification : 0.85992706
StatementDML : 0.73058206
RowStoreText : 0.85076475
RowStoreHybrid : 0.85637444
DiskNode : 0.84388787
StatementInsert : 0.8630012
PersistentStoreCollectionSession : 0.8502358
CachedDataRow : 0.8534963
