Node : 0.8140215
Row : 0.8375802
BaseMemoryNode : 0.8429784
CachedRow : 0.8431942
DiskNode : 0.85039634
RowStoreText : 0.84214866
RowStoreMemory : 0.8365111
RowStoreCached : 0.84978706
RowStoreHybrid : 0.8497613
CachedDataRow : 0.85396606
PointerNode : 0.85451823
MemoryNode : 0.857749
