IntervalType : 0.73414475
DTIType : 0.74908495
PersistentStore : 0.83555084
RowStoreAVLHybrid : 0.7809501
RowStoreAVLDisk : 0.7937164
FunctionSQL : 0.77805626
RowStoreAVLMemory : 0.8020947
RowSetNavigatorData : 0.7694535
RowStoreAVLDiskData : 0.78813416
IndexRowIterator has been removed due to the repository version iteration
