Table : 0.7912277
Type : 0.79131234
TableBase : 0.8116392
RowStoreAVLDisk : 0.8161322
RowStoreAVLMemory : 0.81579405
TextCache : 0.78045446
Expression : 0.76657814
DateTimeType : 0.7404309
TextTable : 0.78693986
TransactionManager : 0.77866656
IndexRowIterator has been removed due to the repository version iteration
FunctionCustom : 0.73632264
RowSetNavigatorData : 0.784055
RowStoreAVLHybrid : 0.79988563
RowStoreAVLDiskData : 0.80942094
