JDBCPreparedStatement : 0.86412054
HsqlByteArrayOutputStream : 0.812109
StringConverter : 0.8126169
RowOutputBinary : 0.80857384
TransactionManager : 0.82166475
FunctionCustom : 0.7882595
Session : 0.8272016
TestLobs : 0.8334494
SessionContext : 0.8062839
CharArrayWriter : 0.81070226
