SessionData : 0.8371342
CountdownInputStream : 0.8622642
TransactionManager : 0.8396729
RowStoreAVL : 0.8344042
TestLobs : 0.81113946
