SessionData : 0.84544855
TransactionManager : 0.8492593
