JDBCPreparedStatement : 0.82886916
TestLobs : 0.8257995
CharArrayWriter : 0.8557899
ResultLob : 0.84865075
HsqlByteArrayOutputStream : 0.84056324
ErrorCode : 0.79352576
