Session : 0.7913742
BinaryType : 0.7674911
JDBCClobClient : 0.8019362
CharacterType : 0.7584282
JDBCBlobClient : 0.76998025
LobManager : 0.8040526
RowAction : 0.74897003
TransactionManager : 0.783492
SessionData : 0.76306653
JDBCPreparedStatement : 0.77836734
BitType : 0.77657574
ClobType : 0.78892636
ClientConnection : 0.7819268
LobStoreRAFile : 0.75651675
TestLobs : 0.7414922
LobStoreMem : 0.7683051
