LobManager : 0.8310356
TestLobs : 0.842936
SessionData : 0.84544855
SessionManager : 0.858669
