StatementTypes : 0.79151887
Result : 0.8439378
Database : 0.83484966
HsqlDatabaseProperties : 0.84267
RowSetNavigatorClient : 0.85767347
Session : 0.8303915
SchemaManager : 0.8060951
ParserDDL : 0.79434973
StatementCommand : 0.8121457
ClientConnection : 0.83546025
JDBCPreparedStatement : 0.8385992
StatementQuery : 0.8059168
ServerConnection : 0.83561003
StatementDMQL : 0.82548094
ParserCommand : 0.8057565
AllTests : 0.77641654
ResultConstants : 0.7955427
