RowSetNavigator : 0.848172
RowSetNavigatorClient : 0.85505986
JDBCPreparedStatement : 0.82886916
Server : 0.83182836
JDBCCallableStatement : 0.8203107
WebServerConnection : 0.8417203
Servlet : 0.81181073
