Cache : 0.84146374
BaseHashMap : 0.8256542
RowAction : 0.82173204
ExpressionColumn : 0.82384914
TransactionManager : 0.8277009
RangeVariable : 0.83803
RowAVLDisk : 0.8654045
ExpressionAggregate : 0.8078174
