Database : 0.83344907
QuerySpecification : 0.84806806
BaseHashMap : 0.8092495
ParserCommand : 0.8290836
StatementCommand : 0.8536199
