DataFileCache : 0.83946955
RowStoreAVLHybrid : 0.84337145
SessionData : 0.84544855
RowStoreAVL : 0.812728
SessionContext : 0.83209115
PersistentStoreCollectionSession : 0.8504368
StatementDMQL : 0.8411734
