ClientConnectionTest : 0.82070875
ScannerTest : 0.84680396
AllTests : 0.8377987
