ParserCommand : 0.8329772
Log : 0.84955204
StatementCommand : 0.85842174
SchemaManager : 0.8416237
Logger : 0.850621
