Log : 0.84955204
IndexAVL : 0.83877456
Logger : 0.850621
