Log : 0.809426
ErrorCode : 0.8098247
Session : 0.8216944
Constraint : 0.83837414
Table : 0.82606
HsqlDatabaseProperties : 0.8293528
UserManager : 0.8220344
ParserDDL : 0.7984457
SessionManager : 0.8255715
StatementDML : 0.70394456
ParserCommand : 0.8123168
CharacterType : 0.8188768
SchemaManager : 0.80138046
Database : 0.83516437
Logger : 0.806981
ParserDML : 0.7981591
