TestBatchExecution : 0.8386198
StatementSimple : 0.8412761
