JDBCDatabaseMetaData : 0.8468021
TestPreparedSubQueries : 0.83986723
