NumberType : 0.80473304
Grantee : 0.82590675
Statement : 0.8412552
ParserDQL : 0.80978274
StatementCompound : 0.8112036
StatementHandler : 0.839629
DatabaseInformationFull : 0.78309536
JDBCConnection : 0.7883353
ParserDDL : 0.7984457
