Logger : 0.8158836
TestStressInsert : 0.8276412
ParserCommand : 0.8784151
