ParserDQL : 0.75225663
Logger : 0.7861618
ParserCommand : 0.7455607
StatementCommand : 0.78798
