Session : 0.8341072
NumberType : 0.8151226
Scanner : 0.82119894
ParserCommand : 0.7965252
ExpressionLogical : 0.80539864
BitType : 0.83949167
ExpressionOp : 0.8039606
StatementSession : 0.83302313
ExpressionArithmetic : 0.80961865
RowInputBinary : 0.8429827
StatementSchemaDefinition : 0.80783105
