RoutineSchema : 0.8603313
ParserRoutine : 0.8040267
StatementHandler : 0.84788316
HsqlNameManager : 0.85427576
