BitType : 0.8292269
JDBCDatabaseMetaData : 0.8340455
BooleanType : 0.8383531
ParserDDL : 0.78445923
DatabaseInformationFull : 0.78246015
ServerConnection : 0.79683423
StatementSchema : 0.79569995
ParserCommand : 0.78220296
DatabaseInformationMain : 0.79222524
TestSql : 0.7656941
TestDatabaseMetaData : 0.76834273
FunctionCustom : 0.80125564
TestLikePredicateOptimizations : 0.76718277
