SqlFile : 0.7081543
FrameworkLogger : 0.8096896
SqlTool : 0.8103037
