Log : 0.83787704
Database : 0.8307775
Logger : 0.8429244
DataFileCache : 0.8257843
HsqlDatabaseProperties : 0.82743114
ScaledRAFile : 0.820962
ScaledRAFileNIO : 0.84951264
StatementCommand : 0.81619316
ScriptReaderBinary : 0.8194069
ScriptReaderText : 0.8144788
ScriptRunner : 0.79771894
DataFileCacheSession : 0.8350285
RAShadowFile : 0.81690955
