Logger : 0.86227703
Database : 0.848932
HsqlDatabaseProperties : 0.8528509
ScaledRAFile : 0.8513309
DataFileCache : 0.8546105
ScaledRAFileNIO : 0.8623404
ParserCommand : 0.83043027
StatementCommand : 0.8449242
ScriptReaderBinary : 0.85703194
ScriptReaderText : 0.8574052
DataFileCacheSession : 0.8630575
RAShadowFile : 0.8546757
ScriptRunner : 0.8365329
StatementTypes : 0.7804488
