Logger : 0.8467889
Log : 0.848932
HsqlDatabaseProperties : 0.84831935
ScriptReaderText : 0.8375514
ParserCommand : 0.8203577
