Database : 0.80459905
Logger : 0.78315514
OdbcUtil : 0.7718743
ParserCommand : 0.7341578
