ScriptReaderBase : 0.8597068
RAShadowFile : 0.8292062
HsqlDatabaseProperties : 0.84831935
ScaledRAFile : 0.84194213
Logger : 0.8467889
DataFileCache : 0.8470713
ScaledRAFileNIO : 0.8539943
DataFileCacheSession : 0.851531
Log : 0.848932
ScriptReaderText : 0.8375514
StatementCommand : 0.8551375
ScriptRunner : 0.8105855
