TransactionManager : 0.80074453
TransactionManager2PL : 0.80152076
CharacterType : 0.81823254
TestHarness : 0.78915423
TestCacheSize : 0.7788345
ClobInputStream : 0.8135019
BlobInputStream : 0.8163064
