Cache : 0.8409007
DbBackup : 0.8422791
Log : 0.8467511
TransactionManager2PL : 0.8455283
SessionContext : 0.8395779
RAShadowFile : 0.8338685
DataFileCache : 0.8462439
SchemaManager : 0.84795576
Logger : 0.8454232
TransactionManager : 0.8521969
ParserRoutine : 0.820978
DataFileDefrag : 0.8548267
