ParserDDL : 0.8287116
JDBCResultSetMetaData : 0.8179094
StatementDML : 0.70597124
StatementSet : 0.855417
TestSql : 0.8147317
ParserRoutine : 0.83049846
StatementSchema : 0.8261696
DataFileCache : 0.8271199
StatementResultUpdate : 0.84789324
ClientThread has been removed due to the repository version iteration
StatementSchemaDefinition : 0.8426817
StatementCommand : 0.86692303
StatementSession : 0.8657809
