ParserRoutine : 0.7867377
CompileContext has been removed due to the repository version iteration
StatementDMQL : 0.8326759
StatementSet : 0.822582
StatementExpression : 0.8317395
StatementSimple : 0.84365404
ParserDDL : 0.7963866
ParserCommand : 0.7986382
StatementCompound : 0.82288945
StatementDML : 0.7228395
StatementProcedure : 0.84532356
StatementQuery : 0.82637393
