Table : 0.84788346
Log : 0.8366303
ServerConnection : 0.8382828
ScriptReaderBase : 0.84097856
StatementDMQL : 0.8379298
StatementDML : 0.7121535
JDBCStatement : 0.83130604
StatementSet : 0.8393258
JDBCPreparedStatement : 0.82886916
ScriptWriterBase : 0.8181174
JDBCStatementBase : 0.82773066
Logger : 0.83478385
ScriptWriterText : 0.83992356
OdbcPreparedStatement : 0.8141273
StatementProcedure : 0.8307942
StatementExpression : 0.8302125
ScriptRunner : 0.814235
StatementQuery : 0.8208534
