Crypto : 0.82057464
ExpressionColumn : 0.8235749
FunctionCustom : 0.80883545
DataFileDefrag : 0.8449913
RowInputBinaryDecode : 0.8416401
