Tokens : 0.8245521
DataFileCache : 0.8426639
FunctionCustom : 0.8177085
StatementDMQL : 0.8379298
