DataFileCache : 0.699062
DatabaseManager : 0.7031408
RowStoreAVLMemory : 0.711017
FunctionCustom : 0.68984354
