JDBCDatabaseMetaDataTest : 0.88963777
JDBCSQLXMLTest : 0.8665445
JDBCPreparedStatementTest : 0.8888694
UtilTest : 0.87529874
