PreprocessorTest : 0.8366228
IntervalTypeTest : 0.8521308
HsqlArrayHeapTest : 0.8518469
HsqlDequeTest : 0.8432941
BitMapTest : 0.8262767
ArrayUtilTest : 0.85762215
ValuePoolHashMapTest : 0.86163086
HsqlPropertiesTest : 0.81031406
