JDBCDatabaseMetaData : 0.8340455
BitType : 0.8292269
DatabaseInformationFull : 0.78246015
BooleanType : 0.8383531
HsqlDatabaseProperties : 0.8170819
HsqlProperties : 0.82584053
Routine : 0.83696073
DatabaseInformationMain : 0.79222524
DatabaseInformation : 0.8371384
