Session : 0.82035935
CharacterType : 0.81823254
JDBCDatabaseMetaData : 0.8340455
DatabaseInformationMain : 0.79222524
SessionData : 0.8013118
DatabaseInformationFull : 0.78246015
OtherType : 0.8442629
ExpressionOp : 0.79649436
StatementSession : 0.823049
