RowStoreAVLDisk : 0.85832655
SchemaManager : 0.84795576
TableWorks : 0.85885495
Logger : 0.8454232
FunctionSQL : 0.83479124
Database : 0.8493465
StatementCommand : 0.8497784
