SqltoolRB : 0.71417165
SqlTool : 0.70926994
