Constraint : 0.8560783
RefCapablePropertyResourceBundle : 0.8143396
DatabaseURL : 0.7157007
BundleHandler : 0.8314603
ExpressionColumn : 0.8461371
LobManager : 0.83683234
