Result : 0.8562932
ErrorCode : 0.8413379
JDBCResultSet : 0.8120401
Session : 0.85228413
JDBCPreparedStatement : 0.8226073
JDBCStatement : 0.82449245
JDBCCallableStatement : 0.82137626
JDBCConnection : 0.81230587
SessionData : 0.82620305
StatementCompound : 0.8354611
HsqlDeque : 0.8472208
JDBCStatementBase : 0.8158881
