Index : 0.85650396
HsqlDatabaseProperties : 0.8608519
Log : 0.8467511
ArrayUtil : 0.83782774
TextCache : 0.8482092
RowInputBase : 0.80309653
LockFile : 0.8265855
TestTextTable : 0.83567685
TestAllTypes : 0.8192995
DataFileCache : 0.8462439
DatabaseCommandInterpreter : 0.84999335
ServerConnection : 0.84336257
Testdb : 0.83722955
TestJDBCSavepoints : 0.7042837
Logger : 0.8454232
TableFilter : 0.8440973
TestStoredProcedure : 0.829226
Token : 0.8079478
