jdbcResultSetMetaData : 0.8276837
DatabaseURL : 0.71083826
