Log : 0.85288924
ScaledRAFileInJar : 0.8463061
