QuerySpecification : 0.8525992
ExpressionLogical : 0.8472519
QueryExpression : 0.8489787
ExpressionAggregate : 0.8358043
ExpressionOp : 0.84776384
ExpressionArithmetic : 0.8490339
ParserRoutine : 0.8211968
ParserDML : 0.8323413
