ScaledRAFileNIO : 0.8539943
Log : 0.848932
TransactionManagerMV2PL : 0.7191147
ParserCommand : 0.8203577
SchemaManager : 0.83344907
DataFileCache : 0.8470713
ScriptReaderBase : 0.8597068
FunctionCustom : 0.8194809
ScriptReaderDecode : 0.8267244
ScriptRunner : 0.8105855
ScriptReaderText : 0.8375514
ScriptWriterEncode : 0.82525563
