BaseHashMap : 0.83321023
HashIndex : 0.83239394
