Types : 0.8169799
ErrorCode : 0.795658
