Scanner : 0.83734787
Database : 0.83516437
Session : 0.8216944
DateTimeType : 0.7955147
DatabaseManager : 0.812859
ParserCommand : 0.8123168
IntervalType : 0.8028694
DataFileCache : 0.81879944
