DatabaseManager : 0.85296875
DataFileCache : 0.8470713
