ParserDQL : 0.7647826
ParserCommand : 0.7602073
TestSchemaParse : 0.77096903
IndexAVL : 0.8171101
RangeVariableResolver : 0.785945
FunctionCustom : 0.7682008
ParserDDL : 0.75852907
NodeAVLDisk : 0.8125337
NodeAVLBaseMemory : 0.84214795
