ValidatingResourceBundle : 0.7043502
SqltoolRB : 0.71417165
SqlTool : 0.70926994
