TriggerDefSQL : 0.8408658
TriggerDef : 0.8426979
Log : 0.8467511
TextTable : 0.850861
TextCache : 0.8482092
TransactionManager2PL : 0.84557444
DataFileCache : 0.8462439
StatementTypes : 0.79661685
ParserCommand : 0.83080345
ParserDDL : 0.83564985
StatementCommand : 0.8497784
