Type : 0.81377065
JDBCResultSet : 0.80621016
ParserDQL : 0.8309628
