WebServer : 0.8037651
Tokens : 0.7889817
Trigger : 0.7635282
