Table : 0.7912277
TableBase : 0.8116392
RowAction : 0.74819875
RowStoreAVLMemory : 0.8241891
SessionData : 0.76642746
RowStoreAVLDiskData : 0.82188463
RowStoreAVL : 0.8317348
TransactionManagerMVCC : 0.7162438
TransactionManagerMV2PL : 0.7157401
TableWorks : 0.7432051
RowStoreAVLDisk : 0.8301377
TestTextTables : 0.78020245
RowStoreAVLHybrid : 0.797727
TransactionManager2PL : 0.77483076
Logger : 0.7745087
ParserCommand : 0.7330443
TextTable : 0.78693986
