TestTriggers : 0.8313978
TestTextTables : 0.84007907
IntervalSecondData : 0.8231545
IntervalMonthData : 0.81923336
TriggerClass : 0.8264148
