Session : 0.84101903
StatementDML : 0.7121535
StatementCompound : 0.8309041
StatementHandler : 0.84099394
StatementSet : 0.83956856
TestBench : 0.8323624
StatementSchema : 0.8132848
JDBCPreparedStatement : 0.82886916
StatementProcedure : 0.8307942
StatementCommand : 0.84353995
JDBCStatementBase : 0.82773066
StatementSession : 0.8444847
FunctionSQLInvoked : 0.8338545
StatementResultUpdate : 0.84339
StatementInsert : 0.8474287
ScriptRunner : 0.814235
