ValidatingResourceBundle : 0.7034472
SqlTool : 0.70926994
