QuerySpecification : 0.84894353
ExpressionArithmetic : 0.8619232
