QueryExpression : 0.8325251
DataFileCache : 0.8543488
ScaledRAFile : 0.8505676
Tokens : 0.820804
ParserDDL : 0.79837704
DataFileCacheSession : 0.84834373
