QuerySpecification : 0.8610119
SortAndSlice : 0.85832703
