DITableInfo : 0.8043333
DatabaseInformationMain : 0.80807436
