ParserRoutine : 0.8091761
DoubleIntIndex : 0.8345862
