Result : 0.79352003
JDBCDatabaseMetaData : 0.812662
RangeVariableResolver : 0.75935614
Constraint : 0.8020744
JDBCPreparedStatement : 0.77893645
ExpressionColumn : 0.7653102
StatementInsert : 0.75543785
StatementResultUpdate : 0.7740791
ExpressionValue : 0.79118717
