Expression : 0.85337377
FunctionSQL : 0.84283745
