ResultLob : 0.8480684
StatementSet : 0.8393258
StatementResultUpdate : 0.8453995
StatementInsert : 0.85355556
ScriptRunner : 0.814235
