RowStoreAVLMemory : 0.85958904
Session : 0.84117067
RowSetNavigatorData : 0.85666656
QueryExpression : 0.8423876
RowOutputBase : 0.8151868
RowInputBase : 0.8057996
QuerySpecification : 0.84467787
ServerConnection : 0.8422131
StatementResultUpdate : 0.84432316
