NodeAVL : 0.8072131
IndexAVL : 0.84868497
Constraint : 0.8560783
TableBase : 0.8647423
JDBCPreparedStatementTest : 0.84815145
Logger : 0.8454232
NodeAVLDisk : 0.8431414
NodeAVLBaseMemory : 0.82784194
StatementDML : 0.725035
