RowAVL : 0.81483704
Row : 0.84218615
RowAction : 0.7832402
RowAVLDisk : 0.83825696
RangeIteratorBase has been removed due to the repository version iteration
Session : 0.81051934
RowStoreAVLHybrid : 0.8145429
TransactionManager2PL : 0.8020084
TransactionManagerMVCC : 0.72151273
TransactionManagerMV2PL : 0.71745497
JDBCPreparedStatement : 0.7794565
Logger : 0.7989922
RowStoreAVLDisk : 0.84170794
RowStoreAVLMemory : 0.83535033
IndexAVLMemory : 0.7778673
NodeAVLDisk : 0.814126
RowAVLDiskData : 0.8274523
NodeAVLMemoryPointer : 0.8534361
