FunctionSQL : 0.84191847
ParserDDL : 0.83086777
ExpressionColumn : 0.85292596
Values has been removed due to the repository version iteration
IntValueHashMap : 0.8351592
OrderedIntHashSet : 0.83098084
FunctionCustom : 0.83394265
