ExpressionLogical : 0.84684163
ColumnSchema : 0.83918506
FunctionSQL : 0.84191847
FileUtil : 0.8182098
ParserDDL : 0.83086777
ExpressionLike : 0.8368977
FunctionSQLInvoked : 0.8384697
FunctionCustom : 0.83394265
