Logger : 0.7935359
FunctionSQL : 0.82291555
