TransactionManager2PL : 0.74594206
TransactionManagerMVCC : 0.8836611
