HsqlByteArrayOutputStream : 0.81769687
TestLobs : 0.836727
TestTypeConversion : 0.8471711
