HsqlDatabaseProperties : 0.84741145
DatabaseInformationFull : 0.8205854
RowOutputBinary : 0.8215674
DatabaseInformationMain : 0.8261807
JDBCResultSetMetaData : 0.82955825
JDBCParameterMetaData : 0.8420189
