ParserDQL : 0.8372592
FunctionSQL : 0.8486156
Session : 0.8110256
