JDBCPreparedStatement : 0.73145926
TestLobs : 0.72316533
