TableWorks : 0.84908867
ParserDDL : 0.82724166
