HashSet : 0.83904874
StatementCommand : 0.86270857
ArrayUtil : 0.81663895
StatementDMQL : 0.83774745
JDBCPreparedStatement : 0.83282524
TransactionManager2PL : 0.8460608
TransactionManagerMV2PL : 0.725313
StatementSchema : 0.8461556
ParserCommand : 0.8251344
ScriptRunner : 0.828604
