Statement : 0.83259094
StatementHandler : 0.7910211
TransactionManager2PL : 0.78307414
StatementDMQL : 0.78666687
ParserCommand : 0.7367774
ParserDDL : 0.7479478
StatementSimple : 0.75971943
ParserRoutine : 0.7396036
StatementCommand : 0.79033256
StatementSchema : 0.7513772
StatementSession : 0.7871897
