Session : 0.8492593
ErrorCode : 0.78095
Row : 0.8277009
RowActionBase : 0.86847913
IndexAVL : 0.8416032
ParserCommand : 0.83058137
TransactionManager2PL : 0.86707586
LongDeque : 0.83968335
RowAction : 0.8586805
StatementDMQL : 0.83528143
TransactionManagerMV2PL : 0.7550432
LobManager : 0.7303037
IndexAVLMemory : 0.83924645
