TransactionManagerMVCC : 0.73871595
RowActionBase : 0.9032538
