ArrayUtil : 0.81663895
TransactionManagerMV2PL : 0.725313
TransactionManager2PL : 0.8460608
TransactionManagerMVCC : 0.7290595
