Index : 0.85650396
Constraint : 0.8560783
DatabaseInformationFull : 0.83822614
IndexAVL : 0.84868497
DatabaseInformationMain : 0.8427985
IndexAVLMemory : 0.8312718
