QuerySpecification : 0.8577033
QueryExpression : 0.8514728
Row : 0.83812684
StatementSchema : 0.8429073
RowSetNavigatorLinkedList : 0.85222584
RowSetNavigatorData : 0.85868746
ParserDDL : 0.83618253
ParserDQL : 0.8225271
RowSetNavigatorDataTable : 0.85797155
SchemaManager : 0.84795576
RowAVLDisk : 0.85213995
Logger : 0.8454232
ParserCommand : 0.82309073
ParserRoutine : 0.8218068
RowStoreAVLHybrid : 0.8518862
ParserDML : 0.8329675
RowAVL : 0.8399226
StatementTypes : 0.7973551
StatementSchemaDefinition : 0.8347942
