RowSetNavigatorDataTable : 0.8611838
RowSetNavigatorData : 0.8644902
RowOutputBinary : 0.81935877
DataFileCache : 0.8393951
