ParserDQL : 0.8165002
FunctionCustom : 0.8332898
TestStoredProcedure : 0.77200246
