Tokens : 0.82606
TableWorks : 0.85885495
Constraint : 0.8560783
SchemaManager : 0.84795576
SchemaObjectSet : 0.82610935
FunctionCustom : 0.8129773
TestStoredProcedure : 0.829226
Grantee : 0.838797
