SchemaObjectSet : 0.8341157
TestStoredProcedure : 0.82917434
TestMerge : 0.81893456
