ScriptWriterText : 0.8411524
ScriptWriterEncode : 0.82737815
