SqltoolRB : 0.71417165
RefCapablePropertyResourceBundle : 0.7067049
SqlTool : 0.70926994
