Statement : 0.84174275
Routine : 0.8457237
Schema : 0.8397913
ExpressionColumn : 0.84568524
StatementDMQL : 0.84250927
SchemaManager : 0.84795576
SchemaObjectSet : 0.82610935
StatementCompound : 0.82864285
ParserRoutine : 0.8218068
ParserDDL : 0.83618253
StatementSchema : 0.8429073
StatementSet : 0.8461341
QuerySpecification : 0.8577033
StatementExpression : 0.8358027
StatementSimple : 0.83564687
