ErrorCode : 0.80771416
SchemaManager : 0.8305025
FunctionSQLInvoked : 0.8463373
