Token : 0.81334007
Schema : 0.8506712
ParserDQL : 0.81385124
ParserBase : 0.8346676
StatementCompound : 0.8315234
SchemaObjectSet : 0.82565224
ParserRoutine : 0.81197226
