Constraint : 0.85369104
View : 0.8436135
SchemaManager : 0.8305025
Token : 0.81334007
ParserDQL : 0.81385124
TableWorks : 0.8239473
ParserDDL : 0.818693
TestViewAsterisks : 0.8109324
StatementSchema : 0.8282123
CompileContext has been removed due to the repository version iteration
ParserRoutine : 0.81197226
