QuerySpecification : 0.85936767
ParserRoutine : 0.81179214
QueryExpression : 0.8594366
StatementSession : 0.85329646
ParserCommand : 0.813447
