ErrorCode : 0.7832537
LobManager : 0.71848774
StatementCommand : 0.8587763
