SqltoolRB : 0.71086854
SqlTool : 0.71148235
