RB : 0.71983117
SharedFields has been removed due to the repository version iteration
TokenList : 0.71543705
RefCapablePropertyResourceBundle : 0.7054625
SqlFileScanner : 0.7081543
SqlTool : 0.71148235
ValidatingResourceBundle : 0.7010186
AppendableException : 0.7096597
SqltoolRB : 0.71086854
TarGenerator : 0.7021098
TarHeaderFields : 0.70161617
SqlToolSprayer : 0.70555335
PIFData : 0.7037944
