SqlTool : 0.71148235
SqlToolSprayer : 0.70555335
