RCData : 0.7114238
SqlTool : 0.71148235
TarFileOutputStream : 0.70018786
RefCapablePropertyResourceBundle : 0.7054625
PIFData : 0.7037944
TarFileInputStream : 0.7025554
TarEntrySupplicant has been removed due to the repository version iteration
DbBackup : 0.7075172
TarReader : 0.7037674
