ParserDQL : 0.6855458
QuerySpecification : 0.71250904
TestTextTables : 0.7630245
TestSubselect : 0.7257806
ClearTests : 0.70433456
TestBatchBug : 0.8120444
TestSqlPersistent : 0.7310508
TestDima : 0.70956004
TestScript : 0.76271725
TestSql : 0.7009033
AllSimpleTests : 0.7350244
