HsqlDatabaseProperties : 0.8496838
Schema : 0.82757014
Session : 0.8369362
DatabaseInformationFull : 0.7929587
DateTimeType : 0.82588166
TestUtil : 0.71879846
JDBCParameterMetaData : 0.84509623
SchemaManager : 0.81308264
JDBCResultSetMetaData : 0.8214953
DatabaseInformationMain : 0.8001165
