Session : 0.84101903
StatementDMQL : 0.83618504
StatementManager : 0.8468282
StatementInsert : 0.85355556
TestDatabaseMetaData : 0.81469136
