DbBackup : 0.8265447
TarGenerator : 0.814351
AppendableException : 0.8514998
PIFGenerator : 0.81578
