DataFileCache : 0.85206044
ParserCommand : 0.8355226
Logger : 0.842921
Log : 0.8528509
StatementCommand : 0.8490499
TestUtil : 0.7178257
StatementTypes : 0.79055685
