TransactionManager2PL : 0.8246395
TransactionManagerMV2PL : 0.70571023
