Log : 0.7803363
ParserDQL : 0.74372166
RoutineSchema : 0.79891396
