Table : 0.85650396
ParserDQL : 0.83331686
Constraint : 0.8487215
IndexAVL : 0.85464203
TriggerDef : 0.83799624
SchemaManager : 0.83459
StatementDML : 0.7236554
CompileContext has been removed due to the repository version iteration
