StatementDML : 0.6815163
View : 0.84544754
TableBase : 0.819567
ParserDML : 0.86836153
