AbstractTestOdbc : 0.81273144
TestStressInsert : 0.83760226
