SchemaManager : 0.86977434
LobManager : 0.7128344
StatementCompound : 0.8224005
Database : 0.82422864
SessionContext : 0.8396702
TransactionManager2PL : 0.84202373
StatementSchema : 0.869501
