ParserDQL : 0.8169986
RowAction : 0.83584523
FunctionSQL : 0.8295318
TestLikePredicateOptimizations : 0.8150171
TransactionManager2PL : 0.8460608
TransactionManagerMV2PL : 0.725313
Constraint : 0.84233236
RowStoreAVLDisk : 0.84998566
RowStoreAVLHybrid : 0.84117067
RowActionBase : 0.8436549
CompileContext has been removed due to the repository version iteration
LongKeyIntValueHashMap : 0.8446063
HashMap : 0.8459753
TransactionManagerMVCC : 0.7290595
TestINPredicateParameterizationAndCorrelation : 0.8173003
IntKeyHashMap : 0.8441031
