RowAction : 0.8586805
IndexAVL : 0.8416032
TransactionManagerMVCC : 0.7603772
ParserDDL : 0.8332624
TransactionManagerMV2PL : 0.7550432
ParserRoutine : 0.82341003
StatementExpression : 0.83566946
RowStoreAVLHybrid : 0.8415633
TransactionManager2PL : 0.86707586
RowStoreAVLDiskData : 0.84893614
