StatementProcedure : 0.8456256
ParserDDL : 0.801336
LobManager : 0.7252427
StatementManager : 0.83440524
ParserCommand : 0.79747087
StatementSchemaDefinition : 0.8176759
ScriptReaderText : 0.8147816
