RowAction : 0.8259422
JDBCDatabaseMetaData : 0.83286434
TransactionManagerMVCC : 0.7237903
RowActionBase : 0.8259324
