TransactionManager : 0.8521969
RowAction : 0.8406603
Session : 0.84970796
TransactionManagerMVCC : 0.7314994
DataFileCache : 0.8462439
BaseHashMap : 0.8352385
StatementDML : 0.725035
TransactionManagerMV2PL : 0.72713923
TransactionManager2PL : 0.84557444
Logger : 0.8454232
RAShadowFile : 0.8338685
RowActionBase : 0.8412341
