RowAction : 0.83584523
TableBase : 0.85361403
DataFileCache : 0.83946955
LobManager : 0.7207662
TransactionManagerMVCC : 0.7290595
RowStoreAVLDiskData : 0.8448505
HsqlDateTime : 0.8293003
Logger : 0.850621
