ParserRoutine : 0.8371656
StatementDML : 0.6897719
TestMerge : 0.8046094
