RowAction : 0.8586805
TransactionManagerMVCC : 0.7603772
TransactionManager2PL : 0.86707586
RowStoreAVLDisk : 0.84853816
IndexAVL : 0.8416032
TransactionManagerMV2PL : 0.7550432
