TextCache : 0.8572378
RowStoreAVLDiskData : 0.8597166
