TransactionManagerMV2PL : 0.7154773
Grantee : 0.83035165
TransactionManagerMVCC : 0.7211212
SchemaManager : 0.82457066
ServerConnection : 0.8382828
QuerySpecification : 0.8488486
JDBCPreparedStatement : 0.82505816
TestStoredProcedure : 0.821409
