Expression : 0.8182112
JDBCConnection : 0.7939772
StatementSet : 0.80717987
StatementProcedure : 0.81991345
DatabaseInformationFull : 0.7772789
ParserRoutine : 0.7757369
ParserDML : 0.7759245
