RowSetNavigatorClient : 0.8334473
TestUpdatableResultSets : 0.83015406
