SubQuery : 0.84791434
RangeVariable : 0.84467846
ParserDDL : 0.83086777
ParserDQL : 0.83261395
ParserBase : 0.8265701
CompileContext has been removed due to the repository version iteration
AllSimpleTests : 0.7772481
