QueryExpression : 0.85035414
ParserDDL : 0.818693
SchemaManager : 0.8305025
