Row : 0.82764775
RowAVLDisk : 0.8409886
RowAVL : 0.84044725
IndexAVL : 0.8377857
RowStoreAVLDisk : 0.844241
RowSetNavigatorDataTable : 0.84778607
BaseHashIterator has been removed due to the repository version iteration
Cache : 0.8398187
RowAVLDiskData : 0.84485465
