RowAVL : 0.8501335
RowAVLDisk : 0.86442924
RowStoreAVL : 0.8362027
RowStoreAVLDiskData : 0.8512864
RowStoreAVLDisk : 0.86161715
RowStoreAVLMemory : 0.85155636
