PersistentStore : 0.7774776
RowStoreAVL : 0.8082933
TestTextTables : 0.82170117
IndexAVL : 0.85464203
TextCache : 0.8446654
TableBase : 0.85773116
TransactionManagerMVCC : 0.72922945
FunctionSQLInvoked : 0.8392699
RowSetNavigatorDataTable : 0.8579827
StatementDML : 0.7236554
PersistentStoreCollectionSession : 0.8532522
