JDBCConnectionTest : 0.89285225
JDBCDriverTest : 0.86959696
