Cache : 0.8477759
TransactionManagerMV2PL : 0.7028438
NumberType : 0.8234106
IndexAVL : 0.84177893
IndexAVLMemory : 0.839437
RowStoreAVLDiskData : 0.8517914
RowAVLDiskData : 0.8464935
NodeAVLDisk : 0.84423065
TextTable : 0.8430159
DataFileCache : 0.8572378
NodeAVLMemoryPointer : 0.86266434
