RowOutputBinary180 : 0.8387905
RowInputTextLog : 0.8411704
FunctionSQL : 0.82036954
RowInputBinary180 : 0.8432268
HsqlDatabaseProperties : 0.8429211
ScriptReaderText : 0.84870726
