Cache : 0.8411037
ClobDataID : 0.82458586
DoubleIntIndex : 0.87033737
Logger : 0.81199646
BlobDataID : 0.8235531
ValuePoolHashMap : 0.9006861
ObjectCacheHashMap : 0.8610412
BlobInputStream : 0.82877684
