TextCache : 0.8479424
RowStoreAVLDiskData : 0.8618153
RowAVLDiskData : 0.8736605
