JDBCCallableStatement : 0.8724878
RowAVLDiskData : 0.8082015
BaseHashMap : 0.78752553
RowAVLDisk : 0.8137061
RowOutputBinaryEncode : 0.81735545
TestJDBCGeneratedColumns : 0.82318413
