RoutineSchema : 0.81066984
FunctionSQLInvoked : 0.8300352
