HsqlProperties : 0.8559074
ScriptReaderBinary : 0.83535635
ScaledRAFileInJar : 0.8271817
ScriptReaderText : 0.8334072
ScriptReaderZipped : 0.8234018
