ExpressionColumn : 0.8648641
FunctionSQL : 0.84283745
NumberSequence : 0.8363858
ExpressionOp : 0.85949206
QueryExpression : 0.86750615
TransactionManagerCommon : 0.8580724
ParserBase : 0.8317893
ExpressionArithmetic : 0.86165017
ParserDQL : 0.8454566
ExpressionLogical : 0.856552
ExpressionLike : 0.8577674
ParserCommand : 0.84392416
StatementDML : 0.72606075
SetFunction : 0.8329933
JDBCPreparedStatement : 0.82344395
FunctionCustom : 0.82999605
ParserDML : 0.86093163
