RangeVariable : 0.85008425
SortAndSlice : 0.85247076
