ParserDQL : 0.8165002
Session : 0.8216944
TransferHelper : 0.82706714
TransferDb : 0.7940532
TransferTable : 0.791512
