ScaledRAFileInJar : 0.83937365
ScriptReaderBinary : 0.8392432
ScriptReaderText : 0.8349812
ScriptReaderZipped : 0.8327021
