Logger : 0.8082695
JDBCTypes : 0.7968371
