Routine : 0.8457237
Result : 0.84788346
Expression : 0.8406863
Types : 0.8147168
StatementCompound : 0.82864285
ParserDQL : 0.8225271
ParserRoutine : 0.8218068
RowSetNavigatorDataTable : 0.8575475
StatementDML : 0.725035
StatementSet : 0.8461341
SubQuery : 0.86206555
FunctionSQLInvoked : 0.8356446
StatementExpression : 0.8358027
ParserDML : 0.8329675
