TestJavaFunctions : 0.836814
JDBCPreparedStatement : 0.8629474
JDBCStatementBase : 0.8450977
