RangeVariableResolver : 0.8347306
Schema : 0.8397772
StatementDML : 0.7152899
