HsqlName : 0.8302063
RangeVariableResolver : 0.8430573
SimpleLog : 0.83392984
RowStoreAVLHybrid : 0.8427426
RowStoreAVLDisk : 0.85629565
RowStoreAVLMemory : 0.8348872
RowStoreAVLDiskData : 0.849185
ParserRoutine : 0.8165582
ScriptReaderText : 0.8255158
