DatabaseCommandInterpreter : 0.84379166
ScriptWriterBase : 0.8333477
DatabaseScript : 0.83928066
