NumberType : 0.8597504
Cache : 0.8170909
ExpressionAggregate : 0.82007486
ScaledRAFile : 0.81187713
StatementDMQL : 0.8139105
RowAVLDisk : 0.8167431
ScriptWriterBase : 0.78443325
DataFileCache : 0.8094256
NodeAVLDisk : 0.8081207
ExpressionLogical : 0.82903785
ExpressionOp : 0.8349822
FunctionSQL : 0.8197098
QuerySpecification : 0.8274789
Log : 0.8084517
RangeVariableConditions has been removed due to the repository version iteration
ScriptReaderText : 0.7998908
ExpressionLike : 0.81304413
ExpressionArithmetic : 0.8375386
