RangeVariable : 0.8357669
ExpressionLogical : 0.8224522
Expression : 0.8312468
QuerySpecification : 0.83788884
ExpressionColumn : 0.8273868
RangeVariableResolver : 0.83513993
RangeIteratorMain has been removed due to the repository version iteration
IndexAVL : 0.84212816
ExpressionOrderBy : 0.845485
FunctionSQL : 0.84012353
ParserDQL : 0.808419
StatementDMQL : 0.8282541
DataFileCache : 0.85005254
FileArchiver : 0.8108129
RangeVariableConditions has been removed due to the repository version iteration
RAShadowFile : 0.836033
QueryExpression : 0.8389437
FunctionSQLInvoked : 0.8315289
ExpressionLike : 0.8266983
