TableBase : 0.8647423
ParserDDL : 0.83618253
SortAndSlice : 0.85247076
StatementDML : 0.725035
QuerySpecification : 0.8577033
TableWorks : 0.85885495
RangeIteratorMain has been removed due to the repository version iteration
StatementResultUpdate : 0.8528336
StatementInsert : 0.8668585
