Table : 0.7912277
DatabaseInformationMain : 0.7516797
Database : 0.7946298
DatabaseInformationFull : 0.74236006
StatementSchema : 0.73840064
RowStoreAVL : 0.83595484
Logger : 0.7745087
PersistentStoreCollectionSession : 0.7526241
SessionData : 0.7734764
StatementCommand : 0.7740228
DatabaseInformation : 0.8089892
