Token : 0.8079478
TableBase : 0.8647423
RangeVariableResolver : 0.8526276
View : 0.85649127
TableWorks : 0.85885495
TableUtil : 0.864046
ParserDDL : 0.83618253
SortAndSlice : 0.85247076
QueryExpression : 0.8514728
RowStoreAVLHybrid : 0.8518862
RowStoreAVLMemory : 0.8433804
Logger : 0.8454232
StatementSchema : 0.8429073
QuerySpecification : 0.8577033
ParserDML : 0.8329675
RowAVL : 0.8399226
