QuerySpecification : 0.8333879
SubQuery : 0.838549
