Error : 0.7784964
ParserDQL : 0.7289504
ErrorCode : 0.91348016
TableUtil : 0.75994015
ExpressionColumn : 0.75887454
ParserBase : 0.77457696
RangeVariable : 0.7777636
QueryExpression : 0.77317226
Scanner : 0.74321157
SubQuery : 0.74153227
CompileContext has been removed due to the repository version iteration
View : 0.7602028
QuerySpecification : 0.7652419
ScriptReaderText : 0.7378422
