TransactionManagerMVCC : 0.6878627
TransactionManagerMV2PL : 0.68261224
TransactionManagerCommon : 0.82721937
TransactionManager2PL : 0.81710875
Logger : 0.8129417
StatementCommand : 0.8359787
FunctionSQL : 0.83141935
