OpTypes : 0.8238899
ErrorCode : 0.80986285
Routine : 0.8362737
FunctionSQLInvoked : 0.83201295
Expression : 0.8245683
QuerySpecification : 0.82301265
ExpressionColumn : 0.8285335
SetFunction : 0.7986653
ParserDDL : 0.80607134
ExpressionAggregate : 0.8185846
ParserRoutine : 0.80851436
RoutineSchema : 0.8223463
