JDBCResultSet : 0.7975073
JDBCArray : 0.81223005
ArrayType : 0.84705305
JDBCConnection : 0.7939772
JDBCPreparedStatement : 0.8034313
JDBCCallableStatement : 0.8019446
