ParserDQL : 0.83261395
Routine : 0.840062
RowType : 0.8519272
ParserRoutine : 0.8267306
FunctionSQLInvoked : 0.8384697
RowStoreAVLDisk : 0.8362037
RowStoreAVLHybrid : 0.8313215
RowStoreAVLMemory : 0.82176924
ParserCommand : 0.8312264
QuerySpecification : 0.85337365
ExpressionTable : 0.8550885
Logger : 0.82566464
RowStoreAVLDiskData : 0.8299352
