ExpressionLogical : 0.84684163
ExpressionArithmetic : 0.8470537
ParserDQL : 0.83261395
Session : 0.83390796
QuerySpecification : 0.85337365
DatabaseInformationFull : 0.81825006
ParserRoutine : 0.8267306
TableWorks : 0.8356592
