HsqlName : 0.8380155
SchemaManager : 0.80138046
ParserDDL : 0.80607134
DITableInfo : 0.8329061
DatabaseInformationFull : 0.78309536
StatementSchema : 0.7940327
ParserCommand : 0.81136
ExpressionOp : 0.818169
DatabaseInformation : 0.8509068
StatementTypes : 0.80616826
