RowInputTextLog : 0.8325484
Database : 0.83344907
ParserDDL : 0.84952074
