GridSwing : 0.8349497
WebServer : 0.85332936
DatabaseManagerSwing : 0.6999149
