ParserDDL : 0.83618253
TriggerDef : 0.8426979
Routine : 0.8457237
Server : 0.8332669
ServerProperties : 0.83923644
StatementSchema : 0.8429073
ServerConstants : 0.78509176
TransactionManagerCommon : 0.8507295
StatementTypes : 0.7973551
