Database : 0.8139483
SessionData : 0.82380813
