ExpressionColumn : 0.848388
Database : 0.84831935
RangeVariable : 0.84975576
ParserDQL : 0.831464
Logger : 0.842921
ParserCommand : 0.8355226
StatementSchema : 0.8442217
StatementCommand : 0.8490499
StatementTypes : 0.79055685
