ArrayUtil : 0.83782774
Constraint : 0.8560783
ParserDDL : 0.83618253
TableWorks : 0.85885495
LobManager : 0.7322438
