DatabaseURL : 0.71951747
CharacterType : 0.8278025
Session : 0.8216944
NumberType : 0.808122
FunctionSQL : 0.8548047
TestStoredProcedure : 0.77200246
FunctionSQLInvoked : 0.83201295
DataFileCache : 0.81879944
StatementProcedure : 0.82208246
Routine : 0.8362737
ExpressionOp : 0.818169
ParserRoutine : 0.80851436
DatabaseManager : 0.812859
JDBCDriver : 0.81883
FunctionCustom : 0.8332898
