DatabaseManager : 0.8543972
DatabaseManagerCommon : 0.8181523
ConnectionDialogCommon : 0.76855415
