ParserDQL : 0.83261395
FunctionSQLInvoked : 0.8384697
ExpressionColumn : 0.85292596
StatementSet : 0.8460898
FunctionSQL : 0.84191847
ExpressionOp : 0.84817255
RangeIteratorBase has been removed due to the repository version iteration
ExpressionLogical : 0.84684163
ExpressionArithmetic : 0.8470537
RangeIterator : 0.7671903
RowSetNavigator : 0.82821465
DataFileDefrag : 0.82219154
RangeVariableResolver : 0.8556684
QuerySpecification : 0.85337365
ExpressionAggregate : 0.83743715
AllTests : 0.7869654
