ParserDQL : 0.831464
Logger : 0.842921
