Log : 0.809426
FunctionCustom : 0.8332898
DataFileCache : 0.81879944
ClobType : 0.8373427
FunctionSQL : 0.8548047
JDBCClobClient : 0.8128088
JDBCBlobClient : 0.81497383
JDBCConnection : 0.78731096
BlobType : 0.84292364
