ValidatingResourceBundle : 0.82928133
SqlTool : 0.8381451
SqlToolSprayer : 0.8283234
