JDBCResultSet : 0.7975073
CharacterType : 0.82638896
JDBCArray : 0.81048936
ExpressionLogical : 0.8003906
ParserRoutine : 0.7757369
