JDBCStatement : 0.8428325
FunctionSQLInvoked : 0.8356446
StatementProcedure : 0.84339046
TestPreparedSubQueries : 0.84320426
StatementInsert : 0.8668585
