Table : 0.8331465
IntervalType : 0.83735293
DateTimeType : 0.8388933
JDBCResultSetMetaData : 0.8227407
DatabaseInformationMain : 0.8160802
JDBCParameterMetaData : 0.83662355
RangeVariableResolver : 0.8367749
