ParserDQL : 0.83261395
ExpressionAggregate : 0.83743715
QuerySpecification : 0.85337365
DateTimeType : 0.8227393
FunctionSQLInvoked : 0.8384697
ExpressionArrayAggregate : 0.8500167
