ParserDDL : 0.78375936
CharacterType : 0.82638896
Table : 0.819314
TableWorks : 0.7886524
ColumnSchema : 0.8369866
NumberType : 0.81615746
IntervalType : 0.8128237
SessionData : 0.80132484
StatementSchema : 0.79331625
RowStoreAVL : 0.82022965
BinaryType : 0.82377607
BooleanType : 0.8386278
ArrayType : 0.8455269
DateTimeType : 0.80760837
StatementTypes : 0.80654174
JDBCDriver : 0.8197641
