LongKeyHashMap : 0.84175664
JDBCResultSetMetaData : 0.79230976
JDBCArray : 0.79483515
