ArrayType : 0.84028846
ParserDQL : 0.8165002
SubQuery : 0.80322313
FunctionCustom : 0.8332898
CharacterType : 0.8278025
StatementCommand : 0.82856655
ExpressionTable : 0.83136016
DateTimeType : 0.79879594
ParserCommand : 0.81136
