ClientConnection : 0.7856114
JDBCResultSet : 0.77078587
Session : 0.7913742
Util : 0.8013625
JDBCArray : 0.77711654
JDBCConnection : 0.7659659
JDBCDataSource : 0.79811317
JDBCXAResource : 0.7692491
StatementCommand : 0.79006875
JDBCPooledConnection : 0.7938362
ParserDDL : 0.7363498
JDBCXADataSource : 0.7715781
JDBCCommonDataSource : 0.8158324
JDBCXAConnectionWrapper : 0.78205675
JDBCPooledDataSource : 0.75251126
JDBCXAConnection : 0.8179617
JDBCConnectionEventListener : 0.81735194
