ParserDML : 0.844435
JDBCXADataSource : 0.86152625
JDBCPooledDataSource : 0.90887475
