StatementDMQL : 0.7132684
HsqlDatabaseProperties : 0.7170732
Logger : 0.6973923
DatabaseInformationFull : 0.71419835
ExpressionLogical : 0.703757
StatementResultUpdate : 0.7205542
StatementInsert : 0.7387525
StatementManager : 0.71001804
