DataFileCache : 0.82754815
BinaryType : 0.8497861
LobStoreRAFile : 0.8396703
RAShadowFile : 0.82070255
