Logger : 0.86227703
ScriptReaderDecode : 0.8489402
ScriptWriterText : 0.8591776
ScriptWriterBase : 0.8333477
ScriptWriterEncode : 0.85799634
ScriptReaderText : 0.8574052
ScriptRunner : 0.8365329
