Session : 0.84741145
RangeVariable : 0.84975576
HsqlProperties : 0.8631213
StatementCompound : 0.83024764
ExpressionAggregate : 0.83278733
ScaledRAFileNIO : 0.85173637
Logger : 0.842921
Constraint : 0.8518504
ParserCommand : 0.8355226
ScaledRAFileHybrid : 0.83948094
ExpressionArrayAggregate : 0.84525764
FunctionSQLInvoked : 0.83108675
ParserRoutine : 0.82890767
StatementCommand : 0.8490499
JDBCDataSource : 0.8394716
JDBCDataSourceFactory : 0.8737498
