Session : 0.8216944
HsqlDatabaseProperties : 0.8293528
Logger : 0.806981
RowSetNavigatorDataChange : 0.833069
Database : 0.83516437
ParserCommand : 0.81136
JDBCResultSetMetaData : 0.8119609
JDBCParameterMetaData : 0.8236581
StatementDML : 0.70395476
DatabaseInformationMain : 0.79273343
StatementCommand : 0.82856655
StatementResultUpdate : 0.8248425
StatementTypes : 0.80616826
