QuerySpecification : 0.85337365
ParserDDL : 0.83086777
FunctionSQLInvoked : 0.8384697
ExpressionAggregate : 0.83743715
ExpressionArrayAggregate : 0.85098517
