DatabaseInformationFull : 0.81265545
TransactionManagerMVCC : 0.73871595
