Database : 0.8570071
HsqlDatabaseProperties : 0.84741145
TransactionManagerMVCC : 0.7290595
RowAction : 0.83584523
ExpressionLogical : 0.82392424
TransactionManagerMV2PL : 0.725313
ParserRoutine : 0.8168716
PersistentStoreCollectionSession : 0.8531729
LongKeyHashMap : 0.8429774
JDBCStatement : 0.8441663
TransactionManager2PL : 0.8460608
JDBCStatementBase : 0.8394288
Logger : 0.850621
JDBCPreparedStatement : 0.83282524
TransactionManagerCommon : 0.84526044
FunctionCustom : 0.8110256
SessionContext : 0.83476245
ParserDDL : 0.830498
