NumberType : 0.8351039
Logger : 0.842921
TransactionManagerMVCC : 0.72792536
RowStoreAVLHybrid : 0.85088295
TextTable : 0.846653
Database : 0.84831935
IndexAVLMemory : 0.8335445
TestLobs : 0.848396
IndexAVL : 0.84801453
ParserCommand : 0.8355226
StatementCommand : 0.8490499
ExpressionArithmetic : 0.845103
