QuerySpecification : 0.8454566
ArrayType : 0.8270058
RowType : 0.83272517
DatabaseInformationMain : 0.80845505
