JDBCCommonDataSource : 0.8858026
JDBCPooledConnection : 0.83481616
