Logger : 0.8467889
StatementCommand : 0.8646943
