ScriptReaderText : 0.8457921
Crypto : 0.865751
ScriptReaderDecode : 0.860664
