DatabaseManager : 0.8524149
StatementDML : 0.6768888
DatabaseURL : 0.71170676
