ParserDQL : 0.8165002
Database : 0.83516437
ParserCommand : 0.81136
FunctionSQL : 0.8548047
StatementCommand : 0.82856655
