Routine : 0.8362737
ParserDQL : 0.8165002
SchemaManager : 0.80138046
ParserDDL : 0.80607134
StatementCompound : 0.8101289
StatementSchema : 0.7940327
SchemaObjectSet : 0.81161207
ParserRoutine : 0.80851436
