ParserDQL : 0.83261395
ExpressionLogical : 0.84684163
Session : 0.83390796
