ResultConstants : 0.79902184
Server : 0.83182836
ServerConnection : 0.8382828
