TransactionManagerMVCC : 0.73871595
TransactionManagerCommon : 0.8675086
