HsqlDatabaseProperties : 0.8293528
StatementSchema : 0.7940327
Log : 0.809426
ParserDDL : 0.80607134
DatabaseURL : 0.71951747
Logger : 0.806981
ScriptWriterText : 0.79571176
ParserCommand : 0.81136
DataFileCache : 0.81879944
StatementCommand : 0.82856655
ScriptRunner : 0.77224594
ScriptReaderText : 0.7985385
StringConverter : 0.82637835
StatementTypes : 0.80616826
