ScriptWriterBase : 0.82616454
RowOutputText : 0.8397766
RowStoreAVLMemory : 0.8539816
RowAVLDiskData : 0.8736605
NumberType : 0.81957346
ScriptWriterText : 0.84113556
FunctionSQL : 0.8409649
Log : 0.8417214
RowStoreAVLDisk : 0.87045735
RowOutputInterface : 0.8071115
RowOutputBase : 0.8372668
RowOutputBinary : 0.8481664
Logger : 0.8414547
RowOutputBinaryEncode : 0.8531227
