UserManager : 0.8331752
ErrorCode : 0.80771416
Database : 0.8643629
StatementSchema : 0.8282123
ParserCommand : 0.8126423
FunctionSQLInvoked : 0.8463373
ParserRoutine : 0.81197226
StatementCommand : 0.8559956
StatementTypes : 0.811188
