Tokens : 0.8295959
ParserDDL : 0.78375936
ArrayUtil : 0.8063881
HsqlDateTime : 0.81567866
StatementSchema : 0.79331625
FunctionSQL : 0.8257006
Tokenizer : 0.8191798
JDBCPreparedStatement : 0.8034313
FunctionCustom : 0.8012648
TestPreparedStatements : 0.7879497
