ParserDQL : 0.7879227
CharacterType : 0.82638896
