ParserDQL : 0.8165002
ArrayType : 0.8393179
RangeVariableResolver : 0.8167646
Collation : 0.8271039
UserManager : 0.8220344
FunctionCustom : 0.8332898
