CharacterType : 0.82884467
FunctionSQL : 0.8295318
SqlInvariants : 0.8421732
Charset : 0.83750224
ParserDQL : 0.8169986
ExpressionColumn : 0.83371645
JDBCCallableStatement : 0.82357913
LobManager : 0.7207662
FunctionCustom : 0.8110256
SessionData : 0.8440017
SchemaManager : 0.8416237
Routine : 0.8472888
DatabaseInformationMain : 0.8261807
TypeInvariants : 0.0
