GranteeManager : 0.8456093
ParserDDL : 0.8245942
UserManager : 0.8556135
FunctionCustom : 0.7989712
DatabaseInformationMain : 0.8245498
StatementCommand : 0.8512802
ParserCommand : 0.81022054
StatementTypes : 0.7989227
