GranteeManager : 0.8635527
ParserDDL : 0.8169583
ExpressionOp : 0.81659347
