GranteeManager : 0.8635527
ExpressionOp : 0.81659347
