AuthFunctionTest : 0.8469735
AuthBeanMultiplexerTest : 0.83682424
