AuthUtils : 0.8430465
AuthFunctionTest : 0.8221802
AuthBeanMultiplexerTest : 0.8258767
