LobManager : 0.72360826
SessionData : 0.8346107
