AuthFunctionTest : 0.83604306
SlaveAuthBeanTest : 0.81329876
AuthBeanMultiplexerTest : 0.8627404
