HsqlDateTime : 0.693702
FunctionCustom : 0.6850483
