Expression : 0.8245683
OpTypes : 0.8238899
ParserDQL : 0.8165002
ExpressionOp : 0.818169
CharacterType : 0.8278025
ExpressionColumn : 0.8285335
FunctionCustom : 0.8332898
ParserDML : 0.80275536
StringUtil : 0.8494916
