SchemaManager : 0.8484061
ParserDDL : 0.8495809
ParserCommand : 0.8545879
