Table : 0.84970796
DataFileCacheSession : 0.83353984
SessionData : 0.8440017
PersistentStoreCollectionSession : 0.8531729
RowStoreAVLHybrid : 0.84117067
