IndexAVL : 0.83921343
TransactionManagerMVCC : 0.7290595
RowStoreAVLDiskData : 0.8448505
TransactionManagerMV2PL : 0.725313
TransactionManagerCommon : 0.8452296
ReadWriteLockDummy : 0.82259357
