Token : 0.7276827
RCData : 0.71457
SqlTool : 0.70926994
