ExpressionLogical : 0.7623245
ExpressionOp : 0.7567852
Like : 0.7967518
ExpressionLike : 0.7686696
