PersistentStore : 0.7912277
RowStoreAVL : 0.8157768
Logger : 0.8454232
RowStoreAVLHybrid : 0.8518862
PersistentStoreCollectionSession : 0.85422456
UserManager : 0.83900285
RangeVariableResolver : 0.8526276
BlobInputStream : 0.83939165
ClobInputStream : 0.83937824
SessionData : 0.8494771
RowStoreAVLHybridExtended : 0.8646045
DatabaseInformationFull : 0.83822614
