RowStoreAVL : 0.7874733
RowStoreAVLHybrid : 0.8279743
