Tokenizer : 0.8436659
SessionManager : 0.8614936
HsqlDateTime : 0.83337533
ScriptRunner : 0.8105855
TestAllTypes : 0.81726027
