RangeVariableResolver : 0.8556684
NumberType : 0.8360573
HsqlDatabaseProperties : 0.84157294
