JDBCBench : 0.8622714
TestLikePredicateOptimizations : 0.8532219
