PersistentStore : 0.83595484
RowSetNavigatorDataTable : 0.81832296
