Statement : 0.8251429
Result : 0.7845292
JDBCStatementBase : 0.7661988
JDBCPreparedStatement : 0.7755583
JDBCCallableStatement : 0.7726628
JDBCStatement : 0.7806915
StatementProcedure : 0.7845861
StatementQuery : 0.75479996
TestLobs : 0.73981154
Session : 0.7913742
TestStoredProcedure : 0.7378874
SessionData : 0.76659536
ClientConnection : 0.7856114
