OpTypes : 0.8238899
ParserDQL : 0.8165002
QuerySpecification : 0.82301265
SortAndSlice : 0.83285785
ExpressionArrayAggregate : 0.82158357
FunctionCustom : 0.8332898
