Session : 0.84101903
DataOutputStream : 0.83748114
ResultLob : 0.8480684
ServerConnection : 0.8382828
ClientConnection : 0.83551705
LobManager : 0.72391224
HsqlByteArrayOutputStream : 0.84056324
SessionData : 0.84256756
ClientConnectionHTTP : 0.82108134
Servlet : 0.81181073
WebServerConnection : 0.8417203
CharArrayWriter : 0.8557899
TestJDBCGeneratedColumns : 0.8380014
