Session : 0.81663895
DateTimeType : 0.8144026
TransactionManagerCommon : 0.837543
ExpressionOp : 0.8282336
ExpressionLike : 0.8319058
DataFileDefrag : 0.8368665
OpTypes : 0.7913143
