JDBCResultSetTest : 0.8902831
DatabaseURLTest : 0.88470596
JDBCDriverTest : 0.8820172
JDBCResultSetMetaDataTest : 0.8945432
