Logger : 0.86227703
JDBCPreparedStatement : 0.8317879
JDBCConnection : 0.8399573
TestPreparedStatements : 0.8487967
JDBCStatementBase : 0.83942556
StatementCommand : 0.8526946
ParserCommand : 0.8240149
AllTests : 0.79615575
