RCData : 0.71457
SqlTool : 0.70926994
