SimpleLog : 0.8368533
ScaledRAFileNIO : 0.85340255
ScriptWriterBase : 0.81676286
JDBCPreparedStatement : 0.81302404
RowAction : 0.8327497
Logger : 0.833402
DataFileCache : 0.8543488
StatementSchema : 0.8051874
ScriptRunner : 0.8033545
