JDBCCallableStatementWhileClosedTest : 0.70375365
BaseTestCase : 0.7164285
JDBCStatementTest : 0.7354674
