JDBCDatabaseMetaData : 0.85418725
JDBCCommonDataSource : 0.82823414
JDBCConnection : 0.8454592
JDBCStatementBase : 0.8450977
JDBCCallableStatement : 0.8724878
JDBCDriver : 0.82633305
