User : 0.82964516
Database : 0.83516437
UserManager : 0.8220344
ParserDQL : 0.8165002
Logger : 0.806981
ParserDDL : 0.80607134
StatementSchema : 0.7940327
DataFileCache : 0.81879944
StatementCommand : 0.82856655
DataFileDefrag : 0.80451995
DatabaseInformationMain : 0.79273343
ParserCommand : 0.81136
StatementTypes : 0.80616826
