TriggerDef : 0.83885205
UserManager : 0.8331752
ParserDDL : 0.818693
DatabaseInformationFull : 0.80599046
