ExpressionColumn : 0.8471074
StatementCompound : 0.82490313
TestStoredProcedure : 0.8175237
ParserDDL : 0.8523683
