ColumnSchema : 0.8281807
Grantee : 0.8399728
DatabaseInformationFull : 0.8288945
ParserRoutine : 0.8239573
