Grantee : 0.8399728
ParserDQL : 0.8292144
DatabaseInformationFull : 0.8288945
ParserDDL : 0.83867556
SchemaManager : 0.83130383
