ParserRoutine : 0.80272377
DatabaseInformationFull : 0.81438315
