Util : 0.85971546
JDBCConnection : 0.8511421
