DataFileCache : 0.82455933
RangeVariableResolver : 0.8688149
DatabaseInformationFull : 0.8291254
