CharacterType : 0.83352107
ErrorCode : 0.80207425
Type : 0.8297869
Table : 0.85607827
Log : 0.83248603
SortAndSlice : 0.85102373
QuerySpecification : 0.8507309
ParserDQL : 0.8188354
ParserRoutine : 0.8124044
Logger : 0.83365387
ExpressionOp : 0.82758945
JDBCDataSource : 0.8418938
