Session : 0.84970796
TestStoredProcedure : 0.829226
StatementManager : 0.85831743
DataFileCache : 0.8462439
Routine : 0.8457237
TestCacheSize : 0.8290334
LobManager : 0.7322438
DatabaseInformationFull : 0.83822614
ScriptReaderText : 0.84281915
TransactionManagerMVCC : 0.7314994
TransactionManagerMV2PL : 0.72713923
TransactionManager2PL : 0.84557444
StatementResultUpdate : 0.8528336
ScriptRunner : 0.82131815
