JDBCCallableStatement : 0.8724878
JDBCPreparedStatement : 0.8629474
