JDBCArrayTest : 0.8563421
DatabaseMetaDataDefaultValues : 0.83660376
BaseArrayTest : 0.8611988
BaseDatabaseMetaDataSupportsConvertTest : 0.83461326
JDBCDriverTest : 0.8820172
BaseDriverTest : 0.8577338
JDBCDatabaseMetaDataSupportsConvertTest : 0.8822698
BaseTestCase : 0.86235934
BaseJdbcTestCase : 0.8278285
