ScaledRAFileNIO : 0.84720635
ScaledRAFile : 0.8342524
ParserCommand : 0.8251344
LobStoreMem : 0.8272289
LobStoreInJar : 0.8122814
LobStore : 0.790982
Logger : 0.850621
LobManager : 0.7207662
DatabaseURL : 0.7147835
TestBase : 0.69753635
StatementCommand : 0.86270857
LobStoreRAFile : 0.8403583
