JDBCPreparedStatement : 0.8629474
Util : 0.83924454
