Log : 0.8591776
Logger : 0.8599474
ScaledRAFile : 0.8461588
ScriptWriterBase : 0.8411524
TextCache : 0.8538656
SimpleLog : 0.85072154
DataFileCache : 0.8461801
LobStoreRAFile : 0.8593774
