BaseClobTest : 0.8621059
JDBCClobClient : 0.84032863
ClobInputStream : 0.87531734
JDBCClobFile : 0.8639089
JDBCBlobFile : 0.8702803
ReaderAdapter has been removed due to the repository version iteration
ClobDataID : 0.8362181
