JDBCXAResourceTest : 0.8970264
JDBCXADataSourceTest : 0.88447726
JDBCXIDTest : 0.84582275
JDBCXAConnectionTest : 0.8753432
JDBCPooledDataSourceTest : 0.87292635
