JDBCResultSet : 0.8197005
ExpressionLogical : 0.8101214
JDBCPreparedStatement : 0.8283358
IntervalType : 0.81177187
ExpressionOp : 0.822207
Routine : 0.8292907
ResultMetaData : 0.8356038
ParserDQL : 0.8050554
StatementManager : 0.8407946
ExpressionArithmetic : 0.81979245
StatementSimple : 0.83278257
