RowStoreAVL : 0.82091963
RangeVariable : 0.829206
Database : 0.83516437
Routine : 0.8362737
QuerySpecification : 0.82301265
IndexAVL : 0.82642967
PersistentStore : 0.8105876
ParserDQL : 0.8165002
ScaledRAFileNIO : 0.8287934
RowAVLDiskData : 0.8279795
RowStoreAVLDiskData : 0.831692
ScaledRAFileHybrid : 0.82969755
ScaledRAFile : 0.81574756
ParserCommand : 0.81136
IndexRowIterator has been removed due to the repository version iteration
RowStoreAVLDisk : 0.84784424
StatementCommand : 0.82856655
RowStoreAVLHybridExtended : 0.8346927
Logger : 0.806981
ParserDDL : 0.80607134
