NumberSequence : 0.83929425
Table : 0.82606
ParserDQL : 0.8165002
FunctionSQL : 0.8548047
ParserDDL : 0.80607134
