Type : 0.82959586
HsqlDatabaseProperties : 0.8293528
Logger : 0.806981
NumberType : 0.808122
Database : 0.83516437
IntervalType : 0.806051
ParserCommand : 0.81136
ExpressionArrayAggregate : 0.82220376
StatementCommand : 0.82856655
ExpressionArithmetic : 0.8176946
