TransactionManagerCommon : 0.8453121
LobManager : 0.7207662
