Log : 0.809426
Database : 0.83516437
Logger : 0.806981
ParserDQL : 0.8165002
ScaledRAFileNIO : 0.8287934
ParserCommand : 0.81136
DataFileDefrag : 0.80451995
StatementCommand : 0.82856655
DataFileCache : 0.81879944
StatementTypes : 0.80616826
DataFileCacheSession : 0.812672
