FrameworkLogger : 0.84353215
Database : 0.84678894
