ExpressionColumn : 0.8471074
Database : 0.8139483
ParserDML : 0.86836153
