ParserCommand : 0.86904097
RowStoreAVL : 0.7663072
