TableWorks : 0.7432051
ParserDDL : 0.73523927
TestAllTypes : 0.76010334
RowStoreAVL : 0.83595484
Logger : 0.7745087
StatementSchema : 0.73840064
StatementTypes : 0.87676233
