Table : 0.82606
ErrorCode : 0.80986285
ParserDQL : 0.8165002
Database : 0.83516437
ParserDDL : 0.80607134
RowSetNavigatorData : 0.8200702
TriggerDefSQL : 0.83527946
QueryExpression : 0.82509977
ExpressionTable : 0.82812256
SessionContext : 0.8071783
StatementSession : 0.825128
