DataFileCache : 0.8121978
SubQuery : 0.8422441
ScaledRAFileNIO : 0.82381487
TableWorks : 0.8300918
RAShadowFile : 0.8158048
QueryExpression : 0.8344949
PersistentStoreCollectionSession : 0.8403836
ScriptRunner : 0.80502474
OpTypes : 0.7432511
