ParserDDL : 0.830498
StatementSchema : 0.8461556
StatementManager : 0.85511684
ParserCommand : 0.8251344
ParserRoutine : 0.8168716
StatementSchemaDefinition : 0.8385951
