DateTimeType : 0.85249144
FunctionSQL : 0.8197098
