RowStoreAVLHybrid : 0.85269076
RowSetNavigatorDataTable : 0.8522384
RowAVL : 0.84206265
DataFileCacheSession : 0.8548864
ScriptReaderText : 0.84338856
