ScriptWriterBase : 0.8411524
ScriptWriterEncode : 0.8640361
Crypto : 0.82733506
