RangeVariable : 0.85008425
QuerySpecification : 0.8577033
