ParserDQL : 0.8165002
JDBCPreparedStatement : 0.7955758
DateTimeType : 0.79879594
