ParserCommand : 0.86904097
ParserDML : 0.86836153
