ResultMetaData : 0.8597672
ParserDQL : 0.81719875
Database : 0.84881335
DateTimeType : 0.81618965
StatementSession : 0.84504986
ParserCommand : 0.8174598
QuerySpecification : 0.8488486
StatementQuery : 0.82979465
StatementCommand : 0.84727055
