Log : 0.809426
User : 0.82964516
UserManager : 0.8220344
ParserDDL : 0.80607134
JDBCConnection : 0.78731096
ScriptWriterBase : 0.7985854
ParserRoutine : 0.80851436
ParserCommand : 0.81136
StatementCommand : 0.82856655
TestTypeConversion : 0.7878544
ScriptWriterText : 0.79571176
