RowSetNavigatorDataChange : 0.8329434
ParserDQL : 0.82512575
DatabaseInformationFull : 0.81567913
StatementDML : 0.6877882
DatabaseInformationMain : 0.8160802
OrderedLongKeyHashMap : 0.8299329
