Database : 0.83516437
Logger : 0.806981
SimpleLog : 0.81629753
FunctionCustom : 0.8332898
OrderedLongKeyHashMap : 0.84915143
