DatabaseInformation : 0.81931025
DatabaseInformationMain : 0.90482867
