SortAndSlice : 0.83158314
QuerySpecification : 0.8454566
