SchemaManager : 0.8304755
ParserDDL : 0.8203863
ServerProperties : 0.8711668
