TestAllTypes : 0.8267021
HsqlProperties : 0.8559074
ServerProperties : 0.84061897
ServerConfiguration : 0.8493994
WebServer : 0.8539071
ServerConstants : 0.7890765
ResultConstants : 0.7813373
