Session : 0.8216944
ExpressionColumn : 0.8285335
FunctionCustom : 0.8332898
DataFileCache : 0.81879944
ParserCommand : 0.81136
ParserDML : 0.80275536
SessionContext : 0.8071783
ParserRoutine : 0.80851436
OpTypes : 0.8238899
