Expression : 0.8182112
CharacterType : 0.82638896
JDBCPreparedStatement : 0.8034313
StatementSchema : 0.79331625
ParserDDL : 0.78375936
ParserCommand : 0.77691317
Session : 0.82026815
