StatementDMQL : 0.83834213
TransactionManagerMVCC : 0.72647953
StatementHandler : 0.8500786
StatementSession : 0.85435224
StatementSimple : 0.8277953
