HsqlProperties : 0.8506915
Server : 0.819269
ParserDQL : 0.8165002
WebServer : 0.8314708
ServerProperties : 0.8308477
ExpressionColumn : 0.8285335
ServerConfiguration : 0.7934785
HsqlServerFactory : 0.80012894
ServerConstants : 0.8027462
