TransactionManagerMVCC : 0.7290595
Logger : 0.850621
TransactionManagerCommon : 0.8452902
DataFileBlockManager : 0.8276992
Log : 0.84955204
