IntervalType : 0.83764225
DateTimeType : 0.8316973
ExpressionArithmetic : 0.7902354
ParserDQL : 0.7749587
ParserDML : 0.76262766
FunctionSQL : 0.8127096
FunctionCustom : 0.78672487
Scanner : 0.7961885
