HsqlDatabaseProperties : 0.831464
Scanner : 0.8482758
View : 0.84544754
RangeVariable : 0.8293168
Like : 0.8139993
TextCache : 0.82494944
Logger : 0.8082695
StatementDML : 0.6815163
StatementCommand : 0.83327496
ParserDML : 0.86836153
