ExpressionColumn : 0.85292596
QuerySpecification : 0.85337365
ExpressionValue : 0.84504795
