HsqlDatabaseProperties : 0.7153968
Cache : 0.7080947
