NumberType : 0.85938716
QuerySpecification : 0.83839995
ArrayType : 0.8571144
BitType : 0.8515433
BooleanType : 0.8433668
IntervalType : 0.83735293
DatabaseInformationFull : 0.81567913
DateTimeType : 0.8388933
