Session : 0.84955204
RangeVariable : 0.831676
SessionManager : 0.8546051
Database : 0.848932
RangeVariableResolver : 0.83092195
