QuerySpecification : 0.8209166
TextCache : 0.82292634
