StatementCommand : 0.83871335
ParserDML : 0.8837047
ParserCommand : 0.8839352
