Logger : 0.8454232
Log : 0.8467511
