TestUtil : 0.71446663
TestScripts : 0.848315
