TokenSource : 0.7582876
SqltoolRB : 0.71417165
Token : 0.7276827
TokenList : 0.71826065
SqlTool : 0.70926994
SqlToolSprayer : 0.6975447
SqlToolError : 0.0
