ResultLob : 0.78957415
Session : 0.77492505
LobManager : 0.7580259
ClobDataID : 0.8360097
BlobDataID : 0.83415014
CharacterType : 0.7685755
LobResultTypes has been removed due to the repository version iteration
