StatementCommand : 0.8312431
ParserCommand : 0.8050423
