Tokens : 0.8165002
ExpressionOp : 0.85738945
