HsqlDatabaseProperties : 0.8528509
ScriptRunner : 0.8365329
