DatabaseInformationFull : 0.7772789
ArrayType : 0.8434951
StatementDMQL : 0.81410766
DatabaseInformationMain : 0.7867505
RowType : 0.8453584
DatabaseInformation : 0.839515
