TransferHelper : 0.81484884
HsqldbTransferHelper : 0.82617164
