AuthFunctionTest : 0.8129601
OdbcPacketInputStreamTest : 0.87046057
DatabaseURLTest : 0.8142941
JaasAuthBeanTest : 0.83379924
PIFGeneratorTest : 0.852969
ClientConnectionTest : 0.82364386
SqltoolRBTest : 0.8575409
AuthBeanMultiplexerTest : 0.8207006
SlaveAuthBeanTest : 0.8120996
