ScaledRAFile : 0.86356336
TextCache : 0.8572378
