Logger : 0.850621
DatabaseInformationFull : 0.8205854
