HsqlDatabaseProperties : 0.8293528
DataFileBlockManager : 0.82641786
ArrayUtil : 0.8237914
Logger : 0.806981
StatementSchemaDefinition : 0.8057318
ParserDQL : 0.8165002
DataFileCache : 0.81879944
ParserDDL : 0.80607134
FunctionCustom : 0.8332898
TextCache : 0.8214808
StatementCommand : 0.82856655
SchemaManager : 0.80138046
ExpressionOp : 0.818169
DataFileCacheSession : 0.812672
