ResultMetaData : 0.8521973
ParserCommand : 0.79747087
StatementManager : 0.83440524
StatementCommand : 0.8577635
