ExpressionArithmetic : 0.79818106
ExpressionLogical : 0.8003906
FunctionSQL : 0.8257006
ExpressionOp : 0.80236274
