SqlFileScanner : 0.71321034
SqlTool : 0.70926994
