ResultLob : 0.6770704
LobManager : 0.7906689
