SchemaManager : 0.8747542
HsqlSocketFactorySecure : 0.828272
