SchemaManager : 0.8550127
TableWorks : 0.8695615
StatementSchema : 0.8429254
ParserRoutine : 0.82485455
ParserDML : 0.8362992
Servlet : 0.8109509
