HsqlArrayList : 0.83814394
Session : 0.728075
ParserRoutine : 0.82931364
SessionContext : 0.8383809
StatementDML : 0.7142234
