SessionContext : 0.85646874
SubQuery : 0.8619147
