TestStoredProcedure : 0.8099788
BooleanType : 0.80148524
TestJavaFunctions : 0.83377427
