DataFileDefrag : 0.7964197
TextCache : 0.77527297
TransactionManagerMV2PL : 0.7782543
DoubleIntIndex : 0.77281797
NodeAVLDisk : 0.7778979
RowAVLDisk : 0.8115845
LongKeyHashMap : 0.81806386
CachedObjectComparator has been removed due to the repository version iteration
TransactionManagerMVCC : 0.78359866
TransactionManager2PL : 0.79780906
TransactionManagerCommon : 0.7755731
IntLookup : 0.8377571
