ScaledRAFile : 0.7110684
TestBench : 0.7124958
DoubleIntIndex : 0.7070628
DataFileDefrag : 0.73874944
RowInputInterface : 0.7649065
TransactionManagerCommon : 0.7348323
IntLookup : 0.69307095
