SchemaManager : 0.8383441
ParserDDL : 0.8284852
