IndexAVL : 0.84253097
Cache : 0.84125036
TransactionManagerCommon : 0.86223406
