StatementSession : 0.8423361
StringUtil : 0.86550003
