Tokens : 0.806051
DateTimeType : 0.85249144
FunctionCustom : 0.83156604
