Logger : 0.8543656
DataFileCache : 0.86387444
SessionData : 0.85320306
