QuerySpecification : 0.8400031
DataFileDefrag : 0.8355544
DataFileCacheSession : 0.8726451
