SessionInterface : 0.76306885
QuerySpecification : 0.73078054
ClientConnection : 0.7308655
ServerConnection : 0.72522914
