SetFunction : 0.8430587
DataOutputStream : 0.84463286
ExpressionAggregate : 0.82434154
