SqlFileScanner : 0.81401235
Token : 0.8280267
