StatementInsert : 0.7387525
StatementCompound : 0.6897719
StatementSet : 0.7100634
