ParserDML : 0.86836153
ParserDDL : 0.8523683
