Log : 0.8499395
HsqlProperties : 0.84700745
ScriptWriterBase : 0.82521826
