NumberType : 0.8405338
Database : 0.85205823
Logger : 0.845243
SetFunction : 0.831321
ExpressionAggregate : 0.8308572
ExpressionArrayAggregate : 0.8363851
StatementCommand : 0.8531482
ParserCommand : 0.8339383
