Database : 0.8351103
HsqlDatabaseProperties : 0.83396024
TransactionManagerMVCC : 0.7014401
Session : 0.7338468
StringConverter : 0.8286597
RowAction : 0.813609
RowOutputTextLog : 0.82315415
SetFunction : 0.80291915
Logger : 0.82231313
FunctionCustom : 0.8332898
ParserCommand : 0.81136
QuerySpecification : 0.82301265
DatabaseFilenameFilter has been removed due to the repository version iteration
StatementCommand : 0.82856655
Server : 0.8189964
StatementTypes : 0.80616826
