ParserDQL : 0.82349163
StatementQuery : 0.8315938
