SchemaManager : 0.8284769
ParserDML : 0.80542
