SortAndSlice : 0.8603985
QuerySpecification : 0.8627547
RangeVariableJoined : 0.85470253
