JDBCResultSetMetaData : 0.8119609
FunctionCustom : 0.8332898
