ParserDQL : 0.82959855
SchemaManager : 0.85444546
ParserDDL : 0.85031325
StatementCommand : 0.85683805
