TextCache : 0.86011994
TextTable : 0.85946935
RowAVLDiskData : 0.88067555
Logger : 0.86013323
RowOutputText : 0.85330534
DatabaseInformationFull : 0.69662035
