SchemaManager : 0.8504355
TextTable : 0.8574675
RowAVLDiskData : 0.85755515
