RangeVariableResolver : 0.8860488
StatementDMQL : 0.85032725
StatementDML : 0.72606075
ParserDML : 0.86093163
StatementInsert : 0.88965887
