Server : 0.8195023
SimpleLog : 0.82883835
