NumberType : 0.81615746
CharacterType : 0.82638896
IntervalType : 0.8128237
RangeVariableResolver : 0.80097526
NullType : 0.858969
OtherType : 0.8521805
BitType : 0.83107316
ArrayType : 0.8427475
BinaryType : 0.82377607
DateTimeType : 0.80760837
FunctionSQL : 0.8257006
ExpressionArithmetic : 0.79818106
SortAndSlice : 0.831213
BooleanType : 0.8386278
RowType : 0.84485
