HsqlDatabaseProperties : 0.83396024
SortAndSlice : 0.83285785
RangeVariableResolver : 0.8167646
Database : 0.8351103
Logger : 0.82231313
ParserDQL : 0.8165002
QuerySpecification : 0.82301265
ParserCommand : 0.81136
StatementCommand : 0.82856655
ExpressionOrderBy : 0.8429284
RangeVariableConditions has been removed due to the repository version iteration
