SchemaManager : 0.8379013
ParserDDL : 0.8523683
ParserRoutine : 0.8673414
