SortAndSlice : 0.85327077
QueryExpression : 0.85666054
QuerySpecification : 0.8644902
