StatementDML : 0.7241549
StatementResultUpdate : 0.8438207
