TextFileReader : 0.8629253
DataFileCache : 0.87138736
TextTable : 0.8575699
RowStoreAVLDiskData : 0.85577834
