DataFileCache : 0.86720335
TextTable : 0.85688275
RowStoreAVLDiskData : 0.8551905
