HsqlByteArrayOutputStream : 0.8445502
RowStoreAVLDiskData : 0.8551905
