QueryExpression : 0.86750615
SortAndSlice : 0.8714967
DITableInfo : 0.8416361
