StatementTypes : 0.771473
StatementCommand : 0.7526704
ParserDML : 0.7105252
ParserCommand : 0.70668286
SortAndSlice : 0.73320574
