TarGenerator : 0.8497509
RB : 0.864631
