TableBase : 0.87012035
TableDerived : 0.85585487
RowAction : 0.84800637
Logger : 0.84534985
RowStoreDataChange : 0.8458238
SchemaManager : 0.8568901
PersistentStoreCollectionSession : 0.85771936
RowOutputBinary : 0.8309203
RowInputBinary : 0.82847816
RowDiskDataChange : 0.86817193
StatementResultUpdate : 0.85497093
