DataFileCache : 0.8315703
StatementDML : 0.7191036
StatementResultUpdate : 0.8361492
StatementDMQL : 0.83834213
