DataFileCache : 0.77805287
DataFileDefrag : 0.8003241
TransactionManagerCommon : 0.77320606
