DataFileCache : 0.78134423
TransactionManagerCommon : 0.77731043
DataFileDefrag : 0.78470254
