SchemaManager : 0.8570952
DataFileDefrag : 0.8549939
