ExpressionLogical : 0.8526157
ParserDQL : 0.83405304
