JDBCPreparedStatement : 0.86956716
RowStoreAVLHybridExtended : 0.8347522
DataFileCacheSession : 0.82230407
