ArrayType : 0.8427475
ExpressionTable : 0.81601644
