ExpressionColumn : 0.8546583
QuerySpecification : 0.8631724
TriggerDef : 0.84329176
RangeVariableJoined : 0.85452616
