RangeVariable : 0.83765155
RowAction : 0.8462314
