ParserRoutine : 0.8103048
StatementSimple : 0.83278257
