jdbcResultSetTest : 0.9019422
jdbcDatabaseMetaDataTest : 0.8886387
jdbcCallableStatementTest : 0.89339334
jdbcSavepointTest : 0.89175904
jdbcDriverTest : 0.8739711
jdbcConnectionTest : 0.8933046
