DbBackup : 0.855729
ErrorCode : 0.7905481
ParserCommand : 0.8096356
StatementCommand : 0.85124767
InputStreamInterface : 0.7868991
InputStreamWrapper : 0.84047186
