RangeVariableJoined : 0.85397214
ParserDQL : 0.8298561
RowStoreAVLHybrid : 0.8365256
ExpressionColumn : 0.8541798
