RowStoreAVLHybridExtended : 0.85122055
ParserDQL : 0.83405304
Scanner : 0.828055
RowStoreAVLHybrid : 0.83190656
RangeVariable : 0.8476755
ExpressionColumn : 0.856699
RangeVariableJoined : 0.84619766
QuerySpecification : 0.8565934
ExpressionColumnAccessor : 0.8305265
ParserDDL : 0.8284852
