Logger : 0.8481093
TextCache : 0.8686133
StatementCommand : 0.84467244
DataFileDefrag : 0.8553621
DoubleIntIndex : 0.8529489
DataFileCacheSession : 0.8733135
