TestDatetimeSimple : 0.82988
TestStressInsert : 0.8437645
TestBatchExecution : 0.8454403
TestLobs : 0.848003
TestBase : 0.7372837
TriggerClass : 0.816449
TestJDBCGeneratedColumns : 0.8554575
