NodeAVLDisk : 0.8428681
RowAVLDisk : 0.8582707
RowAVLDiskData : 0.86561614
RowSetNavigatorDataTable : 0.8339961
RowDiskDataChange : 0.8615419
RowStoreDataChange : 0.8147065
