DataFileCache : 0.84686154
RowAVLDisk : 0.84940094
RowDiskDataChange : 0.8575714
RowSetNavigatorDataTable : 0.83964443
