RowStoreAVLDiskData : 0.84968144
SessionContext : 0.84606147
Session : 0.7386889
RowStoreAVL : 0.83048064
SubQuery : 0.8635143
IndexAVL : 0.8549399
RowStoreAVLHybrid : 0.84842646
ParserDDL : 0.8398606
RowStoreAVLMemory : 0.83460975
ParserDQL : 0.8285742
Logger : 0.84421456
StatementProcedure : 0.84818876
StatementExpression : 0.84144545
TestScript : 0.83023083
ParserRoutine : 0.8254799
SimpleLog : 0.83703566
