Table : 0.8006555
Cache : 0.78728664
Logger : 0.7774846
RowStoreAVL : 0.81679434
IndexAVL : 0.7921723
RowStoreAVLDiskData : 0.7907518
RowStoreAVLMemory : 0.81843793
RowStoreAVLHybrid : 0.79791754
DataFileCache : 0.77336377
CachedObjectComparator has been removed due to the repository version iteration
