IndexAVL : 0.7921723
DataFileCache : 0.77336377
RoutineSchema : 0.7895809
TableBase : 0.8248946
