BlobData : 0.83067244
BlobDataID : 0.88039684
BinaryType : 0.83883667
TestLobs : 0.7982813
