JDBCPreparedStatement : 0.7993992
LobManager : 0.70264995
RowInputTextLog : 0.8170369
NumberType : 0.82203865
RowInputBinary180 : 0.8538095
RowOutputBinary180 : 0.8551573
