HsqlDatabaseProperties : 0.83396024
Database : 0.8351103
Logger : 0.8210419
ParserDQL : 0.8165002
Token : 0.8323308
Scanner : 0.8400676
ParserBase : 0.8602465
ParserCommand : 0.81136
StatementCommand : 0.82856655
