Expression : 0.83283263
ExpressionColumn : 0.8300651
RangeVariable : 0.83957344
FunctionCustom : 0.8099497
ExpressionLogical : 0.8264735
