ParserCommand : 0.84392416
ParserRoutine : 0.84441656
StatementSet : 0.8621009
Cache : 0.8460413
TestDatetimeSimple : 0.81934905
