RowSetNavigatorClient : 0.8522323
LongKeyHashMap : 0.8510304
SessionContext : 0.83742887
JDBCResultSet : 0.82211053
RowAVLDisk : 0.8609872
ResultProperties : 0.8170267
StatementDMQL : 0.8423592
RowStoreAVLDisk : 0.85389084
SessionData : 0.8518499
QuerySpecification : 0.8482939
DataFileCacheSession : 0.84004617
