RowOutputInterface : 0.86738944
Cache : 0.7823388
NodeAVL : 0.8101191
RowAVLDiskData : 0.80964595
PersistentStore : 0.8643909
HsqlByteArrayOutputStream : 0.7923208
RowOutputBinary : 0.79628664
Row : 0.81800073
IndexAVL : 0.77351093
ClientConnection : 0.7734352
RowStoreAVL : 0.80724806
RowStoreAVLDisk : 0.796501
DataFileCache : 0.7691697
RowAVLDisk : 0.8049222
NodeAVLDisk : 0.7832044
ServerConnection : 0.76006085
RAShadowFile : 0.7624978
RowOutputBinary180 : 0.7770443
BaseHashIterator has been removed due to the repository version iteration
