NodeAVL : 0.8100417
Cache : 0.7780831
Row : 0.8183063
RowAVLDiskData : 0.8100635
NodeAVLDisk : 0.7834901
RowStoreAVL : 0.80621475
IndexAVL : 0.7725167
RowAVLDisk : 0.8047062
RowStoreAVLDisk : 0.7956196
DataFileCache : 0.767801
PersistentStore : 0.86143
