ExpressionColumn : 0.7267956
LobManager : 0.82999474
StatementCompound : 0.7135628
