ScaledRAFile : 0.78785264
ScaledRAFileHybrid : 0.8174813
ScaledRAFileNIO : 0.7768807
ScaledRAFileInJar : 0.81148994
ScaledRAFileSimple : 0.82337457
