Tokens : 0.8317021
Logger : 0.83178675
Like : 0.83819175
ExpressionLike : 0.84930575
Database : 0.8422624
FunctionCustom : 0.8328278
StatementDMQL : 0.8367433
