Charset : 0.85634166
ColumnSchema : 0.85025
Database : 0.8576085
ParserDQL : 0.8049917
ClobType : 0.8475493
LobManager : 0.71667373
CharacterType : 0.83141124
StatementCommand : 0.8437327
ParserDDL : 0.8100793
ParserCommand : 0.8000823
DatabaseInformationFull : 0.70992863
SchemaManager : 0.84017956
