RangeVariable : 0.8562893
SubQuery : 0.863495
ExpressionColumn : 0.85472673
ParserDQL : 0.8286121
TableDerived : 0.855759
ExpressionLogical : 0.839576
QuerySpecification : 0.8640111
QueryExpression : 0.85809135
ExpressionColumnAccessor : 0.83799195
StatementDMQL : 0.84890234
RangeVariableResolver : 0.8582831
ParserBase : 0.8331475
Expression : 0.84944195
ParserDDL : 0.83985597
ParserCommand : 0.82809603
ParserRoutine : 0.82551616
CompileContext has been removed due to the repository version iteration
ParserDML : 0.8359473
