DataFileCache : 0.84830815
DbBackup : 0.85383916
SimpleLog : 0.84869814
InputStreamShadow has been removed due to the repository version iteration
InputStreamWrapper : 0.8374003
RAShadowFile : 0.8373637
DataFileDefrag : 0.8409278
