TarReader : 0.8616056
PIFGenerator : 0.85408336
