HashMap : 0.8540892
OrderedHashSet : 0.8538039
HashSet : 0.8589829
DatabaseManager : 0.8632244
SchemaManager : 0.85455036
BaseHashMap : 0.8415707
Server : 0.84463274
ServerConnection : 0.84419936
