Server : 0.8409826
OrderedHashSet : 0.88624334
ServerConfiguration : 0.83037317
StatementHandler : 0.85389996
JDBCXADataSource : 0.81510395
