HsqlName : 0.7227479
Schema : 0.7263045
PersistentStoreCollection : 0.7425628
Database : 0.73621225
OrderedHashSet : 0.72539616
HsqlNameManager : 0.73417896
DataFileCache : 0.71473515
SchemaManager : 0.7308911
LobManager : 0.82999474
DataFileCacheSession : 0.715425
SetFunction : 0.7059318
PersistentStoreCollectionSession : 0.73197865
Logger : 0.7174585
ArraySort : 0.69974864
PersistentStoreCollectionDatabase : 0.7339574
