Expression : 0.8495595
SubQuery : 0.8636506
ParserDQL : 0.8286059
RangeVariableResolver : 0.85823417
HsqlArrayList : 0.8510359
QueryExpression : 0.85820615
Statement : 0.8496199
ExpressionLogical : 0.8395952
RangeVariable : 0.8563991
View : 0.8476572
TableDerived : 0.8561288
StatementDMQL : 0.8489843
ParserDML : 0.8358187
RowSetNavigatorData : 0.8621779
ExpressionLike : 0.84237814
