TestLobs : 0.89616215
TestTriggers : 0.8408278
TestBug785429 : 0.86715084
TestBase : 0.7072206
TestUpdatableResults : 0.9066004
TestSqlPersistent : 0.8804322
AllTests : 0.81906915
