ClientConnectionHTTP : 0.8318739
Servlet : 0.8579618
