Token : 0.8409374
Session : 0.7388313
Routine : 0.8535054
SchemaManager : 0.85530335
StatementCompound : 0.835664
