QueryExpression : 0.86750615
Expression : 0.8565934
ParserDQL : 0.8454566
TableDerived : 0.8521559
ParserDML : 0.86093163
