Index : 0.8681361
RangeVariableResolver : 0.7574057
TableBase : 0.8105429
TableDerived : 0.7979988
Table : 0.7859075
DateTimeType : 0.73560166
Statement : 0.8138714
ExpressionLogical : 0.73821324
RangeVariable : 0.7760012
RowStoreAVL : 0.810855
Expression : 0.76990384
TransactionManagerCommon : 0.75659156
QuerySpecification : 0.7695456
IndexAVL : 0.77753156
IndexUse has been removed due to the repository version iteration
