ExpressionColumn : 0.856699
ValuePool : 0.83869046
Statement : 0.8393047
TableBase : 0.84947443
RangeVariableResolver : 0.85911995
QuerySpecification : 0.8565934
ExpressionLogical : 0.8526157
RowSetNavigatorDataTable : 0.8423812
JDBCPreparedStatement : 0.8134206
ExpressionValue : 0.8510493
ExpressionArithmetic : 0.8574141
QueryExpression : 0.8528082
SortAndSlice : 0.85345024
ParserDQL : 0.83405304
ExpressionOp : 0.85673106
DatabaseInformationFull : 0.6987513
