JDBCCommonDataSource : 0.7336332
JDBCPool : 0.7362078
HsqlProperties : 0.7244266
JDBCPooledConnection : 0.72815025
JDBCDriver : 0.7287974
JDBCDataSourceFactory : 0.7251197
JDBCXAConnection : 0.7740442
JDBCXAConnectionWrapper : 0.73373246
