SessionData : 0.73459864
QuerySpecification : 0.73061764
ResultMetaData : 0.73114944
LobManager : 0.82999474
ColumnBase : 0.734562
Log : 0.7222912
Logger : 0.7174585
