DataFileCache : 0.8556287
ArrayUtil : 0.84517366
TransactionManagerMVCC : 0.7095516
TransactionManagerMV2PL : 0.71307373
Log : 0.8447243
TransactionManager2PL : 0.8445601
IndexAVL : 0.8452578
