TestBase : 0.69861484
Tokens : 0.772077
