ValidatingResourceBundle : 0.8375626
RCData : 0.8279448
AppendableException : 0.849148
