Tokens : 0.8165002
Types : 0.8197851
Cache : 0.8150709
ScaledRAFile : 0.82124776
