Logger : 0.84896207
ScaledRAFile : 0.8393655
