LobManager : 0.7276101
HsqlDatabaseProperties : 0.8511287
ScaledRAStorageWrapper : 0.8101472
