HsqlDatabaseProperties : 0.84896207
Collation : 0.8320588
DataFileCache : 0.8485855
IntervalType : 0.8166494
FunctionCustom : 0.8142405
StatementCommand : 0.84833825
ParserCommand : 0.81524515
