Expression : 0.8317021
ExpressionColumn : 0.8285335
Logger : 0.8213266
QuerySpecification : 0.82301265
TableBase : 0.8447503
ExpressionColumnAccessor : 0.8328326
FunctionCustom : 0.8332898
StatementCursor : 0.80080605
