LobManager : 0.7174149
Scanner : 0.82368225
TestLobs : 0.82448
