BlobType : 0.8534062
BinaryType : 0.8497861
