DatabaseInformationFull : 0.6703177
DataFileBlockManager : 0.84369755
