Session : 0.724213
UserTypeModifier : 0.8449464
ParserDQL : 0.82959855
ParserDDL : 0.85031325
ParserCommand : 0.8457254
StatementCommand : 0.85683805
