ParserDDL : 0.8209482
ServerConnection : 0.8428475
