DateTimeType : 0.7432839
ClientConnection : 0.78115064
