Session : 0.7311633
Logger : 0.84896207
StatementDMQL : 0.84332305
ParserDQL : 0.82906514
Database : 0.85205823
TableWorks : 0.85764074
SessionData : 0.8516628
StatementSchema : 0.8438605
ParserDDL : 0.8378
ParserCommand : 0.8339383
StatementCommand : 0.8531482
