RowSetNavigatorDataTable : 0.84156984
DataFileCacheSession : 0.8407858
