Database : 0.8547458
SimpleLog : 0.8489581
