Expression : 0.8495595
TableDerived : 0.8561288
ParserDQL : 0.8286059
CompileContext has been removed due to the repository version iteration
BinaryData : 0.8415035
StatementDMQL : 0.8489843
View : 0.8476572
RowInputText : 0.8360862
RowSetNavigatorData : 0.8621779
Constraint : 0.8555642
ParserDDL : 0.83972925
StatementSet : 0.8508119
ParserDML : 0.8358187
StatementProcedure : 0.8483472
StatementExpression : 0.8415763
