Table : 0.7859075
RowStoreAVL : 0.810855
TableBase : 0.8105429
LobStoreInJar : 0.75024897
RowStoreAVLHybrid : 0.78788215
RowStoreAVLDisk : 0.8027023
RowStoreAVLMemory : 0.8048673
TableDerived : 0.7979988
RowStoreAVLDiskData : 0.78695863
