RowStoreAVL : 0.81717026
RowSetNavigatorDataTable : 0.78252983
TextCache : 0.78479666
RowStoreAVLHybrid : 0.7961071
RowStoreAVLDisk : 0.80774164
PersistentStore : 0.8646227
TestUtil : 0.7626235
RowStoreAVLDiskData : 0.78655696
Logger : 0.7841039
RowAVLDiskData : 0.8185691
StatementSession : 0.775437
TextTable : 0.7870324
RowStoreAVLHybridExtended : 0.76116645
TransactionManagerCommon : 0.7526903
TransactionManager2PL : 0.7942514
TextFileReader : 0.7673952
