DataFileCache : 0.7146371
Logger : 0.7023288
QuerySpecification : 0.7276101
