Parser : 0.8416752
CommandParser : 0.83871025
DDLParser : 0.8281691
BaseParser : 0.8323839
TriggerDef : 0.8302289
