SessionInterface : 0.76306885
Tokens : 0.7338468
JDBCXAResource : 0.7363148
QuerySpecification : 0.73061764
Logger : 0.7174585
DatabaseManager : 0.72560376
ClientConnection : 0.7308655
