Type : 0.8161576
Session : 0.7111637
IntervalType : 0.8597504
DateTimeType : 0.8610757
RowStoreAVLDisk : 0.81685394
FunctionSQL : 0.83141935
RowStoreAVLHybridExtended : 0.8262983
RowStoreAVLDiskData : 0.8156342
ExpressionArrayAggregate : 0.83116335
RowStoreAVLHybrid : 0.8169491
DataFileCache : 0.8254194
ExpressionLogical : 0.84958494
IntervalSecondData : 0.81393933
TextCache : 0.82158065
FunctionCustom : 0.8561453
ExpressionArithmetic : 0.86482203
IntervalMonthData : 0.80682665
