ParserDQL : 0.8165002
BitMap : 0.8157721
DateTimeType : 0.79879594
OpTypes : 0.8238899
ExpressionOp : 0.818169
TableSpaceManagerText : 0.8369857
TableSpaceManager : 0.7929282
TableSpaceManagerSession : 0.8351512
Scanner : 0.8400676
FunctionCustom : 0.8332898
DataFileCache : 0.814652
DataFileBlockManager : 0.8244531
