ArrayUtil : 0.83507013
Session : 0.7311633
Row : 0.82420677
RowOutputInterface : 0.7697022
NodeAVL : 0.82326883
FunctionCustom : 0.82612514
DbBackup : 0.846237
CachedObject : 0.7678924
RowInputInterface : 0.7615328
RowInputBase : 0.7943745
QuerySpecification : 0.8511288
Logger : 0.84896207
StatementCompound : 0.8297051
StatementTypes : 0.79072356
