TableSpaceManager : 0.87556374
BitMap : 0.7505184
DataSpaceManagerBlocks : 0.7710352
TableSpaceManagerBlocks : 0.79055184
DataFileCache : 0.7693036
Log : 0.7706775
CachedObjectBase : 0.8194932
TableSpaceManagerDefault : 0.7899127
DataSpaceManagerSimple : 0.8251924
TableSpaceManagerText : 0.81507295
TableSpaceManagerSimple : 0.81269944
BlockAccessor has been removed due to the repository version iteration
