HsqlDatabaseProperties : 0.76789236
TableSpaceManager : 0.87231535
DataSpaceManagerBlocks : 0.76177144
NodeAVL : 0.8100417
DataFileCache : 0.7688739
TableSpaceManagerDefault : 0.79028875
Row : 0.8183063
Logger : 0.771254
CachedObjectBase : 0.82270026
TableSpaceManagerBlocks : 0.78606
TableSpaceManagerSimple : 0.8062132
TableSpaceManagerText : 0.8085668
DataFileDefrag : 0.7778506
