DatabaseInformationFull : 0.6703177
ScaledRAFileNIO : 0.8654743
DataFileDefrag : 0.8537487
RangeVariable : 0.83600086
TableSpaceManagerBlocks : 0.8613469
DatabaseInformation : 0.84922934
