Routine : 0.7922445
Expression : 0.76931185
SimpleLog : 0.76205546
ColumnSchema : 0.78385043
QueryExpression : 0.769817
ParserRoutine : 0.71589965
RangeGroupSimple has been removed due to the repository version iteration
QuerySpecification : 0.76528245
StatementCompound : 0.7419931
Logger : 0.7614701
ParserDDL : 0.719736
ParserCommand : 0.709934
ParserDML : 0.7292302
SessionContext : 0.7436881
TestSqlPersistent : 0.738085
RangeGroupEmpty has been removed due to the repository version iteration
