HsqlDatabaseProperties : 0.85205823
ParserDQL : 0.8149517
Logger : 0.8547458
ParserCommand : 0.817431
ServerConnection : 0.8428475
StatementCommand : 0.8667772
