PersistentStore : 0.8546231
DataFileDefrag : 0.7841913
RowStoreAVL : 0.80781555
DoubleIntIndex : 0.7657127
RowStoreAVLDisk : 0.7984893
RowStoreAVLDiskData : 0.77967
RowStoreAVLHybrid : 0.7859775
TableSpaceManagerDefault : 0.79845655
DataSpaceManagerBlocks : 0.77056324
DataFileCache : 0.76914924
Logger : 0.77290195
ServerConnection : 0.7598665
TableSpaceManagerBlocks : 0.793696
DataSpaceManagerSimple : 0.8334064
RowStoreAVLHybridExtended : 0.75842345
SimpleStore : 0.8199055
StatementCommand : 0.77553535
LongLookup : 0.8464007
IntLookup : 0.8148318
