DataFileCache : 0.770115
PersistentStore : 0.85527617
IntervalType : 0.74776715
DTIType : 0.76096123
RowStoreAVL : 0.80819225
SimpleStore : 0.8203364
TableSpaceManagerBlocks : 0.7948951
ParserBase : 0.77070636
RowStoreAVLDisk : 0.79891694
DataSpaceManagerSimple : 0.8352671
Scanner : 0.73973376
DataSpaceManagerBlocks : 0.773404
DataFileDefrag : 0.7842147
RAShadowFile : 0.76572245
