ParserDQL : 0.8195671
Routine : 0.8652266
PersistentStoreCollectionSession : 0.8528758
BaseHashMap : 0.8486466
LongKeyHashMap : 0.8662642
ParserRoutine : 0.81179214
ParserBase : 0.835198
BlobType : 0.8589595
SessionContext : 0.84137833
