HashSet : 0.844429
FunctionCustom : 0.8332898
