TransactionManager2PL : 0.81911963
TransactionManagerCommon : 0.77731043
TransactionManagerMVCC : 0.76412463
TransactionManagerMV2PL : 0.77337915
RowStoreAVLDisk : 0.8143458
