Expression : 0.7878359
Session : 0.790567
ParserDQL : 0.7464398
ExpressionLogical : 0.7583626
StatementCompound : 0.76450264
ExpressionTable : 0.7926622
TransactionManagerCommon : 0.77731043
TransactionManager2PL : 0.81911963
ParserRoutine : 0.7420632
TransactionManagerMVCC : 0.76412463
TransactionManagerMV2PL : 0.77337915
LineGroupReader : 0.7762716
OpTypes : 0.89960575
