DataFileCache : 0.83297914
DataFileDefrag : 0.8291766
Routine : 0.8154931
DataSpaceManagerBlocks : 0.8467263
RowStoreAVLDisk : 0.82596517
RowStoreAVLHybrid : 0.818878
