ScriptWriterBase : 0.8317614
ScriptWriterText : 0.83431596
