Log : 0.70941323
LobStore : 0.753219
SessionData : 0.73494166
LobStoreInJar : 0.70523894
LobStoreMem : 0.74676853
LobStoreRAFile : 0.7253379
