Table : 0.7892397
TableSpaceManager : 0.8738289
Constraint : 0.78282714
Database : 0.79841876
RangeVariable : 0.78149045
DataFileCache : 0.7712294
ParserDDL : 0.7337211
TableSpaceManagerDefault : 0.789067
ExpressionAggregate : 0.7562031
DataSpaceManagerBlocks : 0.7694178
TableWorks : 0.75718236
DatabaseInformationFull : 0.73716515
TableSpaceManagerBlocks : 0.7857243
DataSpaceManagerSimple : 0.8362235
TableSpaceManagerText : 0.8084468
TableSpaceManagerSimple : 0.8053182
PersistentStoreCollectionDatabase : 0.7947903
