RangeVariable : 0.863425
View : 0.8397975
ParserDML : 0.86093163
