Session : 0.728075
Collation : 0.83297175
SimpleLog : 0.8237709
RangeVariableResolver : 0.85911995
Logger : 0.8321131
RangeVariable : 0.84778374
FunctionSQLInvoked : 0.84755605
ExpressionAggregate : 0.8431907
LobManager : 0.7162141
JDBCConnection : 0.81392103
ExpressionArrayAggregate : 0.8475574
StatementCommand : 0.8483843
