ParserDML : 0.70641536
RangeVariableResolver : 0.7290001
Logger : 0.6856563
DataSpaceManagerBlocks : 0.68305194
