FrameworkLogger : 0.827976
ParserRoutine : 0.7870404
TestLobs : 0.8139089
