JDBCPool : 0.82587177
LobManager : 0.6995068
ScaledRAFileSimple : 0.83874196
Exceptions has been removed due to the repository version iteration
ScaledRAFile : 0.8325339
ScaledRAFileNIO : 0.8442534
JDBCRowId : 0.81556636
