ParserDQL : 0.820895
FunctionSQL : 0.8261039
Cache : 0.8556288
Log : 0.86310387
