Statement : 0.7446162
SimpleLog : 0.71411836
Cache : 0.72132546
Logger : 0.7174585
StatementDMQL : 0.7336714
StatementSchema : 0.7288879
ClobType : 0.72970384
ParserDDL : 0.7176437
TransactionManagerCommon : 0.7365229
