StringConverter : 0.8458009
RoutineSchema : 0.8156288
