RowOutputBinary : 0.8423238
FileUtil : 0.84995055
HsqlProperties : 0.84809005
Collation : 0.83417034
Scanner : 0.81143713
ConnectionDialogCommon : 0.749434
