Error : 0.8342685
WebServer : 0.8529565
DITableInfo : 0.81925446
WebServerConnection : 0.85301113
