BitMap : 0.85702205
CharacterType : 0.832013
ParserDQL : 0.8119963
SchemaManager : 0.8147668
Expression : 0.83283263
ExpressionColumn : 0.8300651
FunctionSQL : 0.8277281
TableDerived : 0.8248371
BooleanType : 0.8211868
HsqlNameManager : 0.8197
BlobInputStream : 0.8383709
