FileAccessResTest : 0.8315636
PIFGeneratorTest : 0.8013347
UtilTest : 0.83330274
PropertyGetter : 0.8361862
ValuePoolHashMapTest : 0.83171403
HsqldbEmbeddedDatabaseCloser : 0.81412643
