Expression : 0.83283263
LobManager : 0.7239201
ExpressionOp : 0.8280332
JDBCDatabaseMetaData : 0.81293494
ExpressionArithmetic : 0.82945544
RangeVariable : 0.84002185
ExpressionLogical : 0.8264735
SessionData : 0.8347169
StatementDML : 0.70156103
Session : 0.7098159
RangeVariableConditions has been removed due to the repository version iteration
ExpressionLike : 0.8323671
