ParserDQL : 0.8119963
LobManager : 0.7239201
RowStoreAVL : 0.8160976
