Table : 0.79466945
Collation : 0.8053004
HsqlDatabaseProperties : 0.7864761
TransactionManager2PL : 0.7942514
SchemaManager : 0.7628645
Charset : 0.8003056
TransactionManagerMVCC : 0.73063105
UserTypeModifier : 0.7962155
LobManager : 0.7609764
ParserDDL : 0.73580337
TransactionManagerMV2PL : 0.7420632
TransactionManagerCommon : 0.7526903
StatementCommand : 0.7796398
ParserCommand : 0.72603106
StatementTypes : 0.9266114
FileArchiver : 0.7328339
