Logger : 0.8373141
HsqlDateTime : 0.820893
SessionManager : 0.8498274
ParserDDL : 0.8475034
