Table : 0.8009747
CharacterType : 0.77018327
Session : 0.787275
IndexAVL : 0.7921723
TableBase : 0.8248946
QuerySpecification : 0.78385776
ExpressionLogical : 0.75394684
ParserDQL : 0.74024063
RangeIteratorMain has been removed due to the repository version iteration
RowSetNavigatorDataTable : 0.7943123
RangeVariable : 0.7936267
