Table : 0.8359905
PersistentStore : 0.7978509
Row : 0.8354995
Schema : 0.8171116
HsqlDateTime : 0.81102693
SimpleStore : 0.82641804
HsqlDatabaseProperties : 0.83396024
Database : 0.8351103
RowStoreAVL : 0.8214188
QuerySpecification : 0.82301265
Session : 0.7338468
FunctionCustom : 0.8332898
StatementSchema : 0.7940327
ScriptReaderBase : 0.8433469
ScriptReaderText : 0.80120736
