QuerySpecification : 0.84689397
ParserDQL : 0.8119963
DateTimeType : 0.81380045
ParserDDL : 0.79960847
FunctionCustom : 0.8099497
