OdbcPacketOutputStreamTest : 0.8125688
FileAccessResTest : 0.8314147
HsqlTimerTest : 0.796691
JDBCDriverTest : 0.84616524
HsqlArrayHeapTest : 0.81768024
