TextCache : 0.8674665
Collation : 0.82374203
StatementDML : 0.6844545
TestBase : 0.6999238
DataFileCacheSession : 0.85620034
