IndexAVL : 0.8374024
ParserCommand : 0.8247233
