Log : 0.8525937
HsqlDateTime : 0.8285534
ClientConnection : 0.8479581
StatementCommand : 0.8667772
