JDBCStatementBase : 0.8450977
ParserCommand : 0.8008999
JDBCCallableStatement : 0.8724878
