DataFileCache : 0.86310387
DataSpaceManagerBlocks : 0.8413774
