FrameworkLogger : 0.8116864
ClientConnection : 0.8202808
