NumberType : 0.82298213
Like : 0.84471166
IntervalSecondData : 0.8255797
IntervalMonthData : 0.81832325
AllTests : 0.7678249
ScriptReaderText : 0.84273607
