HsqlDatabaseProperties : 0.8263343
Collation : 0.8056539
JDBCConnection : 0.8458266
JDBCStatementBase : 0.8369526
JDBCResultSetMetaData : 0.8611435
