Table : 0.84562516
Like : 0.84298503
ExpressionOp : 0.8280332
