ExpressionColumn : 0.856699
ParserRoutine : 0.82931364
QuerySpecification : 0.8565934
RangeVariable : 0.84778374
StatementSimple : 0.84026575
QueryExpression : 0.8528082
ExpressionLike : 0.84930575
