JDBCArray : 0.8286051
JDBCPreparedStatement : 0.8194804
ParserDDL : 0.8552292
