WebServer : 0.8034567
TestBase : 0.7201742
Tokens : 0.7905545
