TestBase : 0.72246337
TestCollation : 0.85277534
