NullType : 0.74624395
StatementResultUpdate : 0.74509126
