Logger : 0.8485854
BlockObjectStore : 0.8621028
StatementSchema : 0.8245392
DataSpaceManagerBlocks : 0.8551275
StatementCommand : 0.84496564
LongKeyHashMap : 0.84413314
ParserCommand : 0.8252882
