RowAction : 0.9007695
ParserDDL : 0.83520377
TransactionManagerCommon : 0.8746366
TransactionManagerMVCC : 0.749051
TransactionManagerMV2PL : 0.74725735
