Session : 0.7098159
Cache : 0.8451736
Scanner : 0.83232987
BitMap : 0.85702205
RangeVariable : 0.84002185
SchemaManager : 0.8147668
IndexAVL : 0.838322
LobManager : 0.7239201
TableWorks : 0.8285081
StatementSchema : 0.79090434
TriggerDefSQL : 0.82063174
