ParserDDL : 0.85031325
ParserCommand : 0.8457254
