Server : 0.8553906
Notified : 0.77778226
ServerConstants : 0.7805753
