SqlFile : 0.82802665
DbBackup : 0.8257575
PIFGenerator : 0.7964742
RCData : 0.83168834
Calculator : 0.8201227
TarEntryHeader has been removed due to the repository version iteration
DbBackupMain : 0.82355154
