FrameworkLogger : 0.8177315
AuthUtils : 0.8308688
DbBackup : 0.82892233
AuthBeanMultiplexer : 0.825178
