RowStoreAVLDisk : 0.8526883
RowStoreAVLMemory : 0.83459395
RowStoreAVLDiskData : 0.8492662
RowStoreAVLHybrid : 0.8476463
DatabaseInformationMain : 0.839322
