Result : 0.8528109
TableBase : 0.87025493
PersistentStoreCollectionSession : 0.85774916
RowStoreAVLHybridExtended : 0.85194
RowStoreAVL : 0.8303145
