TestStoredProcedure : 0.87993324
TestDateTime : 0.89843553
TestJDBCSavepoints : 0.71187353
TestUpdatableResultSets : 0.8999996
TestTypeConversion : 0.89595544
TestBug808460 : 0.8702077
TestBug785429 : 0.86715084
TestHTTPKeepAlive : 0.8686396
TestCollation : 0.87101674
