ErrorCode : 0.76669735
ParserDQL : 0.8423091
StatementDMQL : 0.8339493
Cache : 0.8290443
ParserDDL : 0.84066963
TableWorks : 0.8393929
DatabaseInformationFull : 0.68673253
ParserDML : 0.8502607
