TableBase : 0.87025493
Expression : 0.8495595
ExpressionLogical : 0.8395952
DataSpaceManagerBlocks : 0.84399855
RowSetNavigatorDataTable : 0.8601583
QuerySpecification : 0.86403203
QueryExpression : 0.85820615
Logger : 0.8457225
DataFileCache : 0.84710807
