Log : 0.8424548
DataSpaceManagerBlocks : 0.85976356
