ParserDQL : 0.83010364
TransactionManagerCommon : 0.8397326
RowStoreAVLDisk : 0.8406894
RowStoreAVLMemory : 0.8262127
SortAndSlice : 0.8604447
QueryExpression : 0.8562249
