PersistentStore : 0.8613354
RowStoreAVL : 0.8127873
Cache : 0.7847605
TextCache : 0.7794058
DataSpaceManagerBlocks : 0.7795844
TableSpaceManagerBlocks : 0.7956983
DirectoryBlockCachedObject : 0.80665386
DataFileCache : 0.77292573
RowStoreAVLHybrid : 0.7900166
RowStoreAVLDisk : 0.80217826
RowStoreAVLHybridExtended : 0.76512796
TextTable : 0.78723866
RowStoreAVLDiskData : 0.782754
Log : 0.7726087
BitMapCachedObject : 0.79652566
DataSpaceManagerSimple : 0.8185777
IntArrayCachedObject : 0.7887723
BlockObjectStore : 0.8073266
DatabaseInformationFull : 0.7376972
