RAFile : 0.86518395
RAFileNIO : 0.86995244
DatabaseInformation : 0.84922934
TableWorks : 0.8388179
DatabaseInformationFull : 0.6703177
DatabaseInformationMain : 0.8098343
