HsqlDatabaseProperties : 0.7311633
HsqlProperties : 0.7244266
TransactionManagerCommon : 0.7365229
