Cache : 0.8556288
BaseHashMap : 0.8372647
RAFileNIO : 0.8701268
DataSpaceManagerBlocks : 0.8589143
RowAction : 0.8451236
Logger : 0.8485854
DatabaseInformationFull : 0.6703177
Log : 0.86310387
