RangeVariable : 0.8537016
Expression : 0.85146964
ExpressionColumn : 0.8452008
ParserDQL : 0.81753
CompileContext has been removed due to the repository version iteration
ParserBase : 0.83551776
DataSpaceManagerSimple : 0.85333353
TableSpaceManagerBlocks : 0.8348183
OrderedIntKeyHashMap : 0.8588172
ParserDML : 0.81113094
