RowStoreAVL : 0.8235054
HsqlDateTime : 0.8174798
FrameworkLogger : 0.8040141
