Expression : 0.8495595
ExpressionLogical : 0.8395952
RowStoreAVLDisk : 0.8526883
ExpressionColumn : 0.8547414
RangeVariableResolver : 0.85823417
DataFileCacheSession : 0.83874935
