QueryExpression : 0.8562249
RowSetNavigatorDataTable : 0.8541505
