Tokens : 0.7338468
StatementDML : 0.8198516
RangeVariableResolver : 0.7238314
ParserCommand : 0.70668286
StatementCompound : 0.7135628
StatementSession : 0.75228655
StatementTypes : 0.771473
Logger : 0.7174585
DatabaseInformationFull : 0.81027013
