RowAction : 0.81302077
Log : 0.8155126
BitMap : 0.8043724
FileUtil : 0.8174447
RowStoreAVLHybrid : 0.8317075
HsqlProperties : 0.82566553
RowStoreAVLHybridExtended : 0.83121645
TransactionManagerCommon : 0.8116827
RowStoreAVLDisk : 0.8423437
DataFileCache : 0.82096046
RowStoreAVLMemory : 0.84083056
RowStoreAVLDiskData : 0.8286308
