Log : 0.8524827
TableSpaceManagerBlocks : 0.8406912
TransactionManagerMVCC : 0.6968632
OrderedHashSet : 0.8353457
