ScriptReaderText : 0.81981313
ScriptReaderDecode : 0.82451606
ParserDDL : 0.79960847
ScriptRunner : 0.8080365
