TableBase : 0.87025493
ScriptWriterText : 0.84748554
ExpressionColumn : 0.8547414
QuerySpecification : 0.86403203
ParserRoutine : 0.8254285
StatementSession : 0.85150677
SessionContext : 0.8461313
RowStoreAVLHybridExtended : 0.8618577
