Type : 0.8277856
DateTimeType : 0.82294077
ColumnSchema : 0.848816
Expression : 0.8495595
HsqlDatabaseProperties : 0.8592273
Logger : 0.8457225
RowAVLDisk : 0.8577028
ExpressionLogical : 0.8395952
TableSpaceManagerBlocks : 0.84816647
RowStoreAVLDisk : 0.8526883
TableWorks : 0.8680344
RowStoreAVL : 0.8303145
FunctionCustom : 0.82303363
ParserRoutine : 0.8254285
TestTextTable : 0.84264404
DataSpaceManagerBlocks : 0.8476934
TextTableDescriptor has been removed due to the repository version iteration
TestJDBCSavepoints : 0.70052975
ExpressionArithmetic : 0.84173584
