PersistentStore : 0.7816941
RowStoreAVL : 0.8300703
IndexAVL : 0.8489796
IndexAVLMemory : 0.85002816
RowStoreAVLMemory : 0.83653694
RowStoreAVLDisk : 0.8507486
NodeAVLDiskLarge : 0.8645255
IndexRowIterator has been removed due to the repository version iteration
SimpleStore : 0.83097976
