ParserDDL : 0.7176437
TransactionManagerMVCC : 0.83448666
QuerySpecification : 0.73061764
StatementSchema : 0.7288879
SimpleStore : 0.7507395
