Result : 0.83564126
RowOutputBase : 0.8466069
RowOutputText : 0.8774891
RowOutputInterface : 0.82647055
ExpressionLogical : 0.80195886
RowInputInterface : 0.8071457
TestBase : 0.7002337
RowOutputTextLog : 0.8830233
