Session : 0.7388313
ArrayUtil : 0.84562516
TransactionManagerMV2PL : 0.71876323
TransactionManager2PL : 0.84909874
TransactionManagerMVCC : 0.7164248
TransactionManagerCommon : 0.84910005
BlockAccessor has been removed due to the repository version iteration
StatementProcedure : 0.8483472
StatementDMQL : 0.8489843
ParserCommand : 0.8280437
TableSpaceManagerBlocks : 0.8481343
StatementSession : 0.85150677
DataFileDefrag : 0.85746676
StatementTypes : 0.80007386
