RowInputTextLog : 0.8714774
RowInputBinary : 0.8756019
DirectoryBlockCachedObject : 0.8517335
BitMapCachedObject : 0.8506171
IntArrayCachedObject : 0.8432478
RowInputTextQuoted : 0.8534301
ScriptReaderText : 0.8473597
