DataFileCache : 0.8646688
RAFileNIO : 0.8848741
RAFileSimple : 0.88111126
RAFileHybrid : 0.87032044
RAShadowFile : 0.87895924
EventLogInterface : 0.7689906
DataFileCacheSession : 0.8498515
LobStoreRAFile : 0.8901516
