ParserRoutine : 0.81197226
ParserDDL : 0.818693
SessionContext : 0.83443916
