Log : 0.7222912
Logger : 0.7174585
TextTable : 0.7377788
RowStoreAVLDiskData : 0.7252499
StatementProcedure : 0.75099117
TestStoredProcedure : 0.7212543
ParserCommand : 0.70668286
ParserDDL : 0.7176437
