HsqlDatabaseProperties : 0.84896207
StatementCommand : 0.84833825
ParserCommand : 0.81524515
ScriptReaderText : 0.83655286
