RoutineSchema : 0.8457944
ParserDDL : 0.83972925
SchemaObjectSet : 0.8349067
Schema : 0.8475697
TableWorks : 0.8680344
ParserDQL : 0.8286059
SchemaManager : 0.85530335
ParserRoutine : 0.8254285
LobManager : 0.7296272
StatementCommand : 0.8543349
ParserCommand : 0.8280437
RowDiskDataChange : 0.8685672
ParserDML : 0.8358187
ParserTable : 0.8369697
