Logger : 0.7841039
RAFileNIO : 0.76334417
ParserDDL : 0.73580337
TransactionManagerMVCC : 0.73063105
StatementCommand : 0.7796398
StatementTypes : 0.9266114
