ParserDQL : 0.82490313
StatementSimple : 0.8480581
StatementHandler : 0.84660465
ParserBase : 0.822182
ParserRoutine : 0.8371656
