HashIndex : 0.87134945
ValuePoolHashMap : 0.8840928
