RowSetNavigatorDataChange : 0.8006973
Constraint : 0.8323684
StatementDML : 0.70395476
RowSetNavigatorClient : 0.8225238
StatementInsert : 0.81112766
ParserDML : 0.80275536
TestScript : 0.8043167
ParserCommand : 0.81136
ParserDDL : 0.80607134
RowSetNavigatorDataChangeMemory : 0.8376884
