RowAction : 0.83148324
ParserDML : 0.86836153
HashIndex : 0.80376667
