Log : 0.86310387
DataFileDefrag : 0.8537487
StatementSession : 0.840527
JDBCXAConnection : 0.8155527
