RangeVariable : 0.7852672
Session : 0.7773733
RowSetNavigator : 0.8292464
QuerySpecification : 0.7744539
StatementDMQL : 0.78225154
ParserDQL : 0.74372166
Logger : 0.7841039
FunctionSQLInvoked : 0.78495234
RowSetNavigatorDataTable : 0.78412044
ParserRoutine : 0.7329933
StatementSet : 0.758665
RowSetNavigatorData : 0.78087455
RowSetNavigatorClient : 0.79511464
ParserTable : 0.7269282
RangeVariableJoined : 0.8091372
StatementQuery : 0.75453734
ParserDML : 0.7422385
