Session : 0.7338468
NodeAVLDisk : 0.8257529
ParserCommand : 0.81136
LobManager : 0.7111662
ExpressionOp : 0.818169
StatementCommand : 0.82856655
DatabaseInformationFull : 0.70641804
ParserTable : 0.81428385
StatementTypes : 0.80616826
OpTypes : 0.8238899
