RangeVariable : 0.83150685
QuerySpecification : 0.84066147
Session : 0.6958215
ExpressionColumn : 0.8372112
ParserDQL : 0.8482758
TransactionManagerMVCC : 0.68037945
ClobInputStream : 0.83684915
