NumberType : 0.8597504
Tokens : 0.806051
FunctionCustom : 0.83156604
SetFunction : 0.83619905
Tokenizer : 0.8215651
TestDatetimeSimple : 0.80778146
AllTests : 0.7595288
