Table : 0.8528109
Session : 0.7432299
JDBCPool : 0.83485174
JDBCCallableStatement : 0.81835604
QuerySpecification : 0.8482939
JDBCStatement : 0.8364595
RangeVariableConditions has been removed due to the repository version iteration
StatementDML : 0.7102487
StatementSession : 0.85737747
JDBCPreparedStatement : 0.82821584
ScriptWriterBase : 0.8267422
StatementProcedure : 0.8505477
StatementInsert : 0.8543701
TestPreparedStatements : 0.8267868
