Routine : 0.8568766
SessionContext : 0.83742887
