StatementSchema : 0.865015
ParserTable : 0.88096577
