Type : 0.72929007
Error : 0.7391688
SessionManager : 0.7569717
