Database : 0.8574575
HsqlName : 0.8480678
DatabaseManager : 0.8531085
HsqlDatabaseProperties : 0.8592273
ScriptReaderBase : 0.8473635
Logger : 0.8457225
TextCache : 0.8509153
LobManager : 0.7296272
SimpleName has been removed due to the repository version iteration
StatementCommand : 0.8543349
