Result : 0.7432299
SchemaObject : 0.77445465
Log : 0.7222912
Logger : 0.7174585
Database : 0.73621225
LobManager : 0.82999474
UserManager : 0.7181563
SessionManager : 0.7569717
FunctionCustom : 0.7168605
StatementCommand : 0.7526704
