Log : 0.7222912
TransactionManagerMV2PL : 0.8238314
TransactionManagerMVCC : 0.83448666
TransactionManager2PL : 0.75019795
TransactionManagerCommon : 0.7365229
