TransactionManagerMV2PL : 0.8623606
TransactionManager2PL : 0.75139165
TransactionManagerCommon : 0.7462768
