HsqlDatabaseProperties : 0.85205823
HsqlName : 0.8472472
HsqlNameManager : 0.8508224
JDBCPreparedStatement : 0.8270184
TableWorks : 0.83848274
JDBCConnection : 0.83126885
