Expression : 0.8495595
HsqlProperties : 0.85485685
Session : 0.7388313
ExpressionAggregate : 0.8351396
DatabaseInformationFull : 0.7193485
QuerySpecification : 0.86403203
JDBCClobFile : 0.83570904
ExpressionArrayAggregate : 0.8415495
StatementCommand : 0.8543349
TransactionManagerMVCC : 0.7164248
