StatementExpression : 0.8394191
StatementResultUpdate : 0.8418468
StatementSchemaDefinition : 0.82589555
StatementSet : 0.8362447
StatementCommand : 0.8559956
StatementDMQL : 0.840251
StatementSignal : 0.84953284
StatementSimple : 0.8337265
