Cache : 0.8184345
NodeAVLDiskLarge : 0.81775486
RowStoreAVL : 0.8062847
HsqlDatabaseProperties : 0.84224564
Result : 0.83640975
RowStoreAVLDisk : 0.8272163
HashSet : 0.83076155
PersistentStore : 0.77432775
RowStoreAVLHybrid : 0.82324016
DataFileCache : 0.824698
RowStoreAVLDiskData : 0.82109493
SimpleStore : 0.81090015
