Tokens : 0.799075
SchemaObjectSet : 0.74502647
Schema : 0.7749741
ParserDDL : 0.7326239
SchemaManager : 0.7584903
ReferenceObject : 0.8042733
StatementSchema : 0.73809373
StatementTypes : 0.903566
