Scanner : 0.79716134
StatementSchema : 0.79331625
