RowOutputBase : 0.7994071
RowInputBase : 0.79213
BinaryUUIDType : 0.8519727
