Session : 0.7311633
Database : 0.85205823
JDBCResultSet : 0.8279389
Logger : 0.84896207
DataSpaceManagerBlocks : 0.83970064
ScriptWriterText : 0.8423857
ScriptWriterBase : 0.81370187
JDBCResultSetMetaData : 0.842836
JDBCParameterMetaData : 0.8459489
JDBCConnection : 0.83500993
ScriptWriterEncode : 0.8314009
