ColumnSchema : 0.848816
FunctionSQL : 0.8414941
ParserDQL : 0.8286059
StatementDML : 0.72624475
ParserTable : 0.83606446
