Database : 0.8351103
ParserDQL : 0.8165002
SchemaManager : 0.81355304
ReferenceObject : 0.83077615
Schema : 0.8171116
View : 0.83385205
ExpressionColumn : 0.8285335
StatementSchema : 0.7940327
ParserDDL : 0.80607134
ParserBase : 0.8602465
ParserCommand : 0.81136
StatementCommand : 0.82856655
