Schema : 0.70977116
ParserDML : 0.6905483
DatabaseInformation : 0.7102088
