BaseHashMap : 0.80854064
RowOutputBinary : 0.7908575
Charset : 0.8130306
HashIndex : 0.80376667
IntKeyLongValueHashMap : 0.8072701
