HsqlDatabaseProperties : 0.83396024
Database : 0.8351103
Scanner : 0.8400676
Table : 0.8359905
Logger : 0.8213266
Session : 0.7338468
Constraint : 0.8323684
View : 0.83385205
Routine : 0.8362737
ParserDQL : 0.8165002
ParserBase : 0.8602465
ParserCommand : 0.81136
TableDerived : 0.84089285
StatementCommand : 0.82856655
ParserDDL : 0.80607134
RowInputTextLog : 0.82674783
StatementSchemaDefinition : 0.8057318
ScriptReaderText : 0.80120736
