IndexAVL : 0.830159
IndexAVLMemory : 0.7994299
RowStoreAVLDiskData : 0.845828
RowStoreAVLDisk : 0.8422209
