BitMap : 0.83044416
HashIndex : 0.8661074
ValuePool : 0.83799505
ValuePoolHashMap : 0.8820483
