HashMap : 0.8473281
OrderedHashSet : 0.86580455
HashMappedList : 0.86491835
LongKeyIntValueHashMap : 0.84991014
LongKeyLongValueHashMap : 0.8494601
LongValueHashMap : 0.8655019
IntValueHashMap : 0.85961026
MultiValueHashMap : 0.8429484
HashSet : 0.8568469
IntKeyLongValueHashMap : 0.8819444
OrderedIntHashSet : 0.8666448
IntKeyIntValueHashMap : 0.8484786
