ZaurusConnectionDialog : 0.72653
ZaurusDatabaseManager : 0.8411177
FindFile : 0.84135926
ConnectionDialogSwing : 0.8643296
Testdb : 0.8146924
ShutdownServer : 0.70419294
