Logger : 0.7833778
StatementCommand : 0.77491295
