Session : 0.7926332
JDBCDatabaseMetaData : 0.8092618
ClientConnection : 0.780166
JDBCDatabaseMetaDataTest : 0.76441824
FunctionCustom : 0.746389
TransactionManager : 0.7835696
DatabaseInformationFull : 0.74402755
JDBCConnection : 0.76266724
