StatementDMQL : 0.8564276
StatementQuery : 0.83153635
StatementInsert : 0.8899723
