Index : 0.8591393
Constraint : 0.8520948
StatementDMQL : 0.84928036
Session : 0.8484004
ParserCommand : 0.8307562
JDBCDatabaseMetaData : 0.8470407
ParserDDL : 0.83439183
ConstraintCore : 0.81862926
