JDBCResultSetMetaDataTest : 0.8950082
JDBCResultSetTest : 0.8895972
JDBCPreparedStatementTest : 0.89532876
JDBCSQLXMLTest : 0.8752775
UtilTest : 0.8823254
ScriptedTest : 0.8714985
