Right : 0.851464
TriggerDef : 0.84307486
View : 0.84959024
Constraint : 0.8522333
BaseParser : 0.8376672
CompiledStatement : 0.8457861
Grantee : 0.8402888
CommandParser : 0.8425084
DINameSpace : 0.84216267
DatabaseInformationMain : 0.84340984
Parser : 0.8379033
Session : 0.8486698
DatabaseInformationFull : 0.83759755
DDLParser : 0.8367539
