ErrorCode : 0.79492414
ParserDDL : 0.83438903
TriggerDef : 0.8431589
StatementDML : 0.73226285
