BitMap : 0.7920282
PIFGenerator : 0.80214703
SqltoolRB : 0.84160054
DatabaseURL : 0.70500594
