IntervalTypeTest : 0.8521308
HsqlDequeTest : 0.8432941
SqltoolRBTest : 0.8341776
ScannerTest : 0.860723
PIFGeneratorTest : 0.7954217
ClientConnectionTest : 0.8021985
ValuePoolHashMapTest : 0.86163086
ArrayUtilTest : 0.85762215
DatabaseURLTest : 0.787825
HsqlArrayHeapTest : 0.8518469
HsqlPropertiesTest : 0.81031406
