Routine : 0.8380684
StatementSchema : 0.7863612
RoutineSchema : 0.8249899
Database : 0.8347706
ParserDDL : 0.7984024
ParserDQL : 0.8097835
SchemaManager : 0.8014616
StatementCommand : 0.8256735
ParserCommand : 0.813361
StatementTypes : 0.8074038
