TestAcl : 0.82357186
ClientConnectionTest : 0.7995375
TestDbBackup : 0.8290305
