SqltoolRBTest : 0.87034285
DatabaseURLTest : 0.859385
