Constraint : 0.8520948
ExpressionColumn : 0.84743655
SchemaManager : 0.84697855
StatementSchema : 0.83755493
DatabaseInformationFull : 0.8374459
TableWorks : 0.86477673
