Database : 0.73030394
TransactionManager : 0.831232
ParserCommand : 0.7194544
StatementCommand : 0.76007074
ServerConnection : 0.7209398
