Constraint : 0.8520948
DatabaseScript : 0.84400594
DDLParser : 0.83646476
TableWorks : 0.86477673
CompiledStatementExecutor : 0.8573838
SchemaManager : 0.84697855
