TriggerDef : 0.810176
DatabaseInformationFull : 0.81715316
DateTimeType : 0.79519665
JDBCClob : 0.8481383
BooleanType : 0.8108427
SchemaObjectSet : 0.79475915
JDBCDatabaseMetaData : 0.8540285
Schema : 0.8059065
JDBCPreparedStatement : 0.8590782
JDBCStatement : 0.8570982
DINameSpace : 0.8112663
TestJDBCSavepoints : 0.71425456
ParserDDL : 0.8132419
TriggerDefSQL : 0.8073996
DatabaseInformation : 0.8295027
StatementBase : 0.82657015
