View : 0.8494371
Constraint : 0.828391
BaseParser : 0.850014
DatabaseInformationMain : 0.8325425
HsqlNameManager : 0.8307426
