Table : 0.8265255
Trace : 0.8156979
TextTable : 0.8160071
TestTextTable : 0.8094294
jdbcResultSet : 0.8018323
TestCollation : 0.7893584
Session : 0.81796944
CharacterType : 0.81745094
DatabaseScript : 0.80839026
CommandParser : 0.8154169
DatabaseInformationFull : 0.77745926
Parser : 0.8088705
TestBase : 0.75355834
AllTests : 0.7550829
TestTextTables : 0.79732835
