MAction:0.5033333333333333
MApplication:0.44
MMessage:0.43333333333333335
ShutDownListener:0.3272804232804233
NotepadEditor:0.26
WidgetInternalFrame:0.24
SearchBar:0.23333333333333334
NoteWidget:0.21
TodoWidget:0.19333333333333333
TreePanel:0.18333333333333332
QueryMenu:0.16666666666666666
Submenu:0.13
QuitAction:0.09333333333333334
MColorAction:0.05
MDataAction:0.04
FullScreenAction:0.03
ToggleOfflineAction:0.028333333333333332
SettingsAction:0.023333333333333334
ToggleStatusBarAction:0.023333333333333334
PrintAction:0.0033333333333333335
Permission:0.0033333333333333335
AboutAction:0.0033333333333333335
ShutDownEvent:0.0025
ZoomOutAction:0.0
ZoomResetAction:0.0
ZoomInAction:0.0
