InOutUtil:0.33666666666666667
BaseClobTest:0.31666666666666665
JDBCClobClient:0.30333333333333334
ClobInputStream:0.28
JDBCClobFile:0.26666666666666666
JDBCBlobFile:0.24444444444444444
ReaderAdapter:0.22333333333333333
ClobDataID:0.1877222222222222
