ScriptExecutor:0.56
MainWindow:0.5066666666666667
ScriptIDE:0.2833333333333333
ScriptPlugin:0.24666666666666667
