AbstractDeskletContainer:0.32612514
DeskletWidgetContext:0.054743845
