Canvas:0.6933333333333334
VideoComponent:0.42333333333333334
FreeColClient:0.29111111111111115
