Table:0.5633333333333334
Database:0.5383333333333333
DatabaseFile:0.32666666666666666
DatabaseScript:0.3077777777777778
HsqlDatabaseProperties:0.2866666666666667
DatabaseInformationFull:0.17666666666666667
DatabaseScriptReader:0.16194444444444445
