OS:0.5958333333333333
LookAndFeelSettings:0.41
Info:0.2833333333333333
