BufferPrinter1_3:0.045995694
BufferPrinter1_4:0.041899137
Chunk:0.037056062
StatusBar:0.02955428
Buffer:0.02415131
jEdit:0.018552003
GUIUtilities:0.01714234
SoftWrapTokenHandler:0.011140346
Log:0.0059984955
View:0.004846509
SyntaxStyle:0.002904979
WorkRequest:0.0015730205
Token:0.0015048587
