UI:0.7133333333333334
ItemRenderer:0.37333333333333335
MCalendarPanel:0.26666666666666666
TaskModel:0.23222222222222225
AppletTab:0.21333333333333335
MFrame:0.20666666666666667
