UI:0.9
Tabs:0.25666666666666665
AbstractSettings:0.24333333333333335
MTextLabel:0.16333333333333333
