Colony:0.5533333333333333
GoodsType:0.42
GameOptions:0.30333333333333334
