Utilities:0.7433333333333333
PaginationTag:0.32666666666666666
ParserUtil:0.2377777777777778
ManageServlet:0.15333333333333332
MoveServlet:0.14333333333333334
