JEditTextArea:0.49333333333333335
FirstLine:0.48
DisplayManager:0.2633333333333333
ScrollLineCount:0.23166666666666666
BufferChangeHandler:0.22111111111111115
MouseHandler:0.2088888888888889
Anchor:0.05
