MTextField:0.20071587
MPasswordField:0.15053691
MHighlighter:0.07942198
MMessage:0.07249001
MText:0.04962012
