PaletteLookAndFeel:0.05445082
PaletteToolBarBorder:0.039768185
PaletteLazyActionMap:0.010081951
