ImageEditorCore:0.4672222222222222
ImageEditor:0.4266666666666667
ToolManager:0.42333333333333334
