CalcMatchStatistics:0.05678383
StatCount:0.05380398
MatchStatCounts:0.049713735
CalcStandardStatistics:0.047953114
