OptionGroup:0.34002918
AbstractOption:0.32500118
OptionMap:0.29985002
Option:0.06986637
