AbstractOption:0.10758622
OptionGroup:0.08416379
Option:0.03481252
