BooleanOption:0.49894172
IntegerOption:0.49093264
RangeOption:0.45136935
FileOption:0.4075317
AbstractOption:0.4017772
SelectOption:0.39450866
OptionMap:0.32539168
LanguageOption:0.28161195
Option:0.16043565
