OptionGroup:0.3349704
AbstractOption:0.29484257
OptionMap:0.2852661
Option:0.08024308
