Routine:0.67
ParserRoutine:0.3311111111111111
ParserDDL:0.30333333333333334
SessionContext:0.2633333333333333
