MiscUtilities:0.6633333333333333
JEditTextArea:0.43666666666666665
FileVFS:0.2544444444444445
SearchAndReplace:0.24
VFSBrowser:0.23666666666666666
