ToolButton:0.07495822
Tool:0.056075837
ToolPanel:0.04428307
