GUIUtilities:0.37538707
RecentFilesMenu:0.07900458
MacrosMenu:0.06721221
RecentDirectoriesMenu:0.06420193
MarkersMenu:0.052757446
OperatingSystem:0.045754272
OpenWithEncodingMenu:0.04476107
CurrentDirectoryMenu:0.039516468
jEdit:0.03729148
