GUIUtilities:0.051894486
Buffer:0.044046476
Marker:0.03603859
JEditTextArea:0.025644636
jEdit:0.020023745
EnhancedMenu:0.016354764
View:0.014366271
