SVGInputFormat:0.5566666666666666
LinearGradient:0.3983333333333333
AttributeKeys:0.24333333333333335
