FileCellRenderer:0.13190871
VFSBrowser:0.11609576
VFS:0.051619556
FavoritesVFS:0.049877174
FileRootsVFS:0.04896294
VFSFileChooserDialog:0.043680396
View:0.043225743
jEdit:0.03171182
MiscUtilities:0.028128669
Buffer:0.026149614
GUIUtilities:0.025860326
BrowserCommandsMenu:0.024806395
