ManageMissionariesGoal:0.31791258
GotoAdjacentGoal:0.26250806
Goal:0.22962281
