ManageMissionariesGoal:0.22816528
CreateMissionAtSettlementGoal:0.22215842
GotoAdjacentGoal:0.14613046
GoalConstants:0.008647672
