CreateMissionAtSettlementGoal:0.59113455
Goal:0.30317292
