CreateMissionAtSettlementGoal:0.5907443
Goal:0.3666951
GoalConstants:0.0022569564
