MediaWikiConstants:0.5972936507936508
MediaWikiXmlImporter:0.4266666666666667
MigrationUtilTest:0.33666666666666667
MediaWikiXmlExporter:0.31666666666666665
