MainWindowUI:0.1488892
MainWindowMenu:0.14441667
MainWindow:0.1411802
ProjectUICommands:0.12763362
