Player:0.7466666666666667
SchoolTest:0.3622222222222222
InGameController:0.27
