DatabaseManager:0.6616666666666666
DatabaseManagerSwing:0.5183333333333333
