BooleanProperty:0.57
Tester:0.5466666666666666
TestBooleanProperty:0.31366666666666665
