WindowedFrame:0.25370324
Canvas:0.027034104
