CategoryList:0.18982306
CategoryManager:0.1635077
CategoryAction:0.030221654
Category:0.004889071
