ProxyModel:0.52
ProxyManager:0.36333333333333334
GeneralSettings:0.25
ProxyPanel:0.24
Table:0.05333333333333334
