MList:0.4766666666666667
Task:0.46
ChartModel:0.27444444444444444
MFormat:0.27
MProgressIcon:0.26666666666666666
TodoEditorCore:0.25333333333333335
StaticHandler:0.15333333333333332
