MainWindow:0.49333333333333335
PropertiesBar:0.43333333333333335
MToolBar:0.31333333333333335
EditorQuickFind:0.26
