VFSBrowser:0.8966666666666666
VFSDirectoryEntryTable:0.24333333333333335
VFSFileNameField:0.18666666666666668
ParentDirectoryList:0.16333333333333333
