MIcon:0.51
ImageEditorCore:0.4
ImageEditor:0.3566666666666667
GHNSDialog:0.2122222222222222
MThrobber:0.18666666666666668
ColorizeFilter:0.13
FlipAction:0.12333333333333334
ColorPanel:0.09166666666666666
FlipFilter:0.08
AbstractBufferedImageOp:0.006666666666666667
