Tree:0.64
SessionManager:0.33666666666666667
MainWindow:0.31833333333333336
FeedsFS:0.3
