StatementTypes:0.61
Statement:0.4666666666666667
StatementHandler:0.2866666666666667
TransactionManager2PL:0.23666666666666666
StatementDMQL:0.23333333333333334
ParserCommand:0.23
ParserDDL:0.22666666666666666
StatementSimple:0.20666666666666667
ParserRoutine:0.20666666666666667
StatementCommand:0.2
StatementSchema:0.15666666666666668
StatementSession:0.11666666666666667
