AnsiDataHandler:0.5333333333333333
Utilities:0.52
WikiBase:0.4866666666666667
Environment:0.4033333333333333
WikiDatabase:0.21333333333333335
UpgradeServlet:0.14
PersistencyServlet:0.12
HSqlQueryHandler:0.03
DB2DataHandler:0.0025
MSSqlDataHandler:0.0025
HSqlDataHandler:0.0025
DB2400DataHandler:0.0025
MySqlDataHandler:0.0025
OracleDataHandler:0.0025
PostgresDataHandler:0.0025
