Tester:0.6666666666666666
PIMData:0.2733333333333333
TestVCalendar:0.25333333333333335
VCalendar:0.23
DebugOutputStream:0.21
FoldedWriter:0.14
TestICalendar:0.13666666666666666
