AutoCompletion:0.6533333333333333
TagsEditor:0.26
MLoginPanel:0.21666666666666667
ConsoleCommandLine:0.19
CompletionWindow:0.18666666666666668
NewFileDialog:0.13333333333333333
