FreeCol:0.49666666666666665
FreeColDialog:0.49222222222222217
DefaultCostDecider:0.22666666666666666
