MTimer:0.53
MCalendarPanel:0.5166666666666667
TrashFS:0.29333333333333333
SummaryData:0.24
