Messages:0.5433333333333333
Mods:0.3977777777777778
ListOption:0.39666666666666667
