Colony:0.35709637
Building:0.26743072
Unit:0.22572778
Tile:0.21117596
Goods:0.19185548
Settlement:0.14070754
Player:0.13161145
WorkLocation:0.12981844
Location:0.10760263
GoodsContainer:0.10449973
FreeColGameObject:0.096823126
Game:0.08332277
Locatable:0.043010123
Ownable:0.03665523
