WikiPanel:0.52
MainWindow:0.42
WikiTab:0.3233333333333333
WebBrowserTab:0.2866666666666667
