Database:0.48
LobManager:0.37666666666666665
Scanner:0.3333333333333333
TestLobs:0.27
