Unit:0.7033333333333334
ColonyPanel:0.33
InGameController:0.2633333333333333
