Limit:0.5277777777777777
Colony:0.47333333333333333
UnitType:0.4633333333333333
BuildingType:0.2928888888888889
BuildableType:0.23333333333333334
BuildQueuePanel:0.22
LimitTest:0.14333333333333334
