AIMessage:0.49333333333333335
AIColony:0.38
AIUnit:0.3566666666666667
AIInGameInputHandler:0.22666666666666666
AIPlayer:0.22333333333333333
ColonialAIPlayer:0.22
EuropeanAIPlayer:0.2
StandardAIPlayer:0.19
REFAIPlayer:0.15
