InGameController:0.6775
WorkMessage:0.5066666666666667
InGameInputHandler:0.4033333333333333
