ActionManager:0.40780735
FreeColAction:0.14240412
