ReportLabourPanel:0.26823345
ReportPanel:0.16474487
