MLogger:0.69
Tabs:0.27666666666666667
InternetSearch:0.23333333333333334
Gettext:0.19111111111111112
