MDataOutputStream:0.6922222222222223
MDataInputStream:0.46777777777777774
TestDataType:0.3466666666666667
TestMDataOutputStream:0.21
