PluginJAR:0.49
PluginManager:0.31
RemoveButton:0.2833333333333333
ManagePanel:0.24
HelpButton:0.18666666666666668
PluginTableModel:0.17
InstallPanel:0.14666666666666667
MyFocusManager:0.08666666666666667
TableFocusHandler:0.04070707070707071
KeyboardAction:0.016666666666666666
