DataFileCache:0.47
Logger:0.4066666666666667
TextCache:0.23333333333333334
StatementCommand:0.2227777777777778
DataFileDefrag:0.19527777777777777
DoubleIntIndex:0.14333333333333334
DataFileCacheSession:0.13666666666666666
