Config:0.6277777777777778
MetaInfo:0.37666666666666665
MTable:0.3233333333333333
