Console:0.32041836
ConsolePlugin:0.07227087
