SortComparator:0.1603997
SearchBar:0.07520895
SortMethod:0.054073792
Hit:0.04724889
