PluginOptions:0.6933333333333334
PluginSettings:0.35
AbstractSettingsPage:0.30666666666666664
GeneralSettings:0.26222222222222225
ScriptPlugin:0.23666666666666666
PluginSettingsPage:0.19666666666666666
AbstractSettings:0.19333333333333333
TabComponent:0.14666666666666667
AppSettings:0.04
