RowActionBase:0.5913888888888889
RowAction:0.49666666666666665
ParserDDL:0.3566666666666667
TransactionManagerCommon:0.23666666666666666
TransactionManagerMVCC:0.17916666666666667
TransactionManagerMV2PL:0.17916666666666667
