DrawingEditor:0.6730555555555556
PaletteToolBarUI:0.41333333333333333
ButtonFactory:0.31
DefaultDrawingEditor:0.29333333333333333
SelectionComponentRepainter:0.20333333333333334
