FreeColClient:0.36666666666666664
ClientOptions:0.31
OptionGroup:0.26666666666666666
ActionManager:0.234
ConnectController:0.2275
UnloadAction:0.2
ListOption:0.16666666666666666
