PluginInfo:0.5233333333333333
AbstractPlugin:0.3433333333333333
PluginManager:0.3
ScriptPlugin:0.22527777777777777
AppletWidget:0.2
LookAndFeelPlugin:0.2
