MComboBox:0.5666666666666667
MList:0.45666666666666667
FilterItem:0.2633333333333333
ResizeDialog:0.22555555555555556
Filters:0.22192857142857142
BackupDialog:0.21472222222222223
