MFormat:0.59
Benchmark:0.43
Armor:0.3522222222222222
AbstractTest:0.31
Microbenchmark:0.2519444444444444
ElapsedTimer:0.18
