Unit:0.7
ImageLibrary:0.5266666666666666
RecruitDialog:0.20666666666666667
TrainDialog:0.18333333333333332
ReportPanel:0.16
PurchaseDialog:0.12666666666666668
