UI:0.6033333333333334
MSettingsDialog:0.26
MMenu:0.2581111111111111
MFrame:0.2488888888888889
PluginSettings:0.24666666666666667
MDialog:0.23
MWindow:0.21333333333333335
MComboBox:0.21222222222222223
AppSettings:0.13888888888888887
