IEditor:0.07850491
EditorTextArea3:0.07337907
SegmentBuilder:0.05182607
MarkerController:0.046891104
EditorPopups:0.03150817
EditorUtils:0.024277752
SegmentExportImport:0.023963911
Document3:0.023580318
AlphabeticalMarkers:0.021140313
DocumentFilter3:0.01868464
EditorSettings:0.016386215
TranslationUndoManager:0.015214401
IEditorFilter:0.012915412
IPopupMenuConstructor:0.0064342557
SegmentHistory:0.006089871
ViewLabel:0.0045686867
