MDate:0.23350297
Config:0.12137825
Property:0.066864274
