SummaryData:0.72
Reminder:0.39666666666666667
SummaryPanel:0.21333333333333335
