Preview:0.5619999999999999
IconLoader:0.4427777777777778
MIcon:0.37
AbstractPreview:0.36
DefaultPreview:0.29333333333333333
FeedViewer:0.23333333333333334
FeedComponent:0.23
DefaultIconLoader:0.22666666666666666
PropertiesPanel:0.19976190476190478
MMultiPanel:0.19666666666666666
AddRemovePanel:0.15333333333333332
LinkEditorPlugin:0.13
MColorButton:0.12333333333333334
AbstractItem:0.12
TodoEditorPlugin:0.11
LinkButton:0.09
