DataHandler:0.11149736
Environment:0.03879892
SearchEngine:0.032904204
DataAccessException:0.0071432553
WikiException:0.0036604134
