MTip:0.6466666666666666
Desktop:0.33666666666666667
DesktopPanel:0.30666666666666664
PluginSettings:0.27666666666666667
LookAndFeelSettings:0.20666666666666667
