WebBrowser:0.663388888888889
Browser:0.35333333333333333
MWebBrowser:0.31
FeedViewer:0.3
MTextPane:0.23
StopAction:0.22650793650793655
BackAction:0.22650793650793655
