FeedsFS:0.5233333333333333
XMLHandler:0.4066666666666667
MWizard:0.31333333333333335
