Unit:0.6666666666666666
CombatModel:0.6508333333333334
SimpleCombatModel:0.33666666666666667
InGameController:0.27
CombatTest:0.23666666666666666
InGameInputHandler:0.17666666666666667
TransportMissionTest:0.1
