AbstractFigure:0.15163477
AttributeKeys:0.07567399
Figure:0.068240665
ConnectionFigure:0.026579835
AbstractAttributedFigure:0.0
