Unit:0.5733333333333334
WorkLocation:0.567
UnitTest:0.13666666666666666
