AbstractChannel:0.030033812
Feed:0.022605535
