HelpViewer:0.6533333333333333
jEdit:0.65
HelpViewerFactory:0.6433333333333333
HelpSearchPanel:0.18333333333333332
HelpButton:0.18
HelpViewerComponent:0.12666666666666668
HelpViewerFrame:0.09333333333333334
