Cache:0.5966666666666667
LinearGradientPainter:0.2966666666666667
RoundedBackgroundPainter:0.29333333333333333
View:0.22333333333333333
