ExpressionLike:0.4934993
ExpressionOp:0.42630583
Expression:0.400065
FunctionSQL:0.3465684
FunctionCustom:0.27649876
ParserBase:0.09035794
ParserRoutine:0.063469194
ParserDQL:0.05630554
SchemaObject:0.048805498
ParserCommand:0.038478475
Session:0.034075174
OpTypes:0.026277691
Tokens:0.0
