Expression:0.5394867
ExpressionLogical:0.44179195
RangeVariable:0.42491323
QuerySpecification:0.3520997
ExpressionArrayAggregate:0.32497048
ExpressionAggregate:0.30656806
FunctionSQLInvoked:0.30270353
RangeVariableJoined:0.24178322
ParserDML:0.16655327
SortAndSlice:0.15075697
ParserDQL:0.14554492
Table:0.13557215
Token:0.12756373
StatementDMQL:0.11650031
QueryExpression:0.115427904
ParserDDL:0.10843521
FunctionCustom:0.08924364
SessionContext:0.087445565
ColumnSchema:0.08065823
OpTypes:0.07615778
NumberSequence:0.05468568
SchemaManager:0.053639635
Statement:0.051215183
HsqlNameManager:0.047408823
Session:0.028827656
Database:0.026446614
SchemaObject:0.020870414
ColumnBase:0.019194212
ParserCommand:0.016741283
SessionData:0.011399924
Tokens:0.0
