JDBCResultSet:0.53652036
JDBCDatabaseMetaData:0.4520505
JDBCPreparedStatement:0.3968924
JDBCStatement:0.3423604
JDBCConnection:0.31510934
JDBCColumnMetaData:0.1997916
Util:0.12285895
