Unit:0.8766666666666667
GUI:0.38
AIPlayer:0.31333333333333335
DefendSettlementMission:0.2833333333333333
FortifyAction:0.19
