Canvas:0.5433333333333333
ClientOptions:0.4216666666666667
FreeColClient:0.33666666666666667
