Colony:0.5333333333333333
BuildQueue:0.43
ServerColony:0.3433333333333333
ColonyProductionTest:0.19
