AutoCompletion:0.43666666666666665
HistoryCommand:0.43333333333333335
InternetSearchPanel:0.38666666666666666
