TestSql:0.35333333333333333
TestStoredProcedure:0.27666666666666667
TestDateTime:0.24333333333333335
TestJDBCSavepoints:0.22188888888888889
TestUpdatableResultSets:0.20666666666666667
TestTypeConversion:0.20333333333333334
TestBug808460:0.18566666666666665
TestBug785429:0.1811111111111111
TestHTTPKeepAlive:0.17444444444444446
TestCollation:0.16916666666666666
