Player:0.6733333333333333
NationSummary:0.42333333333333334
InGameController:0.38
Canvas:0.31
NegotiationDialog:0.292
ServerUnit:0.22222222222222224
GetNationSummaryMessage:0.19666666666666666
ReportForeignAffairPanel:0.10333333333333333
InGameInputHandler:0.06333333333333334
