QueryHandler:0.6616666666666666
DatabaseHandler:0.5133333333333333
DefaultQueryHandler:0.3933333333333333
