MApplication:0.72
MMainWindow:0.37666666666666665
Context:0.29333333333333333
MainWindow:0.24
PluginSettings:0.22
SwingWebBrowser:0.21
ImportExport:0.20333333333333334
InternetSearchPlugin:0.20333333333333334
MLinkButton:0.19
TreePanel:0.15
MLinkAction:0.14333333333333334
ArticleList:0.13666666666666666
DefaultHelpSystem:0.08333333333333333
StaticHandler:0.08333333333333333
AddToAction:0.08333333333333333
