MainWindow:0.43666666666666665
SearchWindow:0.39666666666666667
TagValidationFrame:0.30866666666666664
