StringUtil:0.6633333333333333
SearchWindowController:0.37666666666666665
Preferences:0.32133333333333336
Searcher:0.31666666666666665
SearchWindowForm:0.31
StringUtilTest:0.21
SearchExpression:0.016666666666666666
