GUI:0.06100701
Canvas:0.04482666
