JEditTextArea:0.6166666666666667
MultiSelectStatusChanged:0.53
View:0.2866666666666667
BrowserView:0.2833333333333333
