AbstractFS:0.6333333333333333
FSHelper:0.4066666666666667
TreeFS:0.37333333333333335
