GUI:0.7
ClientOptions:0.42333333333333334
FreeColClient:0.37666666666666665
MapControlsAction:0.24
DisplayTileNamesAction:0.19333333333333333
DisplayTileOwnersAction:0.19333333333333333
DisplayRegionAction:0.19333333333333333
