Token:0.98069006
TriggerDef:0.83261865
ColumnSchema:0.7258096
SchemaObject:0.6310517
ExpressionColumn:0.5483668
HsqlNameManager:0.5413591
RoutineSchema:0.537124
NumberSequence:0.5288032
QueryExpression:0.45941895
TriggerDefSQL:0.30195746
ConstraintCore:0.2538138
ExpressionLogical:0.23590043
RangeVariable:0.22655171
TableUtil:0.21004303
SqlInvariants:0.12886411
ColumnBase:0.07339788
HsqlException:0.03319896
OpTypes:0.026585437
RangeGroup:0.02547245
ParserDQL:0.0
SessionManager:0.0
Database:0.0
ParserCommand:0.0
Expression:0.0
ParserBase:0.0
TableBase:0.0
Table:0.0
SchemaManager:0.0
StatementTypes:0.0
Routine:0.0
View:0.0
Constraint:0.0
TextTable:0.0
Statement:0.0
StatementSchema:0.0
TableWorks:0.0
Scanner:0.0
StatementCompound:0.0
Tokens:0.0
StatementSchemaDefinition:0.0
StatementCommand:0.0
Session:0.0
StatementSession:0.0
ParserRoutine:0.0
StatementQuery:0.0
