Session:0.11527852
Database:0.05691693
StatementDML:0.04841807
TableBase:0.047930416
Table:0.0472829
StatementCommand:0.04586743
QuerySpecification:0.029933993
StatementSchema:0.026017593
StatementProcedure:0.02311292
FunctionSQL:0.021953335
SchemaManager:0.020588309
Constraint:0.02051665
TransactionManagerCommon:0.017993646
NumberSequence:0.017967768
HsqlException:0.017724872
ExpressionColumn:0.012021714
