TodoEditorCore:0.6355555555555555
Task:0.42
DateTimeRenderer:0.23955555555555558
