WebService:0.47
PBEInfo:0.46
EditorCrypto:0.2733333333333333
EditorPassword:0.26
MasterKey:0.22416666666666665
