ProjectProperties:0.6
Rule:0.43
SegmenterTest:0.30333333333333334
Segmenter:0.22333333333333333
