PropertyPanel:0.5133333333333333
MMessage:0.49333333333333335
ValidatorMessage:0.2617777777777778
StaticFocusHandler:0.20333333333333334
TabDropTarget:0.17
FixScrollRectToVisible:0.17
