TestTextTable:0.077248685
TestBug808460:0.07618483
TestBatchExecution:0.07564254
TestViewAsterisks:0.07554483
TestStoredProcedure:0.07119147
TestBug778213:0.060837273
TestINPredicateParameterizationAndCorrelation:0.056769427
TestCollation:0.053917833
TestTextTables:0.050585933
TestBug785429:0.04902843
TestSql:0.04897011
TestLikePredicateOptimizations:0.044497102
TestDatabaseMetaData:0.03780764
TestScript:0.027345585
TestDateTime:0.02146894
