MNotification:0.6866666666666666
Message:0.41333333333333333
MComponent:0.34
Renderer:0.21444444444444447
