Colony:0.5966666666666667
GoodsContainer:0.37333333333333335
PlayerExploredTile:0.3544444444444444
