MainWindow:0.4866666666666667
View:0.40888888888888886
SampleModel:0.20111111111111113
StatsDialog:0.17
StatsPlugin:0.12666666666666668
