OptionGroupUI:0.3035292
OptionMapUI:0.22279258
OptionUpdater:0.061216604
