OptionGroupUI:0.24390642
OptionUpdater:0.006171458
