OptionGroupUI:0.26363984
OptionMapUI:0.20275342
OptionUpdater:0.056964215
