OptionGroupUI:0.26495782
OptionMapUI:0.20548032
OptionUpdater:0.050521977
