Namespace:0.24924411
TopicType:0.21745512
LogItem:0.1596687
RecentChange:0.15200758
TopicVersion:0.11599865
