Specification:0.115816705
Player:0.10614217
Colony:0.08345596
Building:0.046323348
Region:0.03833242
BuildQueue:0.022137672
