MCalendarPanel:0.8033333333333333
AbstractTest:0.37
DateTimeDialog:0.31666666666666665
Input:0.2833333333333333
