Session:0.6066666666666667
Log:0.32
Logger:0.32
TextTable:0.28444444444444444
RowStoreAVLDiskData:0.27777777777777773
StatementProcedure:0.26
TestStoredProcedure:0.25
ParserCommand:0.24
ParserDDL:0.23666666666666666
