UI:0.1025448
MScrollPane:0.04962502
TK:0.01813391
Property:0.0016595547
