EuropeanAIPlayer:0.5016666666666667
NativeAIPlayer:0.4633333333333333
AIPlayer:0.32
