Log:0.5216666666666666
Logger:0.49
ScriptReaderDecode:0.20333333333333334
ScriptWriterText:0.20333333333333334
ScriptWriterBase:0.19333333333333333
ScriptWriterEncode:0.14
ScriptReaderText:0.11777777777777779
ScriptRunner:0.09333333333333334
