Unit:0.78
Europe:0.49666666666666665
TransportMission:0.30666666666666664
PrivateerMission:0.22111111111111115
DragListener:0.21
