ValuePoolHashMap:0.07286013
BaseHashMap:0.007477219
