HyperSearchResult:0.47333333333333333
HyperSearchResults:0.37666666666666665
HyperSearchNode:0.355
HyperSearchFileNode:0.2833333333333333
