ProjectUICommands:0.5166666666666667
MainWindow:0.44333333333333336
MainWindowMenuHandler:0.43888888888888894
