Core:0.5833333333333334
PluginUtils:0.5066666666666667
Main:0.4066666666666667
