TodoEditor:0.49666666666666665
SelectAllAction:0.24476190476190476
UnselectAll:0.16
SelectAll:0.16
UnselectAllAction:0.09083333333333334
