Type:0.24756595
NumberType:0.15596847
CharacterType:0.15013672
OtherType:0.13877435
BinaryType:0.13756792
DateTimeType:0.12601945
IntervalType:0.12425441
NullType:0.10120364
BitType:0.09569739
BooleanType:0.094577186
DTIType:0.08474017
ArrayType:0.08070506
RowType:0.07978686
ClobType:0.07972204
BlobType:0.07258456
IntervalMonthData:0.050339833
