Unit:0.7133333333333334
Map:0.56
WishRealizationMission:0.22333333333333333
BuildColonyMission:0.20333333333333334
IndianDemandMission:0.2
ServerPlayer:0.2
IndianBringGiftMission:0.19333333333333333
TransportMission:0.18666666666666668
PioneeringMission:0.17
UnitSeekAndDestroyMission:0.16666666666666666
DefendSettlementMission:0.16666666666666666
ScoutingMission:0.16333333333333333
CashInTreasureTrainMission:0.16
UnitWanderHostileMission:0.11666666666666667
UnitWanderMission:0.11666666666666667
