StaticUtils:0.08931837
TMXReader:0.07510443
WikiGet:0.058671
Log:0.043272574
