SqlFile:0.8133333333333334
SqltoolRB:0.43333333333333335
