SearchBar:0.16932292
Buffer:0.14728215
jEdit:0.14534827
BeanShell:0.14379299
RESearchMatcher:0.12660001
SearchDialog:0.12071951
JEditTextArea:0.11992549
SearchFileSet:0.11817218
View:0.11535057
CurrentBufferSet:0.11380359
HyperSearchRequest:0.110366136
BoyerMooreSearchMatcher:0.10452394
Macros:0.07732274
GUIUtilities:0.072657555
SearchSettingsChanged:0.05134952
SearchMatcher:0.050664276
HyperSearchResults:0.046582475
StatusBar:0.045321677
Selection:0.043440204
Log:0.042876225
DockableWindowManager:0.042204276
MiscUtilities:0.040707245
VFSManager:0.03932532
BrowserPopupMenu:0.023262525
EditBus:0.020797051
