UI:0.6266666666666667
MRenderer:0.31666666666666665
Widget:0.31333333333333335
OptimizedLabel:0.26666666666666666
OptimizedPanel:0.25
