WidgetInternalFrame:0.6866666666666666
StaticHandler:0.35333333333333333
