Factory:0.15916994
FormPanel:0.054198768
