Database:0.5433333333333333
HsqlProperties:0.36666666666666664
Session:0.36666666666666664
DatabaseManager:0.3466666666666667
Trace:0.3333333333333333
Server:0.2816666666666667
jdbcConnection:0.20666666666666667
JDBCBench:0.19666666666666666
ServerConnection:0.16777777777777778
Servlet:0.16666666666666666
WebServerConnection:0.14333333333333334
BatchExecutionTest:0.14333333333333334
