Canvas:0.5133333333333333
TilePopup:0.24333333333333335
StartGamePanel:0.23333333333333334
FreeColLookAndFeel:0.15
FreeColListUI:0.13333333333333333
FreeColComboBoxUI:0.11666666666666667
FreeColTableHeaderUI:0.08333333333333333
FreeColButtonUI:0.08
FreeColTableUI:0.06666666666666667
FreeColLabelUI:0.04666666666666667
FreeColScrollPaneUI:0.04666666666666667
FreeColComboBoxRenderer:0.016666666666666666
