MainWindow:0.6666666666666666
MMainWindow:0.38666666666666666
TodoEditor:0.25666666666666665
DesktopToolBar:0.22333333333333333
MTextPane:0.21666666666666667
MTextFieldPanel:0.21
ScriptPlugin:0.19
MAbout:0.18333333333333332
SearchBar:0.17666666666666667
InternetSearchPlugin:0.11333333333333333
