NotepadEditor:0.52
ImportExport:0.4766666666666667
LinkEditor:0.4166666666666667
ImportMenu:0.3811111111111111
NotepadEditorCore:0.22444444444444447
LinkEditorPlugin:0.15666666666666668
NotepadEditorPlugin:0.13333333333333333
