TabIcon:0.16460559
Tabs:0.15802115
