TabComponent:0.11894476
Tabs:0.032772884
