Unit:0.41333333333333333
Tile:0.41
TradeRoute:0.305
TileImprovement:0.3006666666666667
PlayerExploredTile:0.2377777777777778
TileItemContainer:0.23333333333333334
