Config:0.43333333333333335
Permission:0.355
IO:0.35
MClipboard:0.2966666666666667
Mods:0.13
