StaticUtils:0.075789094
OStrings:0.07080037
TMXReader:0.056733526
Preferences:0.043227665
