JEditTextArea:0.42
View:0.37666666666666665
UndoManager:0.2633333333333333
BufferIORequest:0.22333333333333333
MouseHandler:0.14
