MDialog:0.6566666666666666
Info:0.2916666666666667
Factory:0.26666666666666666
MAuthenticator:0.2111111111111111
