MDate:0.1832881
MCalendarPanel:0.1510415
MText:0.07668842
AbstractSpinner:0.053328812
MActionInfo:0.036673784
MMenu:0.021175893
MAction:0.014614869
MDateSpinnerBeanInfo:0.0064027193
MColor:0.0022349453
