Property:0.8366666666666667
Desktop:0.4597777777777778
WidgetDesktopPaneUI:0.3233333333333333
