MainWindow:0.7833333333333333
TodoEditorCore:0.5983333333333333
UpdateDialog:0.20666666666666667
