Player:0.7333333333333333
NegotiationDialog:0.33
FoundingFather:0.31333333333333335
AIPlayer:0.23
