FreeColDialog:0.5466666666666666
StartGamePanel:0.36666666666666664
FreeColPanel:0.33
TilePanel:0.2733333333333333
ChatPanel:0.2733333333333333
