VFSBrowser:0.7533333333333333
ActionHandler:0.36333333333333334
VFSFileChooserDialog:0.30666666666666664
