StaticUtils:0.4766666666666667
CommandThread:0.4
Token:0.28
TMXReader:0.2633333333333333
StringEntry:0.22
GlossaryManager:0.17833333333333334
