Category:0.7666666666666667
CategoryPropertiesPanel:0.4066666666666667
CategoryManager:0.36333333333333334
CategoryListEditor:0.22333333333333333
