TextEditor:0.56
AbstractTextEditor:0.48
TextEditorDesigner:0.4166666666666667
CharacterAction:0.19444444444444445
