MMessage:0.6966666666666667
PropertiesPanel:0.33
IconTheme:0.3
MAuthenticator:0.1877777777777778
