MetaInfo:0.6466666666666666
Index:0.28
Preview:0.2661111111111111
FeedsFS:0.24583333333333332
SearchFS:0.21555555555555553
SearchBar:0.20444444444444446
Tabs:0.1675
