FilterMaster:0.6466666666666666
ResourceBundleFilter:0.39666666666666667
AbstractFilter:0.37920634920634927
Language:0.33
