View:0.5188888888888888
DockableWindowManager:0.4766666666666667
DockableLayout:0.36
DockingOptionPane:0.3333333333333333
ActionHandler:0.03388888888888889
