LookAndFeelSettings:0.098221496
PluginException:0.02854327
AbstractPlugin:0.021101445
PluginManager:0.02102343
PluginInfo:0.007913486
