Buffer:0.58
JEditTextArea:0.39
Word:0.3566666666666667
ChunkCache:0.31833333333333336
OffsetManager:0.27777777777777773
HelpIndex:0.13
