MainWindow:0.5577777777777778
HistoryAction:0.38666666666666666
