Modifier:0.7033333333333334
Ability:0.43833333333333335
Feature:0.4033333333333333
