PluginDownloader:0.5033333333333333
LookAndFeelSettings:0.4066666666666667
ChartDialog:0.39666666666666667
AppSettings:0.18333333333333332
