jEdit:0.7066666666666667
DockableWindowManager:0.43333333333333335
