Player:0.66
Market:0.31
Colony:0.28
MarketLabel:0.2538888888888889
GoodsLabel:0.23733333333333334
MarketPanel:0.17111111111111113
CargoPanel:0.16111111111111112
