MNotification:0.5433333333333333
Archive:0.5333333333333333
MAbout:0.375
FeedThread:0.29
DateTimeEditor:0.19111111111111112
