SearchBar:0.14413776
VFSBrowser:0.12911656
SearchAndReplace:0.10494609
View:0.075879276
jEdit:0.07478882
Buffer:0.07474447
HistoryTextField:0.07152681
GUIUtilities:0.043731462
AllBufferSet:0.040060632
MiscUtilities:0.03639785
SearchSettingsChanged:0.022681093
DirectoryListSet:0.0216463
FileVFS:0.016849728
EditBus:0.015809128
ViewUpdate:0.011979377
EBMessage:0.01064851
VariableGridLayout:0.010051372
CurrentBufferSet:0.008599418
OperatingSystem:0.0085918885
SearchFileSet:0.008136729
EBComponent:0.008067745
EnhancedDialog:0.004257715
