FreeCol:0.8733333333333333
ClientPseudoRandom:0.2985714285714286
ServerPseudoRandom:0.23
