LogViewer:0.49
LogViewerPlugin:0.26822222222222225
LogViewerAttributes:0.25
Open:0.21333333333333335
DefaultSystemInterface:0.20444444444444446
FileFollowingPane:0.18666666666666668
CfgPanel:0.01
