MainWindow:0.1487706
ProjectUICommands:0.117451034
MainWindowMenu:0.10945386
MainWindowUI:0.09197554
