Topic:0.9733333333333334
UploadServlet:0.42
TranslationServlet:0.17666666666666667
