Connection:0.74
InGameInputHandler:0.3566666666666667
FreeColServer:0.24416666666666667
NoRouteToServerException:0.24333333333333335
ConnectController:0.20666666666666667
NetworkHandler:0.17333333333333334
PreGameInputHandler:0.16444444444444445
UserConnectionHandler:0.15333333333333332
PreGameController:0.14777777777777779
MetaRegister:0.13333333333333333
