SearchAndReplace:0.6233333333333333
XSearchPanel:0.5933333333333334
