ImageLibrary:0.11793627
Canvas:0.107417144
CanvasMapEditorMouseListener:0.062130794
TilePopup:0.051380474
CanvasMouseMotionListener:0.046693627
CanvasMouseListener:0.026730761
ViewMode:0.019095538
TerrainCursor:0.016979892
OutForAnimationCallback:0.010095218
GUIMessage:0.0057511344
