ColonyPanel:0.3057331
EuropePanel:0.26726383
DefaultTransferHandler:0.23850088
DragListener:0.17555088
UnitLabel:0.08962745
GoodsLabel:0.049667314
MarketLabel:0.031107021
FreeColPanel:0.01991681
