DefaultTransferHandler:0.1594201
CargoPanel:0.15526687
DragListener:0.107768245
UnitLabel:0.09248436
TrainDialog:0.058301743
FreeColPanel:0.033932805
ColorCellEditor:0.025928589
GoodsLabel:0.021453796
MarketLabel:0.018972103
DropListener:0.006438338
