ColonyPanel:0.1906206
ColopediaPanel:0.14348403
FreeColDialog:0.14306132
MonarchPanel:0.14265843
AboutPanel:0.10587095
VictoryPanel:0.089165956
ChooseFoundingFatherDialog:0.085340254
InfoPanel:0.07969032
DumpCargoDialog:0.07718895
ClientOptionsDialog:0.06994026
EuropePanel:0.06713138
EventPanel:0.06661803
EmigrationPanel:0.065759376
ReportTurnPanel:0.06467777
MainPanel:0.064566754
RecruitDialog:0.06398157
TradeRouteInputDialog:0.062182326
NegotiationDialog:0.060499754
TilePanel:0.060219213
StartGamePanel:0.059861403
SelectAmountDialog:0.05892986
ReportLabourPanel:0.0583909
StatisticsPanel:0.056830976
TrainDialog:0.0545589
ReportPanel:0.052491624
LoadingSavegameDialog:0.05087774
StatusPanel:0.050455976
MapGeneratorOptionsDialog:0.049172267
ReportTradePanel:0.048561838
ColorCellEditor:0.046111602
ReportProductionPanel:0.045746494
DefaultTransferHandler:0.043971397
NewPanel:0.043443583
MapEditorTransformPanel:0.042498507
ReportColonyPanel:0.041133597
ServerListPanel:0.037342615
GameOptionsDialog:0.033648223
WarehouseDialog:0.03255202
TradeRouteDialog:0.032060925
ReportUnitPanel:0.03164981
ChatPanel:0.031395275
QuitDialog:0.0308844
CaptureGoodsDialog:0.02691288
ReportRequirementsPanel:0.0222778
CargoPanel:0.018929519
DragListener:0.016833512
FreeColImageBorder:0.010041656
