Tokens:0.6966666666666667
Log:0.44666666666666655
Database:0.35333333333333333
Logger:0.32666666666666666
ParserDQL:0.29
ScaledRAFileNIO:0.27666666666666667
ParserCommand:0.20666666666666667
DataFileDefrag:0.2
StatementCommand:0.2
DataFileCache:0.18666666666666668
StatementTypes:0.16666666666666666
DataFileCacheSession:0.10666666666666667
