IEditor:0.4220674603174603
MainWindow:0.36
MainWindowMenu:0.2633333333333333
MainWindowMenuHandler:0.2633333333333333
EditorController:0.25666666666666665
EditorSpellChecking:0.23333333333333334
EditorTextArea:0.20333333333333334
ChangeUserDictionary:0.19777777777777777
EditorSettings:0.14333333333333334
