MComboBox:0.7588888888888888
PriorityEditor:0.35
CompleteEditor:0.29333333333333333
