Tabs:0.44
ImageEditor:0.3466666666666667
Button:0.33
Sidebar:0.31642857142857145
Todo:0.27666666666666667
TodoEditor:0.18333333333333332
ScriptYourself:0.18
StaticCoreHandler:0.11666666666666667
