Task:0.53
RepeatRule:0.38666666666666666
MRegexPanel:0.36
BookmarksMenu:0.16277777777777777
Builder:0.15666666666666668
ToggleAction:0.11666666666666667
ShowAction:0.09666666666666666
