PrintInfo:0.36684597
AbstractPrintInfo:0.13781753
