TodoEditorCore:0.4266666666666667
AbstractItem:0.4033333333333333
FeedViewer:0.31666666666666665
PrintDialog:0.2833333333333333
PluginRenderer:0.21
MAuthenticator:0.1691111111111111
