PreGameInputHandler:0.3009055
InGameInputHandler:0.18419231
Controller:0.086938664
