MNumberSpinner:0.8066666666666666
TestMNumberSpinner:0.16666666666666666
MNumberSpinnerBeanInfo:0.05333333333333334
