SqlFile:0.45666666666666667
TokenSource:0.3027420634920635
SqltoolRB:0.21333333333333335
Token:0.20666666666666667
TokenList:0.19
SqlTool:0.18666666666666668
SqlToolSprayer:0.06422222222222222
SqlToolError:0.04666666666666667
