Vars:0.45118253968253963
MainWindow:0.44
ImageEditorCore:0.3566666666666667
