jEdit:0.5933333333333334
GUIUtilities:0.41
OperatingSystem:0.33666666666666667
UnixWorkaround:0.31666666666666665
