TK:0.8166666666666667
MFileChooser:0.27666666666666667
DesktopFile:0.22555555555555556
SafeBrowsing:0.22222222222222224
Sidebar:0.22222222222222224
AbstractBeanInfo:0.19
EnumItem:0.16
DeskletLoader:0.15
