SearchAndReplace:0.2761102
SearchMatcher:0.2344509
REMatch:0.2189348
RE:0.21415012
RESyntax:0.18475254
Buffer:0.09540361
BeanShell:0.08548851
MiscUtilities:0.07789456
NameSpace:0.05755109
CharIndexed:0.035607234
