BackupDialog:0.43333333333333335
VersionControl:0.37333333333333335
NewFolderDialog:0.3566666666666667
SessionManager:0.28
Slideshow:0.23666666666666666
NewFileDialog:0.22333333333333333
