ColopediaPanel:0.13938154
FatherDetailPanel:0.11494185
FreeColPanel:0.0790021
