Unit:0.6266666666666667
Tile:0.5133333333333333
UnitTest:0.35333333333333333
