UI:0.6433333333333333
MText:0.35333333333333333
LookAndFeelPlugin:0.2827777777777778
InputMethodAction:0.23333333333333334
NoteWidget:0.21333333333333335
FeedViewer:0.21333333333333335
LookAndFeelSettings:0.17111111111111113
InsertSymbolAction:0.16666666666666666
LAFItem:0.16
Advanced:0.11666666666666667
