BitType:0.5840253
CharacterType:0.4511238
BlobType:0.4028106
BinaryData:0.26718158
Type:0.21352898
BlobData:0.1536102
Types:0.08709885
