BinaryType:0.73628265
BinaryData:0.4807544
BooleanType:0.24794684
NumberType:0.23345967
Type:0.19569941
BlobData:0.17340466
Types:0.059878398
