Type:0.49731264
CharacterType:0.4549983
NumberType:0.447206
BinaryData:0.11110416
Types:0.06976315
