ClobType:0.42214045
Type:0.30325726
BooleanType:0.23307662
IntervalType:0.21922107
ClobData:0.12857881
Types:0.10961833
Collation:0.060631678
BlobData:0.03489056
Charset:0.03187201
