IntervalType:0.29433656
TimestampData:0.17748134
Type:0.16478997
TimeData:0.14531712
DTIType:0.14161406
NumberType:0.12176581
IntervalSecondData:0.1123081
Types:0.06343112
IntervalMonthData:0.036160424
