Type:0.15857041
Types:0.027092421
