IntervalType:0.2689808
Type:0.2287932
DateTimeType:0.18236464
BitType:0.1555329
BooleanType:0.14733338
DTIType:0.12444254
Types:0.11297657
IntervalSecondData:0.043416172
BinaryData:0.022396704
ClobData:0.0044534784
