Type:0.28951025
JavaObjectData:0.10860151
Types:0.06843323
