ExpressionArithmetic:0.7381379
ExpressionLike:0.6992647
ExpressionLogical:0.6251975
Expression:0.5540258
ExpressionValue:0.4184925
QuerySpecification:0.20065579
SortAndSlice:0.2004515
RangeVariable:0.1980425
Constraint:0.09901357
ParserDQL:0.07982165
OpTypes:0.04052765
Session:0.02456179
SessionContext:0.011881559
Tokens:0.0
