ExpressionLogical:0.7142006
ExpressionOp:0.69786936
Expression:0.62614524
FunctionCustom:0.45474848
RangeVariable:0.20889062
ParserDQL:0.063869655
OpTypes:0.049930945
Database:0.022074744
Session:0.015500072
SessionContext:0.008528556
Tokens:0.0
