QuerySpecification:0.26088828
ParserDQL:0.11466116
Expression:0.10552257
SubQuery:0.0842748
RangeVariable:0.06862591
Table:0.067450576
SortAndSlice:0.062302265
StatementSet:0.060183596
ExpressionColumn:0.05936436
StatementDMQL:0.054201297
StatementDML:0.05297423
ParserDML:0.052852284
TableDerived:0.052381076
StatementQuery:0.051139817
View:0.047793586
ExpressionTable:0.040860325
ParserDDL:0.040194754
StatementInsert:0.0390417
TableBase:0.033343144
StatementCursor:0.024754757
Session:0.02413335
ColumnSchema:0.02379682
Database:0.018665833
SchemaObject:0.014397825
HsqlNameManager:0.011344152
ColumnBase:0.00600005
OpTypes:0.0011942071
Tokens:0.0
