QuerySpecification:0.16134202
RangeVariable:0.13543916
Expression:0.11685207
ExpressionColumn:0.11628227
Table:0.1147394
QueryExpression:0.09519436
ParserDQL:0.076941475
ExpressionArrayAggregate:0.066596776
ExpressionOrderBy:0.056011844
ExpressionOp:0.048888735
TableBase:0.040558055
FunctionCustom:0.028415177
Session:0.011246305
OpTypes:0.0061704516
