Widget:0.17317861
Desktop:0.1277292
DesktopToolBar:0.06896976
WidgetPlugin:0.03368094
