MActionInfo:0.8008333333333333
MainPanel:0.3
FeedUtils:0.2633333333333333
