Building:0.5
Colony:0.45
ProductionPanel:0.43666666666666665
Turn:0.23333333333333334
ColonyPanel:0.22222222222222224
