FS:0.21756549
Config:0.13756472
Gettext:0.053948764
