JEditTextArea:0.5266666666666666
Buffer:0.49333333333333335
TextRenderer:0.44
RotatedTextIcon:0.29333333333333333
FileVFS:0.2866666666666667
FontSelectorDialog:0.2866666666666667
FileRootsVFS:0.2816666666666667
PanelWindowContainer:0.24666666666666667
FontSelector:0.13666666666666666
