Config:0.44
MDate:0.38666666666666666
MIcon:0.36333333333333334
Stuff:0.3466666666666667
VersionInfo:0.21777777777777782
Permission:0.049166666666666664
