MArrayList:0.21071562
ConfigFile:0.196791
StringList:0.1632126
FS:0.14325413
AbstractMarkupBuilder:0.14321345
Config:0.14046897
MAction:0.13214406
MList:0.1297674
Property:0.11133445
ValueEvent:0.11047216
MDate:0.109105416
MText:0.10327858
UI:0.10217845
AbstractFileCache:0.10214325
CommandOptions:0.09977338
OS:0.095986165
MDataTransfer:0.092297904
MIcon:0.09226686
Item:0.092113756
ColorProperty:0.08869804
MTable:0.087426424
MPasswordField:0.086195834
LogFile:0.08551579
Attributes:0.0839694
VersionProperty:0.08356895
Net:0.08335062
MLabel:0.08028608
AbstractListTableModel:0.07828776
MTabbedPane:0.075720236
MLogger:0.0756713
MApplication:0.07226333
MTreeItem:0.06780861
MDialog:0.06753248
MPanel:0.062042262
MRenderer:0.06181685
MURLAction:0.06145324
Gettext:0.060681798
MSmallColorChooser:0.06020962
MNotification:0.058345646
MSettingsDialog:0.057070047
SecureProperty:0.05680289
MouseGestures:0.056646805
HistoryManager:0.054990675
MSmallColorButton:0.054501247
ActionGroup:0.053820882
StringProperty:0.051517718
MAboutDialog:0.050943524
Args:0.050446212
MActionInfo:0.04919285
MPasswordPanel:0.048888013
AbstractProperty:0.0477598
MWhatsThis:0.04758322
MWebBrowserPanel:0.04757175
MFileChooser:0.047345452
MToolBar:0.046374686
MButtonPanel:0.045743063
MURLButton:0.044805497
BeanProperty:0.044405054
MMessage:0.044249892
MTip:0.044217892
Globals:0.043589238
FileSelection:0.042981487
MClipboard:0.041047137
MMainWindow:0.040796854
MCalendarPanel:0.040394887
MButton:0.039105076
Tuple:0.03853103
MTree:0.03850398
MColorChooser:0.03768151
AbstractSelection:0.03704686
EnumProperty:0.036972504
MColorIcon:0.0365579
MTextPane:0.034303527
MColorPicker:0.03340971
HTMLViewFactory:0.03260429
MStatusBar:0.03142879
ImageSelection:0.030776482
XMLHelper:0.030060884
Watermark:0.029868465
MHighlighter:0.029134983
MRating:0.02794344
Mnemonic:0.027554283
MFontChooser:0.027187629
MTextField:0.026978118
MProgressIcon:0.026896013
MWizardDialog:0.026776807
HTMLAutodiscovery:0.026330534
MIconChooser:0.026089583
MInternalFrame:0.023636604
MMultiPanel:0.023186525
MSwingWorker:0.021473901
MProcess:0.020048996
MutableInteger:0.01921666
MTogglePanel:0.018846035
MHTMLViewer:0.017474366
Preloader:0.017399715
MFontButton:0.015785985
MTaskPanel:0.015420571
MTreeModel:0.01541365
MUndoManager:0.013284934
MIconButton:0.01264979
AbstractIndicator:0.011791631
MGuardedObject:0.011756224
Linkify:0.011447291
MLoginPanel:0.010184185
ItemStatus:0.008351582
MDocumentAdapter:0.0075502484
CoolHeader:0.0070548016
HTMLSelection:0.0060557458
SimpleProgressBar:0.0057929773
ContainerScanner:0.0040730573
MLinkAction:0.002246896
