Net:0.11949421
MMessage:0.05389578
FS:0.042376418
MDialog:0.038888156
MPanel:0.030161645
FileCache:0.02876865
MTextLabel:0.015283705
MLabel:0.010418143
MFormat:0.00830884
MProgressBar:0.004365298
