Player:0.6533333333333333
IndianSettlement:0.41
Settlement:0.3433333333333333
Colony:0.2866666666666667
InGameController:0.24666666666666667
MapGenerator:0.22
WorkerWish:0.175
