AutoCompletion:0.45666666666666667
TodoEditor:0.41333333333333333
MArrayList:0.3933333333333333
Item:0.3466666666666667
