MApplication:0.6366666666666667
OS:0.2866666666666667
MStringBuilder:0.2275
LinkEditor:0.20333333333333334
EnclosureAction:0.19333333333333333
LinkEditorPlugin:0.14
StaticHandler:0.12
