UI:0.8166666666666667
WebBrowser:0.33666666666666667
MWebBrowser:0.28
EditorPassword:0.21666666666666667
MColorIcon:0.21666666666666667
ChartView:0.20666666666666667
FeedViewer:0.19
MAbout:0.17666666666666667
Info:0.15
ItemRenderer:0.12333333333333334
PopupContent:0.11666666666666667
MetalTitle:0.08666666666666667
Item:0.08
DeskletLoader:0.06666666666666667
