AIGoods:0.4466456
Wish:0.34407198
AIColony:0.32677191
AIObject:0.25797284
AIMain:0.23175414
AIPlayer:0.23117809
Transportable:0.042830575
