InfoPanel:0.0870322
FreeColPanel:0.01863517
