WorkLocationPlan:0.3291658
AIColony:0.28845122
AIUnit:0.26271048
AIMain:0.19204901
AIPlayer:0.17911428
AIObject:0.1681492
