Wish:0.20546784
AIUnit:0.19145079
AIColony:0.18285032
AIPlayer:0.18117632
AIObject:0.14827718
AIMain:0.14648366
Transportable:0.0320554
