MIcon:0.7566666666666667
AbstractFS:0.47
TreeFS:0.33666666666666667
FeedsFS:0.2833333333333333
FSNewFile:0.2678730158730158
TreePanel:0.22444444444444447
