Java14:0.18909857
Buffer:0.14697376
JEditTextArea:0.13194133
jEdit:0.12110967
HistoryModel:0.10230188
MiscUtilities:0.06337075
XmlParser:0.06336958
ViewRegisters:0.0561034
Log:0.047699712
Selection:0.034276582
LogViewer:0.032442283
HandlerBase:0.027414314
XmlException:0.010659229
