UnitType:0.7166666666666667
BuildingType:0.36333333333333334
EuropeanNationType:0.30666666666666664
IndianNationType:0.21333333333333335
