GUIUtilities:0.8466666666666667
JEditTextArea:0.3933333333333333
EditPane:0.3333333333333333
