PluginJAR:0.6533333333333333
ActionSet:0.31
PluginTableModel:0.30333333333333334
