AppSettings:0.09358302
PluginDownloader:0.03328974
