MDateSpinner:0.057839274
MPanel:0.05325462
MDate:0.04444909
MButton:0.023094857
UI:0.016804747
CoolHeader:0.015838167
MSmallButton:0.0136799365
MMenu:0.013567738
MLabel:0.011969259
MLogger:0.00826691
MMouseAdapter:0.008024428
TK:0.0058076405
MHighlighter:0.004071882
MTimer:0.0033611972
MIcon:0.003332499
Size:0.0031544643
StateEvent:4.300265E-4
