ServerTestHelper:0.5833333333333334
ServerBuildingTest:0.39666666666666667
InGameControllerTest:0.30666666666666664
SerializationTest:0.25333333333333335
ServerColonyTest:0.14333333333333334
ServerIndianSettlementTest:0.13666666666666666
ServerUnitTest:0.13333333333333333
