Type:0.47333333333333333
Parser:0.44
MiscUtilities:0.4266666666666667
Remote:0.3324444444444445
CallStack:0.32133333333333336
StringUtil:0.27661111111111114
SimpleNode:0.26138888888888884
AbbrevEditor:0.25333333333333335
InputMethodSupport:0.24666666666666667
dir:0.24
Reflect:0.2386111111111111
HighlightingTree:0.22
ParseException:0.21916666666666668
Renderer:0.21744444444444444
DockableListHandler:0.21666666666666667
VFSDirectoryEntryTable:0.20666666666666667
ParserRule:0.19833333333333333
ClassGeneratorUtil:0.19666666666666666
TokenMgrError:0.19666666666666666
BSHLiteral:0.19
AbstractContextOptionPane:0.165
TextUtilities:0.15666666666666668
Handler:0.15
PasteFromListDialog:0.13333333333333333
HelpIndex:0.13333333333333333
PerspectiveHandler:0.13333333333333333
KeyEventTranslator:0.10666666666666667
BasicBshIterator:0.08333333333333333
TOCHandler:0.05
MenuItemCompare:0.0
