CachedObject:0.6166666666666667
NodeAVL:0.47
Cache:0.31666666666666665
Row:0.29333333333333333
RowAVLDiskData:0.29
NodeAVLDisk:0.26
RowStoreAVL:0.23387301587301587
IndexAVL:0.23333333333333334
RowAVLDisk:0.22666666666666666
RowStoreAVLDisk:0.21476190476190476
DataFileCache:0.20583333333333334
PersistentStore:0.20083333333333334
