TradeRouteInputDialog:0.21663831
FreeColPanel:0.049530253
