Colony:0.2778031
IndianSettlement:0.2178164
Settlement:0.19286096
Tile:0.18489863
Goods:0.17854269
ColonyTile:0.17474341
Building:0.17176269
Europe:0.158131
Unit:0.15290098
Player:0.12683871
ExportData:0.111618996
Location:0.111082494
GoodsType:0.10077058
FreeColGameObject:0.10001761
AbstractGoods:0.09949999
ModelMessage:0.08560398
Game:0.06622904
FreeColObject:0.06461245
SimpleCombatModel:0.05246215
FreeColGameObjectType:0.04240452
