EventPanel:0.2142558
FreeColDialog:0.124147676
