jEdit:0.6233333333333333
MiscUtilities:0.59
BufferIORequest:0.24666666666666667
GeneralOptionPane:0.23333333333333334
FileVFS:0.15666666666666668
GlobalOptions:0.15
SaveBackupOptionPane:0.11
TextAreaOptionPane:0.09333333333333334
