OStrings:0.19799724
Log:0.16683982
StringUtil:0.092754
RecentProjects:0.091706865
LFileCopy:0.06149507
PatternConsts:0.0
StaticUtils:0.0
TMXReader:0.0
WikiGet:0.0
