AbstractFileCache:0.11170421
MZip:0.094909206
Net:0.093357064
FileScanner:0.08833885
ConfigFile:0.08744833
Config:0.08199124
TK:0.06700209
OS:0.0608867
MFileChooser:0.058285482
MProperties:0.05814667
MApplication:0.05656888
MDataTransfer:0.05620198
AbstractMarkupBuilder:0.054824326
LogFile:0.050906595
XMLHelper:0.050762124
SimpleXMLReader:0.04762122
Gettext:0.045855716
MText:0.045616165
MMessage:0.044558343
MProcess:0.040679332
FileSelection:0.038617507
Checksum:0.036419448
MDownloadDialog:0.036191627
MIconChooser:0.033611566
MLogger:0.029311636
RegExp:0.0290154
Args:0.028660962
MTip:0.027575111
Item:0.023528686
MAboutDialog:0.022224346
Property:0.019904075
HTMLViewFactory:0.018306255
MMainWindow:0.013779247
ImageSelection:0.012762691
BooleanProperty:0.012013468
HTMLEntities:0.011892252
Flags:0.010664498
WTFError:0.0032838755
