Config:0.9066666666666666
Console:0.3233333333333333
Model:0.2377777777777778
ArchiveItemRenderer:0.19
ConsoleConfig:0.14444444444444446
VarListCommand:0.10666666666666667
StatusRenderer:0.1
