Mission:0.6233333333333333
TransportMission:0.32666666666666666
UnitSeekAndDestroyMission:0.25
IndianBringGiftMission:0.22
Connection:0.21388888888888885
UnitWanderHostileMission:0.18
UnitWanderMission:0.17
