DockableWindow:0.6604444444444445
Window:0.3466666666666667
PluginJAR:0.32666666666666666
DockableWindowManager:0.30333333333333334
FloatingWindowContainer:0.30333333333333334
DockableListHandler:0.2633333333333333
DockableWindowFactory:0.26
PluginCacheEntry:0.20277777777777778
