IntegerProperty:0.14708497
Property:0.0778602
TK:0.055782724
MApplication:0.042883616
