MPanel:0.5933333333333334
MLayout:0.35333333333333333
MDialog:0.3233333333333333
FileInfoPanel:0.15666666666666668
