Colony:0.5866666666666667
Specification:0.5233333333333333
ResourceType:0.38666666666666666
MapGenerator:0.2511111111111111
Resource:0.2315
