ColonyTile:0.27964363
Building:0.2790464
Unit:0.22526196
ProductionCache:0.21860293
Tile:0.20679827
Settlement:0.20455116
WorkLocation:0.20157734
Player:0.17644411
BuildQueue:0.17552514
TileType:0.1527318
GoodsType:0.15178777
BuildingType:0.1517686
UnitType:0.14587471
Market:0.14324361
Specification:0.13389964
GoodsContainer:0.12973188
UnitWas:0.1258714
UnitLocation:0.124459505
TileImprovement:0.12414237
BuildableType:0.11023202
GoodsLocation:0.108355336
TileImprovementType:0.108114846
TileItemContainer:0.101526126
Goods:0.099551775
TradeRoute:0.08885187
Consumer:0.08752549
Ability:0.086984806
PlayerExploredTile:0.08526334
ExportData:0.08046181
AbstractGoods:0.08026561
Map:0.07763102
FreeColGameObject:0.0741683
EquipmentType:0.06536878
Game:0.06449227
SimpleCombatModel:0.06343285
Location:0.05885543
ColonyWas:0.05319838
ModelMessage:0.049452852
Operand:0.048135784
FreeColObject:0.04770451
Modifier:0.04416368
ProductionInfo:0.04364437
FreeColGameObjectType:0.042657316
StringTemplate:0.03909842
FeatureContainer:0.037560727
DiplomaticTrade:0.031131363
Limit:0.027457392
TradeItem:0.024519665
GameOptions:0.02302983
RandomRange:0.02241879
CombatModel:0.020925594
ColonyTradeItem:0.019647114
Turn:0.016314926
Locatable:0.0145257665
TypeCountMap:0.01261578
Nameable:0.008072174
