Canvas:0.6066666666666667
InGameController:0.33
InGameInputHandler:0.2966666666666667
ChooseFoundingFatherDialog:0.24666666666666667
AIPlayer:0.2
FoundingFatherPanel:0.18333333333333332
AIInGameInputHandler:0.15666666666666668
ShowSelectFoundingFatherSwingTask:0.06
