MTip:0.37666666666666665
MDateSpinner:0.30666666666666664
MRating:0.29277777777777775
AppletTab:0.25333333333333335
Main:0.22333333333333333
ColorRenderer:0.20472222222222222
RatingButton:0.17
StaticHandler:0.16666666666666666
MainPanel:0.14
ImageInfo:0.11333333333333333
