MColor:0.61
TodoEditor:0.3333333333333333
ImageEditor:0.31
NoteWidget:0.23333333333333334
TodoEditorPlugin:0.22833333333333333
SessionManager:0.19666666666666668
SummaryData:0.18
StatsPanel:0.17
BrushTypeAction:0.11333333333333333
