Widget:0.5733333333333334
Desktop:0.3333333333333333
Pager:0.3233333333333333
WidgetInternalFrame:0.24
Button:0.23333333333333334
DesktopPanel:0.16
SelectWidgetAction:0.11666666666666667
