FreeColGameObject:0.37
Tile:0.3466666666666667
GoodsType:0.324
Unit:0.3233333333333333
BuildingType:0.32166666666666666
UnitType:0.3
TileImprovementType:0.29833333333333334
Specification:0.27666666666666667
PlayerExploredTile:0.23333333333333334
IndianSettlement:0.22666666666666666
Colony:0.22166666666666668
Player:0.21333333333333335
LostCityRumour:0.08555555555555555
