TradeItem:0.3288563
PersistentObject:0.114532016
Game:0.07379394
Player:0.05564077
