DiplomaticTrade:0.24028946
TradeItem:0.15744776
Player:0.12152676
