ImageEditor:0.41
LineTool:0.25666666666666665
Panel:0.24916666666666668
SelectionTool:0.24666666666666667
NewFileAction:0.22444444444444447
AbstractRectangleTool:0.22
TreePanel:0.18583333333333332
