MTextFieldPanel:0.5133333333333333
TodoEditor:0.36
SearchBar:0.2733333333333333
Backup:0.23
QueryEditor:0.20333333333333334
