QueryHandler:0.9233333333333333
AnsiQueryHandler:0.515
WikiDatabase:0.41333333333333333
