MainWindow:0.38
MainWindowMenuHandler:0.33166666666666667
SpellChecker:0.24
ProjectUICommands:0.2277777777777778
Segmenter:0.2277777777777778
StringEntry:0.22444444444444447
IDataEngine:0.2
EditorController:0.19333333333333333
TMXReader:0.18666666666666668
FilterMaster:0.17
