EditorPlugin:0.43333333333333335
Plugin:0.39
PluginManager:0.38666666666666666
ScriptPlugin:0.21
ImageEditorPlugin:0.09666666666666666
LookAndFeelPlugin:0.09666666666666666
WikipediaInternetSearchPlugin:0.09
LinkEditorPlugin:0.08666666666666667
TodoEditorPlugin:0.08666666666666667
NotepadEditorPlugin:0.02
TextEditorPlugin:0.016666666666666666
