PluginInfo:0.17452312
ScriptPlugin:0.1504499
AbstractPlugin:0.14991099
PluginSettings:0.12645474
PluginClassLoader:0.112052895
LookAndFeelSettings:0.09921012
PluginDownloader:0.096436545
PluginType:0.075889505
PluginInstaller:0.06991465
Pluggable:0.06929163
PluginEvent:0.06851003
PluginException:0.060478542
PluginList:0.04873519
LookAndFeelPlugin:0.04736949
