BackupDialog:0.6966666666666667
UpdateDialog:0.4666666666666667
InfoForm:0.3333333333333333
UpdatePlugin:0.26
BackupPlugin:0.13666666666666666
