MMessage:0.5366666666666666
Watermark:0.45
WidgetDesktopPaneUI:0.4266666666666667
ListView:0.27666666666666667
