jEdit:0.8166666666666667
PluginJAR:0.47
TableMouseHandler:0.27166666666666667
