jEdit:0.6366666666666667
HelpViewer:0.42333333333333334
Buffer:0.38666666666666666
SplashScreen:0.24
EditPane:0.18666666666666668
AppearanceOptionPane:0.13
TextAreaOptionPane:0.11
PrintOptionPane:0.11
RecentFilesMenu:0.07666666666666666
TOCTree:0.06333333333333334
TOCHandler:0.03333333333333333
ActionHandler:0.03333333333333333
TOCCellRenderer:0.023333333333333334
HelpNode:0.013333333333333334
LinkHandler:0.0025
KeyHandler:0.0025
