MMenu:0.110394895
MAction:0.10609029
MToolBar:0.09952181
TK:0.060259912
MColorChooser:0.05172374
MWebBrowserPanel:0.045265436
WTFError:0.00867107
