ProxyModel:0.07713424
ProxyManager:0.07699258
ProxySettings:0.06839419
ProxyInfo:0.020105278
