Type:0.67
JDBCResultSet:0.4
CharacterType:0.2633333333333333
JDBCArray:0.2555555555555556
ExpressionLogical:0.23333333333333334
ParserRoutine:0.23333333333333334
