GoodsLabel:0.4726809
DefaultTransferHandler:0.16114406
MarketLabel:0.15535672
ProductionLabel:0.12751673
DragListener:0.080849804
UnitLabel:0.08030321
CargoPanel:0.051250547
