MetaInfo:0.47333333333333333
DiskFreeModel:0.31333333333333335
DiskFreePanel:0.24777777777777782
MStatusBar:0.21333333333333335
FolderMetaInfo:0.18555555555555558
DiskFreeSettings:0.11333333333333333
