ItemRenderer:0.5466666666666666
Vars:0.545611111111111
TreeSettingsButton:0.3466666666666667
Action:0.25666666666666665
AdvancedAction:0.12444444444444443
