jEdit:0.5933333333333334
DefaultInputHandler:0.3233333333333333
OptionsDialog:0.31
ExtensionManager:0.25333333333333335
DisplayManager:0.23
