AIGoods:0.59124446
AIPlayer:0.31696776
Transportable:0.29235157
TileImprovement:0.28838244
AIColony:0.26787025
Wish:0.2650022
WorkerWish:0.24988723
AIMain:0.17573376
AIObject:0.14525752
