TransportMission:0.24665979
Mission:0.24469309
WorkInsideColonyMission:0.2001576
