ImageLibrary:0.12276653
Canvas:0.0859924
CanvasMouseMotionListener:0.068997644
TilePopup:0.039874382
CanvasMouseListener:0.03409787
ViewMode:0.024043761
CanvasKeyListener:0.022972051
TerrainCursor:0.021114582
GUIMessage:0.00485125
