Mission:0.28018007
TransportMission:0.24759054
