IndianSettlement:0.26174426
Unit:0.20552008
Player:0.20115575
ColonyTile:0.16397463
Colony:0.16091514
UnitContainer:0.1496994
Europe:0.14845583
Building:0.14720275
Map:0.12875599
Settlement:0.12615614
Goods:0.123065166
Game:0.10839655
FreeColGameObject:0.10233051
GoodsContainer:0.08441356
Location:0.047375042
ModelController:0.045578808
DefaultCostDecider:0.040953416
PathNode:0.031636674
GameOptions:0.030354502
CostDecider:0.024527285
Locatable:0.023510117
Tension:0.020782452
GoalDecider:0.020216472
TileType:0.015151399
GoodsType:0.009358376
Nameable:0.007927567
FoundingFather:0.0072028027
