Mission:0.4362776
TransportMission:0.26497668
