TransportMission:0.44687966
WorkInsideColonyMission:0.37960985
Mission:0.26501495
