Unit:0.62
Map:0.49666666666666665
PathNode:0.4033333333333333
Mission:0.37
ScoutingMission:0.23333333333333334
TransportMission:0.22666666666666666
EuropeanAIPlayer:0.21
UnitSeekAndDestroyMission:0.2
PioneeringMission:0.19666666666666666
SelectDestinationDialog:0.19666666666666666
CircleIterator:0.19166666666666668
MapTest:0.19
BuildColonyMission:0.18666666666666668
CashInTreasureTrainMission:0.16
REFAIPlayer:0.15666666666666668
