HashSet:0.088779874
Set:0.037636336
HsqlList:0.029560978
