CombatModel:0.7366666666666667
Unit:0.5033333333333333
Colony:0.4166666666666667
Tile:0.36333333333333334
SimpleCombatModel:0.33666666666666667
Game:0.33
Building:0.31
IndianSettlement:0.2966666666666667
Mission:0.29
InGameController:0.21333333333333335
BuildingType:0.21
InGameInputHandler:0.19666666666666666
AIPlayer:0.19666666666666666
FreeColDialog:0.19333333333333333
ColonyPlan:0.18666666666666668
DefendSettlementMission:0.18666666666666668
DemotionTest:0.16333333333333333
TileInfoPanel:0.12666666666666668
