Unit:0.5166666666666667
Building:0.5
SchoolTest:0.35333333333333333
