Tile:0.5666666666666667
Good:0.42
Europe:0.35333333333333333
Colony:0.32666666666666666
Turn:0.2866666666666667
ServerInfo:0.24666666666666667
Specification:0.23333333333333334
Goods:0.22333333333333333
XmlHandler:0.21666666666666667
ModelMessage:0.21333333333333335
ColonyTile:0.2
GameOptions:0.19333333333333333
ColonyPanel:0.18666666666666668
