MIcon:0.6033333333333334
MURLButton:0.5333333333333333
PreviewPanel:0.22
MCalendar:0.2
LinkEditor:0.19666666666666666
MAbout:0.18666666666666668
TagCloud:0.16333333333333333
FeedComponent:0.16
MThrobber:0.11333333333333333
PlayAction:0.11
TaskInfoButton:0.10666666666666667
