Preferences:0.6933333333333334
EditorController:0.43666666666666665
WorkflowOptionsDialog:0.36
ITagValidation:0.3
TagValidationTool:0.18
