AbstractHandle:0.16637826
RotateHandle:0.13510963
Handle:0.07532615
Figure:0.06123131
TransformEdit:0.036878362
AttributeKeys:0.03443814
DrawingView:0.031044956
HandleAttributeKeys:0.030097766
DrawingEditor:0.023702651
Drawing:0.020588588
Constrainer:0.01920019
AttributeKey:0.018989539
RestoreDataEdit:0.015347491
Tool:0.013093104
