UI:0.5
MRenderer:0.38
Item:0.3383333333333333
FSHelper:0.31333333333333335
MMessage:0.21
