PrintBuilder:0.33
TaskPanel:0.29833333333333334
ArchiveChannel:0.294
ImageEditor:0.2633333333333333
CalendarTab:0.26
ArchiveItem:0.25333333333333335
StuffRenderer:0.24666666666666667
GroupTree:0.24411111111111106
TodoEditorCore:0.20666666666666667
PluginDownloader:0.19416666666666665
ByCategory:0.09333333333333334
