ClientConnection:0.3280849
HsqlException:0.027534075
