Server:0.13792272
WebServer:0.099314
ServerProperties:0.028717937
ServerConstants:0.02514651
