Preferences:0.52
LanguageToolWrapper:0.4866666666666667
Core:0.43
ILanguageToolBridge:0.2694444444444445
FalseFriendsTest:0.23666666666666666
LanguageToolIssue:0.21333333333333335
LanguageToolPrefs:0.10333333333333333
LanguageToolNetworkBridge:0.1
LanguageToolIssueProvider:0.09333333333333334
LanguageToolTest:0.09
LanguageToolResult:0.07333333333333333
LanguageToolMarker:0.05
LanguageToolNativeBridge:0.016666666666666666
BaseLanguageToolBridge:0.0
