VersionControl:0.1545791
VersionInfo:0.07942783
VersionException:0.02897866
