View:0.7866666666666666
SaveAction:0.2866666666666667
ODGView:0.25333333333333335
NetView:0.25333333333333335
PertView:0.25333333333333335
SVGView:0.25333333333333335
AbstractView:0.24333333333333335
DrawView:0.21
