AbstractFS:0.7233333333333334
FeedsFS:0.5266666666666666
QueryEditor:0.30083333333333334
