TokenMarker:0.06705217
ParserRuleSet:0.025232598
XmlParser:0.022039594
Mode:0.020682558
ParserRuleFactory:0.0183566
jEdit:0.016583186
HandlerBase:0.013863144
Token:0.012673517
KeywordMap:0.009551898
GUIUtilities:0.008925274
Log:0.0068604057
ParserRule:0.0027254447
