TestFileUtil:0.06362741
WikiMessageTest:0.009742773
WikiVersionTest:0.008983493
EnvironmentTest:0.00811274
