TriggerDef:0.5266666666666666
Table:0.41333333333333333
Trigger:0.14133333333333334
TriggerSample:0.0911111111111111
