Desktop:0.57
MainWindow:0.43666666666666665
DesktopPanel:0.35
ToggleDesktopAction:0.13273015873015873
