SqlFile:0.6566666666666666
SqlTool:0.35
SqlToolSprayer:0.13333333333333333
