Expression:0.5466666666666666
HsqlArrayList:0.48
Session:0.25666666666666665
ParserRoutine:0.25
SessionContext:0.2236666666666667
StatementDML:0.21333333333333335
