Tokenizer:0.7066666666666667
EditorController:0.37
EditorSpellChecking:0.25
ChangeUserDictionary:0.19777777777777777
GlossaryManager:0.18333333333333332
