jEdit:0.52
GUIUtilities:0.41333333333333333
JEditTextArea:0.39
PaintSelection:0.32
TextAreaPainter:0.21333333333333335
MouseHandler:0.19900000000000004
PaintText:0.1511111111111111
