SchemaManager:0.49333333333333335
JDBCArray:0.398
JDBCPreparedStatement:0.39666666666666667
ParserDDL:0.29
