UI:0.7033333333333334
MApplication:0.5933333333333334
