EditPlugin:0.5494444444444445
PluginsMenuButton:0.37333333333333335
