Table:0.52
Expression:0.49
HsqlDateTime:0.38666666666666666
Column:0.32666666666666666
TestCacheSize:0.21333333333333335
