ActionGroup:0.6733333333333333
Console:0.31333333333333335
TreePanel:0.26
ImageEditor:0.22666666666666666
PluginSettings:0.2013888888888889
CalendarWidgetPlugin:0.16
