FoldHandler:0.6366666666666667
BufferChangeHandler:0.4902777777777777
PerspectiveManager:0.26666666666666666
