UnitTest:0.7669444444444444
SpecificationTest:0.44527777777777783
