Token:1.0
TriggerDef:0.7865238
ColumnSchema:0.6790955
SchemaObject:0.59630066
RoutineSchema:0.5108653
ExpressionColumn:0.5101773
HsqlNameManager:0.5001902
NumberSequence:0.49833125
QueryExpression:0.39512774
TriggerDefSQL:0.27556226
ConstraintCore:0.23828754
RangeVariable:0.23203507
ExpressionLogical:0.21387729
TableUtil:0.21197753
SqlInvariants:0.10965763
ColumnBase:0.06584675
HsqlException:0.0358673
OpTypes:0.02516521
SessionManager:0.0
ParserDQL:0.0
Database:0.0
Expression:0.0
ParserCommand:0.0
ParserBase:0.0
TableBase:0.0
SchemaManager:0.0
Table:0.0
StatementTypes:0.0
View:0.0
Routine:0.0
Constraint:0.0
Statement:0.0
StatementSchema:0.0
TableWorks:0.0
Scanner:0.0
StatementCompound:0.0
Tokens:0.0
StatementSchemaDefinition:0.0
StatementCommand:0.0
Session:0.0
StatementSession:0.0
ParserRoutine:0.0
StatementQuery:0.0
