RowAVLDisk:0.3977462
RowAVLDiskData:0.3178287
TableBase:0.035535548
Row:0.024254069
