StatementDMQL:0.504849
Expression:0.26707542
SubQuery:0.22153105
QueryExpression:0.13971792
StatementCompound:0.13452652
ParserRoutine:0.08807821
Statement:0.0654363
Session:0.058326222
StatementTypes:0.036872376
Tokens:0.0
