UI:0.8133333333333334
Editor:0.37333333333333335
PropertyPanel:0.26666666666666666
MRating:0.23666666666666666
AbstractSpinner:0.22666666666666666
ButtonPanel:0.22
MCheckBoxTable:0.20666666666666667
StaticFocusHandler:0.20666666666666667
RandomPasswordGeneratorDialog:0.18333333333333332
VersionPanel:0.15
ArmorSettings:0.09666666666666666
