Canvas:0.4722222222222222
UnitButton:0.36666666666666664
MapControls:0.3333333333333333
ConnectController:0.2633333333333333
MiniMap:0.23333333333333334
