Canvas:0.5466666666666666
InGameController:0.47
InGameInputHandler:0.36666666666666664
