MDialog:0.7166666666666667
PropertiesPanel:0.23333333333333334
AddFeedDialog:0.22
GeneralSettings:0.205
Input:0.2
FindLocationDialog:0.19666666666666666
NewFileDialog:0.19416666666666665
CategoryPropertiesPanel:0.1877777777777778
NewFolderDialog:0.1875
ActionProperties:0.12333333333333334
