JFlexLexer:0.16136436
JFlexParser:0.107757024
WikiLinkTag:0.09400478
JFlexTagItem:0.08866653
TemplateTag:0.0700724
WikiHeadingTag:0.050863173
IncludeOnlyTag:0.043306604
NoIncludeTag:0.043259576
WikiSignatureTag:0.03929398
HtmlLinkTag:0.03478465
WikiReferenceTag:0.03196459
WikiReferencesTag:0.017184718
