GranteeManager:0.26191714
Right:0.21570396
UserManager:0.15975226
User:0.14027576
