UserManager:0.29383153
Grantee:0.25754812
GranteeManager:0.067582816
