WebException:0.47333333333333333
Net:0.4325555555555557
XMLRPCClient:0.3433333333333333
