Widget:0.42
MWizard:0.3333333333333333
FeedsFS:0.2866666666666667
TodoEditorCore:0.27666666666666667
MCalendar:0.21
DesktopPanel:0.20777777777777778
