MiniMap:0.6116666666666667
MapGeneratorOptions:0.508
MapGeneratorTest:0.19666666666666666
