BufferSetListener:0.7766666666666666
BufferSet:0.5016666666666667
BufferSetAdapter:0.2992222222222222
