ParserDQL:0.41
HsqlName:0.38
Logger:0.27
RangeVariableConditions:0.2633333333333333
RangeVariable:0.25333333333333335
FunctionCustom:0.2511111111111111
StatementResultUpdate:0.16333333333333333
