TextArea:0.4755555555555555
TextUtilities:0.39
TextAreaMouseHandler:0.2111111111111111
ModeProperties:0.19
EditingOptionPane:0.14
