ButtonFactory:0.6533333333333333
ResourceBundleUtil:0.2833333333333333
SVGApplet:0.27666666666666667
NetProject:0.23333333333333334
PertProject:0.23333333333333334
DrawProject:0.23
SVGProject:0.22
DefaultOSXApplication:0.21666666666666667
SVGApplicationModel:0.18166666666666667
PertApplicationModel:0.16333333333333333
PertPanel:0.16
NetApplicationModel:0.15666666666666668
NetPanel:0.15666666666666668
DrawingPanel:0.15166666666666667
SVGPanel:0.15
DrawApplicationModel:0.13833333333333334
MultiEditorSample:0.08666666666666667
