GUIUtilities:0.07355627
Macros:0.07025587
EditBus:0.054835264
EnhancedMenu:0.024188288
EBMessage:0.02320984
MacrosChanged:0.01981154
EnhancedMenuItem:0.009705212
EBComponent:0.008246296
