AbstractOptionPane:0.44099545
OptionsDialog:0.16024753
EditPlugin:0.12005928
OptionGroup:0.0818751
