MApplication:0.5033333333333333
AppInfo:0.3453888888888889
PluginInfo:0.30666666666666664
PluginManager:0.2633333333333333
Net:0.22583333333333333
Main:0.17444444444444446
