ListActionsLayerUI:0.4533333333333333
PluginSettings:0.3433333333333333
MFontChooser:0.2866666666666667
FontRenderer:0.24805555555555553
MCellTip:0.22
PluginList:0.1486111111111111
