InternetSearchPlugin:0.0734004
InternetSearchPanel:0.053054973
