MDialog:0.6066666666666667
VersionDialog:0.32
PluginSettings:0.2966666666666667
ScriptIDE:0.25
TaskSummary:0.19333333333333333
