DefaultTransferHandler:0.30719835
EuropePanel:0.20470831
DragListener:0.113133915
