UI:0.9633333333333334
Widget:0.38
DesktopPanel:0.2511111111111111
LookAndFeelSettings:0.23666666666666666
WidgetTitle:0.04666666666666667
