FeedsFS:0.026157625
FeedsFSPlugin:0.022319898
