Unit:0.6766666666666666
ColopediaPanel:0.35333333333333333
UnitType:0.27
