Region:0.87
MapGenerator:0.2966666666666667
ServerRegion:0.27666666666666667
Territory:0.17
