Unit:0.6466666666666666
Europe:0.38633333333333325
Monarch:0.3177777777777778
InGameInputHandler:0.2377777777777778
IndianSettlement:0.23666666666666666
InGameController:0.23333333333333334
ReportContinentalCongressPanel:0.21666666666666667
GUI:0.18833333333333332
AIInGameInputHandler:0.16666666666666666
