TilePanel:0.12686783
FreeColPanel:0.093619145
UnitLabel:0.07597513
DragListener:0.027038002
