TaskFigure:0.5433333333333333
NodeFigure:0.39
LabeledLineConnectionFigureSample:0.15
EditorSample:0.12666666666666668
ConnectingFiguresSample:0.12666666666666668
