Cache:0.45
FileCache:0.35
DefaultPreview:0.3233333333333333
MApplication:0.31
FeedsFS:0.29333333333333333
CacheGroup:0.24
Action:0.2227777777777778
MDownloadDialog:0.18333333333333332
CacheIndex:0.125
CacheEntry:0.01
CacheException:0.0025
