Buffer:0.43666666666666665
JEditTextArea:0.37333333333333335
jEdit:0.30333333333333334
ChunkCache:0.25333333333333335
JAR:0.19666666666666666
OffsetManager:0.19166666666666668
