jEdit:0.5866666666666667
BufferSetManager:0.44333333333333336
EditPane:0.31666666666666665
