SearchAndReplace:0.7933333333333333
GeneralOptionPane:0.28
SearchBar:0.26666666666666666
