Unit:0.6266666666666667
Specification:0.41855555555555557
ReportLabourPanel:0.4166666666666667
UnitType:0.38
ReportLabourDetailPanel:0.25666666666666665
