NationType:0.7033333333333334
IndianNationType:0.36
EuropeanNationType:0.2733333333333333
