UI:0.625
SummaryPanel:0.2733333333333333
Bookmarks:0.25
Output:0.20333333333333334
