Mission:0.33672827
TransportMission:0.30222857
