ScoutingMission:0.32233343
WishRealizationMission:0.30528128
Mission:0.29255334
UnitSeekAndDestroyMission:0.2908865
BuildColonyMission:0.2749196
PioneeringMission:0.26997212
DefendSettlementMission:0.21677086
PrivateerMission:0.19413161
CashInTreasureTrainMission:0.17660818
