Variable:0.55
Primitive:0.4666666666666667
Parser:0.46
EvalError:0.45
Types:0.43333333333333335
Reflect:0.43333333333333335
NodeFilter:0.40552380952380945
NameSpace:0.4033333333333333
This:0.39666666666666667
BshMethod:0.37
Interpreter:0.33666666666666667
BshClassManager:0.33
ConsoleInterface:0.29833333333333334
LHS:0.28
Name:0.2733333333333333
BSHType:0.2633333333333333
BSHCastExpression:0.25333333333333335
ClassGeneratorUtil:0.22333333333333333
JThis:0.21333333333333335
BSHArrayInitializer:0.18666666666666668
Modifiers:0.18333333333333332
BSHVariableDeclarator:0.17666666666666667
BSHClassDeclaration:0.17111111111111113
BSHLiteral:0.17
BSHPrimarySuffix:0.16666666666666666
BSHAllocationExpression:0.16
BSHFormalParameter:0.14666666666666667
BSHBinaryExpression:0.14333333333333334
BSHBlock:0.14
ClassGenerator:0.13666666666666666
BlockNameSpace:0.13666666666666666
BSHFormalParameters:0.12
BSHImportDeclaration:0.11333333333333333
BSHTryStatement:0.1
Handler:0.09666666666666666
BSHTypedVariableDeclaration:0.09
Remote:0.08166666666666667
BSHMethodInvocation:0.08
BSHReturnType:0.08
BSHMethodDeclaration:0.07666666666666666
ParserTreeConstants:0.07
BSHPackageDeclaration:0.06388888888888888
SignatureKey:0.06333333333333334
DelayedEvalBshMethod:0.05333333333333334
ClassGeneratorImpl:0.05
