NodeAVL:0.9181807
IndexAVL:0.6954903
