IndexAVLMemory:0.5533911
NodeAVL:0.3514349
Index:0.31124577
