RowStoreAVL:0.45141828
PersistentStore:0.40927014
CachedObject:0.13624263
DataFileCache:0.13223647
DataFileDefrag:0.10959156
Logger:0.044919103
TableSpaceManager:0.03360546
DataSpaceManager:0.029652433
PersistentStoreCollection:0.012399451
