WikiUser:0.61
Utilities:0.44
UserHandler:0.38
DatabaseHandler:0.38
WikiUserInfo:0.37333333333333335
QueryHandler:0.3461666666666666
FileHandler:0.2966666666666667
Environment:0.24333333333333335
DefaultQueryHandler:0.22666666666666666
LdapUserHandler:0.16666666666666666
UpgradeServlet:0.15333333333333332
AdminServlet:0.13666666666666666
SetupServlet:0.13333333333333333
WikiSignatureTag:0.06666666666666667
RegisterServlet:0.045
DatabaseUpgrades:0.006666666666666667
