SqltoolRB:0.44224283
SqlToolError:0.12543528
SqlTool:0.0
