TodoEditorCore:0.5166666666666667
MMessage:0.4666666666666667
SummaryEditor:0.41333333333333333
DateTimeEditor:0.19111111111111112
