Constraint:0.23530541
TableWorks:0.108915254
DatabaseInformationMain:0.09551711
DatabaseCommandInterpreter:0.07374565
Table:0.073663585
DatabaseScript:0.064923525
Expression:0.044122398
Index:0.040417004
DatabaseInformationFull:0.036339015
TableFilter:0.029328523
