TopicVersion:0.6733333333333333
EditServlet:0.26666666666666666
UploadServlet:0.23666666666666666
ManageServlet:0.21666666666666667
MoveServlet:0.14333333333333334
TranslationServlet:0.11666666666666667
