View:0.0343644
jEdit:0.029443344
EnhancedDialog:0.006488383
MacOSHandler:0.004185413
