MActionInfo:0.5466666666666666
GHNSDialog:0.30333333333333334
SummaryPanel:0.29
PluginDownloader:0.2633333333333333
