Topic:0.6433333333333333
DataHandler:0.5966666666666667
ImageUtil:0.33
AnsiDataHandler:0.32666666666666666
AnsiQueryHandler:0.32
LinkUtil:0.2966666666666667
ServletUtil:0.2633333333333333
WikiDatabase:0.22333333333333333
LinkUtilTest:0.18666666666666668
EditServlet:0.17666666666666667
MediaWikiXmlImporter:0.17666666666666667
JAMWikiUnitTest:0.16
TranslationServlet:0.13333333333333333
TiddlyWikiParser:0.13
UploadServlet:0.11666666666666667
