GUIUtilities:0.6933333333333334
JEditTextArea:0.5133333333333333
DockableWindowManager:0.23222222222222225
AboutDialog:0.22333333333333333
HistoryTextField:0.20333333333333334
AboutPanel:0.19805555555555554
BrowserView:0.18
MouseHandler:0.17888888888888888
HelpViewer:0.17222222222222222
