MCalendarPanel:0.110367924
MDate:0.10234835
MCalendar:0.09812728
MText:0.06943238
AbstractSpinner:0.04866992
MActionInfo:0.025733849
MMenu:0.022948435
MAction:0.014520935
MDateSpinnerBeanInfo:0.0025952838
MColor:0.0020830664
