MCellTip:0.089342296
MWhatsThis:0.06671619
MMouseAdapter:0.063485436
MTable:0.060616553
Watermark:0.05928561
MMenu:0.05903215
MLayout:0.05584913
UI:0.054901637
MPanel:0.052070018
MAboutDialog:0.04528351
MSettingsDialog:0.041004635
MAction:0.037531685
MColorPicker:0.031099688
MTree:0.026349854
MMultiPanel:0.00988778
Flags:0.0076578716
MWebBrowserPanel:0.0043814695
