PluginManager:0.4166666666666667
TagsUtils:0.30333333333333334
Tester:0.27666666666666667
FontProperty:0.26
StatsPanel:0.25333333333333335
CryptoUtils:0.22666666666666666
ColumnManager:0.22333333333333333
QueryMenu:0.1877777777777778
