ChartPainter:0.7494444444444445
HTMLColorChooserPanel:0.7266666666666667
