Expression:0.6866666666666666
Parser:0.4533333333333333
TestSql:0.24666666666666667
DatabaseCommandInterpreter:0.24333333333333335
TransactionManager:0.22
