MDialog:0.47333333333333333
MFrame:0.375
MTextFieldPanel:0.32
CircleRenderer:0.29
CompleteRenderer:0.2866666666666667
BooleanRenderer:0.25666666666666665
ContentPane:0.2555
ColorRenderer:0.2
