GUIUtilities:0.48333333333333334
JEditTextArea:0.48333333333333334
OffsetManager:0.34
CloseDialog:0.24333333333333335
EditAction:0.23666666666666666
TextAreaPainter:0.21
ActionHandler:0.18333333333333332
FoldVisibilityManager:0.14666666666666667
BeanShellErrorDialog:0.10333333333333333
Wrapper:0.08333333333333333
ListHandler:0.02
