ValueListener:0.5336111111111111
TK:0.47333333333333333
MFontButton:0.32666666666666666
MIconButton:0.30666666666666664
ValueEvent:0.2733333333333333
Factory:0.16333333333333333
