WorkLocationPlan:0.28481573
ColonyPlan:0.28028536
StandardAIPlayer:0.19755827
ColonialAIPlayer:0.17685276
EuropeanAIPlayer:0.15133081
AIGoods:0.14620683
GoodsWish:0.12133851
AIPlayer:0.094275504
REFAIPlayer:0.09102779
TileImprovementPlan:0.08516613
AIUnit:0.08024123
AIMain:0.066998474
WorkerWish:0.061115768
Wish:0.031053813
AIObject:0.020086713
Transportable:0.016409766
ValuedAIObject:0.007076817
