WorkLocationPlan:0.2315706
AIColony:0.22717522
ColonyProfile:0.058774967
AIMain:0.010613576
