ServletUtil:0.44120857
ManageServlet:0.3416832
WatchlistServlet:0.34085655
MoveServlet:0.3323277
AdminServlet:0.3284707
AdminVirtualWikiServlet:0.3273868
ImportTiddlyWikiServlet:0.31798938
UpgradeServlet:0.31698567
EditServlet:0.3143171
CategoryServlet:0.3073091
RegisterServlet:0.2957963
ItemsServlet:0.28529355
SearchServlet:0.28376356
SpecialPagesServlet:0.2820171
ImportServlet:0.27463084
ContributionsServlet:0.27178344
RecentChangesServlet:0.27175587
PrintableServlet:0.26833242
TopicServlet:0.26303148
HistoryServlet:0.26041132
UploadServlet:0.25716034
SetupServlet:0.25424582
BlockServlet:0.25019994
WikiPageInfo:0.24491169
TranslationServlet:0.24285178
LogServlet:0.233249
BlockListServlet:0.21703048
ExportServlet:0.20812623
RolesServlet:0.20755464
DiffServlet:0.1935422
ViewSourceServlet:0.17904001
LoginServlet:0.17211248
StylesheetServlet:0.15353769
JAMWikiLocaleInterceptor:0.028306577
