Game:0.4666666666666667
FoundingFather:0.37
Canvas:0.32666666666666666
IndianSettlement:0.27666666666666667
ConnectController:0.19555555555555557
InGameInputHandler:0.19
ServerModelController:0.18333333333333332
MapGenerator:0.18
DragListener:0.09333333333333334
