Preferences:0.49333333333333335
ITokenizer:0.3791111111111111
TagTokenizer:0.28
DictionaryEntriesSearchThread:0.26
DefaultTokenizer:0.23666666666666666
BaseTokenizer:0.19666666666666666
