Archive:0.20190828
ArchiveItem:0.19956821
