DifficultyDialog:0.41
NewPanel:0.31
InGameMenuBar:0.30666666666666664
ShowGameOptionsAction:0.24666666666666667
ShowDifficultyAction:0.24
ActionManager:0.22666666666666666
