OS:0.8433333333333334
TestOS:0.4166666666666667
