WikiDatabase:0.5333333333333333
Role:0.45622222222222214
JAMWikiServlet:0.3433333333333333
UpgradeServlet:0.2866666666666667
DatabaseUpgrades:0.13
