PrintBuilder:0.6833333333333333
MActionInfo:0.29333333333333333
TodoWidget:0.2511111111111111
SwingWebBrowser:0.22805555555555557
CompletionWindow:0.19666666666666666
NotepadEditorDesigner:0.18666666666666668
SummaryTree:0.14333333333333334
DocumentPrint:0.11
