MTextFieldPanel:0.18953706
MText:0.12098773
UI:0.0706552
MFontChooser:0.04680784
MTextLabel:0.04555602
MColorChooser:0.039179984
MPasswordPanel:0.025993828
MDocumentAdapter:0.025432168
MLoginPanel:0.022337345
TK:0.021409588
MTextFieldBeanInfo:0.02137779
