ProjectTMX:0.51
RealProject:0.37666666666666665
TestFilterBase:0.2966666666666667
TmxComplianceTests:0.29333333333333333
LoadFilesCallback:0.17
RealProjectTest:0.1618888888888889
TmxComplianceBase:0.14
