MComboBox:0.51
MList:0.33666666666666667
CompleteRenderer:0.32
PriorityRenderer:0.25333333333333335
LookAndFeelSettings:0.15
PluginRenderer:0.15
