Kiosk:0.66
MURLButton:0.2633333333333333
MText:0.23666666666666666
MainWindow:0.22416666666666665
MTextPane:0.2
MFileChooser:0.19333333333333333
Tree:0.18861111111111112
TaskTable:0.18
MColorChooser:0.15666666666666668
ZoomOutAction:0.10333333333333333
ZoomInAction:0.10333333333333333
