Tile:0.5966666666666667
ResourceType:0.43
TileType:0.33
Resource:0.2866666666666667
ColopediaPanel:0.26
TileImprovementType:0.20666666666666667
MapGenerator:0.19666666666666666
TileImprovement:0.18833333333333332
