Colony:0.28118077
Unit:0.24053082
Building:0.1597478
Tile:0.13638273
Player:0.10804754
GoodsContainer:0.09903257
Goods:0.096918896
Game:0.068351045
WorkLocation:0.06685941
FreeColGameObject:0.06130008
Locatable:0.02625103
