Unit:0.4316447
GoodsContainer:0.23551105
Market:0.22711465
Tile:0.21666145
Europe:0.21651486
Building:0.20927624
Colony:0.20394231
ColonyTile:0.18496402
Player:0.113619305
Location:0.10810112
Locatable:0.098218754
Game:0.082969666
