ColonyTile:0.362473
Colony:0.3127122
Building:0.24397083
Location:0.15354276
Unit:0.12501143
Player:0.09850834
