FeedViewer:0.635
Links:0.49666666666666665
TagsSelection:0.36333333333333334
