jEdit:0.22996336
Handler:0.21707031
JARClassLoader:0.1975436
EditPlugin:0.08876643
MiscUtilities:0.04476192
