Buffer:0.63
FoldVisibilityManager:0.41333333333333333
JEditTextArea:0.3933333333333333
BufferUpdate:0.33166666666666667
BufferChangeListener:0.32017460317460317
MarkerHighlight:0.24
PanelWindowContainer:0.23666666666666666
TextAreaPainter:0.23
HelpViewer:0.23
Gutter:0.20333333333333334
EditPane:0.19333333333333333
BufferChangeAdapter:0.16333333333333333
MouseHandler:0.14666666666666667
BufferOptions:0.13333333333333333
FoldVisibilityMap:0.08833333333333333
LineInfo:0.03666666666666667
BufferChangeHandler:0.006666666666666667
