UI:0.066883795
MColorChooser:0.057592917
MTip:0.054361414
MCalendar:0.046401653
MStatusBar:0.046006106
MWizard:0.036069695
MTogglePanel:0.031036794
MPanel:0.028209804
MLabel:0.021307338
Blend:0.013111409
MHighlighter:0.012651453
FS:0.009403683
TK:0.007076863
Property:0.004463212
BooleanProperty:0.0035572478
