MouseGestures:0.052323963
UI:0.048394606
MCellTip:0.04193986
MMainWindow:0.038231194
MWhatsThis:0.02946496
DummyComponent:0.019110309
MApplication:0.007936421
TK:0.0073908647
