UI:0.13543703
MNotification:0.04974989
MSplashScreen:0.019180095
