FreeColDialog:0.16876295
FreeColPanel:0.05086185
