DisplayManager:0.7266666666666667
ChunkCache:0.41
HelpIndex:0.25
HelpTOCPanel:0.19333333333333333
