UI:0.76
MRenderer:0.31
Title:0.21222222222222223
Button:0.18888888888888888
MSeparator:0.17888888888888888
LockButton:0.13666666666666666
TreeSelectionLayerUI:0.13666666666666666
