FoundingFather:0.6779761904761905
TileImprovementType:0.6733333333333333
