WikiUtil:0.4266666666666667
AnsiDataHandler:0.42
WikiDatabase:0.4166666666666667
WikiUtilTest:0.24666666666666667
