TaskTable:0.55
TaskPanel:0.39666666666666667
TodoEditor:0.30666666666666664
Filter:0.21666666666666667
ShowCompletedTasksAction:0.15666666666666668
