Preferences:0.8266666666666667
ViewOptionsDialog:0.2633333333333333
ProtectedPartsMarker:0.16666666666666666
