InGameController:0.5966666666666667
FreeColAction:0.34400000000000003
Canvas:0.33666666666666667
ActionManager:0.29
ContinueAction:0.19333333333333333
MainPanel:0.11666666666666667
