IMainMenu:0.7938888888888889
MainWindowMenu:0.6755555555555556
TestCore:0.2833333333333333
