MoveHandle:0.54
PointHandle:0.47333333333333333
ConnectionPointHandle:0.36333333333333334
