Mnemonic:0.5983333333333334
ScriptIDE:0.4266666666666667
TextHighligther:0.17
TagsHighlighter:0.17
