TextCache:0.31666666666666665
Expression:0.31666666666666665
ArrayUtil:0.3
Log:0.2833333333333333
NIOScaledRAFile:0.2758333333333333
Cache:0.25666666666666665
ScaledRAFile:0.24444444444444446
DatabaseInformationFull:0.2
TextTable:0.19333333333333333
Logger:0.19
