PluginJAR:0.233628
MiscUtilities:0.07346121
VFSManager:0.059907254
jEdit:0.05221708
BeanShell:0.046758525
ManagePanel:0.042198874
PluginResURLConnection:0.037215143
Log:0.027982008
HelpTOCPanel:0.02201697
