AIPlayer:0.7266666666666667
DefendSettlementMission:0.5033333333333333
