Token:0.7691111111111112
DatabaseCommandInterpreter:0.4266666666666667
