JavaNumberFormatter:0.8233333333333334
EditCanvasPanel:0.17222222222222225
EditGridPanel:0.14333333333333334
FillToolBar:0.13666666666666666
FontToolBar:0.13666666666666666
FigureToolBar:0.13666666666666666
StrokeToolBar:0.13
CanvasToolBar:0.12333333333333334
ODGPropertiesPanel:0.12333333333333334
