Main:0.5933333333333334
Wizard:0.36
StatsDialog:0.2733333333333333
