RowStoreAVLMemory:0.52928627
RowStoreAVL:0.4971888
RowStoreAVLHybrid:0.44209638
CachedObject:0.14809833
DataFileCache:0.13272798
DataFileDefrag:0.11536265
TextCache:0.11273021
PersistentStoreCollectionSession:0.09688993
PersistentStoreCollectionDatabase:0.037135884
PersistentStoreCollection:0.035525568
Logger:0.0338341
