RowStoreAVL:0.42964357
RowStoreAVLHybrid:0.34977758
Logger:0.042278115
CachedObject:0.011356428
PersistentStoreCollection:0.0051948503
