RowStoreAVLDisk:0.378934
RowStoreAVLHybrid:0.36015007
RowStoreAVLHybridExtended:0.3332939
PersistentStore:0.31937107
RowStoreAVLMemory:0.26626018
RowStoreAVLDiskData:0.23277017
DataFileCache:0.073640004
CachedObject:0.03541414
PersistentStoreCollection:0.007097116
