TarHeaderField:0.2814177
PIFGenerator:0.27332667
TarMalformatException:0.040220562
TarFileOutputStream:0.0
RB:0.0
DbBackup:0.0
