CategoryListRenderer:0.28
BooleanRenderer:0.26666666666666666
CompleteRenderer:0.26666666666666666
ColorRenderer:0.26
PrintTableCellRenderer:0.22083333333333333
MTableHeader:0.06666666666666667
