FeedComponent:0.6
StateEvent:0.5186666666666666
AddFeedDialog:0.3466666666666667
