Desktop:0.5566666666666666
MDesktopManager:0.44
Widget:0.43333333333333335
MDesktopPane:0.224484126984127
