View:0.07431039
jEdit:0.069042906
EnhancedDialog:0.026469702
