ServerUnit:0.07987197
ServerPlayer:0.07883566
ServerModelObject:0.022186603
