Map:0.6233333333333333
Player:0.49333333333333335
Game:0.43666666666666665
FreeColGameObject:0.3106666666666667
EuropePanel:0.22888888888888886
InGameController:0.22333333333333333
ServerUnit:0.19666666666666666
FreeColServer:0.19333333333333333
DebugMenu:0.17
ReportPanel:0.1611111111111111
DestinationPanel:0.1511111111111111
