LoadFileAction:0.19510263
OpenDirectoryAction:0.17661156
NewFileAction:0.12636866
CloseFileAction:0.084305935
