Unit:0.6233333333333333
Player:0.5133333333333333
IndianSettlement:0.3616666666666667
Tile:0.35333333333333333
