GUI:0.9133333333333333
UnitMoveAnimation:0.2966666666666667
