Unit:0.6233333333333333
ColonyTile:0.35
ServerUnit:0.31
ServerColony:0.2377777777777778
