MLabel:0.72
MRenderer:0.38666666666666666
MAboutDialog:0.2633333333333333
OptimizedPanel:0.26
