TestFilterBase:0.61
RcFilter:0.4266666666666667
TestAlignCallback:0.23333333333333334
AlignedEntry:0.18411111111111111
RcFilterTest:0.07333333333333333
