Logger:0.63
ErrorCode:0.416984126984127
LobManager:0.34
StatementCommand:0.21444444444444447
