Unit:0.5566666666666666
UnitType:0.45
GoodsType:0.31
ReportRequirementsPanel:0.31
CompactLabourReport:0.24444444444444446
