TodoEditorPlugin:0.10106231
TodoEditorCore:0.09288821
TodoEditorDesigner:0.060355578
