MRenderer:0.5188888888888888
Renderer:0.45666666666666667
MCellTip:0.37666666666666665
