XMLHelper:0.54
StuffItem:0.4464166666666665
GHNSDialog:0.43333333333333335
Feed:0.36
