HelpViewer:0.06869911
FileCellRenderer:0.05863451
jEdit:0.03490556
EditPlugin:0.021450896
GUIUtilities:0.01701955
MiscUtilities:0.016664412
JARClassLoader:0.015286322
XmlParser:0.009037036
Log:0.0077249887
HandlerBase:0.0056469664
OperatingSystem:0.005083068
XmlException:0.0023576817
