XModeHandler:0.10219859
ParserRuleSet:0.08610971
TokenMarker:0.08269937
Buffer:0.023741888
RESearchMatcher:0.023132801
Token:0.017334512
RE:0.015343981
RESyntax:0.0053524263
REException:0.0037272123
