jEdit:0.24946181
VFSUpdate:0.09053214
DirectoryListSet:0.059194885
Macros:0.04803788
SearchAndReplace:0.042100865
BufferListSet:0.037144165
OperatingSystem:0.022979945
EBMessage:0.017215185
SearchFileSet:0.016667427
EBComponent:0.010961137
