Buffer:0.117857195
jEdit:0.103823185
EditPane:0.09161436
View:0.0877514
TextAreaPainter:0.08346476
JEditTextArea:0.082001984
EnhancedCheckBoxMenuItem:0.077994905
EnhancedMenuItem:0.0671223
BufferOptions:0.05532371
Abbrevs:0.05338083
InputHandler:0.048748564
SearchBar:0.044765063
EnhancedButton:0.043552283
Macros:0.040443536
SearchAndReplace:0.035033315
MiscUtilities:0.03237248
BufferPrintable:0.031025315
FoldVisibilityManager:0.02888727
VFSManager:0.028759513
DefaultInputHandler:0.027921088
WorkThreadProgressListener:0.027608043
Mode:0.027579362
WorkThreadPool:0.025576694
RecentFilesMenu:0.023047375
RecentDirectoriesMenu:0.017908609
OperatingSystem:0.01060797
