MDialog:0.5483333333333333
PluginSettings:0.33666666666666667
PropertiesDialog:0.28
Backup:0.26
