MProperties:0.9161111111111112
Preview:0.5216666666666666
Config:0.415
DefaultPreview:0.2733333333333333
Gettext:0.2
Index:0.19
PreviewPanel:0.18666666666666668
LinkEditorPlugin:0.14666666666666667
TodoEditorPlugin:0.14666666666666667
Result:0.06833333333333333
