PluginManager:0.49666666666666665
MAboutDialog:0.42333333333333334
PluginSettings:0.28
License:0.25333333333333335
