GUI:0.71
ProductionMultiplesLabel:0.2633333333333333
ProductionLabel:0.25333333333333335
