VFSBrowser:0.7
BufferPrintable:0.26
VFSFileNameField:0.20377777777777778
VFSFileChooserDialog:0.19
TokenMarker:0.18333333333333332
BufferIORequest:0.17
BrowserHandler:0.146
KeyEventWorkaround:0.1
Debug:0.006666666666666667
