MPanel:0.6133333333333333
MTaskPanel:0.41
TransitionPanel:0.30666666666666664
GhostFrame:0.18666666666666668
