ResourceBundleFilterTest:0.09556738
POFilterTest:0.07780923
DokuWikiFilterTest:0.07677327
OpenXMLFilterTest:0.0717346
OpenDocFilterTest:0.07173458
TextFilterTest:0.0680109
SrtFilterTest:0.053269498
HTMLFilter2Test:0.05130735
DocBookFilterTest:0.036522
AndroidFilterTest:0.03650226
XLIFFFilterTest:0.02574434
XHTMLFilterTest:0.025744332
INIFilterTest:0.024932628
HHCFilter2Test:0.022129675
