SummaryTree:0.16062161
SummaryPanel:0.09937103
Reminder:0.030882912
SummaryCategory:0.011944934
