FS:0.8833333333333333
ScriptYourself:0.31666666666666665
Projects:0.2111111111111111
FileExtensionFilter:0.10333333333333333
DirectoryFilter:0.013333333333333334
