FreeColPanel:0.8933333333333333
ReportTradePanel:0.31
ReportProductionPanel:0.24666666666666667
