jEdit:0.5866666666666667
HelpViewerDialog:0.38333333333333336
PluginJAR:0.36
HelpButton:0.16
