MMessage:0.7733333333333333
MDocumentAdapter:0.41333333333333333
