MainWindow:0.5566666666666666
EditorQuickFind:0.45666666666666667
Sidebar:0.38666666666666666
TaskSummary:0.17111111111111113
