MDialog:0.47333333333333333
Dialog:0.37
PrintDialog:0.2833333333333333
Input:0.2580555555555556
MButtonPanel:0.22666666666666666
MWizardDialog:0.18
ScriptIDE:0.13333333333333333
