DesktopPanel:0.6733333333333333
ImportExport:0.48333333333333334
Desktop:0.4066666666666667
