Colony:0.6733333333333333
ColonyPanel:0.41333333333333333
BuildQueue:0.37666666666666665
BuildingPanel:0.28
FreeColProgressBar:0.21972222222222218
BuildQueueCellRenderer:0.19666666666666666
OutsideColonyPanel:0.17111111111111113
BuildQueuePanel:0.16333333333333333
ColonyCargoPanel:0.16
BuildingsPanel:0.15666666666666668
BuildingSitePanel:0.14
BuildQueueTransferHandler:0.14
BuildingSiteToolTip:0.035
