GoodsType:0.4866666666666667
Tile:0.43333333333333335
IndianSettlement:0.36333333333333334
PlayerExploredTile:0.3333333333333333
Canvas:0.30333333333333334
FreeColObject:0.23666666666666666
ColonyPlan:0.17
