TK:0.069616415
UI:0.06487627
OS:0.05851035
Benchmark:0.056450427
MMessage:0.05578493
MToolBar:0.051317424
MButton:0.046975117
Gettext:0.04692533
MText:0.04458333
Config:0.04383243
MCalendar:0.043349642
XMLHelper:0.038750302
MTip:0.03801051
MSmallButton:0.03703585
FS:0.03274362
MWebBrowser:0.027014326
MFormat:0.024866171
MApplication:0.022259945
MList:0.020791132
Property:0.020082587
MMainWindow:0.019845206
MClipboard:0.019572848
SimpleXMLReader:0.019178033
FileSelection:0.01876892
MWhatsThis:0.01854451
Preloader:0.017876003
AbstractFileCache:0.0173804
MIcon:0.016873939
MTable:0.015939541
MIconChooser:0.01524415
MHighlighter:0.015119807
MDate:0.013370502
MProcess:0.012317156
Net:0.011598552
MTimer:0.011428276
MAuthenticator:0.011212698
FileCache:0.009578002
MInternalFrame:0.008818493
ImageSelection:0.0073859743
StringProperty:0.00721927
PropertyAccess:0.00720484
HTMLViewFactory:0.0071421154
MCellTip:0.0069077746
AbstractSelection:0.006627327
BooleanProperty:0.0060035167
MSystemTray:0.00585197
AbstractListTableModel:0.004451516
MZip:0.0038527783
MUndoManager:0.0037981062
