MPanel:0.041997924
MMessage:0.029643118
UI:0.024714595
MButton:0.01919772
TK:0.014279752
MHighlighter:0.009381831
MSmallButton:0.006708274
Size:0.0019449133
