WikiConfigurationObject:0.4866666666666667
WikiConfiguration:0.45
AbstractJAMWikiCustomTagLexer:0.2833333333333333
JFlexCustomTagItem:0.2812222222222222
FacebookTag:0.15833333333333333
TwitterTag:0.15833333333333333
GalleryTag:0.09916666666666667
IFrameTag:0.09166666666666666
