InGameController:0.6833333333333333
LearnSkillMessage:0.2633333333333333
AskSkillMessage:0.24666666666666667
