TransportMission:0.17920738
Mission:0.16717899
