EditAction:0.40879387
DockableWindowManager:0.33751303
jEdit:0.26835185
EditPlugin:0.23968118
Macros:0.22577833
BeanShell:0.14722455
ShortcutsOptionPane:0.11963233
ContextAddDialog:0.11684327
ActionListHandler:0.109489806
JARClassLoader:0.10693652
ToolBarEditDialog:0.10348682
