River:0.58
Tile:0.5233333333333333
ImageLibrary:0.37666666666666665
GUI:0.33
MapGenerator:0.22
