Tool:0.5533333333333333
SelectionTool:0.3933333333333333
BrushTool:0.34
SelectionToolPanel:0.22444444444444447
ToolPanel:0.08
