SqlFile:0.5233333333333333
RefCapablePropertyResourceBundle:0.35333333333333333
SqltoolRB:0.31333333333333335
SqlTool:0.25
