InputHandler:0.16010365
ConnectController:0.08417435
