AnsiDataHandler:0.31945926
QueryHandler:0.1813277
DatabaseUpgrades:0.13250308
DatabaseConnection:0.094890304
DatabaseUserHandler:0.09435335
