MPanel:0.58
FeedThread:0.38333333333333336
AbstractFileCache:0.35333333333333333
