ParserFunctionUtil:0.41
ParserOutput:0.38
ParserTest:0.30333333333333334
ServletUtil:0.2966666666666667
TemplateTag:0.24666666666666667
WikiMessage:0.1461111111111111
