MMenu:0.4377777777777778
MDialog:0.41333333333333333
ScriptPlugin:0.35
Mnemonic:0.29
MButton:0.29
