Table:0.461111111111111
Types:0.3656666666666667
DatabaseCommandInterpreter:0.3233333333333333
Column:0.31666666666666665
Parser:0.29
DatabaseScript:0.21111111111111108
