Player:0.5266666666666666
Settlement:0.5166666666666667
Colony:0.45666666666666667
Tile:0.4066666666666667
IndianSettlement:0.38166666666666665
ColonyTradeItem:0.20333333333333334
SimpleCombatModel:0.20333333333333334
InGameController:0.2
TilePopup:0.17333333333333334
EditSettlementDialog:0.13333333333333333
