SqltoolRB:0.4335946
SqlToolError:0.123545945
SqlTool:0.0
