Table:0.37
jdbcResultSet:0.34
DINameSpace:0.3333333333333333
DITableInfo:0.2866666666666667
jdbcResultSetMetaData:0.27666666666666667
Column:0.2633333333333333
jdbcDatabaseMetaData:0.26
Library:0.22333333333333333
jdbcColumnMetaData:0.2063968253968254
DatabaseInformationFull:0.19
DatabaseInformationMain:0.17666666666666667
DatabaseInformation:0.13333333333333333
View:0.10777777777777776
