TextFileSettings:0.5433333333333333
TextCache:0.3466666666666667
TextTable:0.3088888888888889
RowAVLDiskData:0.28
Logger:0.255
RowOutputText:0.2
DatabaseInformationFull:0.19666666666666666
