Unit:0.55
Colony:0.36333333333333334
ColonyTile:0.3
Building:0.29333333333333333
ColonyPanel:0.27666666666666667
AbstractGoods:0.27
OutsideColonyPanel:0.1752777777777778
ColonyCargoPanel:0.16666666666666669
