GlossaryTextArea:0.49666666666666665
MultipleTransPane:0.22333333333333333
SpellCheckerPopup:0.22014285714285714
DefaultPopup:0.17333333333333334
GoToSegmentPopup:0.17
EditorPopups:0.16666666666666666
