Table:0.63
Session:0.35
Log:0.30333333333333334
DatabaseInformationFull:0.29333333333333333
ArrayUtil:0.27666666666666667
UnifiedTable:0.17666666666666667
DatabaseScriptWriter:0.17333333333333334
TableWorks:0.16
Transaction:0.09666666666666666
PrimStringCellComparator:0.095
