Base64:0.41333333333333333
DefaultAttributeAction:0.3333333333333333
AbstractConnectionHandle:0.32666666666666666
FocusWindowAction:0.21666666666666667
DefaultFontChooserModel:0.17333333333333334
PaletteRootLayout:0.17333333333333334
