FilterMaster:0.6
RealProject:0.32666666666666666
IFilter:0.3233888888888889
