MDateSpinner:0.11336041
MTextPane:0.07939512
AbstractSpinner:0.04152195
MMenu:0.03796048
MTextField:0.03361768
MComboBox:0.032849353
AppAction:0.028052846
MPasswordField:0.027164875
MLabeledTextField:0.025257783
MMessage:0.023826702
UI:0.021609666
MTextFieldPanel:0.016535573
MAction:0.01523262
MDate:0.01456672
MTextArea:0.009343571
TK:0.0061539556
MFileChooser:0.006022644
MMenuAdapter:0.0054910686
MLabel:0.004980888
MMouseAdapter:0.0039880495
MLogger:0.0039272807
Blend:0.0022000473
OS:0.0015884024
Modifiable:8.9082256E-4
MDocumentAdapter:8.6440926E-4
Uninstantiable:2.0430243E-6
