BackgroundTaskManager:0.1450232
FileCache:0.117184944
TK:0.058619507
