NationSummary:0.5933333333333334
InGameController:0.4955555555555555
NegotiationDialog:0.27
ForeignAffairsMessage:0.26
InGameInputHandler:0.18333333333333332
ReportForeignAffairPanel:0.10666666666666667
