IParseCallback:0.4347619047619048
PoFilter:0.4066666666666667
TestFilterBase:0.37666666666666665
LoadFilesCallback:0.24
ParseEntry:0.17
