DOMStorableInputOutputFormat:0.26844487
ImageInputFormat:0.26222017
SerializationInputOutputFormat:0.25171176
TextInputFormat:0.22912152
