CachedObject:0.18812607
DataSpaceManagerBlocks:0.086702324
CachedObjectBase:0.046720322
PersistentStore:0.028571066
