DataSpaceManagerBlocks:0.11770042
CachedObject:0.08876765
CachedObjectBase:0.026835866
PersistentStore:0.010898478
