DataOutputStream:0.38795027
StringConverter:0.16563533
InOutUtil:0.13337652
LineReader:0.09717684
