StringConverter:0.13618356
InOutUtil:0.1253796
