CachedObject:0.33474025
CachedObjectBase:0.0933809
DataSpaceManagerBlocks:0.07800655
PersistentStore:0.047747243
