RowInputBase:0.19328597
RowInputInterface:0.07680869
