RowInputBase:0.43263778
RowInputInterface:0.35136443
RowInputBinary180:0.2770885
RowInputBinaryDecode:0.16505364
RowOutputBinary:0.09625368
RowOutputInterface:0.027369156
