RowInputBinary:0.46044126
RowInputText:0.28484073
RowInputTextLog:0.21457599
RowInputBinaryDecode:0.17957294
RowInputBinary180:0.17896242
