RowInputTextQuoted:0.38076523
RowInputBase:0.17220198
RowInputInterface:0.09400262
