RowInputBinary:0.19377755
RowInputInterface:0.18494608
