RowInputBinary:0.5814871
RowInputText:0.3449955
RowInputTextLog:0.3026563
