RowInputBinary:0.29898655
RowInputInterface:0.11202347
