OS:0.051509332
FS:0.050947394
MLogger:0.033412352
UI:0.023947973
TK:0.014687376
Uninstantiable:1.9806823E-4
