JDBCCallableStatementTest:0.38166666666666665
JDBCCallableStatementWhileClosedTest:0.3516666666666667
BaseTestCase:0.27666666666666667
JDBCStatementTest:0.25
