PluginListHandler:0.27776816
InstallPluginsDialog:0.25055712
MiscUtilities:0.12223463
jEdit:0.12185893
Roster:0.11431173
EditPlugin:0.10557243
PluginManager:0.10460733
PluginListDownloadProgress:0.027468355
XmlParser:0.022435322
Log:0.020928403
