Figure:0.83
SimpleDrawingView:0.4033333333333333
LayersInspector:0.37333333333333335
IterableTree:0.11
