StaticUtils:0.10553001
LFileCopy:0.08030289
DirectoryMonitor:0.070298485
OConsts:0.036574993
Log:0.034656163
TMXWriter2:0.02134344
Platform:0.0015151483
