Unit:0.64
ColonyPanel:0.3433333333333333
CargoPanel:0.23666666666666666
OutsideColonyPanel:0.11111111111111109
