Index:0.53
Archive:0.48333333333333334
TreeFS:0.31666666666666665
