Modifier:0.5066666666666667
Specification:0.5
Feature:0.39
Ability:0.38666666666666666
AbstractGoods:0.26666666666666666
FreeColGameObjectType:0.25333333333333335
AIGoods:0.24666666666666667
UnitType:0.20666666666666667
EquipmentType:0.20333333333333334
BuildingType:0.18666666666666668
BuildableType:0.18333333333333332
FreeColObject:0.17666666666666667
ResourceType:0.15
AbstractUnit:0.11666666666666667
