FS:0.82
Console:0.21666666666666667
AbstractPlugin:0.21666666666666667
InternetSearchPlugin:0.21666666666666667
BackupDialog:0.21666666666666667
CategoryManager:0.21666666666666667
Desktop:0.21333333333333335
AutoCompletion:0.20833333333333334
AbstractFileCache:0.19
DeskletLoader:0.18
