jdbcResultSet:0.42260045
jdbcDatabaseMetaData:0.38012007
jdbcPreparedStatement:0.32301328
jdbcStatement:0.29870915
jdbcColumnMetaData:0.16576086
jdbcUtil:0.04022568
