MColor:0.8716666666666667
SessionManager:0.31333333333333335
