Routine:0.42333333333333334
FileAccessResTest:0.4066666666666667
PIFGeneratorTest:0.25166666666666665
UtilTest:0.21166666666666667
PropertyGetter:0.2006666666666667
ValuePoolHashMapTest:0.19533333333333333
HsqldbEmbeddedDatabaseCloser:0.17
