ColonyPanel:0.26848003
EuropePanel:0.26436228
UnitLabel:0.088886246
ImageSelection:0.05861718
DropListener:0.05116308
GoodsLabel:0.049741045
MarketLabel:0.04798707
