Table:0.18011805
Expression:0.17877398
User:0.14078692
TriggerDef:0.13174316
DatabaseCommandInterpreter:0.09099661
Database:0.08729608
Library:0.06164341
Result:0.046860114
Token:0.045069903
Constraint:0.041542117
Index:0.039303668
Log:0.03833735
View:0.032520987
UserManager:0.03220068
SequenceManager:0.01876623
Column:0.017059637
Logger:0.015880074
Types:0.013297044
ConstraintCore:0.011939606
NumberSequence:0.010255321
HsqlException:0.002411916
