Select:0.07141463
Expression:0.030900571
Result:0.017889587
