TriggerDef:0.43276387
Table:0.22959597
DatabaseCommandInterpreter:0.11050944
