UI:0.5833333333333334
ComponentAnimation:0.3466666666666667
MButton:0.32666666666666666
TransitionPanel:0.2866666666666667
FloatSetter:0.27051984126984113
MSmallColorButton:0.23
MScrollPane:0.23
Transition:0.19
FeedsFSPlugin:0.18333333333333332
Updater:0.17666666666666667
StaticRolloverHandler:0.16333333333333333
MoveTransition:0.14666666666666667
FadeTransition:0.14
NoTransition:0.12666666666666668
GhostFrame:0.12333333333333334
TabIcon:0.10666666666666667
MButtonBeanInfo:0.08
PointUpdater:0.07
DimensionUpdater:0.07
FloatUpdater:0.043333333333333335
ColorUpdater:0.03666666666666667
DoubleUpdater:0.02666666666666667
RectangleUpdater:0.024761904761904763
IntUpdater:0.0
ObjectUpdater:0.0
