MLabeledTextField:0.048629697
MPasswordField:0.02874413
MDialog:0.026353346
MPanel:0.018775947
OS:0.01149876
Net:0.010918755
MLogger:0.004151646
Property:0.0036360763
Size:0.0019576352
