FunctionCustom:0.4
ParserDQL:0.39
FunctionSQL:0.35833333333333334
Session:0.3566666666666667
