AbstractTool:0.7966666666666666
CompositeFigureCreationTool:0.39599999999999996
