CalcMatchStatistics:0.5166666666666667
CalcStandardStatistics:0.4033333333333333
BaseStatisticsPanel:0.27
