IMainWindow:0.2015876
MainWindowMenuHandler:0.072739884
MainWindowUI:0.070229545
ProjectUICommands:0.06583211
MainWindowMenu:0.03130356
IMainMenu:0.0022048585
