ResourceBundleFilter:0.83
ResourceBundleOptionsDialog:0.42333333333333334
ResourceBundleFilterTest:0.14333333333333334
