Unit:0.8733333333333333
InGameController:0.33
CargoHandler:0.27666666666666667
