BackgroundTask:0.7033333333333334
AbstractApplication:0.32666666666666666
EditCanvasPanel:0.2633333333333333
SVGDrawingPanelSample:0.17
ExitAction:0.15666666666666668
LoadFileAction:0.15
Dialogs:0.14
ExportFileAction:0.13666666666666666
PrintFileAction:0.13666666666666666
ImageTool:0.13666666666666666
CharacterSetAccessory:0.13666666666666666
SVGCreateFromFileTool:0.13666666666666666
OpenFileAction:0.13666666666666666
AbstractSaveUnsavedChangesAction:0.13666666666666666
SaveFileAction:0.12333333333333334
OpenApplicationFileAction:0.10333333333333333
OpenRecentFileAction:0.10333333333333333
LoadRecentFileAction:0.08333333333333333
PrintApplicationFileAction:0.08333333333333333
ClearFileAction:0.08333333333333333
