Unit:0.7066666666666667
Europe:0.49666666666666665
Colony:0.3933333333333333
