Editor:0.56
PropertyPanel:0.4633333333333333
MSmallColorChooser:0.3466666666666667
Wrapper:0.07666666666666666
Permission:0.043333333333333335
