RealProject:0.093924634
SourceTextEntry:0.0346646
