Cache:0.6733333333333333
Log:0.4033333333333333
DataFileDefrag2:0.24666666666666667
DataFileDefrag1:0.24666666666666667
