RealProject:0.42333333333333334
Scores:0.3561111111111111
Preferences:0.35333333333333333
ExternalTMXMatchesDialog:0.32
NearString:0.27
