Nation:0.39
Unit:0.38
Game:0.37333333333333335
NationType:0.33
EuropeanNationType:0.3244444444444445
Player:0.25666666666666665
IndianNationType:0.23833333333333334
MapGenerator:0.23333333333333334
ServerPlayer:0.23
Europe:0.214
Specification:0.19111111111111112
PreGameInputHandler:0.18333333333333332
PreGameController:0.14
PlayersTableModel:0.14
