TagsMenu:0.14887568
Tags:0.08680779
TagsEditor:0.08144569
TagsInfo:0.049672976
