ImageUtil:0.5333333333333333
WikiPageInfo:0.43333333333333335
ServletUtil:0.3607777777777778
ImageServlet:0.25666666666666665
ImageUtilTest:0.17
