QuadTreeDrawing:0.45666666666666667
BezierPathTest:0.4166666666666667
DefaultDrawing:0.41333333333333333
AbstractDrawingViewAction:0.22333333333333333
