MTreeItem:0.08987856
MTreeModel:0.07560695
MCellTip:0.05916986
MScrollPane:0.031028206
