Buffer:0.6066666666666667
JEditTextArea:0.43
SplashScreen:0.24111111111111114
DefaultInputHandler:0.19555555555555554
ClipboardRegister:0.12666666666666668
