SecureProperty:0.34038168
PropertyAccess:0.33326504
Config:0.28881663
TK:0.13526921
EnumProperty:0.12530799
IntegerProperty:0.09625361
MRenderer:0.05807878
BooleanProperty:0.05697982
ColorProperty:0.056896057
UI:0.0552977
MLogger:0.053117182
DoubleProperty:0.052521307
StringProperty:0.052027125
FloatProperty:0.05120106
MAction:0.046555493
MApplication:0.045728218
DateProperty:0.040601443
VersionProperty:0.03898633
OS:0.038700018
FontProperty:0.034968086
FS:0.028987525
MDialog:0.024511341
MIcon:0.024013452
MFileChooser:0.022450991
MText:0.021402432
MStatusBar:0.01745766
MMainWindow:0.01594943
MTree:0.015939359
MIconChooser:0.015657065
MSettingsDialog:0.015161972
MColorIcon:0.013457811
MButton:0.012647873
MTextFieldPanel:0.011996523
WTFError:0.011985466
MRating:0.011933135
MDesktopPane:0.011905234
MTip:0.011717872
MCellTip:0.011416366
MouseGestures:0.010998414
MToolBar:0.01059786
MSystemTray:0.010573729
MNotification:0.010500262
MURLButton:0.010456986
MMessage:0.010391252
MColorChooser:0.010082354
MTextPane:0.009929533
MLabel:0.009494011
MWizardDialog:0.007651886
MUndoManager:0.006237167
MButtonPanel:0.0061640753
MTableHeader:0.0045885695
CoolHeader:0.004229654
MSplashScreen:0.0036857864
MFlipPanel:0.0034330334
MMouseAdapter:0.0030257804
