PluginAction:0.34
MetaInfoAction:0.2866666666666667
CategoryAction:0.20666666666666667
MDataAction:0.16333333333333333
