MHTMLViewer:0.5666666666666667
NotepadEditorDesigner:0.2833333333333333
HTMLPreviewProvider:0.28
StaticHTMLEditorKit:0.16333333333333333
