GoodsType:0.39666666666666667
InGameController:0.31333333333333335
GUI:0.31333333333333335
TileImprovement:0.27666666666666667
TileItemContainer:0.23
ResourceType:0.22333333333333333
TileType:0.22
PlayerExploredTile:0.21
TileImprovementType:0.19666666666666666
DefaultCostDecider:0.13
ReportUnitPanel:0.12666666666666668
ReportRequirementsPanel:0.12
