MIconChooser:0.07731887
MLabel:0.07366863
UI:0.067199275
MApplication:0.05663538
MRating:0.054723796
MButton:0.054016
MSystemTray:0.05178081
HTMLViewFactory:0.05144941
MColorIcon:0.051158253
ImageBorder:0.0464279
MAction:0.044543955
MDialog:0.04451205
MAboutDialog:0.04350558
Ico:0.041862104
MStatusBar:0.0400022
TK:0.038158435
MMessage:0.03450794
MGraphics:0.031825934
MTabbedPane:0.028289
MSettingsPage:0.02713209
MMenu:0.025445389
MLogger:0.025313174
MToolBar:0.024633871
Item:0.02447949
MNotification:0.023120914
MTip:0.022171838
MSettingsDialog:0.021326516
Base64:0.020171002
MFileChooser:0.019246368
MColorChooser:0.01798222
MCalendarPanel:0.017072387
MActionInfo:0.015634257
MInternalFrame:0.0152568305
MRenderer:0.015002807
MArrayList:0.014436308
MColorPicker:0.014229271
MTable:0.013816025
MWizardDialog:0.012028651
MToggleButton:0.010849299
MTextFieldPanel:0.010190635
Property:0.009783339
CoolHeader:0.009264262
MMultiPanel:0.008946171
MThrobber:0.0087720845
MMenuItem:0.0066277776
MFontButton:0.005196091
BackgroundTaskManager:0.004365463
