RangeVariable:0.6833333333333333
ParserDQL:0.4
TransactionManagerCommon:0.2833333333333333
RowStoreAVLDisk:0.2833333333333333
RowStoreAVLMemory:0.2733333333333333
SortAndSlice:0.24666666666666667
QueryExpression:0.23333333333333334
