GUI:0.5066666666666667
Canvas:0.47
IndianSettlementPanel:0.42
TilePopup:0.23844444444444443
