DrawingView:0.2219846
Tool:0.21956615
FigureSelectionListener:0.13400602
Drawing:0.067992136
ViewChangeListener:0.0669302
