Gettext:0.5366666666666666
Armor:0.33222222222222225
Permission:0.09333333333333334
