PropertiesPanel:0.37333333333333335
TreePanel:0.36
VersionDialog:0.34
VersionsAction:0.19666666666666666
