LocationBar:0.21307184
TreePanel:0.18601345
ImportExport:0.17223108
ItemRenderer:0.15800005
PropertiesPanel:0.12186174
TreeSettings:0.008807149
