Statistics:0.5966666666666667
CalcMatchStatistics:0.3
FileData:0.2814312169312169
TextUtil:0.19333333333333333
CalcStandardStatistics:0.056666666666666664
