InGameInputHandler:0.44333333333333336
Controller:0.43333333333333335
InputHandler:0.2633333333333333
FreeColServerHolder:0.19333333333333333
ServerModelController:0.17333333333333334
InGameController:0.14833333333333334
