MDialog:0.124768384
MMenu:0.09566238
MLabel:0.08067538
UI:0.06871516
AppAction:0.060799208
MPanel:0.044420514
MSmallButton:0.03718296
MWindow:0.033813953
MMouseAdapter:0.025404766
FS:0.024224253
MAction:0.017946398
TK:0.012313118
Fade:0.0082976725
Property:0.0019138658
