JEditTextArea:0.5133333333333333
TextAreaPainter:0.48
DisplayManager:0.2966666666666667
MouseHandler:0.22
ScrollLayout:0.09666666666666666
TextAreaBorder:0.016666666666666666
