AbbrevsModel:0.16352849
EditAbbrevDialog:0.13819471
OptionsDialog:0.09939045
Abbrevs:0.095427215
AbstractOptionPane:0.032192092
jEdit:0.021871965
Mode:0.013947332
