AppearanceOptionPane:0.08814196
QuickNotepadOptionPane:0.07747886
FontSelectorDialog:0.06469242
PrintOptionPane:0.05104843
jEdit:0.050786875
GutterOptionPane:0.04306249
TextAreaOptionPane:0.038248274
