Task:0.6733333333333333
DT:0.3016666666666667
Builder:0.26
RepeatRule:0.25
GroupTree:0.1888888888888889
SetDateTimeAction:0.10666666666666667
CalendarComponent:0.10333333333333333
SetRepeatRuleAction:0.09
