JFlexTagItem:0.5333333333333333
ParserUtil:0.53
JFlexLexer:0.4533333333333333
