Unit:0.42333333333333334
Tile:0.37
ColonyTile:0.37
Settlement:0.36333333333333334
Player:0.32666666666666666
Colony:0.32
FreeColGameObject:0.27666666666666667
InGameInputHandler:0.21
ServerPlayer:0.20333333333333334
AIColony:0.19333333333333333
ColonyPlan:0.18666666666666668
InGameController:0.17333333333333334
IndianBringGiftMission:0.16
