MSmallColorChooser:0.66
FormPanel:0.43333333333333335
AbstractClockWidget:0.28
Colors:0.23
NoteWidget:0.20666666666666667
