JDBCPreparedStatement:0.59328943
JDBCResultSet:0.35329655
JDBCConnection:0.3277892
JDBCArray:0.24981786
JDBCParameterMetaData:0.1892894
Util:0.1572466
JDBCBlobClient:0.1459078
JDBCClobClient:0.12385154
JDBCStatementBase:0.075368665
