Unit:0.5533333333333333
TradeRoute:0.38266666666666665
InGameController:0.25666666666666665
ChangeSet:0.21333333333333335
ClientModelController:0.18865079365079365
ServerModelController:0.18503968253968256
TradeRouteDialog:0.15888888888888889
InGameInputHandler:0.15666666666666668
ModelController:0.0
