MURLButton:0.20585078
TK:0.116005525
MMainWindow:0.10827904
MLinkAction:0.08956069
MAction:0.033676833
