MText:0.06807717
MFontComboBox:0.040339798
UI:0.03582257
MFileChooser:0.029613422
AbstractIterator:0.024599142
