MRenderer:0.5233333333333333
Node:0.41
SummaryData:0.2966666666666667
Renderer:0.23
SummaryTree:0.19333333333333333
