UI:0.7166666666666667
MDialog:0.3641666666666667
GradientPainter:0.28777777777777774
MTip:0.21333333333333335
MPasswordField:0.20333333333333334
Filters:0.18198412698412697
KeyReleasedListener:0.18
MLineBorder:0.16666666666666666
Renderer:0.14
