Expression:0.121700704
Result:0.09253841
CompiledStatement:0.08810326
TableFilter:0.07915898
Parser:0.077868134
Table:0.07586201
GroupedResult:0.05794403
Trace:0.049889058
DatabaseCommandInterpreter:0.046710975
DatabaseInformationFull:0.045839865
Session:0.04542516
CompiledStatementExecutor:0.044483963
Column:0.039772604
View:0.03160946
TableWorks:0.029353974
Token:0.018377425
ResultConstants:0.007965742
SubQuery:0.0075712316
HsqlException:0.0067953025
HsqlInternalException:0.004088926
Record:5.870056E-4
