MTable:0.5566666666666666
ColumnManager:0.5466666666666666
TaskTable:0.37
