MApplication:0.6283333333333333
Desklet:0.4166666666666667
CalendarDesklet:0.26666666666666666
