MetaInfo:0.6433333333333333
Config:0.6066666666666667
MTip:0.27
