Editor:0.5733333333333334
AbstractTextEditor:0.24
LinkEditor:0.23333333333333334
TodoEditor:0.23333333333333334
NotepadEditor:0.23
TextEditor:0.21333333333333335
FeedViewer:0.20333333333333334
ImageEditor:0.2
ConsoleTab:0.17333333333333334
ImportExport:0.17333333333333334
EditorExport:0.17033333333333334
EditorStats:0.08444444444444445
