Messages:0.5233333333333333
StringTemplate:0.4633333333333333
MessagesTest:0.33
DefaultNumberRule:0.20666666666666667
OtherNumberRule:0.17
AllTests:0.12333333333333334
Number:0.08
ZeroOneNumberRule:0.056666666666666664
PluralNumberRule:0.056666666666666664
DualNumberRule:0.056666666666666664
Selector:0.0
