MTextFieldPanel:0.5266666666666666
TextEditor:0.51
SearchBar:0.31333333333333335
