TaskTable:0.119652465
Column:0.032771528
