Task:0.13350026
DateTimeRenderer:0.079765044
TaskList:0.01849066
