QueryHandler:0.6255952380952382
FileHandler:0.55
DefaultQueryHandler:0.29333333333333333
PersistencyHandler:0.25666666666666665
DatabaseHandler:0.14333333333333334
