ParserUtil:0.6666666666666666
HtmlLinkTag:0.23333333333333334
TemplateTag:0.08
WikiLinkTag:0.06
