ChartUtils:0.10138809
ChartPainter:0.071120135
ChartView:0.0705129
ChartDialog:0.05895041
