BackgroundTask:0.1269082
MIndicator:0.12076011
MRating:0.10348242
Config:0.103288405
MToolBar:0.09733208
MDialog:0.09340323
MStatusBar:0.085062094
Net:0.07356679
MScrollPane:0.0626532
MButtonPanel:0.05839117
UI:0.044677924
MZip:0.022354601
