MScrollPane:0.046758648
MTable:0.041699875
MFrame:0.040896215
MList:0.039589733
MTree:0.037602175
MMenu:0.034638498
UI:0.03132588
MLogger:0.0022241024
