Links:0.5133333333333333
AbstractNavigationAction:0.4377777777777778
FeedsFSPlugin:0.355
