Widget:0.71
Desktop:0.33
WidgetInternalFrame:0.29333333333333333
WidgetDesktopPaneUI:0.2637777777777778
NewWidgetAction:0.13777777777777778
SelectWidgetAction:0.056666666666666664
