EditPlugin:0.48333333333333334
PluginTableModel:0.3433333333333333
Remove:0.33666666666666667
Entry:0.16111111111111112
ManagePanel:0.16
