Table:0.5633333333333334
TriggerDefSQL:0.3433333333333333
TriggerDef:0.33666666666666667
Log:0.31666666666666665
TextTable:0.28
TextCache:0.26666666666666666
TransactionManager2PL:0.23666666666666666
DataFileCache:0.21
StatementTypes:0.2
ParserCommand:0.19666666666666666
ParserDDL:0.19
StatementCommand:0.19
