Unit:0.8
InGameController:0.32666666666666666
MovementTest:0.2966666666666667
ScoutingMission:0.21666666666666667
