FileCache:0.6116666666666667
BackgroundTaskManager:0.46166666666666667
Armor:0.33599999999999997
