FS:0.126014
FileCache:0.07124567
MTip:0.035059597
MLogger:0.028165398
Property:0.007869455
Uninstantiable:1.1635807E-4
