ImageInfo:0.5933333333333334
ImageEditorDesigner:0.5133333333333333
ImageEditor:0.44666666666666666
