ReportPanel:0.24296774
VictoryPanel:0.098534234
FreeColPanel:0.079055
