HistoryEvent:0.0822587
Unit:0.06972165
Region:0.06665784
Operand:0.06101255
StringTemplate:0.05783064
Feature:0.057483718
Colony:0.052789785
HighScore:0.051209163
Modifier:0.039479148
FeatureContainer:0.03798255
LastSale:0.035500728
Game:0.030903742
Monarch:0.026892578
