Tile:0.5133333333333333
Building:0.39
Goods:0.36111111111111116
TileImprovement:0.2733333333333333
Nameable:0.1162777777777778
Named:0.0011111111111111111
