Mission:0.2731174
TransportMission:0.22931789
