WishRealizationMission:0.40887454
BuildColonyMission:0.3710431
Mission:0.19043769
