MApplication:0.5333333333333333
MainView:0.39
Help:0.20666666666666667
FSHelper:0.19
MSystemTray:0.15666666666666668
MetaInfoComparator:0.13833333333333334
AboutAction:0.13666666666666666
FullScreenAction:0.09
