Colony:0.5688888888888889
Settlement:0.41833333333333333
IndianSettlement:0.27
