AnsiDataHandler:0.5769444444444445
DatabaseUpgrades:0.4066666666666667
