UI:0.75
MPanel:0.39666666666666667
EnclosureAction:0.15
MNumberSpinner:0.13
StaticFocusHandler:0.04666666666666667
