Mission:0.25601286
ScoutingMission:0.25115
WishRealizationMission:0.2432195
UnitSeekAndDestroyMission:0.22543944
BuildColonyMission:0.20695391
DefendSettlementMission:0.17284478
CashInTreasureTrainMission:0.14970818
