CommandVarExpansion:0.062848166
RealProject:0.061882358
ProjectTMX:0.03371463
ProjectException:0.021378092
IProject:0.01998831
NotLoadedProject:0.017107328
ParseEntry:0.013613652
ExternalTMX:0.011410883
TranslateEntry:0.010696833
ProjectFactory:0.0049684914
