AnsiDataHandler:0.4633333333333333
Role:0.43333333333333335
AnsiQueryHandler:0.38333333333333336
QueryHandler:0.2966666666666667
RolesServlet:0.15333333333333332
