TestPreferencesInitializer:0.75
TestTeamIntegrationChild:0.18333333333333332
TestTeamIntegration:0.17
RealProjectTest:0.13333333333333333
TestCore:0.12
ProjectFileStorageTest:0.12
AutoTmxTest:0.11333333333333333
TagValidationTest:0.11
TagUtilTest:0.10333333333333333
TmxSegmentationTest:0.10333333333333333
PluginsTest:0.08
MatchesTextAreaTest:0.08
StylesTest:0.07333333333333333
