jEdit:0.56
JEditTextArea:0.36
DockableWindowManager:0.3073888888888889
InstallPluginsDialog:0.26666666666666666
JAR:0.23333333333333334
PluginManager:0.15
ActionHandler:0.12
JCheckBoxList:0.11833333333333333
