ValuePoolHashMap:0.25413454
HashIndex:0.16408749
ValuePool:0.01561858
