CachedObject:0.11200891
DataFileCache:0.09518858
TextCache:0.06567533
DataFileCacheSession:0.054432016
