DataFileCacheSession:0.40987724
TextCache:0.3061952
RowStoreAVLDisk:0.11786785
RowStoreAVLMemory:0.09152033
SimpleStore:0.08504047
Logger:0.08418966
Cache:0.0815565
DataFileDefrag:0.071958266
RowStoreAVLDiskData:0.06731034
Log:0.06718021
PersistentStore:0.065302
RowStoreAVL:0.065139845
DataSpaceManagerBlocks:0.052462447
RAFile:0.04644816
RowStoreAVLHybrid:0.042531617
RAShadowFile:0.04237014
CachedObject:0.039934512
BlockObjectStore:0.039771
DataSpaceManagerSimple:0.0318363
TableSpaceManagerSimple:0.02750277
RAFileSimple:0.026316158
HsqlDatabaseProperties:0.025013542
PersistentStoreCollectionSession:0.018057326
TextTableStorageManager:0.016115548
PersistentStoreCollectionDatabase:0.01584675
DataSpaceManager:0.010614315
RandomAccessInterface:0.008710243
