Set:0.21944243
Collection:0.20939198
OrderedHashSet:0.18161541
Iterator:0.09671564
ObjectComparator:0.044931527
