NodeAVL:0.20684963
Index:0.030085348
