SimpleStore:0.86764234
RowStoreAVL:0.5113512
RowStoreAVLDisk:0.45214647
RowStoreAVLMemory:0.44051412
RowStoreAVLHybrid:0.37423527
CachedObject:0.1586894
TextCache:0.12096733
DataFileCache:0.10809943
PersistentStoreCollectionSession:0.08048163
PersistentStoreCollectionDatabase:0.035915796
Logger:0.03109548
ScriptRunner:0.026216257
TableSpaceManager:0.02405015
DataFileDefrag:0.024035146
PersistentStoreCollection:0.016254583
BitMapCachedObject:0.013559855
IntArrayCachedObject:0.013313982
DirectoryBlockCachedObject:0.01062494
