RowStoreAVL:0.5111163
CachedObject:0.2496677
TextCache:0.20900394
DataFileCache:0.16930531
Logger:0.05444628
DataSpaceManager:0.026064098
TableSpaceManager:0.02172605
PersistentStoreCollection:0.012470606
