PersistentStore:0.87896705
BlockObjectStore:0.23992087
CachedObject:0.13883017
DataFileCache:0.122847565
TableSpaceManager:0.030615838
