Utilities:0.5833333333333334
AbstractParser:0.518888888888889
UtilitiesTest:0.49333333333333335
JFlexParser:0.32
EditServlet:0.23
WikiSignatureTag:0.11666666666666667
