AbstractMarkupBuilder:0.10169382
Args:0.0481726
MLabel:0.042016122
ColorProperty:0.019253958
MHTMLViewer:0.017707525
MColor:0.005800153
