Style:0.6266666666666667
Button:0.4266666666666667
MURLButton:0.29
FeedViewer:0.22
MWebBrowser:0.22
FeedComponent:0.21
MTextArea:0.21
MTextPane:0.19666666666666666
MButton:0.18666666666666668
MAbout:0.16333333333333333
SummaryEditor:0.16333333333333333
MSmallButton:0.15333333333333332
RatingButton:0.14
MToggleButton:0.12666666666666668
MenuButton:0.11
LinkButton:0.11
PropertiesBar:0.1
StyleButton:0.023333333333333334
