Stuff:0.06955583
StuffRenderer:0.052720863
GHNSDownload:0.042079646
