BufferPrintable:0.3501995
jEdit:0.19757247
Buffer:0.08274094
VFSManager:0.050208643
View:0.038898285
