InstallThread:0.12842627
ConsoleInstall:0.11946109
Install:0.09874412
NonInteractiveInstall:0.08981791
SwingInstall:0.07999236
