MDialog:0.5733333333333334
HelpContext:0.4266666666666667
PropertiesPanel:0.37333333333333335
