TMXReader2:0.0425195
StringUtil:0.01273258
