ArrayUtil:0.09891132
IntLookup:0.057534687
LongLookup:0.056435965
