Widget:0.29445392
WidgetInternalFrame:0.111782566
Desktop:0.025644584
