Unit:0.65
TileType:0.3433333333333333
ColonyTile:0.31333333333333335
Building:0.26666666666666666
TileTest:0.24
AIColony:0.21333333333333335
