EditorController:0.54
Mark:0.33
SegmentBuilder:0.24333333333333335
CalcMarkersThread:0.15333333333333332
MarkerController:0.13
IMarker:0.12833333333333333
EntryVersion:0.11666666666666667
