ActionManager:0.047151465
FreeColAction:0.03195522
