ActionManager:0.35870782
MapboardAction:0.35399234
