ActionManager:0.07745531
FreeColAction:0.043182373
