AbstractTextEditor:0.7212222222222222
WebBrowserEditor:0.5633888888888888
