Widget:0.4533333333333333
Desktop:0.4166666666666667
MInternalFrame:0.29333333333333333
MDesktopPane:0.0
