JEditTextArea:0.48333333333333334
PosBottomHalf:0.35333333333333333
BufferChangeHandler:0.27
FirstLine:0.26
DisplayManager:0.24083333333333334
SearchAndReplace:0.23472222222222225
PositionManager:0.21333333333333335
PosTopHalf:0.19000000000000003
KeyEventWorkaround:0.15333333333333332
