ScriptPlugin:0.5233333333333333
Submenu:0.45666666666666667
CalendarWidget:0.41333333333333333
TagsMenu:0.17
