MWizardDialog:0.054625105
UI:0.046382986
MAboutDialog:0.03194101
MPanel:0.029708404
MButton:0.02784618
MLabel:0.027780537
TK:0.027564762
MIcon:0.018288724
Config:0.0144146895
AbstractIterator:0.011824607
