ScriptIDE:0.06539771
ScriptYourself:0.030679667
