jEdit:0.6233333333333333
Buffer:0.47333333333333333
MiscUtilities:0.30666666666666664
TextUtilities:0.3023888888888889
JEditTextArea:0.27
ScrollLayout:0.23666666666666666
PrintOptionPane:0.08666666666666667
BufferPrintable:0.07333333333333333
