OptionGroup:0.49206066
OptionMap:0.29213223
AbstractOption:0.22101082
Option:0.109267905
