OptionGroup:0.29361427
OptionMap:0.2045632
AbstractOption:0.124106415
Option:0.06811967
