ImageUtil:0.6966666666666667
ImageMetadata:0.35333333333333333
ImageLinkTag:0.19666666666666666
