ButtonFactory:0.39666666666666667
AbstractDrawingViewAction:0.29333333333333333
WeakPropertyChangeListener:0.26666666666666666
AttributeAction:0.21694444444444447
AbstractSelectedAction:0.20666666666666667
AbstractBean:0.19555555555555557
AbstractDrawingEditorAction:0.16333333333333333
EventHandler:0.095
