EditAbbrevDialog:0.048724607
AddAbbrevDialog:0.026439233
jEdit:0.012849163
