Name:0.1916124
Interpreter:0.1906899
This:0.183737
BSHAllocationExpression:0.16700344
NameSpace:0.16081831
BshMethod:0.14542568
BSHPackageDeclaration:0.13450342
EvalError:0.13186073
BSHCastExpression:0.12767921
XThis:0.12649374
BSHAmbiguousName:0.124476075
BSHMethodDeclaration:0.11519487
BSHTryStatement:0.11327011
BSHTypedVariableDeclaration:0.1107624
BSHBlock:0.11046496
ClassGeneratorUtil:0.10770741
ClassGeneratorImpl:0.102829605
BeanShell:0.10111638
BSHPrimarySuffix:0.09747029
BSHImportDeclaration:0.09720111
DelayedEvalBshMethod:0.092348315
BSHForStatement:0.090149134
BSHEnhancedForStatement:0.081833065
BSHMethodInvocation:0.0813573
ClassGenerator:0.07498716
BshClassManager:0.074267484
BSHPrimaryExpression:0.052464947
JThis:0.050296284
SimpleNode:0.04840172
BSHArrayInitializer:0.045737464
dir:0.044579025
BSHReturnType:0.04108799
TargetError:0.04071971
BSHFormalParameter:0.040458772
BSHThrowStatement:0.03984164
BSHArrayDimensions:0.038758386
BSHStatementExpressionList:0.03789983
BSHLiteral:0.037447114
BSHArguments:0.037298966
BSHSwitchLabel:0.037083246
Reflect:0.036760766
BSHReturnStatement:0.035439063
BSHVariableDeclarator:0.03513763
BSHTernaryExpression:0.034295186
BSHBinaryExpression:0.032910533
BSHIfStatement:0.03248702
BSHClassDeclaration:0.031939887
UtilEvalError:0.030646335
BSHType:0.03060176
BSHSwitchStatement:0.030330466
BSHFormalParameters:0.029578164
BSHAssignment:0.029041644
UtilTargetError:0.025425378
BSHUnaryExpression:0.02350609
BSHWhileStatement:0.02320322
InterpreterError:0.0013159191
