CollectionManagerImpl:0.105281994
BSHEnhancedForStatement:0.044714622
LHS:0.040755093
BshIterator:0.039887488
BSHPrimarySuffix:0.024797384
Capabilities:0.010302959
Interpreter:0.008175044
