StringUtil:0.15856579
CallStack:0.13072246
Interpreter:0.074503005
