HelpSearchPanel:0.04880051
jEdit:0.04479027
MiscUtilities:0.03909392
VFS:0.036840923
PluginJAR:0.03480516
VFSManager:0.020299817
Log:0.010571511
