BSHStatementExpressionList:0.15397379
BSHForStatement:0.14798856
BSHVariableDeclarator:0.14244911
BSHBlock:0.13891572
BSHAllocationExpression:0.13318257
BSHArguments:0.13258433
Interpreter:0.13230057
NameSpace:0.12538438
BSHMethodDeclaration:0.12419764
EvalError:0.118861414
BSHCastExpression:0.1163394
BSHTernaryExpression:0.11606479
BSHEnhancedForStatement:0.115468495
This:0.11369995
BSHPrimaryExpression:0.111769736
BSHClassDeclaration:0.10684943
BSHSwitchStatement:0.106491774
ClassGeneratorImpl:0.10379094
BSHTypedVariableDeclaration:0.103656396
BSHPrimarySuffix:0.10363099
BSHSwitchLabel:0.10268093
BSHReturnStatement:0.10091276
ClassGeneratorUtil:0.099159464
BSHWhileStatement:0.09904367
BSHIfStatement:0.09534812
Node:0.095056884
BSHArrayInitializer:0.09122584
BshMethod:0.09050247
BSHArrayDimensions:0.08784273
BSHBinaryExpression:0.08676819
BSHFormalParameter:0.086750865
BSHType:0.08575264
BSHTryStatement:0.084285244
Name:0.08148787
BSHAssignment:0.08097609
BSHThrowStatement:0.079363525
Parser:0.07856784
BSHFormalComment:0.07792296
BSHFormalParameters:0.07537746
TargetError:0.07109137
BSHLiteral:0.06937459
BSHPackageDeclaration:0.06802337
BSHMethodInvocation:0.06701918
BshClassManager:0.0653708
BSHAmbiguousName:0.064178795
BSHImportDeclaration:0.060322717
BSHReturnType:0.059869662
BSHUnaryExpression:0.05684729
Reflect:0.05276983
BSHPrimitiveType:0.05090733
UtilEvalError:0.04781741
ReturnControl:0.043364394
UtilTargetError:0.039497796
Token:0.035813797
CallStack:0.030650597
ParserTreeConstants:0.011378943
InterpreterError:0.0025548371
