Reflect:0.062279854
dir:0.060705166
This:0.029346846
Name:0.027258145
BshMethod:0.022149643
