SyntaxStyle:0.19262171
GUIUtilities:0.117192745
ColorWellButton:0.116985954
jEdit:0.03108735
SyntaxHiliteOptionPane:0.03091426
EnhancedDialog:0.01374802
