ParserTokenManager:0.077915944
Interpreter:0.03532082
