VFSDirectoryEntryTableModel:0.25772962
BrowserView:0.15923958
FileCellRenderer:0.14308527
VFSFileNameField:0.11216224
VFSBrowser:0.09761767
VFS:0.05289913
VFSManager:0.025132002
View:0.024318337
Buffer:0.023440057
MiscUtilities:0.020329028
