ClientConnection:0.05069652
FunctionCustom:0.044598162
Session:0.038348954
Scanner:0.03346755
