DTIType:0.29603472
IntervalSecondData:0.28988877
DateTimeType:0.28293017
IntervalMonthData:0.26322243
Type:0.20895007
NumberType:0.15299036
CharacterType:0.08435497
Types:0.0795987
TimestampData:0.01914673
TimeData:0.017887672
