IntervalType:0.2629993
Type:0.25125998
DateTimeType:0.17575048
BitType:0.1617551
BooleanType:0.15330237
NullType:0.13966466
DTIType:0.11832703
Types:0.112524755
BinaryData:0.022900717
ClobData:0.0050630197
