ExpressionAggregate:0.14568906
ExpressionArrayAggregate:0.11910187
SortAndSlice:0.07064588
OpTypes:0.068754375
Session:0.02311459
Database:0.015990637
