Session:0.55
Result:0.5
SchemaObject:0.43138888888888893
Log:0.3466666666666667
Logger:0.30333333333333334
Database:0.29333333333333333
LobManager:0.23666666666666666
UserManager:0.23666666666666666
SessionManager:0.21333333333333335
FunctionCustom:0.18666666666666668
StatementCommand:0.1577777777777778
