Modifier:0.27522618
Scope:0.12477457
Ability:0.12154286
FreeColGameObjectType:0.11317031
FeatureContainer:0.083455764
Specification:0.082406715
FreeColObject:0.068731606
Player:0.03932736
Unit:0.03304167
Turn:0.021050602
SimpleCombatModel:0.010087593
