Feature:0.30757546
FoundingFather:0.209493
BuildingType:0.18853468
FreeColGameObjectType:0.18839648
EquipmentType:0.18344484
FreeColObject:0.1723732
TileType:0.1650309
ResourceType:0.16115004
TileImprovementType:0.15346871
Resource:0.15175252
UnitType:0.14942598
NationType:0.1479222
Specification:0.14756511
TileImprovement:0.1346565
FeatureContainer:0.13048485
Building:0.12642603
Settlement:0.11775084
Player:0.11524402
Unit:0.113146745
Tile:0.11274859
ColonyTile:0.11120866
Colony:0.10431318
TileItemContainer:0.09816746
SimpleCombatModel:0.06357807
ProductionCache:0.04876191
BuildQueue:0.04767559
Consumer:0.04629952
Turn:0.04461572
CombatModel:0.02071117
