Colony:0.615
BuildingSiteToolTip:0.33866666666666667
BuildingSitePanel:0.22133333333333335
