Canvas:0.067759074
GUI:0.015339437
