GlossaryManager:0.03936898
GlossaryEntry:0.028422536
