InGameController:0.7383333333333333
InGameInputHandler:0.3983333333333333
