EditorColorChooserAction:0.1243871
DrawingColorChooserAction:0.109823175
AttributeAction:0.10574424
DrawingAttributeAction:0.1018747
DefaultAttributeAction:0.0900439
SelectionColorChooserAction:0.07141846
PickAttributesAction:0.07113495
ApplyAttributesAction:0.071080185
AttributeToggler:0.06595591
SelectionColorIcon:0.062622376
FontChooserHandler:0.06176741
EditorColorIcon:0.05355695
ColorIcon:0.052874543
DrawingColorIcon:0.052215796
AlignAction:0.043975174
ZoomEditorAction:0.028290246
MoveAction:0.024951167
UngroupAction:0.022026699
ZoomAction:0.021384187
SelectSameAction:0.018020896
GroupAction:0.017916115
SendToBackAction:0.01605959
BringToFrontAction:0.015945233
SelectionComponentRepainter:0.01475957
StrokeIcon:0.005224078
LineDecorationIcon:0.003428271
