Game:0.75
SimpleCombatModel:0.4766666666666667
CombatTest:0.29333333333333333
ServerGame:0.14666666666666667
