ActionManager:0.3499925
FreeColAction:0.16662607
