StartGamePanel:0.203455
ServerListPanel:0.19776277
MainPanel:0.090330176
AdvantageCellRenderer:0.055419613
FreeColPanel:0.04203615
