NewPanel:0.1788735
ServerListTableModel:0.10686593
FreeColPanel:0.038899332
