LuceneSearchEngine:0.5433333333333333
UpgradeServlet:0.2866666666666667
RankingAlgorithmSearchEngine:0.16
