FreeColListUI:0.049990796
FreeColComboBoxUI:0.027026242
