FreeColPanel:0.028467055
FreeColDialog:0.02577134
