IconTheme:0.685
PresentationAction:0.22222222222222218
FullScreenAction:0.22222222222222218
