Colony:0.6433333333333333
Building:0.4166666666666667
WorkLocation:0.2542063492063492
ReportRequirementsPanel:0.24666666666666667
