AIGoods:0.485
TransportMission:0.36666666666666664
AIColony:0.3233333333333333
AIPlayer:0.2833333333333333
PioneeringMission:0.27166666666666667
