FS:0.9316666666666666
TangoIconLoader:0.30333333333333334
