Style:0.6
MLabel:0.44
MStatusBar:0.3466666666666667
MainWindow:0.32666666666666666
MTextArea:0.21
MAbout:0.19666666666666666
BackgroundTaskManager:0.18333333333333332
Sidebar:0.18
ItemRenderer:0.17666666666666667
Presentation:0.16666666666666666
ScriptError:0.16333333333333333
TabComponent:0.12333333333333334
MenuButton:0.11
TaskInfoButton:0.1
