Preview:0.096492514
PreviewPanel:0.0854371
AbstractPreview:0.020342883
