MDateSpinner:0.20209497
MCalendar:0.1389836
DateProperty:0.13126034
MCalendarPanel:0.09583429
Config:0.08464126
MText:0.057488948
TK:0.056395654
MTip:0.041839812
MLogger:0.024203982
MMessage:0.021291122
Property:0.019341143
