MPanel:0.6322222222222222
TreeSettings:0.29
FeedsConfigPanel:0.16666666666666666
Advanced:0.15666666666666668
GeneralSettings:0.15666666666666668
