Message:0.0625813
Connection:0.014178261
