TransferHelper:0.5640491
TransferDb:0.056090653
HelperFactory:0.022843586
TransferTable:0.022470638
Traceable:0.004517224
