HsqldbTransferHelper:0.5155739
McKoiTransferHelper:0.43126205
PostgresTransferHelper:0.30433878
OracleTransferHelper:0.3014864
TransferDb:0.10349395
InformixTransferHelper:0.08702119
TransferSQLText:0.08044625
SqlServerTransferHelper:0.07773113
DataAccessPoint:0.057867125
TransferTable:0.050696854
HelperFactory:0.023427797
JDBCTypes:0.016304664
Traceable:0.0027542608
