DataAccessPoint:0.19863826
TransferHelper:0.09573806
SQLStatements:0.08115632
TransferTable:0.06880591
PostgresTransferHelper:0.057575762
HsqldbTransferHelper:0.052167643
McKoiTransferHelper:0.049062844
OracleTransferHelper:0.049010586
Transfer:0.04548416
DataAccessPointException:0.037203833
TransferResultSet:0.031781793
SqlServerTransferHelper:0.021203026
TransferCommon:0.017028587
InformixTransferHelper:0.015183603
HelperFactory:0.010606689
Traceable:6.287532E-4
