Building:0.14577511
ProductionCache:0.14449419
BuildQueue:0.122423775
AbstractGoods:0.110673346
Colony:0.08411181
GoodsType:0.02726152
Unit:0.025869505
FreeColObject:0.016579902
UnitWas:0.015417731
