ParserDDL:0.7966666666666666
StatementSchema:0.6266666666666667
ParserTable:0.23166666666666663
