BrowserView:0.19883063
GUIUtilities:0.06175992
HelpTOCPanel:0.055505946
VFS:0.03650701
VFSBrowser:0.033557262
jEdit:0.022029197
DirectoryMenu:0.0049490314
RecentFilesMenu:0.004925774
RecentDirectoriesMenu:0.00439204
ShowRecentDirMenu:0.003860101
ShowRecentMenu:0.0024704896
ShowBufferMenu:0.0020841202
