LinkEditorPlugin:0.042607415
Link:0.018551618
