MApplication:0.10581656
MSystemTray:0.03198451
MStatusBar:0.025052221
MURLAction:0.02228983
MURLButton:0.021628162
OS:0.018747075
MFrame:0.017804498
MNotification:0.01772774
TK:0.01747732
MouseGestures:0.01640043
UI:0.01614506
MMessage:0.012941155
MTip:0.01256647
MAboutDialog:0.011881126
MTextPane:0.010754361
Config:0.00944759
MWebBrowserPanel:0.008377862
Kiosk:0.006337963
Property:0.0053680674
BooleanProperty:0.0035533311
