InputHandler:0.3635631
PreGameController:0.2141129
UserConnectionHandler:0.16494818
