Armor:0.6388888888888888
SDK:0.48
MRegexPanel:0.39666666666666667
