FeedsFS:0.49
MActionInfo:0.3233333333333333
Gettext:0.29333333333333333
FeedThread:0.27
InsertDateAction:0.21666666666666667
Permission:0.14527777777777778
