Widget:0.56
NoteWidget:0.37666666666666665
WidgetTitle:0.31666666666666665
