Role:0.6533333333333334
WikiPageInfo:0.4407777777777778
ServletUtil:0.43333333333333335
