FS:0.14166017
AbstractScanner:0.029837377
