EditPane:0.15785591
jEdit:0.056218296
Buffer:0.048195582
