VFS:0.084619515
FileVFS:0.07789038
VFSManager:0.0451518
BrowserView:0.04450874
VFSBrowser:0.03525178
OperatingSystem:0.021442823
Log:0.012033401
