IndianDemandMission:0.36833333333333335
IndianBringGiftMission:0.3566666666666667
PioneeringMission:0.3466666666666667
TransportMission:0.3466666666666667
WorkerWish:0.3233333333333333
ScoutingMission:0.31666666666666665
TileImprovementPlan:0.31333333333333335
GoodsWish:0.29333333333333333
NewAIPlayer:0.2833333333333333
WorkLocationPlan:0.26666666666666666
ColonialAIPlayer:0.26
StandardAIPlayer:0.25333333333333335
ColonyProfile:0.24833333333333332
IndianAIPlayer:0.23666666666666666
ColonyPlan:0.19333333333333333
AIInGameInputHandler:0.18666666666666668
EuropeanAIPlayer:0.16666666666666666
REFAIPlayer:0.14
