JDBCCallableStatement:0.6277777777777778
TestStoredProcedure:0.41333333333333333
BooleanType:0.3
TestJavaFunctions:0.16333333333333333
