AbstractUnit:0.6666666666666666
Player:0.4755555555555555
FoundingFather:0.26
MapGenerator:0.2377777777777778
EuropeanNationType:0.20500000000000002
