jEdit:0.6433333333333333
MiscUtilities:0.26666666666666666
OptionsDialog:0.23
FirewallOptionPane:0.14
Dependency:0.12333333333333334
FirewallAuthenticator:0.04416666666666667
OverviewOptionPane:0.016666666666666666
