MainWindow:0.6133333333333333
MMainWindow:0.3466666666666667
MFrame:0.19333333333333333
