PluginInfo:0.43333333333333335
MMenu:0.34
Tabs:0.33166666666666667
MSwingWorker:0.2813333333333334
FeedThread:0.25633333333333336
DateTimeDialog:0.2298333333333333
MAboutDialog:0.21666666666666667
StatsPanel:0.17
ScriptError:0.17
SharedHandler:0.13666666666666666
TestAction:0.11333333333333333
TaskReader:0.11333333333333333
StatsPlugin:0.09666666666666666
