GUI:0.6633333333333333
ClientOptions:0.24666666666666667
ReportContinentalCongressPanel:0.12822222222222224
