Handler:0.16130687
JARClassLoader:0.1458864
jEdit:0.103800505
MiscUtilities:0.088018835
EditPlugin:0.06529802
