AbstractMyMemoryTranslate:0.6116666666666667
MyMemoryMachineTranslate:0.3566666666666667
MyMemoryHumanTranslate:0.3333333333333333
