FS:0.7866666666666666
VersionControl:0.36333333333333334
FSHelper:0.33666666666666667
TestFS:0.18333333333333332
