Canvas:0.09044311
FreeColMenuTest:0.07453199
