ReportPanel:0.18654947
ReportUnitPanel:0.1682685
