InGameController:0.5666666666666667
DOMMessageCallable:0.33
Introspector:0.30833333333333335
DOMMessageHandler:0.15694444444444444
