Projects:0.5833333333333334
ConsoleOutput:0.36333333333333334
SDK:0.19666666666666666
