Buffer:0.8266666666666667
jEdit:0.6033333333333334
SearchDialog:0.23111111111111116
VFSBrowser:0.214
IntegerArray:0.20944444444444443
BrowserJTree:0.16
ActionHandler:0.13944444444444445
DirectoryMenu:0.13666666666666666
