MInternalFrame:0.39888888888888885
WidgetDesktopIconUI:0.32666666666666666
LinearGradientPainter:0.26
WidgetDesktopPaneUI:0.21333333333333335
WidgetBorder:0.05
