Utilities:0.7933333333333333
UtilitiesTest:0.43333333333333335
HtmlLinkTag:0.15333333333333332
