Console:0.12505452
ConsoleCommand:0.04477814
