FreeColTestUtils:0.10404709
MockPseudoRandom:0.01208304
