SimpleMapGenerator:0.15024602
River:0.11218322
RiverSection:0.022630405
