Task:0.6
TodoEditorCore:0.43666666666666665
DateTimeRenderer:0.20666666666666667
