DataFileCache:0.1222496
ScaledRAFile:0.04554655
CachedObject:0.017123885
