Vars:0.66
MetaInfo:0.5666666666666667
AbstractFS:0.29333333333333333
Tabs:0.2833333333333333
Main:0.28
MainWindow:0.25666666666666665
FSHelper:0.22666666666666666
Action:0.22333333333333333
PropertiesPanel:0.21
Presentation:0.21
FeedsFSPlugin:0.19666666666666666
ImageEditorCore:0.19333333333333333
DnDTransferHandler:0.18333333333333332
NewFolderDialog:0.16666666666666666
Bookmarks:0.16333333333333333
TreePanel:0.15666666666666668
RenameAction:0.14
NewFileAction:0.13
QuickPasteAction:0.12333333333333334
EmailAction:0.12333333333333334
