Modifier:0.5133333333333333
Player:0.51
Colony:0.41
Feature:0.37666666666666665
InGameController:0.2511111111111111
InGameInputHandler:0.24333333333333335
