ScriptItem:0.59
ScriptingWindow:0.4633333333333333
AbstractScriptEditor:0.3680555555555556
ScriptRunner:0.2733333333333333
ScriptSet:0.15333333333333332
RichScriptEditor:0.11333333333333333
SaveSetAction:0.11
SaveScriptAction:0.11
ExploreScriptFolderAction:0.08
StandardScriptEditor:0.06333333333333334
LoadSetAction:0.06
QuickScriptUpdater:0.04
SelectScriptFolderAction:0.023333333333333334
NewScriptAction:0.023333333333333334
RunScriptAction:0.0033333333333333335
