GUIUtilities:0.6933333333333334
View:0.5866666666666667
ToolBarOptionPane:0.17777777777777778
Factory:0.16666666666666666
