Property:0.22265758
TK:0.16085953
MApplication:0.124697275
UI:0.102758676
PropertyAccess:0.09103865
MLogger:0.086579636
IntegerProperty:0.08556494
MProperties:0.08181119
SecureProperty:0.07449855
FS:0.07430479
MDate:0.07394012
EnumProperty:0.06804327
MFileChooser:0.06301978
ColorProperty:0.059662472
MTable:0.056038987
MTip:0.05380889
OS:0.04700444
MList:0.045377698
DateProperty:0.044923633
DoubleProperty:0.04427499
FloatProperty:0.042411968
Flags:0.038757656
BooleanProperty:0.038681563
MTabbedPane:0.03841854
FontProperty:0.03627232
RegExp:0.034682475
MSettingsDialog:0.03341442
MColorPicker:0.03191313
StringProperty:0.031901423
MTogglePanel:0.029170983
MNotification:0.028679676
MColorChooser:0.028244006
ColumnManager:0.021959731
MMainWindow:0.018327784
MFrame:0.017594716
MFontChooser:0.016493484
MLoginPanel:0.011607599
Kiosk:0.009668792
