RowSetNavigatorDataTable:0.7207729
RowSetNavigator:0.17749344
RowIterator:0.04194485
