Resource:0.39
FreeColDataFile:0.31333333333333335
ResourceManager:0.2733333333333333
ImageResource:0.24333333333333335
GoodsLabel:0.21
SZAResource:0.19666666666666666
ResourceFactory:0.14
FreeColLookAndFeel:0.12
VideoResource:0.11
ColorResource:0.09666666666666666
