ValuePoolHashMap:0.24939457
HashIndex:0.15402646
ValuePool:0.015312377
