BaseHashMap:0.12500945
ValuePoolHashMap:0.08608123
