BaseHashMap:0.3187613
HashIndex:0.16363958
ValuePool:0.013535591
