Player:0.5866666666666667
Tile:0.5433333333333333
ServerPlayer:0.2866666666666667
IndianSettlement:0.26
ManageMissionariesGoal:0.15333333333333332
