FeedsFS:0.5866666666666667
Settings:0.34288888888888885
FeedsFSPlugin:0.2966666666666667
FeedThread:0.24
MainPanel:0.215
FeedsConfigPanel:0.1816666666666667
