Player:0.4266666666666667
Goods:0.37
FoundingFather:0.35
Market:0.31
Colony:0.26666666666666666
