DefaultPreview:0.30697092
PreviewPanel:0.12605315
AbstractPreview:0.09979241
