OptionsDialog:0.59
TokenMarker:0.5366666666666666
GutterOptionPane:0.37444444444444447
