TestTriggers:0.07780485
TestTextTable:0.06921191
TestBug808460:0.063933104
TestBug778213:0.054332573
TestMultiInsert:0.05165003
TestViewAsterisks:0.050406918
TestBug1191815:0.05014756
TestCollation:0.048649564
TestSql:0.04721959
TestBatchExecution:0.045643818
TestBug785429:0.042314917
TestMerge:0.042030547
TestTypeConversion:0.041277517
TestStoredProcedure:0.038919523
TestINPredicateParameterizationAndCorrelation:0.03795865
TestJavaFunctions:0.03666483
TestDatabaseMetaData:0.036506955
TestLikePredicateOptimizations:0.035089567
TestTextTables:0.033767004
TestLobs:0.033391204
TestJDBCGeneratedColumns:0.03203118
TestUpdatableResults:0.030878626
TestUpdatableResultSets:0.028731031
TestDateTime:0.017989568
TestScript:0.017756484
