TriggerClass:0.056287646
TestUtil:0.017099101
TestBase:0.0
