FreeCol:0.5733333333333334
InGameController:0.54
FreeColClient:0.37
PreGameController:0.21555555555555558
SetCurrentPlayerSwingTask:0.17333333333333334
DebugMenu:0.14666666666666667
