HsqlDatabaseProperties:0.24075677
HsqlProperties:0.12261507
Log:0.1158672
DataFileCache:0.09363175
LockFile:0.06810688
DataFileDefrag:0.034074523
TextCache:0.032876905
RowStoreAVLDisk:0.028328246
RAShadowFile:0.02514599
RowStoreAVLMemory:0.02472065
RowStoreAVLDiskData:0.019103672
RowStoreAVLHybrid:0.018099962
TextTableStorageManager:0.016982974
RowStoreAVLHybridExtended:0.014562549
PersistentStore:0.011266018
EventLogInterface:0.009965444
RandomAccessInterface:0.009770075
RowStoreDataChange:0.009022542
PersistentStoreCollection:0.004046706
Crypto:0.0020002255
