ScriptReaderText:0.32209957
ScriptWriterText:0.041471228
ScriptReaderDecode:0.040953252
