Buffer:0.44333333333333336
PluginOptions:0.23
SplashScreen:0.20277777777777778
DockableWindowManager:0.18
WorkThread:0.17666666666666667
Remove:0.06666666666666667
Insert:0.06666666666666667
