Player:0.086184435
Building:0.03869124
IndianSettlement:0.010916077
Unit:0.010125634
Tile:0.008719374
Monarch:0.007941171
Europe:0.006967897
Colony:0.0067457873
