Environment:0.56
Utilities:0.4533333333333333
JAMWikiServlet:0.37
Encryption:0.30333333333333334
DatabaseConnection:0.24
AdminServlet:0.19333333333333333
LdapUsergroup:0.16
SetupServlet:0.15666666666666668
RecentChangesServlet:0.08333333333333333
WikiMailAuthenticator:0.08333333333333333
ContributionsServlet:0.08
