WikiUser:0.7533333333333333
AnsiQueryHandler:0.425
WikiGroup:0.3933333333333333
ServletUtil:0.26
WikiDatabase:0.25916666666666666
RegisterServlet:0.19
