NanoXMLDOMInput:0.4766666666666667
JavaxDOMInput:0.47361111111111104
JavaPrimitivesDOMFactory:0.4166666666666667
