EditorController:0.14295387
Document3:0.05863142
SegmentBuilder:0.054865338
TranslationUndoManager:0.048362806
MarkerController:0.028043453
IPopupMenuConstructor:0.024321431
EditorUtils:0.023893662
ViewParagraph:0.021381766
EditorSettings:0.008583329
ViewLabel:0.006707591
