DataFileCache:0.5341666666666667
Log:0.46
DataFileDefrag:0.27
StatementSession:0.1766666666666667
JDBCXAConnection:0.12666666666666668
