RoleMap:0.39666666666666667
AnsiQueryHandler:0.29
QueryHandler:0.235
DataHandler:0.2275
AnsiDataHandler:0.22333333333333333
