MInternalFrame:0.6033333333333334
DragAdapter:0.4266666666666667
WidgetDesktopIconUI:0.35
WidgetDesktopPaneUI:0.2944444444444444
