Unit:0.6633333333333333
Europe:0.41
Goods:0.4033333333333333
Player:0.37
Building:0.31333333333333335
InGameController:0.22666666666666666
InGameInputHandler:0.17666666666666667
