Task:0.8866666666666667
TaskList:0.45
TodoEditorCore:0.30333333333333334
TaskSelection:0.19
