StringOption:0.4
AbstractUnitOption:0.38
Specification:0.3566666666666667
Messages:0.3433333333333333
AbstractUnit:0.34
IntegerOption:0.3233333333333333
UnitListOption:0.32
OptionGroup:0.23
AbstractUnitOptionUI:0.22333333333333333
Monarch:0.21333333333333335
OptionUI:0.21
ReportPanel:0.16333333333333333
StringOptionUI:0.13333333333333333
OptionTest:0.013333333333333334
