DatabaseConnection:0.5916666666666667
DatabaseHandler:0.5166666666666667
