Server:0.22639494
HsqlProperties:0.09459677
WebServer:0.06408146
ServerConstants:0.044623394
