Result:0.04078728
DatabaseManager:0.03934677
Session:0.029703632
ResultConstants:0.015235224
HsqlProperties:0.010743089
HsqlException:0.007912783
