Player:0.64
Unit:0.5766666666666667
Europe:0.4033333333333333
FreeColServer:0.23
