InlineTagHandler:0.59
TMXReader2:0.44666666666666666
XLIFFDialect:0.2866666666666667
XLIFFFilterTest:0.19
