ServletUtil:0.3317009
JAMWikiServlet:0.24955302
AdminServlet:0.17106102
UpgradeServlet:0.16366205
TopicServlet:0.15968926
ItemsServlet:0.14478278
CategoryServlet:0.14450471
AdminVirtualWikiServlet:0.14014412
MoveServlet:0.13432083
EditServlet:0.12980357
ManageServlet:0.12661572
SearchServlet:0.118216164
PrintableServlet:0.11713739
UploadServlet:0.113556854
ImportTiddlyWikiServlet:0.1111741
HistoryServlet:0.11008999
SetupServlet:0.10579534
WatchlistServlet:0.10521712
TranslationServlet:0.10287597
ImportServlet:0.09643152
ExportServlet:0.09183304
DiffServlet:0.08851611
RegisterServlet:0.08100503
BlockServlet:0.07963447
RolesServlet:0.07624211
SpecialPagesServlet:0.07255986
ContributionsServlet:0.06791006
RecentChangesServlet:0.06659219
BlockListServlet:0.06528859
LogServlet:0.055750746
LoginServlet:0.048084892
ViewSourceServlet:0.04315381
StylesheetServlet:0.029603336
