Figure:0.67
LayerCell:0.24
LayersInspector:0.19
StyleableFigure:0.19
DefaultFigureFactory:0.14333333333333334
LockableFigure:0.13666666666666666
