ParserDDL:0.6797222222222223
JDBCDataSourceFactory:0.4016666666666666
