ClientOptions:0.5466666666666666
OptionMap:0.42
InGameController:0.39666666666666667
