MIcon:0.89
MSettingsDialog:0.44333333333333336
MColorIcon:0.22666666666666666
