EditServlet:0.3653458
JAMWikiServlet:0.31791142
ImportTiddlyWikiServlet:0.29005674
ItemsServlet:0.27355066
TopicServlet:0.26093546
MoveServlet:0.24453348
ImportServlet:0.24452394
AdminServlet:0.24165021
WatchlistServlet:0.24120803
TranslationServlet:0.22900598
UploadServlet:0.21054356
ManageServlet:0.21002568
RegisterServlet:0.20266873
PrintableServlet:0.18771397
HistoryServlet:0.18571594
UpgradeServlet:0.17912416
WikiPageInfo:0.17832401
SetupServlet:0.17651618
SearchServlet:0.14036176
CategoryServlet:0.13012776
ContributionsServlet:0.12721401
RolesServlet:0.1226486
RecentChangesServlet:0.10795618
LoginServlet:0.09835054
StylesheetServlet:0.094188266
JAMWikiLocaleInterceptor:0.068478614
JAMWikiFilter:0.038778804
