UI:0.6266666666666667
MMainWindow:0.3433333333333333
ImageEditorCore:0.30333333333333334
ScriptPlugin:0.24666666666666667
PluginDownloader:0.20444444444444446
MSystemTray:0.1866666666666667
LinkEditor:0.17333333333333334
ProductList:0.17111111111111113
