jEdit:0.6866666666666666
VariableGridLayout:0.4066666666666667
ActionSet:0.3144444444444444
View:0.30666666666666664
PluginJAR:0.20166666666666666
PluginTableModel:0.14666666666666667
SearchBar:0.13666666666666666
