InGameInputHandler:0.5991666666666666
SimpleCombatModel:0.43333333333333335
TransportMission:0.4266666666666667
