CategoryManager:0.5866666666666667
Filters:0.39
SummaryPanel:0.37666666666666665
TaskPanel:0.28
Criteria:0.21
FiltersAction:0.15666666666666668
