ClientConnection:0.20879649
SessionInterface:0.18008949
SessionContext:0.14513586
Database:0.13801426
SessionData:0.09020161
StatementSession:0.08767534
StatementCommand:0.07979156
TransactionManagerMVCC:0.077047594
ParserCommand:0.066341124
StatementSchema:0.062638775
StatementManager:0.06250286
Table:0.062043402
StatementDML:0.05871804
Statement:0.055438325
StatementDMQL:0.05384627
Routine:0.051318288
TransactionManagerMV2PL:0.048337568
TextTable:0.04828764
StatementCompound:0.048224814
ParserRoutine:0.047987353
StatementSchemaDefinition:0.047790434
ParserDDL:0.046848487
HsqlException:0.0463822
TransactionManagerCommon:0.04599483
Scanner:0.045762997
QuerySpecification:0.04563019
SchemaManager:0.04529789
TransactionManager2PL:0.04525567
Constraint:0.04352157
Expression:0.04223485
DatabaseManager:0.04218387
QueryExpression:0.04192765
View:0.04176486
SessionManager:0.041656762
NumberSequence:0.03960879
TriggerDef:0.03889756
RowAction:0.03884856
StatementSimple:0.038631003
HsqlDateTime:0.036017466
TransactionManager:0.03572973
FunctionCustom:0.03494625
TableBase:0.034662645
StatementResultUpdate:0.0345713
TableWorks:0.033109512
ParserDQL:0.032865085
StatementSet:0.03262732
ParserDML:0.031166129
RoutineSchema:0.029808676
StatementHandler:0.029636133
RangeVariable:0.029484946
ExpressionTable:0.029456183
ExpressionColumn:0.02925278
SubQuery:0.02773841
FunctionSQL:0.027167346
StatementExpression:0.0268993
StatementProcedure:0.026246538
StatementInsert:0.026081786
ColumnSchema:0.025951853
ExpressionLogical:0.024982631
ExpressionArrayAggregate:0.024500286
Schema:0.024233699
TriggerDefSQL:0.023677006
StatementQuery:0.022886954
FunctionSQLInvoked:0.022684101
ExpressionAccessor:0.022157986
RowActionBase:0.021693213
StatementTypes:0.020576471
ExpressionOp:0.02028534
Like:0.0186922
RangeVariableJoined:0.018678276
ExpressionAggregate:0.01857251
ExpressionOrderBy:0.017658852
ExpressionArithmetic:0.017599287
SetFunction:0.017536124
ExpressionLike:0.017485408
SchemaObject:0.01701227
StatementCursor:0.015466695
Row:0.014787001
ExpressionValue:0.014374742
DatabaseURL:0.011951129
RangeVariableResolver:0.01184382
SortAndSlice:0.011375848
ExpressionColumnAccessor:0.009100663
Tokens:0.0
