HsqlByteArrayOutputStream:0.34407517
ArrayUtil:0.13465816
HsqlByteArrayInputStream:0.12321174
MD5:0.023909958
