ParserDQL:0.45
StatementProcedure:0.36333333333333334
TestBench:0.2633333333333333
TestStoredProcedure:0.26
ParserRoutine:0.25666666666666665
QueryExpression:0.25666666666666665
HsqlDatabaseProperties:0.24
ParserCommand:0.23
ClientThreadProcedure:0.05333333333333334
