InGameController:0.5833333333333334
InGameInputHandler:0.48
ColonyPanel:0.41333333333333333
