Armor:0.5383333333333333
MUndoManager:0.43555555555555553
MColorChooserDialog:0.39166666666666666
