Message:0.065208115
Connection:0.014932907
