Table:0.5433333333333333
Trace:0.45
Util:0.42
TextTable:0.4033333333333333
Token:0.33
Session:0.2966666666666667
TestCollation:0.25166666666666665
jdbcConnection:0.22
DatabaseCommandInterpreter:0.2
DatabaseScript:0.19666666666666666
DatabaseInformationFull:0.17333333333333334
ScriptReaderText:0.12333333333333334
TestBase:0.09
AllTests:0.06666666666666667
