IndexAVLMemory:0.5364244
NodeAVL:0.33326584
Index:0.29531616
