NodeAVL:0.88909423
IndexAVL:0.7127621
