NodeAVL:0.4284932
Index:0.03830221
