SimpleStore:0.87557256
RowStoreAVL:0.5078776
RowStoreAVLDisk:0.44221264
RowStoreAVLMemory:0.39616728
RowStoreAVLHybrid:0.36052212
CachedObject:0.15567364
TextCache:0.1187025
DataFileCache:0.10798075
PersistentStoreCollectionSession:0.08176553
BitMapCachedObject:0.06372598
IntArrayCachedObject:0.06347457
PersistentStoreCollectionDatabase:0.050804492
DirectoryBlockCachedObject:0.048089713
Logger:0.031951062
PersistentStoreCollection:0.027413588
ScriptRunner:0.027106367
DataFileDefrag:0.027062826
TableSpaceManager:0.02508182
