ArchiveItem:0.5633333333333334
Archive:0.5233333333333333
ArchiveChannel:0.32
