MTextField:0.056650043
MText:0.040422577
MMessage:0.021726185
Blend:0.017327046
MTimer:0.0068865563
UI:0.0061453595
MSmallButton:0.0031475239
Size:0.0029525661
MPanel:0.002559586
Property:0.0019672494
BooleanProperty:0.0016432637
