Task:0.21170792
TaskTable:0.1410421
Column:0.088886455
Filter:0.030747227
Priority:0.020609068
