Tile:0.6
Colony:0.42333333333333334
IndianSettlement:0.30333333333333334
GoodsContainer:0.26666666666666666
FreeColMenuTest:0.21222222222222223
WishRealizationMission:0.2
CreateMissionAtSettlementGoal:0.19333333333333333
ServerGame:0.18666666666666668
