Canvas:0.6033333333333334
HighScore:0.37333333333333335
ConnectController:0.2966666666666667
FreeColClient:0.21333333333333335
ReportHighScoresPanel:0.10666666666666667
