ValueChooser:0.5058333333333334
MFontButton:0.5033333333333333
MFontChooser:0.44333333333333336
AbstractBeanInfo:0.28
MFontButtonBeanInfo:0.13
