Unit:0.6266666666666667
AllTests:0.35333333333333333
UnitType:0.32
UnitTest:0.2511111111111111
DemotionTest:0.18
