JAMWikiAuthenticationConstants:0.47904761904761906
JAMWikiServlet:0.46
LoginServlet:0.2833333333333333
JAMWikiAuthenticationProcessingFilter:0.17
