TK:0.5566666666666666
MutableInteger:0.23666666666666666
Item:0.23666666666666666
Category:0.20333333333333334
Tracker:0.2
VersionInfo:0.19333333333333333
AutoCompletionData:0.19333333333333333
TestTK:0.18
Sorter:0.11333333333333333
DocumentList:0.10666666666666667
ByDate:0.09333333333333334
ByColor:0.09333333333333334
ByComplete:0.09333333333333334
