Unit:0.6833333333333333
InGameController:0.4033333333333333
Game:0.3988888888888889
TradeRoute:0.27666666666666667
ServerPlayer:0.24
ServerGame:0.15
ServerTurn:0.0011111111111111111
