StringEntry:0.41333333333333333
TransFrame:0.38333333333333336
FileHandler:0.27666666666666667
HTMLParser:0.19666666666666666
OmegaTVersion:0.19416666666666668
StaticUtils:0.1618888888888889
