MApplication:0.5366666666666666
Main:0.45
Help:0.22666666666666666
