TK:0.5666666666666667
MDialog:0.36666666666666664
TreePanel:0.29
TextWriter:0.25333333333333335
LookAndFeelSettings:0.25333333333333335
SpreadsheetWriter:0.25333333333333335
Tabs:0.2425
TabComponent:0.16
DocumentWriter:0.12333333333333334
LocalSearchAction:0.11333333333333333
AppSettings:0.07666666666666666
AbstractSettings:0.056666666666666664
LookAndFeelPlugin:0.03666666666666667
