FoundingFather:0.29169232
BuildingType:0.28143778
FreeColObject:0.25917822
FreeColGameObjectType:0.24631707
Specification:0.24387236
Feature:0.22429435
LostCityRumour:0.21259855
Unit:0.21059978
Building:0.20949174
Europe:0.20943409
UnitType:0.20469268
Monarch:0.2016495
WorkLocation:0.20125134
Colony:0.19550817
Player:0.18207176
ColonyTile:0.16155763
FeatureContainer:0.13419625
BuildQueue:0.099655494
SimpleCombatModel:0.096481
