EditorController:0.022226803
EditorTextArea3:0.02098149
