StaticUtils:0.6666666666666666
OStrings:0.5239047619047619
SearchWindow:0.3933333333333333
SearchThread:0.23333333333333334
