Server:0.32
Parser:0.30666666666666664
RowInputText:0.2911111111111111
TextCache:0.234
TextTable:0.2111111111111111
RowInputTextQuoted:0.1988888888888889
