PluginManager:0.6155555555555556
Desktop:0.42333333333333334
NoteWidget:0.3006666666666667
