UI:0.7333333333333333
OS:0.48333333333333334
MSystemTray:0.24
WidgetInternalFrame:0.23666666666666666
