Cache:0.48333333333333334
UnifiedTable:0.37
RowComparator:0.28650000000000003
ObjectComparator:0.2636150793650792
StopWatch:0.21666666666666667
TextCache:0.21666666666666667
Tokenizer:0.21333333333333335
MultiCellsComparator:0.13944444444444443
PrimByteCellComparator:0.12277777777777776
PrimIntCellComparator:0.12277777777777776
PrimShortCellComparator:0.12277777777777776
PrimDoubleCellComparator:0.12277777777777776
PrimCharCellComparator:0.12277777777777776
PrimLongCellComparator:0.12277777777777776
PrimFloatCellComparator:0.12277777777777776
DefaultStringComparator:0.08388888888888889
PrimObjectCellComparator:0.06166666666666667
CachedRowComparator:0.02
