ParserDQL:0.47
BaseHashMap:0.43
RowOutputBinary:0.245
Charset:0.2377777777777778
HashIndex:0.17
IntKeyLongValueHashMap:0.14333333333333334
