Specification:0.64
GoodsType:0.5933333333333334
IndianSettlement:0.3
IndianBringGiftMission:0.2277777777777778
GoodsTest:0.21
MapGenerator:0.20666666666666667
IndianDemandMission:0.20333333333333334
WorkLocationPlan:0.19555555555555557
ColonyPlan:0.19
