Unit:0.7033333333333334
Settlement:0.6266666666666667
Tile:0.39666666666666667
InGameInputHandler:0.3433333333333333
Colony:0.29
InGameController:0.26
IndianSettlement:0.25333333333333335
ColonyTile:0.22
Building:0.21666666666666667
AIInGameInputHandler:0.13333333333333333
TerrainGenerator:0.11666666666666667
