FSProperties:0.529345238095238
ImageEditorCore:0.49666666666666665
TaskTable:0.41333333333333333
Tester:0.38166666666666665
PropertiesPanel:0.3466666666666667
