Colony:0.4100633
Tile:0.29282737
Unit:0.2808329
IndianSettlement:0.2701325
GoodsContainer:0.22365652
Settlement:0.21246932
Player:0.20766619
TileType:0.1755559
FreeColGameObject:0.13797842
Game:0.13123155
Location:0.12712872
AbstractGoods:0.12710376
Specification:0.12686084
WorkLocation:0.12466243
GoodsType:0.12102815
FreeColObject:0.1175615
UnitType:0.11361722
Modifier:0.061202582
StringTemplate:0.06044168
FeatureContainer:0.035656482
Locatable:0.03429922
Ownable:0.028172817
