ColonyTile:0.38651755
Europe:0.36377957
Unit:0.33660236
Goods:0.30775467
Tile:0.293684
Locatable:0.29210606
Colony:0.28528625
GoodsContainer:0.2517921
Settlement:0.21997052
Player:0.21891281
WorkLocation:0.21241127
TileItem:0.18952309
TradeRoute:0.15571235
TradeRouteStop:0.1251438
LastSale:0.10399372
SimpleCombatModel:0.09984548
FreeColGameObject:0.09650464
StringTemplate:0.09280585
