ReportPanel:0.13250983
UnitLabel:0.07562308
GoodsLabel:0.04019937
FreeColPanel:0.027701337
