ReportPanel:0.13475768
UnitLabel:0.038702756
FreeColPanel:0.019858452
