ReportPanel:0.15275422
UnitLabel:0.08169715
GoodsLabel:0.04487975
FreeColPanel:0.029393764
