ColonyPlan:0.7466666666666667
AIColony:0.5488888888888889
TilePopup:0.30333333333333334
