SearchEngine:0.7266666666666667
LuceneSearchEngine:0.30666666666666664
SearchServlet:0.23666666666666666
TestSearchEngine:0.13666666666666666
RankingAlgorithmSearchEngine:0.05333333333333334
