MHTMLViewer:0.10395825
HistoryManager:0.05782634
HTMLViewFactory:0.037367202
MTextPane:0.019021042
MText:0.016527733
ActionGroup:0.01493851
TK:0.013888764
MDataAction:0.010332758
MLogger:0.008732265
UI:0.008620663
MPanel:0.0075983643
MAction:0.007231152
MMainWindow:0.0068709394
MActionInfo:0.0068462333
Net:0.006802529
Flags:0.004987814
MStatusBar:0.0044464474
MScrollPane:0.002424547
