BufferChangeAdapter:0.83727527
Buffer:0.2245095
BufferUpdate:0.059222426
