JEditTextArea:0.18978378
ChunkCache:0.17534125
TextAreaPainter:0.15309368
Gutter:0.11994168
LineManager:0.115398854
Buffer:0.09309617
Selection:0.065449096
BufferChangeAdapter:0.064369984
StatusBar:0.04409975
View:0.038749762
IndentFoldHandler:0.030905593
jEdit:0.025730046
Log:0.023321755
GUIUtilities:0.017312568
Debug:0.0063566663
BeanShellErrorDialog:1.5462059E-4
