Buffer:0.18829867
FoldHandler:0.168789
DisplayManager:0.07146483
TextAreaPainter:0.056742344
