Buffer:0.0116106905
Log:0.0033458832
