JEditTextArea:0.2507401
Buffer:0.23625313
DisplayManager:0.22396885
SelectLineRange:0.15411493
MiscUtilities:0.06625344
Registers:0.062383868
HyperSearchResult:0.05949488
SearchAndReplace:0.057132225
TextAreaPainter:0.056192696
HyperSearchRequest:0.042695403
jEdit:0.04093913
BufferHistory:0.039262235
BeanShell:0.027940894
Java14:0.027147045
SearchBar:0.022736914
