FS:0.8266666666666667
Index:0.4066666666666667
ScriptCommand:0.29
