MRenderer:0.5822222222222222
RandomPasswordGeneratorDialog:0.35
ColorRenderer:0.31666666666666665
