AbstractCompositeFigure:0.32413825
Figure:0.28739774
DefaultDrawing:0.2474572
CompositeFigure:0.2321054
AbstractDrawing:0.20754421
LabeledLineConnectionFigure:0.20447583
AbstractFigure:0.18944745
GraphicalCompositeFigure:0.16799846
DrawingView:0.15244643
DefaultDrawingView:0.13184868
LineConnectionFigure:0.12212815
DefaultDrawingViewTransferHandler:0.11244449
ConnectionTool:0.10985242
OutputFormat:0.1053327
InputFormat:0.10278443
CreationTool:0.10267678
TextAreaCreationTool:0.094554305
DOMStorableInputOutputFormat:0.08695826
TextInputFormat:0.08538009
BidirectionalConnectionTool:0.08231965
ImageInputFormat:0.08200721
AbstractConnectionHandle:0.07963498
TextCreationTool:0.075411655
AbstractTool:0.07521362
SelectionTool:0.07491417
ImageOutputFormat:0.07464213
ConnectorHandle:0.06940279
DelegationSelectionTool:0.067600004
PictImageInputFormat:0.06678947
DefaultSelectAreaTracker:0.06652774
SerializationInputOutputFormat:0.063493766
BezierTool:0.059347585
DefaultDragTracker:0.058897853
DefaultHandleTracker:0.058843277
DragHandle:0.057569746
BezierNodeHandle:0.057551496
TextAreaEditingTool:0.053653862
BezierControlPointHandle:0.051513616
ImageTool:0.04518363
BezierScaleHandle:0.03919649
TextEditingTool:0.037823863
AbstractRotateHandle:0.03687455
DrawingPageable:0.034194056
HandleMulticaster:0.017887391
