MainWindow:0.5433333333333333
PropertiesPanel:0.37
LockButton:0.3233333333333333
PropertiesBar:0.24
