SearchAndReplace:0.6233333333333333
XSearchPanel:0.4766666666666667
XSearch:0.43666666666666665
