Config:0.87
Property:0.5808333333333333
Model:0.20333333333333334
