InGameController:0.7166666666666667
ServerPlayer:0.42
ClaimLandMessage:0.30333333333333334
InGameInputHandler:0.2633333333333333
TensionTest:0.17666666666666667
