ColonyPanel:0.27004927
BuildingToolTip:0.26172686
UnitLabel:0.13901162
ReportProductionPanel:0.053206004
ProductionLabel:0.04623897
ReportReligiousPanel:0.037750553
