Environment:0.69
WikiDatabase:0.5233333333333333
RegisterServlet:0.28555555555555556
