MLinkButton:0.7433333333333333
MAboutDialog:0.33666666666666667
LinkEditor:0.3
StaticDragHandler:0.1651111111111111
