IntervalType:0.6866666666666666
DateTimeType:0.5266666666666666
FunctionSQL:0.2866666666666667
