Table:0.1933646
DITableInfo:0.13276778
Database:0.108542964
DINameSpace:0.102411136
DITypeInfo:0.09460813
DatabaseInformation:0.08582935
Types:0.08189156
Expression:0.081743605
Result:0.07149151
Constraint:0.06779063
Session:0.0674307
Column:0.056848038
Trace:0.052896023
Index:0.052823044
UserManager:0.050052658
User:0.042378135
HsqlNameManager:0.03875985
ConstraintCore:0.017850421
HsqlProperties:0.017784324
SequenceManager:0.016991718
SessionManager:0.012212919
NumberSequence:0.008441011
HsqlException:0.007029042
