CachedRow:0.1523662
Cache:0.14962907
DataFileCache:0.12841742
DiskNode:0.085849226
Trace:0.07827618
Table:0.07695635
Node:0.07108169
Database:0.06838446
Row:0.0630989
Index:0.03311338
HsqlException:0.0025115164
