DatabaseInformationMain:0.2878933
DITypeInfo:0.27633256
Table:0.2362908
Column:0.13010855
Types:0.12105523
Index:0.11380388
Cache:0.06550901
DataFileCache:0.061910152
NumberSequence:0.012496424
