ScaledRAFile:0.19559808
Trace:0.03362711
