CachedDataRow:0.5374727
CachedRow:0.4788942
Node:0.3440251
PointerNode:0.16270408
Table:0.14642851
DiskNode:0.13016868
Index:0.1020703
TableFilter:0.07781121
DataFileDefrag:0.07778989
MemoryNode:0.06904996
Session:0.065890715
CompiledStatementExecutor:0.038960345
Record:0.013381897
HsqlException:0.0052225026
