MNotification:0.5
MSettingsDialog:0.4266666666666667
MSettingsPage:0.3933333333333333
