DockableWindowManager:0.59
DockableLayout:0.3202777777777778
ButtonLayout:0.2733333333333333
PanelWindowContainer:0.23
DockingOptionPane:0.21
ActionBar:0.1791666666666667
