MDialog:0.7566666666666667
PropertiesPanel:0.27666666666666667
MWizardDialog:0.24333333333333335
MToggleButton:0.23
