NameSpace:0.15314609
BSHForStatement:0.11846196
Interpreter:0.11019603
This:0.107424535
BSHBlock:0.08831573
EvalError:0.011235379
