BSHArrayDimensions:0.2738108
BSHVariableDeclarator:0.13782825
Reflect:0.061854906
Interpreter:0.060529668
SimpleNode:0.05276714
Primitive:0.04176459
EvalError:0.030482315
Parser:0.020079024
CallStack:0.01392093
