BSHAmbiguousName:0.19818564
BSHArrayDimensions:0.17368144
BSHArguments:0.15954347
BSHBlock:0.14630891
Interpreter:0.13867661
This:0.13689776
NameSpace:0.13011153
SimpleNode:0.11612334
Reflect:0.1065585
Primitive:0.06487439
CallStack:0.048318934
EvalError:0.042863466
TargetError:0.04242181
Parser:0.035270456
BSHPrimitiveType:0.034970473
ReflectError:8.631829E-4
