BSHTypedVariableDeclaration:0.23175146
NameSpace:0.10557442
Primitive:0.10282997
Interpreter:0.06359926
Reflect:0.058273923
BSHType:0.03935853
SimpleNode:0.033760477
TargetError:0.033191342
This:0.031841733
Parser:0.01810801
EvalError:0.017866554
CallStack:0.006507305
Capabilities:0.00533409
InterpreterError:4.6870686E-4
