BSHFormalParameters:0.5153973
BSHTryStatement:0.34137344
BSHType:0.17185459
SimpleNode:0.15423518
NameSpace:0.10223415
Parser:0.057664707
Primitive:0.040165406
EvalError:0.026883427
