BSHLHSPrimarySuffix:0.560573
BSHPrimaryExpression:0.38837478
BSHAmbiguousName:0.23724554
Reflect:0.22876889
Interpreter:0.21515302
NameSpace:0.20531388
BSHArguments:0.17772995
BSHType:0.16282828
SimpleNode:0.15540405
Primitive:0.13799061
EvalError:0.09353799
TargetError:0.07874052
CallStack:0.04979193
Parser:0.039221983
ReflectError:0.012488437
InterpreterError:0.008583469
