BSHSwitchLabel:0.3631337
SimpleNode:0.11294945
ReturnControl:0.082864836
Interpreter:0.076034695
EvalError:0.037358608
Parser:0.029798156
Primitive:0.013672723
CallStack:0.0052839485
ParserConstants:7.098475E-4
