BSHVariableDeclarator:0.106524915
BSHPrimarySuffix:0.10269856
BSHPrimitiveType:0.10155906
BSHReturnType:0.08638943
NameSpace:0.08603448
BSHFormalParameter:0.08562094
BSHTypedVariableDeclaration:0.08365834
BSHBinaryExpression:0.06698687
BSHCastExpression:0.06127663
SimpleNode:0.056186125
BshClassManager:0.0393982
Parser:0.036437336
BSHAmbiguousName:0.03404277
EvalError:0.029047605
