BSHBlock:0.13984135
BSHFormalParameter:0.13083549
Interpreter:0.09178219
NameSpace:0.07737624
SimpleNode:0.07194674
TargetError:0.07023517
EvalError:0.053165663
CallStack:0.045540318
Parser:0.04008438
Primitive:0.02427213
Node:0.01573682
ReturnControl:0.0015784296
