SimpleNode:0.17959626
Interpreter:0.14330277
EvalError:0.12382496
TargetError:0.10127952
Parser:0.029570192
CallStack:0.013382622
