Primitive:0.37810028
BSHLHSPrimaryExpression:0.08377306
Interpreter:0.07875172
Parser:0.06233772
SimpleNode:0.041992422
LHS:0.041533373
EvalError:0.024316335
ParserConstants:0.010106909
CallStack:0.008553736
InterpreterError:0.0030999728
