This:0.17711192
Interpreter:0.17636323
BSHAmbiguousName:0.14976466
NameSpace:0.12787163
BSHImportDeclaration:0.12280397
Name:0.120706044
BshMethod:0.11449726
BSHTryStatement:0.11192987
BSHAllocationExpression:0.10182224
BSHBlock:0.098341644
SimpleNode:0.09622827
BSHMethodInvocation:0.07902269
BSHPrimarySuffix:0.07853082
BSHForStatement:0.07847314
BSHTypedVariableDeclaration:0.07526525
BSHBinaryExpression:0.071846746
BSHCastExpression:0.056111787
BSHLiteral:0.03035558
BSHPrimaryExpression:0.023503037
BSHArrayInitializer:0.023451956
BSHLHSPrimarySuffix:0.021273028
BSHStatementExpressionList:0.021169176
BSHArguments:0.021078132
BSHArrayDimensions:0.019090768
BSHVariableDeclarator:0.019089613
BSHSwitchLabel:0.01850932
BSHReturnStatement:0.018217495
BSHAssignment:0.01746337
BSHTernaryExpression:0.017139506
BSHThrowStatement:0.01697265
BSHIfStatement:0.016269647
BSHSwitchStatement:0.0130762905
BSHLHSPrimaryExpression:0.012805404
BSHWhileStatement:0.012543895
BSHUnaryExpression:0.011240539
InterpreterError:0.0015505833
