NameSpace:0.09708124
ReflectManager:0.058801554
This:0.043440964
Reflect:0.041531727
TargetError:0.019385763
BSHCastExpression:0.012373003
