TargetError:0.18083149
SimpleNode:0.17561023
Interpreter:0.1412
BSHMethodInvocation:0.1278921
BSHThrowStatement:0.118172824
BSHPrimarySuffix:0.116123594
NameSpace:0.11392776
BSHSwitchLabel:0.106363356
BSHLHSPrimarySuffix:0.10631184
BSHTernaryExpression:0.10213633
BSHStatementExpressionList:0.094124004
BSHTryStatement:0.09391674
BSHArrayInitializer:0.09066465
Name:0.09011586
BSHAllocationExpression:0.088795364
BSHVariableDeclarator:0.08705053
BSHAmbiguousName:0.085800655
BSHPrimaryExpression:0.08575859
BSHArguments:0.08406289
BSHForStatement:0.08389738
BSHMethodDeclaration:0.083277844
BSHBinaryExpression:0.08195319
BSHIfStatement:0.08171227
BshMethod:0.081222035
BSHAssignment:0.07994013
BSHFormalParameter:0.079696946
BSHReturnStatement:0.077845186
BSHArrayDimensions:0.07754609
This:0.07705981
BSHType:0.0755348
BSHCastExpression:0.07542753
BSHImportDeclaration:0.07462284
BSHWhileStatement:0.074575216
BSHSwitchStatement:0.07417597
ParseException:0.07181978
BSHLHSPrimaryExpression:0.069693275
BSHReturnType:0.066692404
BSHBlock:0.06635183
BSHUnaryExpression:0.054638375
Reflect:0.054032005
BSHFormalParameters:0.048720803
BSHLiteral:0.046712924
BSHTypedVariableDeclaration:0.044773694
ClassPathException:0.040780526
LHS:0.034707565
Primitive:0.032727826
XThis:0.025954437
BeanShell:0.025278483
BshClassManager:0.019511959
BlockNameSpace:0.019382719
JThis:0.017915934
DockableWindowManager:0.012330333
