This:0.058717977
XThis:0.048762973
Interpreter:0.035369854
NameSpace:0.031970475
BshMethod:0.018405994
Primitive:0.008044733
CallStack:0.0018740318
EvalError:0.0011641006
