ParserConstants:0.01474045
TokenMgrError:0.012611372
ASCII_UCodeESC_CharStream:0.009722218
Parser:0.0062108943
Token:0.0031494903
