Parser:0.25264335
SimpleNode:0.0033681495
