ReflectManagerImpl:0.554856
Capabilities:0.08699001
BshClassManager:0.04449362
Reflect:0.032817066
