BSHSwitchStatement:0.4522364
BSHReturnStatement:0.4433539
BSHWhileStatement:0.21424848
BSHForStatement:0.21310028
BshMethod:0.13253763
BSHIfStatement:0.09248028
BSHBlock:0.056771606
Interpreter:0.05107279
BSHTryStatement:0.041117806
ParserConstants:0.014783244
