BSHPrimaryExpression:0.1746743
BSHStatementExpressionList:0.16498332
BSHForStatement:0.16386174
BSHMethodDeclaration:0.15568136
Interpreter:0.15262364
NameSpace:0.1489735
BSHArguments:0.14584358
EvalError:0.1343021
BSHVariableDeclarator:0.13363394
BSHBlock:0.12884478
BSHTernaryExpression:0.1231134
BSHLHSPrimaryExpression:0.12173035
BSHPrimarySuffix:0.12129432
BSHSwitchStatement:0.11927885
This:0.11524201
BSHArrayDimensions:0.11426899
BSHTypedVariableDeclaration:0.11378434
BSHFormalParameter:0.11289567
BSHTryStatement:0.11126539
BSHSwitchLabel:0.10993084
BSHReturnStatement:0.109102905
BSHAmbiguousName:0.10745815
BSHArrayInitializer:0.106611155
BSHIfStatement:0.103447124
BSHBinaryExpression:0.10227498
BSHWhileStatement:0.10211132
Name:0.09858364
BSHAllocationExpression:0.0957071
Node:0.09554268
BSHThrowStatement:0.092813686
BshMethod:0.0894937
BSHImportDeclaration:0.08691439
BSHLHSPrimarySuffix:0.08514569
BSHCastExpression:0.08426172
BSHFormalParameters:0.08366917
BSHType:0.08089962
TargetError:0.080398746
BSHMethodInvocation:0.07559578
BSHAssignment:0.071418844
BSHLiteral:0.07096806
BSHReturnType:0.0694386
Reflect:0.06428403
Parser:0.054390367
BSHUnaryExpression:0.053729665
BSHPrimitiveType:0.044117205
CallStack:0.039584544
Token:0.024613636
ParserTreeConstants:0.01091091
