Interpreter:0.13909183
BSHMethodInvocation:0.12485225
EvalError:0.121521115
Name:0.099439494
BSHTryStatement:0.09771379
Reflect:0.09418598
BSHCastExpression:0.087898314
BSHThrowStatement:0.08203758
BSHPrimarySuffix:0.072900474
BeanShell:0.07049924
BSHLHSPrimarySuffix:0.06798347
BSHBinaryExpression:0.058942348
BSHAllocationExpression:0.05709372
Primitive:0.054190543
LHS:0.04802864
SimpleNode:0.047255643
Capabilities:0.019467138
InterpreterError:0.00771863
