NameSpace:0.2957093
XThis:0.255597
Name:0.20974326
Interpreter:0.20421247
BlockNameSpace:0.16239095
Reflect:0.1402737
JThis:0.120541506
CallStack:0.109501824
BSHAllocationExpression:0.09257383
SimpleNode:0.092142895
BSHCastExpression:0.08199627
Capabilities:0.034604844
EvalError:0.029326832
InterpreterError:0.008215137
