Table:0.5133333333333333
Trace:0.37333333333333335
User:0.35333333333333333
UserManager:0.35333333333333333
Column:0.26
Session:0.23666666666666666
TableWorks:0.20333333333333334
TestLibSpeed:0.13
