PluginUtils:0.045383193
OneFilterTableModel:0.042186536
FiltersTableModel:0.039799973
