MapRule:0.10049561
Segmenter:0.07873694
SRX:0.046697237
DefaultRules:0.011411647
