jEdit:0.6433333333333333
Buffer:0.5033333333333333
PluginJAR:0.30333333333333334
PanelWindowContainer:0.20666666666666667
