jEdit:0.7433333333333333
JEditTextArea:0.3938888888888889
RecentFilesMenu:0.16333333333333333
