PropertiesPanel:0.44333333333333336
MMainWindow:0.38666666666666666
TextEditorDesigner:0.37
PropertiesDialog:0.21
MFrame:0.19666666666666666
MStatusBar:0.17666666666666667
