ServletUtil:0.63
RequestValidator:0.3027420634920635
JAMWikiServlet:0.27
UserBlockValidator:0.10333333333333333
ReCaptchaUtil:0.09666666666666666
RequestValidatorInfo:0.04416666666666667
UserBlockValidatorInfo:0.016666666666666666
HoneypotValidator:0.013333333333333334
