ImageLibrary:0.5916666666666667
IndianNationType:0.37333333333333335
NationType:0.27666666666666667
EuropeanNationType:0.27
