DatabaseURL:0.5053333333333333
HsqlDatabaseProperties:0.4683333333333333
Cache:0.385
