DatabaseManagerSwing:0.3983333333333333
DataFileCache:0.34
DatabaseManager:0.3
RowStoreAVLMemory:0.25
FunctionCustom:0.24444444444444446
