RefCapablePropertyResourceBundle:0.33375373
SqltoolRB:0.0776955
SqlTool:0.025813932
SqlFile:0.020059846
