DiplomaticTrade:0.40402615
TradeItem:0.38846192
FreeColObject:0.16094612
Colony:0.10306174
Game:0.10269117
Settlement:0.08291546
Player:0.07077818
