InGameController:0.62
ScoutingMission:0.43666666666666665
ScoutIndianSettlementMessage:0.4266666666666667
