BSHMethodInvocation:0.34923396
BSHLHSPrimarySuffix:0.31838873
BSHAllocationExpression:0.3012554
BSHPrimarySuffix:0.27445042
SimpleNode:0.2668835
Interpreter:0.11763666
EvalError:0.06143199
Parser:0.04209387
CallStack:0.040815756
