BSHArrayInitializer:0.35416472
BSHAllocationExpression:0.16460128
SimpleNode:0.116008826
Interpreter:0.08818048
Reflect:0.079193525
EvalError:0.04639254
Primitive:0.040633876
Parser:0.036476307
CallStack:0.02914318
