Interpreter:0.14435965
NameSpace:0.12488703
BeanShell:0.043429565
Name:0.040744074
Reflect:0.031221628
BSHType:0.022329042
ClassPathException:0.011425026
EvalError:0.008300762
ReflectManager:0.008136132
