BSHPrimarySuffix:0.3481505
BSHAmbiguousName:0.17219569
SimpleNode:0.15847947
Interpreter:0.088840164
EvalError:0.062113807
Parser:0.055735264
CallStack:0.023838105
