BSHSwitchLabel:0.36346287
SimpleNode:0.113613166
ReturnControl:0.083110794
Interpreter:0.076847844
Parser:0.038060427
EvalError:0.037781846
Primitive:0.013862711
CallStack:0.005660907
ParserConstants:6.985975E-4
