Primitive:0.37635684
BSHLHSPrimaryExpression:0.08527697
Interpreter:0.08121178
Parser:0.06560783
LHS:0.043364756
SimpleNode:0.042762242
EvalError:0.02531469
ParserConstants:0.009705757
CallStack:0.008912598
InterpreterError:0.003660874
