Interpreter:0.07866782
NameSpace:0.052696846
