XThis:0.06502861
This:0.06418369
Interpreter:0.04459094
NameSpace:0.037672587
BshMethod:0.02550545
Primitive:0.009686664
CallStack:0.0039784606
EvalError:0.0015109928
