Interpreter:0.047506187
Parser:0.04080721
EvalError:0.035056356
Token:0.020884072
