Parser:0.15375076
ParserTokenManager:0.12906872
Primitive:0.0829123
ReturnControl:0.064985745
BSHAssignment:0.063558705
BSHUnaryExpression:0.045380272
BSHReturnStatement:0.039049022
BSHBinaryExpression:0.03845972
BSHSwitchStatement:0.025299862
BSHWhileStatement:0.023050718
LHS:0.02032854
BSHForStatement:0.017338956
BshMethod:0.00576129
