BSHForStatement:0.18328294
BSHPrimaryExpression:0.17696299
BSHStatementExpressionList:0.16728115
Interpreter:0.1624331
BSHMethodDeclaration:0.15793082
BSHArguments:0.14802866
BSHBlock:0.14049484
EvalError:0.13679169
BSHVariableDeclarator:0.13546474
NameSpace:0.1315543
BSHTernaryExpression:0.12509978
BSHLHSPrimaryExpression:0.123501755
BSHPrimarySuffix:0.12322563
BSHSwitchStatement:0.12120207
BSHArrayDimensions:0.116055995
BSHTypedVariableDeclaration:0.11498265
BSHFormalParameter:0.11473155
BSHSwitchLabel:0.111754626
BSHReturnStatement:0.11089079
BSHAmbiguousName:0.1090398
BSHArrayInitializer:0.10819034
BSHIfStatement:0.105224475
BSHWhileStatement:0.10374767
BSHBinaryExpression:0.10366291
Name:0.09964302
BSHAllocationExpression:0.097244725
BSHTryStatement:0.09710644
Node:0.09600152
This:0.09523436
BshMethod:0.09513002
BSHThrowStatement:0.09436994
TargetError:0.08949558
BSHImportDeclaration:0.08833948
BSHLHSPrimarySuffix:0.08672715
BSHCastExpression:0.085400596
BSHFormalParameters:0.08486798
BSHType:0.08206706
BSHMethodInvocation:0.076996066
Parser:0.07505405
BSHAssignment:0.07254914
BSHLiteral:0.07147874
BSHReturnType:0.07062805
BSHFormalComment:0.06827759
Reflect:0.067838795
BSHUnaryExpression:0.054688513
BSHPrimitiveType:0.044694416
CallStack:0.037833244
Token:0.024456443
ParserTreeConstants:0.010928086
