ParseException:0.08185399
SimpleNode:0.050945766
Parser:0.03970025
ParserTokenManager:0.03505856
