UpgradeServlet:0.6366666666666667
DatabaseUpgrades:0.6066666666666667
