AbstractConnector:0.33170703
ChopRectangleConnector:0.23819907
LocatorConnector:0.18274406
ChopBezierConnector:0.1150285
ChopTriangleConnector:0.11268261
ChopEllipseConnector:0.088964626
ChopRoundRectangleConnector:0.07773738
ChopDiamondConnector:0.055079635
