WebBrowser:0.59
MWebBrowserPanel:0.5033333333333333
FeedViewer:0.41
SaveAction:0.23333333333333334
