Number:0.11258735
Selector:0.097523995
NumberRules:0.08032493
