Tabs:0.66
MTabbedPane:0.35333333333333333
TabComponent:0.25333333333333335
Presentation:0.22666666666666666
HiddenTabsUI:0.04666666666666667
