IEditor:0.8933333333333333
CaretPosition:0.7133333333333334
ReplaceFilter:0.22666666666666666
DisplayedEntryImpl:0.21777777777777782
GlossaryTextAreaTest:0.12666666666666668
SearchWindowTest:0.12666666666666668
