Buffer:0.43
IndentAction:0.412
JEditTextArea:0.3433333333333333
BracketIndentRule:0.29
FirstLine:0.26666666666666666
VFS:0.24
Decrease:0.23
DisplayManager:0.23
Increase:0.12333333333333334
AlignBracket:0.12333333333333334
IndentRule:0.12
Collapse:0.07
CloseBracketIndentRule:0.06333333333333334
OpenBracketIndentRule:0.043333333333333335
RegexpIndentRule:0.03666666666666667
Reset:0.03
