FileCache:0.74
AbstractFileCache:0.6955555555555555
Main:0.19666666666666666
