MSettingsPage:0.113159716
UI:0.09572512
MIcon:0.0649331
MBorder:0.015765257
WTFError:0.001741294
