MStatusBar:0.64
SearchBar:0.33666666666666667
Fade:0.2633333333333333
DnDTransferHandler:0.23
