jEdit:0.58
JEditTextArea:0.36333333333333334
KillRing:0.25
PerspectiveManager:0.24666666666666667
TextUtilities:0.12666666666666668
BufferLoadRequest:0.12666666666666668
