jEdit:0.065799125
View:0.032244235
Log:0.016859313
MiscUtilities:0.015560531
EnhancedDialog:0.0100069605
