InternetSearchPlugin:0.16720155
OpenSearchDescription:0.024550196
InternetSearchPanelBeanInfo:0.0017607332
