MDialog:0.09579767
MComponent:0.043701228
UI:0.038137585
MMouseAdapter:0.019156845
MColor:0.018451976
