WidgetPeer:0.42622784
WidgetInternalFrame:0.20505114
Desktop:0.05585462
Pager:0.024129504
AppletWidget:0.021707928
SessionEvent:0.0075188903
WidgetPlugin:0.003953786
