Unit:0.44333333333333336
Building:0.38666666666666666
Tile:0.34238095238095234
Colony:0.33
InGameController:0.32666666666666666
WarehousePanel:0.30111111111111116
CargoPanel:0.20694444444444446
ColonyTile:0.17333333333333334
DefaultTransferHandler:0.16666666666666666
