WikiUtil:0.4666666666666667
LinkUtil:0.45666666666666667
WikiCache:0.32111111111111107
WikiPageInfo:0.31
JAMWikiServlet:0.19
