MApplication:0.6233333333333333
MainWindow:0.2866666666666667
FeedsFS:0.27
FeedsFSPlugin:0.22111111111111115
MMainWindow:0.18222222222222223
Favicon:0.1688888888888889
UpdatePlugin:0.1688888888888889
ToggleOfflineAction:0.09
