Player:0.7266666666666667
InGameController:0.27
InputHandler:0.24666666666666667
InGameInputHandler:0.24333333333333335
FreeColServerHolder:0.13666666666666666
