XLIFFFilter:0.6833333333333333
TestFilterBase:0.44333333333333336
XLIFFFilterTest:0.24
