MApplication:0.5733333333333334
Args:0.2966666666666667
HTMLPreviewProvider:0.26666666666666666
SnippetAction:0.25666666666666665
Renderer:0.24
