Routine:0.20820408
SchemaManager:0.13193041
SchemaObjectSet:0.10820466
StatementSchema:0.08714717
HsqlNameManager:0.08670505
SchemaObject:0.082174726
FunctionSQLInvoked:0.07620514
ParserDDL:0.061892297
ParserDML:0.056483105
ParserDQL:0.03226318
Database:0.030120423
Session:0.02717459
Tokens:0.0
