TK:0.07352711
MLogger:0.015618396
