Utilities:0.5433333333333333
Environment:0.53
AdminServlet:0.32666666666666666
AbstractSearchEngine:0.26666666666666666
