DataFileCache:0.04098493
TextCache:0.02972026
DataFileCacheSession:0.0111479275
Log:0.006635827
