Table:0.595
Select:0.36333333333333334
CompiledStatement:0.35333333333333333
Expression:0.32
Column:0.25
DatabaseCommandInterpreter:0.23333333333333334
Function:0.23
Parser:0.22333333333333333
TableWorks:0.19333333333333333
View:0.17333333333333334
TestDatabaseMetaData:0.14666666666666667
TxManager:0.12
