OS:0.057962533
MAction:0.04341693
MAbout:0.043209583
FS:0.030275647
UI:0.02447307
Args:0.024407076
MMainWindow:0.022875119
MMessage:0.01876778
MNotification:0.018704414
Config:0.017624727
TK:0.01484391
MLogger:0.013991794
FileCache:0.013216715
MSystemTray:0.012959278
Net:0.012007231
MFrame:0.011802845
Property:0.010014127
MTip:0.009457182
MInternalFrame:0.00897203
VersionProperty:0.006979411
Kiosk:0.0057031093
