SearchWindowForm:0.39474395
MFindField:0.069206774
EntryListPane:0.04506904
HistoryManager:0.03111922
