XLIFFDialect:0.105779245
EditXLIFFOptionsDialog:0.040450092
XLIFFOptions:0.032038208
