MSmallColorButton:0.14177841
UI:0.1407327
MIcon:0.06272581
MColorChooser:0.048876923
MSmallColorChooser:0.038433604
TK:0.01882504
Property:0.00815907
