MButton:0.6566666666666666
MNotification:0.39
MButtonBeanInfo:0.18333333333333332
TabIcon:0.17333333333333334
AddRemovePanel:0.1257777777777778
