TK:0.6833333333333333
MetaInfo:0.67
XMLHandler:0.17333333333333334
ItemRenderer:0.16666666666666666
