Modifier:0.82
Feature:0.32666666666666666
ModifierTest:0.25850793650793646
