JEditTextArea:0.5933333333333334
TextAreaPainter:0.435
ChunkCache:0.2866666666666667
BufferChangeHandler:0.21666666666666667
