WikiUtil:0.9333333333333333
ImportServlet:0.22666666666666666
ImportTiddlyWikiServlet:0.22666666666666666
