UI:0.73
MIcon:0.49666666666666665
DefaultIconLoader:0.41333333333333333
