InGameController:0.6055555555555555
ToAmericaPanel:0.27
DefaultTransferHandler:0.23666666666666666
