DeskletLoader:0.14830515
DeskletWidgetContext:0.11167809
DeskletWidgetDockingContainer:0.07160667
DeskletWidgetPlugin:0.06782707
DeskletInfo:0.048024945
