Widget:0.6141666666666666
WidgetInternalFrame:0.4166666666666667
NoteWidget:0.4033333333333333
