ItemStatus:0.1986523
UI:0.14929064
MLineBorder:0.14008155
MTabbedPane:0.10990867
MButton:0.061493836
MApplication:0.04182043
