EditorController:0.5255555555555556
EditorUtils:0.4
EditorUtilsTest:0.03666666666666667
