MTabbedPane:0.5533333333333333
MTab:0.48333333333333334
MAboutDialog:0.26
