SummaryData:0.18451992
SummaryTree:0.12027416
Reminder:0.004845516
