Unit:0.6466666666666666
Region:0.41
Tension:0.2966666666666667
EquipmentType:0.28
AbstractUnit:0.27666666666666667
Modifier:0.274
IndianNationType:0.25666666666666665
EuropeanNationType:0.23333333333333334
FoundingFather:0.23
NationOptions:0.22
IndianSettlement:0.19416666666666665
Specification:0.1925
