InGameController:0.5566666666666666
GUI:0.43333333333333335
ColonyPanel:0.32666666666666666
TilePopup:0.2708333333333333
DebugMenu:0.23111111111111116
NewRegionNameSwingTask:0.14666666666666667
ShowInputDialogSwingTask:0.14333333333333334
NewLandNameSwingTask:0.12
