MDialog:0.42722222222222217
MMessage:0.38666666666666666
Blend:0.304
MAboutDialog:0.24333333333333335
PopupWindow:0.1988888888888889
MNotification:0.19
