MDialog:0.6933333333333334
MPasswordField:0.5533333333333333
