Result:0.5533333333333333
Table:0.4766666666666667
Session:0.29
JDBCPool:0.25666666666666665
JDBCCallableStatement:0.23333333333333334
QuerySpecification:0.23
JDBCStatement:0.225
RangeVariableConditions:0.21916666666666668
StatementDML:0.20666666666666667
StatementSession:0.18666666666666668
JDBCPreparedStatement:0.18666666666666668
ScriptWriterBase:0.18333333333333332
StatementProcedure:0.16333333333333333
StatementInsert:0.15
TestPreparedStatements:0.06
