TextEditorCore:0.12502249
TextEditorDesigner:0.079167075
TextEditorKit:0.013417815
TextEditorDocument:0.010735344
TextEditorPlugin:0.0089586545
