ScriptWriterBase:0.29126853
ScriptWriterBinary:0.09725858
