ScriptWriterBase:0.32340315
ScriptWriterZipped:0.15060174
