CompleteWord:0.6266666666666667
MarkersMenu:0.3233333333333333
CurrentDirectoryMenu:0.19666666666666666
PluginsMenu:0.12333333333333334
