MainWindow:0.11802634
Tabs:0.09505818
