UI:0.7333333333333333
Tree:0.2966666666666667
MMouseAdapter:0.22666666666666666
ItemRenderer:0.17
