jEdit:0.6566666666666666
BufferSetManager:0.44666666666666666
View:0.44
EditPane:0.304
