Mission:0.243083
TransportMission:0.23955081
