BuildingType:0.25932723
FoundingFather:0.2375331
FeatureContainer:0.2311559
TileType:0.22806703
Feature:0.22159646
Specification:0.22057623
Settlement:0.20759687
Ability:0.18716301
FreeColObject:0.1819267
ResourceType:0.17538252
Modifier:0.17505814
Event:0.17396095
EquipmentType:0.17363906
GoodsType:0.1673177
Limit:0.16726291
BuildableType:0.16632329
Building:0.16501741
TileImprovementType:0.16466068
Scope:0.16454096
NationType:0.16256182
Player:0.14411841
UnitType:0.12478259
Nation:0.11802935
SettlementType:0.11299108
Colony:0.10369872
AbstractUnit:0.10006177
ColonyTile:0.09017558
Goods:0.08873836
Monarch:0.08852107
GoodsContainer:0.07643812
Market:0.0709044
Unit:0.06534724
Tile:0.06522297
TypeCountMap:0.024415184
SimpleCombatModel:0.019753985
