TransportMission:0.231036
Mission:0.22874206
