Mission:0.34167883
TransportMission:0.31765565
