TransportMission:0.3588984
WorkInsideColonyMission:0.3464763
Mission:0.27617463
