MDialog:0.6466666666666666
MAboutDialog:0.48
MSettingsDialog:0.38333333333333336
