WidgetDesktopPaneUI:0.49666666666666665
AnnotationBar:0.26666666666666666
ScriptCommand:0.21666666666666667
AppletWidget:0.16666666666666666
