Editor:0.5533333333333333
PBEInfo:0.4
EditorCrypto:0.38666666666666666
EditorPassword:0.21666666666666667
MasterKey:0.19333333333333336
