Editor:0.4866666666666667
OS:0.34
Query:0.32
ColumnManager:0.26
Criterium:0.2588888888888889
Console:0.22333333333333333
TaskTable:0.21666666666666667
PluginManager:0.19083333333333333
ImportExport:0.18333333333333332
ExportAction:0.16333333333333333
DebugOutputStream:0.14333333333333334
AbstractImportExportAction:0.11333333333333333
ConsoleCommandLine:0.10666666666666667
SelectionItem:0.07333333333333333
KeywordsSelection:0.04
TestAbstractIterator:0.01
