Canvas:0.8466666666666667
VictoryPanel:0.4033333333333333
InGameInputHandler:0.34
AIInGameInputHandler:0.19111111111111112
FreeColLookAndFeel:0.16
