MTreeItem:0.1629359
AbstractScanner:0.14486317
