MTreeScanner:0.14928569
MTree:0.14535089
MTreeModel:0.09089237
