DeskletWidgetContext:0.12061861
AbstractDeskletContainer:0.07124355
