TodoEditorCore:0.44666666666666666
Summary:0.42333333333333334
TaskManager:0.37
CalendarWidget:0.25666666666666665
