TextAreaPainter:0.33396006
TextAreaExtension:0.32317826
Gutter:0.19900173
Log:0.013244908
