MainWindowMenuHandler:0.6333333333333333
Core:0.51
MainWindowMenu:0.38
IDictionaries:0.15694444444444444
