UnitTypeOption:0.28947362
AbstractUnitOption:0.2849222
OptionGroup:0.27992973
ModOption:0.2630704
ListOption:0.26286918
BooleanOption:0.24658471
FileOption:0.2417035
StringOption:0.24092808
IntegerOption:0.2287444
AudioMixerOption:0.1784316
ModListOption:0.17504653
PercentageOption:0.16571523
SelectOption:0.16511911
UnitListOption:0.1646927
LanguageOption:0.1533456
RangeOption:0.14495629
Option:0.08272592
