OptionGroupUI:0.15740865
OptionUI:0.013503861
