ContinueAction:0.11558329
AboutAction:0.11537786
ActionManager:0.1107787
DebugAction:0.09803679
ZoomOutAction:0.08543561
ZoomInAction:0.08263578
MapboardAction:0.08156047
ReportForeignAction:0.08008593
ChatAction:0.080074325
ColopediaAction:0.07586907
MapEditorAction:0.073888704
SaveAction:0.07356695
ShowGameOptionsAction:0.073455594
ReportTurnAction:0.073061004
RetireAction:0.07293166
PreferencesAction:0.07271603
ReportHistoryAction:0.07131048
OpenAction:0.070812665
ReconnectAction:0.07062762
NewAction:0.07052734
ShowDifficultyAction:0.06896723
QuitAction:0.0689015
ReportCargoAction:0.06878051
ReportIndianAction:0.06878051
ReportColonyAction:0.068780504
ReportReligionAction:0.068780504
ReportExplorationAction:0.068780504
ReportNavalAction:0.0687805
ReportContinentalCongressAction:0.0687805
ReportRequirementsAction:0.06878049
ReportEducationAction:0.06878049
ReportMilitaryAction:0.06878049
ReportHighScoresAction:0.06878049
ReportProductionAction:0.06878049
ReportTradeAction:0.06878048
ReportLabourAction:0.063955925
ShowMapGeneratorOptionsAction:0.062836885
DisplayTileTextAction:0.05973899
SaveAndQuitAction:0.05904381
EndTurnAction:0.05698084
ShowMainAction:0.05571956
FortifyAction:0.05379744
MiniMapZoomOutAction:0.053532023
MiniMapZoomInAction:0.05251879
WaitAction:0.052197754
DisbandUnitAction:0.050425548
SkipUnitAction:0.04976627
ScaleMapAction:0.049724285
DeclareIndependenceAction:0.049423642
BuildColonyAction:0.04624059
DetermineHighSeasAction:0.043189023
SentryAction:0.040769532
ImprovementAction:0.04001325
