SliderOptionUI:0.2925568
OptionUI:0.229519
