SliderOptionUI:0.28400534
OptionUI:0.18488172
