AbstractUnitOptionUI:0.4361199
OptionUI:0.15713884
