jEdit:0.23303816
ActionSet:0.18892366
EditPlugin:0.17034061
JARClassLoader:0.13077751
ServiceManager:0.11718432
DockableWindowManager:0.09650946
Roster:0.09420938
PluginList:0.09018113
MiscUtilities:0.08676243
Buffer:0.08570491
VFSBrowser:0.077161334
PluginUpdate:0.07276182
ManagePanel:0.07225923
FoldHandler:0.068924814
ServiceListHandler:0.068346605
EditBus:0.06308316
BeanShell:0.060982846
OptionPane:0.05741026
HelpIndex:0.056546293
ActionContext:0.05524423
Log:0.04946496
PluginsProvider:0.044149306
EBPlugin:0.0441218
PluginResURLConnection:0.040831685
HelpTOCPanel:0.035479516
EBComponent:0.024500925
PropertiesChanged:0.01794162
DummyFoldHandler:0.01638567
