MWizard:0.15551731
MMessage:0.12064785
MURLButton:0.06445842
MColorChooser:0.062299814
MPanel:0.057233028
MNotification:0.056489553
UI:0.05639399
MButton:0.05449115
MMenu:0.047523748
MAbout:0.045102846
AppAction:0.037200842
MAction:0.02411632
MBorderLayout:0.023310635
MAuthenticator:0.021126207
Flags:0.019615779
MLabel:0.01565342
Fade:0.0130589735
MMouseAdapter:0.012226972
Mnemonic:0.01195094
FS:0.009802498
MSplashScreen:0.008494465
BooleanProperty:0.0070242733
TK:0.0067467354
CoolLabel:0.0063134
Property:0.0048932554
