PluginInfo:0.6833333333333333
PluginManager:0.32666666666666666
MCellTip:0.27777777777777773
PropertiesPanel:0.22666666666666666
