ColopediaPanel:0.10396984
ColonyPanel:0.066741794
BuildingSitePanel:0.047977183
FreeColPanel:0.025068326
