FreeColDialog:0.099212006
FreeColPanel:0.064126626
