CargoPanel:0.18353882
DefaultTransferHandler:0.16568552
DragListener:0.12089373
UnitLabel:0.080516525
TrainDialog:0.0389232
FreeColPanel:0.027922789
GoodsLabel:0.022517473
MarketLabel:0.019995773
DropListener:0.005134649
