ColopediaPanel:0.1740089
FreeColDialog:0.11981048
NegotiationDialog:0.11952953
ColonyPanel:0.11934462
InfoPanel:0.11453615
EuropePanel:0.112222955
MonarchPanel:0.10777318
ReportTurnPanel:0.10774149
ClientOptionsDialog:0.1021848
DumpCargoDialog:0.10212701
EmigrationPanel:0.10019632
WorkProductionPanel:0.09946659
RecruitDialog:0.099092156
TradeRouteInputDialog:0.09753495
StartGamePanel:0.094680175
SelectAmountDialog:0.094651796
ChooseFoundingFatherDialog:0.094489194
TilePanel:0.0890988
AboutPanel:0.08834617
PreCombatDialog:0.087997206
ReportPanel:0.08493237
VictoryPanel:0.08327146
MapGeneratorOptionsDialog:0.075418025
MainPanel:0.074336015
BuildQueuePanel:0.07321601
CompactLabourReport:0.069842055
ColorCellEditor:0.0676127
ConfirmDeclarationDialog:0.06541106
TradeRouteDialog:0.06466372
InformationDialog:0.06429758
EventPanel:0.063692644
GameOptionsDialog:0.06234552
TrainDialog:0.061643194
WarehouseDialog:0.060309872
CaptureGoodsDialog:0.059773058
LoadingSavegameDialog:0.05952523
ServerListPanel:0.059339758
ReportRequirementsPanel:0.058706265
FindSettlementDialog:0.057403345
NewPanel:0.051834345
ReportTradePanel:0.04715331
DefaultTransferHandler:0.046809968
MapEditorTransformPanel:0.045925304
DragListener:0.04568454
SelectDestinationDialog:0.044040628
ChatPanel:0.043958616
StatisticsPanel:0.04370214
ReportProductionPanel:0.040900726
ReportLabourPanel:0.0403867
EditSettlementDialog:0.03862077
IndianSettlementPanel:0.03792848
ErrorPanel:0.03295201
StatusPanel:0.03284818
CargoPanel:0.03199493
ReportCargoPanel:0.031144476
ReportColonyPanel:0.030165307
ReportReligiousPanel:0.029490147
ReportNavalPanel:0.026068904
BuildingSiteToolTip:0.025319446
ReportMilitaryPanel:0.025221432
ReportHistoryPanel:0.023992762
ReportContinentalCongressPanel:0.023698566
ReportHighScoresPanel:0.02015504
FreeColImageBorder:0.010309487
