FreeColDialog:0.14319226
FreeColPanel:0.07693825
