TerrainGenerator:0.12856963
LandGenerator:0.08149955
IMapGenerator:0.06091102
River:0.04687119
MapGeneratorOptions:0.044938397
