MActionInfo:0.43666666666666665
MText:0.38333333333333336
Console:0.37333333333333335
Tabs:0.29
ClearAction:0.17
ConsoleOutput:0.15444444444444444
HistoryDialog:0.14666666666666667
Clear:0.14333333333333334
