ImageLibrary:0.5833333333333334
BuildingType:0.4066666666666667
