Environment:0.7833333333333333
WikiCache:0.3433333333333333
AdminServlet:0.25666666666666665
