AIMessage:0.5
AIPlayer:0.4033333333333333
TransportMission:0.25666666666666665
