MPermission:0.5272222222222221
MGuardedObject:0.5113333333333333
