BaseHashMap:0.13107276
ValuePoolHashMap:0.0947268
