HashMappedList:0.405215
Collection:0.0631417
Set:0.061048873
Iterator:0.0143100405
