Set:0.058794707
Iterator:0.020718513
