HashMap:0.19609924
Set:0.01750349
