ReportPanel:0.032271706
FreeColPanel:0.02091747
