Utilities:0.6733333333333333
Environment:0.41
ServletUtil:0.29333333333333333
WikiConfiguration:0.255
TestFileUtil:0.21000000000000002
