MAction:0.1243039
MDataAction:0.119824655
MMessage:0.117360644
MSmallButton:0.11388156
MDialog:0.094448134
MMenu:0.084855154
MTable:0.061484393
HistoryManager:0.06045417
MCheckBoxTable:0.05832211
MButton:0.0479219
MText:0.046530668
MApplication:0.022421848
MNotification:0.013521891
MSettingsDialog:0.012305109
MObject:0.011951806
TK:0.01121413
UI:0.01115559
MSettingsPage:0.010172286
MIcon:0.00888488
MFontChooser:0.008430707
MDateSpinner:0.0066271517
MCalendarPanel:0.0063532195
MSystemTray:0.005584248
MSmallColorChooser:0.005482653
MInternalFrame:0.0051253233
MFileChooser:0.0042455415
MTextFieldPanel:0.004174844
MWebBrowserPanel:0.0036342242
MColorChooser:0.0034691687
MMultiPanel:0.0033924354
ColumnManager:0.0031839272
MLoginPanel:0.002076471
Args:0.0012507803
