Routine:0.31666666666666665
Token:0.28
Schema:0.2775
ParserDQL:0.2733333333333333
ParserBase:0.23666666666666666
StatementCompound:0.20666666666666667
SchemaObjectSet:0.2
ParserRoutine:0.2
