Figure:0.7033333333333334
SimpleDrawingView:0.3466666666666667
DrawingView:0.335
GrapherView:0.17666666666666667
Drawing:0.1611111111111111
RectangleFigure:0.12166666666666667
TextFigure:0.12
LineFigure:0.1
ConnectingFiguresSample:0.09666666666666666
CircleFigure:0.07666666666666666
EllipseFigure:0.07666666666666666
