WebBrowser:0.43833333333333335
PrintPreviewPanel:0.4033333333333333
MNotification:0.30833333333333335
SwingWebBrowser:0.29333333333333333
TaskModel:0.29
