FreeColAction:0.7233333333333334
ActionManager:0.2833333333333333
InGameMenuBar:0.18666666666666668
MapEditorMenuBar:0.16
