DatabaseConnection:0.5833333333333334
DatabaseHandler:0.5666666666666667
WikiPreparedStatement:0.3933333333333333
