jEdit:0.16618685
OptionsDialog:0.053571355
AbstractOptionPane:0.048814088
FontSelector:0.013321327
