MetaInfo:0.5455555555555556
TK:0.36
MStatusBar:0.30833333333333335
EditorQuickFind:0.2611111111111111
TabIcon:0.17666666666666667
RenameEditor:0.14
