OS:0.49333333333333335
Console:0.34
Scanner:0.23333333333333334
MTreeScanner:0.22333333333333333
Main:0.18666666666666668
GeneralSettings:0.16444444444444445
SetOpenCommandAction:0.10666666666666667
AbstractScanner:0.013333333333333334
