UI:0.82
MStatusBar:0.35444444444444445
MainWindow:0.29333333333333333
MTextPane:0.23666666666666666
MToolBar:0.21333333333333335
ImportExport:0.21333333333333335
PropertiesDialog:0.19
TextUtils:0.18333333333333332
Content:0.17333333333333334
MenuButton:0.15666666666666668
