MPanel:0.9666666666666667
ChartPanel:0.21
PrintDialog:0.20333333333333334
AbstractPanel:0.16666666666666666
FeedsConfigPanel:0.12
