MSmallButton:0.23325099
MDialog:0.2247556
MURLButton:0.20783773
MToolBar:0.19182022
MCalendar:0.16919544
MMessage:0.13413054
MWizard:0.12965325
MAction:0.08178263
MMouseAdapter:0.069627196
UI:0.06363996
TK:0.04461628
Mnemonic:0.0383083
FS:0.03552309
MAbout:0.03340722
Blend:0.014867268
