Utilities:0.6933333333333334
RegisterServlet:0.3011111111111111
UpgradeServlet:0.24777777777777782
