Canvas:0.6433333333333333
InGameController:0.4266666666666667
GUI:0.42
