UI:0.4866666666666667
Style:0.45
MTextArea:0.35
ScriptIDE:0.2511111111111111
