WebBrowserEditor:0.052951165
AbstractTextEditor:0.038921367
ConsoleTab:0.011559688
