ModeProvider:0.4866666666666667
TextArea:0.4066666666666667
jEdit:0.35
Mode:0.29
JEditBuffer:0.2558888888888889
ModeCatalogHandler:0.06666666666666667
JEditMode:0.06666666666666667
