ImageEditor:0.14404587
ImageEditorDesigner:0.052204132
ImagePreloader:0.025121802
ImageInfo:0.020649577
