Unit:0.49666666666666665
UnitType:0.4266666666666667
Player:0.42333333333333334
