Player:0.9233333333333333
SimpleCombatModel:0.3333333333333333
