ChunkCache:0.5303333333333333
JEditTextArea:0.4066666666666667
MarkerHighlight:0.33
