MFileChooser:0.65
ImportExport:0.31666666666666665
ChartPanel:0.27166666666666667
Gettext:0.2633333333333333
VersionPanel:0.21833333333333332
