TaskModel:0.7366666666666667
AbstractListTableModel:0.4766666666666667
TaskTable:0.46888888888888886
