ArchiveChannel:0.48472222222222217
RSSItem:0.4033333333333333
RSSChannel:0.35333333333333333
