Unit:0.6233333333333333
InGameController:0.35333333333333333
IndianBringGiftMission:0.3103333333333333
InGameInputHandler:0.21555555555555558
GetTransactionMessage:0.19555555555555557
IndianDemandMission:0.17333333333333334
BuyPropositionMessage:0.16333333333333333
CloseTransactionMessage:0.14888888888888888
SellPropositionMessage:0.13666666666666666
