Colony:0.5666666666666667
Building:0.5333333333333333
Ability:0.5033333333333333
CompactLabourReport:0.21333333333333335
ColopediaPanel:0.20333333333333334
ColonyPlan:0.2
ServerBuilding:0.18666666666666668
BuildingTest:0.18666666666666668
ServerBuildingTest:0.18
LabourData:0.14666666666666667
BuildingToolTip:0.14
SchoolTest:0.10666666666666667
ReportEducationPanel:0.08
