MainWindowMenu:0.5033333333333333
MainWindowMenuHandler:0.44
InsertTagsPopup:0.27666666666666667
EditorPopups:0.25333333333333335
