AutoCompletion:0.7516111111111111
SummaryTree:0.39222222222222225
