TagsUtils:0.52239466
TagsMenu:0.24327046
TagsEditor:0.17937607
