VFSManager:0.45666666666666667
JEditTextArea:0.44666666666666666
VFSBrowser:0.43333333333333335
jEdit:0.42333333333333334
Buffer:0.37
VFS:0.33
WorkThreadPool:0.24666666666666667
FileVFS:0.23
JARClassLoader:0.23
BufferIORequest:0.22333333333333333
ModeProperties:0.20333333333333334
BrowserIORequest:0.20333333333333334
BrowserView:0.19333333333333333
UrlVFS:0.17666666666666667
BufferOptions:0.17333333333333334
ModeOptionPane:0.17
PanelWindowContainer:0.15
EditingOptionPane:0.13666666666666666
VFSFileChooserDialog:0.13
ActionHandler:0.09762698412698413
ErrorListDialog:0.08666666666666667
MouseHandler:0.07056349206349206
BrowserOptionPane:0.049166666666666664
ErrorListCellRenderer:0.03666666666666667
ButtonLayout:0.03333333333333333
