Session:0.7166666666666667
ParserDDL:0.31333333333333335
TransactionManagerMVCC:0.28
QuerySpecification:0.27166666666666667
StatementSchema:0.19666666666666666
SimpleStore:0.19416666666666665
