JEditTextArea:0.48333333333333334
ChunkCache:0.3
TextAreaPainter:0.25333333333333335
FirstLine:0.23333333333333334
WrapGuide:0.20333333333333334
