EditOptionsDialog : 0.82894486
FilterVisitor : 0.8196939
HTMLFilter2 : 0.84578073
HTMLWriter : 0.8258362
XHTMLFilter : 0.8449839
OpenXMLFilter : 0.83847094
OpenDocFilter : 0.8394262
LanguageCodes : 0.7563641
PatternConsts : 0.0
OneFilter : 0.8576603
EditXOptionsDialog : 0.8316537
TextOptionsDialog : 0.83854586
AbstractFilter : 0.78834003
XHTMLDialect : 0.7303537
EditOpenDocOptionsDialog : 0.8310571
EditOpenXMLOptionsDialog : 0.8188134
OConsts : 0.0
TextFilter : 0.84984356
HHCFilter2 : 0.8379732
DefaultRules : DefaultRules is not exist in project code
XMLWriter : 0.81865263
HelpFrame : HelpFrame is not exist in project code
HTMLReader : 0.82290435
MainWindow : 0.8191844
TUV : TUV is not exist in project code
FiltersCustomizer : 0.82954586
SRXOptionsModel : 0.82749164
OpenXMLDialect : 0.81785685
ProjectFrame : ProjectFrame is not exist in project code
Preferences : 0.75515074
FilterEditor : 0.82164216
HHCFilterVisitor : 0.8318542
NewProjectFileChooser : 0.82312226
SegmentationCustomizer : 0.8240594
SpellcheckerConfigurationDialog : 0.72958696
SearchWindow : SearchWindow is not exist in project code
OpenDocDialect : 0.77922356
TagValidationFrame : TagValidationFrame is not exist in project code
FilterMaster : 0.83757085
SRX : 0.85089284
DictionaryInstallerDialog : 0.81622916
