GlossaryTextAreaTest : 0.84953815
StaticUtilsTest : 0.84283227
LanguageTest : 0.8760651
PatternConstsTest : 0.7948599
SegmenterTest : 0.8657881
TextFilter : 0.8498205
TextOptions : 0.84458435
FilterEditor : 0.8127424
FilterMaster : 0.8479058
TOCFilter : TOCFilter is not exist in project code
Platform : 0.8186014
LookupInformation : LookupInformation is not exist in project code
FilterVisitor : 0.82538486
HHCFilterVisitor : 0.8328179
GlossaryManager : 0.8379037
XMLStreamReader : 0.833469
XMLHandler2 : XMLHandler2 is not exist in project code
Rule : 0.84091187
Text : 0.82972515
StaticUtils : 0.83634406
OneFilter : 0.8269378
Preferences : 0.7302785
Filters : 0.8534576
WordIterator : 0.8301867
Entry : 0.832024
LanguageCodes : 0.7351191
HTMLFilter2 : 0.8398999
AbstractFilter : 0.7994159
XMLFilter2 : XMLFilter2 is not exist in project code
motif_ru : motif_ru is not exist in project code
LinebreakPreservingReader : 0.85107857
TUV : TUV is not exist in project code
Token : 0.82708335
ImportBundles : ImportBundles is not exist in project code
InstanceEditor : 0.8238387
OpenXMLFilter : 0.8416373
OpenDocFilter : 0.84345084
XMLBlock : 0.8293439
HelpSetFilter : HelpSetFilter is not exist in project code
XHTMLFilter : 0.83669126
HHCFilter2 : 0.82702
