StaticUtilsTest : 0.83330166
LanguageTest : 0.85691285
GlossaryTextAreaTest : 0.84371084
PatternConstsTest : 0.7799891
SegmenterTest : 0.8478488
AbstractFilter : 0.78630376
FilterEditor : 0.8073737
Language : 0.7710255
FilterMaster : 0.8538306
Platform : 0.82194066
DictionaryManager : 0.851338
LookupInformation : LookupInformation is not exist in project code
FilterVisitor : 0.8244919
HHCFilterVisitor : 0.8341744
XMLStreamReader : 0.82521
XMLHandler2 : XMLHandler2 is not exist in project code
Rule : 0.8285118
StaticUtils : 0.8411389
OneFilter : 0.83056146
Preferences : 0.71670943
Styles : 0.798912
Filters : 0.8480395
HTMLFilter2 : 0.8394953
LinebreakPreservingReader : 0.8377249
OpenXMLFilter : 0.8419024
OpenDocFilter : 0.8438319
HelpSetFilter : HelpSetFilter is not exist in project code
XHTMLFilter : 0.8400753
TextFilter : 0.83898944
HHCFilter2 : 0.8244051
XLIFFFilter : 0.84062743
DocBookFilter : 0.83083653
FiltersCustomizer : 0.80812883
Instance : 0.8310954
SpellcheckerConfigurationDialog : 0.7253415
EditorTextArea : EditorTextArea is not exist in project code
PluginUtils : 0.83816725
HTMLWriter : 0.846072
XMLFilter : 0.7225185
OpenDocXMLFilter : 0.8404911
OpenXMLXMLFilter : 0.8404911
