Preferences : 0.73065263
SpellChecker : 0.8408877
CommandThread : CommandThread is not exist in project code
TMXReader : 0.811674
MainWindow : 0.8362018
OneFilter : 0.84260124
TextFilter : 0.8499599
PluginUtils : 0.8417929
SRX : 0.85589975
LBuffer : 0.8485025
FilterMaster : 0.85973036
HelpFrame : HelpFrame is not exist in project code
XHTMLFilter : 0.8474215
OpenXMLFilter : 0.8445487
XMLStreamReader : 0.83356285
HTMLFilter2 : 0.8408498
StaticUtils : 0.85068953
OpenDocFilter : 0.84442574
OmegaTFileChooser : 0.8181931
Main : 0.8722511
XMLWriter : 0.85443735
GlossaryManager : 0.8544931
SentSeg : SentSeg is not exist in project code
EditorTextArea : EditorTextArea is not exist in project code
SearchWindow : SearchWindow is not exist in project code
XMLFilter : 0.6997679
XMLFilter2 : XMLFilter2 is not exist in project code
ProjectProperties : 0.85018176
