MainWindow : 0.8590231
GlossaryTextAreaTest : 0.880493
FontSelectionDialog : 0.83804184
WorkflowOptionsDialog : 0.83155894
InstanceEditor : 0.8364016
FilterEditor : 0.8348939
SentSeg : SentSeg is not exist in project code
ImportBundles : ImportBundles is not exist in project code
SegmentationCustomizer : 0.8384866
DictionaryInstallerDialog : 0.83644193
MatchesTextArea : 0.86314595
FiltersCustomizer : 0.83607817
AboutDialog : 0.8360137
OConsts : 0.0
Preferences : 0.74428976
ProjectPropertiesDialog : 0.712135
ProjectFileStorage : 0.82443297
CommandThread : CommandThread is not exist in project code
GlossaryManager : 0.8621695
ProjectProperties : 0.8327425
StringEntry : 0.8362568
EditorTextArea : EditorTextArea is not exist in project code
Text : 0.8195741
GlossaryEntry : 0.8228506
WordIterator : 0.7997779
Entry : 0.8222354
LanguageCodes : 0.7388604
FilterVisitor : 0.8072702
TUV : TUV is not exist in project code
Token : 0.8005181
HHCFilterVisitor : 0.8211824
XMLStreamReader : 0.8078699
XMLBlock : 0.83035576
TextOptionsDialog : 0.8428462
XMLEntityText : 0.7980263
OpenXMLOptions : 0.82576036
XMLText : 0.816888
Mnemonics : Mnemonics is not exist in project code
Handler : 0.81799144
TextOptions : 0.8278114
TextFilter : 0.83312637
