MainWindow : 0.731258
ProjectFileStorage : 0.7521053
SessionPrintStream : SessionPrintStream is not exist in project code
OConsts : 0.0
SearchThread : 0.71925163
ProjectPropertiesDialog : 0.7293237
CommandThread : CommandThread is not exist in project code
TMXReader : 0.7553423
MatchesTextArea : 0.73803425
SpellChecker : 0.72751456
Preferences : 0.6525136
ProjectProperties : 0.77088124
Segmenter : 0.7392181
FilterMaster : 0.7472927
LBuffer : 0.7735844
ResourceBundleFilter : 0.763138
StaticUtils : 0.74602693
INIFilter : 0.7728428
ProjectFrame : ProjectFrame is not exist in project code
DefaultXMLDialect : 0.7849782
MappingRulesModel : 0.75678355
EditorTextArea : EditorTextArea is not exist in project code
XMLHandler2 : XMLHandler2 is not exist in project code
SegmentationRulesModel : 0.7436332
XMLStreamReader : 0.75326365
Entry : 0.76468825
AbstractFilter : 0.7838619
SpellcheckerConfigurationDialog : 0.74368167
SourceTextEntry : 0.76938593
FuzzyMatcher : 0.73801696
PluginUtils : 0.7530587
OmegaTFileChooser : 0.7492579
Mnemonics : Mnemonics is not exist in project code
XMLBlock : 0.77592653
Attributes : 0.770688
FilterVisitor : 0.75991803
LinebreakPreservingReader : 0.7751902
Filters : 0.7786768
Styles : 0.7123998
WikiGet : 0.7717702
XMLUtils : 0.7237754
