EditOpenXMLOptionsDialog : 0.81694937
OpenXMLFilter : 0.84050256
OpenDocFilter : 0.8399629
EditOpenDocOptionsDialog : 0.8290701
OpenXMLDialect : 0.8267222
OpenDocXMLFilter : 0.8385727
OpenXMLXMLFilter : 0.8385727
HTMLFilter2 : 0.84079206
FilterVisitor : 0.8188075
AbstractFilter : 0.78977054
OneFilter : 0.8560298
EditXOptionsDialog : 0.82869035
EditOptionsDialog : 0.8253174
TextOptionsDialog : 0.83659923
XMLStreamReader : 0.8181614
XHTMLDialect : 0.72540283
FilterMaster : 0.83521414
HTMLWriter : 0.82306916
SpellcheckerConfigurationDialog : 0.73142064
SRX : 0.8511556
OpenDocDialect : 0.7896959
XMLWriter : 0.8175588
TextFilter : 0.84943104
HHCFilter2 : 0.834679
XHTMLFilter : 0.84226024
ImportBundles : ImportBundles is not exist in project code
SentSeg : SentSeg is not exist in project code
XMLHandler2 : XMLHandler2 is not exist in project code
XMLFilter : 0.681404
XMLBlock : 0.84718627
Handler : 0.8190971
PatternConsts : 0.0
MainWindow : 0.82048094
XMLUtils : 0.818254
ProjectFileStorage : 0.8265661
TMXReader : 0.81631196
HelpFrame : HelpFrame is not exist in project code
ProjectPropertiesDialog : 0.71331674
OutOfTurnTag : 0.83315355
TUV : TUV is not exist in project code
FiltersCustomizer : 0.8282044
