FilterMaster : 0.8302179
SpellChecker : 0.8215386
