FilterMaster : 0.83238715
FilterEditor : 0.80405915
LookupInformation : LookupInformation is not exist in project code
HHCFilterVisitor : 0.8232518
FilterVisitor : 0.8117473
XMLStreamReader : 0.83806264
XMLHandler2 : XMLHandler2 is not exist in project code
OneFilter : 0.81639785
Preferences : 0.7599564
Filters : 0.8223304
HTMLFilter2 : 0.82579744
AbstractFilter : 0.78308624
OpenXMLFilter : 0.8287125
OpenDocFilter : 0.82383895
XHTMLFilter : 0.8248913
TextFilter : 0.83571994
HHCFilter2 : 0.815786
XLIFFFilter : 0.8326282
HelpSetFilter : HelpSetFilter is not exist in project code
DocBookFilter : 0.8225462
FiltersCustomizer : 0.80361176
Instance : 0.8223796
HTMLWriter : 0.817687
XMLFilter : 0.7121123
PluginUtils : 0.81666696
OpenDocXMLFilter : 0.81877726
OpenXMLXMLFilter : 0.81877726
DictionaryFileNameFilter : 0.8142441
NBEdgeFilter : NBEdgeFilter is not exist in project code
MainWindow : 0.79835886
XMLFilter2 : XMLFilter2 is not exist in project code
TOCFilter : TOCFilter is not exist in project code
HTMLOptions : 0.82022935
TextOptions : 0.830318
INIFilter : 0.82306385
XHTMLDialect : 0.7219089
ResourceBundleFilter : 0.82947326
OConsts : 0.0
DefaultXMLDialect : 0.82366973
XMLDialect : 0.7467445
SearchThread : 0.8203511
