NotLoadedProject : 0.81261665
IProject : 0.7637009
FindMatchesThread : 0.85695696
OConsts : 0.0
RealProject : 0.8407915
MatchesTextArea : 0.8334697
Preferences : 0.718091
EditorController : 0.8335382
IMatcher : 0.7761135
HTMLFilter2 : 0.82868594
XHTMLDialect : 0.7070646
StaticUtils : 0.82875323
MainWindowMenuHandler : 0.8250633
Styles : 0.8050608
MainWindow : 0.8192868
FilterMaster : 0.8408934
PatternConsts : 0.0
XHTMLOptions : 0.81929034
HTMLOptions : 0.8165367
TMXWriter : 0.8297474
FuzzyMatcher : 0.8296396
TagValidationFrame : TagValidationFrame is not exist in project code
DictionaryManager : 0.83427113
XHTMLFilter : 0.83126813
PatternConstsTest : 0.77027345
ProjectFrame : ProjectFrame is not exist in project code
WorkflowOptionsDialog : 0.80842453
SpellChecker : 0.82808965
LatexFilter : 0.825046
ITokenizer : 0.75188845
GlossaryTextArea : 0.82961476
XMLFilter : 0.6871963
PoFilter : 0.8181403
FilterVisitor : 0.8226671
Statistics : 0.84318906
SrtFilter : 0.81714356
OpenXMLFilter : 0.8268372
SRX : 0.8417641
Language : 0.76024896
Rule : 0.828063
TMXReader : 0.8072358
