MainWindowMenu : 0.8015533
XMLFilter2 : XMLFilter2 is not exist in project code
Translator : 0.77212286
Log : 0.8325972
XMLFilter : 0.71998495
MainWindowMenuHandler : 0.8140024
XMLHandler2 : XMLHandler2 is not exist in project code
MainWindowMenuTest : 0.84231865
OmegaTFileHandler : 0.8358331
MainWindow : 0.80362517
EditorController : 0.8254207
