FilterEditor : 0.8359912
LookupInformation : LookupInformation is not exist in project code
FilterVisitor : 0.83540714
XMLStreamReader : 0.84843826
XMLHandler2 : XMLHandler2 is not exist in project code
FilterMaster : 0.86668545
Preferences : 0.72450525
OneFilter : 0.88379586
Filters : 0.88572747
HTMLFilter2 : 0.86301863
AbstractFilter : 0.7971071
XLIFFFilterTest : 0.7180409
INIFilterTest : 0.83864343
XHTMLFilterTest : 0.7136108
OpenDocFilter : 0.8600769
OpenXMLFilter : 0.8525438
HHCFilter2Test : 0.849965
XLIFFFilter : 0.8626951
XHTMLFilter : 0.8655895
TextFilter : 0.8593657
HHCFilter2 : 0.85151166
HelpSetFilter : HelpSetFilter is not exist in project code
DocBookFilter : 0.85767883
ResXFilter : 0.8636392
FiltersCustomizer : 0.8409413
HTMLFilter2Test : 0.8456438
DocBookFilterTest : 0.83608216
TestFilterBase : 0.848869
SrtFilterTest : 0.8350315
ResourceBundleFilterTest : 0.8401873
AndroidFilterTest : 0.82097745
Instance : 0.86466265
HTMLWriter : 0.8543981
PluginUtils : 0.86017334
AndroidFilter : 0.85515773
XMLFilter : 0.71004754
NBEdgeFilter : NBEdgeFilter is not exist in project code
OpenDocXMLFilter : 0.86415637
DictionaryFileNameFilter : 0.88402385
OpenXMLXMLFilter : 0.86415637
HHCFilterVisitor : 0.8402079
