ProjectFactory : 0.8734002
HTMLWriter : 0.847536
XMLWriter : 0.84312725
Main : 0.8695201
SegmentBuilder : 0.84007597
OConsts : 0.0
IProject : 0.7524492
ProjectPropertiesDialog : 0.7045747
EntryInfoPane : 0.82657176
Core : 0.83886963
NotLoadedProject : 0.8160314
MainWindowMenuHandler : 0.83262557
Preferences : 0.75078017
TMXReader : 0.82137626
ProjectProperties : 0.85290354
CoreEvents : 0.8238457
ParseEntry : 0.84696573
ISpellChecker : 0.7379227
IAutoSave : 0.753873
DictionariesTextArea : 0.847864
IProjectEventListener : 0.7299268
MainWindow : 0.82947075
SpellcheckerConfigurationDialog : 0.72183806
MainWindowMenu : 0.81406826
GlossaryTextArea : 0.84661335
ProjectFrame : ProjectFrame is not exist in project code
SourceTextEntry : 0.8404466
EditorController : 0.84476405
ProjectUICommands : 0.865899
XtagFilter : 0.83263165
Tokenizer : 0.0
OmegaTFileChooser : 0.8158738
TagValidationTool : 0.8490092
RuntimePreferences : 0.85104424
FindThread : FindThread is not exist in project code
EditorSettings : 0.8396048
SaveThread : 0.8584015
GlossaryManager : 0.85802305
FontSelectionDialog : 0.8093658
GoogleTranslateTextArea : GoogleTranslateTextArea is not exist in project code
OpenProjectFileChooser : 0.8584175
