Core : 0.7649187
ProjectFrame : ProjectFrame is not exist in project code
CoreEvents : 0.7403064
ProjectFactory : 0.7436437
EditorController : 0.75410944
TagValidationTool : 0.74533665
Tokenizer : 0.0
SearchThread : 0.71925163
SaveThread : 0.74732023
ProjectFileStorage : 0.7521053
MainWindowMenuHandler : 0.7572446
MainWindow : 0.731258
OConsts : 0.0
ProjectPropertiesDialog : 0.7293237
MatchesTextArea : 0.73803425
EntryInfoPane : 0.76644635
NotLoadedProject : 0.80350816
SpellChecker : 0.72751456
RealProject : 0.7524492
DictionaryInfo : DictionaryInfo is not exist in project code
Preferences : 0.6525136
Main : 0.734275
TMXReader : 0.7553423
ProjectProperties : 0.77088124
Statistics : 0.7470298
TestCore : 0.733648
LBuffer : 0.7735844
SegmentBuilder : 0.759274
ParseEntry : 0.76049936
ISpellChecker : 0.8308051
MainWindowMenu : 0.75156856
ResourceBundleFilter : 0.763138
INIFilter : 0.7728428
IAutoSave : 0.8415399
StringUtil : 0.7400359
AbstractFilter : 0.7838619
XMLStreamReader : 0.75326365
MappingRulesModel : 0.75678355
SegmentationRulesModel : 0.7436332
XMLHandler2 : XMLHandler2 is not exist in project code
FindMatchesThread : 0.7583976
