FiltersCustomizer : 0.8205021
Filters : 0.8653267
FilterEditor : 0.8214898
OpenXMLOptions : 0.83521414
MainWindowMenuHandler : 0.8264068
EditOpenXMLOptionsDialog : 0.800511
SearchThread : 0.83542854
FilterVisitor : 0.8299945
LookupInformation : LookupInformation is not exist in project code
XMLStreamReader : 0.8359194
XMLHandler2 : XMLHandler2 is not exist in project code
RealProject : 0.8601657
Preferences : 0.7472754
OneFilter : 0.8427229
HTMLFilter2 : 0.8469774
AbstractFilter : 0.7863788
XLIFFFilterTest : 0.7118733
INIFilterTest : 0.8412675
XHTMLFilterTest : 0.71252745
OpenDocFilter : 0.851306
OpenXMLFilter : 0.8515902
HHCFilter2Test : 0.86937606
XHTMLFilter : 0.85189456
HHCFilter2 : 0.8333628
XLIFFFilter : 0.8522551
TextFilter : 0.8540535
HelpSetFilter : HelpSetFilter is not exist in project code
ResXFilter : 0.8483055
DocBookFilter : 0.83739346
TestFilterBase : 0.8538306
ResourceBundleFilterTest : 0.8608691
Instance : 0.8483058
HTMLFilter2Test : 0.8712103
DocBookFilterTest : 0.84454274
SrtFilterTest : 0.8499376
AndroidFilterTest : 0.82771033
HTMLWriter : 0.8573044
PluginUtils : 0.8554134
AndroidFilter : 0.8442886
XMLFilter : 0.70074695
OpenDocXMLFilter : 0.84702635
