POFilterTest : 0.83053946
FilterMaster : 0.83238715
FilterEditor : 0.80405915
FilterVisitor : 0.8117473
LookupInformation : LookupInformation is not exist in project code
XMLStreamReader : 0.83806264
XMLHandler2 : XMLHandler2 is not exist in project code
Preferences : 0.7599564
OneFilter : 0.81639785
Filters : 0.8223304
HTMLFilter2 : 0.82579744
AbstractFilter : 0.78308624
XLIFFFilterTest : 0.7183165
INIFilterTest : 0.8178221
XHTMLFilterTest : 0.71381265
OpenDocFilter : 0.82383895
OpenXMLFilter : 0.8287125
HHCFilter2Test : 0.83499944
XHTMLFilter : 0.8248913
HHCFilter2 : 0.815786
XLIFFFilter : 0.8326282
TextFilter : 0.83571994
HelpSetFilter : HelpSetFilter is not exist in project code
ResXFilter : 0.83814293
DocBookFilter : 0.8225462
FiltersCustomizer : 0.80361176
TestFilterBase : 0.821356
ResourceBundleFilterTest : 0.8326399
Instance : 0.8223796
HTMLFilter2Test : 0.8380039
DocBookFilterTest : 0.81358755
SrtFilterTest : 0.8242482
AndroidFilterTest : 0.80689526
HTMLWriter : 0.817687
PluginUtils : 0.81666696
AndroidFilter : 0.8281211
XMLFilter : 0.7121123
OpenDocXMLFilter : 0.81877726
DictionaryFileNameFilter : 0.8142441
OpenXMLXMLFilter : 0.81877726
NBEdgeFilter : NBEdgeFilter is not exist in project code
