FilterEditor : 0.8122781
FilterVisitor : 0.7837352
LookupInformation : LookupInformation is not exist in project code
XMLStreamReader : 0.8338188
XMLHandler2 : XMLHandler2 is not exist in project code
FilterMaster : 0.7863788
Preferences : 0.68767804
OneFilter : 0.8086444
Filters : 0.8035267
HTMLFilter2 : 0.80614173
XLIFFFilterTest : 0.73291016
INIFilterTest : 0.8123299
XHTMLFilterTest : 0.7281127
OpenDocFilter : 0.80296093
OpenXMLFilter : 0.79773486
HHCFilter2Test : 0.8039459
XHTMLFilter : 0.7996468
HHCFilter2 : 0.7981383
XLIFFFilter : 0.7962825
TextFilter : 0.8008965
HelpSetFilter : HelpSetFilter is not exist in project code
ResXFilter : 0.81066334
DocBookFilter : 0.8081725
FiltersCustomizer : 0.8141586
TestFilterBase : 0.78630376
ResourceBundleFilterTest : 0.7917436
Instance : 0.8131694
HTMLFilter2Test : 0.7851844
DocBookFilterTest : 0.7864957
SrtFilterTest : 0.79296607
AndroidFilterTest : 0.78230304
HTMLWriter : 0.78550494
PluginUtils : 0.78166896
AndroidFilter : 0.7945504
XMLFilter : 0.73258245
OpenDocXMLFilter : 0.8119195
DictionaryFileNameFilter : 0.800336
OpenXMLXMLFilter : 0.8119195
NBEdgeFilter : NBEdgeFilter is not exist in project code
HHCFilterVisitor : 0.7867465
TextFilterTest : 0.7994159
