XMLHandler2 : XMLHandler2 is not exist in project code
FilterMaster : 0.70074695
OpenDocFilter : 0.7332032
OpenXMLFilter : 0.7323579
OpenDocXMLFilter : 0.7269636
TestFilterBase : 0.72251856
AndroidFilterTest : 0.7206963
XMLFilter2 : XMLFilter2 is not exist in project code
OpenXMLXMLFilter : 0.7269636
NBEdgeFilter : NBEdgeFilter is not exist in project code
OpenXMLFilterTest : 0.72699463
XHTMLDialect : 0.802403
XLIFFFilterTest : 0.8068916
DocBookFilterTest : 0.7273902
XHTMLFilterTest : 0.80736136
DocBookFilter : 0.7370364
OpenDocFilterTest : 0.7183507
XMLStreamReader : 0.71102417
FilterEditor : 0.6849462
AbstractFilter : 0.73258245
OneFilter : 0.7097576
XMLWriter : 0.7074728
FilterVisitor : 0.69734836
LookupInformation : LookupInformation is not exist in project code
HTMLWriter : 0.719689
Handler : 0.71998495
XMLBlock : 0.70471936
PatternConsts : 0.0
Preferences : 0.70205367
Filters : 0.72003007
Translator : 0.72645974
Body : 0.7188391
Afterbreak : 0.71088153
Beforebreak : 0.71088153
Srx : 0.7091276
Formathandle : 0.7153619
Languagemap : 0.72324294
Languagerule : 0.7144711
Rule : 0.7011977
EditOpenXMLOptionsDialog : 0.67462236
Header : 0.70858794
TMXReader : 0.70533717
XMLUtils : 0.721576
HTMLFilter2 : 0.7275426
OpenXMLDialect : 0.7407219
XMLPseudoTag : 0.0
XMLIntactTag : 0.68648857
FileUtil : 0.80275655
XLIFFDialect : 0.73173
StaticUtils : 0.6898532
Maprules : 0.7027107
AndroidFilter : 0.71062946
TOCFilter : TOCFilter is not exist in project code
Languagerules : 0.6817903
XMLTag : 0.7255058
XMLOutOfTurnTag : 0.6522427
XMLEntityText : 0.7176605
INIFilterTest : 0.744604
HHCFilter2Test : 0.73122984
XHTMLFilter : 0.72319996
HHCFilter2 : 0.717379
XLIFFFilter : 0.71459645
TextFilter : 0.7122749
HelpSetFilter : HelpSetFilter is not exist in project code
ResXFilter : 0.7115094
ResXDialect : 0.7246008
Text : 0.71750736
FiltersCustomizer : 0.69031006
XMLText : 0.731311
ResourceBundleFilterTest : 0.71931195
Instance : 0.7169996
HTMLFilter2Test : 0.7114208
SrtFilterTest : 0.7112358
PluginUtils : 0.710173
DictionaryFileNameFilter : 0.7026469
HHCFilterVisitor : 0.7189073
XMLAttribute : 0.0
TextFilterTest : 0.7292564
XMLReader : 0.7294864
LatexFilter : 0.69621897
ResourceBundleFilter : 0.70918673
INIFilter : 0.7219011
MainWindowMenu : 0.68270177
PoFilter : 0.7121122
TextOptions : 0.71021765
XtagFilter : 0.7162664
HTMLOptions : 0.6882043
DefaultEntityFilter : 0.72074825
MainWindowMenuHandler : 0.68707466
SrtFilter : 0.71807194
SetSvnProperties : 0.70515436
Element : 0.7687581
DefaultXMLDialect : 0.7230254
XMLDialect : 0.70246935
MainWindowUI : 0.6766508
OConsts : 0.0
TMXResegmenter : TMXResegmenter is not exist in project code
SRX : 0.7146585
POFilterTest : 0.7325677
DocumentFilter3 : 0.7074132
HTMLReader : 0.73102707
Tag : 0.705676
Entry : 0.7069798
FolderScanner : FolderScanner is not exist in project code
ImportBundles : ImportBundles is not exist in project code
InstanceEditor : 0.7018899
OutOfTurnTag : 0.7271882
ProjectFileStorage : 0.7096698
DocBookDialect : 0.7411878
TMXWriter : 0.7283587
SearchThread : 0.679697
DictionaryManager : 0.7076959
EditorController : 0.6905295
TMXSaver : TMXSaver is not exist in project code
RealProject : 0.70804083
motif_ru : motif_ru is not exist in project code
FindGlossaryThread : 0.67822635
OmegaTFileHandler : 0.7064251
ParseEntry : 0.7022161
CreateDocIndexUtil : 0.7064948
gtk_ru : gtk_ru is not exist in project code
EditOpenDocOptionsDialog : 0.6829522
EditXOptionsDialog : 0.67901886
basic_ru : basic_ru is not exist in project code
EditOptionsDialog : 0.6746459
