FilterMaster : 0.75140315
FilterEditor : 0.76577145
FolderScanner : FolderScanner is not exist in project code
TestFilterBase : 0.76957196
DocBookFilterTest : 0.7772806
FilterVisitor : 0.7675626
PluginUtils : 0.7593395
XLIFFDialect : 0.7884485
LookupInformation : LookupInformation is not exist in project code
XMLHandler2 : XMLHandler2 is not exist in project code
XMLStreamReader : 0.75944865
XHTMLDialect : 0.7856464
ResXDialect : 0.76661974
EditorController : 0.7524111
Core : 0.76627815
DictionaryInfo : DictionaryInfo is not exist in project code
Preferences : 0.6479138
OneFilter : 0.8032082
Filters : 0.7969032
Translator : 0.85164714
DictionaryManager : 0.7591476
NBEdgeFilter : NBEdgeFilter is not exist in project code
HTMLFilter2 : 0.7949643
AbstractFilter : 0.8029369
FileUtil : 0.7643346
OmegaTFileHandler : 0.75305367
LBuffer : 0.7797663
XMLFilter : 0.75888085
ParseEntry : 0.76005656
ResourceBundleFilter : 0.77288777
INIFilter : 0.7867147
XLIFFFilterTest : 0.7784673
INIFilterTest : 0.81079024
XHTMLFilterTest : 0.76945645
OpenDocFilter : 0.7884952
OpenXMLFilter : 0.77781266
HHCFilter2Test : 0.7824971
StringUtil : 0.7470877
MappingRulesModel : 0.763068
ProjectFrame : ProjectFrame is not exist in project code
SegmentationRulesModel : 0.75145406
