Handler : 0.7610674
XMLFilter : 0.70246935
OpenXMLFilter : 0.76355463
OpenXMLDialect : 0.7637589
OpenDocFilter : 0.77324533
OpenDocXMLFilter : 0.7801251
OpenXMLXMLFilter : 0.7801251
DocBookFilter : 0.7817624
OpenDocDialect : 0.72908425
AndroidFilter : 0.76736844
XMLWriter : 0.7549896
XLIFFFilter : 0.77798957
XHTMLFilter : 0.77438605
XHTMLDialect : 0.74427086
DocBookDialect : 0.76160395
AndroidDialect : 0.7617594
ResXDialect : 0.75869364
ResXFilter : 0.7891912
XMLHandler2 : XMLHandler2 is not exist in project code
HTMLWriter : 0.76130337
XMLBlock : 0.79128975
PatternConsts : 0.0
Body : 0.80883306
Afterbreak : 0.8107006
Beforebreak : 0.8107006
Srx : 0.7893288
Formathandle : 0.8028604
Languagemap : 0.8076266
Languagerule : 0.7865585
Rule : 0.7752977
EditOpenXMLOptionsDialog : 0.75211614
Header : 0.7851799
TMXReader : 0.7538285
XMLUtils : 0.7377687
XMLPseudoTag : 0.0
XMLIntactTag : 0.75875986
StaticUtils : 0.74733126
Maprules : 0.761144
TOCFilter : TOCFilter is not exist in project code
Languagerules : 0.75039524
XMLTag : 0.7688156
