EditorController : 0.82420856
CoreEvents : 0.78992325
Core : 0.7989179
EditorTextArea3 : 0.84051996
MainWindowMenuHandler : 0.8103075
ProjectUICommands : 0.822092
TagValidationFrame : TagValidationFrame is not exist in project code
SegmentBuilder : 0.82547235
EditorSettings : 0.8155703
Document3 : 0.8254269
HListener : HListener is not exist in project code
IEditor : 0.757445
HelpFrame : HelpFrame is not exist in project code
PluginUtils : 0.81629515
XMLUtils : 0.8339853
EntryListPane : 0.815744
MatchesTextArea : 0.8168074
FiltersCustomizer : 0.7948657
SegmentationCustomizer : 0.79906815
ProjectFrame : ProjectFrame is not exist in project code
StaticUtilsTest : 0.81232023
DictionariesTextArea : 0.83047986
SRX : 0.8355238
UIThreadsUtil : 0.8106327
OConsts : 0.0
Log : 0.8242434
FilterMaster : 0.83264005
GoogleTranslateTextArea : GoogleTranslateTextArea is not exist in project code
FilterEditor : 0.79491556
MainWindowMenu : 0.7917711
GlossaryTextArea : 0.80834645
InstanceEditor : 0.8130655
FindMatchesThread : 0.83113295
OStrings : 0.8123492
XMLIntactTag : 0.80771273
OneFilter : 0.81965435
XMLHandler2 : XMLHandler2 is not exist in project code
XMLTag : 0.87323195
XMLOutOfTurnTag : 0.8086537
DocumentFilter3 : 0.85350436
Text : 0.82347584
