FilterVisitor : 0.8196939
EditOptionsDialog : 0.82894486
HTMLFilter2 : 0.84578073
HTMLWriter : 0.8258362
OpenXMLFilter : 0.83847094
XHTMLFilter : 0.8449839
OpenDocFilter : 0.8394262
LanguageCodes : 0.7563641
OneFilter : 0.8576603
TextOptionsDialog : 0.83854586
EditXOptionsDialog : 0.8316537
AbstractFilter : 0.78834003
PatternConsts : 0.0
XHTMLDialect : 0.7303537
EditOpenDocOptionsDialog : 0.8310571
EditOpenXMLOptionsDialog : 0.8188134
OConsts : 0.0
HTMLFilter2Test : 0.8271254
HHCFilter2 : 0.8379732
TextFilter : 0.84984356
GoogleTranslateTextArea : GoogleTranslateTextArea is not exist in project code
TUV : TUV is not exist in project code
FiltersCustomizer : 0.82954586
MainWindowMenu : 0.8204053
SRXOptionsModel : 0.82749164
HTMLReader : 0.82290435
XMLWriter : 0.81865263
HelpFrame : HelpFrame is not exist in project code
MainWindowMenuHandler : 0.8303029
XHTMLFilterTest : 0.7012355
Preferences : 0.75515074
OpenXMLDialect : 0.81785685
TextFilterTest : 0.82327694
FilterEditor : 0.82164216
HHCFilterVisitor : 0.8318542
Main : 0.8299627
RuntimePreferences : 0.8679088
NewProjectFileChooser : 0.82312226
MainWindow : 0.8191844
SegmentationCustomizer : 0.8240594
SpellcheckerConfigurationDialog : 0.72958696
