EditXOptionsDialog : 0.83163387
XHTMLFilter : 0.84880847
XHTMLDialect : 0.72971505
XHTMLFilterTest : 0.7013964
HTMLFilter2 : 0.8486923
HTMLWriter : 0.8263199
OneFilter : 0.8617869
TextOptionsDialog : 0.83850974
FilterVisitor : 0.82323384
EditOptionsDialog : 0.8286625
AbstractFilter : 0.79242635
EditOpenDocOptionsDialog : 0.8309605
EditOpenXMLOptionsDialog : 0.8186615
HHCFilter2 : 0.841137
TextFilter : 0.8523623
OpenXMLFilter : 0.8415604
OpenDocFilter : 0.8432205
XMLFilter2 : XMLFilter2 is not exist in project code
TUV : TUV is not exist in project code
FiltersCustomizer : 0.82872516
MainWindowMenu : 0.82078505
SRXOptionsModel : 0.83499926
MainWindowMenuHandler : 0.8359664
Preferences : 0.7512288
OpenXMLDialect : 0.8237178
DefaultXMLDialect : 0.85794085
XMLDialect : 0.7784165
TextFilterTest : 0.8265756
FilterEditor : 0.82095426
Main : 0.8334217
RuntimePreferences : 0.87184244
NewProjectFileChooser : 0.82768744
MainWindow : 0.82444096
SegmentationCustomizer : 0.8238638
SpellcheckerConfigurationDialog : 0.7301834
SearchWindow : SearchWindow is not exist in project code
OpenDocDialect : 0.7816638
SRX : 0.854836
FilterMaster : 0.839797
DictionaryInstallerDialog : 0.81659436
ProjectUICommands : 0.82347083
