EditOpenDocOptionsDialog : 0.8276617
OpenDocFilter : 0.84781885
EditOpenXMLOptionsDialog : 0.8152407
OpenDocXMLFilter : 0.84635884
OpenDocDialect : 0.78816336
OpenXMLFilter : 0.84632266
OpenDocFilterTest : 0.8311707
OpenXMLDialect : 0.83024883
SegmentBuilder : 0.8359958
HTMLFilter2 : 0.84899133
MainWindow : 0.8263436
EntryInfoPane : 0.841501
OneFilter : 0.86223686
TextOptionsDialog : 0.8342193
EditXOptionsDialog : 0.827171
FilterVisitor : 0.8233371
EditOptionsDialog : 0.82372326
AbstractFilter : 0.7912814
EditorController : 0.8362467
OConsts : 0.0
HTMLWriter : 0.82765317
SpellcheckerConfigurationDialog : 0.73215127
OpenXMLXMLFilter : 0.84635884
MainWindowMenuHandler : 0.8417364
HelpFrame : HelpFrame is not exist in project code
DocBookFilter : 0.8504798
XHTMLFilter : 0.84849143
HHCFilter2 : 0.84250915
TextFilter : 0.8545797
FilterMaster : 0.8434452
ImportBundles : ImportBundles is not exist in project code
SentSeg : SentSeg is not exist in project code
DocumentFilter3 : 0.8325174
GlossaryTextArea : 0.8312743
ProjectUICommands : 0.8270715
DocBookFilterTest : 0.8287926
RealProject : 0.8405553
MFindField : 0.83759546
ProjectPropertiesDialog : 0.7144412
MainWindowMenu : 0.81973153
TUV : TUV is not exist in project code
