ResourceBundleFilterTest : 0.8397629
OStrings : 0.82940626
ImportBundles : ImportBundles is not exist in project code
Mnemonics : Mnemonics is not exist in project code
LanguageCodes : 0.7394342
FilterMaster : 0.8445991
IMainWindow : 0.76295364
FileScanner : FileScanner is not exist in project code
Log : 0.8376063
Main : 0.8397254
MainWindowMenu : 0.79922134
OmegaTLogFormatter : 0.8354458
FilterEditor : 0.805566
ResourcesUtil : 0.83334106
XHTMLDialect : 0.7181871
XMLHandler2 : XMLHandler2 is not exist in project code
SegmentBuilder : 0.82413805
AndroidDialect : 0.83368236
FilterVisitor : 0.82699555
LookupInformation : LookupInformation is not exist in project code
XMLStreamReader : 0.8425029
Preferences : 0.72142655
OneFilter : 0.83854437
Filters : 0.8364191
HTMLFilter2 : 0.84697527
AbstractFilter : 0.79973334
DockingUI : 0.79376763
XLIFFFilterTest : 0.71267146
INIFilterTest : 0.83181614
XHTMLFilterTest : 0.7080557
OpenDocFilter : 0.8434003
OpenXMLFilter : 0.8429914
HHCFilter2Test : 0.8431032
XHTMLFilter : 0.844425
HHCFilter2 : 0.8352894
XLIFFFilter : 0.8390912
TextFilter : 0.84453124
HelpSetFilter : HelpSetFilter is not exist in project code
ResXFilter : 0.8475696
DocBookFilter : 0.8459649
FiltersCustomizer : 0.8042187
