SegmentBuilder : 0.862253
CreateDocIndexUtil : 0.80724794
GoogleTranslateTextArea : GoogleTranslateTextArea is not exist in project code
LinebreakPreservingReader : 0.81907636
EditorSettings : 0.83252686
OmegaTLogFormatter : 0.844389
Preferences : 0.76140213
MainWindowMenuHandler : 0.80054456
XMLStreamReader : 0.0
MainWindowMenu : 0.0
XtagFilter : 0.81611556
LatexFilter : 0.0
XMLReader : 0.8176283
HTMLReader : 0.8181737
PoFilter : 0.81450576
ITokenizer : 0.75272375
TextFilter : 0.8306823
DefaultXMLDialect : 0.8422948
XMLDialect : 0.76713985
OpenDocDialect : 0.7900532
EditorTextArea3 : 0.8348975
Mnemonics : Mnemonics is not exist in project code
StaticUtils : 0.8185471
GlossaryManager : 0.82229614
