EditorController : 0.84416944
PoFilter : 0.82126606
Preferences : 0.74959433
ViewLabel : 0.825249
TMXReader : 0.8246164
Segmenter : 0.8364964
TextOptions : 0.8676
SegmentHistory : 0.81636065
RealProject : 0.84007597
ProjectProperties : 0.8354312
EditorSettings : 0.842825
SRX : 0.84256804
TUV : TUV is not exist in project code
StatisticsInfo : 0.0
Rule : 0.8235817
ParseEntry : 0.84580225
WikiGet : 0.76605207
SegmenterTest : 0.83446586
TMXResegmenter : TMXResegmenter is not exist in project code
OConsts : 0.0
DictionariesTextArea : 0.83259153
OmegaTLogFormatter : 0.84422135
EditorTextArea3 : 0.8387971
SRXOptionsModel : 0.8101285
SentSeg : SentSeg is not exist in project code
SegmentSubflowsModel : SegmentSubflowsModel is not exist in project code
SegmentationCustomizer : 0.8178127
ISimilarityCalculator : 0.776579
SegmentationRulesModel : 0.8068087
OStrings : 0.81170225
Styles : 0.80527997
RuntimePreferences : 0.8457392
IEditor : 0.76749086
WorkflowOptionsDialog : 0.803294
SourceTextEntry : 0.84776616
MainWindowMenu : 0.8117965
TextFilter : 0.8375178
LoadFilesCallback : LoadFilesCallback is not exist in project code
CreateDocIndexUtil : 0.8245817
TextOptionsDialog : 0.82432294
MainWindowMenuHandler : 0.8110946
