EditorController : 0.8496701
Core : 0.8198824
MainWindowMenuHandler : 0.8370789
SegmentBuilder : 0.83879703
DictionariesTextArea : 0.85822594
GlossaryTextArea : 0.85180116
TagValidationFrame : TagValidationFrame is not exist in project code
EditorSettings : 0.83467907
Document3 : 0.851076
InstanceEditor : 0.8267883
CoreEvents : 0.8179448
MainWindow : 0.8358919
SentSeg : SentSeg is not exist in project code
TextOptionsDialog : 0.83309036
FilterEditor : 0.81955945
Text : 0.8167884
IEditor : 0.7562825
HelpFrame : HelpFrame is not exist in project code
WordIterator : 0.82704914
Entry : 0.83724093
MatchesTextArea : 0.8458939
PoFilter : 0.81023395
FiltersCustomizer : 0.82081556
SegmentationCustomizer : 0.82824856
TUV : TUV is not exist in project code
XMLBlock : 0.8466832
LanguageCodes : 0.72694016
Token : 0.82977146
HHCFilterVisitor : 0.8434041
FilterVisitor : 0.8266041
XMLStreamReader : 0.8255334
ProjectFrame : ProjectFrame is not exist in project code
OpenXMLOptions : 0.8190915
XMLEntityText : 0.8195163
XMLText : 0.8416271
Preferences : 0.72456974
Handler : 0.83126277
StringEntry : 0.8354041
DictionariesManager : 0.83454424
TextFilterTest : 0.8250709
OmegaTLogFormatter : 0.8330369
