FindGlossaryThread : 0.8646837
GlossaryTextArea : 0.86216944
OConsts : 0.0
Preferences : 0.7272888
Core : 0.84115034
DictionariesTextArea : 0.8590853
EditorTextArea3 : 0.84481454
ProjectProperties : 0.85116714
SpellcheckerConfigurationDialog : 0.7144692
MFindField : 0.84145254
DictionaryInstallerDialog : 0.83026814
GlossaryTextAreaTest : 0.86549544
MainWindow : 0.83958936
DictionariesManager : 0.85766685
GlossaryEntry : 0.8380293
EditorController : 0.84608716
DictionaryManager : 0.8613445
MappingRulesModel : 0.8349162
SRX : 0.8512788
SegmentationRulesModel : 0.824258
OmegaTFileHandler : 0.8570584
DockingUI : 0.8154595
ImportBundles : ImportBundles is not exist in project code
SentSeg : SentSeg is not exist in project code
OmegaTLogFormatter : 0.84374684
ITokenizer : 0.7335629
AbstractFilter : 0.78104126
Log : 0.8544931
ProjectFileStorage : 0.84831935
Main : 0.8534347
MainWindowMenuHandler : 0.8396303
ProjectPropertiesDialog : 0.6970293
DictionaryEntriesSearchThread : DictionaryEntriesSearchThread is not exist in project code
RealProject : 0.858023
MatchesTextArea : 0.84794253
SegmentationCustomizer : 0.8170276
AboutDialog : 0.8136368
FilterEditor : 0.81493723
FiltersCustomizer : 0.8135929
FontSelectionDialog : 0.8100783
WorkflowOptionsDialog : 0.80383307
