Core : 0.77544576
CoreEvents : 0.75788844
MainWindowMenuHandler : 0.77231425
EditorController : 0.7699751
ProjectFrame : ProjectFrame is not exist in project code
TagValidationFrame : TagValidationFrame is not exist in project code
SegmentBuilder : 0.76749086
EditorTextArea3 : 0.7562825
EditorSettings : 0.76516247
Document3 : 0.76040894
DocBookFilterTest : 0.7711736
EntryListPane : 0.78740555
DictionariesTextArea : 0.76347566
DictionaryInfo : DictionaryInfo is not exist in project code
MatchesTextArea : 0.7497679
HelpFrame : HelpFrame is not exist in project code
CustomRenderer : CustomRenderer is not exist in project code
LBuffer : 0.79623646
FiltersCustomizer : 0.78123045
SegmentationCustomizer : 0.77348894
ResourceBundleFilter : 0.77090764
INIFilter : 0.7806331
StringUtil : 0.7551678
AbstractFilter : 0.78990096
XMLStreamReader : 0.7708224
MappingRulesModel : 0.77321917
SegmentationRulesModel : 0.7631272
XMLHandler2 : XMLHandler2 is not exist in project code
FindMatchesThread : 0.7650748
Statistics : 0.7630002
Entry : 0.77706087
StaticUtils : 0.76133657
FuzzyMatcher : 0.7456306
DefaultXMLDialect : 0.7984996
Mnemonics : Mnemonics is not exist in project code
LinebreakPreservingReader : 0.7947934
ProjectProperties : 0.7776283
Xtag : 0.8003429
Styles : 0.72257495
XMLBlock : 0.79365575
ITagValidation : 0.85679674
