EditOpenXMLOptionsDialog : 0.81694937
OpenXMLFilter : 0.84050256
OpenDocFilter : 0.8399629
EditOpenDocOptionsDialog : 0.8290701
OpenXMLDialect : 0.8267222
OpenDocXMLFilter : 0.8385727
OpenXMLXMLFilter : 0.8385727
OpenXMLFilterTest : 0.8228127
OpenDocFilterTest : 0.8199596
HTMLFilter2 : 0.84079206
EntryInfoPane : 0.8361457
OneFilter : 0.8560298
TextOptionsDialog : 0.83659923
EditXOptionsDialog : 0.82869035
FilterVisitor : 0.8188075
EditOptionsDialog : 0.8253174
AbstractFilter : 0.78977054
XMLStreamReader : 0.8181614
HTMLWriter : 0.82306916
FilterMaster : 0.83521414
XHTMLDialect : 0.72540283
SpellcheckerConfigurationDialog : 0.73142064
SRX : 0.8511556
OpenDocDialect : 0.7896959
MainWindowMenuHandler : 0.8334719
XHTMLFilter : 0.84226024
HHCFilter2 : 0.834679
TextFilter : 0.84943104
XMLWriter : 0.8175588
ImportBundles : ImportBundles is not exist in project code
SentSeg : SentSeg is not exist in project code
GlossaryTextArea : 0.8257604
ProjectUICommands : 0.82063156
XMLHandler2 : XMLHandler2 is not exist in project code
XMLFilter : 0.681404
Handler : 0.8190971
XMLBlock : 0.84718627
PatternConsts : 0.0
ProjectPropertiesDialog : 0.71331674
MainWindowMenu : 0.8201024
HelpFrame : HelpFrame is not exist in project code
