EditOpenDocOptionsDialog : 0.8276617
OpenDocFilter : 0.84781885
OpenDocXMLFilter : 0.84635884
OpenDocDialect : 0.78816336
EditOpenXMLOptionsDialog : 0.8152407
OpenXMLOptions : 0.90221435
OpenXMLFilter : 0.84632266
OpenDocFilterTest : 0.8311707
Convert20to21 : 0.82576036
AbstractFilter : 0.7912814
SegmentBuilder : 0.8359958
EntryInfoPane : 0.841501
OConsts : 0.0
MainWindow : 0.8263436
EditorController : 0.8362467
OpenXMLDialect : 0.83024883
DisplayMatches : DisplayMatches is not exist in project code
OpenXMLXMLFilter : 0.84635884
MainWindowMenuHandler : 0.8417364
MatchesTextArea : 0.8247839
HelpFrame : HelpFrame is not exist in project code
FilterVisitor : 0.8233371
EditOptionsDialog : 0.82372326
OneFilter : 0.86223686
EditXOptionsDialog : 0.827171
DocBookFilter : 0.8504798
GlossaryTextArea : 0.8312743
IFilter : 0.77498585
DocumentFilter3 : 0.8325174
HTMLWriter : 0.82765317
XHTMLOptions : 0.89730257
HTMLOptions : 0.8912823
ImportBundles : ImportBundles is not exist in project code
SpellcheckerConfigurationDialog : 0.73215127
SentSeg : SentSeg is not exist in project code
Filter : 0.86002576
DocBookFilterTest : 0.8287926
ProjectUICommands : 0.8270715
InfixDialect : 0.84511805
RealProject : 0.8405553
PoOptionsDialog : 0.8347338
