Handler : 0.84062666
OutOfTurnTag : 0.8565099
IEntryEventListener : 0.78580195
Mark : 0.8412663
SegmentBuilder : 0.8340708
EditorController : 0.8328021
EntryInfoSearchThread : 0.8186772
FindGlossaryThread : 0.8388028
EntryInfoPane : 0.82030475
SourceTextEntry : 0.8522882
NotLoadedProject : 0.82104814
XtagFilter : 0.8440276
ObjectFactory : 0.8429139
TransTipsPopup : 0.8534769
EntryMarks : 0.84568095
GlossaryTextArea : 0.82223535
PoFilter : 0.8150001
FileInfo : FileInfo is not exist in project code
FindMatchesThread : 0.84601605
IProject : 0.76468825
XMLFilter2 : XMLFilter2 is not exist in project code
IEditor : 0.777061
RealProject : 0.833386
CoreEvents : 0.8155848
SearchWindow : SearchWindow is not exist in project code
Searcher : 0.83888733
DictionariesTextArea : 0.83758706
HTMLFilter2 : 0.84088516
AbstractFilter : 0.786496
CalcMarkersThread : 0.838812
EntryListPane : 0.83386254
AlignFilesCallback : AlignFilesCallback is not exist in project code
Search : Search is not exist in project code
LegacyTM : LegacyTM is not exist in project code
Body : 0.8647334
XMLIntactTag : 0.8384045
SearchResultEntry : 0.85679626
DictionaryEntriesSearchThread : DictionaryEntriesSearchThread is not exist in project code
GlossaryManager : 0.8447484
XMLFilter : 0.7069799
Tag : 0.8498144
