ProjectFileStorage : 0.83237654
XMLFilter2 : XMLFilter2 is not exist in project code
XMLFilter : 0.7294864
NBEdgeFilter : NBEdgeFilter is not exist in project code
AbstractFilter : 0.8024004
XMLStreamReader : 0.85931075
HTMLReader : 0.89993864
Translator : 0.7946985
LinebreakPreservingReader : 0.87506795
TMXReader : 0.8128473
Preferences : 0.70915616
DocBookFilter : 0.85217965
XMLWriter : 0.8724893
OpenXMLFilter : 0.84323657
HTMLFilter2 : 0.8534553
XMLHandler2 : XMLHandler2 is not exist in project code
HTMLWriter : 0.8735417
XMLBlock : 0.8518569
Handler : 0.83402395
PatternConsts : 0.0
ResourceBundleFilter : 0.8520473
OpenDocFilter : 0.8502909
EditOpenXMLOptionsDialog : 0.80626214
XMLUtils : 0.8388327
OpenXMLDialect : 0.8220464
XMLPseudoTag : 0.0
XMLIntactTag : 0.8218345
StaticUtils : 0.84777594
FilterMaster : 0.8404553
XMLTag : 0.8657133
TOCFilter : TOCFilter is not exist in project code
XMLOutOfTurnTag : 0.8059017
OpenDocXMLFilter : 0.8540228
XMLEntityText : 0.8454252
CommandThread : CommandThread is not exist in project code
OConsts : 0.0
GlossaryManager : 0.82534385
Text : 0.83934
XMLText : 0.8625574
XHTMLDialect : 0.72603077
XMLAttribute : 0.0
