PluginUtils : 0.83492833
XMLUtils : 0.84571433
FilterMaster : 0.8530921
DictionariesTextArea : 0.84109694
StaticUtilsTest : 0.8298662
SRX : 0.84675366
UIThreadsUtil : 0.8352456
MainWindowMenuHandler : 0.82617164
Log : 0.85068953
OConsts : 0.0
SearchWindow : SearchWindow is not exist in project code
MachineTranslateTextArea : 0.83430314
MatchesTextArea : 0.8304835
StatisticsWindow : 0.8135518
EditorController : 0.8335416
OStrings : 0.8298026
ConvertConfigs : 0.85670054
DocumentFilter3 : 0.84513146
XMLOutOfTurnTag : 0.8270692
Text : 0.80905074
EditorTextArea3 : 0.84269005
XMLHandler2 : XMLHandler2 is not exist in project code
RealProject : 0.84453773
XMLIntactTag : 0.8173096
XMLTag : 0.8651521
ConsoleWindow : 0.82392466
MainWindow : 0.8237134
DisplayMatches : DisplayMatches is not exist in project code
Handler : 0.83031756
OmegaTFileChooser : 0.81414104
TMXResegmenter : TMXResegmenter is not exist in project code
GlossaryTextAreaTest : 0.8411455
CoreEvents : 0.8189556
DockingUI : 0.80822814
EntryInfoSearchThread : 0.81694376
Mnemonics : Mnemonics is not exist in project code
ResourcesUtil : 0.84959257
CalcMarkersThread : 0.83026123
LanguageTest : 0.8460061
LoadFilesCallback : LoadFilesCallback is not exist in project code
XMLStreamReader : 0.8368805
