FiltersCustomizer : 0.8205021
FiltersTableModel : 0.85846627
FilterEditor : 0.8214898
OneFilterTableModel : 0.8511398
OpenXMLOptions : 0.83521414
MainWindowMenuHandler : 0.8264068
RealProject : 0.8601657
Convert20to21 : 0.8775745
EditOpenXMLOptionsDialog : 0.800511
Searcher : 0.83863354
Filters : 0.8653267
ObjectFactory : 0.8364333
FilterVisitor : 0.8299945
XMLStreamReader : 0.8359194
XMLHandler2 : XMLHandler2 is not exist in project code
IEditor : 0.75446963
OneFilter : 0.8427229
Preferences : 0.7472754
PluginUtils : 0.8554134
LookupInformation : LookupInformation is not exist in project code
HTMLFilter2 : 0.8469774
EditorController : 0.83627623
XHTMLFilterTest : 0.71252745
INIFilterTest : 0.8412675
XLIFFFilterTest : 0.7118733
HHCFilter2Test : 0.86937606
OpenDocFilter : 0.851306
OpenXMLFilter : 0.8515902
Filter : 0.8666855
XHTMLFilter : 0.85189456
TextFilter : 0.8540535
HHCFilter2 : 0.8333628
TestFilterBase : 0.8538306
XLIFFFilter : 0.8522551
HelpSetFilter : HelpSetFilter is not exist in project code
Typo3Filter : 0.8417097
InfixFilter : 0.8279123
HelpAndManualFilter : 0.8309848
FlashFilter : 0.83814365
AbstractFilter : 0.7863788
DocBookFilter : 0.83739346
