TMXReader : 0.7752045
FilterContext : 0.8120823
CreateDocIndexUtil : 0.7757166
ProjectFactory : 0.7965387
ProjectFileStorage : 0.78301865
Log : 0.77628434
ProjectUICommands : 0.76810485
HelpFrame : HelpFrame is not exist in project code
RealProject : 0.78026634
XLIFFDialect : 0.8057276
Convert20to21 : 0.7892709
Main : 0.77935606
GlossaryTextArea : 0.7580362
StaticUtils : 0.76861954
FilterVisitor : 0.7615091
