XHTMLFilterTest : 0.73361224
INIFilterTest : 0.8585887
XLIFFFilterTest : 0.7440083
DokuWikiFilterTest : 0.8563963
HHCFilter2Test : 0.87121606
HTMLFilter2Test : 0.8721111
DocBookFilterTest : 0.8576442
ResourceBundleFilterTest : 0.8663377
AndroidFilterTest : 0.84131575
SrtFilterTest : 0.8624344
TextFilterTest : 0.8636804
IFilter : 0.76957196
AbstractFilter : 0.78630376
OpenXMLFilterTest : 0.878094
OpenDocFilterTest : 0.8754442
StaticUtilsTest : 0.83330166
LanguageTest : 0.85691285
PatternConstsTest : 0.7799891
POFilterTest : 0.85109824
TMXDateParserTest : 0.7951349
Language : 0.7710255
OneFilterTableModel : 0.83272237
FilterEditor : 0.8073737
XMLDialect : 0.7544546
DefaultXMLDialect : 0.8397443
FiltersTableModel : 0.83608425
Filters : 0.8480395
DictionaryManager : 0.851338
FilterMaster : 0.8538306
ObjectFactory : 0.8293646
FiltersCustomizer : 0.80812883
FilterVisitor : 0.8244919
XMLStreamReader : 0.82521
XMLFilter2 : XMLFilter2 is not exist in project code
XMLHandler2 : XMLHandler2 is not exist in project code
IEditor : 0.7701713
OneFilter : 0.83056146
Preferences : 0.71670943
ResXDialect : 0.84563607
StarDictTest : 0.8385151
Platform : 0.82194066
