TMXReader : 0.8287626
OConsts : 0.0
ProjectProperties : 0.8525381
RealProject : 0.86502117
MainWindowMenuHandler : 0.83315074
Main : 0.85734993
FindMatchesThread : 0.8676182
FolderScanner : FolderScanner is not exist in project code
FileScanner : FileScanner is not exist in project code
TMXResegmenter : TMXResegmenter is not exist in project code
LegacyTM : LegacyTM is not exist in project code
ParseEntry : 0.8543619
TMXWriter : 0.8488447
Preferences : 0.74211836
SentSeg : SentSeg is not exist in project code
IProject : 0.7596121
Searcher : 0.8307419
ProjectPropertiesDialog : 0.70606536
NotLoadedProject : 0.8291981
Core : 0.8333468
EntryInfoPane : 0.8228243
Xtag : 0.83806676
TMXDateParser : 0.8345892
ProjectFactory : 0.84901947
DictionariesTextArea : 0.8456256
IParseCallback : 0.7761799
RuntimePreferences : 0.8486879
ISpellChecker : 0.7434035
CoreEvents : 0.81530386
MatchesTextArea : 0.84434676
TranslateEntry : 0.8585563
SegmentBuilder : 0.84615874
XMLStreamReader : 0.81993765
TMXReaderTest : 0.8611314
AbstractFilter : 0.7908172
TMXDateParserTest : 0.7944002
MainWindowMenu : 0.8021868
IAutoSave : 0.75184995
SearchThread : 0.8049304
Entry : 0.84407514
IProjectEventListener : 0.7148335
