InfixFilter : 0.8324164
Handler : 0.841915
XMLFilter : 0.0
OpenDocDialect : 0.84701633
SvgFilter : 0.8379029
AndroidFilter : 0.85595584
WiXFilter : 0.84522766
OpenXMLFilter : 0.8506214
OpenDocFilter : 0.8451999
XHTMLFilter : 0.83768666
XLIFFFilter : 0.84439737
HelpAndManualFilter : 0.8344344
FlashFilter : 0.83444464
XHTMLDialect : 0.0
Typo3Filter : 0.8395222
OpenXMLXMLFilter : 0.8527641
OpenDocXMLFilter : 0.8527641
FlashDialect : 0.0
ResXFilter : 0.85910565
WiXDialect : 0.9673505
SvgDialect : 0.9678093
DocBookFilter : 0.8426158
AndroidDialect : 0.9149464
ResXDialect : 0.8579331
HelpAndManualDialect : 0.905409
Typo3Dialect : 0.92321676
XLIFFDialect : 0.86601293
DocBookDialect : 0.0
OpenXMLDialect : 0.8709527
