ProjectFactory : 0.8734002
Main : 0.8695201
HTMLWriter : 0.847536
XMLWriter : 0.84312725
FindMatchesThread : 0.8730947
OConsts : 0.0
IProject : 0.7524492
Searcher : 0.8407978
ProjectPropertiesDialog : 0.7045747
MainWindowMenuHandler : 0.83262557
NotLoadedProject : 0.8160314
Core : 0.83886963
EntryInfoPane : 0.82657176
Preferences : 0.75078017
ProjectProperties : 0.85290354
TMXReader : 0.82137626
DictionariesTextArea : 0.847864
RuntimePreferences : 0.85104424
ISpellChecker : 0.7379227
CoreEvents : 0.8238457
MatchesTextArea : 0.84648186
TranslateEntry : 0.8511518
ParseEntry : 0.84696573
SegmentBuilder : 0.84007597
IAutoSave : 0.753873
EditorController : 0.84476405
IProjectEventListener : 0.7299268
ProjectFrame : ProjectFrame is not exist in project code
GlossaryTextArea : 0.84661335
MainWindowMenu : 0.81406826
SourceTextEntry : 0.8404466
SearchCallback : SearchCallback is not exist in project code
MainWindow : 0.82947075
SpellcheckerConfigurationDialog : 0.72183806
ProjectUICommands : 0.865899
XtagFilter : 0.83263165
Tokenizer : 0.0
TagValidationTool : 0.8490092
OmegaTFileChooser : 0.8158738
FilterContext : 0.8504589
SearchResultEntry : 0.84593177
