FlashFilter : 0.8468281
Handler : 0.8309754
XMLFilter : 0.74503154
OpenDocDialect : 0.8117956
SvgFilter : 0.8429798
AndroidFilter : 0.83507097
WiXFilter : 0.8388295
OpenXMLFilter : 0.8377576
OpenDocFilter : 0.8412183
XHTMLFilter : 0.8424881
InfixFilter : 0.83930075
XLIFFFilter : 0.8334636
HelpAndManualFilter : 0.83597696
XHTMLDialect : 0.7497424
Typo3Filter : 0.8433872
OpenXMLXMLFilter : 0.83944124
OpenDocXMLFilter : 0.83944124
ResXFilter : 0.8354124
WiXDialect : 0.0
SvgDialect : 0.0
DocBookFilter : 0.8368882
AndroidDialect : 0.837515
InfixDialect : 0.0
ResXDialect : 0.8300528
HelpAndManualDialect : 0.82445854
Typo3Dialect : 0.8488645
XLIFFDialect : 0.84706056
DocBookDialect : 0.931865
OpenXMLDialect : 0.8362706
