EditOpenXMLOptionsDialog : 0.81694937
OpenXMLFilter : 0.84050256
OpenDocFilter : 0.8399629
EditOpenDocOptionsDialog : 0.8290701
OpenDocXMLFilter : 0.8385727
OpenXMLXMLFilter : 0.8385727
OpenDocOptions : 0.90221435
Convert20to21 : 0.82177734
OpenXMLDialect : 0.8267222
OpenXMLFilterTest : 0.8228127
OpenDocFilterTest : 0.8199596
FilterMaster : 0.83521414
EntryInfoPane : 0.8361457
XMLStreamReader : 0.8181614
MainWindowMenuHandler : 0.8334719
MatchesTextArea : 0.8181427
OpenDocDialect : 0.7896959
FilterVisitor : 0.8188075
EditOptionsDialog : 0.8253174
EditXOptionsDialog : 0.82869035
OneFilter : 0.8560298
Entry : 0.8224654
GlossaryTextArea : 0.8257604
HTMLWriter : 0.82306916
XHTMLOptions : 0.8900794
HTMLOptions : 0.8845011
SentSeg : SentSeg is not exist in project code
ImportBundles : ImportBundles is not exist in project code
SpellcheckerConfigurationDialog : 0.73142064
Filter : 0.8496894
ProjectUICommands : 0.82063156
SRX : 0.8511556
IFilter : 0.7734259
PoOptionsDialog : 0.83702797
AbstractOptions : 0.874733
TextOptionsDialog : 0.83659923
XHTMLDialect : 0.72540283
XMLWriter : 0.8175588
HelpFrame : HelpFrame is not exist in project code
MainWindowMenu : 0.8201024
ProjectPropertiesDialog : 0.71331674
