AndroidFilterTest : 0.82368636
AndroidDialect : 0.85165733
OneFilterTableModel : 0.84367704
FilterEditor : 0.8087141
FiltersTableModel : 0.8427611
Filters : 0.854971
ObjectFactory : 0.8498301
FiltersCustomizer : 0.81068814
FilterVisitor : 0.83013546
XMLStreamReader : 0.837546
XMLHandler2 : XMLHandler2 is not exist in project code
FilterMaster : 0.8442886
IEditor : 0.7730769
OneFilter : 0.8508075
Preferences : 0.7243033
PluginUtils : 0.83340174
LookupInformation : LookupInformation is not exist in project code
HTMLFilter2 : 0.84696543
EditorController : 0.8258369
XHTMLFilterTest : 0.71074027
INIFilterTest : 0.8389587
XLIFFFilterTest : 0.71578616
HHCFilter2Test : 0.8449944
OpenDocFilter : 0.8477137
OpenXMLFilter : 0.8447969
Filter : 0.85515773
XHTMLFilter : 0.84734267
TextFilter : 0.8460111
HHCFilter2 : 0.8377034
TestFilterBase : 0.83380526
XLIFFFilter : 0.8476054
HelpSetFilter : HelpSetFilter is not exist in project code
Typo3Filter : 0.8484498
InfixFilter : 0.8481648
HelpAndManualFilter : 0.8463268
FlashFilter : 0.84763426
AbstractFilter : 0.7945504
DocBookFilter : 0.8482449
ResXFilter : 0.8620812
IFilter : 0.77347904
DokuWikiFilterTest : 0.82947016
