AbstractFilter : 0.7885222
PoFilter : 0.825812
TextFilterTest : 0.84281427
AlignFilesCallback : AlignFilesCallback is not exist in project code
ResourceBundleFilter : 0.83330154
OpenXMLFilterTest : 0.84600663
OpenDocFilterTest : 0.84304065
HTMLFilter2Test : 0.8489732
TestFilterBase : 0.8517646
FilterVisitor : 0.8319958
TMXReader : 0.81887525
DokuWikiFilterTest : 0.83147395
OpenXMLFilter : 0.84101444
MozillaDTDFilter : 0.8325894
TranslateEntry : 0.8675842
OpenDocFilter : 0.8401783
HListener : HListener is not exist in project code
GlossaryReaderCSV : 0.8660143
Handler : 0.8337893
MatchesTextArea : 0.82940876
Entry : 0.84456515
XMLFilter2 : XMLFilter2 is not exist in project code
XHTMLFilterTest : 0.7068687
INIFilterTest : 0.82958126
XLIFFFilterTest : 0.7191067
RcFilter : 0.73985285
TransTipsPopup : 0.8802014
OutOfTurnTag : 0.84966713
IFilter : 0.76005656
Main : 0.8405702
IEntryEventListener : 0.78716475
Mark : 0.83653986
ResourceBundleFilterTest : 0.84313405
SegmentBuilder : 0.8458022
EditorController : 0.8370767
PluginUtils : 0.8329574
HHCFilter2Test : 0.8443132
EntryInfoSearchThread : 0.8295833
FindGlossaryThread : 0.85377395
EntryInfoPane : 0.8170732
TMXDateParserTest : 0.7823705
