FindMatchesThread : 0.7583976
Searcher : 0.7635459
Core : 0.7649187
ProjectFrame : ProjectFrame is not exist in project code
CoreEvents : 0.7403064
DictionariesTextArea : 0.7468776
ProjectFactory : 0.7436437
TagValidationTool : 0.74533665
Tokenizer : 0.0
EditorController : 0.75410944
CalcStandardStatistics : 0.74419034
SaveThread : 0.74732023
SpellChecker : 0.72751456
MainWindowMenuHandler : 0.7572446
ProjectFileStorage : 0.7521053
CalcMatchStatistics : 0.76370096
MainWindow : 0.731258
OConsts : 0.0
RealProject : 0.7524492
ProjectPropertiesDialog : 0.7293237
Statistics : 0.7470298
NotLoadedProject : 0.80350816
EntryInfoPane : 0.76644635
MatchesTextArea : 0.73803425
Preferences : 0.6525136
Main : 0.734275
ProjectProperties : 0.77088124
TMXReader : 0.7553423
DictionaryEntriesSearchThread : DictionaryEntriesSearchThread is not exist in project code
DictionaryInfo : DictionaryInfo is not exist in project code
CalcMarkersThread : 0.7466052
Bpt : 0.79266316
Ept : 0.7987223
RuntimePreferences : 0.7882398
ISpellChecker : 0.8308051
TranslateEntry : 0.77708685
ParseEntry : 0.76049936
SegmentBuilder : 0.759274
FindThread : FindThread is not exist in project code
PopupMenuConstructorInfo : PopupMenuConstructorInfo is not exist in project code
MachineTranslateTextArea : 0.7739361
