XMLStreamReader : 0.85508585
ProjectFileStorage : 0.828249
Preferences : 0.72893214
XMLWriter : 0.847077
OpenXMLFilter : 0.8461057
FilterVisitor : 0.8478445
XMLHandler2 : XMLHandler2 is not exist in project code
XMLFilter : 0.70471936
HTMLWriter : 0.8506105
Handler : 0.8492909
PatternConsts : 0.0
OpenDocFilter : 0.8501298
EditOpenXMLOptionsDialog : 0.82467896
XMLUtils : 0.8615279
TMXReader : 0.83177817
OpenXMLDialect : 0.83703065
XMLPseudoTag : 0.0
XMLIntactTag : 0.8558602
StaticUtils : 0.8426747
XMLFilter2 : XMLFilter2 is not exist in project code
FilterMaster : 0.84401506
XMLTag : 0.8852531
TOCFilter : TOCFilter is not exist in project code
XMLOutOfTurnTag : 0.83741826
OpenDocXMLFilter : 0.84243363
XMLEntityText : 0.86776114
Text : 0.8560884
XMLText : 0.8875013
XHTMLDialect : 0.7348856
AbstractFilter : 0.79877657
XMLAttribute : 0.0
XMLReader : 0.8518569
OpenXMLXMLFilter : 0.84243363
NBEdgeFilter : NBEdgeFilter is not exist in project code
DefaultEntityFilter : 0.8166572
XMLDialect : 0.7912898
DefaultXMLDialect : 0.8728231
DocBookFilter : 0.8540525
Element : 0.7883952
TMXResegmenter : TMXResegmenter is not exist in project code
SRX : 0.8661597
