FilterMaster : 0.8554134
MarkerController : 0.83656585
MachineTranslateTextArea : 0.8366671
RealProject : 0.84146684
Main : 0.84005356
WikiGet : 0.7922064
XMLUtils : 0.83851373
IEditor : 0.760608
DictionariesTextArea : 0.8326238
StaticUtilsTest : 0.810401
SRX : 0.8473606
UIThreadsUtil : 0.82059455
MainWindowMenuHandler : 0.8166382
Log : 0.841793
OConsts : 0.0
SearchWindow : SearchWindow is not exist in project code
MatchesTextArea : 0.8293666
StatisticsWindow : 0.81030726
EditorController : 0.82205737
OStrings : 0.8288984
ConvertConfigs : 0.84368473
DocumentFilter3 : 0.83100665
XMLOutOfTurnTag : 0.81216794
Text : 0.8180714
EditorTextArea3 : 0.8218551
XMLHandler2 : XMLHandler2 is not exist in project code
XMLIntactTag : 0.8155006
XMLTag : 0.8524837
ConsoleWindow : 0.8144987
MainWindow : 0.8147501
DisplayMatches : DisplayMatches is not exist in project code
Handler : 0.82943183
OmegaTFileChooser : 0.81475425
TMXResegmenter : TMXResegmenter is not exist in project code
GlossaryTextAreaTest : 0.831321
CoreEvents : 0.82345885
DockingUI : 0.8008148
EntryInfoSearchThread : 0.8140848
Mnemonics : Mnemonics is not exist in project code
ResourcesUtil : 0.84559184
CalcMarkersThread : 0.8210522
