MainWindow : 0.7650339
ProjectFrame : ProjectFrame is not exist in project code
MainWindowMenuHandler : 0.77842885
MainWindowMenu : 0.7791254
DokuWikiFilterTest : 0.78891945
ApertiumTranslate : 0.747561
Google2Translate : 0.71970296
IMachineTranslation : 0.8095963
IMainWindow : 0.780784
DockableScrollPane : 0.78771305
Attributes : 0.8028583
SegmentBuilder : 0.76605207
Entry : 0.78635895
metal_ru : metal_ru is not exist in project code
windows_ru : windows_ru is not exist in project code
SegmentationRulesModel : 0.7855938
DictionaryEntry : 0.80450535
motif_ru : motif_ru is not exist in project code
MappingRulesModel : 0.79766065
MachineTranslateTextArea : 0.7911182
basic_ru : basic_ru is not exist in project code
BaseTranslate : 0.84178925
LBuffer : 0.80353254
FiltersTableModel : 0.7884651
DirectoryMonitor : 0.77968305
gtk_ru : gtk_ru is not exist in project code
Handler : 0.7826586
OneFilterTableModel : 0.7916221
P : 0.71398294
AdminNote : 0.74274486
TransacNote : 0.7392094
Descrip : 0.7593312
Core : 0.7782358
Ref : 0.7458527
Ph : 0.8392733
LangSet : 0.76210433
Term : 0.82252264
Header : 0.8144405
TitleStmt : 0.7411132
TextFilter : 0.8003917
Date : 0.83857876
