POFilterTest : 0.83053946
PoOptionsDialog : 0.80747
OneFilterTableModel : 0.8243034
FilterEditor : 0.80405915
Filters : 0.8223304
FiltersTableModel : 0.8215623
ObjectFactory : 0.8162418
FiltersCustomizer : 0.80361176
FilterVisitor : 0.8117473
XMLStreamReader : 0.83806264
XMLHandler2 : XMLHandler2 is not exist in project code
IEditor : 0.75686955
FilterMaster : 0.83238715
OneFilter : 0.81639785
Preferences : 0.7599564
LookupInformation : LookupInformation is not exist in project code
HTMLFilter2 : 0.82579744
PluginUtils : 0.81666696
EditorController : 0.8164631
INIFilterTest : 0.8178221
XLIFFFilterTest : 0.7183165
XHTMLFilterTest : 0.71381265
OpenDocFilter : 0.82383895
OpenXMLFilter : 0.8287125
HHCFilter2Test : 0.83499944
Filter : 0.82206166
XHTMLFilter : 0.8248913
TextFilter : 0.83571994
HHCFilter2 : 0.815786
XLIFFFilter : 0.8326282
HelpSetFilter : HelpSetFilter is not exist in project code
Typo3Filter : 0.82191974
TestFilterBase : 0.821356
InfixFilter : 0.8157709
HelpAndManualFilter : 0.8192571
FlashFilter : 0.81926155
AbstractFilter : 0.78308624
DocBookFilter : 0.8225462
ResXFilter : 0.83814293
IFilter : 0.7544609
DokuWikiFilterTest : 0.8230432
