EditXOptionsDialog : 0.83163387
XHTMLFilter : 0.84880847
XHTMLFilterTest : 0.7013964
XHTMLDialect : 0.72971505
Convert20to21 : 0.82556635
HTMLWriter : 0.8263199
EditOptionsDialog : 0.8286625
FilterVisitor : 0.82323384
OneFilter : 0.8617869
HTMLFilter2 : 0.8486923
EditOpenXMLOptionsDialog : 0.8186615
EditOpenDocOptionsDialog : 0.8309605
OpenXMLOptions : 0.8900794
HTMLOptions : 0.8911967
Filter : 0.8570253
AbstractOptions : 0.886056
TextOptionsDialog : 0.83850974
PoOptionsDialog : 0.83965963
XMLFilter2 : XMLFilter2 is not exist in project code
AbstractFilter : 0.79242635
IFilter : 0.77330536
ObjectFactory : 0.84201384
TextFilter : 0.8523623
HHCFilter2 : 0.841137
Preferences : 0.7512288
PoFilter : 0.8223755
FilterMaster : 0.839797
MainWindowMenu : 0.82078505
OpenDocFilter : 0.8432205
XMLDialect : 0.7784165
DefaultXMLDialect : 0.85794085
OpenXMLFilter : 0.8415604
OpenDocOptions : 0.89730257
IMainMenu : 0.7484369
MainWindowMenuHandler : 0.8359664
TUV : TUV is not exist in project code
GlossaryReaderCSV : 0.813802
FiltersCustomizer : 0.82872516
SRXOptionsModel : 0.83499926
SearchWindow : SearchWindow is not exist in project code
TextFilterTest : 0.8265756
