INIFilterTest : 0.8400395
OneFilterTableModel : 0.8526313
FilterEditor : 0.8130646
Filters : 0.8506369
FiltersTableModel : 0.8464273
ObjectFactory : 0.83804625
FiltersCustomizer : 0.814342
FilterVisitor : 0.82942295
XMLStreamReader : 0.8448157
XMLHandler2 : XMLHandler2 is not exist in project code
IEditor : 0.7806331
FilterMaster : 0.84132177
OneFilter : 0.8527406
Preferences : 0.7018767
LookupInformation : LookupInformation is not exist in project code
HTMLFilter2 : 0.8515986
PluginUtils : 0.82493615
EditorController : 0.821045
XLIFFFilterTest : 0.7301187
XHTMLFilterTest : 0.7255343
OpenDocFilter : 0.8498652
OpenXMLFilter : 0.84545594
HHCFilter2Test : 0.84625393
Filter : 0.8471681
XHTMLFilter : 0.8516655
TextFilter : 0.84580946
HHCFilter2 : 0.8448674
XLIFFFilter : 0.84048814
HelpSetFilter : HelpSetFilter is not exist in project code
Typo3Filter : 0.859556
TestFilterBase : 0.8366165
InfixFilter : 0.8594264
HelpAndManualFilter : 0.858373
FlashFilter : 0.85817814
AbstractFilter : 0.8061231
DocBookFilter : 0.8580777
ResXFilter : 0.8522784
IFilter : 0.7867147
DokuWikiFilterTest : 0.8256905
HTMLFilter2Test : 0.8346367
SrtFilterTest : 0.83022106
