TMXDateParserTest : 0.81764555
TMXReaderTest : 0.8606424
TMXReader : 0.80588967
POFilterTest : 0.86450243
OConsts : 0.0
StaticUtilsTest : 0.8262272
LanguageTest : 0.87882715
XHTMLFilterTest : 0.7482287
PatternConstsTest : 0.80122906
FileScanner : FileScanner is not exist in project code
TMXResegmenter : TMXResegmenter is not exist in project code
FolderScanner : FolderScanner is not exist in project code
LegacyTM : LegacyTM is not exist in project code
Preferences : 0.7275569
DokuWikiFilterTest : 0.86060274
INIFilterTest : 0.8753268
XLIFFFilterTest : 0.7534027
TextFilterTest : 0.8661743
SentSeg : SentSeg is not exist in project code
HTMLFilter2Test : 0.87149364
SrtFilterTest : 0.8764299
ResourceBundleFilterTest : 0.87515265
DocBookFilterTest : 0.8701414
AndroidFilterTest : 0.85624385
ParseEntry : 0.8238564
HHCFilter2Test : 0.8835752
Xtag : 0.8175897
TMXDateParser : 0.82910067
StarDictTest : 0.8402288
Platform : 0.81247693
IParseCallback : 0.7794543
ProjectProperties : 0.8280907
XMLStreamReader : 0.8175737
AbstractFilter : 0.79247016
MainWindowMenu : 0.79433596
RealProject : 0.83507717
MainWindowMenuHandler : 0.8160544
Entry : 0.81599677
OpenDocFilterTest : 0.87645125
OpenXMLFilterTest : 0.88129693
TestFilterBase : 0.8430226
