LookupInformation : LookupInformation is not exist in project code
FilterEditor : 0.82794297
Filters : 0.8765259
FilterMaster : 0.8427228
XLIFFFilter : 0.85703295
DocBookFilter : 0.8712551
AbstractFilter : 0.8086444
XHTMLFilter : 0.8689246
HTMLOptions : 0.8576603
FiltersCustomizer : 0.8344328
TextOptions : 0.8796405
PluginUtils : 0.83552235
HHCFilterVisitor : 0.8346706
FilterVisitor : 0.8327555
StaticUtils : 0.834791
Handler : 0.8356425
XMLStreamReader : 0.8379649
XMLHandler2 : XMLHandler2 is not exist in project code
Preferences : 0.7110958
HTMLFilter2 : 0.86538875
Attributes : 0.8623286
EditXOptionsDialog : 0.8359657
TextOptionsDialog : 0.8479007
FontSelectionDialog : 0.8342696
EditOptionsDialog : 0.8337915
EditOpenXMLOptionsDialog : 0.8271872
EditOpenDocOptionsDialog : 0.837425
WorkflowOptionsDialog : 0.8231227
InstanceEditor : 0.85104334
SegmentationCustomizer : 0.82914
AboutDialog : 0.83324134
LicenseDialog : 0.84122133
OpenXMLFilter : 0.846147
OpenDocFilter : 0.85849583
OConsts : 0.0
EditorTextArea : EditorTextArea is not exist in project code
TextFilter : 0.8546944
HHCFilter2 : 0.85767835
HelpSetFilter : HelpSetFilter is not exist in project code
Instance : 0.86518854
HTMLWriter : 0.8405415
