OneFilterTableModel : 0.79553926
FilterEditor : 0.8122781
Filters : 0.8035267
FiltersTableModel : 0.7839939
ObjectFactory : 0.80276704
FiltersCustomizer : 0.8141586
FilterVisitor : 0.7837352
XMLStreamReader : 0.8338188
XMLHandler2 : XMLHandler2 is not exist in project code
IEditor : 0.78990096
FilterMaster : 0.7863788
OneFilter : 0.8086444
Preferences : 0.68767804
LookupInformation : LookupInformation is not exist in project code
HTMLFilter2 : 0.80614173
PluginUtils : 0.78166896
EditorController : 0.7770089
INIFilterTest : 0.8123299
XLIFFFilterTest : 0.73291016
XHTMLFilterTest : 0.7281127
OpenDocFilter : 0.80296093
OpenXMLFilter : 0.79773486
HHCFilter2Test : 0.8039459
Filter : 0.7971071
XHTMLFilter : 0.7996468
TextFilter : 0.8008965
HHCFilter2 : 0.7981383
XLIFFFilter : 0.7962825
HelpSetFilter : HelpSetFilter is not exist in project code
Typo3Filter : 0.8085933
TestFilterBase : 0.78630376
InfixFilter : 0.8093109
HelpAndManualFilter : 0.81337416
FlashFilter : 0.80473757
DocBookFilter : 0.8081725
ResXFilter : 0.81066334
IFilter : 0.8029369
DokuWikiFilterTest : 0.78422195
HTMLFilter2Test : 0.7851844
SrtFilterTest : 0.79296607
ResourceBundleFilterTest : 0.7917436
