LanguageCodes : 0.739141
SegmentationRulesModel : 0.80899894
ProjectFactory : 0.85844547
XHTMLFilter : 0.83131313
MainWindowMenuHandler : 0.8294198
TestCoreInitializer : 0.85210675
IApplicationEventListener : 0.7865872
MappingRulesModel : 0.81883657
RealProject : 0.8388697
ProjectFrame : ProjectFrame is not exist in project code
EntryInfoPane : 0.83435404
Translator : 0.7699419
MainWindow : 0.8224037
EditorController : 0.83459514
ProjectUICommands : 0.83002067
ObjectFactory : 0.8402499
SearchWindow : SearchWindow is not exist in project code
XMLFilter : 0.7107739
AbstractFilter : 0.7799116
TagValidationTool : 0.81267655
GlossaryTextArea : 0.83440274
DictionariesTextArea : 0.83407533
MatchesTextArea : 0.8287105
GlossaryManager : 0.84115034
SearchThread : 0.80075216
SpellCheckerPopup : SpellCheckerPopup is not exist in project code
FindThread : FindThread is not exist in project code
EditorSettings : 0.83676887
MainWindowMenu : 0.8317285
SpellCheckerMarker : 0.83582187
SRX : 0.84594107
SaveThread : 0.8380276
SpellChecker : 0.8144084
Tokenizer : 0.0
FilterVisitor : 0.80922574
DockingUI : 0.7923877
Main : 0.8223638
BaseTranslate : 0.8148773
Statistics : 0.80929947
SegmenterTest : 0.8137614
SentSeg : SentSeg is not exist in project code
