IProject : 0.7708813
NotLoadedProject : 0.84086215
ProjectPropertiesDialog : 0.7152309
RealProject : 0.85290354
MainWindowMenuHandler : 0.83743364
TranslateEntry : 0.8519886
ParseEntry : 0.8415952
Main : 0.84038436
SearchCallback : SearchCallback is not exist in project code
DictionariesTextArea : 0.8378212
ProjectFactory : 0.8619699
ProjectUICommands : 0.84241784
MainWindow : 0.82498163
GlossaryManager : 0.85116726
FindThread : FindThread is not exist in project code
GlossaryReaderTBXTest : 0.84413266
CalcStandardStatistics : 0.7909866
FindMatchesThread : 0.85371196
FilterContext : 0.86499345
OConsts : 0.0
Searcher : 0.83610356
EntryInfoPane : 0.84314555
Core : 0.84654605
EditorController : 0.83756584
SearchResultEntry : 0.8871744
SpellChecker : 0.8330595
Preferences : 0.7312964
TMXReader : 0.8197278
ProjectFrame : ProjectFrame is not exist in project code
CreateDocIndexUtil : 0.8407262
ISpellChecker : 0.7638159
SegmentBuilder : 0.83543116
CoreEvents : 0.825356
RuntimePreferences : 0.8827524
MatchesTextArea : 0.82752216
ProjectFileStorage : 0.8572365
IAutoSave : 0.77655363
CalcMatchStatistics : 0.8315119
IProjectEventListener : 0.74356127
GlossaryTextArea : 0.83274245
MainWindowMenu : 0.83025616
