FindMatchesThread : 0.84063524
OConsts : 0.0
IProject : 0.78469086
ProjectPropertiesDialog : 0.71099615
Searcher : 0.83631337
MainWindowMenuHandler : 0.83214206
NotLoadedProject : 0.8466068
EntryInfoPane : 0.83698934
Core : 0.8513153
Preferences : 0.73992294
Main : 0.8231674
ProjectProperties : 0.8718028
TMXReader : 0.828531
ProjectFactory : 0.8405226
RealProject : 0.8406634
DictionariesTextArea : 0.83129793
ISpellChecker : 0.78223234
SegmentBuilder : 0.8425231
CoreEvents : 0.8214837
RuntimePreferences : 0.88823974
MatchesTextArea : 0.8211707
TranslateEntry : 0.8518706
ParseEntry : 0.8372195
IAutoSave : 0.7908563
IProjectEventListener : 0.7551457
ProjectFrame : ProjectFrame is not exist in project code
GlossaryTextArea : 0.82312995
MainWindowMenu : 0.82955563
SourceTextEntry : 0.85549206
MainWindow : 0.818197
SpellcheckerConfigurationDialog : 0.73326826
SearchCallback : SearchCallback is not exist in project code
EditorController : 0.8347591
ProjectUICommands : 0.8190832
Tokenizer : 0.0
OmegaTFileChooser : 0.8218598
TagValidationTool : 0.82126546
FilterContext : 0.87334925
SearchResultEntry : 0.8998033
FontSelectionDialog : 0.83186334
CalcStandardStatistics : 0.78580076
