EditOptionsDialog : 0.82894486
FilterVisitor : 0.8196939
HTMLWriter : 0.8258362
HTMLFilter2 : 0.84578073
LanguageCodes : 0.7563641
XHTMLFilter : 0.8449839
OpenDocFilter : 0.8394262
Convert20to21 : 0.82528216
PatternConsts : 0.0
OpenXMLFilter : 0.83847094
HTMLFilter2Test : 0.8271254
OConsts : 0.0
EditXOptionsDialog : 0.8316537
OneFilter : 0.8576603
XHTMLDialect : 0.7303537
Google2Translate : 0.68509567
ApertiumTranslate : 0.7095581
EditOpenXMLOptionsDialog : 0.8188134
XHTMLOptions : 0.89119685
EditOpenDocOptionsDialog : 0.8310571
OpenXMLOptions : 0.8845011
Filter : 0.8529731
AbstractOptions : 0.88172287
TextOptionsDialog : 0.83854586
PoOptionsDialog : 0.83980167
HelpFrame : HelpFrame is not exist in project code
DokuWikiFilter : 0.82285017
XMLWriter : 0.81865263
HTMLReader : 0.82290435
AbstractFilter : 0.78834003
IFilter : 0.7687306
ObjectFactory : 0.836889
TextFilter : 0.84984356
HHCFilter2 : 0.8379732
Preferences : 0.75515074
XHTMLFilterTest : 0.7012355
PoFilter : 0.8202293
FilterMaster : 0.83757085
MainWindowMenu : 0.8204053
OpenDocOptions : 0.8912823
IMainMenu : 0.7424423
