XHTMLDialect : 0.7456306
MyExceptionListener : MyExceptionListener is not exist in project code
BreakPosition : BreakPosition is not exist in project code
PatternConstsTest : 0.78110266
TMXDateParserTest : 0.7956981
NullWriter : 0.8257541
LanguageTest : 0.8403518
POFilterTest : 0.81352043
XHTMLFilterTest : 0.715854
StaticUtilsTest : 0.77360845
NullBufferedWriter : 0.8213823
OpenXMLDialect : 0.80489737
CreateDocIndexUtil : 0.8135888
MappingRulesModel : 0.831412
Handler : 0.8080126
SegmentationRulesModel : 0.82039875
LinebreakPreservingReader : 0.82667744
XMLStreamReader : 0.83476776
HTMLReader : 0.8252853
NotLoadedProject : 0.82370037
XMLReader : 0.8232601
IProject : 0.7687875
OpenDocDialect : 0.76331717
TMXReader : 0.7907
OpenDocFilter : 0.82927376
XMLHandler2 : XMLHandler2 is not exist in project code
Log : 0.8499092
OpenXMLFilter : 0.8203211
TranslationException : 0.0
Rule : 0.8267395
OpenDocXMLFilter : 0.84604216
EntryInfoSearchThread : 0.80821073
EntryInfoPane : 0.82001746
OpenXMLXMLFilter : 0.84604216
BaseTranslate : 0.8357987
WordIterator : 0.812656
NBEdgeFilter : NBEdgeFilter is not exist in project code
OmegaTFileHandler : 0.82215524
TMXResegmenter : TMXResegmenter is not exist in project code
PoFilter : 0.8119514
LingvoDSL : 0.8221552
