NotLoadedProject : 0.8015686
CalcMatchStatistics : 0.84318906
CalcStandardStatistics : 0.80437356
IProject : 0.7470298
RealProject : 0.83641195
MainWindowMenuHandler : 0.8050012
OConsts : 0.0
MainWindowMenu : 0.7922745
StatisticsTest : 0.8591351
MatchStatCounts : 0.858122
StatCount : 0.8588913
EditorController : 0.82926315
StatisticsWindow : 0.8088265
FalseFriendsTest : 0.84399456
StaticUtils : 0.8562655
ProjectFrame : ProjectFrame is not exist in project code
