RepositoryUtils : RepositoryUtils is not exist in project code
MyCredentialsProvider : MyCredentialsProvider is not exist in project code
FontSelectionDialog : 0.8854496
MainWindowMenuHandler : 0.85271436
ProjectPropertiesDialog : 0.71336836
TeamUserPassDialog : TeamUserPassDialog is not exist in project code
TranslateEntry : 0.790977
IMainWindow : 0.7905702
AskCredentials : AskCredentials is not exist in project code
SegmentationCustomizer : 0.8722894
HTMLFilter2 : 0.81846094
XLIFFFilter : 0.8213567
XHTMLFilter : 0.8268411
OpenDocFilter : 0.821979
ITranslateCallback : 0.77815515
WikiGet : 0.7929546
OpenXMLFilter : 0.81333
AbstractFilter : 0.8128912
FiltersCustomizer : 0.878444
Preferences : 0.82100856
OConsts : 0.0
XMLBlock : 0.83326864
ProjectFrame : ProjectFrame is not exist in project code
TeamOptionsDialog : 0.9004726
Translator : 0.7796477
TextFilter : 0.8125199
RcFilter : 0.71069944
MainWindow : 0.8465095
ProjectUICommands : 0.8360657
PatternConsts : 0.0
AndroidFilter : 0.8065303
OneFilter : 0.83812165
XMLFilter : 0.6837295
TUV : TUV is not exist in project code
TestFilterBase : 0.80058235
TagValidationOptionsDialog : TagValidationOptionsDialog is not exist in project code
SaveOptionsDialog : 0.8867027
EditXOptionsDialog : 0.8786942
EditOpenDocOptionsDialog : 0.88613415
CreateGlossaryEntry : 0.8850447
ViewOptionsDialog : 0.8819874
EditOptionsDialog : 0.8745526
FilterEditor : 0.8743751
LogDialog : 0.8872088
AboutDialog : 0.88551253
PoOptionsDialog : 0.8922067
PoFilter : 0.7954627
WorkflowOptionsDialog : 0.88346314
LastChangesDialog : 0.90090543
EditOpenXMLOptionsDialog : 0.87200934
ExternalTMXMatchesDialog : 0.880392
LicenseDialog : 0.90033853
EditXLIFFOptionsDialog : 0.88609684
TextOptionsDialog : 0.8844896
StaticUtils : 0.80405086
GlossaryTextArea : 0.84148383
Language : 0.7806634
IEditorEventListener : 0.8091551
FindMatches : 0.7877398
FilterVisitor : 0.7940714
ConsoleWindow : 0.8374611
InstanceEditor : 0.8612939
FindMatchesThread : 0.81320405
EntryInfoSearchThread : 0.82220906
Instance : 0.8216422
IFilter : 0.77492523
WordIterator : 0.81652045
DiffDriver : 0.7943227
XMLStreamReader : 0.80299526
Typo3Filter : 0.8222352
TXMLFilter : 0.8238112
DocBookFilter : 0.816972
XMLDialect : 0.76816195
MainWindowMenuShortcuts : MainWindowMenuShortcuts is not exist in project code
HelpAndManualFilter : 0.8194199
InfixFilter : 0.8138111
SegmentBuilder : 0.8105315
CamtasiaWindowsFilter : 0.82430667
VisioFilter : 0.826357
FlashFilter : 0.8189324
Base64 : Base64 is not exist in project code
SpellcheckerConfigurationDialog : 0.761346
ScriptingWindow : 0.84135735
IEditor : 0.787097
IProject : 0.763959
MapRule : 0.8137706
ProjectTMX : 0.7998856
BaseTokenizer : 0.7784672
IRemoteRepository : IRemoteRepository is not exist in project code
EntryListPane : 0.8324792
AutotextAutoCompleterOptionsDialog : 0.88631594
HHCFilter2 : 0.81272197
ErrorReport : 0.7810867
HelpFrame : HelpFrame is not exist in project code
ResXFilter : 0.8153113
SRX : 0.82874465
SearchWindowController : 0.85291654
XLIFFFilterTest : 0.7006431
NewProjectFileChooser : 0.83777577
TestCore : 0.8195882
DictionaryInstallerDialog : 0.8575338
Entry : 0.80677825
VisioDialect : 0.0
TagValidationFrame : TagValidationFrame is not exist in project code
Main : 0.8143318
CharTableAutoCompleterOptionsDialog : 0.87915313
OpenDocDialect : 0.76342654
RealProject : 0.8112322
OpenXMLDialect : 0.79155517
EditorController : 0.82841647
TagValidationTool : 0.7952649
FilterMaster : 0.8042766
GlossaryAutoCompleterOptionsDialog : 0.8814
motif_ru : motif_ru is not exist in project code
TMXDateParserTest : 0.7919652
gtk_ru : gtk_ru is not exist in project code
DefaultPopup : DefaultPopup is not exist in project code
StatisticsWindow : 0.8641123
basic_ru : basic_ru is not exist in project code
