MultipleTransFindThread : 0.7669681
HasMultipleTranslations : HasMultipleTranslations is not exist in project code
FindMatchesThread : 0.7583976
Searcher : 0.7635459
Core : 0.7649187
RealProjectTest : 0.7602605
TestFilterBase : 0.7646438
ProjectFrame : ProjectFrame is not exist in project code
CoreEvents : 0.7403064
DictionariesTextArea : 0.7468776
ProjectFactory : 0.7436437
TagValidationTool : 0.74533665
DefaultTokenizer : 0.7526123
EditorController : 0.75410944
FalseFriendsTest : 0.7506227
BaseTokenizer : 0.74205863
ScriptingWindow : 0.7490946
GlossaryManager : 0.7505136
SpellChecker : 0.72751456
AbstractAutoCompleterView : 0.7749498
ProjectUICommands : 0.7296091
RealProject : 0.7524492
ObjectFactory : 0.78849375
CalcStandardStatistics : 0.74419034
DiffDriver : 0.73471993
MainWindowMenuHandler : 0.7572446
MainWindow : 0.731258
Omegat : 0.7882624
Entry : 0.76468825
SourceTextEntry : 0.76938593
SaveThread : 0.74732023
OConsts : 0.0
CommandVarExpansion : 0.8184941
ProjectPropertiesDialog : 0.7293237
MultipleTransPane : 0.74989843
RcFilterTest : 0.7491198
XLIFFFilterTest : 0.7503636
HTMLFilter2Test : 0.75757945
NotLoadedProject : 0.80350816
EntryInfoPane : 0.76644635
TmxComplianceTests : 0.7733145
