HHCFilterVisitor : 0.8580839
HTMLFilter2 : 0.8338084
HHCFilter2 : 0.8193491
FilterEditor : 0.7970472
OneFilterTableModel : 0.826227
ProjectPropertiesDialog : 0.68240607
FiltersTableModel : 0.83065623
ObjectFactory : 0.8146591
FiltersCustomizer : 0.79965883
ProjectProperties : 0.82787055
XLIFFFilterTest : 0.70823354
XMLStreamReader : 0.83253694
Filters : 0.83490574
IEditor : 0.7731045
FilterMaster : 0.8299945
OneFilter : 0.8327555
Preferences : 0.7014481
AbstractFilter : 0.78373516
LookupInformation : LookupInformation is not exist in project code
Core : 0.80922574
PluginUtils : 0.81698054
EditorController : 0.8190177
INIFilterTest : 0.81666064
OpenDocFilter : 0.82870436
HHCFilter2Test : 0.82963777
OpenXMLFilter : 0.8280737
Filter : 0.83540714
TestFilterBase : 0.8244918
RealProjectTest : 0.817573
FileInfo : FileInfo is not exist in project code
XLIFFFilter : 0.83082813
TXMLFilter : 0.82878476
VisioFilter : 0.8264905
XHTMLFilterTest : 0.7006587
XHTMLFilter : 0.8329054
Typo3Filter : 0.8293298
DocBookFilter : 0.8271118
HelpAndManualFilter : 0.82427144
InfixFilter : 0.81994003
CamtasiaWindowsFilter : 0.8253039
FlashFilter : 0.8249879
