TextFilterTest : 0.84982044
TextOptions : 0.8671978
PoFilter : 0.83571994
HHCFilter2Test : 0.85465366
ResourceBundleFilterTest : 0.8438249
DocBookFilterTest : 0.8356727
INIFilterTest : 0.8430081
HTMLFilter2Test : 0.8525833
MagentoFilterTest : 0.82844037
SrtFilterTest : 0.8399731
TestFilterBase : 0.83898944
DokuWikiFilterTest : 0.8383247
FilterEditor : 0.813962
OneFilterTableModel : 0.84723496
ProjectPropertiesDialog : 0.6991602
Convert20to21 : 0.85052186
IAlignCallback : 0.80175143
TextOptionsDialog : 0.82539696
FiltersTableModel : 0.8497243
TmxComplianceBase : 0.85631967
IParseCallback : 0.7851531
ObjectFactory : 0.8392946
FiltersCustomizer : 0.8148827
FilterVisitor : 0.83288413
ProjectProperties : 0.85018325
XLIFFFilterTest : 0.7176962
XHTMLFilterTest : 0.7141749
XMLStreamReader : 0.83779675
Filters : 0.8522078
IEditor : 0.78331274
FilterMaster : 0.8540535
ResXFilterTest : 0.841694
DocumentFilter3 : 0.84016514
Translator : 0.784889
OneFilter : 0.85469455
Preferences : 0.75991154
XMLFilter : 0.7122748
AbstractFilter : 0.8008965
LookupInformation : LookupInformation is not exist in project code
Core : 0.84179634
HTMLFilter2 : 0.8524754
