POFilterTest : 0.83053946
PoOptionsDialog : 0.80747
TmxComplianceTests : 0.8172934
FilterEditor : 0.80405915
OneFilterTableModel : 0.8243034
ProjectPropertiesDialog : 0.6956924
TagValidationTool : 0.8182269
FiltersTableModel : 0.8215623
ObjectFactory : 0.8162418
FiltersCustomizer : 0.80361176
FilterVisitor : 0.8117473
ProjectProperties : 0.82772243
XLIFFFilterTest : 0.7183165
TagValidation : 0.828632
XMLStreamReader : 0.83806264
Filters : 0.8223304
IEditor : 0.75686955
FilterMaster : 0.83238715
OneFilter : 0.81639785
Preferences : 0.7599564
AbstractFilter : 0.78308624
LookupInformation : LookupInformation is not exist in project code
Core : 0.81375736
HTMLFilter2 : 0.82579744
PluginUtils : 0.81666696
EditorController : 0.8164631
INIFilterTest : 0.8178221
OpenDocFilter : 0.82383895
HHCFilter2Test : 0.83499944
OpenXMLFilter : 0.8287125
Filter : 0.82206166
TestFilterBase : 0.821356
RealProjectTest : 0.8288459
FileInfo : FileInfo is not exist in project code
HHCFilter2 : 0.815786
XLIFFFilter : 0.8326282
TXMLFilter : 0.82207704
VisioFilter : 0.81913704
XHTMLFilterTest : 0.71381265
XHTMLFilter : 0.8248913
Typo3Filter : 0.82191974
