FiltersCustomizer : 0.8205021
Filters : 0.8653267
FilterEditor : 0.8214898
MainWindow : 0.8257207
AbstractFilter : 0.7863788
SearchThread : 0.83542854
LookupInformation : LookupInformation is not exist in project code
HHCFilterVisitor : 0.8404407
FilterVisitor : 0.8299945
XMLStreamReader : 0.8359194
CommandThread : CommandThread is not exist in project code
XMLHandler2 : XMLHandler2 is not exist in project code
OneFilter : 0.8427229
Preferences : 0.7472754
HTMLFilter2 : 0.8469774
OpenXMLFilter : 0.8515902
OpenDocFilter : 0.851306
XHTMLFilter : 0.85189456
TextFilter : 0.8540535
HHCFilter2 : 0.8333628
XLIFFFilter : 0.8522551
HelpSetFilter : HelpSetFilter is not exist in project code
DocBookFilter : 0.83739346
Instance : 0.8483058
HTMLWriter : 0.8573044
XMLFilter : 0.70074695
PluginUtils : 0.8554134
OpenDocXMLFilter : 0.84702635
OpenXMLXMLFilter : 0.84702635
DictionaryFileNameFilter : 0.8541521
NBEdgeFilter : NBEdgeFilter is not exist in project code
XMLFilter2 : XMLFilter2 is not exist in project code
TOCFilter : TOCFilter is not exist in project code
HTMLOptions : 0.83757085
PoFilter : 0.83238715
TextOptions : 0.84125054
INIFilter : 0.84132177
XHTMLDialect : 0.70908946
ResourceBundleFilter : 0.84459907
InstanceEditor : 0.8311882
OConsts : 0.0
