FilterEditor : 0.84063953
OneFilterTableModel : 0.8614158
ProjectPropertiesDialog : 0.7116741
FiltersTableModel : 0.884572
ObjectFactory : 0.8861533
FiltersCustomizer : 0.84872603
FilterVisitor : 0.8349057
ProjectProperties : 0.8545598
XLIFFFilterTest : 0.7370186
XMLStreamReader : 0.8298118
IEditor : 0.78918046
FilterMaster : 0.86532664
OneFilter : 0.8765258
Preferences : 0.69270015
AbstractFilter : 0.8035267
LookupInformation : LookupInformation is not exist in project code
Core : 0.8446535
HTMLFilter2 : 0.8577758
PluginUtils : 0.84434164
EditorController : 0.82805115
INIFilterTest : 0.8537427
OpenDocFilter : 0.85846484
HHCFilter2Test : 0.85596293
OpenXMLFilter : 0.84923106
Filter : 0.8857275
TestFilterBase : 0.8480395
RealProjectTest : 0.8339899
FileInfo : FileInfo is not exist in project code
HHCFilter2 : 0.85758543
XLIFFFilter : 0.85500956
TXMLFilter : 0.8720067
VisioFilter : 0.87169516
XHTMLFilterTest : 0.7420175
XHTMLFilter : 0.85914356
Typo3Filter : 0.8645477
DocBookFilter : 0.8618807
HelpAndManualFilter : 0.8650772
InfixFilter : 0.86174923
CamtasiaWindowsFilter : 0.866297
FlashFilter : 0.85806847
IFilter : 0.7969032
