Handler : 0.84062666
MultipleTransFoundEntry : 0.83481854
OutOfTurnTag : 0.8565099
ExternalTMX : 0.8579866
GlossaryComparator : GlossaryComparator is not exist in project code
IEntryEventListener : 0.78580195
DisplayedEntry : DisplayedEntry is not exist in project code
Mark : 0.8412663
SegmentBuilder : 0.8340708
EditorController : 0.8328021
EntryInfoSearchThread : 0.8186772
GlossaryEntry : 0.8513505
EntryInfoThreadPane : 0.8267466
SourceTextEntry : 0.8522882
NotLoadedProject : 0.82104814
ResXFilter : 0.85179454
GlossaryTextArea : 0.82223535
XtagFilter : 0.8440276
NearString : 0.84918255
IEditor : 0.777061
ObjectFactory : 0.8429139
RealProject : 0.833386
ErrorReport : 0.8465224
CalcMatchStatistics : 0.83570564
EntryMarks : 0.84568095
TestAlignCallback : TestAlignCallback is not exist in project code
MultipleTransPane : 0.8350352
PoFilter : 0.8150001
FileInfo : FileInfo is not exist in project code
FindMatchesThread : 0.84601605
XMLFilter : 0.7069799
XLIFFFilter : 0.84352696
Searcher : 0.83888733
WiXFilter : 0.84032017
HasMultipleTranslations : HasMultipleTranslations is not exist in project code
CoreEvents : 0.8155848
DictionariesTextArea : 0.83758706
NotesTextArea : 0.8190781
LoadFilesCallback : LoadFilesCallback is not exist in project code
TestFilterBase : 0.8383937
HTMLFilter2 : 0.84088516
