XLIFFFilter : 0.8548426
XLIFFFilterTest : 0.73478997
Handler : 0.8465898
EditXLIFFOptionsDialog : 0.8163349
XMLFilter : 0.73173
Entry : 0.8522818
XLIFFOptions : 0.83623356
XMLIntactEntry : 0.8351724
OpenDocDialect : 0.81364244
TmxComplianceTests : 0.8195293
WiXFilter : 0.8468321
AndroidFilter : 0.8454242
SvgFilter : 0.84304106
OpenXMLFilter : 0.84547704
OpenDocFilter : 0.8476459
FlashFilter : 0.83956134
XHTMLDialect : 0.7553558
InfixFilter : 0.8359929
TXMLFilter : 0.84647787
VisioFilter : 0.8425764
HelpAndManualFilter : 0.8418175
XHTMLFilter : 0.84910953
Typo3Filter : 0.84751797
CamtasiaWindowsFilter : 0.8408848
FlashDialect : 0.84706056
OpenXMLXMLFilter : 0.8386475
WiXDialect : 0.85471284
OpenDocXMLFilter : 0.8386475
ResXFilter : 0.861216
DocBookFilter : 0.84337246
SvgDialect : 0.8585625
AndroidDialect : 0.8586113
XMLIntactTag : 0.8374513
XMLContentBasedTag : 0.8675588
OutOfTurnTag : 0.8545444
XMLOutOfTurnTag : 0.82055753
TXMLDialect : 0.0
InfixDialect : 0.86601293
ResXDialect : 0.86837405
DefaultXMLDialect : 0.86482036
XMLDialect : 0.7965104
