FilterVisitor : 0.8348168
Xtag : 0.8791967
ShortTag : ShortTag is not exist in project code
TagOrder : TagOrder is not exist in project code
AggregatedTag : 0.86914563
Preferences : 0.8353606
StaticUtils : 0.8244916
TMXReader : 0.83364844
XMLBlock : 0.87144256
DefaultXMLDialect : 0.8679163
Handler : 0.834746
PatternConsts : 0.0
Core : 0.8569945
Entry : 0.8498144
XHTMLOptions : 0.8379069
OpenXMLOptions : 0.83305216
HTMLOptions : 0.83964896
TMXWriterTest : 0.8112716
TagValidationTool : 0.8221421
ProjectProperties : 0.8613515
InlineTagHandler : 0.8555565
TagInfo : TagInfo is not exist in project code
TMXReader2 : 0.82332325
TagValidation : 0.83027697
XMLDialect : 0.78877854
TagRepair : 0.83802634
XLIFFDialect : 0.8589143
HHCFilterVisitor : 0.8516605
ITagValidation : 0.7952154
Project : 0.87326705
Filters : 0.8588796
SRX : 0.85948974
XMLFilter : 0.705676
HListener : HListener is not exist in project code
Translator : 0.7928537
MainWindowMenuHandler : 0.8250923
XtagFilter : 0.8472744
HelpAndManualDialect : 0.85101867
FiltersCustomizer : 0.8185821
HTMLFilter2 : 0.8502693
XHTMLDialect : 0.74149245
IncludeEndingTagsModel : IncludeEndingTagsModel is not exist in project code
TagComparator : TagComparator is not exist in project code
IncludeStartingTagsModel : IncludeStartingTagsModel is not exist in project code
CamtasiaWindowsDialect : 0.0
IncludeIsolatedTagsModel : IncludeIsolatedTagsModel is not exist in project code
InfixDialect : 0.0
OutOfTurnTag : 0.86120266
TMXWriter2 : 0.8169183
FlashDialect : 0.8347937
ErrorReport : 0.82525647
L10nmgrDialect : 0.0
XMLPseudoTag : 0.0
Typo3Dialect : 0.85557276
BaseTranslate : 0.81052095
TagValidationTest : 0.81525886
TagUtil : 0.84199494
Main : 0.8162396
XMLStreamReader : 0.8377424
SRXOptionsModel : 0.8376372
TXMLDialect : 0.0
ResXDialect : 0.8418579
TagAutoCompleterView : 0.8446261
XMLIntactTag : 0.8485247
MainWindowMenu : 0.8176889
TagValidationOptionsDialog : TagValidationOptionsDialog is not exist in project code
EditXOptionsDialog : 0.822213
WiXFilter : 0.8563779
TagValidationFrame : TagValidationFrame is not exist in project code
EditOpenXMLOptionsDialog : 0.81257373
XMLContentBasedTag : 0.8896965
DokuWikiFilter : 0.8339344
XMLOutOfTurnTag : 0.83063823
WorkflowOptionsDialog : 0.8088284
FindMatches : 0.82705384
ExternalTMXMatchesDialog : 0.8183308
XMLTag : 0.8631791
EditOptionsDialog : 0.8202203
InsertTagsPopup : InsertTagsPopup is not exist in project code
OpenXMLDialect : 0.8255962
StaticUtilsTest : 0.7970921
Element : 0.805763
WiXDialect : 0.0
SvgDialect : 0.0
AndroidDialect : 0.85198647
ProtectedPart : 0.87941235
StatCount : 0.8352831
CreateDocIndexUtil : 0.81770265
Google2Translate : 0.69988304
TagRepairTest : 0.8033886
ResXFilter : 0.85172516
AndroidFilter : 0.848489
Statistics : 0.8393325
EditorSettings : 0.84403175
EditorTextArea3 : 0.8277097
TMXWriter : 0.8188457
DocBookDialect : 0.8178824
ITokenizer : 0.7733966
XLIFFOptions : 0.83836186
IEditor : 0.79740226
EditorController : 0.832058
FilterMaster : 0.8328698
OpenDocDialect : 0.7945386
Text : 0.8594919
LuceneJapaneseTokenizer : 0.8354571
Typo3Filter : 0.8561741
HTMLFilter2Test : 0.8191311
XHTMLFilterTest : 0.70257866
StringUtil : 0.8354129
XLIFFFilterTest : 0.7105656
RemoveTagMarker : 0.84250635
SegmentBuilder : 0.84543514
TranslateEntry : 0.82830566
CalcMatchStatistics : 0.8277471
VisioDialect : 0.0
XLIFFFilter : 0.85222113
EditorPopups : 0.828035
DefaultTokenizer : 0.83144766
ParseEntry : 0.81995505
WordIterator : 0.85195893
SourceTextEntry : 0.85900295
DictionariesTextArea : 0.82879925
DocumentFilter3 : 0.8386616
AlignFilesCallback : AlignFilesCallback is not exist in project code
ProjectFileStorage : 0.8150826
MyMemoryMachineTranslate : 0.82500786
AutoCompleter : 0.8327604
CalcStandardStatistics : 0.8151509
ProjectPropertiesDialog : 0.69174975
