StringUtilTest : 0.8267306
StaticUtilsTest : 0.8127849
EntryKey : 0.8412918
StatisticsWindow : 0.79978126
Log : 0.82563066
NotesTextArea : 0.80335337
InlineTagHandler : 0.8333741
TMXEntry : 0.8266226
ConsoleWindow : 0.80746645
KnownException : 0.80861634
ResXFilter : 0.8351022
TMXWriter2 : 0.80864364
EditorController : 0.815558
MatchesTextArea : 0.80811113
OStrings : 0.80912375
MainWindow : 0.8009275
ProjectUICommands : 0.81716
SegmentExportImport : 0.83461297
ProjectProperties : 0.82535136
EditorTextArea3 : 0.8362226
XLIFFDialect : 0.83332515
SearchWindowForm : 0.76183754
PluginUtils : 0.81840587
XMLUtils : 0.8450398
EditorUtils : 0.85832745
Handler : 0.81982505
TMXWriterTest : 0.8199465
TagRepair : 0.8587329
TagValidation : 0.84486175
DefaultXMLDialect : 0.8328295
RealProject : 0.81775445
OmegaTFileChooser : 0.7874982
InsertTagsPopup : InsertTagsPopup is not exist in project code
MainWindowMenuHandler : 0.8044097
Text : 0.8322778
XMLStreamReader : 0.8415201
XMLOutOfTurnTag : 0.81498516
XMLIntactTag : 0.8144138
Statistics : 0.8793674
XMLTag : 0.8706255
MainWindowMenuShortcuts : MainWindowMenuShortcuts is not exist in project code
