Core : 0.8365747
FiltersCustomizer : 0.8205021
TestFilterBase : 0.8538306
Handler : 0.84068364
FilterEditor : 0.8214898
GITRemoteRepository : GITRemoteRepository is not exist in project code
OneFilterTableModel : 0.8511398
FiltersTableModel : 0.85846627
TmxComplianceBase : 0.8757082
OpenXMLOptions : 0.83521414
RealProject : 0.8601657
MainWindowMenuHandler : 0.8264068
XHTMLFilterTest : 0.71252745
HTMLFilter2Test : 0.8712103
ProjectPropertiesDialog : 0.6889417
XLIFFFilterTest : 0.7118733
Convert20to21 : 0.8775745
Searcher : 0.83863354
EditOpenXMLOptionsDialog : 0.800511
ObjectFactory : 0.8364333
FilterVisitor : 0.8299945
ProjectProperties : 0.851615
XMLStreamReader : 0.8359194
AlignFilesCallback : AlignFilesCallback is not exist in project code
Filters : 0.8653267
IEditor : 0.75446963
ProjectUICommands : 0.85099363
OneFilter : 0.8427229
Preferences : 0.7472754
ParseEntry : 0.8486468
HTMLFilter2 : 0.8469774
PluginUtils : 0.8554134
AbstractFilter : 0.7863788
LookupInformation : LookupInformation is not exist in project code
EditorController : 0.83627623
INIFilterTest : 0.8412675
OpenDocFilter : 0.851306
Filter : 0.8666855
OpenXMLFilter : 0.8515902
HHCFilter2Test : 0.86937606
VisioFilter : 0.8339561
