TMXReader2 : 0.8398365
TMXReader : 0.8214383
Entry : 0.85489523
XLIFFDialect : 0.85340077
OutOfTurnTag : 0.8557872
XMLOutOfTurnTag : 0.8224175
XMLIntactTag : 0.83343583
XMLContentBasedTag : 0.8641744
XMLIntactEntry : 0.82485014
MainWindowMenu : 0.80433875
LatexFilter : 0.8173369
Log : 0.8237548
SVNRemoteRepository : SVNRemoteRepository is not exist in project code
FilterVisitor : 0.83538175
Handler : 0.8369687
MainWindowMenuHandler : 0.80790883
Translator : 0.7791376
Tag : 0.85555655
Xtag : 0.86534786
ShortTag : ShortTag is not exist in project code
TagOrder : TagOrder is not exist in project code
AggregatedTag : 0.8686008
OpenDocDialect : 0.78637445
Preferences : 0.7095779
StaticUtils : 0.83052725
XMLBlock : 0.865178
DefaultXMLDialect : 0.85776407
GlossaryReaderTBX : 0.81585133
Core : 0.82439846
PatternConsts : 0.0
TMXWriterTest : 0.82643926
XHTMLOptions : 0.827447
OpenXMLOptions : 0.8190366
TagValidationTool : 0.82174474
ProjectProperties : 0.8334968
HTMLOptions : 0.82342875
TagInfo : TagInfo is not exist in project code
XMLFilter : 0.69892436
MainWindowMenuTest : 0.8514804
TagValidation : 0.846797
XMLDialect : 0.77414405
