MainWindowMenu : 0.8462505
MainWindow : 0.8465855
MainWindowMenuTest : 0.8504982
ConsoleWindow : 0.8432314
Entry : 0.8177947
Core : 0.8294198
TagValidationTool : 0.81625164
EditorController : 0.8434054
MatchesTextArea : 0.8341464
BaseTranslate : 0.8007446
IMainWindow : 0.76887053
ProjectUICommands : 0.8578459
SearchWindowController : 0.8603425
ProjectFrame : ProjectFrame is not exist in project code
ScriptingWindow : 0.85060775
LanguageToolWrapper : 0.82854337
TestCore : 0.84849364
MainWindowUI : 0.846974
MainWindowMenuShortcuts : MainWindowMenuShortcuts is not exist in project code
HListener : HListener is not exist in project code
Handler : 0.8140024
RealProject : 0.83262557
MozillaDTDFilterTest : 0.850515
GlossaryTextArea : 0.85842294
TMXReader2 : 0.8133011
SearchThread : 0.8179747
MultipleTransPane : 0.8623709
XMLIntactEntry : 0.8297848
DockingUI : 0.8159582
Main : 0.83465266
CommandMonitor : 0.8182761
Log : 0.83066106
NotesTextArea : 0.8594963
SaveThread : 0.853574
MyCredentialsProvider : MyCredentialsProvider is not exist in project code
SVNRemoteRepository : SVNRemoteRepository is not exist in project code
XMLOutOfTurnTag : 0.79441106
XMLIntactTag : 0.80541074
XMLContentBasedTag : 0.8319561
OutOfTurnTag : 0.8202313
CommentsTextArea : 0.8397336
