Core : 0.8224037
TagValidationTool : 0.8118472
MainWindowMenuHandler : 0.8465855
EditorController : 0.83637047
MatchesTextArea : 0.8373764
MainWindowMenu : 0.83464074
SearchWindowController : 0.8473801
ProjectFrame : ProjectFrame is not exist in project code
ScriptingWindow : 0.8428765
MainWindowUI : 0.8555177
HListener : HListener is not exist in project code
ConsoleWindow : 0.8395173
ProjectUICommands : 0.8582463
SearchThread : 0.82769305
DockingUI : 0.81950915
RealProject : 0.8294708
CommandMonitor : 0.8259781
MainWindowMenuShortcuts : MainWindowMenuShortcuts is not exist in project code
MainWindowMenuTest : 0.8551397
BaseTranslate : 0.7925842
NotesTextArea : 0.8576867
IMainWindow : 0.7592047
TestCore : 0.845067
LanguageToolWrapper : 0.8249203
SaveThread : 0.85132724
MyCredentialsProvider : MyCredentialsProvider is not exist in project code
CommentsTextArea : 0.8405646
MozillaDTDFilterTest : 0.8498499
EntryInfoPane : 0.8427218
StatisticsWindow : 0.8472231
Handler : 0.8036252
SearchWindowForm : 0.78421247
Preferences : 0.72404486
IEditor : 0.7485712
ConvertConfigs : 0.8473908
TagValidationFrame : TagValidationFrame is not exist in project code
CalcStandardStatistics : 0.76991487
CalcMatchStatistics : 0.81928676
GlossaryTextArea : 0.8590232
DictionariesTextArea : 0.8541904
MachineTranslateTextArea : 0.8510467
