FalseFriendsTest : 0.8426063
LanguageToolTest : 0.72253525
AbstractMarker : 0.8191948
TMXReader2 : 0.82189995
ProjectProperties : 0.8416215
XMLTag : 0.8423707
TMXReader : 0.80524987
MainWindowMenu : 0.82533157
MapRule : 0.8387445
XMLFilter : 0.7009487
SpellcheckerConfigurationDialog : 0.72491384
Translator : 0.7518879
IMainMenu : 0.7272439
DockableScrollPane : 0.8136743
TUV : TUV is not exist in project code
HunspellTokenizer : 0.8385657
Loader : Loader is not exist in project code
FilterContext : 0.84681755
Language : 0.7905675
AbstractFilter : 0.77615005
MicrosoftTranslate : 0.7197671
TagValidationTool : 0.8123874
Mark : 0.8118227
EditorUtils : 0.81552917
TokenStreamWrapper : TokenStreamWrapper is not exist in project code
Mnemonics : Mnemonics is not exist in project code
CommandVarExpansion : 0.7862457
LanguageCodes : 0.7484326
Segmenter : 0.82319474
BaseTranslate : 0.8033066
RealProjectTest : 0.8316954
NotLoadedProject : 0.8144874
AbstractMyMemoryTranslate : 0.72494906
TestFilterBase : 0.8178406
LanguageTest : 0.84443074
LFMarker : LFMarker is not exist in project code
MainWindowMenuHandler : 0.82854337
RealProject : 0.83751214
OConsts : 0.0
DefaultTokenizer : 0.82173604
EditorController : 0.83287245
