StaticUtilsTest : 0.84932274
LanguageTest : 0.8909314
POFilterTest : 0.86976194
TMXDateParserTest : 0.8078537
PatternConstsTest : 0.7958233
TmxComplianceTests : 0.8580273
XLIFFFilterTest : 0.73110217
ProjectProperties : 0.84043574
HTMLFilter2Test : 0.88875836
MagentoFilterTest : 0.85308236
DokuWikiFilterTest : 0.87346554
TextFilterTest : 0.863118
INIFilterTest : 0.8461669
SrtFilterTest : 0.8730922
ResourceBundleFilterTest : 0.8722238
DocBookFilterTest : 0.8605708
AndroidFilterTest : 0.8527558
RealProjectTest : 0.8698663
HHCFilter2Test : 0.8745848
TestFilterBase : 0.8567896
StarDictTest : 0.8681626
RcFilterTest : 0.86542016
XHTMLFilterTest : 0.7286564
LanguageToolTest : 0.71639496
TmxSegmentationTest : 0.8952055
OpenXMLFilterTest : 0.8792108
MozillaDTDFilterTest : 0.8765463
OpenDocFilterTest : 0.8768334
WiXFilterTest : 0.8775961
TMXWriterTest : 0.86106306
GlossaryReaderTSVTest : 0.8458323
Rule : 0.83178896
StaticUtils : 0.8414002
TransTips : 0.8474974
TMXReaderTest : 0.8799543
Core : 0.8349161
TestProjectProperties : TestProjectProperties is not exist in project code
StatisticsTest : 0.8645479
ResXFilterTest : 0.88732433
LatexFilterTest : 0.8496372
SegmenterTest : 0.87845176
