MainWindowMenu : 0.8000778
MainWindowMenuHandler : 0.8162517
Preferences : 0.7225194
Core : 0.8126765
HListener : HListener is not exist in project code
DefaultXMLDialect : 0.83886313
Main : 0.85859865
TagValidationFrame : TagValidationFrame is not exist in project code
WorkflowOptionsDialog : 0.7910788
TagValidationOptionsDialog : TagValidationOptionsDialog is not exist in project code
XMLDialect : 0.73489237
Handler : 0.8308054
ITagValidation : 0.78246295
XLIFFDialect : 0.83261824
AbstractMarker : 0.8103902
XHTMLDialect : 0.72530204
EditorSettings : 0.8185375
TagValidationTest : 0.865912
OpenXMLDialect : 0.83953625
TagValidation : 0.89066947
HelpAndManualDialect : 0.8578258
TMXReader : 0.8116013
RemoveTagMarker : 0.84090275
TagRepairTest : 0.85245
Typo3Dialect : 0.86369604
IMainMenu : 0.7006451
TMXWriter2 : 0.824941
PatternConsts : 0.0
AndroidDialect : 0.8505417
ResXDialect : 0.85865843
DockableScrollPane : 0.78745526
EditorController : 0.8264586
FilterVisitor : 0.8269578
LanguageToolWrapper : 0.81238747
Mark : 0.8046081
Tag : 0.822142
Xtag : 0.8310338
ShortTag : ShortTag is not exist in project code
TagOrder : TagOrder is not exist in project code
StaticUtils : 0.8338825
TMXWriter : 0.8490016
