CalcMatchStatistics : 0.8473641
FindMatchesThread : 0.88164556
MatchesTextArea : 0.8509914
Searcher : 0.8538372
ITokenizer : 0.79083794
TMXWriter : 0.8616755
DictionaryManager : 0.85217494
AbstractMarker : 0.84673154
AbstractMyMemoryTranslate : 0.7328867
LatexFilter : 0.8296069
NotLoadedProject : 0.8181208
IMatcher : 0.77602655
SearchResultEntry : 0.84418523
ProtectedPart : 0.8669986
EntryListPane : 0.81999767
Statistics : 0.86691076
DisplayMatches : DisplayMatches is not exist in project code
OConsts : 0.0
XMLFilter : 0.7011462
SRX : 0.854199
Preferences : 0.7520726
NearString : 0.884076
MatchesVarExpansion : 0.7972056
StaticUtils : 0.8409877
FilterMaster : 0.8555498
Google2Translate : 0.71749926
EditorController : 0.8382037
MainWindowMenu : 0.7937213
FileUtil : 0.7110012
Replacer : Replacer is not exist in project code
XHTMLDialect : 0.718785
HTMLFilter2 : 0.8393378
DefaultTokenizer : 0.87426305
GlossaryTextArea : 0.8297696
MainWindowMenuHandler : 0.8135636
Scores : Scores is not exist in project code
SearchMatch : 0.84555966
PatternConsts : 0.0
MainWindow : 0.81586814
ExternalTMXMatchesDialog : 0.7914035
LanguageToolTest : 0.71167344
