PluginUtils : 0.83492833
XMLUtils : 0.84571433
AutoCompleter : 0.82449013
StringUtilTest : 0.8209045
StaticUtilsTest : 0.8298662
CommentsTextArea : 0.8225779
DictionariesTextArea : 0.84109694
EntryKey : 0.85725385
EditorUtilsTest : 0.82642305
MainWindowMenuHandler : 0.82617164
UIThreadsUtil : 0.8352456
Core : 0.8215024
Autotext : 0.8390315
MachineTranslateTextArea : 0.83430314
StatisticsWindow : 0.8135518
EditorController : 0.8335416
Log : 0.85068953
NotesTextArea : 0.8276492
TMXEntry : 0.8310216
AutoCompleterTableView : 0.8254337
ConsoleWindow : 0.82392466
AutoCompleterListView : 0.834441
ResXFilter : 0.8399058
SearchWindowController : 0.8212807
MultipleTransPane : 0.8409961
KnownException : 0.81410825
TMXWriter2 : 0.8246894
InlineTagHandler : 0.83052725
MatchesTextArea : 0.8304835
TranslationUndoManager : 0.8369376
SegmentExportImport : 0.8668918
ProjectUICommands : 0.850256
SearchWindowForm : 0.79402447
OStrings : 0.8298026
XLIFFDialect : 0.8335615
ConvertConfigs : 0.85670054
DocumentFilter3 : 0.84513146
ProjectProperties : 0.84504217
MarkerController : 0.84747165
EditorTextArea3 : 0.84269005
EditorUtils : 0.8355479
