MatchStatCounts : 0.8761262
FileData : FileData is not exist in project code
OConsts : 0.0
CalcStandardStatistics : 0.801301
CalcMatchStatistics : 0.8372813
OmegaTFileHandler : 0.8349585
BaseTokenizer : 0.8198825
ProjectFrame : ProjectFrame is not exist in project code
TMXReader2 : 0.8177885
TestFilterBase : 0.8305502
FindMatches : 0.83384985
CharTableModel : 0.8471597
SegmentationRulesModel : 0.81890976
FiltersTableModel : 0.8294827
AutoCompleter : 0.79973596
MappingRulesModel : 0.8245542
OneFilterTableModel : 0.8254745
ProtectedPart : 0.8609354
RealProject : 0.8148521
AbstractAutoCompleterView : 0.83182245
AutoCompleterTableView : 0.81830657
MainWindowMenuHandler : 0.8065352
AutotextTableModel : 0.8344195
EditorController : 0.81899375
XLIFFDialect : 0.8310682
AutoCompleterListView : 0.8188529
MarkerController : 0.81964314
DockingUI : 0.7705913
Statistics : 0.8588913
ViewParagraph : 0.8100717
CharTableAutoCompleterOptionsDialog : 0.8026643
SearchWindowController : 0.7973457
StatisticsWindow : 0.7986332
EditorTextArea3 : 0.81444585
TmxComplianceBase : 0.8343383
LevenshteinDistance : 0.8217214
MainWindowMenuTest : 0.8439142
GITRemoteRepository : GITRemoteRepository is not exist in project code
CreateDocIndexUtil : 0.8130908
PatternConstsTest : 0.759527
DokuWikiFilter : 0.8203018
