SourceTextEntry : 0.8716753
ParseEntryQueueItem : ParseEntryQueueItem is not exist in project code
Mark : 0.8541323
XLIFFFilter : 0.86115235
Autotext : 0.84276533
Entry : 0.8607451
Translator : 0.81726384
StaticUtils : 0.8409593
PoFilter : 0.83575004
TextPart : TextPart is not exist in project code
DictionaryManager : 0.85314316
RcFilter : 0.760449
ResXFilter : 0.8766541
ResourceBundleFilter : 0.8516536
IParseCallback : 0.8166077
XMLFilter : 0.72477776
WiXFilter : 0.86698204
DefaultXMLDialect : 0.8807831
XHTMLFilter : 0.85951364
TagValidationFrame : TagValidationFrame is not exist in project code
StaticUtilsTest : 0.79997873
TagUtil : 0.86047083
XMLDialect : 0.8031121
StatCount : 0.8609354
SearchCallback : SearchCallback is not exist in project code
ParseEntry : 0.85688573
SegmentBuilder : 0.85082287
AndroidFilter : 0.86053675
InlineTagHandler : 0.8599965
EditorController : 0.8382956
MainWindowMenuHandler : 0.8315771
LoadFilesCallback : LoadFilesCallback is not exist in project code
TagValidation : 0.8419397
TagRepair : 0.85339165
TagValidationTest : 0.8197456
RealProjectTest : 0.83978134
ProtectedPartsMarker : 0.8480642
MarkInfo : MarkInfo is not exist in project code
TMXReader2 : 0.84000707
XLIFFFilterTest : 0.72932076
TestFilterBase : 0.84217316
