Entry : 0.8406266
TMXReader2 : 0.8474827
XMLIntactEntry : 0.8155446
MainWindowMenu : 0.8015533
Log : 0.8325972
SVNRemoteRepository : SVNRemoteRepository is not exist in project code
XMLOutOfTurnTag : 0.8227375
XMLIntactTag : 0.8330005
XMLContentBasedTag : 0.8371943
OutOfTurnTag : 0.8474889
MainWindowMenuHandler : 0.8140024
Translator : 0.77212286
XLIFFDialect : 0.8465898
GlossaryReaderTBX : 0.82326883
XMLFilter : 0.71998495
MainWindowMenuTest : 0.84231865
OmegaTFileHandler : 0.8358331
MainWindow : 0.80362517
EditorController : 0.8254207
