StatCount : 0.87612617
FileData : FileData is not exist in project code
OConsts : 0.0
CalcMatchStatistics : 0.8412639
MainWindowMenuHandler : 0.7996857
CalcStandardStatistics : 0.80794847
FindMatches : 0.82721984
OmegaTFileHandler : 0.83774364
BaseTokenizer : 0.8222083
XLIFFDialect : 0.8189651
ProjectFrame : ProjectFrame is not exist in project code
TMXReader2 : 0.81122553
PatternConstsTest : 0.76618975
MatchesTextArea : 0.8086927
TestFilterBase : 0.8285623
CharTableModel : 0.84879386
AbstractMyMemoryTranslate : 0.7058023
StatisticsWindow : 0.8003791
SegmentationRulesModel : 0.8240846
FiltersTableModel : 0.8363615
AutoCompleter : 0.8028056
MappingRulesModel : 0.8300192
OneFilterTableModel : 0.82024044
ProtectedPart : 0.8427238
IMatcher : 0.77697283
SearchResultEntry : 0.8269
EntryListPane : 0.80930024
RealProject : 0.8144981
Statistics : 0.85812193
DisplayMatches : DisplayMatches is not exist in project code
AbstractAutoCompleterView : 0.82437444
AutoCompleterTableView : 0.83209413
Preferences : 0.6879823
Searcher : 0.82494134
NearString : 0.8367446
DefaultXMLDialect : 0.8306393
MatchesVarExpansion : 0.7917208
Replacer : Replacer is not exist in project code
XHTMLDialect : 0.71583855
HTMLFilter2 : 0.8178999
AutotextTableModel : 0.84015024
