RealProjectTest : 0.8612454
RealProjectWithTMXAccess : RealProjectWithTMXAccess is not exist in project code
ProjectFactory : 0.8734002
TestFilterBase : 0.8483318
Main : 0.8695201
XMLWriter : 0.84312725
HTMLWriter : 0.847536
TmxComplianceBase : 0.8717677
ScriptingWindow : 0.83295804
FindMatchesThread : 0.8730947
ObjectFactory : 0.82788324
MultipleTransFindThread : 0.87355405
HasMultipleTranslations : HasMultipleTranslations is not exist in project code
Omegat : 0.84900117
OConsts : 0.0
ProjectPropertiesDialog : 0.7045747
Searcher : 0.8407978
CommandVarExpansion : 0.78282243
IProject : 0.7524492
NotLoadedProject : 0.8160314
MainWindowMenuHandler : 0.83262557
EntryInfoPane : 0.82657176
Core : 0.83886963
Preferences : 0.75078017
FiltersCustomizer : 0.8144933
SegmentationCustomizer : 0.81948435
VarExpansion : 0.84094644
ProjectProperties : 0.85290354
FilterContext : 0.8504589
TMXReader : 0.82137626
AlignFilesCallback : AlignFilesCallback is not exist in project code
FindMatches : 0.86088717
DictionariesTextArea : 0.847864
CommentsTextArea : 0.83636206
RuntimePreferences : 0.85104424
TranslateEntry : 0.8511518
CoreEvents : 0.8238457
ISpellChecker : 0.7379227
NotesTextArea : 0.83985484
SegmentBuilder : 0.84007597
MatchesTextArea : 0.84648186
