EditOpenXMLOptionsDialog : 0.81694937
OpenXMLFilter : 0.84050256
OpenDocFilter : 0.8399629
EditOpenDocOptionsDialog : 0.8290701
OpenDocXMLFilter : 0.8385727
OpenXMLXMLFilter : 0.8385727
OpenDocOptions : 0.90221435
Convert20to21 : 0.82177734
OpenXMLFilterTest : 0.8228127
OpenXMLDialect : 0.8267222
OpenDocFilterTest : 0.8199596
FilterMaster : 0.83521414
EntryInfoPane : 0.8361457
SVNRemoteRepository : SVNRemoteRepository is not exist in project code
XMLStreamReader : 0.8181614
MainWindowMenuHandler : 0.8334719
NotesTextArea : 0.8323818
CommentsTextArea : 0.8185641
MatchesTextArea : 0.8181427
ScriptingWindow : 0.82134926
OpenDocDialect : 0.7896959
EditXLIFFOptionsDialog : 0.83189464
Entry : 0.8224654
AutotextAutoCompleterOptionsDialog : 0.82465196
EditXOptionsDialog : 0.82869035
OneFilter : 0.8560298
EditOptionsDialog : 0.8253174
FilterVisitor : 0.8188075
XMLSpreadsheetDialect : 0.8267317
CloseThenOpen : CloseThenOpen is not exist in project code
HTMLOptions : 0.8845011
HTMLWriter : 0.82306916
XHTMLOptions : 0.8900794
InputStream : InputStream is not exist in project code
Filter : 0.8496894
IFilter : 0.7734259
OutputStream : OutputStream is not exist in project code
PoOptionsDialog : 0.83702797
MozillaDTDOptionsDialog : 0.83937365
AbstractOptions : 0.874733
ResourceBundleOptionsDialog : 0.83782345
