ProjectFileStorage : 0.8212034
XMLFilter2 : XMLFilter2 is not exist in project code
XMLReader : 0.85931075
HTMLReader : 0.858071
ResourceBundleFilter : 0.8425029
Preferences : 0.8147049
AbstractFilter : 0.8338187
XMLFilter : 0.7110242
StaticUtils : 0.8368805
NBEdgeFilter : NBEdgeFilter is not exist in project code
XMLWriter : 0.84942424
GlossaryManager : 0.825779
Translator : 0.7695648
SpellChecker : 0.8201492
LinebreakPreservingReader : 0.8446951
TMXReader : 0.83197665
CommandThread : CommandThread is not exist in project code
FilterMaster : 0.8359194
DocBookFilter : 0.84005594
SRX : 0.84648407
OpenDocFilter : 0.8414192
OpenXMLFilter : 0.8379374
MainWindow : 0.8135955
HTMLFilter2 : 0.8407805
XMLHandler2 : XMLHandler2 is not exist in project code
HTMLWriter : 0.8519247
XMLBlock : 0.8550859
Handler : 0.83552647
PatternConsts : 0.0
LFileCopy : LFileCopy is not exist in project code
Log : 0.8335629
SessionPrintStream : SessionPrintStream is not exist in project code
EditOpenXMLOptionsDialog : 0.79744095
XMLUtils : 0.8460331
OpenXMLDialect : 0.8258824
XMLPseudoTag : 0.0
XMLIntactTag : 0.8280247
TMXSaver : TMXSaver is not exist in project code
TMXResegmenter : TMXResegmenter is not exist in project code
WikiGet : 0.79846054
XMLTag : 0.86583483
TOCFilter : TOCFilter is not exist in project code
XMLOutOfTurnTag : 0.817701
OpenDocXMLFilter : 0.8333982
XMLEntityText : 0.8220423
OConsts : 0.0
Text : 0.82711196
XMLText : 0.85567087
XHTMLDialect : 0.7176655
XMLAttribute : 0.0
TextFilter : 0.83779675
INIFilter : 0.8448155
OpenXMLXMLFilter : 0.8333982
OStrings : 0.8099746
PoFilter : 0.83806264
FilterVisitor : 0.83253694
DefaultEntityFilter : 0.8638444
FileScanner : FileScanner is not exist in project code
XMLDialect : 0.7569749
DefaultXMLDialect : 0.83957833
Element : 0.7634275
HelpFrame : HelpFrame is not exist in project code
HHCFilter2 : 0.8312344
OmegaTFileChooser : 0.80574197
SentSeg : SentSeg is not exist in project code
OneFilter : 0.8379649
Entry : 0.83893824
Tag : 0.8377424
OutOfTurnTag : 0.8276311
DocBookDialect : 0.8172538
