XMLUtils : 0.84571433
PluginUtils : 0.83492833
GITRemoteRepository : GITRemoteRepository is not exist in project code
StringUtilTest : 0.8209045
Tag : 0.8244916
Xtag : 0.8412916
StaticUtilsTest : 0.8298662
DictionariesTextArea : 0.84109694
CommentsTextArea : 0.8225779
EntryKey : 0.85725385
EditorUtilsTest : 0.82642305
MainWindowMenuHandler : 0.82617164
UIThreadsUtil : 0.8352456
TagUtil : 0.84188956
Core : 0.8215024
Log : 0.85068953
NotesTextArea : 0.8276492
EditorController : 0.8335416
Autotext : 0.8390315
MachineTranslateTextArea : 0.83430314
TMXEntry : 0.8310216
AutoCompleterTableView : 0.8254337
KnownException : 0.81410825
PropertiesShortcutsTest : 0.8493171
MultipleTransPane : 0.8409961
InlineTagHandler : 0.83052725
MatchesTextArea : 0.8304835
ResXFilter : 0.8399058
AutoCompleterListView : 0.834441
SearchWindowController : 0.8212807
TranslationUndoManager : 0.8369376
TMXWriter2 : 0.8246894
SearchWindowForm : 0.79402447
BaseTokenizer : 0.8389183
SegmentExportImport : 0.8668918
NewTeamProject : 0.6937577
AutoCompleter : 0.82449013
ConvertConfigs : 0.85670054
DockingUI : 0.80822814
ProjectProperties : 0.84504217
ProjectUICommands : 0.850256
