HasMultipleTranslations : HasMultipleTranslations is not exist in project code
MultipleTransFindThread : 0.7669681
FindMatchesThread : 0.7583976
Searcher : 0.7635459
Core : 0.7649187
TestFilterBase : 0.7646438
RealProjectTest : 0.7602605
CustomRenderer : CustomRenderer is not exist in project code
Sorter : Sorter is not exist in project code
RecentProjects : 0.70904565
ScriptsMonitor : 0.7455818
CoreEvents : 0.7403064
DictionariesTextArea : 0.7468776
ProjectFactory : 0.7436437
FiltersCustomizer : 0.7621984
CalcStandardStatistics : 0.74419034
TagValidationTool : 0.74533665
BrowseTaasCollectionsController : 0.7267821
Main : 0.734275
DefaultTokenizer : 0.7526123
ProjectFilesListController : 0.7378966
EditorController : 0.75410944
BaseTokenizer : 0.74205863
ScriptingWindow : 0.7490946
GlossaryManager : 0.7505136
ProjectUICommands : 0.7296091
FalseFriendsTest : 0.7506227
SpellChecker : 0.72751456
AbstractAutoCompleterView : 0.7749498
RealProject : 0.7524492
ObjectFactory : 0.78849375
CloseThenOpen : CloseThenOpen is not exist in project code
ImportFromAutoTMX : 0.76449966
DiffDriver : 0.73471993
MainWindowMenuHandler : 0.7572446
ReplaceFilter : 0.758707
MainWindow : 0.731258
Omegat : 0.7882624
Entry : 0.76468825
SourceTextEntry : 0.76938593
SaveThread : 0.74732023
