DisplayMatches : DisplayMatches is not exist in project code
Preferences : 0.6974871
SearchResultEntry : 0.8936865
Searcher : 0.84620506
FindMatches : 0.84555966
SearchWindowForm : 0.7485609
ReplaceFilter : 0.85689455
EntryListPane : 0.84455866
MatchesTextArea : 0.8164139
MainWindowMenuHandler : 0.8137586
SearchWindowController : 0.8217157
ReplaceMarker : 0.83721775
FindMatchesThread : 0.84363145
StaticUtils : 0.8336717
MainWindow : 0.80596197
AbstractMyMemoryTranslate : 0.7406409
SearchExpression : 0.0
IMatcher : 0.815106
ProtectedPart : 0.8790615
CalcMatchStatistics : 0.83847845
Statistics : 0.85619104
OConsts : 0.0
HistoryManager : 0.8483832
EntryInfoSearchThread : 0.8309128
SearchThread : 0.8110153
FilterBarSearch : 0.80371654
NearString : 0.8443666
SearchCallback : SearchCallback is not exist in project code
SearchFilter : 0.8473595
MatchesVarExpansion : 0.80903846
Replacer : Replacer is not exist in project code
HTMLFilter2 : 0.8475757
XHTMLDialect : 0.73028266
DictionariesTextArea : 0.82462966
EntryInfoThreadPane : 0.838779
MainWindowMenu : 0.8120965
LanguageToolTest : 0.7010504
ExternalTMXMatchesDialog : 0.8143227
BaseMatchStatisticsPanel : 0.87027085
PatternConsts : 0.0
Scores : Scores is not exist in project code
