ImportFromAutoTMX : 0.8788841
AutoTmxTest : 0.86368394
RealProjectTest : 0.8612454
RealProjectWithTMXAccess : RealProjectWithTMXAccess is not exist in project code
ProjectFactory : 0.8734002
Main : 0.8695201
TMXWriterTest : 0.85106564
HTMLWriter : 0.847536
XMLWriter : 0.84312725
TmxComplianceBase : 0.8717677
ScriptingWindow : 0.83295804
FindMatchesThread : 0.8730947
ObjectFactory : 0.82788324
CloseThenOpen : CloseThenOpen is not exist in project code
HasMultipleTranslations : HasMultipleTranslations is not exist in project code
MultipleTransFindThread : 0.87355405
LastSegmentManager : 0.8664234
Omegat : 0.84900117
OConsts : 0.0
IProject : 0.7524492
CommandVarExpansion : 0.78282243
Searcher : 0.8407978
ProjectPropertiesDialog : 0.7045747
NotLoadedProject : 0.8160314
RecentProjects : 0.85214126
EntryInfoPane : 0.82657176
MainWindowMenuHandler : 0.83262557
Core : 0.83886963
Preferences : 0.75078017
ProjectProperties : 0.85290354
SegmentationCustomizer : 0.81948435
VarExpansion : 0.84094644
FilterContext : 0.8504589
TestProject : TestProject is not exist in project code
TMXReader : 0.82137626
AlignFilesCallback : AlignFilesCallback is not exist in project code
DictionariesTextArea : 0.847864
FindMatches : 0.86088717
ParseEntry : 0.84696573
NotesTextArea : 0.83985484
TestFilterBase : 0.8483318
