EditXLIFFOptionsDialog : 0.82901454
XLIFFFilter : 0.83029974
XLIFFFilterTest : 0.71320415
XLIFFDialect : 0.83623356
TmxComplianceTests : 0.80465895
PatternConsts : 0.0
EditXOptionsDialog : 0.8232561
OneFilter : 0.8455788
FilterVisitor : 0.8087725
EditOptionsDialog : 0.82095665
HTMLOptions : 0.8580432
XHTMLOptions : 0.86235124
EditOpenXMLOptionsDialog : 0.8120434
HTMLWriter : 0.80310845
OpenXMLOptions : 0.8587746
EditOpenDocOptionsDialog : 0.8237494
InputStream : InputStream is not exist in project code
Filter : 0.8342881
PoOptionsDialog : 0.83223116
MozillaDTDOptionsDialog : 0.83455503
OutputStream : OutputStream is not exist in project code
AbstractOptions : 0.86089647
ResourceBundleOptionsDialog : 0.83332354
TextOptionsDialog : 0.83059216
AbstractFilter : 0.795527
IFilter : 0.7771021
ObjectFactory : 0.83043003
Preferences : 0.73197144
HHCFilter2 : 0.830147
HTMLFilter2 : 0.8334937
PoFilter : 0.81216204
XHTMLFilter : 0.83256626
TextFilter : 0.8300292
MozillaLangFilter : 0.8147353
XMLDialect : 0.78030443
DefaultXMLDialect : 0.8407575
MainWindowMenu : 0.8138998
FilterMaster : 0.81931144
MozillaDTDFilter : 0.8218084
ResourceBundleFilter : 0.82170504
OpenDocFilter : 0.82775754
