ReplaceFilter : 0.8503597
EntryListPane : 0.8302027
SearchThread : 0.8423572
SearchWindowController : 0.8281661
