TaasCollections : 0.8811597
ObjectFactory : 0.88455117
BrowseTaasCollectionsController : 0.82387775
CollectionsTable : CollectionsTable is not exist in project code
TaasCollectionType : 0.0
BrowseTaasCollectionsUI : 0.8069423
TaaSClient : 0.73733526
Preferences : 0.72288364
TaaSGlossary : 0.8190856
SelectDomainController : 0.8183997
TaasDomains : 0.87282085
TaaSPlugin : 0.8312734
Domains : Domains is not exist in project code
Languages : Languages is not exist in project code
TaasArrayOfTerm : 0.86364967
TaasTerm : 0.88772655
FilterVisitor : 0.82335395
Handler : 0.8307201
HHCFilterVisitor : 0.8345367
SpellCheckerDummy : 0.8209339
HTMLWriter : 0.82361364
XMLWriter : 0.8170471
ProjectTMX : 0.83648497
LevenshteinDistance : 0.80977905
DefaultTokenizer : 0.82450247
Core : 0.84589577
LuceneChineseTokenizer : LuceneChineseTokenizer is not exist in project code
SourceTextEntry : 0.8536785
XMLIntactTag : 0.8314805
DefaultXMLDialect : 0.8703578
TranslateEntry : 0.8425057
RealProject : 0.8255419
SpellChecker : 0.81333417
XtagFilter : 0.8314815
ScriptingWindow : 0.82622313
XMLDialect : 0.7937763
BaseTranslate : 0.82084453
Searcher : 0.8295081
OutOfTurnTag : 0.8521473
ReplaceMarker : 0.82006353
StaticUtils : 0.81992406
