ObjectFactory : 0.8646815
TaaSClient : 0.73409104
TaaSGlossary : 0.84171504
Preferences : 0.7166867
ProtectedPart : 0.9080629
TaaSPlugin : 0.8295663
SelectDomainController : 0.7877018
PoFilter : 0.8254792
MatchStatCounts : 0.8295872
TaasCollections : 0.8547885
TaasDomains : 0.83497095
BrowseTaasCollectionsController : 0.8066732
Domains : Domains is not exist in project code
CollectionsTable : CollectionsTable is not exist in project code
Languages : Languages is not exist in project code
TaasArrayOfTerm : 0.88859254
MachineTranslationInfo : 0.88577384
FilterEditor : 0.82489115
FiltersCustomizer : 0.83238816
MyMemoryMachineTranslate : 0.84411967
TaasCollectionType : 0.0
GoToSegmentDialog : 0.8377602
EntryMarks : 0.8387984
FilenamePatternsEditorController : 0.8352271
TaasCollection : 0.88186306
BrowseTaasCollectionsUI : 0.79795873
SearchExpression : 0.0
EntryListPane : 0.8444542
Handler : 0.83595055
Rule : 0.86596626
ScriptingWindow : 0.8308726
Searcher : 0.84426004
OConsts : 0.0
PatternConsts : 0.0
StringUtil : 0.8435536
EditorController : 0.83558863
FindMatches : 0.85383385
Document3 : 0.84629905
PluginUtils : 0.8297013
DictionaryFileNameFilter : 0.8586516
InlineTagHandler : 0.8625422
