Preferences : 0.72112316
GlossaryManager : 0.83559257
MainWindowMenuHandler : 0.80398697
MainWindowMenu : 0.7911309
OConsts : 0.0
GlossaryReaderTBXTest : 0.82853687
TaaSGlossary : 0.84961855
BrowseTaasCollectionsController : 0.82061446
GlossaryReaderCSV : 0.8442765
ScriptingWindow : 0.8131893
GlossaryReaderTSV : 0.8542249
SearchExpression : 0.0
HTMLReader : 0.8310635
XMLReader : 0.82751757
Core : 0.81256294
CommandVarExpansion : 0.78417987
RealProject : 0.83269876
LinebreakPreservingReader : 0.82188743
GlossaryReaderTSVTest : 0.807381
PluginUtils : 0.82774407
PopupListener : PopupListener is not exist in project code
ProjectProperties : 0.8259498
FindGlossaryThread : 0.82326025
Searcher : 0.81759536
GlossaryTextArea : 0.8157686
XMLStreamReader : 0.82093775
NamespaceFilter : NamespaceFilter is not exist in project code
ObjectFactory : 0.82619715
GlossaryComparator : GlossaryComparator is not exist in project code
Project : 0.81972486
Search : Search is not exist in project code
TMXReader2 : 0.84093976
GlossaryReaderCSVTest : 0.80197066
CreateGlossaryEntry : 0.79820484
GlossaryEntry : 0.8267726
IMainMenu : 0.7102095
ScriptItem : 0.83345443
HTMLFilter2 : 0.82262474
AbstractFilter : 0.77690715
GlossaryAutoCompleterView : 0.82272387
GlossaryTextAreaTest : 0.82718307
