Core : 0.8224037
MainWindowMenuHandler : 0.8465855
TagValidationTool : 0.8118472
EditorController : 0.83637047
MatchesTextArea : 0.8373764
MainWindowMenu : 0.83464074
TestCoreInitializer : 0.8354666
ScriptingWindow : 0.8428765
SearchWindowController : 0.8473801
ProjectFilesListController : 0.8499543
MainWindowUI : 0.8555177
DockingUI : 0.81950915
HListener : HListener is not exist in project code
ConsoleWindow : 0.8395173
ProjectUICommands : 0.8582463
DictionariesTextArea : 0.8541904
SearchThread : 0.82769305
ForceCommitTimer : ForceCommitTimer is not exist in project code
RealProject : 0.8294708
LastSegmentManager : 0.8322612
MyCredentialsProvider : MyCredentialsProvider is not exist in project code
CommandMonitor : 0.8259781
RecentProjects : 0.8370754
MainWindowMenuTest : 0.8551397
BaseTranslate : 0.7925842
BaseStatisticsPanel : 0.85296595
NotesTextArea : 0.8576867
IMainWindow : 0.7592047
StatisticsWindow : 0.8472231
LanguageToolWrapper : 0.8249203
SaveThread : 0.85132724
MozillaDTDFilterTest : 0.8498499
EntryInfoPane : 0.8427218
CommentsTextArea : 0.8405646
TestCore : 0.845067
Handler : 0.8036252
SearchWindowForm : 0.78421247
Preferences : 0.72404486
ScriptsMonitor : 0.82590127
IEditor : 0.7485712
AlphabeticalMarkers : 0.84547776
