MainWindowMenuHandler : 0.8578459
CloseThenOpen : CloseThenOpen is not exist in project code
RecentProjects : 0.8752041
Preferences : 0.738935
MainWindow : 0.8582463
SaveOptionsDialog : 0.8348078
Main : 0.88565487
ProjectProperties : 0.8424178
CommandVarExpansion : 0.7689066
RealProject : 0.865899
MachineTranslateTextArea : 0.8572889
MultipleTransPane : 0.87329274
ProjectFilesListController : 0.8667619
CommandMonitor : 0.8360794
Project : 0.8190832
MainWindowUI : 0.86421794
BrowseTaasCollectionsUI : 0.8593549
SelectDomainUI : 0.858427
ProjectFileStorage : 0.8533468
EditorSettings : 0.8391
ProjectPropertiesDialog : 0.70028585
ScriptingWindow : 0.85027295
EditorController : 0.8519945
SegmentationCustomizer : 0.83710825
IMainWindow : 0.7447713
FontSelectionDialog : 0.82971567
FindMatchesThread : 0.87311023
SearchWindowForm : 0.8098586
ObjectFactory : 0.81620395
ImportFromAutoTMX : 0.86074394
HasMultipleTranslations : HasMultipleTranslations is not exist in project code
MultipleTransFindThread : 0.8694327
SelectDomainController : 0.8784191
BrowseTaasCollectionsController : 0.86151046
Omegat : 0.8443072
ResXFilterTest : 0.8760759
OConsts : 0.0
LatexFilter : 0.8135047
IProject : 0.729609
RealProjectTest : 0.85284567
Searcher : 0.83065313
