StringUtilTest : 0.8267306
Xtag : 0.84933555
Tag : 0.8354129
StaticUtilsTest : 0.8127849
EntryKey : 0.8412918
TagUtil : 0.8485651
InlineTagHandler : 0.8333741
Log : 0.82563066
NotesTextArea : 0.80335337
TMXEntry : 0.8266226
KnownException : 0.80861634
BaseTokenizer : 0.84036964
ResXFilter : 0.8351022
MatchesTextArea : 0.80811113
TMXWriter2 : 0.80864364
EditorController : 0.815558
MainWindowMenuHandler : 0.8044097
NewTeamProject : 0.6837112
ConsoleWindow : 0.80746645
XLIFFFilter : 0.8216713
SegmentExportImport : 0.83461297
ProjectProperties : 0.82535136
EditorTextArea3 : 0.8362226
OStrings : 0.80912375
MainWindow : 0.8009275
SearchWindowForm : 0.76183754
DockingUI : 0.79640216
StatisticsWindow : 0.79978126
EditorUtils : 0.85832745
XMLUtils : 0.8450398
Handler : 0.81982505
PluginUtils : 0.81840587
AboutDialog : 0.7912573
TagRepair : 0.8587329
GoToSegmentDialog : 0.8039364
TagValidation : 0.84486175
DefaultXMLDialect : 0.8328295
TagAutoCompleterView : 0.8479925
RepoTypeDetector : RepoTypeDetector is not exist in project code
XLIFFDialect : 0.83332515
InsertTagsPopup : InsertTagsPopup is not exist in project code
