POFilterTest : 0.83053946
TmxComplianceTests : 0.8172934
PoOptionsDialog : 0.80747
OneFilterTableModel : 0.8243034
FilterEditor : 0.80405915
ProjectPropertiesDialog : 0.6956924
TagValidationTool : 0.8182269
FiltersTableModel : 0.8215623
Sorter : Sorter is not exist in project code
FiltersCustomizer : 0.80361176
ObjectFactory : 0.8162418
FilterVisitor : 0.8117473
XLIFFFilterTest : 0.7183165
ProjectProperties : 0.82772243
TagValidation : 0.828632
XMLStreamReader : 0.83806264
Filters : 0.8223304
FilterMaster : 0.83238715
IEditor : 0.75686955
ScriptsMonitor : 0.80419356
Preferences : 0.7599564
OneFilter : 0.81639785
ProjectFilesListController : 0.81543297
LookupInformation : LookupInformation is not exist in project code
HTMLFilter2 : 0.82579744
EditorController : 0.8164631
PluginUtils : 0.81666696
TaaSPlugin : 0.8201335
AbstractFilter : 0.78308624
Core : 0.81375736
INIFilterTest : 0.8178221
OpenDocFilter : 0.82383895
OpenXMLFilter : 0.8287125
HHCFilter2Test : 0.83499944
Filter : 0.82206166
Typo3Filter : 0.82191974
XHTMLFilterTest : 0.71381265
FilterBarSearch : 0.82507676
FilterBarReplace : 0.8022927
FileInfo : FileInfo is not exist in project code
TXMLFilter : 0.82207704
