ScriptLogger : ScriptLogger is not exist in project code
CalcMatchStatistics : 0.8160726
Tuv : 0.72886986
Prop : 0.76027125
Tu : 0.84064275
Header : 0.8260807
Note : 0.7236552
ResourceBundleFilter : 0.82940626
CalcStandardStatistics : 0.78808
SegmentationRulesModel : 0.80337775
AutotextTableModel : 0.8193844
EditorColor : EditorColor is not exist in project code
ErrorReport : 0.81995225
Language : 0.7969527
HTMLFilter2 : 0.829135
LatexFilter : 0.80385077
DictionariesTextArea : 0.8205758
NotesTextArea : 0.81453377
MicrosoftTranslate : 0.72502476
OConsts : 0.0
MultipleTransPane : 0.81852007
GlossaryTextArea : 0.8082257
MyMemoryMachineTranslate : 0.8337566
MachineTranslateTextArea : 0.82561994
BelazarTranslate : 0.72862077
CommentsTextArea : 0.80631363
MatchesTextArea : 0.8058274
INIFilter : 0.8270649
OneFilterTableModel : 0.8272763
ApertiumTranslate : 0.7227527
MagentoFilter : 0.80877995
MyMemoryHumanTranslate : 0.7380857
Google2Translate : 0.6984308
RcFilter : 0.7320093
TMXReader : 0.81260973
Preferences : 0.73836005
MainWindowUI : 0.8100472
NearStringComparator : NearStringComparator is not exist in project code
GlossaryReaderTBX : 0.8163468
MappingRulesModel : 0.81625915
MozillaDTDFilter : 0.8271407
