MainWindow : 0.84995425
RealProjectWithTMXAccess : RealProjectWithTMXAccess is not exist in project code
MainWindowUI : 0.8503498
EditorController : 0.8484645
CustomRenderer : CustomRenderer is not exist in project code
NotLoadedProject : 0.80421
Sorter : Sorter is not exist in project code
RealProject : 0.8496662
IRemoteRepository : IRemoteRepository is not exist in project code
IProject : 0.7378966
ProjectFilesList : 0.7842879
Filter : 0.8549123
RuntimePreferences : 0.84398794
RealProjectTest : 0.8431856
CopyrightTest : 0.71167904
Searcher : 0.8248262
OConsts : 0.0
Preferences : 0.73374885
SVNRemoteRepository : SVNRemoteRepository is not exist in project code
SegmentExportImport : 0.86622304
GITRemoteRepository : GITRemoteRepository is not exist in project code
SegmentBuilder : 0.82610935
EditorTextArea3 : 0.84968334
Document3 : 0.84629583
Main : 0.8565572
RecentProjects : 0.8541158
SpellChecker : 0.834405
TagValidationTool : 0.83640647
TestFilterBase : 0.83749694
ReplaceFilter : 0.85574347
MainWindowMenuHandler : 0.85355604
FalseFriendsTest : 0.8520305
ProjectFileStorage : 0.8328313
AbstractFilter : 0.76449555
AutoTmxTest : 0.8465931
ScriptsMonitor : 0.8243052
SetSvnProperties : 0.84297657
Handler : 0.8206079
GlossaryManager : 0.85335004
CoreEvents : 0.84217143
StaticUtils : 0.8378018
