MainWindowUI : 0.8268112
MainWindow : 0.8195092
DockableScrollPane : 0.809569
LastChangesDialog : 0.8130817
TeamUserPassDialog : TeamUserPassDialog is not exist in project code
CreateGlossaryEntry : 0.80686355
UserPassDialog : 0.80915797
DockablePanel : 0.80888474
Preferences : 0.7059034
TeamOptionsDialog : 0.8104425
DictionaryInstallerDialog : 0.81420386
CustomColorSelectionDialog : 0.8226935
EditorController : 0.8097892
MozillaDTDOptionsDialog : 0.81257415
ResourceBundleOptionsDialog : 0.81253153
FontSelectionDialog : 0.81099224
Main : 0.82295895
CharTableAutoCompleterOptionsDialog : 0.80948496
InstanceEditor : 0.8113025
GoToSegmentDialog : 0.80783004
SaveOptionsDialog : 0.80511063
IMainWindow : 0.7422094
AboutDialog : 0.8100226
EditorTextArea3 : 0.81355244
GlossaryAutoCompleterOptionsDialog : 0.8127009
TextOptionsDialog : 0.81497896
ViewOptionsDialog : 0.80588853
NewTeamProject : 0.71302193
EditXLIFFOptionsDialog : 0.8070888
AutotextAutoCompleterOptionsDialog : 0.8143505
PoOptionsDialog : 0.8112854
EditOpenDocOptionsDialog : 0.80631375
EditXOptionsDialog : 0.8071152
ExternalTMXMatchesDialog : 0.80532163
StatisticsWindow : 0.8193751
TagProcessingOptionsDialog : 0.8078422
SegmentationCustomizer : 0.8099515
SelectDomainController : 0.8060721
BrowseTaasCollectionsController : 0.8136166
LicenseDialog : 0.8125237
WorkflowOptionsDialog : 0.8017262
