CalcStandardStatistics : 0.8006252
CalcMatchStatistics : 0.8353469
BaseStatisticsPanel : 0.8637239
BaseMatchStatisticsPanel : 0.8700435
MatchStatisticsPanel : 0.8918856
StatisticsWindow : 0.83058345
PerFileMatchStatisticsPanel : 0.8382467
NotLoadedProject : 0.82263315
IProject : 0.7615
RealProject : 0.82792187
MainWindowMenuHandler : 0.8416458
EditOptionsDialog : 0.8114805
SearchWindowForm : 0.7679527
ProjectFilesListController : 0.8519446
DictionaryInstallerDialog : 0.82137585
NewTeamProject : 0.7208803
SegmentationCustomizer : 0.82237166
FontSelectionDialog : 0.81563485
CustomColorSelectionDialog : 0.8171312
SelectDomainUI : 0.8141983
MozillaDTDOptionsDialog : 0.8228807
UserPassDialog : 0.8172077
GlossaryAutoCompleterOptionsDialog : 0.8156149
FilenamePatternsEditor : 0.80860174
EditOpenXMLOptionsDialog : 0.8028826
LogDialog : 0.82618594
TextOptionsDialog : 0.8260584
ExternalTMXMatchesDialog : 0.8175327
EditXOptionsDialog : 0.8140416
ResourceBundleOptionsDialog : 0.821228
FiltersCustomizer : 0.8179314
EditOpenDocOptionsDialog : 0.81380993
WorkflowOptionsDialog : 0.8044058
LastChangesDialog : 0.8217222
GoToSegmentDialog : 0.8228441
TeamOptionsDialog : 0.81874293
EditXLIFFOptionsDialog : 0.8142191
CreateGlossaryEntry : 0.8227661
CharTableAutoCompleterOptionsDialog : 0.82152826
InstanceEditor : 0.8225988
SaveOptionsDialog : 0.8153334
