PropertiesShortcutsTest : 0.86350775
XMLContentBasedTag : 0.83628005
XMLBlock : 0.8271088
Tag : 0.8292261
Xtag : 0.82913184
Text : 0.81617546
FilterVisitor : 0.8116694
OConsts : 0.0
Entry : 0.8230341
Handler : 0.82031566
DefaultXMLDialect : 0.8326255
InlineTagHandler : 0.8183384
XMLDialect : 0.7335641
XLIFFOptions : 0.79774195
AggregatedTag : 0.8300636
Element : 0.75118023
ScriptItem : 0.83197176
XLIFFDialect : 0.82050955
XMLIntactEntry : 0.8240418
TMXReader : 0.7966301
CreateDocIndexUtil : 0.8521065
IProject : 0.73683184
InfixDialect : 0.825398
SourceTextEntry : 0.8301813
NotLoadedProject : 0.80251527
ProjectPropertiesDialog : 0.6808343
FilterContext : 0.83071876
AlignFilesCallback : AlignFilesCallback is not exist in project code
XMLIntactTag : 0.80698144
OutOfTurnTag : 0.83142704
XMLTag : 0.8481131
XMLOutOfTurnTag : 0.8202618
RealProject : 0.8397932
AlphabeticalMarkers : 0.83562
TranslateEntry : 0.82739335
ProjectProperties : 0.83492357
ParseEntry : 0.83260524
TaasCollection : 0.81808525
Credentials : Credentials is not exist in project code
AbstractFilter : 0.7703904
Filter : 0.847478
