MainWindowUI : 0.8268112
MainWindow : 0.8195092
FileCollisionDialog : 0.8124949
LastChangesDialog : 0.8130817
CreateGlossaryEntry : 0.80686355
UserPassDialog : 0.80915797
TeamUserPassDialog : TeamUserPassDialog is not exist in project code
DockablePanel : 0.80888474
DockableScrollPane : 0.809569
Preferences : 0.7059034
CustomColorSelectionDialog : 0.8226935
TeamOptionsDialog : 0.8104425
EditorController : 0.8097892
FontSelectionDialog : 0.81099224
DictionaryInstallerDialog : 0.81420386
MozillaDTDOptionsDialog : 0.81257415
Main : 0.82295895
AboutDialog : 0.8100226
LogDialog : 0.8172929
CharTableAutoCompleterOptionsDialog : 0.80948496
InstanceEditor : 0.8113025
NewTeamProject : 0.71302193
ResourceBundleOptionsDialog : 0.81253153
SaveOptionsDialog : 0.80511063
IMainWindow : 0.7422094
EditorTextArea3 : 0.81355244
TagProcessingOptionsDialog : 0.8078422
EditOpenDocOptionsDialog : 0.80631375
TextOptionsDialog : 0.81497896
ExternalTMXMatchesDialog : 0.80532163
EditXOptionsDialog : 0.8071152
PoOptionsDialog : 0.8112854
ViewOptionsDialog : 0.80588853
GoToSegmentDialog : 0.80783004
StatisticsWindow : 0.8193751
AutotextAutoCompleterOptionsDialog : 0.8143505
GlossaryAutoCompleterOptionsDialog : 0.8127009
EditXLIFFOptionsDialog : 0.8070888
SelectDomainController : 0.8060721
BrowseTaasCollectionsController : 0.8136166
EditOptionsDialog : 0.8041131
