PluginUtils : 0.83492833
XMLUtils : 0.84571433
StringUtilTest : 0.8209045
Xtag : 0.8412916
Tag : 0.8244916
FileUtilTest : 0.840614
CommentsTextArea : 0.8225779
DictionariesTextArea : 0.84109694
StringUtil : 0.84010345
EditorUtilsTest : 0.82642305
EntryKey : 0.85725385
UIThreadsUtil : 0.8352456
MainWindowMenuHandler : 0.82617164
EditorController : 0.8335416
Core : 0.8215024
StringEntry : 0.8317293
Autotext : 0.8390315
MachineTranslateTextArea : 0.83430314
Log : 0.85068953
TMXEntry : 0.8310216
OSXIntegration : 0.84270096
AutoCompleterTableView : 0.8254337
AutoCompleter : 0.82449013
AboutDialog : 0.8046473
NotesTextAreaTest : 0.789776
ResXFilter : 0.8399058
KnownException : 0.81410825
NotesTextArea : 0.8276492
TMXWriter2 : 0.8246894
StaticUtilsTest : 0.8298662
OpenProjectFileChooser : 0.85006833
InlineTagHandler : 0.83052725
FileCollisionDialog : 0.80947644
MultipleTransPane : 0.8409961
MatchesTextArea : 0.8304835
SearchWindowController : 0.8212807
GlossaryEntry : 0.8354997
PropertiesShortcutsTest : 0.8493171
TranslationUndoManager : 0.8369376
AutoCompleterListView : 0.834441
BaseTokenizer : 0.8389183
