FileDropListener : FileDropListener is not exist in project code
EditorController : 0.83224183
MatchesTextArea : 0.84673506
GlossaryTextArea : 0.869583
IDropInfo : IDropInfo is not exist in project code
ProjectFilesListController : 0.86333644
Typo3Dialect : 0.82040334
CollectionsTable : CollectionsTable is not exist in project code
AutotextPair : AutotextPair is not exist in project code
ProcessingInstruction : 0.81490326
Preferences : 0.70398724
ResourceBundleFilter : 0.78783256
CommandVarExpansion : 0.73141795
ProjectProperties : 0.8114361
SearchResultEntry : 0.83148265
OConsts : 0.0
VarExpansion : 0.80297637
XMLFilter : 0.69918793
InstanceEditor : 0.83011717
HTMLFilter2 : 0.79666674
Instance : 0.79315853
AbstractFilter : 0.73027873
FilterContext : 0.80476415
XMLTag : 0.8359224
Loader : Loader is not exist in project code
SearchExpression : 0.0
TMXReader : 0.7744647
Hi : 0.7647775
Xref : 0.80396557
Ref : 0.75035256
AdminNote : 0.7486459
TermNote : 0.7158934
Transac : 0.7495968
Descrip : 0.7179139
ITokenizer : 0.6702596
Admin : 0.7145384
TransacNote : 0.74649984
DescripNote : 0.7459753
ISimilarityCalculator : 0.70534706
OneFilter : 0.79522115
CreateGlossaryEntry : 0.8318456
