EditorController : 0.76236314
IEditor : 0.82933444
AbstractAutoCompleterView : 0.7988442
EditorTextArea3 : 0.74679095
AutoCompleter : 0.7854971
MainWindowMenu : 0.75357145
AutoCompleterListView : 0.7802579
MainWindowMenuHandler : 0.7533193
DialogsTest : 0.73097444
Preferences : 0.6659405
AutotextAutoCompleterView : 0.7657765
TagAutoCompleterView : 0.78528357
GlossaryAutoCompleterView : 0.7552813
AutoCompleterTableView : 0.7643291
Core : 0.7666028
TestCoreInitializer : 0.7791
GlossaryComparator : GlossaryComparator is not exist in project code
CellRenderer : CellRenderer is not exist in project code
AutoCompleterItem : 0.7784916
AutotextComparator : AutotextComparator is not exist in project code
GlossaryTextAreaTest : 0.7231338
AutotextAutoCompleterOptionsDialog : 0.78139
CharTableAutoCompleterOptionsDialog : 0.77468884
TMXReader : 0.7462003
TableColumnSizer : 0.75472677
SRX : 0.7689842
CommandVarExpansion : 0.7873741
ProjectTMX : 0.73815423
CharTableAutoCompleterView : 0.79270893
ProjectFactory : 0.74887323
GlossaryAutoCompleterOptionsDialog : 0.7758682
EditorSettings : 0.770928
EntryListPane : 0.76562023
OneFilterTableModel : 0.7432916
PoFilter : 0.7314518
OConsts : 0.0
FilterVisitor : 0.7555341
Document3 : 0.7582329
RealProject : 0.7487171
Instance : 0.76475537
SaveThread : 0.7605009
