AbstractAutoCompleterView : 0.85128576
EditorController : 0.8449986
IEditor : 0.7576475
EditorTextArea3 : 0.85005057
MainWindowMenu : 0.83371407
IAutoCompleter : 0.7854971
AutoCompleterListView : 0.8667118
MainWindowMenuHandler : 0.8405031
DialogsTest : 0.822231
Preferences : 0.73771614
AutotextAutoCompleterView : 0.8363756
GlossaryAutoCompleterView : 0.8246703
TagAutoCompleterView : 0.83241856
AutoCompleterTableView : 0.8482696
CellRenderer : CellRenderer is not exist in project code
AutoCompleterItem : 0.8476944
AutotextComparator : AutotextComparator is not exist in project code
AutotextAutoCompleterOptionsDialog : 0.8432411
CharTableAutoCompleterOptionsDialog : 0.8385002
TMXReader : 0.79622763
CommandVarExpansion : 0.7669852
Core : 0.8220358
ProjectTMX : 0.82043624
CharTableAutoCompleterView : 0.85472
GlossaryComparator : GlossaryComparator is not exist in project code
GlossaryAutoCompleterOptionsDialog : 0.8379189
TestCoreInitializer : 0.8306664
EditorSettings : 0.841329
EntryListPane : 0.84760946
OneFilterTableModel : 0.80783445
OConsts : 0.0
PoFilter : 0.79459816
FilterVisitor : 0.80739164
RealProject : 0.8267697
GlossaryTextAreaTest : 0.84609663
Instance : 0.80097413
SaveThread : 0.84531915
AbstractFilter : 0.7596283
WorkflowOptionsDialog : 0.8304222
SearchWindowForm : 0.80182505
PoOptionsDialog : 0.8414414
