IAutoCompleter : 0.7988442
AutoCompleter : 0.85128576
AutotextAutoCompleterView : 0.85376954
GlossaryAutoCompleterView : 0.83736247
TagAutoCompleterView : 0.84960514
AutoCompleterListView : 0.86408675
AutoCompleterTableView : 0.8620446
EditorController : 0.8468212
IEditor : 0.79307365
EditorTextArea3 : 0.8436021
CellRenderer : CellRenderer is not exist in project code
MainWindowMenu : 0.8187104
MainWindowMenuHandler : 0.8471552
DialogsTest : 0.8249559
Preferences : 0.7276692
CharTableAutoCompleterView : 0.862697
AutoCompleterItem : 0.86247694
AutotextComparator : AutotextComparator is not exist in project code
GlossaryTextAreaTest : 0.8333728
AutotextAutoCompleterOptionsDialog : 0.8151314
CharTableAutoCompleterOptionsDialog : 0.8159111
TMXReader : 0.80802
Sorter : Sorter is not exist in project code
CommandVarExpansion : 0.80083406
Core : 0.8462416
EditorSettings : 0.8435837
ProjectTMX : 0.83548194
DockingUI : 0.8120007
GlossaryComparator : GlossaryComparator is not exist in project code
GlossaryAutoCompleterOptionsDialog : 0.8164949
ViewLabel : 0.84784883
ViewParagraph : 0.8339152
TestCoreInitializer : 0.85320216
EntryListPane : 0.828598
OneFilterTableModel : 0.84301716
OConsts : 0.0
PoFilter : 0.81415445
FilterVisitor : 0.82544047
RealProject : 0.8361239
Instance : 0.8374022
SaveThread : 0.8508732
