SessionPrintStream : SessionPrintStream is not exist in project code
SegmentationRulesModel : 0.80337775
NearString : 0.841134
TextFilter : 0.83303505
OConsts : 0.0
PoFilter : 0.81815886
HHCFilter2 : 0.82670826
HTMLFilter2 : 0.829135
INIFilter : 0.8270649
ResourceBundleFilter : 0.82940626
HelpFrame : HelpFrame is not exist in project code
TMXReader : 0.81260973
OneFilter : 0.83148265
MappingRulesModel : 0.81625915
ProjectPropertiesDialog : 0.70011014
Filters : 0.82908726
SearchWindow : SearchWindow is not exist in project code
EditorTextArea : EditorTextArea is not exist in project code
XMLStreamReader : 0.80997473
XLIFFFilter : 0.82868147
OpenDocFilter : 0.8294966
AbstractFilter : 0.79237074
XHTMLFilter : 0.826913
OpenXMLFilter : 0.8259902
AboutDialog : 0.80059695
ExtendedLabelView : ExtendedLabelView is not exist in project code
MainWindow : 0.8086751
NewProjectFileChooser : 0.81074286
CommandThread : CommandThread is not exist in project code
DocBookFilter : 0.83310485
OmegaTFileChooser : 0.8096989
SearchThread : 0.78665674
InstanceEditor : 0.81652933
DictionaryInstallerDialog : 0.79771644
LanguageCodes : 0.753112
StaticUtils : 0.8298026
EntryListPane : 0.8027261
XMLBlock : 0.8290576
DictionaryManager : 0.84378463
Log : 0.84554034
StringEntry : 0.8558504
