TMXReader : 0.8131596
TMXDateParserTest : 0.81195307
TMXWriter2 : 0.83789265
TMXWriter : 0.8317769
MergeTest : 0.86001873
PrepareTMXEntry : 0.8411358
XMLFilter : 0.7123741
TMXEntry : 0.8337985
ModificationInfoVarExpansion : ModificationInfoVarExpansion is not exist in project code
ModificationInfoManager : 0.8229148
ObjectFactory : 0.86384106
SegmentBuilder : 0.81217146
GlossaryReaderTBX : 0.8301811
Preferences : 0.70119876
TMXReader2 : 0.8302501
NearString : 0.8389724
Translator : 0.78580624
OConsts : 0.0
RealProject : 0.8284086
MatchesVarExpansion : 0.81052697
SearchWindowController : 0.8241515
TUV : TUV is not exist in project code
SearchExpression : 0.0
RealProjectTest : 0.8321014
FindMatches : 0.8229092
ExternalTMX : 0.8585828
FilterVisitor : 0.8162462
Searcher : 0.82709503
FilterMaster : 0.8393042
Handler : 0.8205773
Loader : Loader is not exist in project code
MultipleTransFoundEntry : 0.81804174
ProjectTMX : 0.8345892
HHCFilter2 : 0.8380301
RealProjectWithTMXAccess : RealProjectWithTMXAccess is not exist in project code
OmegaTLogFormatter : 0.86898845
TransacGrp : 0.8570117
SearchWindowForm : 0.73857707
AlignFilesCallback : AlignFilesCallback is not exist in project code
ParsedTu : ParsedTu is not exist in project code
Xtag : 0.8500557
