AbstractFilter : 0.7885222
XMLFilter : 0.7022161
ResXFilter : 0.84882146
WiXFilter : 0.8334702
TextFilterTest : 0.84281427
LoadCallback : LoadCallback is not exist in project code
ILIASFilter : 0.83419925
MagentoFilter : 0.8182625
XLIFFFilter : 0.84249175
HTMLFilter2Test : 0.8489732
OpenDocFilterTest : 0.84304065
OpenXMLFilterTest : 0.84600663
ResourceBundleFilter : 0.83330154
MozillaLangFilter : 0.83007044
AndroidFilter : 0.8394208
SrtFilter : 0.8208488
MagentoFilterTest : 0.8267216
TestFilterBase : 0.8517646
PoFilter : 0.825812
POFilterTest : 0.83376527
ILIASFilterTest : 0.8215933
FilterVisitor : 0.8319958
TMXReader : 0.81887525
OpenXMLFilter : 0.84101444
DokuWikiFilterTest : 0.83147395
AndroidFilterTest : 0.81375855
TMXReaderTest : 0.8396257
HListener : HListener is not exist in project code
MozillaDTDFilter : 0.8325894
AlignFilesCallback : AlignFilesCallback is not exist in project code
TmxComplianceBase : 0.8660566
IFilter : 0.76005656
OpenDocFilter : 0.8401783
LastSegmentManager : 0.8458557
ExternalTMX : 0.8662448
ParsedTu : ParsedTu is not exist in project code
TMXReader2 : 0.8408867
TMXWriterTest : 0.8363974
MatchesTextArea : 0.82940876
Handler : 0.8337893
Main : 0.8405702
