ILIASFilterTest : 0.86227006
MagentoFilterTest : 0.8726351
DokuWikiFilterTest : 0.88319755
HTMLFilter2Test : 0.89642906
INIFilterTest : 0.8920811
SrtFilterTest : 0.8957219
ResourceBundleFilterTest : 0.885736
POFilterTest : 0.8712314
DocBookFilterTest : 0.8891656
HHCFilter2Test : 0.89409024
XLIFFFilterTest : 0.7618186
XHTMLFilterTest : 0.7530826
ResXFilterTest : 0.8929431
TmxComplianceBase : 0.87534237
AndroidFilterTest : 0.8734455
TmxComplianceTests : 0.86617434
XMLSpreadsheetTest : 0.88354576
TestFilterBase : 0.8636804
ProjectFilesListController : 0.8322039
TextFilter : 0.8498205
RcFilterTest : 0.87479043
TextOptions : 0.84458435
TableFilterPanel : 0.83477473
OpenDocFilterTest : 0.8969214
OpenXMLFilterTest : 0.90067357
TokenizerTest : 0.8421588
MozillaLangFilter : 0.8370421
PoFilter : 0.8246443
PropertiesShortcutsTest : 0.8569059
OneFilterTableModel : 0.82950354
FilterEditor : 0.8127424
WiXFilterTest : 0.890276
MozillaDTDFilterTest : 0.8888949
ProjectPropertiesDialog : 0.71207464
GlossaryTextAreaTest : 0.84953815
Convert20to21 : 0.84934556
LatexFilterTest : 0.86210537
IAlignCallback : 0.8098173
BaseTokenizer : 0.8419554
LanguageTest : 0.8760651
ReplaceMarker : 0.8585092
