SegmentBuilder : 0.84776616
FileInfo : FileInfo is not exist in project code
NotesTextArea : 0.8224532
EntryMarks : 0.8583115
HasMultipleTranslations : HasMultipleTranslations is not exist in project code
ErrorReport : 0.8552632
MultipleTransFoundEntry : 0.8522215
ReplaceFilter : 0.85788405
IEntryEventListener : 0.787567
IEditorFilter : 0.7854529
ComesFromTMMarker : ComesFromTMMarker is not exist in project code
GlossaryTextArea : 0.8235882
EntryInfoThreadPane : 0.83224094
NotLoadedProject : 0.8358109
RealProject : 0.8404466
AutoTmxTest : 0.85130733
SearchResultEntry : 0.8820466
SearchFilter : 0.8444651
IEditor : 0.7791037
ICommentProvider : 0.7920855
EntryInfoSearchThread : 0.829585
FindMatchesThread : 0.8540715
ImportFromAutoTMX : 0.86128515
MultipleTransFindThread : 0.8618618
DictionaryEntriesSearchThread : DictionaryEntriesSearchThread is not exist in project code
DictionariesTextArea : 0.8337653
FindGlossaryThread : 0.840375
IProject : 0.7693859
RealProjectTest : 0.8425891
MachineTranslateTextArea : 0.84080607
ITagValidation : 0.7810817
Handler : 0.8328966
TagValidationTest : 0.8247822
EditorUtils : 0.83357793
TagUtil : 0.8466728
IParseCallback : 0.7949578
MatchesTextArea : 0.82594585
EditorController : 0.8403456
ITranslateCallback : 0.78466064
ScriptingWindow : 0.8245761
TagValidationTool : 0.83275616
