MainWindowMenu : 0.8462505
MainWindow : 0.8465855
PerProjectLayoutHandler : PerProjectLayoutHandler is not exist in project code
MainWindowUI : 0.846974
MainWindowMenuTest : 0.8504982
ConsoleWindow : 0.8432314
OSXIntegration : 0.8379413
Entry : 0.8177947
Core : 0.8294198
TagValidationTool : 0.81625164
EditorController : 0.8434054
MatchesTextArea : 0.8341464
FileDropInfo : FileDropInfo is not exist in project code
RecentProjects : 0.8352643
TestCoreInitializer : 0.85180736
BaseTranslate : 0.8007446
IMainWindow : 0.76887053
ProjectUICommands : 0.8578459
LanguageToolWrapper : 0.82854337
ScriptingWindow : 0.85060775
SearchWindowController : 0.8603425
ProjectFilesListController : 0.85355604
TestCore : 0.84849364
DockingUI : 0.8159582
HListener : HListener is not exist in project code
Handler : 0.8140024
MozillaDTDFilterTest : 0.850515
RealProject : 0.83262557
TaaSPlugin : 0.82400256
EditorTextArea3 : 0.8370789
DictionariesTextArea : 0.85231805
TMXReader2 : 0.8133011
EntryListPane : 0.8428688
SearchThread : 0.8179747
MultipleTransPane : 0.8623709
XMLIntactEntry : 0.8297848
GlossaryTextArea : 0.85842294
BundleTest : 0.8065088
ForceCommitTimer : ForceCommitTimer is not exist in project code
LastSegmentManager : 0.8427718
MyCredentialsProvider : MyCredentialsProvider is not exist in project code
