ResourceBundleFilterTest : 0.8397629
OStrings : 0.82940626
ScriptItem : 0.8364155
BundleTest : 0.8229647
Mnemonics : Mnemonics is not exist in project code
ResourceBundleOptionsDialog : 0.808044
LanguageCodes : 0.7394342
IMainWindow : 0.76295364
Log : 0.8376063
TmxComplianceTests : 0.82636225
StylesTest : 0.82910806
SpellChecker : 0.8242089
OmegaTIcons : OmegaTIcons is not exist in project code
MainWindowMenu : 0.79922134
OmegaTLogFormatter : 0.8354458
ScriptingWindow : 0.819162
Main : 0.8397254
EditOpenDocOptionsDialog : 0.7992847
AndroidFilter : 0.838891
FilterMaster : 0.8445991
SegmentBuilder : 0.82413805
OneFilterTableModel : 0.84794307
FilterEditor : 0.805566
ProjectPropertiesDialog : 0.69131243
XHTMLDialect : 0.7181871
ResXFilterTest : 0.8238053
ResourcesUtil : 0.83334106
MainWindow : 0.8019049
SearchWindowController : 0.81777376
AndroidDialect : 0.83368236
RealProject : 0.8314469
FiltersTableModel : 0.84076154
VarExpansion : 0.8375757
Sorter : Sorter is not exist in project code
ObjectFactory : 0.8208628
FiltersCustomizer : 0.8042187
ProjectProperties : 0.83800244
FilterVisitor : 0.82699555
XLIFFFilterTest : 0.71267146
ExternalTMXMatchesDialog : 0.7980597
XMLStreamReader : 0.8425029
