MachineTranslateTextArea : 0.7958683
FindThread : FindThread is not exist in project code
Core : 0.7785804
Preferences : 0.6769082
PluginUtils : 0.77205867
MainWindowMenu : 0.7654646
IMainMenu : 0.8471088
MyMemoryMachineTranslate : 0.8083895
BelazarTranslate : 0.7845252
MachineTranslationInfo : 0.8146241
MainWindowMenuHandler : 0.7682233
BaseTranslate : 0.8477683
AbstractFilter : 0.8096554
TaaSClient : 0.77402353
Entry : 0.7811593
ResourceBundleFilter : 0.7869472
ConvertTo213 : 0.7330984
TestCore : 0.7433627
TranslateEntry : 0.788703
TmxComplianceTests : 0.790777
EditorController : 0.7637234
LanguageToolWrapper : 0.7708723
TestFilterBase : 0.76870877
IAlignCallback : 0.9049344
Handler : 0.77216935
XHTMLDialect : 0.783944
AndroidDialect : 0.77457386
IParseCallback : 0.8556013
SourceTextEntry : 0.78681517
TestAlignCallback : TestAlignCallback is not exist in project code
IFilter : 0.869312
RealProject : 0.75661415
Typo3Dialect : 0.7849948
HelpAndManualDialect : 0.7833244
FilterVisitor : 0.7789357
Text : 0.8315691
OpenXMLDialect : 0.7840636
ParseEntry : 0.76672137
RealProjectTest : 0.7716145
XMLSpreadsheetDialect : 0.76936996
PoFilter : 0.77474165
