ScriptLogger : ScriptLogger is not exist in project code
AboutDialog : 0.80059695
CalcMatchStatistics : 0.8160726
Unauthorized : Unauthorized is not exist in project code
Header : 0.8260807
Tuv : 0.72886986
Tu : 0.84064275
Note : 0.7236552
Prop : 0.76027125
ResourceBundleFilter : 0.82940626
CalcStandardStatistics : 0.78808
SegmentationRulesModel : 0.80337775
AutotextTableModel : 0.8193844
INIFilter : 0.8270649
ErrorReport : 0.81995225
OneFilterTableModel : 0.8272763
RcFilter : 0.7320093
ApertiumTranslate : 0.7227527
MultipleTransPane : 0.81852007
MatchesTextArea : 0.8058274
MagentoFilter : 0.80877995
HTMLFilter2 : 0.829135
LatexFilter : 0.80385077
OConsts : 0.0
GlossaryTextArea : 0.8082257
BelazarTranslate : 0.72862077
MicrosoftTranslate : 0.72502476
CommentsTextArea : 0.80631363
Google2Translate : 0.6984308
MyMemoryHumanTranslate : 0.7380857
MyMemoryMachineTranslate : 0.8337566
MachineTranslateTextArea : 0.82561994
DictionariesTextArea : 0.8205758
NotesTextArea : 0.81453377
Language : 0.7969527
TMXReader : 0.81260973
MainWindowUI : 0.8100472
AutotextAutoCompleterView : 0.83494776
GlossaryAutoCompleterView : 0.8258599
TagAutoCompleterView : 0.83304805
NearStringComparator : NearStringComparator is not exist in project code
