PropertiesShortcutsTest : 0.86350775
EntryListPane : 0.8277205
XMLContentBasedTag : 0.83628005
XMLBlock : 0.8271088
Tag : 0.8292261
Xtag : 0.82913184
BundleTest : 0.84164524
FilterVisitor : 0.8116694
Text : 0.81617546
OConsts : 0.0
InlineTagHandler : 0.8183384
DefaultXMLDialect : 0.8326255
Handler : 0.82031566
XLIFFOptions : 0.79774195
XMLDialect : 0.7335641
AggregatedTag : 0.8300636
Element : 0.75118023
MainWindowMenuHandler : 0.8342263
ScriptItem : 0.83197176
XLIFFDialect : 0.82050955
XMLIntactEntry : 0.8240418
AutoCompleter : 0.8288453
Entry : 0.8230341
TMXReader : 0.7966301
CreateDocIndexUtil : 0.8521065
IProject : 0.73683184
SourceTextEntry : 0.8301813
InfixDialect : 0.825398
NotLoadedProject : 0.80251527
FilterContext : 0.83071876
ProjectPropertiesDialog : 0.6808343
AlignFilesCallback : AlignFilesCallback is not exist in project code
XMLIntactTag : 0.80698144
XMLOutOfTurnTag : 0.8202618
OutOfTurnTag : 0.83142704
XMLTag : 0.8481131
RealProject : 0.8397932
SearchWindowController : 0.831259
AlphabeticalMarkers : 0.83562
TranslateEntry : 0.82739335
ProjectProperties : 0.83492357
