PerProjectLayoutHandler : PerProjectLayoutHandler is not exist in project code
Core : 0.8223639
MainWindowMenuHandler : 0.83465266
TagValidationTool : 0.8585986
EditorController : 0.8410858
MatchesTextArea : 0.8498766
FileDropInfo : FileDropInfo is not exist in project code
IMainWindow : 0.74701834
MainWindowMenu : 0.8219364
TestCoreInitializer : 0.81358975
MainWindowUI : 0.8470697
MainWindow : 0.8433266
ScriptingWindow : 0.84864014
SearchWindowController : 0.84133345
ProjectFilesListController : 0.8565572
Handler : 0.82536334
HListener : HListener is not exist in project code
ConsoleWindow : 0.8326164
XMLBlock : 0.82855886
ProjectUICommands : 0.8856548
DockingUI : 0.82295895
DictionariesTextArea : 0.8556258
EntryListPane : 0.823498
GlossaryTextArea : 0.84962934
SetSvnProperties : 0.8593742
BundleTest : 0.8520112
ForceCommitTimer : ForceCommitTimer is not exist in project code
RealProject : 0.8695202
LastSegmentManager : 0.8708466
MyCredentialsProvider : MyCredentialsProvider is not exist in project code
NotesTextArea : 0.84723556
BaseTranslate : 0.7610134
FontFallbackMarker : 0.8362076
CommandMonitor : 0.84781176
RecentProjects : 0.8663569
MainWindowMenuTest : 0.88795793
TestCore : 0.86795706
SearchThread : 0.87626743
LanguageToolWrapper : 0.83840084
PluginUtils : 0.84005356
SaveThread : 0.8628594
