BaseStatisticsPanel : 0.842773
MainWindowMenu : 0.82627773
ScriptingWindow : 0.83997214
AutoCompleter : 0.83592594
LogDialog : 0.85228527
Main : 0.8645755
ProjectFilesListController : 0.8480012
StaticUtils : 0.84270096
Platform : 0.8438066
SpellCheckerHunspell : SpellCheckerHunspell is not exist in project code
DataTableStyling : 0.82776517
PropertiesShortcuts : 0.8515951
MainWindowUI : 0.85750014
DockingUI : 0.82541907
EditorTextArea3 : 0.84014374
