DictionariesTextArea : 0.8326071
CommentsTextArea : 0.81863785
EditorController : 0.8204056
MachineTranslateTextArea : 0.82723516
ConvertConfigs : 0.8259268
MainWindowUI : 0.83626455
NotesTextArea : 0.8330553
MatchesTextArea : 0.8152139
SearchWindowController : 0.8377996
TranslationUndoManager : 0.8252235
MultipleTransPane : 0.840968
FileCollisionDialog : 0.8363055
SelectDomainUI : 0.83128
BrowseTaasCollectionsUI : 0.83123136
PerFileMatchStatisticsPanel : 0.8162091
AlphabeticalMarkers : 0.8309592
ProjectUICommands : 0.83267236
DocumentFilter3 : 0.82947636
MarkerController : 0.8270416
TeamUserPassDialog : TeamUserPassDialog is not exist in project code
UserPassDialog : 0.84035057
CreateGlossaryEntry : 0.8369902
SegmentExportImport : 0.82383686
AboutDialog : 0.83141774
CustomColorSelectionDialog : 0.83923817
TitledTablePanel : 0.79130274
TeamOptionsDialog : 0.8400466
IMainWindow : 0.7428116
DisplayMatches : DisplayMatches is not exist in project code
EditorSettings : 0.8087409
MainWindow : 0.8299241
FontSelectionDialog : 0.837638
DictionaryInstallerDialog : 0.82761735
MozillaDTDOptionsDialog : 0.8414493
InstanceEditor : 0.8281598
LogDialog : 0.8408409
SelectDomainController : 0.80799484
BrowseTaasCollectionsController : 0.8113591
EntryListPane : 0.82466084
ConvertTo213 : 0.82635
SpellCheckerPopup : SpellCheckerPopup is not exist in project code
