ITokenizer : 0.71707535
Entity : 0.82034975
StaticUtilsTest : 0.8084873
Main : 0.85382646
DefaultXMLDialect : 0.80489314
Log : 0.81955826
RealProject : 0.8320986
Handler : 0.7999687
XMLDialect : 0.7295751
IMainWindow : 0.7336782
SearchThread : 0.8496181
OmegaTLogFormatter : 0.85976774
StringUtil : 0.79447854
StaticUtils : 0.8290664
ProjectPropertiesDialog : 0.6972871
FindMatches : 0.8373266
MainWindow : 0.80503255
VarExpansion : 0.8449151
SearchWindowController : 0.83335745
MainWindowMenu : 0.8136956
DefaultTokenizer : 0.79399115
MainWindowMenuTest : 0.83201146
Base64 : Base64 is not exist in project code
PoFilter : 0.8346122
WikiGet : 0.75730634
