ExternalTMXMatchesDialog : 0.82982427
PopupListener : PopupListener is not exist in project code
FindMatchesThread : 0.8600956
Core : 0.8287105
GlossaryManager : 0.84794253
TranslationUndoManager : 0.8500263
AutoCompleter : 0.84386015
FilterEditor : 0.82938325
CreateGlossaryEntry : 0.83606315
InstanceEditor : 0.8357418
CharTableAutoCompleterOptionsDialog : 0.8343711
TagProcessingOptionsDialog : 0.82704484
TeamUserPassDialog : TeamUserPassDialog is not exist in project code
FontSelectionDialog : 0.8291685
SaveOptionsDialog : 0.82879925
DictionaryInstallerDialog : 0.833145
UserPassDialog : 0.83108795
SegmentationCustomizer : 0.8358493
WorkflowOptionsDialog : 0.82413393
TitledTablePanel : 0.78551
FileCollisionDialog : 0.8379845
AboutDialog : 0.82763207
FiltersCustomizer : 0.8310945
EditorController : 0.8420098
ScriptLogger : ScriptLogger is not exist in project code
Preferences : 0.75381255
IEditor : 0.7497679
ScriptingWindow : 0.84060353
ProjectFilesList : 0.7783141
ProjectPropertiesDialog : 0.70422524
StringUtilTest : 0.80495673
StringUtil : 0.80811113
PatternConsts : 0.0
MainWindow : 0.83737636
Searcher : 0.833083
GlossaryTextArea : 0.86314595
FindGlossaryThread : 0.84264445
DictionaryEntriesSearchThread : DictionaryEntriesSearchThread is not exist in project code
SearchResultEntry : 0.8481568
ReplaceFilter : 0.85552686
XHTMLOptions : 0.8204627
