StarDictTest : 0.8215021
DictionariesManager : 0.8356111
DictionariesManagerTest : 0.8288435
Preferences : 0.681117
CommandVarExpansion : 0.8075231
HunspellTokenizer : 0.84996384
ProjectProperties : 0.84199184
DictionaryInfo : DictionaryInfo is not exist in project code
OConsts : 0.0
LingvoDSLTest : 0.84195465
SpellChecker : 0.8215386
DictionariesTextArea : 0.81759816
SpellCheckerJMySpell : 0.8424327
MainWindowMenuHandler : 0.82090294
SpellcheckerConfigurationDialog : 0.71212184
ProjectPropertiesDialog : 0.6875615
FilterMaster : 0.8302179
RealProject : 0.8213627
ProjectFileStorage : 0.84755415
ProjectUICommands : 0.8182353
