StringUtilTest : 0.8267306
Xtag : 0.84933555
Tag : 0.8354129
AboutDialog : 0.7912573
StringEntry : 0.8487756
EntryKey : 0.8412918
BaseTokenizer : 0.84036964
InlineTagHandler : 0.8333741
FileCollisionDialog : 0.8029978
KnownException : 0.80861634
Log : 0.82563066
TMXEntry : 0.8266226
EditorUtilsTest : 0.8230385
ResXFilter : 0.8351022
GlossaryEntry : 0.85055536
NotesTextArea : 0.80335337
DefaultTokenizer : 0.84519595
ConsoleWindow : 0.80746645
EditorController : 0.815558
MatchesTextArea : 0.80811113
TMXWriter2 : 0.80864364
OStrings : 0.80912375
MainWindowMenuHandler : 0.8044097
NewTeamProject : 0.6837112
TokenizerTest : 0.82693714
NotesTextAreaTest : 0.7444099
MapRule : 0.83827853
OmegaTFileChooser : 0.7874982
XLIFFFilter : 0.8216713
ProjectProperties : 0.82535136
EditorTextArea3 : 0.8362226
MainWindow : 0.8009275
SegmentExportImport : 0.83461297
Handler : 0.81982505
XMLUtils : 0.8450398
XMLStreamReader : 0.8415201
ProjectFileStorage : 0.8256308
StatisticsWindow : 0.79978126
DockingUI : 0.79640216
StaticUtilsTest : 0.8127849
EditorUtils : 0.85832745
