PropertiesShortcutsTest : 0.8494074
StaticUtilsTest : 0.85703063
DialogsTest : 0.8216841
StringUtilTest : 0.82867116
XLIFFFilterTest : 0.71790403
CopyrightTest : 0.72520655
PreferencesTest : 0.87309724
TmxComplianceTests : 0.8332572
TextFilterTest : 0.8499694
INIFilterTest : 0.8454041
TestFilterBase : 0.8437463
HHCFilter2Test : 0.87012583
DokuWikiFilterTest : 0.8518267
TokenizerTest : 0.8227749
TMXWriterTest : 0.84499943
AndroidFilterTest : 0.83695215
SrtFilterTest : 0.8647981
ResourceBundleFilterTest : 0.8597365
POFilterTest : 0.8445567
DocBookFilterTest : 0.8538879
HTMLFilter2Test : 0.8715493
OpenXMLFilterTest : 0.8721387
XHTMLFilterTest : 0.7045165
RcFilterTest : 0.8647603
MainWindowMenuHandler : 0.8107708
Preferences : 0.73020303
MozillaDTDFilterTest : 0.87363535
TMXReaderTest : 0.8450806
ExternalTMX : 0.8455057
ProjectProperties : 0.83804625
OpenDocFilterTest : 0.8701534
DictionariesManagerTest : 0.84333086
LingvoDSLTest : 0.8528439
LanguageTest : 0.85489255
Core : 0.8085283
Log : 0.83995265
Autotext : 0.83829236
OpenProjectFileChooser : 0.8510716
SegmentExportImport : 0.8562152
WiXFilterTest : 0.8679179
StarDictTest : 0.852613
