Entry : 0.8406266
TMXReader2 : 0.8474827
XMLIntactEntry : 0.8155446
MainWindowMenu : 0.8015533
OSXIntegration : 0.81680214
RealProject : 0.83503884
Log : 0.8325972
MainWindowUI : 0.80833185
XMLIntactTag : 0.8330005
XMLOutOfTurnTag : 0.8227375
OutOfTurnTag : 0.8474889
SVNRemoteRepository : SVNRemoteRepository is not exist in project code
XMLContentBasedTag : 0.8371943
MainWindowMenuHandler : 0.8140024
PerProjectLayoutHandler : PerProjectLayoutHandler is not exist in project code
Translator : 0.77212286
XLIFFDialect : 0.8465898
GlossaryReaderTBX : 0.82326883
XMLFilter : 0.71998495
MainWindowMenuTest : 0.84231865
OmegaTFileHandler : 0.8358331
MainWindow : 0.80362517
EditorController : 0.8254207
AutoTmxTest : 0.8401255
