TestProject : TestProject is not exist in project code
TestFilterBase : 0.8427882
TaaSPlugin : 0.85295504
FiltersCustomizer : 0.83182013
DokuWikiFilterTest : 0.8349257
IFilter : 0.7791425
FilterMaster : 0.86134773
ProjectFileStorage : 0.8399248
TaaSClient : 0.7359218
XHTMLFilterTest : 0.73437834
ResourceBundleFilter : 0.8473691
TmxComplianceBase : 0.85619116
GlossaryReaderTBX : 0.83185804
AbstractFilter : 0.8033172
OpenDocFilter : 0.8565575
OpenXMLFilter : 0.84989125
XLIFFFilter : 0.86036366
XHTMLFilter : 0.85510516
OneFilterTableModel : 0.86241937
FilterEditor : 0.82825893
ProjectPropertiesDialog : 0.7060227
Preferences : 0.7398456
EntryKey : 0.866591
SRX : 0.8684838
LatexFilter : 0.8295324
XMLFilter : 0.7305303
RealProject : 0.8504589
HTMLFilter2Test : 0.850475
POFilterTest : 0.83203053
Document3 : 0.8525318
PoFilter : 0.83743155
DefaultXMLDialect : 0.8655968
XtagFilter : 0.8485872
XMLDialect : 0.77675015
Filters : 0.8660918
FiltersTableModel : 0.85531056
Convert20to21 : 0.84487617
MozillaLangFilter : 0.84575397
Sorter : Sorter is not exist in project code
ObjectFactory : 0.85092264
ProjectProperties : 0.86499345
