ScriptingWindow : 0.8310785
FindMatchesThread : 0.84063524
ObjectFactory : 0.85576254
HasMultipleTranslations : HasMultipleTranslations is not exist in project code
MultipleTransFindThread : 0.8515068
ImportFromAutoTMX : 0.8442283
Omegat : 0.8850678
OConsts : 0.0
RealProjectTest : 0.83561623
Searcher : 0.83631337
IProject : 0.78469086
CommandVarExpansion : 0.8264594
Core : 0.8513153
EntryInfoPane : 0.83698934
NotLoadedProject : 0.8466068
ProjectPropertiesDialog : 0.71099615
RecentProjects : 0.8097898
MainWindowMenuHandler : 0.83214206
VarExpansion : 0.8461977
FilterContext : 0.87334925
ProjectUICommands : 0.8190832
Preferences : 0.73992294
SegmentationCustomizer : 0.8278576
TestProject : TestProject is not exist in project code
ProjectProperties : 0.8718028
RealProject : 0.8406634
Main : 0.8231674
RealProjectWithTMXAccess : RealProjectWithTMXAccess is not exist in project code
TMXReader : 0.828531
AlignFilesCallback : AlignFilesCallback is not exist in project code
AutoTmxTest : 0.8473407
ProjectFactory : 0.8405226
DictionariesTextArea : 0.83129793
TranslateEntry : 0.8518706
FiltersCustomizer : 0.8321346
CommentsTextArea : 0.8170488
ParseEntry : 0.8372195
MatchesTextArea : 0.8211707
ProjectFilesListController : 0.82786804
RuntimePreferences : 0.88823974
NotesTextArea : 0.829101
