Core : 0.8365747
FiltersCustomizer : 0.8205021
TestFilterBase : 0.8538306
FilterEditor : 0.8214898
Handler : 0.84068364
GITRemoteRepository : GITRemoteRepository is not exist in project code
OneFilterTableModel : 0.8511398
FiltersTableModel : 0.85846627
TmxComplianceBase : 0.8757082
RealProject : 0.8601657
OpenXMLOptions : 0.83521414
MainWindowMenuHandler : 0.8264068
XHTMLFilterTest : 0.71252745
HTMLFilter2Test : 0.8712103
Searcher : 0.83863354
ProjectPropertiesDialog : 0.6889417
XLIFFFilterTest : 0.7118733
Convert20to21 : 0.8775745
EditOpenXMLOptionsDialog : 0.800511
Sorter : Sorter is not exist in project code
ObjectFactory : 0.8364333
ProjectProperties : 0.851615
FilterVisitor : 0.8299945
XMLStreamReader : 0.8359194
Filters : 0.8653267
ScriptsMonitor : 0.8202474
IEditor : 0.75446963
OneFilter : 0.8427229
Preferences : 0.7472754
ParseEntry : 0.8486468
AlignFilesCallback : AlignFilesCallback is not exist in project code
PluginUtils : 0.8554134
LookupInformation : LookupInformation is not exist in project code
ProjectFilesListController : 0.84702945
AbstractFilter : 0.7863788
EditorController : 0.83627623
HTMLFilter2 : 0.8469774
TaaSPlugin : 0.86890346
TranslateEntry : 0.8465042
OpenXMLDialect : 0.82996535
INIFilterTest : 0.8412675
