XLIFFFilterTest : 0.72094
XLIFFDialect : 0.85484266
EditXLIFFOptionsDialog : 0.8265481
DefaultXMLDialect : 0.8572095
XMLDialect : 0.7779896
XLIFFOptions : 0.8302997
OneFilterTableModel : 0.846352
FilterEditor : 0.8194999
ProjectPropertiesDialog : 0.70442986
TmxComplianceTests : 0.8257103
FiltersTableModel : 0.84889513
PatternConsts : 0.0
Sorter : Sorter is not exist in project code
ObjectFactory : 0.8418691
FiltersCustomizer : 0.8226349
ProjectProperties : 0.85277045
FilterVisitor : 0.83082813
XMLStreamReader : 0.8396617
Filters : 0.85500956
ScriptsMonitor : 0.8237262
FilterMaster : 0.85225505
IEditor : 0.78438944
PoFilter : 0.8326282
OneFilter : 0.85703295
Preferences : 0.74279463
PluginUtils : 0.84154373
Core : 0.84381276
LookupInformation : LookupInformation is not exist in project code
ProjectFilesListController : 0.8340372
AbstractFilter : 0.7962825
EditorController : 0.8392901
HTMLFilter2 : 0.851187
TaaSPlugin : 0.8457704
TestFilterBase : 0.8406275
INIFilterTest : 0.83908224
HHCFilter2Test : 0.84645456
OpenXMLFilter : 0.84527934
HTMLFilter2Test : 0.8449008
OpenDocFilter : 0.84893394
Filter : 0.8626951
XHTMLFilterTest : 0.71351236
