MainWindowMenuHandler : 0.8578459
Preferences : 0.738935
MainWindow : 0.8582463
RecentProjects : 0.8752041
SaveOptionsDialog : 0.8348078
OSXIntegration : 0.87639546
PerProjectLayoutHandler : PerProjectLayoutHandler is not exist in project code
CommandVarExpansion : 0.7689066
ProjectProperties : 0.8424178
EditorController : 0.8519945
Main : 0.88565487
RealProject : 0.865899
MachineTranslateTextArea : 0.8572889
MultipleTransPane : 0.87329274
CommandMonitor : 0.8360794
Project : 0.8190832
ProjectFilesListController : 0.8667619
MainWindowUI : 0.86421794
SelectDomainUI : 0.858427
BrowseTaasCollectionsUI : 0.8593549
EditorSettings : 0.8391
ProjectFileStorage : 0.8533468
ScriptingWindow : 0.85027295
ProjectPropertiesDialog : 0.70028585
IMainWindow : 0.7447713
FontSelectionDialog : 0.82971567
SegmentationCustomizer : 0.83710825
FindMatchesThread : 0.87311023
MainWindowMenu : 0.8299607
ObjectFactory : 0.81620395
HasMultipleTranslations : HasMultipleTranslations is not exist in project code
MultipleTransFindThread : 0.8694327
ImportFromAutoTMX : 0.86074394
SelectDomainController : 0.8784191
BrowseTaasCollectionsController : 0.86151046
NewTeamProject : 0.7230069
ResXFilterTest : 0.8760759
Omegat : 0.8443072
LatexFilter : 0.8135047
OConsts : 0.0
RealProjectTest : 0.85284567
