XMLUtils : 0.8476826
PluginUtils : 0.8372508
StringUtilTest : 0.8099236
Xtag : 0.8460325
Tag : 0.8345073
FileUtilTest : 0.818082
DictionariesTextArea : 0.83186096
CommentsTextArea : 0.8145212
StringUtil : 0.85162705
EditorUtilsTest : 0.82425815
EntryKey : 0.8418686
MainWindowMenuHandler : 0.81124085
UIThreadsUtil : 0.8141883
StringEntry : 0.84933794
Core : 0.81830746
EditorController : 0.82215196
Log : 0.83193016
MachineTranslateTextArea : 0.83278835
Autotext : 0.86708814
TMXEntry : 0.831747
OSXIntegration : 0.81602585
AutoCompleterTableView : 0.8366387
AutoCompleter : 0.81850475
AboutDialog : 0.8019268
NotesTextAreaTest : 0.7457638
ResXFilter : 0.8323955
NotesTextArea : 0.8106106
MatchesTextArea : 0.82213885
SearchWindowController : 0.8120744
GlossaryEntry : 0.8493658
TranslationUndoManager : 0.82361853
AutoCompleterListView : 0.85370415
OpenProjectFileChooser : 0.8272216
InlineTagHandler : 0.83667487
FileCollisionDialog : 0.80817425
PropertiesShortcutsTest : 0.8143155
StaticUtilsTest : 0.81114006
MultipleTransPane : 0.83432186
KnownException : 0.8185048
TMXWriter2 : 0.81071
BaseTokenizer : 0.842361
