TmxComplianceBase : 0.8580362
TMXDateParserTest : 0.81764555
DialogsTest : 0.8272942
MergeTest : 0.8569171
TmxSegmentationTest : 0.8759782
TMXWriterTest : 0.8488525
TMXReaderTest : 0.8606424
TMXReader : 0.80588967
OConsts : 0.0
AutoTmxTest : 0.85617244
POFilterTest : 0.86450243
RealProjectTest : 0.85815465
PropertiesShortcutsTest : 0.84118295
ObjectFactory : 0.84074515
LanguageTest : 0.87882715
PatternConstsTest : 0.80122906
LingvoDSLTest : 0.8560657
RealProject : 0.83507717
MultipleTransFoundEntry : 0.8219967
ProjectTMX : 0.8447367
PrepareTMXEntry : 0.81823957
Preferences : 0.7275569
RealProjectWithTMXAccess : RealProjectWithTMXAccess is not exist in project code
StringUtilTest : 0.8311119
XLIFFFilterTest : 0.7534027
ProjectProperties : 0.8280907
DictionariesManagerTest : 0.8362903
ExternalTMX : 0.8491957
TMXReader2 : 0.8309384
TMXWriter2 : 0.8186645
NearString : 0.82138586
AlignFilesCallback : AlignFilesCallback is not exist in project code
ParsedTu : ParsedTu is not exist in project code
DokuWikiFilterTest : 0.86060274
ILIASFilterTest : 0.85162586
MagentoFilterTest : 0.8591679
SVNRemoteRepository : SVNRemoteRepository is not exist in project code
TestProject : TestProject is not exist in project code
TextFilterTest : 0.8661743
INIFilterTest : 0.8753268
Xtag : 0.8175897
