SegmentHighlighter : SegmentHighlighter is not exist in project code
SegmentBuilder : 0.8253745
Styles : 0.80320144
FontFallbackMarker : 0.8200115
FontFallbackListener : 0.79761815
Document3 : 0.8208088
DictionariesTextArea : 0.81662166
EditorTextArea3 : 0.81195384
