Sorter : Sorter is not exist in project code
AutoCompleter : 0.8522676
EditorController : 0.837296
TextOptions : 0.8321322
MainWindowMenu : 0.8232718
MainWindowMenuHandler : 0.8319962
SRX : 0.8261298
AutoCompleterListView : 0.8530404
TMXReader : 0.79033595
IEditor : 0.74828696
SearchCallback : SearchCallback is not exist in project code
SegmentationRulesModel : 0.81529135
CellRenderer : CellRenderer is not exist in project code
SegmenterTest : 0.8134676
Segmenter : 0.81408626
PrepareTMXEntry : 0.82023734
IAutoCompleter : 0.7709594
EditorSettings : 0.8329087
OneFilter : 0.8193171
RealProject : 0.8280687
Loader : Loader is not exist in project code
TmxComplianceTests : 0.79612195
ParseEntry : 0.82026577
FindMatches : 0.8118138
IProject : 0.72991717
TranslateEntry : 0.8229167
TUV : TUV is not exist in project code
SegmentHistory : 0.79824466
Preferences : 0.7199847
TermGrp : 0.81495446
Back : 0.83884287
EntryListPane : 0.83270466
EditorTextArea3 : 0.8366752
ExternalTMX : 0.8330871
TmxComplianceBase : 0.83205634
PropertiesShortcuts : 0.83577573
LoadFilesCallback : LoadFilesCallback is not exist in project code
ImportFromAutoTMX : 0.835063
AlphabeticalMarkers : 0.8561337
AbstractAutoCompleterView : 0.8404777
ViewLabel : 0.8548038
