ImportFromAutoTMX : 0.87713623
AutoTmxTest : 0.8730367
TMXWriterTest : 0.85686743
RealProjectWithTMXAccess : RealProjectWithTMXAccess is not exist in project code
RealProject : 0.8612454
ProjectFactory : 0.8680567
ProjectProperties : 0.8450246
TestProject : TestProject is not exist in project code
Main : 0.85753065
DialogsTest : 0.82546705
TestFilterBase : 0.855981
Core : 0.83120227
ProjectPropertiesTest : 0.8555076
TmxComplianceTests : 0.85815465
HTMLWriter : 0.8372608
XMLWriter : 0.8342678
XLIFFFilterTest : 0.7298976
TmxSegmentationTest : 0.8893506
PropertiesShortcutsTest : 0.8512975
RcFilterTest : 0.8715725
TmxComplianceBase : 0.8723114
WiXFilterTest : 0.88799417
OpenXMLFilterTest : 0.87867093
TextFilterTest : 0.85844564
OpenDocFilterTest : 0.8760708
MozillaDTDFilterTest : 0.8921145
TestProjectProperties : TestProjectProperties is not exist in project code
FalseFriendsTest : 0.8698663
LanguageTest : 0.8761474
ScriptingWindow : 0.8306631
INIFilterTest : 0.8568909
DocBookFilterTest : 0.85486525
HHCFilter2Test : 0.8795407
DokuWikiFilterTest : 0.8645334
ResXFilterTest : 0.8901981
LatexFilterTest : 0.8533938
ResourceBundleFilterTest : 0.87494886
GlossaryReaderTBXTest : 0.8650128
AndroidFilterTest : 0.8477123
TMXDateParserTest : 0.7985524
PatternConstsTest : 0.7829442
