TextFilterTest : 0.84982044
ProjectFilesListController : 0.83721477
TestFilterBase : 0.83898944
HTMLFilter2Test : 0.8525833
TextOptions : 0.8671978
TableFilterPanel : 0.8268518
MozillaLangFilter : 0.84161323
PoFilter : 0.83571994
INIFilterTest : 0.8430081
ILIASFilterTest : 0.81885755
SrtFilterTest : 0.8399731
ResourceBundleFilterTest : 0.8438249
POFilterTest : 0.8323334
MagentoFilterTest : 0.82844037
DocBookFilterTest : 0.8356727
DokuWikiFilterTest : 0.8383247
OneFilterTableModel : 0.84723496
FilterEditor : 0.813962
ProjectPropertiesDialog : 0.6991602
Convert20to21 : 0.85052186
HHCFilter2Test : 0.85465366
IAlignCallback : 0.80175143
ReplaceMarker : 0.8578003
SearchWindowController : 0.8244297
DisplayedEntryImpl : DisplayedEntryImpl is not exist in project code
JTextPaneLinkifier : 0.84274787
FiltersTableModel : 0.8497243
TmxComplianceBase : 0.85631967
IParseCallback : 0.7851531
TextOptionsDialog : 0.82539696
Sorter : Sorter is not exist in project code
ObjectFactory : 0.8392946
FiltersCustomizer : 0.8148827
ProjectProperties : 0.85018325
FilterVisitor : 0.83288413
XLIFFFilterTest : 0.7176962
XHTMLFilterTest : 0.7141749
XMLStreamReader : 0.83779675
Filters : 0.8522078
EditorController : 0.8385584
ScriptsMonitor : 0.81472844
