StatisticsWindow : 0.83002454
CalcStandardStatistics : 0.80734307
Element : 0.7660245
BaseMatchStatisticsPanel : 0.8572514
OConsts : 0.0
MainWindowMenuHandler : 0.8250633
MatchStatisticsPanel : 0.8313438
MainWindowMenu : 0.809335
DefaultXMLDialect : 0.8340944
MatchStatCounts : 0.84126383
XLIFFDialect : 0.8268509
NotLoadedProject : 0.81261665
BaseStatisticsPanel : 0.83735937
IProject : 0.7637009
PerFileMatchStatisticsPanel : 0.8047096
Text : 0.82015294
RealProject : 0.8407915
TitledTablePanel : 0.79765725
StatisticsPanel : 0.8353469
Preferences : 0.718091
MarkerController : 0.8474091
GlossaryComparator : GlossaryComparator is not exist in project code
FindMatches : 0.8473641
AbstractMyMemoryTranslate : 0.71178854
ProtectedPart : 0.84672976
SearchResultEntry : 0.8378348
EntryListPane : 0.83225805
IMatcher : 0.7761135
TagUtil : 0.8373596
Statistics : 0.84318906
MatchesTextArea : 0.8334697
DisplayMatches : DisplayMatches is not exist in project code
Searcher : 0.8439561
StatisticsTest : 0.8487897
Xtag : 0.82961965
Tag : 0.8277471
SearchExpression : 0.0
NearString : 0.8500616
TaaSClient : 0.71550614
CalcMarkersThread : 0.8415879
Replacer : Replacer is not exist in project code
