OneFilterTableModel : 0.79553926
FilterEditor : 0.8122781
ProjectPropertiesDialog : 0.7078276
FiltersTableModel : 0.7839939
Sorter : Sorter is not exist in project code
ObjectFactory : 0.80276704
FiltersCustomizer : 0.8141586
ProjectProperties : 0.7981076
FilterVisitor : 0.7837352
XLIFFFilterTest : 0.73291016
XMLStreamReader : 0.8338188
Filters : 0.8035267
ScriptsMonitor : 0.8064969
FilterMaster : 0.7863788
IEditor : 0.78990096
OneFilter : 0.8086444
Preferences : 0.68767804
PluginUtils : 0.78166896
Core : 0.7799116
LookupInformation : LookupInformation is not exist in project code
ProjectFilesListController : 0.76449555
EditorController : 0.7770089
HTMLFilter2 : 0.80614173
TaaSPlugin : 0.78013
TestFilterBase : 0.78630376
INIFilterTest : 0.8123299
HHCFilter2Test : 0.8039459
OpenXMLFilter : 0.79773486
HTMLFilter2Test : 0.7851844
OpenDocFilter : 0.80296093
Filter : 0.7971071
XHTMLFilterTest : 0.7281127
Typo3Filter : 0.8085933
XHTMLFilter : 0.7996468
FileInfo : FileInfo is not exist in project code
TestProject : TestProject is not exist in project code
VisioFilter : 0.81354576
TXMLFilter : 0.81521577
HHCFilter2 : 0.7981383
XLIFFFilter : 0.7962825
HelpAndManualFilter : 0.81337416
