TagsUtils:0.13199823
Tags:0.061050653
