MMenu:0.12346554
MDialog:0.10769631
MAction:0.10402394
MRating:0.09515503
MToolBar:0.08688871
MURLButton:0.07334888
MNotification:0.07160628
MSmallButton:0.06750242
MButtonBeanInfo:0.06416838
UI:0.064128414
MSettingsPage:0.058124974
MTabbedPane:0.055637002
MCalendarPanel:0.05563383
MIconButton:0.053505108
MMessage:0.04576742
MWizardDialog:0.04320745
MMultiPanel:0.042901337
MIcon:0.04187616
MTextFieldPanel:0.03918935
MSettingsDialog:0.03607255
MSmallColorChooser:0.03564436
MSmallColorButton:0.033595618
MLogger:0.031168638
TK:0.030129885
MMouseAdapter:0.029670509
MAboutDialog:0.029041037
MTimer:0.02886919
MCheckBoxTable:0.028691458
MActionInfo:0.027894929
MFontButton:0.02700391
MPasswordPanel:0.023242863
MFontChooser:0.020675572
MGraphics2D:0.020451844
ColumnManager:0.019237315
HTMLViewFactory:0.015847325
MColorButton:0.0123734595
MObject:0.012366698
Property:0.011894938
BooleanProperty:0.008451572
MColor:0.0059753885
