MTable:0.07374249
MMenu:0.065262504
MScrollPane:0.05173439
MFrame:0.05013949
MTree:0.046207286
UI:0.04073003
MList:0.03325426
MMouseAdapter:0.026793623
MComponent:0.019638669
MLogger:0.007930189
Property:0.0023288138
BooleanProperty:0.0018137147
