SetFunction:0.22127989
Types:0.17652526
Function:0.13812293
Expression:0.1257033
DatabaseCommandInterpreter:0.11667954
Library:0.11603877
Result:0.115534164
Table:0.113054655
Parser:0.10887745
Trace:0.09239627
DatabaseInformationMain:0.08772684
Session:0.079251595
Select:0.07827219
DITableInfo:0.07809424
HsqlDateTime:0.06936957
Index:0.064601645
CompiledStatementExecutor:0.058508698
HsqlDatabaseProperties:0.0552412
CompiledStatement:0.052612036
TableWorks:0.04338133
DatabaseScript:0.042027198
HsqlException:0.021969985
