MText:0.56
DragAdapter:0.3466666666666667
AutoCompletion:0.26111111111111107
Widget:0.21666666666666667
AbstractSpinner:0.19333333333333333
MTextField:0.19333333333333333
Permission:0.0475
