jEdit:0.7466666666666667
TextAreaPainter:0.4066666666666667
TextAreaOptionPane:0.24666666666666667
