QueryHandler:0.6833333333333333
WikiUser:0.5466666666666666
Environment:0.42
WikiMail:0.3333333333333333
AnsiDataHandler:0.26666666666666666
AnsiQueryHandler:0.23333333333333334
WikiConfiguration:0.19
AdminServlet:0.19
JAMWikiServlet:0.15642857142857144
DatabaseUpgrades:0.14666666666666667
JAMWikiAuthenticationProcessingFilter:0.10666666666666667
PasswordResetServlet:0.05333333333333334
LoginServlet:0.04
SMTPAuthenticator:0.0033333333333333335
