TransferDb:0.42333333333333334
OracleTransferHelper:0.38666666666666666
DataAccessPoint:0.33
HsqldbTransferHelper:0.13333333333333333
TransferHelper:0.11666666666666667
