Table:0.62
Node:0.35333333333333333
CachedRow:0.3433333333333333
Row:0.3405555555555555
Cache:0.29333333333333333
TextDatabaseRowOutput:0.29
HsqlProperties:0.22333333333333333
DiskNode:0.21
TestTextTables:0.15666666666666668
TestCacheSize:0.15333333333333332
ScriptRunner:0.09333333333333334
CachedDataRow:0.045
