QueryHandler:0.665
DataHandler:0.5966666666666667
AnsiQueryHandler:0.37333333333333335
TestDataHandler:0.33666666666666667
AnsiDataHandler:0.2633333333333333
WikiDatabase:0.24111111111111108
UpgradeServlet:0.21
DatabaseUpgrades:0.12
