FeedViewer:0.4483333333333333
FeedsFS:0.4166666666666667
FeedFactory:0.23666666666666666
MThrobber:0.23333333333333334
AbstractPlugin:0.2
InternetSearch:0.164
MTreeItem:0.115
