UnitAction:0.2892509
ActionManager:0.23487124
