ActionManager:0.31732777
FreeColAction:0.09936332
