ParseEntry:0.6966666666666667
TranslateEntry:0.29333333333333333
FindMatches:0.29
SegmenterTest:0.26
