MetaInfo:0.6233333333333333
AdvancedProperties:0.37333333333333335
FSHelper:0.35
Tabs:0.3333333333333333
MainWindow:0.225
AbstractFS:0.21
TreeFS:0.17777777777777778
PropertiesDialog:0.17
ImportExport:0.13
DnDTransferHandler:0.12333333333333334
