Resource:0.29152414
VideoResource:0.21942192
SZAResource:0.11909682
ImageResource:0.104183115
