ChunkCache:0.044334084
BufferPrinter:0.028680285
Buffer:0.01955171
GUIUtilities:0.014157731
jEdit:0.011347924
SyntaxStyle:0.0042007994
Token:0.0016528098
