GHNSDialog:0.6903333333333334
PluginDownloader:0.4633333333333333
Page:0.24
