StatementCommand:0.5433333333333333
ParserCommand:0.35
StatementTypes:0.18833333333333332
