Goods:0.7366666666666667
SimpleCombatModel:0.4166666666666667
DemotionTest:0.21333333333333335
