ChooseFoundingFatherDialog:0.24166848
ColopediaGameObjectTypePanel:0.21817088
ColopediaPanel:0.20967202
FreeColPanel:0.11405449
ColopediaTreeItem:0.076642446
