TaskTable:0.7294444444444445
MTableHeader:0.41111111111111115
