JEditTextArea:0.4066666666666667
GUIUtilities:0.27666666666666667
RolloverButton:0.25666666666666665
EditPlugin:0.24
EnhancedMenu:0.22666666666666666
