FreeCol:0.5266666666666666
InGameController:0.37333333333333335
IndianDemandMessage:0.2733333333333333
AIMessage:0.2633333333333333
EuropeanAIPlayer:0.25
AIPlayer:0.23877777777777776
InGameInputHandler:0.2
IndianDemandMission:0.19
AIInGameInputHandler:0.18333333333333332
