Kiosk:0.76
MMainWindow:0.2866666666666667
MURLButton:0.2833333333333333
InternetSearch:0.25333333333333335
TodoEditor:0.25333333333333335
TaskTable:0.25333333333333335
LinkEditor:0.24666666666666667
FeedsFSPlugin:0.23
