Session:0.36666666666666664
TransactionManager:0.34
HsqlDatabaseProperties:0.2811111111111111
HsqlNameManager:0.2733333333333333
HsqlName:0.2733333333333333
ParserCommand:0.2599444444444445
JDBCBench:0.18333333333333332
