MTreeItem:0.4888888888888889
Node:0.4633333333333333
Renderer:0.19
