TK:0.6566666666666666
MIcon:0.4033333333333333
OpenSearchDescription:0.4033333333333333
TestTK:0.15583333333333332
Item:0.12
