MetaInfo:0.5
Category:0.4166666666666667
MSearchPanel:0.36333333333333334
PluginSettings:0.34
DefaultPageChecker:0.2111111111111111
