UI:0.61
CoolHeader:0.22555555555555556
MButton:0.22555555555555556
TextEditorCore:0.22222222222222224
SimpleListCellRenderer:0.18666666666666668
MColorIcon:0.18666666666666668
CoolLabel:0.18666666666666668
MSplashScreen:0.14666666666666667
MenuButton:0.13333333333333333
