LinkUtil:0.08719139
ImageMetadata:0.0814108
WikiUtil:0.07483912
ImageDimensions:0.057994794
Utilities:0.035559844
WikiCache:0.017725512
WikiLogger:0.015784262
ImageHorizontalAlignmentEnum:0.0090094
WikiLink:0.008993907
ImageVerticalAlignmentEnum:0.0064271023
ImageBorderEnum:0.003031722
