FeedThread:0.109872416
FeedsFS:0.091683924
