RowStoreAVLDisk:0.19103608
PersistentStore:0.1716573
Cache:0.16086647
RowStoreAVLMemory:0.14945044
RowStoreAVLHybrid:0.12027037
RowStoreAVL:0.10094218
RowStoreAVLDiskData:0.099290065
DataFileCache:0.09856722
DataFileDefrag:0.073851086
TextCache:0.0720118
RowStoreAVLHybridExtended:0.050773352
RowStoreDataChange:0.0501412
