RowAVLDiskData:0.30548677
RowAVLDisk:0.28722382
TransactionManagerMV2PL:0.16436496
TransactionManager2PL:0.15852423
RowAction:0.15763375
TransactionManager:0.14979547
TransactionManagerMVCC:0.13586049
RowDiskDataChange:0.11681559
TransactionManagerCommon:0.10804766
RowAVLDiskLarge:0.08765043
TableBase:0.06667761
RowAVL:0.058289617
StatementResultUpdate:0.048041128
Table:0.04656774
ExpressionLogical:0.042402025
StatementDML:0.03758354
Constraint:0.03659681
TextTable:0.03514835
Session:0.034254484
TableDerived:0.034134034
TableWorks:0.029827433
Expression:0.028929496
ExpressionTable:0.02775464
RangeVariable:0.024037058
SchemaManager:0.019947128
StatementSchema:0.014516872
