FigureToolBar:0.32666666666666666
FillToolBar:0.31666666666666665
StrokeToolBar:0.31666666666666665
CanvasToolBar:0.25666666666666665
