Player:0.6833333333333333
Game:0.5833333333333334
ModelMessage:0.35
