Feature:0.39
Ability:0.37333333333333335
Modifier:0.35333333333333333
Colony:0.325
Settlement:0.32
CombatTest:0.2733333333333333
IndianSettlement:0.25666666666666665
Specification:0.25333333333333335
FreeColGameObjectType:0.19666666666666666
SimpleCombatModel:0.16333333333333333
PreCombatDialog:0.09333333333333334
