AbstractUnit:0.22803451
NationType:0.17850834
Specification:0.1560227
FreeColObject:0.15323624
