SettlementType:0.22000076
Settlement:0.18507485
EuropeanNationType:0.102104865
IndianNationType:0.10096534
FreeColGameObjectType:0.0706953
FreeColObject:0.068393014
Player:0.060425803
Nation:0.050384164
Modifier:0.04673634
Specification:0.04482317
NationOptions:0.03740148
RandomRange:0.035556212
Unit:0.029706072
FeatureContainer:0.008327679
