View:0.6766666666666666
VFSBrowser:0.385
VFSDirectoryEntryTable:0.23333333333333334
PluginsMenuButton:0.23
PaintCaret:0.12666666666666668
