Specification:0.6033333333333334
FreeCol:0.47333333333333333
MapGenerator:0.30666666666666664
