Unit:0.8338888888888889
InGameInputHandler:0.31666666666666665
