Tag:0.5333333333333333
Entry:0.4655555555555555
TagValidation:0.39666666666666667
TagUtil:0.36
TagValidationTool:0.26
TagValidationFrame:0.24666666666666667
TagValidationTest:0.20666666666666667
ErrorReport:0.17444444444444446
StaticUtilsTest:0.17
TagRepair:0.13333333333333333
InsertTagsPopup:0.09333333333333334
TagRepairTest:0.08333333333333333
TagUtilTest:0.04
TagComparator:0.03666666666666667
