MToolBar:0.56
MLabel:0.46
MSearchPanel:0.29277777777777775
MTextFieldPanel:0.26
Presentation:0.21666666666666667
SearchBar:0.2127777777777778
QuickOpenDialog:0.2127777777777778
ChartPanel:0.21
PrintPreviewPanel:0.2
SummaryPanel:0.2
InternetSearchPanel:0.2
ControlPanel:0.18
MainWindow:0.18
VersionPanel:0.17333333333333334
