Figure:0.6233333333333333
SimpleDrawingView:0.48
AbstractTool:0.22666666666666666
ConnectingFiguresSample:0.19333333333333333
PreorderIterator:0.15555555555555556
SimplePropertyBean:0.1
SimpleDrawingRenderer:0.056666666666666664
DrawingRenderer:0.04
