Links:0.5133333333333333
TaskModel:0.3566666666666667
Pager:0.33
Button:0.32666666666666666
PagerSettings:0.14333333333333334
