StringUtil:0.5266666666666666
EditorController:0.4122222222222222
StringUtilTest:0.12333333333333334
