DataFileCache:0.4552049
PersistentStoreCollectionSession:0.035998978
RowStoreAVLHybrid:0.029328378
ScaledRAFile:0.02804963
Cache:0.015862577
DataFileBlockManager:0.010657483
RandomAccessInterface:0.0023493124
