Tile:0.66
ImageLibrary:0.3433333333333333
ColopediaPanel:0.2633333333333333
GUI:0.24
MapGenerator:0.22666666666666666
UnitInfoPanel:0.16
TerrainGenerator:0.14222222222222225
