Table:0.15516686
Database:0.068390414
Session:0.041316554
TableBase:0.038525738
StatementCommand:0.03738407
Row:0.030262047
HsqlNameManager:0.02919376
HsqlException:0.012037252
TableUtil:0.0080359485
Tokens:0.0
