StringUtil:0.6066666666666667
TMXReader:0.4266666666666667
GlossaryEntry:0.2866666666666667
TMXReader2:0.26
ParseEntry:0.20333333333333334
