SegmentationCustomizer:0.5233333333333333
ProjectFilesListController:0.5105555555555557
NewTeamProject:0.34
