Player:0.5033333333333333
Tile:0.5033333333333333
TypeCountMap:0.28
