DataFileCache:0.22585317
Logger:0.21312597
DataFileDefrag:0.102545656
HsqlDatabaseProperties:0.08550973
ScriptRunner:0.06442198
HsqlProperties:0.028689092
Crypto:0.0021034784
