TransactionManagerMV2PL:0.3462409
TransactionManagerMVCC:0.34519446
TransactionManager2PL:0.33715096
Session:0.21766156
TransactionManager:0.1703276
RowAction:0.15527837
SessionManager:0.097042814
Row:0.09304231
SessionContext:0.085005745
RowActionBase:0.074590676
SessionData:0.07351562
Database:0.071088806
TableBase:0.067509025
Statement:0.057973415
SessionInterface:0.0306063
SqlInvariants:0.008697447
HsqlException:0.0038166181
