TextCache:0.2451697
DataFileCache:0.21308468
CachedObject:0.14077039
