MTogglePanel:0.678888888888889
ToggleButton:0.3233333333333333
MTimeline:0.27
