RowAction:0.6366666666666667
DataFileCache:0.49333333333333335
TransactionManagerMVCC:0.3933333333333333
RangeIteratorMain:0.22333333333333333
