Unit:0.8266666666666667
UnitAction:0.29
UnloadAction:0.25
MapControls:0.21
ActionManager:0.19333333333333333
InGameMenuBar:0.17666666666666667
UnitStateChangeAction:0.06666666666666667
