Environment:0.5966666666666667
DateUtil:0.44
WikiPageInfo:0.39
WikiSignatureTag:0.11666666666666667
