Player:0.6066666666666667
ChoiceDialog:0.33444444444444443
InGameController:0.31666666666666665
FoundingFatherTest:0.2733333333333333
ServerPlayer:0.25666666666666665
DebugMenu:0.13666666666666666
PreGameController:0.1322222222222222
InGameControllerTest:0.08333333333333333
