MPanel:0.6433333333333333
AbstractListTableModel:0.25333333333333335
PropertyPanel:0.20666666666666667
ArchiveChannel:0.20333333333333334
PluginManager:0.1875
MIconChooser:0.17194444444444446
