RangeVariable:0.44
RowStoreAVL:0.38666666666666666
HsqlDateTime:0.36333333333333334
FrameworkLogger:0.33
