HashSet:0.64
Server:0.48333333333333334
OrderedHashSet:0.25666666666666665
ServerConfiguration:0.21333333333333335
StatementHandler:0.20333333333333334
JDBCXADataSource:0.16333333333333333
