GUI:0.5966666666666667
InGameController:0.5833333333333334
OptionsDialog:0.23333333333333334
ClientOptionsDialog:0.17
