Player:0.5766666666666667
FreeColServer:0.35
StringOption:0.3
InGameController:0.25666666666666665
