Type:0.17338061
Types:0.008688967
