Database:0.09151164
SessionManager:0.074338615
DatabaseURL:0.06540394
Session:0.04653612
HsqlException:0.008736689
Server:0.0038720397
