HsqlProperties:0.49723247
Logger:0.10550787
TextCache:0.073578715
Log:0.04094408
DataFileCache:0.03799515
ScaledRAFile:0.025321636
LockFile:0.022188777
