DateTimeType:0.34094852
DTIType:0.29285824
IntervalSecondData:0.2789407
IntervalMonthData:0.23015964
NumberType:0.21709646
Type:0.20822448
CharacterType:0.08923283
Types:0.08443821
NullType:0.06556009
TimestampData:0.020350214
TimeData:0.019159574
