GUIUtilities:0.067523025
EditAction:0.062349815
StatusBar:0.04431666
jEdit:0.015749432
View:0.014434075
MacrosMenu:0.012086539
