JEditTextArea:0.29965955
SelectLineRange:0.20005004
Buffer:0.1661368
TextAreaPainter:0.0800977
SearchAndReplace:0.060116496
BufferHistory:0.053033
jEdit:0.0445871
HyperSearchRequest:0.043899007
BeanShell:0.04259538
HyperSearchResults:0.038419247
SearchBar:0.024488414
