TK:0.016218921
UI:0.008222225
MLogger:0.0055192113
