TaskModel:0.1999998
Sorter:0.12813434
Filter:0.10893947
TaskTable:0.08792162
DateTimeRenderer:0.075746834
SummaryRenderer:0.035831563
