Tree:0.7166666666666667
FeedsFS:0.3755555555555556
FeedDownloader:0.30333333333333334
