InGameController:0.6366666666666667
CloseTransactionMessage:0.2633333333333333
GetTransactionMessage:0.25
