GoToMission:0.36051264
CompoundMission:0.35392088
ImprovementMission:0.3501026
Mission:0.052928455
