TableWorks:0.5866666666666667
SchemaManager:0.4655555555555555
HsqlSocketFactorySecure:0.3433333333333333
