Game:0.1777248
FreeColGameObject:0.09922337
Building:0.022783061
Player:0.021731732
Tile:0.021602804
Colony:0.021220485
Unit:0.013079869
