Preferences:0.4666666666666667
MatchesTextArea:0.29333333333333333
GlossaryTextArea:0.28
MultipleTransPane:0.24
DictionariesTextArea:0.23
NotesTextArea:0.2
CommentsTextArea:0.10333333333333333
