UI:0.7666666666666667
Style:0.32
FontBuilder:0.27666666666666667
TextUtils:0.24
PropertyPanel:0.22
TaskTable:0.21666666666666667
WebBrowserTab:0.16666666666666666
MFontButton:0.15
MCheckBox:0.12
MRadioButton:0.10333333333333333
