MComboBox:0.7333333333333333
ImageEditor:0.48
ResizeDialog:0.38
CompleteEditor:0.11666666666666667
