MetaInfoMenu:0.26102987
MetaInfo:0.2477397
AbstractFS:0.21103443
MetaInfoAction:0.12513977
