Table:0.65
RowStoreAVLDisk:0.3277777777777778
SchemaManager:0.29
TableWorks:0.2866666666666667
Logger:0.2733333333333333
FunctionSQL:0.2488888888888889
Database:0.21333333333333335
StatementCommand:0.16666666666666666
