TK:0.07411661
MAboutDialog:0.012785752
