MDialog:0.74
MAboutDialog:0.44
ColorPalette:0.3933333333333333
MSystemTray:0.18333333333333332
