IEditor:0.6977777777777778
RealProject:0.42
EditorController:0.36333333333333334
GlossaryTextAreaTest:0.16666666666666666
ForceCommitTimer:0.16333333333333333
