Feed:0.15708967
FeedComponent:0.1064533
