Expression:0.49687132
RangeVariable:0.2144704
ColumnSchema:0.1385741
RangeGroup:0.06598545
Session:0.022927295
OpTypes:0.012227533
