Expression:0.56982523
ExpressionLogical:0.42969698
RangeVariable:0.39741227
QuerySpecification:0.34754428
FunctionSQLInvoked:0.25650358
ExpressionAggregate:0.2531258
RangeVariableJoined:0.24995977
ExpressionArrayAggregate:0.22835204
Table:0.17972453
ParserDML:0.17060493
ParserDQL:0.1401286
QueryExpression:0.1384944
SortAndSlice:0.13123885
StatementDMQL:0.11478901
Token:0.10756956
ParserDDL:0.1073846
StatementDML:0.096052684
TableDerived:0.09545919
ColumnSchema:0.085510574
FunctionCustom:0.08380003
SessionContext:0.08293442
OpTypes:0.07253138
SchemaManager:0.05787846
NumberSequence:0.054856848
HsqlNameManager:0.04641475
RangeGroup:0.034869626
Session:0.029217301
SchemaObject:0.021996576
Database:0.021891976
Statement:0.021662796
ParserCommand:0.019894652
ColumnBase:0.01904012
SessionData:0.010850829
Tokens:0.0
