StatementQuery:0.29222226
QueryExpression:0.14891319
StatementCompound:0.1446354
StatementDMQL:0.12845072
SessionContext:0.08414049
ParserDQL:0.08349076
Session:0.08170677
