TriggerDef:0.402778
Table:0.14921917
SchemaObject:0.1335593
Routine:0.1319685
Expression:0.12944221
ParserDDL:0.12628417
SessionContext:0.11443054
Statement:0.10647134
RangeVariable:0.08500583
Session:0.06248867
HsqlNameManager:0.04460969
