LogItem:0.33394274
TopicVersion:0.20710169
Topic:0.016970858
