jEdit:0.5933333333333334
Buffer:0.51
MiscUtilities:0.28
View:0.24333333333333335
DefaultInputHandler:0.24
BufferChangeHandler:0.23166666666666666
BufferChangeAdapter:0.23166666666666666
QuickNotepad:0.18666666666666668
PanelWindowContainer:0.18
VFSBrowser:0.17666666666666667
FloatingWindowContainer:0.17
HyperSearchResults:0.14333333333333334
ViewConfig:0.11666666666666667
BufferChangeListener:0.10642857142857143
LogViewer:0.04
