ConstructionPanel:0.072240755
FreeColPanel:0.025127035
