ConceptDetailPanel:0.21009257
FatherDetailPanel:0.14424244
ColopediaDetailPanel:0.13485593
BuildingDetailPanel:0.13026753
NationDetailPanel:0.121129155
TerrainDetailPanel:0.119325526
NationTypeDetailPanel:0.11111442
ColopediaGameObjectTypePanel:0.109765604
ResourcesDetailPanel:0.10821254
UnitDetailPanel:0.08647208
ChooseFoundingFatherDialog:0.08434452
GoodsDetailPanel:0.07549184
ColopediaTreeCellRenderer:0.05850878
FreeColPanel:0.043874294
ColopediaTreeItem:0.04038068
