ColopediaPanel:0.31216922
ColopediaDetailPanel:0.2722957
ColopediaTreeItem:0.06788918
FreeColPanel:0.036529966
