Connection:0.16900267
NetworkReplyObject:0.10549121
DOMMessage:0.03871574
