MWhatsThis:0.068806626
MMenu:0.06587907
MSizeGrip:0.06434225
MPanel:0.06394683
MButton:0.058684263
MList:0.0585977
MColorIcon:0.0582575
MDialog:0.0541861
ImageBorder:0.05158347
CoolHeader:0.048329905
MToolBar:0.04552872
Watermark:0.04275344
Config:0.042553883
ImageSelection:0.042056613
MCellTip:0.037495915
MHighlighter:0.036105018
SimpleListCellRenderer:0.03439052
MLogger:0.03414132
MInternalFrame:0.03262387
MTogglePanel:0.031388547
MTabbedPane:0.030878076
MColorChooser:0.030401785
MAction:0.030389242
MSplashScreen:0.030188853
TK:0.027780337
MCalendar:0.027434943
MIcon:0.027073119
MURLButton:0.026765317
MFontChooser:0.024865435
MText:0.024831615
MWindow:0.02476083
MAbout:0.024707656
MScrollPane:0.02402623
MComboBox:0.023092462
MMultiPanel:0.02298739
MWizard:0.022822767
MStatusBar:0.022338334
MColorPicker:0.020438988
MRating:0.020213136
BooleanProperty:0.020147402
MNotification:0.019736318
MMessage:0.0195822
Property:0.019473074
MWebBrowser:0.019068876
MTip:0.018839883
OS:0.018200796
MFrame:0.017768098
MTable:0.01686236
MSettingsDialog:0.01659432
AbstractSpinner:0.01584228
CoolLabel:0.015798258
MTextFieldPanel:0.013356398
MButtonPanel:0.013212392
MFileChooser:0.013053769
SimpleTableCellRenderer:0.012825378
MouseGestures:0.012208083
MFontComboBox:0.011230041
MTextPane:0.010708483
MApplication:0.01009237
MTextLabel:0.010012557
MDateSpinner:0.009596319
MColor:0.008998928
MIconChooser:0.008948238
MLabel:0.008864264
MPasswordField:0.008780476
MSystemTray:0.008431473
IntegerProperty:0.007593183
AbstractListTableModel:0.006874591
MTextArea:0.0067888983
MSlider:0.00668637
MDownloadDialog:0.0065160054
MTextField:0.0056903446
EnumProperty:0.0056559676
Flags:0.0051325946
MThrobber:0.0050783227
MSmallButton:0.004945178
MMouseAdapter:0.0039989967
Gettext:0.0037265788
MMenuBar:0.0032192175
MToggleButton:0.0025665683
MMenuItem:0.0022966985
