RealProject:0.44888888888888884
TMXWriter:0.43333333333333335
Main:0.3
