Property:0.4089831
AppInfo:0.2602394
Config:0.21106924
OS:0.15299436
MURLButton:0.11069418
TK:0.092983216
MLogger:0.051915687
