GUI:0.5016666666666667
ActionManager:0.29333333333333333
InGameMenuBar:0.23
MapEditorMenuBar:0.23
