OStrings:0.5033333333333333
PropertiesShortcuts:0.35
SRX:0.29
GlossaryManager:0.2658333333333333
Handler:0.23666666666666666
EditorController:0.21
XMLStreamReader:0.20666666666666667
Searcher:0.20333333333333334
FilterEditor:0.19666666666666666
SearchWindowController:0.19666666666666666
TMXReader:0.18333333333333332
SegmentationCustomizer:0.18
HelpFrame:0.175
TMXReader2:0.17333333333333334
ProjectUICommands:0.17
ProjectFileStorage:0.13666666666666666
AboutDialog:0.13666666666666666
PropertiesShortcutsTest:0.13
DisplayMatches:0.10333333333333333
