Player:0.5166666666666667
Event:0.4066666666666667
FoundingFatherTest:0.3
FoundingFather:0.2833333333333333
