MFontChooser:0.7449444444444445
FontListPreloader:0.2891666666666667
