Main:0.5366666666666666
Editor:0.34800000000000003
Task:0.23194444444444443
Query:0.23194444444444443
DesktopPanel:0.22672222222222221
Widget2Help:0.19333333333333333
MAuthenticator:0.13666666666666666
MAbout:0.13666666666666666
Screenshot:0.1322222222222222
ShowGridAction:0.10666666666666667
AboutAction:0.09333333333333334
CustomAdvancedPanel:0.09333333333333334
MFormatter:0.09333333333333334
