MButton:0.4633333333333333
FeedViewer:0.34
MColorChooserDialog:0.25
MMultiPanel:0.21666666666666667
HTMLColorChooserPanel:0.21
MSmallButton:0.14333333333333334
