DefaultInputHandler:0.25585186
GrabKeyDialog:0.19361176
CompleteWord:0.12934309
View:0.06010455
OperatingSystem:0.022244876
JEditTextArea:0.00670446
