ArchiveChannel:0.5133333333333333
FeedDownloader:0.37333333333333335
Gettext:0.32666666666666666
Expired:0.24
