UI:0.6333333333333333
MSimpleLayout:0.4633333333333333
MPanel:0.45666666666666667
LinkEditor:0.25
PickerColorChooserPanel:0.15666666666666668
DateTimeDialog:0.15
MCheckBoxTable:0.15
