Figure:0.6866666666666666
AbstractFigure:0.4166666666666667
BezierFigure:0.25
ODGPathFigure:0.20666666666666667
LineConnectionFigure:0.19666666666666666
ODGEllipseFigure:0.19666666666666666
ODGRectFigure:0.19666666666666666
SVGPathFigure:0.17666666666666667
SVGRectFigure:0.17
SVGEllipseFigure:0.17
SVGTextAreaFigure:0.17
SVGImageFigure:0.17
SVGTextFigure:0.17
LineFigure:0.04666666666666667
GroupFigure:0.02666666666666667
