MCalendarPanel:0.7833333333333333
SummaryData:0.4633333333333333
CalendarWidget:0.28
CalendarComponent:0.21
Events:0.0
