View:0.51
HistoryText:0.41
KeyEventWorkaround:0.24666666666666667
ActionHandler:0.11333333333333333
