MActionInfo:0.61
MDialog:0.6066666666666667
Desktop:0.2633333333333333
InternetSearchPanel:0.2633333333333333
SummaryTree:0.24666666666666667
