Colony:0.4533333333333333
IndianSettlement:0.44333333333333336
Settlement:0.38333333333333336
IndianSettlementTest:0.043333333333333335
