Drawing:0.8733333333333333
DefaultDrawingView:0.38333333333333336
QuadTreeDrawing:0.35333333333333333
DefaultDrawing:0.2966666666666667
