jEdit:0.6933333333333334
ActionSet:0.25
GeneralOptionPane:0.23666666666666666
Registers:0.20666666666666667
DockableWindowManager:0.2
ServiceManager:0.1963888888888889
PluginList:0.15333333333333332
AppearanceOptionPane:0.13666666666666666
PerspectiveManager:0.13
GlobalOptions:0.12666666666666668
BufferHistory:0.1
HelpTOCPanel:0.09333333333333334
