Unit:0.6833333333333333
UnitType:0.42
ReportLabourPanel:0.20333333333333334
ScoutingMission:0.19
FoundingFatherTest:0.17
AbstractUnitTest:0.11333333333333333
UnitTest:0.1
