Widget:0.7333333333333333
MWhatsThis:0.44
NoteWidget:0.3233333333333333
InternetSearchWidget:0.22
