EditAction:0.15451622
ActionListHandler:0.15214713
BeanShell:0.09605231
BeanShellErrorDialog:0.01968621
Log:0.011068088
View:0.003293069
