OptionsDialog:0.57728714
OptionPane:0.03838173
