Drawing:0.8519444444444445
QuadTreeDrawing:0.38333333333333336
DefaultDrawing:0.31333333333333335
