Property:0.22344118
TK:0.1617379
MApplication:0.12576307
UI:0.103082865
MLogger:0.08695737
IntegerProperty:0.08590057
MProperties:0.08183606
FS:0.0751206
SecureProperty:0.07481892
MDate:0.07169791
EnumProperty:0.068216614
MFileChooser:0.06313845
ColorProperty:0.059913445
MTable:0.05591983
MTip:0.05387962
OS:0.047223225
MList:0.0453773
DateProperty:0.045067694
DoubleProperty:0.04441648
FloatProperty:0.042594515
MTabbedPane:0.041083917
Flags:0.038838793
BooleanProperty:0.038824867
FontProperty:0.036406234
RegExp:0.03482792
MSettingsDialog:0.033540767
StringProperty:0.032038
MColorPicker:0.03188498
MColorChooser:0.029435724
MTogglePanel:0.02916412
MNotification:0.028690292
ColumnManager:0.022144223
MFontChooser:0.019057317
MMainWindow:0.018614467
MFrame:0.015497087
MLoginPanel:0.011650164
Kiosk:0.009729778
