Colony:0.6266666666666667
Consumer:0.48111111111111104
BuildQueue:0.37333333333333335
GoodsTest:0.23
BuildQueuePanel:0.18333333333333332
ServerColony:0.13666666666666666
