AnsiQueryHandler:0.6666666666666666
DatabaseConnection:0.5633333333333334
AnsiDataHandler:0.38
