FileCache:0.27134946
FS:0.07641752
TK:0.053061537
SimpleXMLReader:0.039523065
AbstractMarkupBuilder:0.02871318
RegExp:0.022508081
MLogger:0.01814247
XMLBuilder:0.006594448
