MAction:0.9233333333333333
MText:0.3466666666666667
DnDTransferHandler:0.19666666666666666
Paste:0.17666666666666667
Cut:0.11055555555555557
Copy:0.11055555555555557
CutAction:0.11
PasteAsStickyNoteAction:0.11
PasteAction:0.10666666666666667
CopyAction:0.10666666666666667
