FS:0.92
ImportExport:0.24333333333333335
TextEditorCore:0.2088888888888889
ScriptIDE:0.19222222222222224
AbstractMarkupBuilder:0.18333333333333332
NotepadEditorCore:0.14666666666666667
