ImageSelection:0.24593705
FileSelection:0.20423093
TK:0.15516947
MLogger:0.0038082877
