ColorUtil:0.6
WheelsAndSlidersMain:0.28444444444444444
CMYKNominalColorSpace:0.24333333333333335
CIEXYChromaticityDiagram:0.24
AbstractColorWheelImageProducer:0.24
CIEXYChromaticityDiagramImageProducer:0.23
CIELABColorSpace:0.15666666666666668
CIELCHabColorSpace:0.14666666666666667
ComplexColorWheelImageProducer:0.14333333333333334
ColorSquareImageProducer:0.14333333333333334
