RectangleTool:0.33938757
EraserTool:0.17206268
Tool:0.17005989
RedRectangleTool:0.09695751
