UI:0.7633333333333333
MDate:0.37
PropertyPanel:0.29
MNumberSpinner:0.23666666666666666
