MediaWikiXmlImporter:0.4266666666666667
MigrationUtil:0.36666666666666664
MediaWikiConstants:0.33546031746031746
MediaWikiXmlExporter:0.32666666666666666
TopicImporter:0.15105555555555555
TopicExporter:0.14772222222222223
