InGameController:0.5233333333333333
GUI:0.415
ConnectController:0.3566666666666667
MapEditorController:0.22666666666666666
FileOptionUI:0.18
