Omegat:0.18290772
Masks:0.12948403
ObjectFactory:0.008825394
