Server:0.49666666666666665
FreeColServer:0.36333333333333334
Market:0.32666666666666666
PreGameController:0.2111111111111111
