User:0.5733333333333334
Session:0.48222222222222216
UserTypeModifier:0.29527777777777775
ParserDQL:0.29
ParserDDL:0.27
ParserCommand:0.22577777777777783
StatementCommand:0.20333333333333334
