AbstractUnit:0.15488617
UnitType:0.12919897
FreeColObject:0.115510404
BuildableType:0.11343429
TileImprovementType:0.10807316
GoodsType:0.107190855
Settlement:0.105642326
Europe:0.10395919
FreeColGameObjectType:0.097588405
AbstractGoods:0.08387891
TileImprovement:0.083329335
Modifier:0.082173444
Unit:0.08033581
Specification:0.07300267
Colony:0.049005847
Player:0.038339164
UnitWas:0.027716616
SimpleCombatModel:0.024201302
FeatureContainer:0.011717121
