Goods:0.20788692
Player:0.20744957
FreeColObject:0.2051589
Unit:0.2050186
FreeColGameObject:0.20250176
UnitType:0.20155503
UnitLocation:0.19134673
Game:0.16954818
Market:0.16673017
Map:0.16485347
EquipmentType:0.15724328
TradeRoute:0.14521188
Specification:0.1324216
GoodsType:0.13210896
Ability:0.12496973
AbstractGoods:0.112293705
BuildableType:0.10636872
StringTemplate:0.09881325
FeatureContainer:0.06236787
UnitWas:0.044621505
Ownable:0.03372309
Locatable:0.024661414
Named:0.009375293
EuropeWas:0.007233804
