Player:0.2247217
Colony:0.217302
Tile:0.18643606
Settlement:0.1855682
Map:0.17049783
UnitType:0.16087298
ColonyTile:0.15547067
Building:0.1546841
WorkLocation:0.14562885
Europe:0.14144185
IndianSettlement:0.13276914
UnitLocation:0.11411033
SimpleCombatModel:0.11396623
Goods:0.110429406
PathNode:0.10091163
TileImprovement:0.096054524
UnitWas:0.09470282
EquipmentType:0.09168959
Location:0.09153156
Specification:0.09075764
TradeRoute:0.09001312
TileItemContainer:0.08813242
TileImprovementType:0.086237825
GoodsContainer:0.08354212
TileType:0.07923409
GoodsLocation:0.07682123
Ability:0.070771135
Locatable:0.06788865
Game:0.06347501
PlayerExploredTile:0.06278287
FreeColGameObject:0.061053514
LostCityRumour:0.05977436
TileItem:0.05519947
GoodsType:0.049582247
ProductionCache:0.046362992
Consumer:0.04343877
FreeColObject:0.03886111
FeatureContainer:0.038679
CombatModel:0.03707288
Feature:0.03672238
StringTemplate:0.034739163
FreeColGameObjectType:0.034290142
HighSeas:0.03382684
NationType:0.030821271
TradeItem:0.030405004
GoodsTradeItem:0.028332861
UnitTradeItem:0.027864216
Modifier:0.026700914
BuildableType:0.02570145
Ownable:0.025008269
AbstractGoods:0.024914403
SettlementType:0.024832068
NationSummary:0.023021286
Turn:0.021177392
Movable:0.019978568
ProductionInfo:0.017299276
Nation:0.017217115
Nameable:0.011245216
TypeCountMap:0.0083348
FreeColGameObjectListener:0.0026058615
