FreeColTestUtils:0.115970924
MockModelController:0.018642338
