MApplication:0.5266666666666666
MAbout:0.2733333333333333
Main:0.24
NotepadEditor:0.22333333333333333
TaskList:0.17111111111111113
