GUI:0.5822222222222223
UnitImageAnimation:0.38333333333333336
UnitMoveAnimation:0.31333333333333335
