Map:0.5233333333333333
Canvas:0.3933333333333333
GUI:0.2833333333333333
MiniMap:0.23666666666666666
ScrollThread:0.15666666666666668
