Limit:0.56
Colony:0.36666666666666664
UnitType:0.35333333333333333
BuildingType:0.3433333333333333
Specification:0.33
LimitTest:0.22333333333333333
BuildQueuePanel:0.19666666666666666
BuildableType:0.1211111111111111
