MMenu:0.16573481
MAction:0.113671444
MToolBar:0.09647665
TK:0.06387821
MFontChooser:0.056842692
MWebBrowserPanel:0.04566559
MToggleButton:0.027864983
MColorChooser:0.024738839
WTFError:0.009752287
