AIPlayer:0.7046666666666667
EuropeanAIPlayer:0.3333333333333333
