GroupTree:0.61
Node:0.5341666666666667
GeneralSettings:0.30333333333333334
Advanced:0.24
Renderer:0.13444444444444442
