ResourceBundleUtil:0.75
OSXApplication:0.33666666666666667
OpenFileAction:0.25
SaveFileAction:0.24
SDIApplication:0.22
MDIApplication:0.20666666666666667
OpenRecentFileAction:0.17
