LinkUtil:0.5366666666666666
ImageUtil:0.49666666666666665
LuceneSearchEngine:0.33916666666666667
ParserFunctionUtil:0.26666666666666666
