Player:0.6033333333333334
Nation:0.47333333333333333
Monarch:0.36333333333333334
ColopediaPanel:0.22333333333333333
FreeColServer:0.20333333333333334
ConfirmDeclarationDialog:0.19333333333333333
FreeColTestCase:0.17666666666666667
PlayerCellRenderer:0.12
