JDBCDatabaseMetaData:0.8133333333333334
JDBCConnection:0.4083333333333333
