Config:0.7233333333333334
Index:0.37333333333333335
PluginDownloader:0.2227777777777778
Backup:0.21861111111111114
OS:0.21416666666666667
Archive:0.19444444444444445
ImportExport:0.17
