InputHandler:0.077444
PreGameController:0.060802937
