Tile:0.7233333333333334
Map:0.44666666666666666
FreeColGameObject:0.44333333333333336
