Handler:0.5966666666666667
CatalogManager:0.51
XmlPlugin:0.41
SAXParserImpl:0.2733333333333333
