MNotification:0.5566666666666666
MPainter:0.41
MDateTimePanel:0.39666666666666667
ScriptIDE:0.17
