IconTheme:0.6191666666666666
Loader:0.44666666666666666
