StringTemplate:0.15773502
Game:0.12271916
Player:0.112287916
Market:0.0752687
Colony:0.07453313
FreeColGameObject:0.06462877
FreeColObject:0.06007386
Specification:0.03242272
