GUI:0.8266666666666667
FreeColDialog:0.3233333333333333
FreeColMenuBar:0.15333333333333332
