TodoEditorCore:0.4666666666666667
TaskInfo:0.38666666666666666
TaskModel:0.31333333333333335
TaskManager:0.27666666666666667
