Preferences:0.8
SegmentBuilder:0.4166666666666667
MainWindowMenuHandler:0.35
MainWindowMenu:0.2833333333333333
EditorSettings:0.14666666666666667
Styles:0.11904761904761905
