FileVFS:0.19750081
VFS:0.15955687
VFSManager:0.09731044
VFSBrowser:0.06101087
BrowserView:0.04121456
Log:0.03436414
