QuickNotepadOptionPane:0.07824099
FontSelectorDialog:0.06603966
GutterOptionPane:0.04873371
PrintOptionPane:0.047303874
TextAreaOptionPane:0.046497636
jEdit:0.03487779
