AutoCompletion:0.4266666666666667
MDialog:0.36333333333333334
CompletionWindow:0.32666666666666666
Wizard:0.28
UpdateDialog:0.15666666666666668
