MAction:0.9266666666666666
ImportExport:0.26666666666666666
AbstractFS:0.26
Projects:0.23333333333333334
AbstractImportAction:0.16666666666666666
