UI:0.8633333333333333
MCalendarPanel:0.49333333333333335
DateTimeDialog:0.2966666666666667
DeletePrivateDataPlugin:0.16111111111111112
