MFileChooser:0.54
Title:0.39466666666666667
FeedThread:0.31666666666666665
FetchFeedsAction:0.19333333333333333
