ReportPanel:0.43
ReportColonyPanel:0.18333333333333332
ReportTradePanel:0.18333333333333332
ReportTurnPanel:0.18333333333333332
ReportIndianPanel:0.15333333333333332
ReportLabourPanel:0.15333333333333332
ReportMilitaryPanel:0.11333333333333333
ReportForeignAffairPanel:0.11333333333333333
ReportNavalPanel:0.11333333333333333
ReportContinentalCongressPanel:0.07
ReportReligiousPanel:0.06
