FS:0.7666666666666667
Tester:0.32666666666666666
Main:0.31666666666666665
ImportExport:0.29333333333333333
