HsqlDatabaseProperties:0.42333333333333334
NumberType:0.39666666666666667
Logger:0.33666666666666667
TransactionManagerMVCC:0.32
RowStoreAVLHybrid:0.3
TextTable:0.27416666666666667
Database:0.25666666666666665
IndexAVLMemory:0.25083333333333335
TestLobs:0.24666666666666667
IndexAVL:0.22333333333333333
ParserCommand:0.18
StatementCommand:0.16333333333333333
ExpressionArithmetic:0.15333333333333332
