InstallPluginsDialog:0.33472452
PluginListDownloadProgress:0.24493481
PluginManagerProgress:0.15559812
jEdit:0.14385027
PluginList:0.13832977
EditPlugin:0.12519452
Roster:0.08520338
View:0.07286573
GUIUtilities:0.06171232
MiscUtilities:0.035800915
