Expression:0.7825
Library:0.4533333333333333
Parser:0.32666666666666666
