Property:0.22739848
Config:0.19891739
UI:0.18788995
Kiosk:0.14604205
MDialog:0.119160905
MLogger:0.03595505
