ChartModel:0.07529611
ChartPainter:0.06653278
