Property:0.09580967
Config:0.09522545
UI:0.079000756
TK:0.06567113
MTable:0.033053607
