MDate:0.11403894
MCalendar:0.11033841
MText:0.08930679
AbstractSpinner:0.055204086
MMenu:0.01805108
AppAction:0.014596355
UI:0.00774734
