MAbout:0.10451734
MTextField:0.07408095
UI:0.012169347
