TradeRoute:0.4666666666666667
InGameController:0.43666666666666665
TradeRouteDialog:0.3011111111111111
AssignTradeRouteMessage:0.17777777777777778
