Table:0.7166666666666667
Session:0.30666666666666664
TextCache:0.26466666666666666
TestCacheSize:0.25666666666666665
Constraint:0.22333333333333333
