FeedsFS:0.43388888888888894
CategoryManager:0.4
AddFeedDialog:0.37333333333333335
