MDialog:0.8633333333333333
MButtonPanel:0.26666666666666666
MSettingsDialog:0.26
