BSHPrimarySuffix:0.7515878
Reflect:0.29847333
BSHLHSPrimaryExpression:0.2613002
LHS:0.21992901
Interpreter:0.21649641
BSHArguments:0.20288862
Primitive:0.1466994
SimpleNode:0.14359
EvalError:0.093368374
TargetError:0.089993544
Parser:0.035952862
CallStack:0.03488508
ReflectError:0.03256535
InterpreterError:0.015816009
