StaticUtils:0.43
GlossaryEntry:0.33666666666666667
HistoryManager:0.23
ScriptsMonitor:0.22666666666666666
FileDropInfo:0.21333333333333335
HunspellTokenizer:0.21333333333333335
NearString:0.1905
FileUtil:0.19
OneFilter:0.1877777777777778
FindGlossaryThread:0.11
Filters:0.09
