SearchAndReplace:0.535
SearchDialog:0.5166666666666667
PatternSearchMatcher:0.35333333333333333
SearchBar:0.32666666666666666
