Editor:0.6633333333333333
TodoEditorCore:0.27777777777777773
ImageEditor:0.2688888888888889
TodoEditor:0.26
TextEditor:0.24781746031746035
NotepadEditor:0.24781746031746035
ImportExport:0.21333333333333335
EditorExport:0.14916666666666667
