DINameSpace:0.08401572
DatabaseScript:0.069073565
Table:0.067813866
DatabaseInformationFull:0.06382073
DatabaseCommandInterpreter:0.062674426
Trigger:0.0517234
HsqlNameManager:0.030315917
UserManager:0.029748138
Session:0.023367217
Token:0.018728195
HsqlException:0.0024411853
