User:0.31039986
DINameSpace:0.24172732
DatabaseInformationMain:0.16106088
Database:0.15937406
DatabaseCommandInterpreter:0.15635933
Table:0.15019704
Session:0.1374103
DatabaseInformationFull:0.13376631
Parser:0.12038443
DatabaseScript:0.099838845
TriggerDef:0.0838114
Trace:0.07837633
HsqlException:0.03175157
