InGameMenuBar:0.80531603
FreeColMenuBar:0.49910855
