BSHAmbiguousName:0.1998377
BSHArrayDimensions:0.17530608
BSHArguments:0.16060102
BSHBlock:0.15416655
Interpreter:0.14030863
This:0.11880431
SimpleNode:0.11692453
NameSpace:0.114915684
Reflect:0.10803929
Primitive:0.06562828
CallStack:0.04687417
TargetError:0.044364847
EvalError:0.04349309
Parser:0.042071998
BSHPrimitiveType:0.03484809
ReflectError:8.6994143E-4
