Primitive:0.27522555
NameSpace:0.13528322
Reflect:0.12476433
Interpreter:0.10778335
Parser:0.050592102
TargetError:0.02418229
ParserConstants:0.004569289
