BSHTypedVariableDeclaration:0.23207371
Primitive:0.10336956
NameSpace:0.10024467
Interpreter:0.06442771
Reflect:0.060147308
BSHType:0.039668806
TargetError:0.03436423
SimpleNode:0.034080554
This:0.0269631
Parser:0.021901809
EvalError:0.020725274
CallStack:0.00782897
Capabilities:0.0053455606
InterpreterError:4.7961288E-4
