BSHMethodDeclaration:0.27012205
BSHFormalParameter:0.24663813
BshMethod:0.096672356
SimpleNode:0.05479464
NameSpace:0.044433482
Parser:0.02619536
Primitive:0.014141245
EvalError:0.013906494
