BSHAmbiguousName:0.3017909
NameSpace:0.18559626
SimpleNode:0.14343481
CallStack:0.11572626
Interpreter:0.10960913
Name:0.09019594
Parser:0.026590655
EvalError:0.022029912
Primitive:0.019878367
