BSHMethodDeclaration:0.26319182
BSHType:0.18428598
SimpleNode:0.093924396
NameSpace:0.05550405
Primitive:0.02801693
Parser:0.026763093
EvalError:0.019511344
