BSHBlock:0.22389393
BSHFormalParameter:0.09291606
Interpreter:0.076468244
SimpleNode:0.05647146
NameSpace:0.055326466
TargetError:0.05523868
BlockNameSpace:0.05388944
EvalError:0.042976707
CallStack:0.03923147
Parser:0.032504693
Primitive:0.018668506
Node:0.012345022
ReturnControl:0.0010715323
