TargetError:0.19741946
SimpleNode:0.18833484
Interpreter:0.1525842
BSHMethodInvocation:0.13555151
BSHThrowStatement:0.1325362
BSHPrimarySuffix:0.12539496
BSHSwitchLabel:0.12421611
BSHTernaryExpression:0.119716585
BSHLHSPrimarySuffix:0.1139007
BSHStatementExpressionList:0.10959337
NameSpace:0.10439633
BSHForStatement:0.10255773
BSHArrayInitializer:0.09934346
BSHVariableDeclarator:0.098370396
BSHPrimaryExpression:0.09832174
BSHArguments:0.097248256
BSHAllocationExpression:0.096490785
BSHAmbiguousName:0.093839586
BSHIfStatement:0.09359805
Name:0.09282517
BSHReturnStatement:0.090579845
BSHFormalParameter:0.0904592
BSHMethodDeclaration:0.09020473
BSHBinaryExpression:0.089395754
BshMethod:0.088993385
BSHTryStatement:0.087780714
BSHWhileStatement:0.08753094
BSHAssignment:0.08691204
BSHArrayDimensions:0.0868337
BSHType:0.0851318
BSHImportDeclaration:0.085085966
BSHSwitchStatement:0.08508276
BSHBlock:0.08287238
BSHCastExpression:0.08184755
BSHLHSPrimaryExpression:0.0805707
BSHReturnType:0.077211775
ParseException:0.06968075
This:0.0656984
BSHUnaryExpression:0.061663173
Reflect:0.056581542
BSHFormalParameters:0.055178173
BSHLiteral:0.052871138
BSHTypedVariableDeclaration:0.049584296
ClassPathException:0.039242685
LHS:0.03473108
Primitive:0.032616444
BeanShell:0.03117998
XThis:0.026454492
BshClassManager:0.019523932
BlockNameSpace:0.017140348
JThis:0.015101516
DockableWindowManager:0.01109893
