ParseException:0.024835927
JJTParserState:0.022831047
Interpreter:0.02078592
ParserTreeConstants:0.01531132
ParserConstants:0.012142768
BSHBinaryExpression:0.008071418
Primitive:0.006979866
BSHUnaryExpression:0.0054553426
BSHMethodDeclaration:0.0034895272
ParserTokenManager:0.003453334
BSHAssignment:0.0033696075
BSHPrimarySuffix:0.0033212896
BSHTypedVariableDeclaration:0.0031031116
BSHCastExpression:0.0029554036
BSHPrimaryExpression:0.0029290693
BSHAllocationExpression:0.0028554518
BSHForStatement:0.0027414307
SimpleNode:0.002519089
BSHType:0.002404761
BSHLiteral:0.0023936864
BSHTryStatement:0.00232687
ASCII_UCodeESC_CharStream:0.0022367684
BSHTernaryExpression:0.002090026
BSHWhileStatement:0.0020002292
BSHLHSPrimarySuffix:0.0019625337
BSHVariableDeclarator:0.00193146
BSHIfStatement:0.0015038631
BSHMethodInvocation:0.0014240694
BSHLHSPrimaryExpression:0.0013930653
BSHSwitchStatement:0.0012362954
BSHArrayDimensions:0.0011685198
BSHReturnStatement:0.0010984201
BSHReturnType:9.7528496E-4
BSHImportDeclaration:9.053721E-4
BSHThrowStatement:8.0389803E-4
BSHFormalParameter:8.020968E-4
BSHBlock:7.924148E-4
BSHSwitchLabel:7.7884714E-4
BSHStatementExpressionList:7.02165E-4
BSHArrayInitializer:6.874295E-4
BSHAmbiguousName:6.220532E-4
Token:6.1740016E-4
BSHFormalParameters:5.936442E-4
BSHPrimitiveType:3.8016905E-4
BSHArguments:3.7213982E-4
BSHFormalComment:3.705099E-4
Node:3.971112E-5
