Parser:0.25048938
SimpleNode:0.0032040658
