Name:0.1807531
NameSpace:0.15358497
LHS:0.11965716
BSHPrimarySuffix:0.11704496
BSHLHSPrimarySuffix:0.11554687
Interpreter:0.08463363
XThis:0.07726143
This:0.06661165
BSHAllocationExpression:0.06509683
Primitive:0.059324607
BSHArrayInitializer:0.058669884
BSHCastExpression:0.051009227
BSHBinaryExpression:0.049284175
SimpleNode:0.04462634
ReflectManager:0.035079602
BSHArrayDimensions:0.03370034
TargetError:0.032464083
ReflectError:0.030223344
BshClassManager:0.028895654
StringUtil:0.021015342
Capabilities:0.015868617
EvalError:0.012607441
InterpreterError:0.0010756485
