XThis:0.33836886
NameSpace:0.31815654
Name:0.26546782
Interpreter:0.2609045
CallStack:0.18183713
BlockNameSpace:0.17955302
Reflect:0.16848472
JThis:0.14171852
BSHAllocationExpression:0.1257141
SimpleNode:0.11829661
BSHCastExpression:0.105632745
EvalError:0.040876843
Capabilities:0.039184
InterpreterError:0.009536866
