DatabaseManagerSwing:0.49333333333333335
Constraint:0.395
GridSwing:0.3566666666666667
TableSorter:0.2733333333333333
Binary:0.16199999999999998
ExecuteThread:0.0425
