jEdit:0.6033333333333334
BufferSetManager:0.34
EditPane:0.31394444444444447
ViewOptionPane:0.07
