TreePanel:0.2648743
Tree:0.18478137
AdvancedProperties:0.14332615
Preview:0.08012575
