GUI:0.5633333333333334
Canvas:0.545
ServerPlayerTest:0.31333333333333335
CanvasMapEditorMouseListener:0.25333333333333335
CanvasMouseListener:0.2
ServerIndianSettlementTest:0.15666666666666668
