GUI:0.8066666666666666
ChipResource:0.36666666666666664
