ServletUtil:0.9333333333333333
ItemsServlet:0.31333333333333335
SearchServlet:0.18333333333333332
