MIcon:0.7933333333333333
MAboutDialog:0.4
XMLRPCClient:0.35333333333333333
