WebService:0.6866666666666666
MountManager:0.6177777777777778
