EuropePanel:0.2806801
ColonyPanel:0.27152267
CargoPanel:0.17538264
TradeRouteInputDialog:0.14487259
UnitLabel:0.1425112
AbstractGoodsLabel:0.053627916
GoodsLabel:0.05332484
DropListener:0.04967564
ImageSelection:0.044939708
MarketLabel:0.028754804
FreeColPanel:0.016121984
