JEditTextArea:0.5566666666666666
GutterOptionPane:0.3433333333333333
AbstractOptionPane:0.2633333333333333
OptionsDialog:0.25666666666666665
TextAreaOptionPane:0.25
Renderer:0.20333333333333334
AbbrevsOptionPane:0.17333333333333334
