MiniMap:0.48333333333333334
ClientOptions:0.35
ActionManager:0.31
MiniMapChangeBackgroundAction:0.30666666666666664
MapControls:0.26
ClientOptionsDialog:0.21
