Widget:0.4033333333333333
Desklet:0.35
DeskletWidgetContext:0.31
CalendarDesklet:0.19694444444444445
Repository:0.18333333333333332
Dependency:0.18333333333333332
DeskletLoader:0.17777777777777778
