InstallPluginsDialog:0.31571162
PluginListDownloadProgress:0.24461715
VFSBrowser:0.17645396
ErrorListDialog:0.16706067
PluginList:0.13814598
jEdit:0.13502276
PluginManagerProgress:0.12650962
EditPlugin:0.114452064
Roster:0.08482315
GUIUtilities:0.06713145
MiscUtilities:0.065038495
