FreeColObject:0.13534367
HistoryEvent:0.13277817
Tile:0.12065514
IndianNationType:0.11954378
Map:0.111198194
Game:0.106978275
FreeColGameObject:0.10473368
StringTemplate:0.09987045
Player:0.07655134
Specification:0.05417343
Nameable:0.040147852
Turn:0.03777423
GameOptions:0.012396879
