jEdit:0.1046186
Buffer:0.10189631
BufferIORequest:0.06696649
Abbrevs:0.06448834
EditServer:0.061184306
BeanShell:0.057909973
JEditTextArea:0.053565565
HistoryModel:0.051613998
BufferHistory:0.050564203
Macros:0.050402876
GUIUtilities:0.049593814
FileVFS:0.048031896
VFSManager:0.04652849
GrabKeyDialog:0.04598939
JARClassLoader:0.041857798
Mode:0.036697537
DefaultInputHandler:0.036408685
Registers:0.034872785
UrlVFS:0.03465446
HelpViewer:0.03417191
SearchAndReplace:0.03351887
VFSBrowser:0.033504017
EditBus:0.032137845
WorkThread:0.031905957
Roster:0.031712685
DockableWindowManager:0.029092606
ModeCatalogHandler:0.025944933
WorkThreadPool:0.025913112
PluginList:0.025771778
QuickNotepad:0.025526209
AllBufferSet:0.025343092
OptionsDialog:0.023467487
Marker:0.022653993
DirectoryListSet:0.020996312
TextAreaPainter:0.020142036
GeneralOptionPane:0.018739544
FileRootsVFS:0.017312802
PluginListHandler:0.01728211
FirewallPlugin:0.016996792
ActionListHandler:0.01661909
TokenMarker:0.015801905
XModeHandler:0.014292523
BufferListSet:0.013106324
PluginListDownloadProgress:0.013006959
TextRenderer:0.0128527535
SearchBar:0.012440877
SplashScreen:0.010970895
HyperSearchRequest:0.01073886
HyperSearchResult:0.010421609
EnhancedCheckBoxMenuItem:0.008580772
MarkersMenu:0.0076559815
PluginsMenu:0.006862036
TipOfTheDay:0.006729204
LogViewer:0.006606403
ToolBarAddDialog:0.0038443843
