jEdit:0.051486682
Log:0.014047082
