jEdit:0.09982107
AbstractOptionPane:0.025671517
OptionsDialog:0.02358618
FontSelector:0.004624939
