MText:0.49333333333333335
InsertDateAction:0.27666666666666667
Action:0.19333333333333333
InsertSymbolAction:0.19333333333333333
FetchAllFeedsAction:0.15333333333333332
