Player:0.6066666666666667
Colony:0.47333333333333333
DebugMenu:0.30333333333333334
