Editor:0.7766666666666666
LinkEditor:0.3233333333333333
TodoEditor:0.31
AbstractTextEditor:0.26666666666666666
