MTaskPanel:0.56
FilterDialog:0.41333333333333333
Filter:0.31
StaticThrobber:0.1988888888888889
FiltersAction:0.11666666666666667
