Unit:0.66
Specification:0.3933333333333333
Colony:0.37333333333333335
Player:0.2866666666666667
ScoutingMission:0.2
PioneeringMission:0.19333333333333333
