Editor:0.6516666666666666
EditorPlugin:0.43666666666666665
MainWindow:0.4033333333333333
