TaskPanel:0.29356
TaskInfo:0.15191329
