GUIUtilities:0.6311111111111111
VFSFileChooserDialog:0.39
CharIndexedSegment:0.27722222222222226
