Links:0.28
Tags:0.2633333333333333
TreePanel:0.24666666666666667
ImportExport:0.24333333333333335
Submenu:0.16194444444444445
StatsPanel:0.12333333333333334
