TaskManager:0.2956503
TaskList:0.15474379
TaskInfo:0.064868666
Summary:0.045074496
