MWebBrowser:0.10172189
Net:0.020585498
FS:0.008027011
MLogger:0.003862145
