Parser:0.39
CompiledStatement:0.35333333333333333
DatabaseCommandInterpreter:0.32666666666666666
Session:0.315
Logger:0.2994444444444444
SubQuery:0.22483333333333333
View:0.1
