Tree:0.7833333333333333
Tracker:0.4866666666666667
