PluginManager:0.5566666666666666
MTextFieldPanel:0.27
ScriptYourself:0.25
Todo:0.21333333333333335
MTableHeader:0.18333333333333332
InstallButton:0.1663888888888889
