UI:0.6733333333333333
MTip:0.31
MainWindow:0.2966666666666667
FilterDialog:0.21666666666666667
LookAndFeelSettings:0.19333333333333333
TreePanel:0.18888888888888888
MMessage:0.18666666666666668
MTimer:0.17333333333333334
Vars:0.11666666666666667
MSmallColorButton:0.11
DragAdapter:0.105
TreeSettings:0.09
