MHighlighter:0.17371154
MDocumentAdapter:0.11101224
MDateSpinner:0.06986193
MTextPane:0.06412341
MUndoManager:0.05849402
AbstractSpinner:0.03917066
MMenu:0.027068371
MComboBox:0.025926787
MPasswordField:0.0239238
MTextField:0.02189029
MAction:0.020727618
MMessage:0.017631821
MTextFieldPanel:0.01721577
UI:0.014323259
MFormattedTextField:0.014257381
TK:0.013562339
MActionInfo:0.013089308
MDataTransfer:0.012357424
MEditorPane:0.011960789
MTextArea:0.010856346
FS:0.010850123
MColorChooser:0.010751561
MToolBar:0.009712962
MDate:0.009646133
MWebBrowserPanel:0.009618795
MLogger:0.007903918
MMouseAdapter:0.007034839
MFileChooser:0.0063983314
MStatusBar:0.005947396
MClipboard:0.0058877645
MHTMLViewer:0.005018421
OS:0.0048959875
MComponent:0.004024305
Property:0.0040041646
MTimer:0.0033316964
MDataAction:0.0027080118
BooleanProperty:0.0015813028
Kiosk:0.0011015844
