VirtualWiki:0.5233333333333333
WikiUtil:0.4166666666666667
AnsiQueryHandler:0.32
ServletUtil:0.3
WikiDatabase:0.29333333333333333
AnsiDataHandler:0.2633333333333333
WikiPageInfo:0.19333333333333333
JAMWikiServlet:0.17666666666666667
UpgradeServlet:0.15166666666666667
SetupServlet:0.14666666666666667
JAMWikiFilter:0.14
RegisterServlet:0.12333333333333334
JAMWikiUnitTest:0.12333333333333334
MediaWikiXmlExporter:0.11333333333333333
JAMWikiAuthenticationFailureHandler:0.10333333333333333
TopicServlet:0.08333333333333333
WikiPageInfoTest:0.08333333333333333
AdminVirtualWikiServlet:0.08
MagicWordUtil:0.08
