Archive:0.5633333333333334
ArchiveItem:0.45666666666666667
FeedsFS:0.34
Enclosure:0.20666666666666667
ArchiveChannel:0.19138888888888891
Net:0.18
