Searcher:0.20739378
SearchResultEntry:0.12396155
