Table:0.7666666666666667
RowStoreAVLDisk:0.31333333333333335
RowStoreAVLMemory:0.25
RowStoreAVLDiskData:0.24666666666666667
RowStoreAVLHybrid:0.24333333333333335
DatabaseInformationMain:0.21666666666666667
