TableDerived:0.28931752
Table:0.2324813
QueryExpression:0.13415752
ParserDQL:0.11609068
ParserDDL:0.11420796
QuerySpecification:0.09759681
TriggerDef:0.076770626
SchemaObject:0.05887391
StatementSchema:0.049990058
TableUtil:0.044830743
Session:0.03500862
ParserCommand:0.025865912
ParserBase:0.024969121
TableBase:0.02383693
Scanner:0.022899466
Database:0.020169852
StatementTypes:0.013397938
OpTypes:0.0017041814
Tokens:0.0
