GeneralOptionPane:0.45277777777777783
ViewOptionPane:0.38299999999999995
