WikiUser:0.47333333333333333
WikiPageInfo:0.36333333333333334
DateUtil:0.3566666666666667
WikiDatabase:0.30333333333333334
UserPreferenceItem:0.20555555555555557
RegisterServlet:0.17666666666666667
