Buffer:0.65
JEditTextArea:0.4266666666666667
EditPane:0.3233333333333333
GUIUtilities:0.2733333333333333
TextAreaPainter:0.26944444444444443
Macro:0.23
Macros:0.19666666666666666
ButtonLayout:0.19333333333333333
