MDialog:0.66
Size:0.5133333333333333
MMessage:0.3933333333333333
Factory:0.24333333333333335
InternetSearch:0.23666666666666666
Backup:0.2
NoteWidget:0.19666666666666666
PluginSettings:0.19666666666666666
MAbout:0.19333333333333333
NewFileDialog:0.19
AbstractSettings:0.19
MColorChooser:0.18666666666666668
ImportExport:0.17666666666666667
NewFolderDialog:0.15333333333333332
AppSettings:0.14666666666666667
PropertiesDialog:0.13666666666666666
PlayAction:0.10666666666666667
FeedUtils:0.08333333333333333
