Editor:0.5288888888888889
EditorCrypto:0.38666666666666666
PBEInfo:0.2966666666666667
CryptoUtils:0.26166666666666666
MasterKey:0.16444444444444445
