PoFilter:0.7566666666666667
TestFilterBase:0.5133333333333333
TestProject:0.31666666666666665
POFilterTest:0.15666666666666668
