Editor:0.41
NotepadEditor:0.34
MLabeledTextField:0.32666666666666666
NotepadEditorCore:0.26666666666666666
MLabel:0.24666666666666667
SelectionTool:0.24666666666666667
TodoEditor:0.22666666666666666
PropertiesDialog:0.21
EditorQuickFind:0.20666666666666667
Title:0.19666666666666666
Gettext:0.185
TreeFS:0.16333333333333333
TextUtils:0.15666666666666668
InternetSearch:0.15333333333333332
SimpleTableCellRenderer:0.15
History:0.14333333333333334
