ParserUtil:0.44666666666666666
AdminServlet:0.37333333333333335
JAMWikiModel:0.36666666666666664
TableOfContents:0.29
TopicServlet:0.13666666666666666
