Building:0.5933333333333334
Colony:0.54
BuildingType:0.34
ColonyPlan:0.25666666666666665
BuildingTest:0.18666666666666668
