MainWindow:0.55
PropertiesPanel:0.4066666666666667
Links:0.36
PropertiesBar:0.3233333333333333
