Canvas:0.47
FreeColDialog:0.38
InGameController:0.31333333333333335
ReportTurnPanel:0.21666666666666667
