WikiDatabase:0.5966666666666667
Role:0.5628333333333333
UpgradeServlet:0.2633333333333333
DatabaseUpgrades:0.23333333333333334
