QuerySpecification:0.5644444444444445
DatabaseInformationFull:0.47361111111111104
CompileContext:0.43333333333333335
