Preferences:0.6733888888888888
MainWindow:0.4583333333333333
MainWindowUI:0.31333333333333335
RealProject:0.265
EditorController:0.26
ProjectUICommands:0.22911111111111115
