Widget:0.1618592
WidgetInternalFrame:0.13508804
Pager:0.12431762
DesktopPanel:0.06521465
DesktopSettings:0.04866221
WidgetPlugin:0.03201092
WidgetPeer:0.021301446
