MDialog:0.6558333333333334
FeedViewer:0.48
ItemStatus:0.24444444444444446
FeedThread:0.22666666666666666
UnreadColor:0.19666666666666666
