CalcMatchStatistics:0.4766666666666667
StatisticsWindow:0.4
CalcStandardStatistics:0.22666666666666666
