MIcon:0.5966666666666667
Item:0.4066666666666667
MetaInfo:0.3438888888888889
