FilterMaster:0.4666666666666667
Core:0.33666666666666667
CommandThread:0.2866666666666667
SegmenterTest:0.23833333333333334
SearchThread:0.20666666666666667
ParseEntry:0.08
