TradeItem:0.7333333333333333
InGameInputHandler:0.37666666666666665
DiplomaticTradeTest:0.24666666666666667
GoodsTradeItem:0.18333333333333332
StanceTradeItem:0.18166666666666667
GoldTradeItem:0.16666666666666666
ColonyTradeItem:0.16
UnitTradeItem:0.14666666666666667
