Database:0.6233333333333333
Logger:0.5433333333333333
StatementCommand:0.2
