ArrayUtil:0.47
Result:0.39
Server:0.36
jdbcResultSet:0.3566666666666667
Session:0.2866666666666667
jdbcStatement:0.22333333333333333
jdbcPreparedStatement:0.20333333333333334
HSQLClientConnection:0.19
BatchExecutionTest:0.16666666666666666
ServerConnection:0.16111111111111112
ServerConstants:0.14666666666666667
WebServerConnection:0.14
