TodoEditorDesigner:0.31502303
TodoEditor:0.27571252
TodoEditorPlugin:0.2189096
