SessionInterface:0.7968253968253968
DateTimeType:0.5066666666666667
ClientConnection:0.38333333333333336
