Option:0.71
Messages:0.49333333333333335
FreeColAction:0.28
AbstractOption:0.23333333333333334
FreeColActionUI:0.15666666666666668
BooleanOptionUI:0.145
ListOptionUI:0.12333333333333334
OptionGroupUI:0.12333333333333334
IntegerOptionUI:0.11333333333333333
LanguageOptionUI:0.11
StringOptionUI:0.10666666666666667
AbstractUnitOptionUI:0.1
GameOptionsDialog:0.09
AudioMixerOptionUI:0.09
PercentageOptionUI:0.08666666666666667
RangeOptionUI:0.08666666666666667
FileOptionUI:0.07666666666666666
SelectOptionUI:0.06333333333333334
SliderOptionUI:0.013333333333333334
