ImageUtil:0.7733333333333333
ImageMetadata:0.28555555555555556
ImageLinkTag:0.2633333333333333
