PropertyPanel:0.49833333333333335
InternetSearchPlugin:0.28
AbstractFS:0.25916666666666666
MSettingsPage:0.25
MSettingsDialog:0.25
HelpGenerator:0.21333333333333335
MComboBox:0.20666666666666667
Preview:0.14
PluginComboBox:0.12333333333333334
