AbstractHandle:0.18527752
CloseHandle:0.13256411
AbstractRotateHandle:0.13126726
AbstractConnectionHandle:0.13019556
BezierNodeHandle:0.11723889
FontSizeHandle:0.111901164
ConnectorHandle:0.10989373
BezierOutlineHandle:0.107766986
NullHandle:0.10706617
ResizeHandleKit:0.095439695
BezierControlPointHandle:0.09527601
RoundRectangleRadiusHandle:0.094318785
MoveHandle:0.09370512
OrientationHandle:0.08972882
BezierScaleHandle:0.08760996
TransformHandleKit:0.08374528
BoundsOutlineHandle:0.07629053
ConnectionStartHandle:0.027962793
ConnectionEndHandle:0.027484577
HandleAttributeKeys:0.01790444
