FeedsFS:0.10699159
FeedsFSPlugin:0.063687794
FeedThread:0.060402747
ArticleList:0.059011195
