MLabel:0.5233333333333333
MTip:0.45666666666666667
Tabs:0.4033333333333333
TodoEditor:0.3
TextEditorDesigner:0.2791666666666667
PluginSettings:0.20916666666666667
