TextArea:0.6411111111111112
TextAreaPainter:0.37
BufferHandler:0.22333333333333333
