Args:0.43666666666666665
MPasswordPanel:0.4266666666666667
VersionPanel:0.2733333333333333
HTMLPreviewAction:0.17333333333333334
FeedUtils:0.15333333333333332
