Table:0.18011172
Expression:0.17803583
User:0.14078516
TriggerDef:0.13173991
DatabaseCommandInterpreter:0.090997905
Database:0.08730077
Library:0.061640415
Result:0.046856586
Token:0.04507789
Constraint:0.04152425
Index:0.039302032
Log:0.03830077
View:0.032520015
UserManager:0.03219811
Column:0.019867916
SequenceManager:0.018764447
Logger:0.015879512
Types:0.013295671
ConstraintCore:0.011938391
NumberSequence:0.0102553945
HsqlException:0.0024116915
