SessionManager:0.08751687
Database:0.0606306
Log:0.059945047
Session:0.0502058
Trace:0.049191855
Result:0.03527528
ResultConstants:0.010632605
HsqlException:0.0054090107
