ScriptRunner:0.18483925
Database:0.13231236
Session:0.06201326
Table:0.047136232
DINameSpace:0.04601508
DatabaseInformationMain:0.04064042
Log:0.03742245
TableWorks:0.027684167
User:0.022821106
View:0.015125716
