UserManager:0.33699417
DINameSpace:0.16450436
Database:0.121923804
Session:0.115051836
DatabaseScript:0.11418825
DatabaseInformationFull:0.10797432
DatabaseCommandInterpreter:0.09884482
DatabaseInformationMain:0.09829043
Function:0.08798136
Trace:0.066052325
Token:0.057077806
SessionManager:0.04076359
Logger:0.03702928
HsqlException:0.010371927
