TaasCollection:0.6622927
TaasDomains:0.43781152
ObjectFactory:0.025044683
