Unit:0.6533333333333333
Building:0.532
AIColony:0.31
InGameController:0.24666666666666667
MapGenerator:0.21444444444444447
