SchemaManager:0.44
Database:0.29333333333333333
QuerySpecification:0.2866666666666667
BaseHashMap:0.24416666666666667
ParserCommand:0.23666666666666666
StatementCommand:0.22333333333333333
