SqlFile:0.17372851
SqlToolSprayer:0.06772408
SqlToolError:0.042307995
