Handler:0.5
XMLIntactTag:0.31333333333333335
XMLPseudoTag:0.19570634920634922
XMLEntityText:0.18
XMLDialect:0.15833333333333333
DefaultXMLDialect:0.13333333333333333
