jEdit:0.7066666666666667
Install:0.3566666666666667
