OptionsDialog:0.17127205
NewPanel:0.14298894
