TmxComplianceTests:0.582
TmxComplianceBase:0.32666666666666666
RcFilterTest:0.15666666666666668
