Property:0.5766666666666667
MObject:0.4633333333333333
