MPasswordPanel:0.048749488
AbstractSpinner:0.04467126
MFontChooser:0.031525124
MNumberSpinnerBeanInfo:0.01168413
