Globals:0.5866666666666667
InternetSearchPanel:0.38
DeletePrivateDataMod:0.3333333333333333
DeletePrivateDataPlugin:0.2833333333333333
MUndoManager:0.2
