ParserRuleSet:0.13176328
XModeHandler:0.11796769
TokenMarker:0.10885333
Token:0.035457257
RESyntax:0.02407239
RE:0.020505669
REException:0.0054432573
