ParserRuleSet:0.09191283
ParserRule:0.06766524
TokenMarker:0.06210996
HandlerBase:0.018977541
Token:0.017557258
jEdit:0.015558768
KeywordMap:0.008988111
RE:0.008885261
Log:0.004942302
REException:0.003928694
RESyntax:0.0038387754
