ITokenizer:0.7253333333333333
CLIParameters:0.6031111111111112
RealProject:0.47333333333333333
ProjectPropertiesDialog:0.24333333333333335
