CachedRow:0.4780208
CachedDataRow:0.4208466
Node:0.23548885
DiskNode:0.12220822
PointerNode:0.078523405
Table:0.07779047
Index:0.0686368
Session:0.05577103
TextTable:0.040005546
Constraint:0.035972137
TableFilter:0.034473103
MemoryNode:0.034358993
Expression:0.028417302
TableWorks:0.026362719
TransactionManager:0.025875807
Transaction:0.019978657
CompiledStatementExecutor:0.019413183
HsqlException:0.0041664825
