FeedsFSPlugin:0.6666666666666666
FeedThread:0.35
MainPanel:0.13
FeedsConfigPanel:0.10333333333333333
Settings:0.043333333333333335
