Namespace:0.44333333333333336
AnsiDataHandler:0.38666666666666666
AnsiQueryHandler:0.3466666666666667
WikiLink:0.32666666666666666
LinkUtil:0.19333333333333333
