SearchAndReplace:0.87
XSearchPanel:0.42
XSearchAndReplace:0.3333333333333333
ButtonActionHandler:0.11666666666666667
RegexpSupportMouseListener:0.11666666666666667
ReplaceActionHandler:0.11666666666666667
ExtendedOptionsActionHandler:0.11666666666666667
SettingsActionHandler:0.05333333333333334
