Utilities:0.67
WikiBase:0.5366666666666666
JAMWikiServlet:0.29833333333333334
EditServlet:0.25666666666666665
PrintableServlet:0.17666666666666667
HistoryServlet:0.17333333333333334
