AbstractFS:0.4622222222222222
FileScanner:0.4533333333333333
MetaInfoComparator:0.33
