Routine:0.6844444444444445
RoutineSchema:0.27
ParserRoutine:0.25
StatementHandler:0.21833333333333332
HsqlNameManager:0.17
