CalendarWidgetPlugin:0.12666449
CalendarWidget:0.046301898
