Widget:0.18098752
DesktopToolBar:0.17098784
DesktopPanel:0.025463246
WidgetPlugin:0.017655669
