MainWindow:0.011311428
Main:0.007902204
