Main:0.030577771
ExtraKiosk:0.016899467
