AppSettings:0.10308137
PluginDownloader:0.06517392
