SqlFile:0.5866666666666667
SqltoolRB:0.5695238095238095
