ColonyPanel:0.2540622
EuropePanel:0.23200063
UnitLabel:0.10400689
ImageSelection:0.055358678
GoodsLabel:0.049694005
DropListener:0.04744795
MarketLabel:0.041129783
