Unit:0.33991158
UnitContainer:0.3271116
Player:0.2974227
Tile:0.24102351
Goods:0.21114121
GoodsContainer:0.14928663
Game:0.09720473
Location:0.09154427
FreeColGameObject:0.081488855
ModelMessage:0.078879245
Locatable:0.030926833
FoundingFather:0.016193079
