ReceivingThread:0.15015915
Connection:0.14798327
