Unit:0.2797567
Tile:0.22464204
IndianSettlement:0.18394044
Colony:0.18060023
Map:0.16713265
Europe:0.15056579
Game:0.14419985
Building:0.12719215
ColonyTile:0.11500241
UnitContainer:0.10989002
GoodsContainer:0.08523824
Goods:0.08177187
FreeColGameObject:0.06610358
Market:0.064053126
ModelController:0.059928324
Settlement:0.046156086
Location:0.045711666
FoundingFather:0.03961525
ModelMessage:0.03511895
WorkLocation:0.009845085
