Canvas:0.09068289
GUI:0.061928477
