Tile:0.48
Colony:0.42
Europe:0.3
UnitLocation:0.2966666666666667
HighSeas:0.25333333333333335
ColonyTile:0.22111111111111115
Building:0.22
IndianSettlement:0.21333333333333335
