CryptoUtils:0.5466666666666666
MPasswordField:0.44333333333333336
TestCryptoUtils:0.31866666666666665
