Colony:0.8533333333333334
Building:0.4166666666666667
ColonyTile:0.4
