MComponent:0.5466666666666666
MApplication:0.4766666666666667
MTogglePanel:0.31333333333333335
MFrame:0.2588888888888889
PopupContent:0.23
