Task:0.52
VCalendar:0.33666666666666667
TodoEditorCore:0.27666666666666667
PIMProperty:0.22833333333333333
VCalendarTodo:0.03666666666666667
