Widget:0.13659284
WidgetInternalFrame:0.090240575
Pager:0.08977569
DesktopPanel:0.041549135
DesktopSettings:0.034485634
WidgetPlugin:0.0291154
WidgetPeer:0.018746996
