PluginInfo:0.6283333333333333
SetOpenCommandAction:0.2966666666666667
