TextAreaPainter:0.68
ChunkCache:0.5633333333333334
JEditTextArea:0.52
TextUtilities:0.3566666666666667
EditPane:0.25
JARClassLoader:0.24666666666666667
Gutter:0.24
PluginList:0.17833333333333334
BufferChangeHandler:0.15666666666666668
PaneNameRenderer:0.11333333333333333
BufferPrintable:0.10666666666666667
TextAreaExtension:0.07666666666666666
WrapGuide:0.04
BracketHighlight:0.03333333333333333
ExtensionManager:0.03
Chunk:0.02666666666666667
ComponentHandler:0.02
LineInfo:0.006666666666666667
MarkerHighlight:0.006666666666666667
PaintSelection:0.0
