Canvas:0.7066666666666667
GUI:0.5633333333333334
ReportForeignAffairPanel:0.26666666666666666
