MTable:0.9133333333333333
TaskTable:0.36666666666666664
ConsoleConfig:0.31666666666666665
