DatabaseManager:0.028094722
Database:0.022241898
StatementCommand:0.017373713
Session:0.013897483
Table:0.009361489
