Editor:0.5766666666666667
MainWindow:0.42
PropertyPanel:0.2833333333333333
AbstractPlugin:0.27166666666666667
Highligther:0.09777777777777777
