AbstractChannel:0.47
FeedFactory:0.4266666666666667
ArchiveChannel:0.2966666666666667
FeedComponent:0.27666666666666667
