HistoryTextField:0.14239526
jEdit:0.13828036
Registers:0.11585556
Log:0.08687972
VFSBrowser:0.06492831
Delegate:0.064310685
ShowRecentDirMenu:0.061227877
MiscUtilities:0.05833984
SearchDialog:0.057600852
RecentDirectoriesProvider:0.04674667
View:0.04305973
InputHandler:0.020786962
