Buffer:0.101625845
jEdit:0.09975276
HyperSearchRequest:0.088768855
JEditTextArea:0.08296486
EditPane:0.07169349
View:0.06595628
HyperSearchResults:0.060951967
VFSManager:0.047846653
MiscUtilities:0.045102626
Selection:0.04459099
