SearchBar:0.13579525
VFSBrowser:0.12642367
SearchAndReplace:0.117818326
jEdit:0.08702035
HistoryTextField:0.08085399
View:0.07732827
Buffer:0.06375028
GUIUtilities:0.06359332
DirectoryListSet:0.053333998
VFS:0.05263425
JEditTextArea:0.04803532
AllBufferSet:0.039136555
MiscUtilities:0.032484155
SearchSettingsChanged:0.024616592
EditBus:0.021958053
HistoryModel:0.020925846
EBMessage:0.018915353
VFSManager:0.018669175
OperatingSystem:0.011015376
EBComponent:0.00968846
Debug:0.009330459
VariableGridLayout:0.008700366
SearchFileSet:0.008240201
CurrentBufferSet:0.007398354
EnhancedDialog:0.0049720276
