AppSettings:0.02671472
AdvancedSettings:0.025917815
