FoundingFather:0.72
GoodsLabel:0.3811111111111111
FoundingFatherPanel:0.3233333333333333
IndianSettlementPanel:0.22416666666666665
