Figure:0.2612037
AbstractCompositeFigure:0.2571433
CompositeFigure:0.2485215
DrawingView:0.22259738
DrawingEditor:0.17898199
AbstractDrawing:0.17793263
LabeledLineConnectionFigure:0.16292189
GraphicalCompositeFigure:0.1485316
AbstractFigure:0.14536032
QuadTreeDrawing:0.14528537
DefaultDrawing:0.14358328
DefaultDrawingViewTransferHandler:0.114505455
LineConnectionFigure:0.11101321
DefaultDrawingView:0.10562573
DefaultDrawingEditor:0.038019262
