Entry:0.54
Handler:0.36666666666666664
XMLDialect:0.2966666666666667
SourceTextEntry:0.22166666666666668
PoFilter:0.22
DefaultXMLDialect:0.19333333333333333
ResourceBundleFilter:0.19
MozillaDTDFilter:0.15
INIFilter:0.14333333333333334
SrtFilter:0.14333333333333334
RcFilter:0.14333333333333334
XLIFFDialect:0.08
IParseCallback:0.06444444444444446
