LinkUtil:0.7166666666666667
WikiLinkTag:0.36333333333333334
TestFileUtil:0.24333333333333335
