WebBrowser:0.71
MWebBrowserPanel:0.41333333333333333
Browser:0.37666666666666665
History:0.3566666666666667
