ScriptPlugin:0.5666666666666667
PluginManager:0.5033333333333333
TaskModel:0.27
AbstractNavigationAction:0.19666666666666666
