FS:0.72
FeedsFS:0.35
MMainWindow:0.2966666666666667
TreePanel:0.23666666666666666
Main:0.23
FeedDownloader:0.21777777777777782
MTextArea:0.20666666666666667
MSystemTray:0.17
