Tree:0.8483333333333334
TreeDataTipListener:0.25666666666666665
