AbstractJAMWikiLexer:0.37906188
HtmlTagItem:0.1508234
WikiBoldItalicTag:0.12236197
JFlexParserUtil:0.05141914
JavascriptTag:0.035420798
