MetaInfo:0.6533333333333333
Tree:0.59
PropertiesDialog:0.22
MainWindow:0.21666666666666667
FeedsFS:0.21666666666666667
FSHelper:0.19333333333333333
TrashFS:0.17333333333333334
