Kiosk:0.4666666666666667
MainWindow:0.44666666666666666
ChartDialog:0.23333333333333334
SettingsForm:0.22194444444444447
NoteWidget:0.18916666666666668
PrintAction:0.15666666666666668
