Unit:0.48
ProductionInfo:0.4186111111111111
Colony:0.37
Consumer:0.36833333333333335
UnitType:0.3466666666666667
BuildQueue:0.31333333333333335
Building:0.30333333333333334
ColonyProductionTest:0.22333333333333333
