EditorTextArea3:0.05840257
IEditor:0.043550745
SegmentBuilder:0.038194504
Document3:0.019098291
ViewLabel:0.016698541
EditorSettings:0.008949547
EditorUtils:0.008784884
SpellCheckerThread:0.008626465
SegmentHistory:0.00851693
DocumentFilter3:0.0082580885
