Tokens:0.5633333333333334
HsqlProperties:0.5470555555555556
Server:0.39666666666666667
ParserDQL:0.33666666666666667
WebServer:0.2833333333333333
ServerProperties:0.25733333333333336
ExpressionColumn:0.255
ServerConfiguration:0.22444444444444447
HsqlServerFactory:0.12333333333333334
ServerConstants:0.09666666666666666
