GUI:0.05383117
Canvas:0.04403115
