StringUtil:0.6133333333333333
MainWindowMenuHandler:0.4266666666666667
Preferences:0.37666666666666665
EditorUtils:0.34
GlossaryAutoCompleterView:0.3
SegmentBuilder:0.22555555555555554
MainWindowMenu:0.2
StringUtilTest:0.16333333333333333
EditorUtilsTest:0.01
