RiverStylePanel:0.5833333333333334
CanvasMapEditorMouseListener:0.4066666666666667
