UI:0.6566666666666666
MetaInfo:0.3933333333333333
MFormat:0.34
MText:0.23555555555555557
ItemRenderer:0.22666666666666666
ImageInfo:0.19333333333333333
SummaryEditor:0.18666666666666668
Template:0.15666666666666668
SelectionTool:0.13333333333333333
