AnsiQueryHandler:0.4266666666666667
LogItem:0.39
RecentChange:0.2866666666666667
UpgradeServlet:0.17
DatabaseUpgrades:0.09
