Table:0.5316666666666666
QuerySpecification:0.44666666666666666
QueryExpression:0.4
Row:0.36666666666666664
StatementSchema:0.275
RowSetNavigatorLinkedList:0.25666666666666665
RowSetNavigatorData:0.24333333333333335
ParserDDL:0.24333333333333335
ParserDQL:0.24333333333333335
RowSetNavigatorDataTable:0.23333333333333334
SchemaManager:0.22666666666666666
RowAVLDisk:0.21
Logger:0.20666666666666667
ParserCommand:0.2
ParserRoutine:0.19666666666666666
RowStoreAVLHybrid:0.17
ParserDML:0.15333333333333332
RowAVL:0.10333333333333333
StatementTypes:0.06333333333333334
StatementSchemaDefinition:0.03666666666666667
