Args:0.5466666666666666
CalendarWidgetPlugin:0.4166666666666667
Permission:0.3433333333333333
Armor:0.2966666666666667
