Log:0.06446311
Preferences:0.06161074
LFileCopy:0.055021726
OConsts:0.019395964
StringUtil:0.012912211
