Segmenter:0.5466666666666666
Core:0.48333333333333334
RealProject:0.36
SegmenterTest:0.33666666666666667
TMXReader:0.26
TranslateEntry:0.17777777777777776
ParseEntry:0.17444444444444443
Loader:0.16333333333333333
ExternalTMX:0.15666666666666668
FindMatches:0.15
TmxSegmentationTest:0.14666666666666667
AlignFilesCallback:0.14333333333333334
TmxComplianceBase:0.14333333333333334
