Unit:0.5166666666666667
Europe:0.30333333333333334
ColonyTile:0.3
Tile:0.28733333333333333
Building:0.25
Colony:0.22066666666666668
PlayerTest:0.19666666666666666
