jEdit:0.7333333333333333
TextAreaTransferHandler:0.2733333333333333
GutterOptionPane:0.26666666666666666
MouseHandler:0.24
GlobalOptions:0.21
TextAreaOptionPane:0.16333333333333333
EditingOptionPane:0.15333333333333332
ViewOptionPane:0.14
