Monarch:0.25704885
EquipmentType:0.20032947
UnitType:0.13098443
FoundingFather:0.12798633
FreeColObject:0.110984564
EuropeanNationType:0.087758705
Player:0.077502504
