Colony:0.16474867
BuildQueue:0.14173052
BuildingType:0.12025403
EquipmentType:0.113957234
UnitType:0.09606197
GoodsType:0.09349242
AbstractGoods:0.069826014
Europe:0.056575134
Settlement:0.052291337
Monarch:0.04249883
Building:0.041643575
FreeColGameObjectType:0.039032012
Unit:0.037192248
FreeColObject:0.03004427
SimpleCombatModel:0.023146925
