Task:0.13181
DateTimeRenderer:0.077845
TodoEditorCore:0.044898044
