ProjectFileStorage:0.0770389
TMXWriter:0.07065212
Preferences:0.063025996
FileUtil:0.04685907
Log:0.043797657
PatternConsts:0.03829765
OConsts:0.03597287
LFileCopy:0.0316076
OStrings:0.0276781
StringUtil:0.014153291
RuntimePreferences:0.010812855
