jEdit:0.58
Macros:0.27666666666666667
DropHandler:0.2733333333333333
TextAreaPainter:0.26666666666666666
DisplayManager:0.24
