MSwingWorker:0.66
MTaskAction:0.38
UpdatePlugin:0.23666666666666666
GuessLocationAction:0.21666666666666667
