DatabaseInformation:0.10300239
DITableInfo:0.0939794
