PersistentStoreCollection:0.15233566
PersistentStore:0.12910861
RowStoreAVLHybrid:0.101960324
DataFileCache:0.03537513
DataFileCacheSession:0.028006366
