RowStoreAVL:0.51494455
PersistentStore:0.4607315
CachedObject:0.17744735
DataFileCache:0.17105743
DataFileDefrag:0.09126465
Logger:0.056606296
TableSpaceManager:0.034475252
PersistentStoreCollection:0.020424698
DataSpaceManager:0.018267373
