RowStoreAVL:0.5225195
CachedObject:0.25913084
TextCache:0.23471804
DataFileCache:0.19736108
Logger:0.05785882
TableSpaceManager:0.023506446
PersistentStoreCollection:0.021533526
DataSpaceManager:0.019894421
