PersistentStore:0.6007732
RowStoreAVL:0.47103852
CachedObject:0.122933045
DataFileCache:0.114652574
Logger:0.060437664
PersistentStoreCollection:0.02321093
