RowStoreAVLHybridExtended:0.50528115
RowStoreAVL:0.40804148
PersistentStore:0.302888
RowStoreDataChange:0.17895135
CachedObject:0.09745411
DataFileCache:0.09074146
PersistentStoreCollectionSession:0.06943747
Logger:0.045321684
PersistentStoreCollection:0.013483835
DataSpaceManager:0.01341031
TableSpaceManager:0.013141859
