Favicon:0.5566666666666666
Renderer:0.4033333333333333
TypeSelection:0.05777777777777779
TagsSelection:0.056666666666666664
IconSelection:0.031111111111111107
RatingSelection:0.031111111111111107
