jEdit:0.21065809
Buffer:0.19840132
EditPlugin:0.17151114
View:0.13795045
Macros:0.13478339
VFSBrowser:0.12167464
JEditTextArea:0.11261467
EditAction:0.10145067
GrabKeyDialog:0.09908777
HelpViewer:0.09879183
BeanShell:0.089580126
FileVFS:0.08909071
VFSManager:0.087965354
SearchAndReplace:0.0876636
Log:0.08758109
EditPane:0.08736713
HistoryTextField:0.0842936
ToolBarOptionPane:0.0737819
DockableWindowContainer:0.070500575
InputHandler:0.06686316
StatusBar:0.064868756
EnhancedMenu:0.062605195
VFSFileChooserDialog:0.06176308
EnhancedMenuItem:0.0595375
BrowserPopupMenu:0.05668082
EnhancedCheckBoxMenuItem:0.05602064
SearchDialog:0.05458166
ContextOptionPane:0.04955112
ToolBarAddDialog:0.048670817
BrowserView:0.045430053
JARClassLoader:0.043315
RecentFilesMenu:0.04226172
StyleTableModel:0.041420203
Token:0.03989132
MacrosMenu:0.037348
StyleEditor:0.036625385
CurrentDirectoryMenu:0.034490757
PluginManager:0.033546336
MarkersMenu:0.033373315
ShortcutsOptionPane:0.03311121
QuickNotepadOptionPane:0.032739043
SyntaxStyle:0.031091752
CloseDialog:0.0303462
QuickNotepad:0.02577307
QuickNotepadPlugin:0.025150176
OpenWithEncodingMenu:0.02499621
ColorTableModel:0.022639498
XModeHandler:0.022299744
PluginListDownloadProgress:0.021841705
Roster:0.020284303
PluginManagerProgress:0.020130614
PluginsMenu:0.019985322
AddAbbrevDialog:0.014886485
IOProgressMonitor:0.014220704
PastePrevious:0.013843841
EditAbbrevDialog:0.011698499
LatestVersionPlugin:0.011573584
DockingOptionPane:0.010412963
EnhancedButton:0.0099379495
SelectLineRange:0.008882103
CompleteWord:0.0059103006
