ContextAddDialog:0.23805514
GUIUtilities:0.13457821
jEdit:0.05414565
MiscUtilities:0.04439001
EditAction:0.036802717
AbstractOptionPane:0.035036553
GlobalOptions:0.028450089
RolloverButton:0.020042842
