SearchBar:0.14637399
VFSBrowser:0.13335848
SearchAndReplace:0.13067317
jEdit:0.08254895
HistoryTextField:0.0718187
Buffer:0.067609355
View:0.066530876
GUIUtilities:0.06450078
VFS:0.048175283
MiscUtilities:0.03846624
AllBufferSet:0.036768626
DirectoryListSet:0.026450526
SearchSettingsChanged:0.023800593
EditBus:0.022636484
VFSManager:0.021756526
ViewUpdate:0.01819325
EBMessage:0.01581752
EBComponent:0.011095332
VariableGridLayout:0.008846935
SearchFileSet:0.008029875
CurrentBufferSet:0.0071624173
OperatingSystem:0.0070273057
EnhancedDialog:0.0047032535
