UI:0.75
MFileChooser:0.35333333333333333
InsertImageAction:0.29333333333333333
GHNSDialog:0.22666666666666666
