Specification:0.45666666666666667
Colony:0.4166666666666667
Modifier:0.39166666666666666
FreeColGameObjectType:0.32666666666666666
