UI:0.6188888888888888
SafeBrowsing:0.49666666666666665
Tester:0.36333333333333334
