FoundingFather:0.68
ColopediaPanel:0.37666666666666665
InGameController:0.2866666666666667
ReportContinentalCongressPanel:0.21333333333333335
