Designer:0.49
Button:0.4033333333333333
MainWindow:0.3566666666666667
TextEditorDesigner:0.19666666666666666
ImageEditorDesigner:0.17
TodoEditorDesigner:0.17
NotepadEditorDesigner:0.13
