GUI:0.09887743
Canvas:0.051304992
