GUI:0.5666666666666667
InGameController:0.43666666666666665
UnitMoveAnimation:0.24666666666666667
InGameInputHandler:0.23
UnitImageAnimation:0.1622222222222222
Animations:0.12666666666666668
UnitMoveAnimationCanvasSwingTask:0.09666666666666666
