ClassGeneratorUtil:0.1517061
CodeWriter:0.12435297
CodeVisitor:0.113929376
ClassVisitor:0.095843874
Constants:0.027549904
