jEdit:0.2526303
EditAction:0.2141571
Buffer:0.2098958
View:0.19026853
GUIUtilities:0.16887794
BeanShell:0.1511223
InputHandler:0.1443361
SearchAndReplace:0.10528669
VFSBrowser:0.103780024
MiscUtilities:0.09856407
BufferUpdate:0.08854492
StatusBar:0.0884518
JEditTextArea:0.08363524
Log:0.07996472
ActionSet:0.06470882
EditBus:0.057945006
MacrosChanged:0.047759738
EBMessage:0.044038553
MacrosMenu:0.042698517
SettingsReloader:0.04089743
EBComponent:0.02531833
ShortcutsOptionPane:0.024165576
RE:0.02159736
