Handler:0.5233333333333333
DefaultXMLDialect:0.32
XMLDialect:0.17583333333333334
ResXDialect:0.14
