MMenu:0.8566666666666667
MCalendarPanel:0.2733333333333333
Sidebar:0.26666666666666666
MFontChooser:0.19444444444444445
