MapControls:0.03111076
ImageProvider:0.011614383
UnitButton:0.003097513
