MapControls:0.059743475
MiniMap:0.029278113
