Input:0.4533333333333333
MActionInfo:0.42333333333333334
MCalendarPanel:0.32
Wizard:0.23
WikiPanel:0.22333333333333333
InternetSearchPanel:0.20333333333333334
MFontChooser:0.19833333333333333
MIconButton:0.18666666666666668
FontButton:0.18
MIconChooser:0.16333333333333333
MFontButton:0.15666666666666668
TaskPropertiesPanel:0.11333333333333333
DesktopSettings:0.11333333333333333
InputMethodAction:0.08
FontAction:0.07666666666666666
MFontComboBox:0.07333333333333333
