QuerySpecification:0.6966666666666667
Logger:0.6566666666666666
