TextEditor:0.07598798
TextEditorCore:0.0356632
