UserPassDialog:0.49333333333333335
MainWindowMenuHandler:0.49
SVNRemoteRepository:0.32
GITRemoteRepository:0.2966666666666667
RepositoryUtils:0.22
IRemoteRepository:0.15833333333333333
