AbstractOptionPane:0.0690218
DockableWindowManager:0.028227586
WindowTableModel:0.01717928
OptionsDialog:0.015033032
GUIUtilities:0.0099630775
jEdit:0.006926534
