UI:0.6233333333333333
OS:0.4033333333333333
PluginManager:0.26166666666666666
MToolBar:0.25666666666666665
UITest:0.14666666666666667
