jEdit:0.10846035
GUIUtilities:0.08311801
View:0.07599319
Buffer:0.07227062
VFSManager:0.034676913
BufferIORequest:0.025889892
EnhancedDialog:0.017881818
