JEditTextArea:0.07846726
View:0.061016336
GUIUtilities:0.060363356
Buffer:0.05192525
Selection:0.051520463
jEdit:0.040867377
EnhancedDialog:0.011789639
