InstallThread:0.06585419
OperatingSystem:0.045357767
VariableGridLayout:0.040121697
Install:0.01482921
Progress:0.0062344405
