Utilities:0.5133333333333333
JSPUtils:0.39666666666666667
AdminController:0.3933333333333333
WikiServlet:0.37666666666666665
