JEditTextArea:0.17953889
Buffer:0.14290366
TextAreaPainter:0.10544313
SelectLineRange:0.10229948
MiscUtilities:0.06227281
jEdit:0.034461312
SearchAndReplace:0.03417221
BufferHistory:0.03287676
HyperSearchRequest:0.032819778
Registers:0.030131198
BeanShell:0.028032651
HyperSearchResults:0.026642561
SearchBar:0.014824638
