Player:0.41333333333333333
Canvas:0.4033333333333333
FreeCol:0.3233333333333333
InGameController:0.29083333333333333
CanvasKeyListener:0.21
