FreeColDialog:0.12619463
FreeColPanel:0.046291403
