FreeColDialog:0.14362808
FreeColPanel:0.05521692
