Property:0.24479951
Config:0.18253867
MColorChooser:0.11834305
TK:0.083302535
MColorPicker:0.058721844
HTMLBuilder:0.032672312
Important:0.015435443
