Config:0.32036126
StringProperty:0.30723637
BooleanProperty:0.21567166
IntegerProperty:0.20360214
ColorProperty:0.19689055
AppInfo:0.13530685
OS:0.12781127
VersionProperty:0.09896232
UI:0.087838575
EnumProperty:0.07988973
DateProperty:0.07675093
MURLButton:0.06743923
MColorChooser:0.057521306
MFileChooser:0.055085592
FS:0.047128834
MStatusBar:0.044190783
MDialog:0.04346218
Application:0.04277203
SimpleListCellRenderer:0.04224746
MToolBar:0.03708849
MLogger:0.03594687
MMenu:0.032402176
MColorPicker:0.029756552
MAuthenticator:0.023067443
MTip:0.022560926
MAbout:0.020424746
MWizard:0.018750293
Watermark:0.01754042
MSystemTray:0.016367603
MMessage:0.016018879
XMLHelper:0.015475199
MTextFieldPanel:0.0153130265
MNotification:0.015195371
CoolHeader:0.014816045
MouseGestures:0.0134966
MMainWindow:0.011121565
Blend:0.00862882
MMouseAdapter:0.005011713
CoolLabel:8.812565E-4
