TK:0.07417891
MAboutDialog:0.012727183
