UnitButton:0.247891
MiniMap:0.12389483
InfoPanel:0.0780648
ImageProvider:0.010828158
