MapControls:0.55018467
MiniMap:0.17273079
ImageProvider:0.07277538
