TodoEditorCore:0.6797222222222223
NotepadEditorCore:0.35555555555555557
