MApplication:0.5866666666666667
StandaloneApplication:0.41333333333333333
AbstractPlugin:0.2866666666666667
