Right:0.57
Grantee:0.33
ParserDQL:0.29050000000000004
DatabaseInformationFull:0.2866666666666667
ParserDDL:0.20888888888888887
SchemaManager:0.20833333333333334
