FoldVisibilityManager:0.09869055
Buffer:0.09051087
TokenMarker:0.049711958
Log:0.014724843
IntegerArray:0.00558107
