ArrayUtil:0.5233333333333333
Expression:0.5
ExpressionColumn:0.4033333333333333
RangeVariable:0.28800000000000003
FunctionCustom:0.2644444444444445
ExpressionLogical:0.22
