Unit:0.6188888888888888
DummyConnection:0.41333333333333333
Connection:0.4066666666666667
ReceivingThread:0.27222222222222225
FreeColServer:0.22166666666666668
Client:0.19222222222222224
AIInGameInputHandler:0.14666666666666667
PreGameController:0.13333333333333333
CurrentPlayerNetworkRequestHandler:0.11
