Game:0.7266666666666667
AIMain:0.4166666666666667
DebugMenu:0.32
