Preview:0.104533456
PreviewPanel:0.08874624
AbstractPreview:0.022023035
