FS:0.14728734
Config:0.11103894
Gettext:0.038698975
