LineConnectionFigure:0.4633333333333333
JStringAttributeAreaBeanInfo:0.29333333333333333
TextFigure:0.2866666666666667
AbstractTool:0.2733333333333333
JStringAttributeFieldBeanInfo:0.20944444444444446
TextAreaFigure:0.2
JStringAttributeArea:0.18666666666666668
TeddyApplication:0.17666666666666667
