FindGlossaryThread:0.13447472
GlossaryManager:0.10603216
TransTipsPopup:0.080195546
TransTipsMarker:0.07350501
GlossaryEntry:0.058620412
GlossaryReaderTSV:0.04026588
