LinkUtil:0.5133333333333333
JAMWikiServlet:0.3844444444444444
ParserUtil:0.22666666666666666
LinkTag:0.15666666666666668
SearchServlet:0.13
LoginServlet:0.13
ImageLinkTag:0.11666666666666667
RegisterServlet:0.11
