Property:0.8166666666666667
PluginInfo:0.4533333333333333
