MActionInfo:0.5066666666666667
ImageEditor:0.36333333333333334
Action:0.2866666666666667
Desktop:0.27
TestPBEInfo:0.21
StaticPropertyHandler:0.19666666666666666
MWhatsThis:0.16333333333333333
CropAction:0.16
AutoZoomAction:0.16
ResizeAction:0.10666666666666667
FiltersAction:0.10666666666666667
HighlightAction:0.1
