MDialog:0.4766666666666667
MAbout:0.2966666666666667
MCalendar:0.265
MNotification:0.235
MWizard:0.235
HTMLColorChooserPanel:0.188
MContentPane:0.1624761904761905
