Utilities:0.5266666666666666
DatabaseHandler:0.4766666666666667
UploadServlet:0.21000000000000002
TemplateTag:0.20333333333333334
LuceneSearchEngine:0.16
