Message:0.07907027
Connection:0.022665728
