Message:0.07887972
Connection:0.035000376
