AbstractFilter:0.44666666666666666
ParseEntry:0.36666666666666664
SearchThread:0.2
LoadFilesCallback:0.1877777777777778
TranslateEntry:0.11
TranslateFilesCallback:0.04666666666666667
ITranslateCallback:0.036166666666666666
IParseCallback:0.029444444444444447
