DefaultPreview:0.6933333333333334
Preview:0.5186666666666666
ItemRenderer:0.32
