ColonyPanel:0.5266666666666666
ProductionLabel:0.5012222222222221
ServerColony:0.2966666666666667
