BaseHashMap:0.41333333333333333
Cache:0.37333333333333335
ClobDataID:0.2891666666666667
DoubleIntIndex:0.25333333333333335
Logger:0.24666666666666667
BlobDataID:0.22194444444444447
ValuePoolHashMap:0.19
ObjectCacheHashMap:0.15333333333333332
BlobInputStream:0.1261111111111111
