SortMethod:0.07811347
Query:0.056910004
Hit:0.0061860397
