SortComparator:0.5119799
Query:0.23770425
SearchBar:0.049461994
QueryEditor:0.03865251
