SegmentBuilder:0.42333333333333334
Styles:0.37
RealProject:0.2966666666666667
EditorSettings:0.22444444444444447
MatchesTextArea:0.21666666666666667
EntryListPane:0.15833333333333333
SourceTextEntry:0.06
