Preferences:0.5433333333333333
MainWindowMenuHandler:0.3933333333333333
Core:0.37
MainWindow:0.365
MainWindowMenu:0.33666666666666667
IMainMenu:0.3272804232804233
IMainWindow:0.22337301587301586
ConsoleWindow:0.18277777777777776
PluginUtils:0.14666666666666667
TestCore:0.11
MachineTranslateTextArea:0.06
BelazarTranslate:0.04
IMachineTranslation:0.03666666666666667
BaseTranslate:0.0044444444444444444
GoogleTranslate:0.0
MachineTranslationInfo:0.0
