Unit:0.63
Player:0.5266666666666666
FoundingFather:0.35333333333333333
GUI:0.22138888888888886
Monarch:0.22
InGameController:0.20583333333333334
InGameInputHandler:0.20111111111111113
AIPlayer:0.18666666666666668
IndianDemandMission:0.12
AIInGameInputHandler:0.10333333333333333
