Archive:0.20544799
ArchiveItem:0.1905878
