TK:0.68
OS:0.32
Gettext:0.31333333333333335
MCalendar:0.30333333333333334
MDate:0.23333333333333334
MText:0.23333333333333334
Config:0.22
HelpGenerator:0.18666666666666668
AbstractClockWidget:0.17666666666666667
LocalizedString:0.17333333333333334
DateAction:0.13333333333333333
Database:0.10666666666666667
DayLabel:0.10333333333333333
