UI:0.71
MetaInfo:0.33
Preloader:0.2633333333333333
PluginMenu:0.2311111111111111
Feed:0.22833333333333333
Widget2Help:0.22
MouseGestures:0.20333333333333334
FeedsFS:0.18666666666666668
MColorChooser:0.18
Desktop:0.17333333333333334
XMLHelper:0.16
Gesture:0.13333333333333333
MSplashScreen:0.12
DesktopPanel:0.11333333333333333
