InGameController:0.51
GUI:0.43333333333333335
DebugForeignColonyMessage:0.39666666666666667
InGameInputHandler:0.25
CanvasMouseListener:0.18666666666666668
