SqlFile:0.6366666666666667
SqltoolRB:0.5186666666666666
SqlTool:0.31333333333333335
