QueryHandler:0.6566666666666666
DefaultQueryHandler:0.44666666666666666
PersistencyHandler:0.4266666666666667
FileHandler:0.36666666666666664
DatabaseHandler:0.33666666666666667
JAMWikiServlet:0.28
AdminServlet:0.19333333333333333
OracleQueryHandler:0.16
MySqlQueryHandler:0.15333333333333332
ContributionsServlet:0.08333333333333333
RecentChangesServlet:0.08333333333333333
HistoryServlet:0.07
WikiDescendingFileComparator:0.02
WikiAscendingFileComparator:0.02
