jEdit:0.6933333333333334
MiscUtilities:0.53
CompleteWord:0.21777777777777782
HyperSearchResult:0.21333333333333335
Windows:0.20777777777777778
HyperSearchResults:0.18
