EditorController:0.38030905
EditorSettings:0.06113531
IPopupMenuConstructor:0.017228926
