Expression:0.49
Database:0.4866666666666667
Trace:0.48611111111111116
View:0.19666666666666666
