TK:0.9166666666666666
AbstractSelection:0.2733333333333333
TestTK:0.25666666666666665
FileExtensionFilter:0.20666666666666667
