Player:0.7333333333333333
InfoPanel:0.44333333333333336
UnitInfoPanel:0.18
EndTurnPanel:0.02
FreeColMenuBar:0.016666666666666666
