XMLHelper:0.05221114
MLogger:0.037761047
MMessage:0.030045833
UI:0.026547778
CoolHeader:0.02467909
FS:0.019978067
TK:0.015013806
MLabel:0.014569049
MMouseAdapter:0.01211545
OS:0.010115801
MMainWindow:0.009859347
Net:0.006449596
MTimer:0.0042956066
Property:0.0025619448
BooleanProperty:0.001863348
