Canvas:0.6433333333333333
VictoryPanel:0.45
InGameInputHandler:0.24666666666666667
