GUIUtilities:0.9266666666666666
HyperSearchResults:0.24
BrowserJTree:0.2188888888888889
MouseHandler:0.19444444444444445
