Logger:0.39666666666666667
TarEntrySupplicant:0.36333333333333334
Log:0.3233333333333333
DbBackup:0.2833333333333333
TarGenerator:0.18666666666666668
RAShadowFile:0.15
InputStreamShadow:0.09
