Mode:0.25812724
jEdit:0.107181534
MiscUtilities:0.07795036
FoldHandler:0.05203652
AbstractOptionPane:0.04436242
GlobalOptions:0.015369369
