EditPlugin:0.21821629
jEdit:0.1694163
Roster:0.12428106
MiscUtilities:0.12152315
BeanShell:0.074652344
DockableWindowManager:0.06942878
Log:0.06041111
PluginResURLConnection:0.05265923
ActionSet:0.046720434
HelpTOCPanel:0.04375974
OperatingSystem:0.018021468
