FileVFS:0.17149189
jEdit:0.14540413
Buffer:0.14463656
VFS:0.13155383
TextUtilities:0.09956384
GUIUtilities:0.095824644
VFSBrowser:0.08489873
Macros:0.07929316
EditPlugin:0.07508724
VFSManager:0.06895528
JARClassLoader:0.060507033
Selection:0.059643455
Abbrevs:0.056690704
HelpIndex:0.0563614
BrowserView:0.055532765
DirectoryMenu:0.054780457
JEditTextArea:0.054626357
Log:0.05303501
SearchAndReplace:0.05289282
HistoryModel:0.05229323
SearchDialog:0.051051896
AllBufferSet:0.04461636
PluginList:0.042113967
StatusBar:0.04130692
HelpTOCPanel:0.038600035
Roster:0.038109835
Mode:0.037155118
RESearchMatcher:0.033607114
VFSFileChooserDialog:0.030265052
OperatingSystem:0.02986672
HelpViewer:0.029570522
InputHandler:0.029202562
EditingOptionPane:0.028914783
PluginManager:0.026433695
RecentFilesMenu:0.023234148
ModeCatalogHandler:0.021785742
PluginResURLConnection:0.021337241
InstallPluginsDialog:0.019470518
WindowTableModel:0.019324074
RecentDirectoriesMenu:0.019014917
ToolBarEditDialog:0.018943347
CompleteWord:0.01888297
AbbrevsModel:0.01781044
ShortcutsOptionPane:0.017282013
ToolBarOptionPane:0.017277664
ContextOptionPane:0.016807342
DirectoryListSet:0.015449368
MacrosMenu:0.012656032
StyleTableModel:0.010341649
BufferPrinter1_4:0.008103542
TipOfTheDay:0.0076617994
ContextAddDialog:0.0066537643
LogViewer:0.004328969
