Preferences:0.6669444444444443
SearchWindowController:0.4633333333333333
SearchWindowForm:0.36333333333333334
Searcher:0.36
SearchExpression:0.12111111111111111
