DbBackup:0.5733333333333334
TarGenerator:0.5733333333333334
RB:0.5433333333333333
