MFileChooser:0.49
AbstractFS:0.3433333333333333
URIBookmark:0.31333333333333335
Globals:0.25
BookmarkAction:0.07333333333333333
