Environment:0.6266666666666667
Encryption:0.47333333333333333
AdminServlet:0.2633333333333333
