Expression:0.50539184
ExpressionColumn:0.39767075
QuerySpecification:0.21679613
ParserDQL:0.05073249
OpTypes:0.036273614
Session:0.034611054
SetFunction:0.019957278
RangeGroup:0.0019995563
Tokens:0.0
