Expression:0.40124452
ExpressionColumn:0.26738247
SortAndSlice:0.13717467
ParserDQL:0.0931062
SetFunction:0.042682335
OpTypes:0.036570925
Session:0.031340607
RangeGroup:0.00441056
Tokens:0.0
