Expression:0.41849077
ExpressionColumn:0.26834965
Routine:0.23725735
ExpressionLogical:0.17128716
ExpressionTable:0.16721705
RoutineSchema:0.10010385
StatementProcedure:0.08668937
SessionContext:0.046370942
ColumnSchema:0.04064518
Session:0.037252054
ParserDQL:0.03237754
OpTypes:0.020541074
RangeGroup:0.008651743
