JDBCStatement:0.4582888
JDBCResultSet:0.43600118
JDBCDatabaseMetaData:0.42466208
JDBCPreparedStatement:0.42393747
JDBCCallableStatement:0.40407625
JDBCClob:0.304629
JDBCDriver:0.2947617
JDBCResultSetMetaData:0.29225275
JDBCArray:0.29131007
JDBCBlob:0.2606057
JDBCSQLXML:0.23651451
JDBCStatementBase:0.19364724
JDBCSavepoint:0.19168943
Util:0.17300203
JDBCParameterMetaData:0.16315654
JDBCNClob:0.12267298
JDBCConnectionEventListener:0.018967364
