Player:0.7666666666666667
Building:0.4666666666666667
Colony:0.4666666666666667
