Unit:0.51
Canvas:0.32
FoundingFather:0.2966666666666667
StartGamePanel:0.24277777777777776
FoundingFatherPanel:0.23333333333333334
FreeColMenuBar:0.2281666666666667
