Specification:0.4938888888888889
Operand:0.4066666666666667
Limit:0.4
