FeedComponent:0.605
AppletWidget:0.4166666666666667
Stub:0.2633333333333333
