Specification:0.6275
FoundingFather:0.38666666666666666
BuildingType:0.37666666666666665
