EditorController:0.38760236
EditorSettings:0.06208986
IEditorFilter:0.022560086
IPopupMenuConstructor:0.012525625
