FS:0.5266666666666666
MIcon:0.45666666666666667
LookAndFeelSettings:0.23333333333333334
IconSizePreview:0.18
LinkButton:0.17333333333333334
