ServerPlayer:0.5
InGameInputHandler:0.43333333333333335
AIPlayer:0.33666666666666667
ClientModelController:0.32666666666666666
DefendSettlementMission:0.24944444444444447
