UI:0.9066666666666666
MColorIcon:0.22
AbstractSpinner:0.20666666666666667
CircleRenderer:0.19666666666666666
MSmallColorChooser:0.19333333333333333
MFontChooser:0.18666666666666668
Permission:0.18333333333333332
MSmallColorButton:0.18
Args:0.17666666666666667
MRegexPanel:0.17666666666666667
HTMLColorChooserPanel:0.14666666666666667
SummaryRenderer:0.13666666666666666
RandomPasswordGeneratorDialog:0.10333333333333333
