MainWindow:0.48388888888888887
TaskManager:0.44666666666666666
TaskSummary:0.37666666666666665
