FreeCol:0.38666666666666666
FreeColServer:0.33555555555555555
ServerInfo:0.2966666666666667
NetworkHandler:0.2866666666666667
MetaRegister:0.20333333333333334
ServerListPanel:0.14666666666666667
MetaItem:0.08666666666666667
