MLogger:0.016753431
MDownloadDialog:0.010256051
