Operand:0.09474254
Event:0.05655646
FreeColObject:0.045799892
FreeColGameObjectType:0.042621806
Colony:0.03262877
FreeColGameObject:0.031849958
BuildableType:0.028824123
Specification:0.026509501
Game:0.02637418
Player:0.02358362
Settlement:0.017571256
