MApplication:0.79
MainWindow:0.4633333333333333
Main:0.39666666666666667
