MSearchPanel:0.59
TodoEditor:0.38611111111111107
GHNSDialog:0.2761111111111111
MFontChooser:0.22444444444444447
QuickOpen:0.19000000000000003
