PreviewPanel:0.54
VersionPanel:0.31
PropertiesPanel:0.2733333333333333
ExternalFolder:0.15
ExternalFolderList:0.11333333333333333
