Error:0.4766666666666667
JDBCResultSet:0.36333333333333334
ExpressionLogical:0.31333333333333335
JDBCPreparedStatement:0.3
IntervalType:0.29333333333333333
ExpressionOp:0.24666666666666667
Routine:0.22
ResultMetaData:0.21666666666666667
ParserDQL:0.20333333333333334
StatementManager:0.17333333333333334
ExpressionArithmetic:0.16
StatementSimple:0.15333333333333332
