AnsiDataHandler:0.5066666666666667
RankingAlgorithmSearchEngine:0.48333333333333334
LuceneSearchEngine:0.4066666666666667
