MRating:0.12078445
TK:0.06658835
MPanel:0.018594787
