ResourceManager:0.43
GoodsLabel:0.35333333333333333
ColorResource:0.31666666666666665
FreeColDataFile:0.31666666666666665
ResourceFactory:0.1811111111111111
