StandardUtilities:0.66
MiscUtilities:0.4866666666666667
FoldHandler:0.1877777777777778
CompleteWord:0.1725
SendVFSUpdatesSafely:0.17
StringCompare:0.10333333333333333
