RealProject:0.08534963
IProject:0.062510595
ProtectedPart:0.061054584
NotLoadedProject:0.047675192
ProjectTMX:0.046762597
ImportFromAutoTMX:0.045744296
LastSegmentManager:0.034614913
EntryKey:0.026263835
