ParserUtil:0.6166666666666667
WikiLinkHandler:0.09333333333333334
