Player:0.74
FoundingFather:0.39666666666666667
Specification:0.35333333333333333
