PropertyAccess:0.35813478
SecureProperty:0.34198397
Config:0.30677783
AbstractProperty:0.27177507
BeanProperty:0.26081437
EnumProperty:0.17825839
IntegerProperty:0.15452111
TK:0.12221708
BooleanProperty:0.09243767
StringProperty:0.08411043
DoubleProperty:0.08332142
FloatProperty:0.0808188
ColorProperty:0.08055267
UI:0.07429461
MLogger:0.07292453
DateProperty:0.06898721
ContainerIterator:0.05339549
MApplication:0.052980725
FontProperty:0.047041908
OS:0.045856148
MDate:0.04492908
FS:0.04118164
MDialog:0.034415457
VersionProperty:0.029743498
MText:0.027936636
MDesktopPane:0.02572958
MIcon:0.024376092
NumberProperty:0.022771703
MFileChooser:0.022661513
MButton:0.019077294
MSettingsDialog:0.018707901
MNotification:0.018670712
MTextPane:0.017895807
MURLButton:0.017661478
MCellTip:0.017300108
MToolBar:0.015900608
MRating:0.0154987415
MSystemTray:0.0151777845
MouseGestures:0.014603896
MIconChooser:0.013141803
MFontButton:0.013130358
MMessage:0.013006445
MColorChooser:0.0128094945
MMainWindow:0.012436427
MFontChooser:0.012393226
MFrame:0.010376313
MTableHeader:0.010235406
MWhatsThis:0.008520778
ColumnManager:0.007734009
MEditorPane:0.0067232484
MMouseAdapter:0.0048363674
MTextLabel:0.0014650082
