Tile:0.74
ImageLibrary:0.43666666666666665
GUI:0.24666666666666667
FreeColServer:0.24
Message:0.22
TerrainGenerator:0.12666666666666668
