WidgetDesktopPaneUI:0.45666666666666667
DragAdapter:0.4
LinearGradientPainter:0.30333333333333334
WidgetDesktopIconUI:0.25333333333333335
WidgetPainter:0.21666666666666667
