MetaInfo:0.7166666666666667
QueryEditor:0.3566666666666667
TreePanel:0.27
SearchFS:0.2644444444444445
Query:0.23
RatingAction:0.17444444444444446
VersionsAction:0.13666666666666666
QueryAction:0.135
LabelIcon:0.016666666666666666
