GUI:0.7533333333333333
FreeColClient:0.3233333333333333
PreGameController:0.28
ConnectController:0.24777777777777782
MapControlsAction:0.22611111111111115
MapEditorController:0.21133333333333335
