jEdit:0.68
EditAction:0.43833333333333335
ActionSet:0.3
Button:0.2866666666666667
ToolBarOptionPane:0.2677777777777778
VFSBrowser:0.26
JARClassLoader:0.24666666666666667
EditBus:0.24666666666666667
PanelWindowContainer:0.24333333333333335
ToolBarEditDialog:0.21666666666666667
BeanShell:0.21
DockableWindowManager:0.20333333333333334
DockableListHandler:0.19
Factory:0.1825
FloatingWindowContainer:0.17388888888888887
Entry:0.17333333333333334
HyperSearchResults:0.15583333333333332
LogViewer:0.15
ActionHandler:0.14666666666666667
JAR:0.13333333333333333
ContextAddDialog:0.12666666666666668
ButtonCellRenderer:0.10083333333333333
MenuItemCompare:0.09333333333333334
ButtonCompare:0.08333333333333333
