UI:0.6066666666666667
PluginSettings:0.22333333333333333
Dialog:0.22133333333333335
MScrollPane:0.21555555555555553
MLayerUI:0.20666666666666667
Filters:0.1907222222222222
MainPanel:0.17666666666666667
QueryCategorySelection:0.17
