Buffer:0.46
JEditTextArea:0.39666666666666667
OptionsDialog:0.2966666666666667
ChunkCache:0.2891666666666667
DisplayManager:0.2633333333333333
EditAction:0.25333333333333335
PluginTableModel:0.24833333333333332
InputHandler:0.24333333333333335
ActionListHandler:0.23666666666666666
AbstractOptionPane:0.22666666666666666
ListUpdater:0.20666666666666667
InstallPanel:0.20333333333333334
OffsetManager:0.2
PluginManager:0.19
BeanShellAction:0.17666666666666667
Anchor:0.023333333333333334
