InternetSearchPanel:0.35
Bookmarks:0.2325
OpenAllInTabsAction:0.18916666666666668
Action:0.17733333333333334
UninstallOpenSearchPluginAction:0.17666666666666667
NewFileAction:0.13
AddTaskAction:0.11
