MTree:0.7666666666666667
Tree:0.5033333333333333
MirrorDialog:0.19666666666666666
