OptionGroupUI:0.23379691
OptionUpdater:0.1774366
