OptionGroupUI:0.19226196
OptionUpdater:0.07407713
