OptionGroupUI:0.15899168
OptionUpdater:0.011159949
