OptionGroupUI:0.24059701
OptionUpdater:0.1283348
