OptionGroupUI:0.07678737
OptionUpdater:0.019503282
