BooleanOption:0.16169043
PercentageOption:0.16145605
FileOption:0.15603957
IntegerOption:0.13991748
OptionGroup:0.13757576
ListOption:0.12829733
StringOption:0.1282342
SelectOption:0.1210667
LanguageOption:0.10345341
AudioMixerOption:0.10222423
AbstractOption:0.060013354
