OptionGroupUI:0.22479099
OptionUpdater:0.116336614
