ImageLibrary:0.59
GUI:0.41
ImageProvider:0.32466666666666666
MapControls:0.22333333333333333
TileImprovementType:0.2025
RiverStylePanel:0.13
