EditorController:0.40758935
EditorSettings:0.06486064
IEditorFilter:0.025212307
IPopupMenuConstructor:0.014071995
