SegmentPropertiesListView:0.5669047619047619
SegmentPropertiesTableView:0.5669047619047619
SegmentPropertiesArea:0.4
