AbstractFilter:0.5033333333333333
FilterMaster:0.4666666666666667
IFilter:0.32466666666666666
RealProject:0.26666666666666666
TestFilterBase:0.22666666666666666
SearchThread:0.14
