HyperSearchResults:0.11886571
HyperSearchRequest:0.108327754
Buffer:0.08841841
jEdit:0.061323304
