NewFolderDialog:0.5483333333333333
NewFileDialog:0.47333333333333333
MainPanel:0.2722222222222222
