Console:0.5666666666666667
ConsoleCommand:0.5266666666666666
ConsolePlugin:0.34
Script:0.19
