Log:0.16024783
StringUtil:0.1199337
TagUtil:0.109845474
OConsts:0.09681046
LFileCopy:0.08127211
Platform:0.047288742
RuntimePreferences:0.03988831
Preferences:0.0
FileUtil:0.0
