Unit:0.7633333333333333
Colony:0.48333333333333334
InGameController:0.28
InGameInputHandler:0.26
