BaseHashMap:0.6033333333333334
BitMap:0.44333333333333336
HashIndex:0.36666666666666664
ValuePool:0.21
ValuePoolHashMap:0.20333333333333334
