MInternalFrame:0.6522222222222223
MetalTitle:0.20666666666666667
AbstractDeskletContainer:0.16333333333333333
DeskletWidgetContainer:0.15666666666666668
