Buffer:0.5666666666666667
JEditTextArea:0.51
Gutter:0.3233333333333333
TextAreaPainter:0.31333333333333335
