MDialog:0.6033333333333334
MMessage:0.58
FSHelper:0.24
Input:0.22
MAboutDialog:0.21333333333333335
PropertiesPanel:0.20666666666666667
NewPasswordDialog:0.175
NewFolderDialog:0.16
NewFileDialog:0.15
ActionProperties:0.12
