FormPanel:0.5633333333333334
MRenderer:0.54
PickerColorChooserPanel:0.30333333333333334
ColorRenderer:0.22333333333333333
