Player:0.6666666666666666
Colony:0.58
Game:0.4633333333333333
