Database:0.11918039
Server:0.112131074
DatabaseURL:0.077189006
SessionManager:0.07376905
Servlet:0.06572738
ServerConnection:0.06429212
Session:0.054914836
WebServerConnection:0.04879417
Trace:0.04253743
ServerConstants:0.038607907
HsqlException:0.006654784
