ArrayUtil:0.6233333333333333
Expression:0.4066666666666667
LobManager:0.3333333333333333
ExpressionOp:0.31666666666666665
JDBCDatabaseMetaData:0.25333333333333335
ExpressionArithmetic:0.25166666666666665
RangeVariable:0.24
ExpressionLogical:0.23666666666666666
SessionData:0.22
StatementDML:0.21
Session:0.20333333333333334
RangeVariableConditions:0.2
ExpressionLike:0.15666666666666668
