Modifier:0.47333333333333333
Tile:0.365
FeatureContainer:0.3566666666666667
UnitType:0.33
FreeColTestCase:0.2833333333333333
BuildingType:0.28
TileImprovementType:0.2733333333333333
BuildingTest:0.2733333333333333
ColonyTile:0.27
Building:0.25
FoundingFather:0.24666666666666667
FreeColGameObjectType:0.23666666666666666
TileItemContainer:0.21666666666666667
FoundingFatherTest:0.19333333333333333
Colony:0.19
NationType:0.16666666666666666
WorkProductionPanel:0.04666666666666667
