Tokens:0.8466666666666667
FunctionCustom:0.6133333333333333
