SearchAndReplace:0.09384046
NameSpace:0.033793833
BeanShell:0.030089933
SearchMatcher:0.028664857
