Config:0.4533333333333333
Property:0.4166666666666667
Permission:0.22666666666666666
MIconChooser:0.19333333333333336
IntegerProperty:0.14333333333333334
StringProperty:0.125
Vars:0.0
