Canvas:0.6766666666666666
ColonyPanel:0.3433333333333333
EuropePanel:0.2866666666666667
ColopediaPanel:0.24333333333333335
FreeColPanel:0.21666666666666667
ReportPanel:0.2
