BufferPrintable:0.06812457
jEdit:0.03706183
Buffer:0.019662399
MiscUtilities:0.014858666
View:0.013091089
Log:0.007949974
