EditPlugin:0.0973252
MiscUtilities:0.090960845
PluginJAR:0.07092507
jEdit:0.06864699
DynamicMenuProvider:0.048017975
Log:0.02566953
