Name:0.19113988
NameSpace:0.17473884
LHS:0.14243087
ClassGeneratorUtil:0.1365283
ClassGeneratorImpl:0.13247505
BSHPrimarySuffix:0.122582756
BshMethod:0.11640894
BSHAllocationExpression:0.10610575
This:0.10134562
BshClassManager:0.099454604
Interpreter:0.08113939
Types:0.07967485
Primitive:0.053903412
ReflectManager:0.045493014
BSHArrayInitializer:0.041497987
UtilEvalError:0.035579983
Capabilities:0.03295506
SimpleNode:0.031087754
ReflectError:0.025687711
BSHArrayDimensions:0.020264747
UtilTargetError:0.01646301
CallStack:0.016446657
StringUtil:0.014291506
EvalError:0.005477384
InterpreterError:0.0015830712
