TarBuffer:0.114920534
TarEntry:0.11091405
InstallThread:0.049921084
TarHeader:0.029025787
InvalidHeaderException:0.012640979
