DefaultTokenHandler:0.22065325
ParserRuleSet:0.20218547
ParserRule:0.15783209
TokenMarker:0.15778491
TokenHandler:0.15212983
DummyTokenHandler:0.1366302
XModeHandler:0.13258608
Chunk:0.12719963
TextUtilities:0.09641241
DisplayTokenHandler:0.09370705
KeywordMap:0.08150714
Buffer:0.07712685
GUIUtilities:0.06655088
TextAreaPainter:0.038013317
ChunkCache:0.037295297
StyleTableModel:0.0372902
BufferPrintable:0.020418303
