Player:0.079349786
FreeColObject:0.062766306
Game:0.04201184
FreeColGameObject:0.033485755
Unit:0.01616134
CombatModel:0.0065216883
