AbstractPlugin:0.12668978
PluginManager:0.095446
AppletPanel:0.05573971
