MStatusBar:0.7433333333333333
Console:0.38333333333333336
ImageEditorCore:0.36
