ImportExport:0.5366666666666666
NewFolderDialog:0.5316666666666666
NewFileDialog:0.38333333333333336
