Preferences:0.731388888888889
TMXReader:0.61
MainWindowMenuHandler:0.41
MainWindowMenu:0.24866666666666665
ExternalTMXMatchesDialog:0.2
