Task:0.46236017
TaskState:0.12265845
TaskTable:0.066032074
Column:0.04376244
