TaskTable:0.08067997
TaskModel:0.064004
Filter:0.06379714
DateTimeRenderer:0.053843003
TaskState:0.032118417
Priority:0.018045735
CompleteRenderer:0.007213589
CompleteEditor:0.0054980926
TaskSelection:0.0015568547
