FS:0.73
Desktop:0.37
MPanel:0.37
MainWindow:0.1925
AbstractImportAction:0.18333333333333332
ImportFromLifereaAction:0.17853968253968255
