Size:0.6366666666666667
MDialog:0.4033333333333333
MainWindow:0.3433333333333333
MFileChooser:0.27666666666666667
CoolHeader:0.19250000000000003
MColorChooser:0.18666666666666668
SearchBar:0.16833333333333333
MAuthenticator:0.13777777777777778
PrintDialog:0.13666666666666666
