Transfer:0.070054166
DatabaseManagerCommon:0.0598685
ConnectionDialogSwing:0.04299398
GridSwing:0.02345409
TableSorter:0.020101126
CommonSwing:0.0018595249
