DatabaseManager:0.020423006
ZaurusDatabaseManager:0.018236458
QueryTool:0.01782715
