ImageEditor:0.062312055
ImageEditorCore:0.03240709
