TaskList:0.2318066
AlarmManager:0.20658335
TaskSummary:0.16478264
TaskInfo:0.087329336
TaskInfoButton:0.0863625
Summary:0.023794439
