ClobData:0.6
BlobData:0.56
BinaryData:0.33666666666666667
Database:0.2791666666666667
BlobDataID:0.22333333333333333
ClobDataRemoteClient:0.21333333333333335
BinaryType:0.2025
SessionData:0.2
LobManager:0.18333333333333332
ClobDataID:0.17
BlobDataRemoteClient:0.17
ClobDataMemory:0.16666666666666666
