Buffer:0.51
jEdit:0.5066666666666667
View:0.36333333333333334
MouseHandler:0.30333333333333334
UrlVFS:0.2866666666666667
