Game:0.43
Unit:0.33666666666666667
FreeColObject:0.26
ColonyTile:0.24444444444444446
Tile:0.23333333333333334
PlayerExploredTile:0.22666666666666666
IndianSettlement:0.20977777777777779
