Unit:0.92
UnitTest:0.2633333333333333
ColonyPlan:0.20666666666666667
DragListener:0.2
