Task:0.23263812
TaskTable:0.1701029
Column:0.08550551
Filter:0.034891054
Priority:0.025062947
