Index:0.6066666666666667
Table:0.3983333333333333
CharacterType:0.38333333333333336
Session:0.3447063492063492
IndexAVL:0.31333333333333335
TableBase:0.28
QuerySpecification:0.2633333333333333
ExpressionLogical:0.25
ParserDQL:0.23916666666666667
RangeIteratorMain:0.22
RowSetNavigatorDataTable:0.20666666666666667
RangeVariable:0.17666666666666667
