Console:0.47
ValueChangeListener:0.35333333333333333
WidgetDesktopPaneUI:0.3466666666666667
DesktopPanel:0.21
