MDateSpinner:0.09696858
MCalendar:0.051236957
MDate:0.0415502
MPanel:0.037692968
MMenu:0.028387275
MLabel:0.023490667
UI:0.019927045
MButton:0.018901551
MRenderer:0.018182753
MSmallButton:0.017542327
CoolHeader:0.014007608
TK:0.012368764
MAction:0.012028263
MCalendarPanelBeanInfo:0.011470818
MLineBorder:0.010419041
MLogger:0.009529879
MApplication:0.008956958
ItemStatus:0.008428494
MActionInfo:0.008126312
MMouseAdapter:0.0076162857
MIcon:0.007488688
MColor:0.0061457595
MArrayList:0.006099693
MComponent:0.0052941185
MTimer:0.004837054
Mnemonic:0.004096659
MDataAction:5.893363E-4
