BSHAmbiguousName:0.19876394
BSHArrayDimensions:0.17236106
BSHArguments:0.15909772
BSHBlock:0.14483841
Interpreter:0.13046902
NameSpace:0.1282191
SimpleNode:0.11647777
This:0.112322
Reflect:0.104719855
Primitive:0.064845905
CallStack:0.049036905
TargetError:0.04688323
EvalError:0.04497118
BSHPrimitiveType:0.035657316
Parser:0.03516672
ReflectError:8.783194E-4
