BSHArrayInitializer:0.3491096
BSHAllocationExpression:0.15828551
SimpleNode:0.11226738
Interpreter:0.08096444
Reflect:0.0760101
EvalError:0.043551385
Primitive:0.038686965
Parser:0.02976605
CallStack:0.026824202
