Reflect:0.15994343
Name:0.1597837
Interpreter:0.15149595
BshMethod:0.1231458
BSHBinaryExpression:0.112610616
BSHPrimarySuffix:0.10483227
This:0.10441155
BSHMethodDeclaration:0.10352712
BSHCastExpression:0.10128474
BshClassManager:0.09919821
Primitive:0.09781751
XThis:0.0919008
LHS:0.09105964
BSHTypedVariableDeclaration:0.081613995
SimpleNode:0.0790131
BSHImportDeclaration:0.075152084
BSHTryStatement:0.07218539
BSHFormalParameter:0.06749191
BSHAmbiguousName:0.06451737
BlockNameSpace:0.058737323
BSHFormalParameters:0.054735567
BSHType:0.053986214
BSHAllocationExpression:0.05272867
BSHReturnType:0.051668882
BeanShell:0.049954727
BSHForStatement:0.049238548
BSHMethodInvocation:0.04678235
JThis:0.046615746
CallStack:0.045225423
BSHBlock:0.040886246
EvalError:0.03362861
Capabilities:0.03153909
NameSource:0.030083999
BoyerMooreSearchMatcher:0.021762885
dir:0.016626913
RESearchMatcher:0.016505368
ClassPathException:0.0077352314
InterpreterError:0.0034844414
