OS:0.7233333333333334
MText:0.4472222222222223
AboutAction:0.39
