JEditTextArea:0.6733333333333333
TextAreaPainter:0.44333333333333336
AboutPanel:0.29
