Monarch:0.5833333333333334
InGameInputHandler:0.30666666666666664
AIInGameInputHandler:0.24444444444444444
InGameController:0.23
MonarchPanel:0.19000000000000003
