Mark:0.48
Core:0.44333333333333336
SegmentBuilder:0.4
EditorController:0.3566666666666667
MarkerController:0.26
EditorTextArea3:0.21083333333333334
PatternConsts:0.18333333333333332
AbstractMarker:0.15333333333333332
RemoveTagMarker:0.07333333333333333
Tooltip:0.07333333333333333
MarkInfo:0.07
IMarker:0.0425
ProtectedPartsMarker:0.03666666666666667
