DatabaseManager:0.68
DatabaseManagerSwing:0.4066666666666667
ScriptWriterText:0.38666666666666666
