OptionGroup:0.15072541
Option:0.0362279
AbstractOption:0.019941825
