IntegerOption:0.31409746
OptionGroup:0.22751944
AbstractOption:0.17720412
Option:0.110785864
