FS:0.8666666666666667
MFileChooser:0.25666666666666665
Desktop:0.22555555555555556
FileCache:0.19222222222222224
StatsPanel:0.14666666666666667
ImportFromLifereaAction:0.12666666666666668
