BeanShell:0.52
HelpTOCPanel:0.22
ActionBar:0.21666666666666667
MouseHandler:0.12666666666666668
VFSFileChooserDialog:0.12666666666666668
Debug:0.07333333333333333
