Colony:0.09343803
TileType:0.07803597
Market:0.074732676
UnitType:0.07174056
ResourceType:0.07171989
TileImprovementType:0.07078116
Tile:0.058602486
BuildingType:0.058573633
EquipmentType:0.05810066
IndianSettlement:0.05709968
Europe:0.056593288
Resource:0.051074564
ColonyTile:0.050615728
Goods:0.046585895
BuildableType:0.046530154
Player:0.044680636
Building:0.043952834
GoodsContainer:0.043847352
ExportData:0.043307673
TileImprovement:0.041353874
AbstractGoods:0.03886865
TradeRoute:0.03784322
Unit:0.03536266
Settlement:0.03410486
TileItemContainer:0.031344645
FreeColObject:0.031188054
MarketData:0.029417455
FreeColGameObjectType:0.024943708
WorkLocation:0.022835886
TransactionListener:0.021756453
SimpleCombatModel:0.015341473
