InputHandler:0.32154727
PreGameController:0.17663503
UserConnectionHandler:0.13564703
