WikiPageInfo:0.33666666666666667
AdminServlet:0.2966666666666667
ManageServlet:0.27666666666666667
RolesServlet:0.25
AdminVirtualWikiServlet:0.24333333333333335
RegisterServlet:0.21
MoveServlet:0.17333333333333334
WatchlistServlet:0.16
ImportTiddlyWikiServlet:0.15333333333333332
