GUI:0.6833333333333333
ProductionLabel:0.24444444444444446
UnitLabel:0.24444444444444446
ProductionMultiplesLabel:0.215
