MDocumentAdapter:0.62
MText:0.38666666666666666
AutoCompletion:0.2633333333333333
MMessage:0.25333333333333335
MTextField:0.24666666666666667
MPasswordField:0.21
TextUtils:0.17222222222222225
