Table:0.6716666666666666
Index:0.4666666666666667
SessionContext:0.25666666666666665
IndexRowIterator:0.23666666666666666
Constraint:0.23
BaseHashMap:0.21333333333333335
StatementDMQL:0.20333333333333334
TestUtil:0.2
HashIndex:0.19
RowSetNavigatorData:0.18666666666666668
CachedRow:0.16
StatementInsert:0.11
