View:0.120375
KeyEventWorkaround:0.03916181
JEditTextArea:0.034768745
GUIUtilities:0.015623766
