jEdit:0.05089275
GUIUtilities:0.04353788
EditPlugin:0.028104147
JARClassLoader:0.020144342
Log:0.013906754
XmlParser:0.013849979
EditBus:0.011795296
EBMessage:0.011193988
EBComponent:0.00521388
PropertiesChanged:0.004859464
HandlerBase:0.0036847806
XmlException:0.0034677496
