AuthFunctionBean:0.29610708
LdapAuthBean:0.116720535
