AuthUtils:0.063468166
AuthFunctionBean:0.042079657
DenyException:0.0042503173
