LdapAuthBean:0.2528864
AuthFunctionBean:0.047401432
DenyException:0.0016445994
