JaasAuthBean:0.1708521
AuthBeanMultiplexer:0.064639956
AuthFunctionBean:0.044283666
DenyException:0.0014972945
