ServerConfiguration:0.25910497
Server:0.0885444
WebServer:0.058416512
WebServerConnection:0.04525597
HsqlServerFactory:0.023297371
