WebServer:0.23479888
ServerConfiguration:0.17165796
ServerProperties:0.14632632
HsqlServerFactory:0.090711966
ServerConnection:0.086887
WebServerConnection:0.080643445
ServerAcl:0.07358185
ServerConstants:0.06873024
HsqlSocketFactory:0.04389104
HsqlSocketRequestHandler:0.0103995595
