SVGFigureFactory:0.044203185
DefaultSVGFigureFactory:0.0392879
SVGZInputFormat:0.013707166
