IProject:0.5466666666666666
StaticUtils:0.5233333333333333
RealProject:0.35333333333333333
NotLoadedProject:0.32
Sorter:0.3
FalseFriendsTest:0.12666666666666668
OConsts:0.03
