SqlFile:0.49333333333333335
SqltoolRB:0.31833333333333336
SqlTool:0.30333333333333334
