Player:0.6166666666666667
TradeRoute:0.5066666666666667
TradeRouteDialog:0.26666666666666666
