MProperties:0.7433333333333333
Config:0.48
DefaultPreview:0.3233333333333333
Gettext:0.21000000000000002
LinkEditorPlugin:0.15
