LinkTag:0.6466666666666666
ImageLinkTag:0.2633333333333333
DecodeTag:0.20666666666666667
EncodeTag:0.18666666666666668
LinkParamTag:0.13
