DockableWindowManager:0.4533333333333333
FloatingWindowContainer:0.3433333333333333
Entry:0.27
PanelWindowContainer:0.24333333333333335
