ImageUtil:0.6966666666666667
ImageMetadata:0.4
ImageLinkTag:0.19666666666666666
