BinaryData:0.106987976
BlobData:0.07972979
BlobDataID:0.069643505
