Type:0.5085976
NumberType:0.4739211
CharacterType:0.46212867
BinaryData:0.11874866
Types:0.06756272
