SchemaManager:0.24355172
ParserDDL:0.16943541
RoutineSchema:0.1632871
Routine:0.15127626
Table:0.1493158
SqlInvariants:0.14524274
TriggerDef:0.14167911
SchemaObject:0.12768413
TableUtil:0.12125135
TableWorks:0.11020392
ExpressionColumn:0.106817685
ParserRoutine:0.088410854
StatementCompound:0.088286266
Database:0.07909226
QuerySpecification:0.07719641
TextTable:0.073900096
QueryExpression:0.071729474
ParserDQL:0.068953805
TypeInvariants:0.0587388
TriggerDefSQL:0.027716381
Tokens:0.0
