Schema:0.45861563
SchemaObjectSet:0.41740784
Table:0.33408526
StatementSchema:0.3296747
RoutineSchema:0.31829193
SchemaObject:0.29949448
ColumnSchema:0.2824867
Constraint:0.269077
TableWorks:0.26890713
Routine:0.2529811
ParserDDL:0.25011146
TriggerDef:0.23658201
HsqlNameManager:0.23188682
NumberSequence:0.17875427
StatementSchemaDefinition:0.1704102
StatementCommand:0.16930327
ExpressionColumn:0.15902828
ParserDQL:0.13743538
SqlInvariants:0.12528612
ParserDML:0.11901904
TableUtil:0.113419354
Session:0.10473766
Database:0.10454514
TableDerived:0.0964632
StatementManager:0.090270355
SessionManager:0.088623546
TableBase:0.079016395
SessionContext:0.07807259
TypeInvariants:0.0684257
TransactionManagerMV2PL:0.06356724
TransactionManagerMVCC:0.04344428
SessionData:0.039453607
TransactionManager2PL:0.03685036
RowDiskDataChange:0.036748845
Row:0.013269258
TransactionManager:0.013026156
HsqlException:0.011563465
Tokens:0.0
