Unit:0.5766666666666667
IndianSettlement:0.4122222222222222
InGameController:0.35333333333333333
ScoutIndianSettlementMessage:0.14333333333333334
GetTransactionMessage:0.13333333333333333
InciteMessage:0.12
LearnSkillMessage:0.11666666666666667
MissionaryMessage:0.11
