Tester:0.7966666666666666
TestTest:0.30742063492063487
