Benchmark:0.49
Tree:0.43888888888888894
Item:0.24666666666666667
