MMessage:0.0415919
MIcon:0.038544755
UI:0.031679995
FS:0.030900985
Config:0.02789176
MPanel:0.024871835
MText:0.02476216
MCheckBox:0.02294388
TK:0.016941573
RegExp:0.0074331886
ContainerScanner:0.004564601
