GUI:0.57
Canvas:0.5466666666666666
InGameController:0.35
MapEditorController:0.23333333333333334
MiniMap:0.225
CanvasMapEditorMouseListener:0.2
ScrollThread:0.18333333333333332
InfoPanel:0.16333333333333333
ReportPanel:0.16
FindSettlementDialog:0.14666666666666667
NewEmptyMapAction:0.10333333333333333
UnitMoveAnimationCanvasSwingTask:0.10333333333333333
UnitAttackAnimationCanvasSwingTask:0.1
