GUI:0.59
InGameController:0.43333333333333335
MapControls:0.37333333333333335
FreeColMenuBar:0.26
