Animations:0.26172522
UnitImageAnimation:0.08480125
