ParserInput:0.5901666666666667
PersistencyHandler:0.29333333333333333
LuceneSearchEngine:0.25333333333333335
Utilities:0.24666666666666667
JAMWikiParser:0.21333333333333335
UploadServlet:0.19444444444444445
EditServlet:0.19333333333333333
AbstractParser:0.1842063492063492
ParserOutput:0.16
VQWikiParser:0.16
