WikiBase:0.4525
WikiCache:0.3933333333333333
AnsiDataHandler:0.38333333333333336
WikiUtil:0.29972222222222217
DiffUtil:0.2966666666666667
ServletUtil:0.24861111111111114
ImageUtil:0.2436666666666667
