TK:0.74
MMessageLabel:0.31666666666666665
PluginClassLoader:0.3
LocationBar:0.2268888888888889
StaticHandler:0.17666666666666667
