MText:0.14236669
MColorChooser:0.045224324
MAction:0.036530957
AbstractListTableModel:0.022855088
MMenu:0.016721562
TriBoolean:0.011922943
MLogger:0.007357937
MDataAction:0.0068363943
MToolBar:0.006094102
TK:0.0047530853
