Buffer:0.5866666666666667
GUIUtilities:0.44
EditPane:0.37333333333333335
BrowserJTree:0.22444444444444447
FileRootsVFS:0.19666666666666666
