UI:0.5533333333333333
MetaInfo:0.36333333333333334
TextEditorCore:0.2733333333333333
Gettext:0.25777777777777783
AdvancedProperties:0.25666666666666665
FeedFactory:0.24666666666666667
FSHelper:0.23666666666666666
DT:0.23666666666666666
PluginCache:0.22166666666666668
PluginManager:0.2
FeedViewer:0.18666666666666668
ImportExport:0.18666666666666668
Browser:0.18333333333333332
