ColorProperty:0.6466666666666666
NewMetalSplitPaneUI:0.34
Console:0.3233333333333333
WidgetDesktopPaneUI:0.22333333333333333
ColorPalette:0.1938888888888889
ChartModel:0.17666666666666667
MSmallColorButton:0.17333333333333334
HelpGenerator:0.16666666666666666
ConsoleConfig:0.16444444444444445
Renderer:0.153
