DefaultDrawingView:0.7366666666666667
GraphicalCompositeFigure:0.4
AbstractCompositeFigure:0.36333333333333334
MovableChildFiguresSample:0.11333333333333333
