TMXReader2:0.5566666666666666
LoadCallback:0.4876666666666667
TMXWriter2:0.39666666666666667
ProjectTMX:0.2866666666666667
ExternalTMX:0.15666666666666668
Loader:0.12
