ScriptYourself:0.09321542
ScriptError:0.0204552
ScriptExecutor:0.00994478
