MComboBox:0.7364444444444445
Stuff:0.6633333333333333
