SearchAndReplace:0.105395764
SearchMatcher:0.06664969
NameSpace:0.04157613
BeanShell:0.035973
CharIndexed:0.029024271
