MCalendarPanel:0.13854146
MDate:0.13749528
MCalendar:0.08855025
MText:0.06844631
AbstractSpinner:0.04944143
MActionInfo:0.026078543
MMenu:0.02328907
MAction:0.01575936
MDateSpinnerBeanInfo:0.0026016054
MColor:0.0021122145
