UI:0.7966666666666666
Help:0.2633333333333333
Presentation:0.20666666666666667
QueryEditor:0.19666666666666666
MFontChooser:0.16333333333333333
MMenuBar:0.15666666666666668
GlobalMouseService:0.14
MSmallColorButton:0.11333333333333333
MSystemTray:0.11333333333333333
NumberControlPanel:0.1
