CachedObject:0.1258039
DataFileCache:0.11158053
TextCache:0.084716626
DataFileCacheSession:0.022110809
