RowStoreAVLDisk:0.2043857
PersistentStore:0.19512153
Cache:0.18612607
RowStoreAVLMemory:0.1510608
RowStoreAVLHybrid:0.12806077
RowStoreAVL:0.11492995
DataFileCache:0.098754816
RowStoreAVLDiskData:0.09151896
DataFileDefrag:0.076908566
TextCache:0.061322927
RowStoreAVLHybridExtended:0.050427347
