SessionInterface:0.29350016
Session:0.2156429
ClientConnectionHTTP:0.12320068
Scanner:0.028683193
HsqlDateTime:0.020510817
HsqlException:0.020212146
