StringConverter:0.15967421
InOutUtil:0.13528603
LineReader:0.097881675
