NodeAVLDisk:0.5300967
IndexAVLMemory:0.27445912
IndexAVL:0.2293129
Index:0.07213632
