ScaledRAFile:0.10611558
ScaledRAFileSimple:0.0845282
RandomAccessInterface:0.043972597
DataFileCache:0.03977681
