RowOutputBase:0.3782996
RowOutputBinary:0.29355538
RowOutputTextLog:0.27843192
RowOutputText:0.27749717
RowOutputBinaryEncode:0.16442011
RowOutputBinary180:0.07008358
