RowOutputBase:0.4366027
RowOutputBinary180:0.30236033
RowOutputBinaryEncode:0.24731836
RowOutputInterface:0.2277307
RowInputBinary:0.18496326
