PgType:1.0
StatementPortal:0.9454136
Server:0.94154465
OdbcPacketOutputStream:0.5908074
OdbcPreparedStatement:0.44812152
OdbcPacketInputStream:0.37264806
RecoverableOdbcFailure:0.36299056
OdbcUtil:0.0
