RowActionBase:0.609111111111111
Session:0.5566666666666666
Table:0.37666666666666665
LobManager:0.36
Error:0.32416666666666666
ClientConnection:0.24
RowAction:0.22666666666666666
