UI:0.9333333333333333
MURLButton:0.4166666666666667
MDialog:0.2966666666666667
FeedViewer:0.22555555555555556
MTip:0.2188888888888889
MLinkAction:0.19
DateAction:0.11333333333333333
ButtonRenderer:0.11333333333333333
