MColorButton:0.23239341
MSmallColorButton:0.10138793
MPanel:0.03708341
MLabel:0.010836514
TK:0.008749297
