Buffer:0.6433333333333333
View:0.32
JEditTextArea:0.31
HistoryModel:0.30666666666666664
KeyEventWorkaround:0.21777777777777782
FavoritesEntry:0.13666666666666666
