UnitType:0.6933333333333334
UnitTypeChange:0.41
AllTests:0.2966666666666667
UnitTypeChangeTest:0.20666666666666667
