Editor:0.6533333333333333
EditorCrypto:0.58
EditorPassword:0.2866666666666667
PropertiesPanel:0.23
