TaskPanel:0.32749256
TaskSummary:0.2250432
TaskInfoButton:0.17470352
TaskManager:0.14365433
TaskList:0.13250409
AlarmManager:0.12618116
