Table:0.6766666666666666
Expression:0.44666666666666666
ExpressionLogical:0.28
RowStoreAVLDisk:0.26
ExpressionColumn:0.23
RangeVariableResolver:0.22333333333333333
DataFileCacheSession:0.20666666666666667
