Player:0.6166666666666667
FreeColTestCase:0.27
HighScore:0.23666666666666666
Monarch:0.23666666666666666
ListOption:0.22
IndianDemandMission:0.2
GameOptions:0.18305555555555555
UnitTest:0.17333333333333334
FreeColServer:0.17
FoundingFatherTest:0.16333333333333333
MapGeneratorTest:0.12
