Log:0.44
UserManager:0.37666666666666665
Server:0.30666666666666664
DatabaseManagerSwing:0.275
PopupListener:0.23333333333333334
StatementSchema:0.20194444444444445
