ImageEditorCore:0.45
BrushTool:0.33666666666666667
Tool:0.33
ClearAction:0.09333333333333334
EraserTool:0.07
