Unit:0.6033333333333334
InGameController:0.38666666666666666
InGameInputHandler:0.31666666666666665
EmbarkMessage:0.27
UnitTest:0.22333333333333333
ServerPlayerTest:0.16666666666666666
MissionAssignmentTest:0.14
