Log:0.07328338
StaticUtils:0.06560127
TMXReader:0.060233645
OConsts:0.028209625
LFileCopy:0.025066918
ProjectFileStorage:0.023120325
