ScriptPlugin:1.0
PluginSettings:0.36653954
PluginManager:0.10331805
LookAndFeelSettings:0.060116068
