OdbcPacketOutputStreamTest:0.38333333333333336
AuthFunctionTest:0.27666666666666667
OdbcPacketInputStreamTest:0.1877777777777778
DatabaseURLTest:0.18666666666666668
JaasAuthBeanTest:0.18611111111111112
PIFGeneratorTest:0.18611111111111112
ClientConnectionTest:0.18611111111111112
SqltoolRBTest:0.16944444444444445
AuthBeanMultiplexerTest:0.16944444444444445
SlaveAuthBeanTest:0.15944444444444444
