MFileChooser:0.4766666666666667
ColorPalette:0.4166666666666667
EditorPlugin:0.38
PluginClassLoader:0.27166666666666667
