ImageLibrary:0.7466666666666667
FreeCol:0.64
ClientTestHelper:0.22666666666666666
FreeColMenuTest:0.20444444444444446
DebugMenu:0.15666666666666668
