TileType:0.6733333333333333
RandomChoice:0.44666666666666666
TerrainGenerator:0.24166666666666667
