Property:0.52
Config:0.4472222222222222
MGuardedObject:0.2833333333333333
