TMXReader2:0.59
ParsedTuv:0.5541666666666667
ParsedTu:0.2633333333333333
ExternalTMX:0.21333333333333335
Loader:0.21
TMXReaderTest:0.023333333333333334
