AbstractViewAction:0.7033333333333334
AbstractSaveUnsavedChangesAction:0.48444444444444446
LoadRecentFileAction:0.45
