FeatureContainer:0.23648371
Ability:0.17438816
Feature:0.15442494
Player:0.12229429
FreeColObject:0.12134358
BuildableType:0.1181859
Modifier:0.117098816
TileType:0.113411434
FoundingFather:0.10989164
Colony:0.09300677
TileImprovementType:0.086806856
ModelMessage:0.08052605
DifficultyLevel:0.07966214
TradeRoute:0.077888004
GoodsType:0.07124439
EquipmentType:0.07084066
ResourceType:0.07016071
AbstractGoods:0.06920684
Monarch:0.06429579
BuildingType:0.06099714
Goods:0.060293924
Nation:0.056771234
UnitType:0.054713286
Market:0.053775843
Building:0.05336181
Unit:0.048725113
GoodsContainer:0.047974676
Tile:0.04087611
NationType:0.02676386
SimpleCombatModel:0.021664608
TypeCountMap:0.0061415276
