OpenXMLOptions:0.8366666666666667
EditOpenXMLOptionsDialog:0.48
OpenXMLFilter:0.2866666666666667
OpenXMLDialect:0.20666666666666667
