Session:0.047291085
FunctionCustom:0.045031033
Scanner:0.03689472
ClientConnection:0.027367424
