StatementInsert:0.299349
Table:0.21890154
StatementResultUpdate:0.19058271
ParserDML:0.18553503
StatementDMQL:0.18052475
StatementSet:0.15600598
QuerySpecification:0.15283132
Constraint:0.1195267
RangeVariable:0.10873057
View:0.103497535
Expression:0.098747715
QueryExpression:0.079226315
Session:0.07399961
SessionContext:0.06388213
SubQuery:0.06264891
TriggerDef:0.053819403
TableBase:0.052746322
Routine:0.049079333
SessionData:0.04901657
Database:0.044276968
Statement:0.038325753
Row:0.036787953
ExpressionAccessor:0.036615063
SchemaObject:0.02910852
StatementTypes:0.028944088
ColumnSchema:0.027112514
Trigger:0.022603452
ConstraintCore:0.022008572
TableDerived:0.020718314
StatementManager:0.018453695
NumberSequence:0.018148996
HsqlException:0.008064428
OpTypes:0.0066645727
SqlInvariants:0.0016914501
