RemoteRepositoryProvider:0.36333333333333334
Mapping:0.36333333333333334
RealProject:0.36
RemoteRepositoryProviderTest:0.28
