IEditor:0.07068908
EditorTextArea3:0.056494374
SegmentBuilder:0.04688899
MarkerController:0.039773226
Document3:0.019848548
EditorPopups:0.017774837
EditorUtils:0.014166089
EditorSettings:0.009661234
DocumentFilter3:0.0075566135
SegmentHistory:0.0073573645
IPopupMenuConstructor:0.0061034975
ViewLabel:0.0041017532
