TransportMission:0.5433333333333333
EuropeanAIPlayer:0.44
NativeAIPlayer:0.35
AIPlayer:0.22333333333333333
