ActionManager:0.48237428
MapboardAction:0.24478216
