DockableWindowManager:0.1364759
GUIUtilities:0.07053891
DockableWindowContainer:0.046662346
RolloverButton:0.013062658
DefaultFocusComponent:0.0091303075
