Unit:0.7988888888888889
DragListener:0.36333333333333334
