MapboardAction:0.4006612
ActionManager:0.20762356
DisbandUnitAction:0.1354384
SkipUnitAction:0.13493791
SentryAction:0.13328293
ShowMainAction:0.12951002
QuitAction:0.12882417
BuildRoadAction:0.12815839
BuildColonyAction:0.1279563
MiniMapZoomOutAction:0.12669855
MiniMapZoomInAction:0.1253315
WaitAction:0.12445101
ChatAction:0.12117964
FortifyAction:0.11843674
AboutAction:0.110282674
PlowAction:0.10888435
DeclareIndependenceAction:0.09671844
