GlossaryTextArea:0.43
MatchesTextArea:0.4066666666666667
DictionariesTextArea:0.25333333333333335
MultipleTransPane:0.22333333333333333
MachineTranslateTextArea:0.18666666666666668
