CompleteWord:0.20885664
ParserRuleSet:0.18688585
TextUtilities:0.11322989
TokenMarker:0.06637737
XModeHandler:0.06300977
Buffer:0.0612906
Token:0.016520588
