VFSBrowser:0.5033333333333333
BrowserView:0.30666666666666664
VFSDirectoryEntryTable:0.265
MirrorList:0.23666666666666666
HelpTOCPanel:0.23333333333333334
TOCTree:0.20666666666666667
ClipboardRegister:0.13666666666666666
HelpViewer:0.13111111111111112
ActionHandler:0.10166666666666667
TableMouseHandler:0.09333333333333334
SendVFSUpdatesSafely:0.09333333333333334
EditingOptionPane:0.08666666666666667
