LinkMetaInfo:0.29334193
AbstractFS:0.17615706
FSHelper:0.15251742
Links:0.14651227
MetaInfoAction:0.0844627
MetaInfoComparator:0.08085944
MountPanel:0.07473008
MetaInfoMenu:0.066366225
MountManager:0.06569179
MetaInfoList:0.030395644
FSAction:0.005162495
FSException:0.005064166
