Unit:0.8233333333333334
TileTest:0.31333333333333335
