Plugin:0.6266666666666667
AutoCompletion:0.34
ImageEditorCore:0.31
MFrame:0.25333333333333335
InternetSearchPanel:0.23833333333333334
