UI:0.77
LookAndFeelListener:0.35333333333333333
MRenderer:0.3233333333333333
Item:0.2866666666666667
