Interpreter:0.02979118
ParserTokenManager:0.025040492
Parser:0.007845862
