BSHImportDeclaration:0.3858355
BSHPrimarySuffix:0.30260295
BSHMethodInvocation:0.26910073
BSHPrimaryExpression:0.26771978
Name:0.2426918
BSHAllocationExpression:0.24215858
NameSpace:0.2052446
BSHLHSPrimaryExpression:0.20446283
SimpleNode:0.17830968
Interpreter:0.17038578
CallStack:0.1279896
LHS:0.11512653
BSHType:0.0965417
EvalError:0.062408578
InterpreterError:0.021970037
Parser:0.015358611
