BSHArrayDimensions:0.27631608
BSHVariableDeclarator:0.13865031
Reflect:0.063368455
Interpreter:0.062184542
SimpleNode:0.053892955
Primitive:0.04298979
EvalError:0.031412028
Parser:0.022938356
CallStack:0.013653131
