BSHIfStatement:0.12918368
SimpleNode:0.10220343
BlockNameSpace:0.0977696
Interpreter:0.08380857
NameSpace:0.051942058
EvalError:0.037684597
Parser:0.033770576
CallStack:0.018318111
ReturnControl:0.015989749
Primitive:0.012794617
ParserConstants:6.262706E-4
