BSHFormalParameters:0.36743453
BSHBlock:0.18975046
BshMethod:0.16003963
SimpleNode:0.15068369
NameSpace:0.12288137
BSHReturnType:0.11131331
Interpreter:0.105837926
Parser:0.06243835
EvalError:0.048005287
Primitive:0.035865653
