BSHLHSPrimarySuffix:0.56379443
BSHPrimaryExpression:0.38953477
BSHAmbiguousName:0.23882987
Reflect:0.23287529
Interpreter:0.21723226
NameSpace:0.1810774
BSHArguments:0.1785786
BSHType:0.16344851
SimpleNode:0.15599367
Primitive:0.13931789
EvalError:0.09448605
TargetError:0.08222054
CallStack:0.052132793
Parser:0.044124983
ReflectError:0.012545892
InterpreterError:0.008723347
