Interpreter:0.21283992
This:0.18521176
BSHAmbiguousName:0.16203997
Name:0.14237522
BSHBlock:0.1355633
XThis:0.1347732
BshMethod:0.1342315
BSHImportDeclaration:0.12823617
NameSpace:0.12817551
BeanShell:0.11297488
BSHTryStatement:0.10894872
BSHAllocationExpression:0.10761037
SimpleNode:0.10117021
BSHPrimarySuffix:0.090275556
BSHForStatement:0.09023196
BSHMethodInvocation:0.08478048
BSHTypedVariableDeclaration:0.080022186
BSHBinaryExpression:0.07867273
BSHCastExpression:0.056608424
JThis:0.037747137
BSHLiteral:0.03540188
BSHPrimaryExpression:0.03374328
BSHArguments:0.030133165
BSHLHSPrimarySuffix:0.030069401
BSHStatementExpressionList:0.029130524
BSHArrayInitializer:0.028833434
BSHArrayDimensions:0.027084745
BSHSwitchLabel:0.026883299
BSHReturnStatement:0.02663844
BSHVariableDeclarator:0.026527612
BSHThrowStatement:0.02629018
BSHTernaryExpression:0.024971697
BSHIfStatement:0.02354868
BSHAssignment:0.02120445
BSHSwitchStatement:0.020476874
BSHLHSPrimaryExpression:0.019208124
BSHWhileStatement:0.017745566
BSHUnaryExpression:0.015118142
InterpreterError:0.0013521026
