ParserTokenManager:0.07729748
Interpreter:0.034923453
