This:0.15711208
NameSpace:0.14562939
Interpreter:0.105709165
Reflect:0.10079491
BshMethod:0.093777485
CallStack:0.08919102
JThis:0.07626706
Primitive:0.044021193
EvalError:0.024595806
