UnitButton:0.7066666666666667
NextActiveUnitIterator:0.43
MapControls:0.28555555555555556
