UI:0.5788888888888889
StatsPlugin:0.35333333333333333
IconTheme:0.2833333333333333
