QuerySpecification:0.5633333333333334
QueryExpression:0.44
SortAndSlice:0.3933333333333333
DITableInfo:0.24666666666666667
