Tile:0.3603044
PlayerExploredTile:0.3083757
TileImprovement:0.2929892
TileItem:0.27060223
TileImprovementType:0.18448637
Resource:0.15710689
LostCityRumour:0.13196176
Unit:0.09312196
ColonyTile:0.08024477
Colony:0.054116372
FreeColGameObject:0.053785365
TileType:0.051230174
Specification:0.048416827
FreeColObject:0.045944422
Game:0.04359822
Player:0.038813207
UnitType:0.0338917
GoodsType:0.02266655
Modifier:0.02202017
ResourceType:0.017642856
