EditAbbrevDialog:0.019362915
AddAbbrevDialog:0.014440078
jEdit:0.012555094
