AbbrevEditor:0.10000198
Abbrevs:0.096821494
jEdit:0.07603914
View:0.07283155
GUIUtilities:0.050557636
Buffer:0.043736234
Mode:0.02465295
