Tokens:0.5433333333333333
Session:0.52
NodeAVLDisk:0.3011111111111111
ParserCommand:0.3
LobManager:0.21333333333333335
ExpressionOp:0.2
StatementCommand:0.18
DatabaseInformationFull:0.18
ParserTable:0.17666666666666667
StatementTypes:0.043333333333333335
OpTypes:0.02666666666666667
