MActionInfo:0.43333333333333335
MInternalFrame:0.35
MNotification:0.3466666666666667
WidgetDesktopIconUI:0.22444444444444447
StaticHandler:0.20444444444444446
