Types:0.5233333333333333
Expression:0.43
NIOScaledRAFile:0.31333333333333335
DataFileCache:0.2833333333333333
ConnectionDialogCommon:0.23111111111111116
