RangeOptionUI:0.59
MapGeneratorOptions:0.5433333333333333
OptionGroupUI:0.30333333333333334
