PathNode:0.5566666666666666
Worker:0.09916666666666667
Option:0.09916666666666667
ChoiceItem:0.065
CostDecider:0.013333333333333334
EmptyIterator:0.013333333333333334
DefaultCostDecider:0.013333333333333334
NetworkConstants:0.0
