MyMemoryHumanTranslate:0.19784345
MyMemoryMachineTranslate:0.17508319
BaseTranslate:0.08017781
