MText:0.42
SecurityDialog:0.39666666666666667
MColorIcon:0.34
WikiPanel:0.29
Armor:0.2791666666666667
MTabbedPane:0.26
Impl:0.25083333333333335
Handler:0.24
PickerColorChooserPanel:0.2227777777777778
MSmallColorChooser:0.21550000000000002
MSmallColorButton:0.17666666666666667
