Tile:0.6266666666666667
MapGenerator:0.5033333333333333
FileOption:0.38333333333333336
River:0.2833333333333333
OptionMap:0.20333333333333334
MapGeneratorOptions:0.18333333333333332
OptionGroupUI:0.17
TerrainGenerator:0.14333333333333334
OptionMapUI:0.12333333333333334
LandGenerator:0.12277777777777776
FileOptionUI:0.11
