jEdit:0.5233333333333333
VFSManager:0.43666666666666665
VFS:0.4033333333333333
Buffer:0.36333333333333334
MiscUtilities:0.36333333333333334
JEditTextArea:0.3466666666666667
VFSBrowser:0.27
FavoritesVFS:0.2633333333333333
CompoundEdit:0.25666666666666665
SearchAndReplace:0.24666666666666667
DockableWindowManager:0.24
BrowserColorsModel:0.22666666666666666
MouseHandler:0.21666666666666667
UndoManager:0.21666666666666667
FileVFS:0.21333333333333335
Factory:0.21333333333333335
EditPane:0.20333333333333334
ActionHandler:0.1775
BufferIORequest:0.16666666666666666
KeyEventWorkaround:0.16333333333333333
BrowserIORequest:0.16333333333333333
BrowserView:0.16333333333333333
BrowserCommandsMenu:0.1511111111111111
FavoritesMenuButton:0.14083333333333334
BufferOptions:0.12
CommandsMenuButton:0.11666666666666667
StyleTableModel:0.11333333333333333
ColorTableModel:0.11333333333333333
CurrentDirectoryMenu:0.09
StyleChoice:0.05333333333333334
ColorChoice:0.05333333333333334
PluginsMenuButton:0.03
