MainWindowMenuHandler:0.36
Log:0.31333333333333335
MainWindowMenu:0.30666666666666664
OmegaTFileHandler:0.27666666666666667
LogDialog:0.21
