DataHandler:0.12831318
Environment:0.083048105
UserHandler:0.06451564
