Tile:0.2748337
TileItemContainer:0.2477064
PlayerExploredTile:0.23036161
ResourceType:0.2019848
FreeColObject:0.15980211
FreeColGameObject:0.13772027
Game:0.118238576
Player:0.11165857
Modifier:0.106725484
TileItem:0.10267305
GoodsType:0.08891164
UnitType:0.08676397
FeatureContainer:0.03420298
