TileItemContainer:0.31786796
TileImprovementType:0.2713115
Tile:0.26446372
PlayerExploredTile:0.17106025
Unit:0.15605474
Colony:0.1484771
TileType:0.103834935
FreeColObject:0.09757511
Game:0.08439111
FreeColGameObject:0.08322417
Player:0.078265384
ModelController:0.07397573
Modifier:0.07214247
TileItem:0.05759688
GoodsType:0.056963872
EquipmentType:0.032168854
