TileItemContainer:0.41460726
Resource:0.22419392
LostCityRumour:0.17860255
Tile:0.16952176
TileImprovement:0.15419914
Locatable:0.1476586
Unit:0.13063212
FreeColGameObject:0.09426466
Game:0.089245886
FreeColObject:0.07374125
Location:0.06854275
Named:0.014539908
