MainWindowMenu:0.5905555555555555
ProjectPropertiesDialog:0.57
ProjectUICommands:0.37333333333333335
