DisplayManager:0.5733333333333334
View:0.37
FirstLine:0.3
BufferChangeHandler:0.2644444444444444
BufferIORequest:0.26
ScrollLineCount:0.24777777777777782
ChunkCache:0.23
RingListModel:0.18
OffsetManager:0.17
