Tokenizer:0.5533333333333333
StaticUtils:0.5333333333333333
CommandThread:0.37
StringEntry:0.25333333333333335
Statistics:0.2288888888888889
EditorController:0.18666666666666668
GlossaryManager:0.15
ChangeUserDictionary:0.13666666666666666
EditorSpellChecking:0.13333333333333333
WordIterator:0.13
