SqlFile:0.5433333333333333
RCData:0.49333333333333335
ToolLogger:0.22
SqlTool:0.17733333333333334
PIFData:0.13666666666666666
SqlToolSprayer:0.08333333333333333
