EditorSearch:0.6833333333333333
TodoEditorCore:0.37333333333333335
TextUtils:0.25333333333333335
Browser:0.24611111111111114
TextEditor:0.20666666666666667
NotepadEditor:0.20666666666666667
TodoEditor:0.19316666666666668
FeedViewer:0.18333333333333332
EditorQuickFind:0.15
SearchHighlighter:0.1
