MApplication:0.53
Main:0.43333333333333335
Tester:0.32666666666666666
StandaloneApplication:0.19333333333333333
SDK:0.14777777777777779
