HSQLClientConnection:0.50835294
Result:0.07573631
HsqlException:0.02921197
