Table:0.4
RangeVariable:0.37333333333333335
SubQuery:0.37333333333333335
ExpressionColumn:0.3566666666666667
ParserDQL:0.35
TableDerived:0.33
ExpressionLogical:0.32
QuerySpecification:0.31
QueryExpression:0.3
ExpressionColumnAccessor:0.2733333333333333
StatementDMQL:0.26666666666666666
RangeVariableResolver:0.2633333333333333
ParserBase:0.22666666666666666
Expression:0.2075
ParserDDL:0.20333333333333334
ParserCommand:0.2
ParserRoutine:0.19333333333333333
CompileContext:0.15666666666666668
ParserDML:0.155
