AIGoods:0.56
AIMain:0.44333333333333336
TransportMission:0.4066666666666667
AIPlayer:0.37333333333333335
