Config:0.4066666666666667
MCalendarPanel:0.4
XMLHelper:0.37333333333333335
MCalendar:0.34
MLinkAction:0.3177777777777778
MApplication:0.31333333333333335
DT:0.2733333333333333
TestDT:0.22666666666666666
MetaInfo:0.21
MText:0.21
InternetSearchPlugin:0.20666666666666667
CategoryManager:0.20666666666666667
ArchiveChannel:0.20333333333333334
DateTimeDialog:0.19333333333333333
DayButton:0.18833333333333332
MLinkButton:0.18666666666666668
AutoCompletionData:0.17
GetDateTimeBuilder:0.14
TasksSettings:0.11583333333333333
