PreGameInputHandler:0.283882
InGameInputHandler:0.23895147
