InputHandler:0.30052024
PreGameController:0.19068243
UserConnectionHandler:0.14783032
