TodoEditorCore:0.5033333333333333
TodoEditor:0.48
AbstractListTableModel:0.25666666666666665
DefaultPreview:0.18666666666666668
