Searchable:0.5451111111111111
Task:0.4766666666666667
TodoEditorCore:0.4266666666666667
PluginInfo:0.31
Author:0.22666666666666666
Filter:0.20166666666666666
Stuff:0.18333333333333332
SearchableFilter:0.02
