Mods:0.643611111111111
PluginManager:0.4705555555555555
UpdatePlugin:0.30666666666666664
