MapViewer:0.5166666666666667
Canvas:0.43333333333333335
GUI:0.3566666666666667
RefreshTilesSwingTask:0.21333333333333335
