EnhancedButton:0.05625412
BrowserColorsOptionPane:0.03327839
ToolBarOptionPane:0.0329324
HyperSearchResults:0.029705
HelpViewer:0.02760414
AbbrevsOptionPane:0.026523994
FloatingWindowContainer:0.025875747
SearchBar:0.02562216
ActionBar:0.02215301
OperatingSystem:0.015147277
ContextOptionPane:0.01466373
QuickNotepadToolPanel:0.009753844
Log:0.008029166
