JAMWikiServlet:0.79
EditServlet:0.38333333333333336
PrintableServlet:0.3333333333333333
HistoryServlet:0.23
