MInternalFrame:0.5833333333333334
WidgetDesktopIconUI:0.41333333333333333
