CharacterType:0.5866666666666667
Table:0.4866666666666667
IntervalType:0.33
DateTimeType:0.31
JDBCResultSetMetaData:0.21333333333333335
DatabaseInformationMain:0.20333333333333334
JDBCParameterMetaData:0.19333333333333333
RangeVariableResolver:0.19222222222222224
