MLogger:0.7933333333333333
MMouseAdapter:0.38634920634920633
