Message:0.4533333333333333
Server:0.3466666666666667
Canvas:0.34
MapListener:0.2738888888888889
DefaultInGameNetworkListener:0.2633333333333333
ClientGame:0.24333333333333335
InGameNetworkListener:0.22615079365079369
InGameMessageHandler:0.21666666666666667
UserInputHandler:0.1877777777777778
ReceivingThread:0.13333333333333333
