UI:0.84
Ico:0.2633333333333333
PluginInfo:0.23333333333333334
LAFItem:0.17666666666666667
PreviewReader:0.17
FaviconRequestManager:0.17
