RectangleTool:0.12335501
SelectionTool:0.08991959
Tool:0.08986598
ToolPanel:0.00947315
