MPanel:0.11793438
CoolHeader:0.09610977
UI:0.06907991
MAction:0.04674788
MLabel:0.025186619
TK:0.023775179
DummyComponent:0.02286537
MMouseAdapter:0.015480694
Config:0.011491242
BooleanProperty:0.008430414
StateEvent:0.00822906
Size:0.008157486
Property:0.005684529
