TK:0.6633333333333333
Property:0.45
Console:0.2633333333333333
LookAndFeelListener:0.22
TestTK:0.155
