Canvas:0.43666666666666665
GUI:0.35
FreeColClient:0.3333333333333333
EuropePanel:0.25666666666666665
FreeCol:0.20666666666666667
FreeColMenuTest:0.16666666666666666
WindowedFrame:0.14166666666666666
FreeColLookAndFeel:0.07666666666666666
