TK:0.7166666666666667
Size:0.5433333333333334
MPanel:0.45
MToolBar:0.32
MTreeItem:0.2866666666666667
MColor:0.23666666666666666
Tester:0.22
HelpAction:0.13666666666666666
UpdateInfo:0.12
