AnsiQueryHandler:0.7233333333333334
DB2400QueryHandler:0.31333333333333335
DB2QueryHandler:0.30333333333333334
OracleQueryHandler:0.30333333333333334
