MMouseAdapter:0.46
MAction:0.44333333333333336
MTextPane:0.38333333333333336
Tree:0.2966666666666667
TextEditor:0.29
MSmallColorButton:0.2305
MSplitPane:0.21333333333333335
ToggleButton:0.12
