TK:0.72
Element:0.27111111111111114
MActionInfo:0.26666666666666666
MComponent:0.24666666666666667
Entry:0.22333333333333333
Feed:0.21
AutoCompletion:0.20666666666666667
ChartModel:0.20333333333333334
VersionInfo:0.20333333333333334
Shortcut:0.20333333333333334
Net:0.19833333333333333
Weak:0.19666666666666666
Category:0.19
PropertyPanel:0.19
PluginInfo:0.18333333333333332
