Unit:0.7066666666666667
UnitType:0.43666666666666665
Specification:0.38666666666666666
EquipmentType:0.35333333333333333
BuildingType:0.35333333333333333
FeatureContainer:0.31666666666666665
FoundingFather:0.27666666666666667
TileImprovementType:0.2693333333333333
IndianNationType:0.23916666666666667
ResourceType:0.23722222222222225
ColopediaPanel:0.19333333333333333
EuropeanNationType:0.185
ModifierTest:0.12333333333333334
FoundingFatherTest:0.07666666666666666
