GUI:0.7333333333333333
InGameController:0.37666666666666665
TilePopup:0.24333333333333335
CompactLabourReport:0.24
ReportPanel:0.21444444444444447
EndTurnDialog:0.21
FindSettlementDialog:0.2
ChangeAction:0.15
SpyColonySwingTask:0.15
