Unit:0.6433333333333333
Tile:0.5883333333333334
MapTest:0.22666666666666666
InGameInputHandler:0.20666666666666667
ServerModelController:0.19666666666666666
MapEditorController:0.15
