Tool:0.5233333333333333
ImageEditorCore:0.4855555555555555
SelectionTool:0.36
