IProject:0.571888888888889
IRemoteRepository:0.4083333333333333
RealProject:0.39
ProjectFactory:0.31666666666666665
ProjectTMX:0.29
ProjectUICommands:0.22333333333333333
Main:0.21666666666666667
NotLoadedProject:0.1761111111111111
AskCredentials:0.11666666666666667
SVNRemoteRepository:0.10666666666666667
GITRemoteRepository:0.07666666666666666
ProjectTeamTMX:0.03333333333333333
