MDialog:0.5522222222222222
AbstractFileCache:0.47
PluginSettings:0.3433333333333333
