Tokens:0.7711111111111112
OpTypes:0.4727777777777778
ParserDQL:0.4633333333333333
QuerySpecification:0.35333333333333333
SortAndSlice:0.25666666666666665
ExpressionArrayAggregate:0.25333333333333335
FunctionCustom:0.2277777777777778
