EuropePanel:0.075919665
FreeColDialog:0.06840477
FreeColPanel:0.05815878
