UI:0.5422222222222222
XMLHelper:0.37666666666666665
Preloader:0.34611111111111115
