Buffer:0.5633333333333334
IndentAction:0.45133333333333336
FastRepaintManager:0.24333333333333335
TextUtilities:0.23666666666666666
IndentRuleFactory:0.08
RegexpIndentRule:0.04666666666666667
BracketIndentRule:0.043333333333333335
IndentRule:0.03333333333333333
CloseBracketIndentRule:0.02
OpenBracketIndentRule:0.02
