jEdit:0.6866666666666666
MiscUtilities:0.57
VFSBrowser:0.2733333333333333
AbbrevsModel:0.19666666666666666
ModeProperties:0.17277777777777778
WindowTableModel:0.14333333333333334
ShortcutsModel:0.14333333333333334
DirectoryLoadedAWTRequest:0.14
Renderer:0.14
BufferOptions:0.13666666666666666
StyleTableModel:0.13
EditingOptionPane:0.12666666666666668
FavoritesMenuButton:0.12666666666666668
ToolBarEditDialog:0.12666666666666668
ContextAddDialog:0.12333333333333334
DirectoryProvider:0.1
IOUtilities:0.1
RecentFilesProvider:0.08333333333333333
RecentDirectoriesProvider:0.08
FavoritesProvider:0.07666666666666666
