ColorProperty:0.5966666666666667
TK:0.3933333333333333
MetaInfo:0.36333333333333334
TodoEditorCore:0.22666666666666666
HTMLBuilder:0.22
HTMLColorChooserPanel:0.19666666666666668
MColorPicker:0.19333333333333336
