Canvas:0.5966666666666667
FreeColDialog:0.4666666666666667
NewEmptyMapAction:0.2733333333333333
