SoundPlayer:0.17579633
SoundLibrary:0.019057276
