Message:0.07579399
Connection:0.017730264
