ChangeSet:0.5310436
Controller:0.0026580247
