MSettingsDialog:0.5916666666666667
MTextFieldPanel:0.52
LookAndFeelSettings:0.36666666666666664
