EditOpenXMLOptionsDialog:0.37333333333333335
EditXOptionsDialog:0.36
EditOptionsDialog:0.34
EditOpenDocOptionsDialog:0.33666666666666667
