Servlet:0.6333333333333333
TestBase:0.5133333333333333
Tokens:0.39
