InGameController:0.6266666666666667
InGameInputHandler:0.42
MonarchActionMessage:0.4066666666666667
Monarch:0.27666666666666667
