Ability:0.21416347
Modifier:0.15781713
AbstractUnit:0.15431905
FreeColGameObjectType:0.13183509
NationType:0.09633584
FreeColObject:0.052787844
Feature:0.049937323
