AbstractAttributedCompositeFigure:0.18574156
AbstractAttributedFigure:0.17868833
AttributeKey:0.13688987
GraphicalCompositeFigure:0.11813802
Figure:0.07383133
BezierFigure:0.06441476
DiamondFigure:0.049549483
TextAreaFigure:0.049346548
TextFigure:0.039220065
TriangleFigure:0.036990646
ImageFigure:0.03565297
Drawing:0.03278737
RoundRectangleFigure:0.020993803
RectangleFigure:0.016334757
EllipseFigure:0.014691017
