ReportLabourPanel:0.49333333333333335
ReportHighScoresPanel:0.14666666666666667
ReportIndianPanel:0.14
ReportContinentalCongressPanel:0.11222222222222224
ReportForeignAffairPanel:0.09666666666666666
