Tokens:0.62
HsqlDatabaseProperties:0.4866666666666667
Database:0.4533333333333333
Logger:0.3466666666666667
ParserDQL:0.29
Token:0.26
Scanner:0.22
ParserBase:0.22
ParserCommand:0.21333333333333335
StatementCommand:0.19444444444444445
