FileSelection:0.42
HelpGenerator:0.38333333333333336
DnDTransferHandler:0.33
ModelIO:0.25666666666666665
ScriptExecutor:0.16666666666666666
