Type:0.6733333333333333
ArrayType:0.5633333333333334
ExpressionTable:0.2866666666666667
