jEdit:0.76
View:0.5766666666666667
PerspectiveManager:0.3
Autosave:0.20666666666666667
