MButton:0.5066666666666667
SearchHighlighter:0.3
MLogger:0.26666666666666666
PluginSettings:0.26
