Primitive:0.19729026
Types:0.13490587
Interpreter:0.08876149
BSHType:0.07623441
Parser:0.042243704
ParserConstants:0.0049495613
