Types:0.26894453
SimpleNode:0.14946286
BSHType:0.1176348
Interpreter:0.09666272
UtilEvalError:0.09605074
NameSpace:0.08949046
EvalError:0.059793413
CallStack:0.056762297
Parser:0.039928045
