SimpleNode:0.06617439
Interpreter:0.059498236
NameSpace:0.051002063
ReturnControl:0.05073505
BSHType:0.050492015
CollectionManager:0.04465105
UtilEvalError:0.034926444
EvalError:0.030982489
BlockNameSpace:0.02645739
Parser:0.024314953
CallStack:0.016156094
BshIterator:0.0146443015
Primitive:0.008567283
ParserConstants:5.06107E-4
