SimpleNode:0.0410422
Parser:0.03993914
Primitive:0.031299505
Interpreter:0.028963922
CallStack:0.028879484
EvalError:0.011823486
InterpreterError:0.0029585315
