BSHBlock:0.18261454
BSHFormalParameter:0.1029773
Interpreter:0.07839116
BlockNameSpace:0.07787441
NameSpace:0.077215515
TargetError:0.06907646
EvalError:0.056030355
SimpleNode:0.054328486
UtilEvalError:0.046481125
CallStack:0.04640471
Parser:0.041049574
Types:0.028985547
Primitive:0.023444029
Node:0.013311853
ReturnControl:0.005511935
InterpreterError:0.003183071
