ClassGeneratorImpl:0.2026209
BshMethod:0.12111945
Reflect:0.10934443
NameSpace:0.108346
This:0.09199242
DelayedEvalBshMethod:0.08470904
CodeVisitor:0.076955095
BshClassManager:0.07534682
Interpreter:0.06301445
Type:0.054561738
Types:0.0510176
ClassWriter:0.049842525
Constants:0.04411418
SimpleNode:0.043767013
Primitive:0.043628916
BSHMethodInvocation:0.039625965
BSHType:0.037156392
Variable:0.036412127
CallStack:0.036395825
LHS:0.036355425
BSHArguments:0.025932565
TargetError:0.024652308
BSHBlock:0.021077095
BSHAmbiguousName:0.020378511
Label:0.020188218
Modifiers:0.019120805
BSHPrimaryExpression:0.015934015
EvalError:0.010354916
InterpreterError:0.007646983
UtilEvalError:0.0070438823
