NameSpace:0.24756558
Name:0.19853795
BshClassManager:0.19401005
BSHAllocationExpression:0.17717701
This:0.17086013
TargetError:0.16567753
BshMethod:0.16347207
ClassGeneratorImpl:0.15377718
BSHPrimarySuffix:0.15065701
BeanShell:0.14790882
ClassGeneratorUtil:0.1297702
UtilEvalError:0.12715194
BSHAmbiguousName:0.120244615
SimpleNode:0.11741185
BSHMethodInvocation:0.111713454
Reflect:0.10889393
EvalError:0.10840519
BSHBinaryExpression:0.10722068
BSHMethodDeclaration:0.10637003
BSHCastExpression:0.104184575
BSHEnhancedForStatement:0.10198261
BSHTypedVariableDeclaration:0.099639654
BSHTryStatement:0.097906575
XThis:0.09723459
BSHArrayDimensions:0.096061856
BlockNameSpace:0.0954769
BSHBlock:0.09495037
BSHPrimaryExpression:0.094196275
CallStack:0.09347006
BSHArrayInitializer:0.09222424
BSHImportDeclaration:0.090174526
BSHAssignment:0.08661365
BSHForStatement:0.08577245
BSHType:0.08423525
ClassGenerator:0.0835918
DelayedEvalBshMethod:0.08181817
BSHPackageDeclaration:0.07902133
LHS:0.07891132
ParseException:0.077353254
BSHSwitchStatement:0.07617868
BSHVariableDeclarator:0.076050885
BSHUnaryExpression:0.07547519
BSHClassDeclaration:0.07204872
BSHThrowStatement:0.06832073
BSHIfStatement:0.06442472
BSHArguments:0.06359473
BSHTernaryExpression:0.06350091
BSHReturnStatement:0.059884336
BSHSwitchLabel:0.058904514
ConsoleInterface:0.057220895
Parser:0.05665488
BSHStatementExpressionList:0.054346874
BSHFormalParameter:0.052782346
JThis:0.052509546
BSHWhileStatement:0.047167573
BSHReturnType:0.046898328
Primitive:0.04320725
BSHFormalParameters:0.04038685
BSHLiteral:0.040237643
CommandLineReader:0.02739662
dir:0.023460677
TokenMgrError:0.017801797
CollectionManager:0.016051706
InterpreterError:0.015374656
JavaCharStream:0.010877611
ReturnControl:0.0093611
JJTParserState:0.007924563
