NameSpace:0.25714582
This:0.18569086
Reflect:0.1678985
LHS:0.14079233
BshMethod:0.1260546
Interpreter:0.116974756
BSHAllocationExpression:0.115451306
BshClassManager:0.10796131
BSHAmbiguousName:0.08785091
Primitive:0.068535425
ClassGenerator:0.06633599
Types:0.06620695
CallStack:0.06337755
UtilEvalError:0.053032953
BSHMethodInvocation:0.052733753
SimpleNode:0.038558085
BSHType:0.03565172
UtilTargetError:0.028980661
EvalError:0.022347113
ClassIdentifier:0.011200194
ClassPathException:0.010831318
InterpreterError:0.006345593
StringUtil:0.0034775564
ReflectError:0.0025214073
