Token:0.095165804
Interpreter:0.07640769
Parser:0.06593909
EvalError:0.027221756
