Types:0.66604465
BSHUnaryExpression:0.28101292
BSHBinaryExpression:0.2684996
BSHAssignment:0.21028413
Variable:0.14804102
ClassGeneratorUtil:0.1462174
Name:0.13758951
LHS:0.13552678
Reflect:0.12184189
BSHPrimarySuffix:0.11953302
NameSpace:0.11145427
BSHArrayInitializer:0.08760694
Interpreter:0.087295845
This:0.08638273
BshClassManager:0.07592469
BshMethod:0.07413604
Parser:0.0638311
BSHSwitchStatement:0.061207686
XThis:0.047632266
BSHAllocationExpression:0.046009388
BSHTryStatement:0.042957652
BSHTypedVariableDeclaration:0.039260656
BSHEnhancedForStatement:0.034776215
BSHLiteral:0.03179979
BSHArrayDimensions:0.030891499
BSHIfStatement:0.02918804
BSHMethodDeclaration:0.026704729
BSHVariableDeclarator:0.025409263
JThis:0.022106348
BSHImportDeclaration:0.020823382
BeanShell:0.020082377
ParserConstants:0.019940976
UtilTargetError:0.018157858
BSHMethodInvocation:0.017284533
BSHReturnStatement:0.016700115
BSHForStatement:0.011893842
BSHBlock:0.010671219
UtilEvalError:0.008127093
BSHWhileStatement:0.007882867
BSHArguments:0.0062655765
BSHStatementExpressionList:0.005327244
InterpreterError:0.0052498053
BSHPackageDeclaration:0.0049696863
