Types:0.2781535
LHS:0.27597195
Primitive:0.25194955
NameSpace:0.23829965
ClassGeneratorUtil:0.21557887
ClassGeneratorImpl:0.1985822
Modifiers:0.16968153
UtilEvalError:0.041689854
