Config:0.7666666666666667
ImageEditor:0.3933333333333333
QueryEditor:0.25333333333333335
