MainWindow:0.89
SwingWorker:0.3333333333333333
IMainWindow:0.31333333333333335
