SummaryData:0.545
MTip:0.4216666666666667
PropertiesBar:0.35833333333333334
