TextAreaPainter:0.30616248
ExtensionManager:0.19727154
TextAreaExtension:0.14566457
StructureMatcher:0.139861
JEditTextArea:0.12319746
DisplayManager:0.105312854
View:0.07519857
EditPane:0.068252996
ChunkCache:0.0633365
Buffer:0.041432373
jEdit:0.03073713
GUIUtilities:0.02588542
Log:0.011539255
Marker:0.0073828343
MouseActions:0.0045912405
