jEdit:0.17169577
AbstractOptionPane:0.14222158
ColorWellButton:0.101777
FontSelector:0.018011214
