MainView:0.5266666666666666
MApplication:0.41
MStatusBar:0.3466666666666667
MMainWindow:0.27666666666666667
MProperties:0.20666666666666667
