TransitionPanel:0.15251838
NoTransition:0.09742691
Transition:0.089978844
FadeTransition:0.07613307
MoveTransition:0.069018215
