ImageView:0.09791942
Transition:0.08806156
