Specification:0.38
GoodsType:0.2966666666666667
Modifier:0.29
Nation:0.25733333333333336
EuropeanNationType:0.24444444444444446
SerializationTest:0.22666666666666666
Feature:0.22
IndianNationType:0.19
