MText:0.601111111111111
EditorCrypto:0.52
SessionManager:0.29333333333333333
NotepadEditorPlugin:0.17666666666666667
TodoEditorPlugin:0.17
