MetaInfo:0.6133333333333333
Editor:0.5166666666666667
MainWindow:0.4033333333333333
Tracker:0.2866666666666667
Tree:0.26555555555555554
PropertiesDialog:0.22666666666666666
TreePanel:0.2
LockAction:0.18333333333333332
FSHelper:0.17666666666666667
CalendarWidget:0.17666666666666667
LabelItemAction:0.11333333333333333
DefaultLabelAction:0.11
