Table:0.5833333333333334
ColumnSchema:0.35333333333333333
FunctionSQL:0.3233333333333333
ParserDQL:0.29333333333333333
StatementDML:0.22444444444444447
ParserTable:0.21333333333333335
