FreeColLookAndFeel:0.6166666666666667
ColorResource:0.4338888888888889
