MetaInfo:0.5166666666666667
MMenu:0.35
MMessage:0.31
MainWindow:0.26
Feed:0.25666666666666665
ControlPanel:0.21666666666666667
SearchBar:0.1877777777777778
LookAndFeelSettings:0.14
