FreeColObject:0.46418834
FreeColGameObjectType:0.4451153
Feature:0.40202075
FoundingFather:0.32591647
Specification:0.27373552
Colony:0.18778574
FeatureContainer:0.17374821
Player:0.12681885
Unit:0.11529463
