Goods:0.4320497
GoodsContainer:0.4199932
TileType:0.35698158
Market:0.3019185
Building:0.29653132
BuildableType:0.29240882
ColonyTile:0.2879586
GoodsType:0.26659885
Settlement:0.26277104
UnitType:0.2622091
Europe:0.2614201
Tile:0.25737214
FreeColObject:0.24763225
Colony:0.23040868
IndianSettlement:0.22242166
EquipmentType:0.19749027
TradeRouteStop:0.19473511
Specification:0.1631571
Consumer:0.14899126
BuildQueue:0.14065114
Unit:0.13347146
Player:0.12773171
ProductionTree:0.11780601
