AIUnit:0.49771854
GoodsWish:0.29940584
Wish:0.24153551
Transportable:0.24134782
AIColony:0.21733718
ColonialAIPlayer:0.21299757
StandardAIPlayer:0.17992839
EuropeanAIPlayer:0.16146293
AIObject:0.13169624
AIMain:0.12629418
