AbstractUnit:0.14735581
UnitType:0.10675471
TileImprovementType:0.10562149
BuildableType:0.09434779
GoodsType:0.079551935
Europe:0.07726149
FreeColObject:0.075989716
FreeColGameObjectType:0.075808965
Unit:0.075403206
IndianSettlement:0.07072138
Specification:0.063933395
Modifier:0.0602665
Settlement:0.05962073
AbstractGoods:0.058782913
TileImprovement:0.05335427
Player:0.03950665
SimpleCombatModel:0.026080277
FeatureContainer:0.015579432
