ImageEditorCore:0.09059495
FilterDialog:0.036362346
ImageEditorDesigner:0.03359721
ImageEditorPlugin:0.022890938
ResizeDialog:0.011078917
