JFlexTagItem:0.6033333333333334
JFlexLexer:0.4077777777777778
ParseUnbalancedTagTest:0.25333333333333335
