Archive:0.58
Widget:0.30333333333333334
FeedThread:0.23111111111111116
FeedViewer:0.23
NoteWidget:0.2277777777777778
LookAndFeelSettings:0.22333333333333333
Expired:0.21777777777777782
ArchiveChannel:0.21444444444444447
FeedsFS:0.19
AbstractItem:0.11666666666666667
