Globals:0.5166666666666667
MClipboard:0.5033333333333333
MLinkButton:0.34
InternetSearchPanel:0.2
LinkEditor:0.19
FeedsFSPlugin:0.18666666666666668
FeedsConfigPanel:0.16666666666666666
MainPanel:0.14
LinkEditorPlugin:0.12
StaticHandler:0.11
