GHNSDialog:0.545
MIconChooser:0.42833333333333334
IconTheme:0.2966666666666667
LAFItem:0.19666666666666666
