StringUtil:0.7966666666666666
StaticUtils:0.42333333333333334
Text:0.3333333333333333
Handler:0.2833333333333333
XMLStreamReader:0.22
StaticUtilsTest:0.20666666666666667
Preferences:0.2
FilterVisitor:0.18666666666666668
ParseEntry:0.16666666666666666
XMLText:0.16111111111111112
OutOfTurnTag:0.16
TMXWriter2:0.16
StringUtilTest:0.12
XMLUtils:0.12
TMXWriter:0.08666666666666667
