ColonyPanel:0.10302482
FreeColDialog:0.056680292
GoodsLabel:0.034336995
FreeColPanel:0.029256342
