MetaInfo:0.6833333333333333
Tracker:0.37
FSHelper:0.3233333333333333
Tree:0.3233333333333333
ColorPalette:0.27
PropertiesPanel:0.26166666666666666
PropertiesBar:0.25333333333333335
TreePanel:0.24333333333333335
Armor:0.22666666666666666
Query:0.2
SessionManager:0.18666666666666668
CustomIconAction:0.16333333333333333
TrackerEvent:0.15333333333333332
ImportMenu:0.15
MIconChooser:0.14777777777777776
IconAction:0.12
ToggleIconButton:0.11666666666666667
