FSHelper:0.6468276
MetaInfo:0.46341226
Links:0.3749163
LinkMetaInfo:0.2272058
MountPanel:0.19354078
FSException:0.050572388
FSAction:0.009282456
FSPlugin:0.006482665
