FreeColTcFile:0.25842357
Mods:0.18346277
FreeColDataFile:0.10634154
