FreeColModFile:0.15977421
FreeColSavegameFile:0.15733922
