Utilities:0.6166666666666667
WikiBase:0.49
WikiDatabase:0.43333333333333335
