ImportExport:0.7533333333333333
ImageEditorPlugin:0.4033333333333333
LinkEditorPlugin:0.24
