Tokens:0.5666666666666667
RowSetNavigatorDataChange:0.41666666666666663
Constraint:0.39666666666666667
StatementDML:0.36
RowSetNavigatorClient:0.33
StatementInsert:0.31666666666666665
ParserDML:0.31333333333333335
TestScript:0.24333333333333335
ParserCommand:0.21333333333333335
ParserDDL:0.18666666666666668
RowSetNavigatorDataChangeMemory:0.15666666666666668
