TextArea:0.42333333333333334
TextAreaPainter:0.3933333333333333
JEditBuffer:0.33666666666666667
jEdit:0.33
StandaloneTextArea:0.31666666666666665
ModeProvider:0.2773333333333333
Registers:0.23
TextAreaMouseHandler:0.22666666666666666
JEditTextArea:0.21666666666666667
JEditEmbeddedTextArea:0.1711111111111111
