PoFilter:0.44
AbstractFilter:0.36666666666666664
TestFilterBase:0.3466666666666667
IParseCallback:0.3280952380952381
ParseEntry:0.17
IFilter:0.09916666666666667
