LinkUtil:0.7482777777777778
ImageLinkTag:0.41833333333333333
