AbstractUnit:0.20347783
Specification:0.13942179
FreeColGameObjectType:0.10171909
NationType:0.10152496
FreeColObject:0.096429154
FeatureContainer:0.021332687
