Player:0.6872222222222223
GUI:0.41333333333333333
