Table:0.7466666666666667
Constraint:0.4264444444444444
ExpressionColumn:0.24044444444444443
SchemaManager:0.23666666666666666
StatementSchema:0.2
DatabaseInformationFull:0.19666666666666666
TableWorks:0.19
