WidgetDesktopPaneUI:0.3566666666666667
Title:0.2833333333333333
WidgetDesktopIconUI:0.23
DragAdapter:0.21
WidgetPainter:0.16666666666666666
LinearGradientPainter:0.14666666666666667
