Table:0.6633333333333333
Database:0.5
Parser:0.3
TextTable:0.21333333333333335
TestSelf:0.17666666666666667
TestCacheSize:0.17666666666666667
