Colony:0.041234262
Modifier:0.040595796
Player:0.038876943
Feature:0.03672311
Game:0.035385143
IndianSettlement:0.03339257
Region:0.033101745
Ability:0.030794976
Monarch:0.03041364
FeatureContainer:0.030109605
