PluginSettings:0.07334131
PluginManager:0.048813023
PluginInfo:0.0429759
LookAndFeelSettings:0.032876924
PluginType:0.0282728
PluginInstaller:0.025726048
PluginException:0.020167405
