AutoCompleterListView:0.6488888888888888
TagAutoCompleterView:0.44666666666666666
GlossaryAutoCompleterView:0.39
