ResourceManager:0.43333333333333335
FreeColMenuBar:0.2866666666666667
FreeColButtonUI:0.21
ColorCellRenderer:0.17333333333333334
FreeColProgressBar:0.1625
FreeColListUI:0.14716666666666667
FreeColTextFieldUI:0.14716666666666667
FreeColTextAreaUI:0.14716666666666667
FreeColPanelUI:0.13
FreeColPopupMenuUI:0.11
FreeColBrightPanelUI:0.11
FreeColToolTipUI:0.11
FreeColMenuBarUI:0.09
