StaticUtils:0.07198495
Log:0.03318281
OStrings:0.030059913
Language:0.026040934
PatternConsts:0.021334965
