Expression:0.57
ExpressionLogical:0.38
ColumnSchema:0.26666666666666666
FunctionSQL:0.25333333333333335
FileUtil:0.23666666666666666
ParserDDL:0.22666666666666666
ExpressionLike:0.175
FunctionSQLInvoked:0.16166666666666665
FunctionCustom:0.14
