ResourceManager:0.6572222222222222
TileType:0.39
ImageLibrary:0.31333333333333335
TileImprovementType:0.2419285714285714
CanvasMapEditorMouseListener:0.22333333333333333
FreeColTcFile:0.19666666666666666
RiverStylePanel:0.16444444444444445
