Table:0.5733333333333334
RangeVariable:0.44666666666666666
SortAndSlice:0.3933333333333333
