VFSBrowser:0.12753941
VFS:0.047357947
BrowserView:0.045271955
jEdit:0.039237786
GUIUtilities:0.030540062
VFSManager:0.024699118
MiscUtilities:0.019352766
