WordIterator:0.7966666666666666
DefaultTokenizer:0.37666666666666665
