UI:0.6433333333333333
WindowDragAdapter:0.30333333333333334
MMenu:0.23
MRating:0.2
RatingButton:0.16972222222222222
StaticHandler:0.13333333333333333
StaticFocusHandler:0.10666666666666667
DragScroller:0.08333333333333333
