ChartPainter:0.5516666666666666
CircleRenderer:0.49111111111111105
StatsPanel:0.3333333333333333
