VersionControl:0.43666666666666665
VersionPanel:0.38333333333333336
VersionInfo:0.3466666666666667
PropertiesPanel:0.26666666666666666
