Buffer:0.47333333333333333
BufferIORequest:0.3233333333333333
ContentManager:0.2538888888888889
SegmentBuffer:0.20333333333333334
