Preferences:0.6028333333333333
MainWindowMenuHandler:0.5166666666666667
MainWindowMenu:0.3333333333333333
ParseEntry:0.20666666666666667
