RealProject:0.5633333333333334
Main:0.43333333333333335
ProjectUICommands:0.32666666666666666
ProjectTeamTMX:0.15666666666666668
ProjectFactory:0.15
