Tile:0.73
Canvas:0.33
UnitType:0.3233333333333333
InGameController:0.29333333333333333
CanvasMapEditorMouseListener:0.20666666666666667
ScoutingMission:0.20666666666666667
PlayerExploredTile:0.18333333333333332
DemandTributeMessage:0.16
ManageMissionariesGoal:0.15333333333333332
AskSkillMessage:0.15
LearnSkillMessage:0.15
InciteMessage:0.15
ScoutIndianSettlementMessage:0.15
MissionaryMessage:0.14
