ScaledRAFile:0.32534403
ScaledRAFileHybrid:0.19370815
ScaledRAInterface:0.016239172
