PaletteTextFieldUI:0.102713294
PaletteFormattedTextFieldUI:0.08446045
PaletteButtonUI:0.06633326
PaletteToolBarUI:0.06404913
BackdropBorder:0.030919679
PaletteLabelUI:0.020491274
PaletteButtonBorder:0.017961137
PaletteTextComponentBorder:0.017371815
PaletteSliderUI:0.012732968
PaletteFontChooserPreviewPanel:0.010704937
