ActionManager:0.43788326
MapboardAction:0.294925
