ConsoleCommand:0.09602992
ScriptCommand:0.09078448
ConsoleConfig:0.036201302
