Buffer:0.605
JEditTextArea:0.38
OffsetManager:0.3061111111111111
GlobalOptions:0.2733333333333333
Install:0.26666666666666666
TextAreaPainter:0.21666666666666667
InstallThread:0.18
