Editor:0.8266666666666667
HelpGenerator:0.2702777777777778
SwingWebBrowser:0.21083333333333334
CalendarTab:0.19666666666666668
WebBrowserTab:0.18333333333333332
HelpAction:0.17666666666666667
BrowserHTMLEditorKit:0.07
