PluginInfo:0.5066666666666667
PluginManager:0.36333333333333334
VersionProperty:0.3511111111111111
PluginSettings:0.33
PluginRenderer:0.18666666666666668
