Unit:0.58
GoToMission:0.38333333333333336
ServerUnit:0.3233333333333333
AbstractMission:0.26
ServerPlayer:0.25666666666666665
InGameController:0.24
FreeColServer:0.21
InGameControllerTest:0.20666666666666667
CompoundMission:0.20333333333333334
MapTest:0.20166666666666666
BaseCostDeciderTest:0.15666666666666668
