Session:0.5533333333333333
ExpressionColumn:0.41
LobManager:0.29333333333333333
StatementCompound:0.25166666666666665
