IntegerOption:0.6833333333333333
SelectOption:0.52
OptionGroupUI:0.4666666666666667
OptionMapUI:0.26666666666666666
