Canvas:0.5366666666666666
PreCombatDialog:0.43666666666666665
InGameController:0.37666666666666665
