BaseTokenizer:0.6888888888888889
LuceneChineseTokenizer:0.2866666666666667
LuceneSmartChineseTokenizer:0.26666666666666666
