AnsiDataHandler:0.41333333333333333
ImageUtil:0.38333333333333336
ParserUtil:0.35
JFlexParser:0.27
JAMWikiServlet:0.235
ImageLinkTag:0.21
