FeedsFS:0.38333333333333336
PluginDownloader:0.33
FeedComponent:0.32
Sidebar:0.28
Summary:0.2633333333333333
