ProjectProperties:0.7733333333333333
OConsts:0.416984126984127
ProjectFileStorage:0.25333333333333335
ProjectPropertiesDialog:0.23
