Archive:0.6333333333333333
FeedsFS:0.39666666666666667
ArchiveChannel:0.18333333333333332
FeedThread:0.15333333333333332
FeedsFSPlugin:0.14
CustomAdvancedPanel:0.12333333333333334
CustomGeneralPanel:0.11666666666666667
ArchiveOptions:0.06333333333333334
FeedsConfigPanel:0.03666666666666667
Settings:0.03
AbstractPanel:0.0
