ScaledRAFile:0.77623606
DataFileCache:0.03208354
ScaledRAInterface:0.017479448
