ScriptReaderBinary:0.38340974
ScriptReaderBase:0.19360043
