StringConverter:0.7466666666666667
ScriptReaderText:0.2866666666666667
Crypto:0.2833333333333333
ScriptReaderDecode:0.21666666666666667
