Unit:0.5633333333333334
ImageLibrary:0.39
GoodsContainer:0.2611111111111111
GUI:0.255
SignaturePanel:0.2538888888888889
OptionMap:0.25
OptionMapUI:0.19333333333333333
CaptureGoodsDialog:0.14666666666666667
DeclarationDialog:0.11
