MText:0.543888888888889
BooleanRenderer:0.4033333333333333
CompleteRenderer:0.29333333333333333
