WebPanel:0.27879253
WebService:0.029309798
WebException:0.010882398
