WebService:0.20758003
WebResult:0.10966308
WebDialog:0.10931729
WebProperties:0.03671953
WebException:0.0058574853
