DataFileCache:0.5322222222222222
BaseHashMap:0.42333333333333334
HashIndex:0.38
