VFSFile:0.77
FileVFS:0.2833333333333333
LocalFile:0.24666666666666667
FileCellRenderer:0.24333333333333335
BrowserOptionPane:0.20666666666666667
