MFontChooser:0.12156793
MFontButtonBeanInfo:0.06492037
UI:0.043937664
TK:0.033782087
Property:0.010033713
MButton:0.009293266
MIcon:0.007073954
BooleanProperty:0.0022098063
