JEditTextArea:0.4866666666666667
MiscUtilities:0.42333333333333334
TextUtilities:0.36
Rect:0.35333333333333333
JEditBuffer:0.26
MouseHandler:0.20111111111111113
StatusBar:0.19666666666666666
AlignBracket:0.12333333333333334
