InGameController:0.4938888888888889
ColonyPanel:0.48333333333333334
DragListener:0.19
