LabourData:0.31455788
ReportPanel:0.09991587
FreeColPanel:0.051129434
