MainWindow:0.4666666666666667
Editor:0.4166666666666667
MainView:0.36
Help:0.3433333333333333
QuickSaveAction:0.15444444444444444
TabsMenuAction:0.13666666666666666
HistoryMenuAction:0.13
Shortcut:0.11333333333333333
