DelegatingComboBoxRenderer:0.41333333333333333
LanguageComboBoxRenderer:0.14333333333333334
TokenizerBehaviorComboBoxRenderer:0.11
TokenizerComboBoxRenderer:0.09333333333333334
