GUI:0.1226268
Canvas:0.030859035
