PreGameInputHandler:0.36934233
InGameInputHandler:0.27255702
Controller:0.044622537
FreeColServerHolder:0.033399634
