MDialog:0.5516666666666666
Globals:0.39666666666666667
AutoCompletion:0.30666666666666664
Components:0.18333333333333332
