TK:0.6933333333333334
GroupTree:0.26666666666666666
MZip:0.2488888888888889
SummaryData:0.23
DocumentListButton:0.21333333333333335
ColorPalette:0.21222222222222223
CommandOptions:0.19
AutoCompletionData:0.1788888888888889
LineIterator:0.16861111111111113
