MText:0.45666666666666667
MScrollPane:0.43333333333333335
MTable:0.34
TaskTable:0.2733333333333333
TodoEditorCore:0.26361111111111113
TodoEditorPlugin:0.21777777777777782
ColumnManager:0.21077777777777779
ProxyPanel:0.19666666666666666
MTextPane:0.16333333333333333
TextUtils:0.16333333333333333
