Table:0.51
Cache:0.33
Expression:0.3175
TestSelf:0.22666666666666666
Select:0.21777777777777782
TestSubselect:0.21333333333333335
Sort:0.19666666666666666
