ColopediaPanel:0.24148327
ColopediaTreeCellRenderer:0.09248625
