Unit:0.7266666666666667
Player:0.6133333333333333
Tile:0.41333333333333333
ServerPlayer:0.39
InGameControllerTest:0.23333333333333334
SimpleCombatModel:0.2
TransportMissionTest:0.18666666666666668
