Game:0.21546677
FreeColGameObject:0.14168088
Building:0.085299924
Region:0.072293304
Monarch:0.06910347
Player:0.04879494
Colony:0.041603655
