Player:0.7566666666666667
IndianSettlement:0.43066666666666664
TransportMission:0.37
