SearchBar:0.14030519
SearchAndReplace:0.0943077
HistoryTextField:0.07601651
jEdit:0.058731735
Buffer:0.05833191
View:0.0510906
DirectoryListSet:0.04205714
GUIUtilities:0.040252496
AllBufferSet:0.039774947
BrowserPopupMenu:0.037869323
SearchFileSet:0.019626107
CurrentBufferSet:0.019545935
MiscUtilities:0.0151999155
FileVFS:0.011512692
VariableGridLayout:0.010244431
EnhancedDialog:0.0036026686
