jEdit:0.2662902
EditPlugin:0.23884541
GUIUtilities:0.16285601
View:0.07554796
