Figure:0.655
MoveHandle:0.37
RotateHandle:0.30666666666666664
RectangleFigure:0.29333333333333333
TextFigure:0.2733333333333333
EllipseFigure:0.2
ImageFigure:0.2
LineFigure:0.16111111111111112
AbstractLabelFigure:0.10666666666666667
LineConnectionFigure:0.10444444444444444
LabelFigure:0.03666666666666667
