PersistentStore:0.73
Table:0.6066666666666667
DatabaseInformationMain:0.44
Database:0.43933333333333335
DatabaseInformationFull:0.3
StatementSchema:0.21666666666666667
RowStoreAVL:0.20666666666666667
Logger:0.20333333333333334
PersistentStoreCollectionSession:0.19
SessionData:0.18666666666666668
StatementCommand:0.16666666666666666
DatabaseInformation:0.14666666666666667
