RangeOption:0.47333333333333333
SelectOption:0.28
MapGeneratorOptions:0.2733333333333333
SelectOptionUI:0.26111111111111107
RangeOptionUI:0.26111111111111107
OptionGroupUI:0.19777777777777777
OptionMapUI:0.18333333333333332
SpecificationTest:0.13333333333333333
