HarmonicColorModel:0.7
DefaultHarmonicColorModel:0.4866666666666667
HarmonicRule:0.35
HSVHarmonicColorWheelImageProducer:0.3433333333333333
JMixer:0.33666666666666667
ColorWheelImageProducer:0.31333333333333335
HSLHarmonicColorWheelImageProducer:0.29333333333333333
ColorWheelChooser:0.22611111111111115
JColorWheel:0.22333333333333333
HSLRYBColorSystem:0.20666666666666667
JHarmonicColorWheel:0.16777777777777778
WheelsAndSlidersMain:0.14666666666666667
SimpleHarmonicRule:0.042777777777777776
AbstractHarmonicRule:0.023333333333333334
