MPanel:0.33666666666666667
MComboBox:0.3275
MLabel:0.3233333333333333
MTogglePanel:0.25
AbstractSpinner:0.25
MFileChooser:0.24
MFlipPanel:0.21333333333333335
AbstractIndicator:0.21333333333333335
MTextPane:0.21333333333333335
MToggleButton:0.21333333333333335
MTextField:0.2086111111111111
MSmallColorChooser:0.20333333333333334
MSlider:0.19333333333333333
MSmallButton:0.1888888888888889
MTextLabel:0.15
