UI:0.83
MURLButton:0.2833333333333333
SimpleButtonUI:0.2633333333333333
DayButton:0.17333333333333334
ItemRenderer:0.17
TabIcon:0.15666666666666668
CompleteRenderer:0.13666666666666666
RatingButton:0.13333333333333333
MSmallButton:0.13
MTextLabel:0.12333333333333334
