Task:0.3933333333333333
MetaInfo:0.38
CategoryManager:0.3612222222222222
CategoryListRenderer:0.3433333333333333
Renderer:0.31333333333333335
Categories:0.31
Builder:0.29333333333333333
GroupTree:0.22
TodoEditorCore:0.2
ItemRenderer:0.18476190476190477
TaskPanel:0.18
CategoryMenu:0.15666666666666668
View:0.14666666666666667
StuffRenderer:0.14333333333333334
SummaryRenderer:0.12388888888888892
CategoryListView:0.11333333333333333
CategoryManagerDialog:0.10666666666666667
