TodoEditorCore:0.5833333333333334
TodoEditor:0.5266666666666666
Task:0.46
TaskTable:0.19333333333333333
SortAction:0.19000000000000003
VisibleAction:0.016666666666666666
ColumnAction:0.0033333333333333335
