QueryHandler:0.6066666666666667
AnsiQueryHandler:0.5233333333333333
DataHandler:0.3584285714285714
AnsiDataHandler:0.3333333333333333
MediaWikiXmlImporter:0.3333333333333333
CacheQueryHandler:0.17333333333333334
