UI:0.6666666666666666
Button:0.33666666666666667
PropertiesBar:0.29
MButton:0.23333333333333334
Sidebar:0.23
MRating:0.22
LockButton:0.22
IconButton:0.21666666666666667
ColorComponent:0.21333333333333335
MToggleButton:0.18666666666666668
ToggleIconButton:0.06333333333333334
ToolBarButton:0.05333333333333334
RatingButton:0.03666666666666667
