BufferIORequest:0.29333333333333333
BufferLoadRequest:0.21
BufferAutosaveRequest:0.2
BufferInsertRequest:0.2
BufferSaveRequest:0.17666666666666667
