IEditor:0.7705555555555555
MarkerController:0.3433333333333333
GlossaryTextAreaTest:0.27666666666666667
