TreeFS:0.43666666666666665
PropertiesPanel:0.39
NotepadEditorPlugin:0.31333333333333335
Wizard:0.30333333333333334
ActionProperties:0.20666666666666667
