AutoCompleter:0.45666666666666667
Preferences:0.45
AutoCompleterListView:0.3333333333333333
MainWindowMenu:0.3
MainWindowMenuHandler:0.27666666666666667
EditorController:0.26
AbstractAutoCompleterView:0.20142857142857143
TagAutoCompleterView:0.12666666666666668
CharTableAutoCompleterView:0.12333333333333334
GlossaryAutoCompleterView:0.10666666666666667
AutotextAutoCompleterView:0.06
