WikiDatabase:0.5833333333333334
Role:0.4603333333333334
ServletUtil:0.29
DatabaseUpgrades:0.18333333333333332
