UI:0.07454625
MMainWindow:0.067377046
MLogger:0.05546753
OS:0.05495906
Config:0.049725354
MSystemTray:0.04752201
MAboutDialog:0.042177204
MActionInfo:0.042113565
MAction:0.036582198
MMessage:0.036079157
MDialog:0.035704356
MStatusBar:0.0333761
MIcon:0.032890342
MNotification:0.030736884
Args:0.02991989
MainView:0.02890779
Preloader:0.028304016
TK:0.02523976
FS:0.02521828
MTip:0.02176349
MFrame:0.020806981
MInternalFrame:0.018877547
MFileChooser:0.017831562
Kiosk:0.016094895
Property:0.015997585
MSettingsDialog:0.01433959
Net:0.013793843
LogFile:0.013390174
BooleanProperty:0.012895829
VersionProperty:0.012375467
MSplashScreen:0.011629443
MDataAction:0.011064157
FileCache:0.009802727
MLoginPanel:0.009326856
IntegerProperty:0.008991493
MComponent:0.008471923
MWindow:0.0075336676
StringProperty:0.0055586314
