FeedsFS:0.41333333333333333
FSHelper:0.32666666666666666
Archive:0.30333333333333334
FSDelete:0.3027420634920635
FeedDownloader:0.19333333333333333
FeedThread:0.18
NotificationAction:0.16333333333333333
