Widget:0.6
MCalendar:0.33
CalendarWidget:0.2966666666666667
CalendarComponent:0.22666666666666666
