Registers:0.5466666666666666
KeyEventWorkaround:0.36833333333333335
BufferChangeHandler:0.32666666666666666
KeyEventTranslator:0.30666666666666664
