ScriptWriterText:0.33865264
ScriptWriterBinary:0.1750266
ScriptWriterZipped:0.14856918
ScriptReaderBase:0.09934761
ScriptReaderBinary:0.09314343
