ServletUtil:0.7566666666666667
EditServlet:0.20333333333333334
UploadServlet:0.17
ManageServlet:0.16333333333333333
RegisterServlet:0.14666666666666667
SetupServlet:0.14666666666666667
UpgradeServlet:0.14
TranslationServlet:0.14
ImportServlet:0.12
ImportTiddlyWikiServlet:0.12
MoveServlet:0.11333333333333333
