HsqlDatabaseProperties:0.4666666666666667
Session:0.4266666666666667
RangeVariable:0.36666666666666664
HsqlProperties:0.3466666666666667
StatementCompound:0.31333333333333335
ExpressionAggregate:0.30333333333333334
ScaledRAFileNIO:0.23333333333333334
Logger:0.23333333333333334
Constraint:0.2277777777777778
ParserCommand:0.22
ScaledRAFileHybrid:0.20666666666666667
ExpressionArrayAggregate:0.20666666666666667
FunctionSQLInvoked:0.19
ParserRoutine:0.18666666666666668
StatementCommand:0.17666666666666667
JDBCDataSource:0.06777777777777777
JDBCDataSourceFactory:0.06
