Tokens:0.7066666666666667
NumberType:0.33666666666666667
Grantee:0.3
Statement:0.3
ParserDQL:0.2966666666666667
StatementCompound:0.27666666666666667
StatementHandler:0.27666666666666667
DatabaseInformationFull:0.23666666666666666
JDBCConnection:0.23666666666666666
ParserDDL:0.21333333333333335
