Environment:0.67
WikiPageInfo:0.5327777777777778
AdminServlet:0.3233333333333333
