ActionManager:0.06503886
FreeColAction:0.032666557
