jEdit:0.63
MiscUtilities:0.38333333333333336
Mode:0.37666666666666665
Macro:0.28777777777777774
VFSBrowser:0.25333333333333335
FileRootsVFS:0.21805555555555556
XModeHandler:0.21555555555555558
ModeProperties:0.15333333333333332
JCheckBoxList:0.13
