ErrorCode:0.7633333333333333
RowStoreAVL:0.45
LobManager:0.32666666666666666
RowStoreAVLDisk:0.29333333333333333
LobStoreRAFile:0.29
RowStoreAVLHybrid:0.2733333333333333
QuerySpecification:0.23333333333333334
Logger:0.22666666666666666
RangeVariableConditions:0.22666666666666666
RangeIteratorMain:0.21666666666666667
QueryExpression:0.2
RowStoreDataChange:0.19666666666666666
RowStoreAVLDiskData:0.19666666666666666
RowStoreAVLMemory:0.17333333333333334
RowStoreAVLHybridExtended:0.11
