MDialog:0.13079031
MPanel:0.10091613
MWizard:0.07501167
UI:0.0742702
MButton:0.055132944
TK:0.023231208
Flags:0.022578659
Size:0.005869384
Property:0.0027445133
BooleanProperty:0.0018816728
