TaskPanel:0.28144404
TaskManager:0.2164082
TaskInfo:0.13797116
