WikiUser:0.7033333333333334
Utilities:0.59
ServletUtil:0.3233333333333333
SetupServlet:0.21
RegisterServlet:0.15666666666666668
JAMWikiDaoImpl:0.016666666666666666
JAMWikiDaoAuthenticationProvider:0.0
