EditorTextArea3:0.4866666666666667
GlossaryTextArea:0.47
EditorController:0.41
TransTips:0.27666666666666667
EditorPopups:0.2733333333333333
IEditor:0.27166666666666667
TransTipsPopup:0.27
PopupMenuConstructorInfo:0.006666666666666667
IPopupMenuConstructor:0.0011111111111111111
