StartGamePanel:0.08350967
ServerListPanel:0.07059973
MainPanel:0.04030658
DifficultyDialog:0.03959512
FreeColPanel:0.0382769
