SourceTextEntry:0.4766666666666667
ScriptingWindow:0.3088888888888889
GlossaryTextArea:0.21666666666666667
SpellChecker:0.21
SpellCheckerDummy:0.16944444444444445
TagTokenizer:0.15333333333333332
DefaultTokenizer:0.15333333333333332
