Mark:0.5066666666666667
EditorController:0.4666666666666667
MarkerController:0.3566666666666667
CalcMarkersThread:0.24666666666666667
TransTipsUnderliner:0.13666666666666666
