Size:0.3466666666666667
MainWindow:0.28
ImageEditorCore:0.25
MFileChooser:0.21
Preview:0.21
BookmarkAction:0.21
Title:0.19666666666666666
PrintPreview:0.19666666666666666
Console:0.19166666666666668
CompletionWindow:0.15
MetaInfoAction:0.13666666666666666
Bookmarks:0.12666666666666668
AddTaskAction:0.12
Submenu:0.09666666666666666
