Canvas:0.4166666666666667
FreeColDialog:0.41333333333333333
SimpleCombatModel:0.35333333333333333
PreCombatDialog:0.27
