ScaledRAFileInJar:0.45890686
ScaledRAFileHybrid:0.17354193
ScaledRAFileNIO:0.16985914
RandomAccessInterface:0.08705225
RAShadowFile:0.047060434
DataFileCache:0.035194274
TextCache:0.03133148
DataFileDefrag:0.025569549
HsqlDatabaseProperties:0.0134380525
LobStoreRAFile:0.012324563
DataFileCacheSession:0.008798301
