MapControls:0.077919155
UnitButton:0.0042728265
