DateTimeType:0.71
DITableInfo:0.5233333333333333
DatabaseInformationMain:0.36666666666666664
