EuropeanAIPlayer:0.2572155
ColonyPlan:0.24836169
AIGoods:0.15815173
TileImprovementPlan:0.1504472
AIUnit:0.14336058
AIMain:0.14087905
WorkLocationPlan:0.13019317
GoodsWish:0.11756683
WorkerWish:0.10554546
AIPlayer:0.09541064
Wish:0.06072026
AIMessage:0.053695217
AIObject:0.034031093
Transportable:0.017788015
