JEditTextArea:0.57
FoldVisibilityManager:0.48333333333333334
Buffer:0.44
OffsetManager:0.31333333333333335
