DefaultInputHandler:0.49
KeyEventTranslator:0.4266666666666667
InstallPanel:0.18333333333333332
KeyEventWorkaround:0.18
