JFlexParserUtil:0.74
ParserFunctionUtil:0.44666666666666666
TemplateTag:0.32666666666666666
