XMLUtilities:0.72
jEdit:0.3566666666666667
MiscUtilities:0.3433333333333333
StandardUtilities:0.31666666666666665
XModeHandler:0.22666666666666666
PluginListHandler:0.21666666666666667
DockableListHandler:0.21666666666666667
Registers:0.21
ActionSet:0.20666666666666667
KillRing:0.20333333333333334
ActionListHandler:0.18666666666666668
ServiceListHandler:0.18
PerspectiveHandler:0.18
PerspectiveManager:0.17
BufferHistory:0.17
DockableWindowFactory:0.16666666666666666
MirrorListHandler:0.16333333333333333
KillRingHandler:0.16
RecentHandler:0.16
RegistersHandler:0.16
ServiceManager:0.14666666666666667
ModeCatalogHandler:0.13666666666666666
HelpTOCPanel:0.12666666666666668
