AbstractMarkupBuilder:0.096636735
Args:0.038781147
ColorProperty:0.01368932
MHTMLViewer:0.012588818
