ColonyPanel:0.4866666666666667
RebelToolTip:0.35
ConstructionPanel:0.26666666666666666
ReportRequirementsPanel:0.2
LabourData:0.16666666666666666
PopulationPanel:0.1577777777777778
ReportProductionPanel:0.14
ReportColonyPanel:0.1
ReportContinentalCongressPanel:0.1
