PgType:1.0
StatementPortal:0.9585431
Server:0.93760866
OdbcPacketOutputStream:0.59061074
OdbcPreparedStatement:0.4521526
OdbcPacketInputStream:0.36940938
RecoverableOdbcFailure:0.36502615
OdbcUtil:0.0
