Server:0.25781593
ServerProperties:0.19987272
WebServer:0.17002554
ServerConstants:0.041565035
