Server:0.12169618
WebServer:0.07735769
ServerConfiguration:0.07154011
HsqlServerFactory:0.034925226
