TarGenerator:0.18863982
TarFileInputStream:0.12788332
TarReader:0.08729358
RB:0.039377004
