TarHeaderField:0.28017274
PIFGenerator:0.25101146
TarGeneratorMain:0.112341926
TarMalformatException:0.03969418
TarFileOutputStream:0.0
RB:0.0
DbBackup:0.0
