DataFileCache:0.31451046
TextFileReader:0.25754464
TextFileSettings:0.18295294
Cache:0.105495326
PersistentStore:0.08386163
RowStoreAVLDiskData:0.07771637
CachedObject:0.05758016
RAFile:0.04095338
Logger:0.032729648
TextTableStorageManager:0.02757159
DataSpaceManagerSimple:0.014687504
DataSpaceManager:0.004346355
RandomAccessInterface:0.0024733094
