UserManager:0.32991573
Grantee:0.2514635
GranteeManager:0.08243157
