BaseHashMap:0.31560117
HashIndex:0.1601004
ValuePool:0.013199536
