ValuePoolHashMap:0.043573763
BaseHashMap:0.013543073
