WebBrowser:0.6333333333333333
LinkListener:0.4464166666666665
Browser:0.4266666666666667
MWebBrowser:0.41333333333333333
