StaticUtils:0.53
FileUtil:0.5266666666666666
RealProject:0.35333333333333333
ITreeIteratorCallback:0.32500000000000007
StaticUtilsTest:0.25666666666666665
Searcher:0.20733333333333334
Mapping:0.16944444444444445
ProjectMedProcessing:0.13
FileUtilTest:0.07666666666666666
