TaskTable:0.5066666666666667
Button:0.48
PropertiesBar:0.30666666666666664
SetValueAction:0.16111111111111112
