CachedRow:0.6516117
Row:0.5006812
PointerNode:0.18544681
Node:0.16655505
Table:0.056077357
HsqlException:0.003290297
