Node:0.23614086
BaseMemoryNode:0.105285354
Row:0.06914263
Trace:0.042257342
HsqlException:0.014673635
