Node:0.2598189
CachedDataRow:0.23549235
CachedRow:0.21450324
Row:0.1790241
Table:0.054225624
BaseMemoryNode:0.046678767
Trace:0.023954947
HsqlException:0.011238494
