Player:0.43
Unit:0.43
Tile:0.42238095238095236
InGameController:0.2966666666666667
IndianBringGiftMission:0.21666666666666667
InGameInputHandler:0.19666666666666666
