MTextFieldPanel:0.19336851
MText:0.11594713
UI:0.09484238
MColorChooser:0.05250527
MFontChooser:0.04959956
MTextLabel:0.039338354
MPasswordPanel:0.027866915
MDocumentAdapter:0.023894485
MLoginPanel:0.02383993
TK:0.020699795
