Preferences:0.5980555555555556
EditorSettings:0.53
MainWindowMenuHandler:0.32
SegmentBuilder:0.31
MainWindowMenu:0.20666666666666667
Styles:0.19026984126984126
