HsqlDatabaseProperties:0.5977777777777779
Logger:0.5116666666666667
ScaledRAFile:0.26
