QueryEditor:0.8177777777777778
FeedThread:0.5667222222222221
