GUI:0.8166666666666667
Animation:0.42333333333333334
MapControls:0.27
UnitMoveAnimation:0.2
