Map:0.54
IndianSettlement:0.35333333333333333
PioneeringMission:0.23666666666666666
AIUnit:0.22888888888888886
AIPlayer:0.21916666666666668
DefendSettlementMission:0.21333333333333335
WishRealizationMission:0.2
GoodsWish:0.19666666666666666
WorkerWish:0.19666666666666666
InGameInputHandler:0.18666666666666668
IndianDemandMission:0.14
IndianBringGiftMission:0.13666666666666666
