DataSpaceManagerBlocks:0.46769792
DataSpaceManager:0.32784083
TableSpaceManagerBlocks:0.21553157
TableSpaceManagerSimple:0.10032834
DataFileCache:0.079565756
DataFileCacheSession:0.069779016
TableSpaceManager:0.055801634
TextCache:0.04829812
