Logger:0.20894179
DataFileCache:0.20099677
HsqlDatabaseProperties:0.09647827
DataFileDefrag:0.07691938
ScriptRunner:0.06619788
HsqlProperties:0.0464916
DataSpaceManager:0.008614141
Crypto:0.0021101206
