TopicVersion:0.54
AnsiDataHandler:0.3
AnsiQueryHandler:0.2833333333333333
WikiDatabase:0.25666666666666665
RecentChange:0.22
EditServlet:0.21
XMLTopicFactory:0.20333333333333334
UploadServlet:0.16
TiddlyWikiParser:0.15
ManageServlet:0.14666666666666667
UpgradeServlet:0.13666666666666666
MoveServlet:0.10666666666666667
TranslationServlet:0.08
DatabaseUpgrades:0.06333333333333334
