PersistentStore:0.44484523809523807
TableWorks:0.44333333333333336
ParserDDL:0.2966666666666667
TestAllTypes:0.28444444444444444
RowStoreAVL:0.2833333333333333
Logger:0.26666666666666666
StatementSchema:0.23
StatementTypes:0.03
