MText:0.6966666666666667
MActionInfo:0.535
MWrapperPanel:0.32
FormPanel:0.26666666666666666
AbstractSpinner:0.24333333333333335
MMessage:0.21333333333333335
StaticFocusHandler:0.19333333333333333
HTMLColorChooserPanel:0.15666666666666668
