View:0.9066666666666666
TextAreaView:0.4866666666666667
DocumentOrientedApplication:0.36333333333333334
GrapherApplicationView:0.22892857142857143
