GUI:0.077183604
FreeColMenuBar:0.032990813
TilePopup:0.02268211
CanvasKeyListener:0.015057689
FullScreenFrame:0.007846683
CanvasMouseListener:0.007139218
GUIMessage:0.006986082
WindowedFrame:0.004552549
WindowedFrameListener:9.2437514E-4
