SfxLibrary:0.103322
MusicLibrary:0.09872997
Playlist:0.056887507
