Game:0.6866666666666666
MarketTest:0.36333333333333334
UnitTest:0.29
ServerGame:0.14666666666666667
