Colony:0.6833333333333333
ColonyTile:0.5966666666666667
AIColony:0.30333333333333334
ReportRequirementsPanel:0.13333333333333333
