AnsiQueryHandler:0.8066666666666666
MySqlQueryHandler:0.24666666666666667
DatabaseUpgrades:0.19955555555555557
