AbbrevsModel:0.18288046
EditAbbrevDialog:0.10087857
Abbrevs:0.08877562
GUIUtilities:0.032547627
AbstractOptionPane:0.026843557
jEdit:0.02283066
RolloverButton:0.012386564
Mode:0.011913704
MiscUtilities:0.011055693
