GoodsType:0.09922048
Unit:0.04498451
