MetaInfo:0.5755555555555555
MIcon:0.3566666666666667
PluginManager:0.24277777777777776
Desktop:0.23111111111111116
LinkButton:0.18
