ProjectTMX:0.59
RealProject:0.3933333333333333
TmxComplianceLevel1Import:0.29
TestProjectProperties:0.18365079365079365
TmxComplianceBase:0.10333333333333333
