LookAndFeelPlugin:0.088722914
PluginManager:0.07022708
PluginInfo:0.067597404
PluginSettings:0.03869005
AbstractPlugin:0.03370411
PluginType:0.031103661
PluginDownloader:0.02629465
CustomColorSettings:0.011012968
PluginInstaller:0.010685313
