PioneeringMission:0.27337998
BuildColonyMission:0.25551152
ScoutingMission:0.2500674
WishRealizationMission:0.24391882
UnitSeekAndDestroyMission:0.2158185
DefendSettlementMission:0.20879939
Mission:0.19667675
CashInTreasureTrainMission:0.17842007
