VFS:0.31167996
MiscUtilities:0.27306584
jEdit:0.22306861
FileRootsVFS:0.19798975
VFSManager:0.16691114
Buffer:0.13530922
VFSBrowser:0.12774836
SearchDialog:0.09811139
EditServer:0.07598621
View:0.05153399
OperatingSystem:0.0509122
Log:0.047134075
