Player:0.81
Europe:0.47333333333333333
InGameInputHandler:0.30666666666666664
