ClobDataID:0.5166666666666667
BlobDataID:0.5166666666666667
JDBCResultSet:0.43
JDBCBlobClient:0.34
JDBCClobClient:0.23666666666666666
ClientConnection:0.235
JDBCConnection:0.21333333333333335
RowInputBinaryNet:0.1811111111111111
SessionData:0.16333333333333333
LobManager:0.16
