Types:0.1249603
DINameSpace:0.11163752
DatabaseInformationFull:0.1095904
CompiledStatement:0.045241557
HsqlException:0.0034880713
