MApplication:0.5633333333333334
Main:0.37
TreePanel:0.20666666666666667
AboutAction:0.15
