Message:0.06908895
Connection:0.021163145
