Message:0.07033299
Connection:0.019235393
