Message:0.074685626
Connection:0.020938808
