AutotextAutoCompleterOptionsDialog:0.44166666666666665
SegmentationCustomizer:0.33
AutotextTableModel:0.29
FilenamePatternsEditorController:0.13333333333333333
