Buffer:0.31377107
jEdit:0.15082048
StatusBar:0.14912805
Mode:0.09867537
AbstractOptionPane:0.09415
FoldHandler:0.06072037
GUIUtilities:0.046129923
EnhancedDialog:0.037339237
View:0.0344435
