WikiUser:0.67
DatabaseHandler:0.48333333333333334
JAMWikiDaoImpl:0.17333333333333334
