Preferences:0.6014444444444444
EditorSettings:0.4866666666666667
MainWindowMenuHandler:0.3233333333333333
SegmentBuilder:0.30666666666666664
MainWindowMenu:0.24
