Tree:0.7433333333333333
FeedsFS:0.4666666666666667
FeedThread:0.17333333333333334
ImportAction:0.09444444444444444
