MComponent:0.5766666666666667
MMessage:0.5233333333333333
MSwingWorker:0.26555555555555554
ScriptYourself:0.23666666666666666
AnnotationBar:0.20333333333333337
