Player:0.63
Unit:0.5933333333333334
FreeColGameObject:0.5233333333333333
CashInTreasureTrainMessage:0.29
InGameController:0.21666666666666667
