Session:0.6933333333333334
JDBCDatabaseMetaData:0.4066666666666667
TestPreparedSubQueries:0.3466666666666667
