Unit:0.8233333333333334
DebugMenu:0.2733333333333333
TransportMission:0.25333333333333335
