Database:0.47833333333333333
ScaledRAFileNIO:0.38
Log:0.35444444444444445
TransactionManagerMV2PL:0.2733333333333333
ParserCommand:0.24666666666666667
SchemaManager:0.21
DataFileCache:0.2075
ScriptReaderBase:0.19333333333333333
FunctionCustom:0.18666666666666668
ScriptReaderDecode:0.17
ScriptRunner:0.1
ScriptReaderText:0.07666666666666666
ScriptWriterEncode:0.06333333333333334
