PropertyPanel:0.8733333333333333
Advanced:0.23666666666666666
GeneralSettings:0.23333333333333334
