DatabaseManager:0.078517854
SessionManager:0.06936932
Session:0.057689123
StatementCommand:0.055190522
SchemaManager:0.046472047
Table:0.039896067
StatementSchema:0.037366167
StatementSession:0.034306616
ParserCommand:0.034115765
Routine:0.029403929
TextTable:0.028841091
HsqlNameManager:0.028811334
ParserDDL:0.023720535
QuerySpecification:0.022687223
StatementSchemaDefinition:0.02249844
View:0.022372983
ParserRoutine:0.021454941
Expression:0.02070283
DatabaseURL:0.02032093
StatementDML:0.019529326
TransactionManagerCommon:0.01939292
ExpressionColumn:0.01937709
Statement:0.019288564
TableWorks:0.018838122
TableBase:0.018632716
ParserDQL:0.018281303
SessionData:0.017708965
RoutineSchema:0.017362176
HsqlException:0.016782805
FunctionCustom:0.016572602
ExpressionLogical:0.016323157
TransactionManager2PL:0.016244901
TransactionManagerMVCC:0.016012413
SessionInterface:0.015843522
QueryExpression:0.015218634
ParserDML:0.015210801
TransactionManagerMV2PL:0.014360675
TransactionManager:0.011325219
ExpressionLike:0.011241927
TableDerived:0.010407158
ExpressionArithmetic:0.00983488
StatementManager:0.009822384
RowDiskDataChange:0.007040286
SqlInvariants:0.004941033
TableUtil:0.0048412248
SetFunction:0.0038633747
Tokens:0.0
