RowStoreAVLMemory:0.5968587
RowStoreAVL:0.52122223
RowStoreAVLHybrid:0.49452022
CachedObject:0.18162304
DataFileCache:0.16021408
TextCache:0.13386208
DataFileDefrag:0.12939364
PersistentStoreCollectionSession:0.10207924
PersistentStoreCollectionDatabase:0.051800165
Logger:0.039966583
PersistentStoreCollection:0.03761553
