SchemaManager:0.24087025
SchemaObjectSet:0.22842768
SchemaObject:0.11880873
Table:0.10371141
Routine:0.08675619
StatementSchema:0.07645623
NumberSequence:0.068508014
Session:0.02353283
SessionManager:0.011441747
Tokens:0.0
