ScriptReaderText:0.28075156
ScriptReaderDecode:0.04476482
