Link:0.62
LinkEditor:0.44333333333333336
Index:0.31666666666666665
LinkEditorPlugin:0.31333333333333335
