ImageEditorCore:0.5
ImageEditor:0.4766666666666667
FilterDialog:0.43
SelectionTool:0.19444444444444445
FiltersAction:0.07333333333333333
