AbstractOption:0.32832584
OptionMap:0.2873391
OptionGroup:0.27840376
