OptionMap:0.3506758
AbstractOption:0.3350186
OptionGroup:0.31872317
