AbstractOption:0.22553486
OptionMap:0.22472891
OptionGroup:0.18763804
