Buffer:0.571111111111111
jEdit:0.4649999999999999
JEditTextArea:0.3333333333333333
FileVFS:0.2522222222222222
DisplayManager:0.23666666666666666
InputHandler:0.21
HistoryTextArea:0.18333333333333332
BufferIORequest:0.12
PositionManager:0.115
BrowserCommandsMenu:0.10666666666666667
PosBottomHalf:0.06333333333333334
