AIPlayer:0.30437905
REFAIPlayer:0.232601
ColonialAIPlayer:0.20104851
StandardAIPlayer:0.19131872
EuropeanAIPlayer:0.18531813
AIUnit:0.18469445
AIColony:0.07487295
AIInGameInputHandler:0.027546905
