SegmentBuilder:0.59
EditorController:0.4266666666666667
MarkerController:0.26
EditorTextArea3:0.24333333333333335
TranslationUndoManager:0.16666666666666666
