UI:0.63
MIcon:0.46
Item:0.31333333333333335
InternetSearch:0.2525
PropertiesBar:0.24111111111111114
CustomSearch:0.12833333333333333
