GUI:0.5333333333333333
InGameController:0.43333333333333335
ConnectController:0.34
ColonyPanel:0.19166666666666668
DebugMenu:0.1877777777777778
DestinationPanel:0.16444444444444445
ShowConfirmDialogSwingTask:0.15
EditSettlementDialog:0.11
NewLandNameSwingTask:0.09666666666666666
ShowMainAction:0.09666666666666666
