MToolBar:0.6766666666666666
ScriptYourself:0.5033333333333333
ScriptIDE:0.3433333333333333
