HandleAttributeKeys:0.81
Tool:0.6866666666666666
AbstractTool:0.23333333333333334
SelectionTool:0.22333333333333333
DefaultFontChooserModel:0.21666666666666667
BezierControlPointHandle:0.18666666666666668
BezierNodeHandle:0.18
AbstractRotateHandle:0.17333333333333334
TransformHandle:0.16333333333333333
BoundsOutlineHandle:0.14333333333333334
BezierOutlineHandle:0.13
SVGPathOutlineHandle:0.13
ResizeHandle:0.12666666666666668
RoundRectangleRadiusHandle:0.12666666666666668
SVGRectRadiusHandle:0.12666666666666668
