ImageEditorCore:0.5933333333333334
Presentation:0.49666666666666665
AnnotationBar:0.2
