Index:0.7166666666666667
MetaInfo:0.67
ImageEditor:0.23333333333333334
TodoEditor:0.23333333333333334
NotepadEditor:0.23333333333333334
TextEditor:0.23
Query:0.23
ImportExport:0.22333333333333333
LinkEditor:0.21444444444444447
DnDTransferHandler:0.20666666666666667
