Armor:0.38666666666666666
Benchmark:0.26
SecurityDialog:0.23666666666666666
Tester:0.20333333333333334
MPermission:0.1761111111111111
PluginPermission:0.06333333333333334
Permission:0.06333333333333334
