FSHelper:0.6333333333333333
AbstractFS:0.43
AdvancedProperties:0.4066666666666667
ImportExport:0.25333333333333335
NewFolderDialog:0.22
