Colony:0.6716666666666666
Player:0.6086666666666667
ColonyTile:0.3225
TileTest:0.26666666666666666
ServerIndianSettlementTest:0.18333333333333332
ServerColonyTest:0.16166666666666665
ServerUnitTest:0.16
