FreeColPanel:0.032192755
ReportPanel:0.029251669
