VFSBrowser:0.38333333333333336
QuickNotepadToolPanel:0.33666666666666667
QuickNotepad:0.32
VFSDirectoryEntryTableModel:0.31333333333333335
DisplayManager:0.2833333333333333
BrowserView:0.24611111111111114
BeanShell:0.23
BufferChangeHandler:0.18333333333333332
Roster:0.18
