InGameController:0.7233333333333334
InciteMessage:0.29777777777777775
MissionaryMessage:0.2577777777777778
InGameControllerTest:0.14333333333333334
