OptionGroup:0.5433333333333333
OptionMap:0.45
ActionManager:0.20333333333333334
SelectOptionUI:0.20333333333333334
