TranslationException:0.054432802
Instance:0.052261867
IParseCallback:0.042432323
