JAMWikiServlet:0.6033333333333334
FileNotify:0.33
SaveAttachmentServlet:0.20333333333333334
FileSearchEngine:0.17055555555555554
SearchServlet:0.14
NotifyServlet:0.14
ViewAttachmentServlet:0.13666666666666666
