TaskTable:0.035435133
Task:0.03513354
