Task:0.26706538
TaskState:0.1027075
TaskTable:0.0759344
Column:0.060828045
