MSettingsPage:0.21813877
MDialog:0.12497604
MList:0.043134883
UI:0.041729644
TK:0.022360796
MIcon:0.015839918
MScrollPane:0.014195612
MStatusBar:0.0134908175
SimpleListCellRenderer:0.012893169
Config:0.012215452
