VFSDirectoryEntryTable:0.19990902
VFSBrowser:0.15091641
FileCellRenderer:0.11476121
VFSFileNameField:0.07735813
VFS:0.06691121
VFSFileChooserDialog:0.06591107
VFSDirectoryEntryTableModel:0.06445562
GUIUtilities:0.040990308
FavoritesVFS:0.0408331
BrowserIORequest:0.0402918
BrowserCommandsMenu:0.033463698
VFSManager:0.033001125
jEdit:0.030109867
FileRootsVFS:0.029176414
MiscUtilities:0.024283426
