Limit:0.15149093
FreeColObject:0.06431132
Scope:0.054966133
FreeColGameObject:0.05024879
Game:0.044810086
Player:0.03835369
Settlement:0.03611209
Colony:0.03588087
Specification:0.02985897
Turn:0.018186908
