Feature:0.10628664
BuildableType:0.09568788
FreeColGameObjectType:0.078313075
FoundingFather:0.07398315
FreeColObject:0.06973236
Operand:0.067201756
SettlementType:0.059702948
UnitTypeChange:0.05923704
FreeColGameObject:0.059077546
TileImprovementType:0.05790648
RandomRange:0.028813953
