RealProjectTest:0.30333333333333334
TmxSegmentationTest:0.14333333333333334
TagValidationTest:0.14
ProjectFileStorageTest:0.14
AutoTmxTest:0.13666666666666666
StylesTest:0.13333333333333333
TagUtilTest:0.08666666666666667
