PlayerExploredTile:0.51
ServerPlayer:0.3885555555555556
Tile:0.37
InGameController:0.33666666666666667
ServerUnit:0.25566666666666665
