MTip:0.47333333333333333
LinkEditor:0.34
DesktopPanel:0.18666666666666668
