WTFError:0.77
MFormat:0.3566666666666667
PushEffect:0.25666666666666665
MoveEffect:0.23666666666666666
