Canvas:0.7133333333333334
SelectAmountDialog:0.4
FindColonyDialog:0.20333333333333334
DefaultTransferHandler:0.1511111111111111
