HighScore:0.6333333333333333
Canvas:0.4672222222222222
InGameInputHandler:0.26666666666666666
