JEditTextArea:0.5155555555555555
VFSBrowser:0.35
MouseHandler:0.2733333333333333
BrowserJTree:0.21444444444444447
FocusHandler:0.13
