DataFileCache:0.48360324
PersistentStoreCollectionSession:0.036922857
DataSpaceManagerSimple:0.028181337
RAFile:0.024520125
Cache:0.018469712
DataSpaceManager:0.0027936161
RandomAccessInterface:0.00214725
