MStringBuilder:0.75
MActionInfo:0.28
StatsPanel:0.26666666666666666
Reminder:0.2511111111111111
FeedThread:0.2388888888888889
