ChangeWindowedModeAction:0.25788873
MapboardAction:0.24833626
DisplayGridAction:0.24412261
DisplayBordersAction:0.24054493
MapControlsAction:0.23689388
DisplayTileTextAction:0.21386628
