Message:0.11004607
Connection:0.027693545
