HsqlDateTime:0.44666666666666666
JDBCPreparedStatement:0.37666666666666665
LobManager:0.3
RowInputTextLog:0.2833333333333333
NumberType:0.25333333333333335
RowInputBinary180:0.15333333333333332
RowOutputBinary180:0.15333333333333332
