TileType:0.42833333333333334
StandardAIPlayer:0.38333333333333336
NewAIPlayer:0.3575
ReportRequirementsPanel:0.17666666666666667
IndianAIPlayer:0.17666666666666667
