ColumnManager:0.3566666666666667
GHNSDialog:0.3
PluginDownloader:0.25333333333333335
CategoryList:0.22666666666666666
SummaryCategory:0.17444444444444446
SaveAsDefaultAction:0.14444444444444443
