DefaultDrawingView:0.48
SelectionTool:0.30666666666666664
AbstractTool:0.30333333333333334
SelectAreaTracker:0.2553333333333333
DelegationSelectionTool:0.24400000000000002
DragTracker:0.23080952380952383
