ImageEditorCore:0.48
PluginSettingsTab:0.2841666666666667
MRegexPanel:0.2733333333333333
MTextFieldPanel:0.25333333333333335
Location:0.24133333333333334
LookAndFeelSettings:0.22666666666666666
