MLabel:0.39666666666666667
MMenu:0.3233333333333333
MToggleButton:0.22666666666666666
AbstractTextEditor:0.20666666666666667
MRadioButton:0.20111111111111113
StaticHandler:0.09666666666666666
StaticCoreHandler:0.06933333333333333
