Topic:0.6616666666666666
ParserDocument:0.235
VirtualWiki:0.1225
Role:0.013333333333333334
WikiException:0.013333333333333334
SortedProperties:0.013333333333333334
