FreeColTestCase:0.5
BuildingTest:0.2966666666666667
ModelMessageTest:0.29
SchoolTest:0.2866666666666667
ColonyTest:0.25333333333333335
TileTest:0.24666666666666667
MapBuilder:0.24666666666666667
MapTest:0.20333333333333334
BaseCostDeciderTest:0.20333333333333334
SerializationTest:0.19666666666666666
FoundingFatherTest:0.19333333333333333
CombatTest:0.19
IndianSettlementTest:0.17
UnitTypeChangeTest:0.14333333333333334
MovementTest:0.13333333333333333
GoodsContainerTest:0.11333333333333333
SoLTest:0.09333333333333334
