MButton:0.61
PropertiesBar:0.4066666666666667
MTextFieldPanel:0.3566666666666667
MToolBar:0.28
