MLogger:0.44333333333333336
Tracker:0.39666666666666667
TrackerEvent:0.36666666666666664
LinkEditor:0.325
SummaryData:0.25666666666666665
