UnitSeekAndDestroyMission:0.3879749
ScoutingMission:0.38700303
TransportMission:0.37517628
PioneeringMission:0.28298298
CashInTreasureTrainMission:0.27653015
DefendSettlementMission:0.23982711
BuildColonyMission:0.23785616
PrivateerMission:0.22605635
IndianBringGiftMission:0.218941
WishRealizationMission:0.19817619
UnitWanderHostileMission:0.18663302
IdleAtColonyMission:0.17981832
IndianDemandMission:0.17347062
UnitWanderMission:0.1247531
WorkInsideColonyMission:0.072739415
