TransportMission:0.20060223
Mission:0.14867194
