TransportMission:0.22685423
Mission:0.20731327
