Canvas:0.07260677
GUI:0.07242117
