ScoutingMission:0.27859202
UnitSeekAndDestroyMission:0.2459351
PioneeringMission:0.24424347
Mission:0.23693593
WishRealizationMission:0.23253326
BuildColonyMission:0.22068125
DefendSettlementMission:0.19621718
CashInTreasureTrainMission:0.16676392
PrivateerMission:0.1591715
