Editor:0.7833333333333333
NoteWidget:0.31333333333333335
TextEditorCore:0.23666666666666666
NotepadEditorCore:0.19666666666666666
