SimpleCombatModel:0.5492777777777778
CombatTest:0.48
AllTests:0.23333333333333334
