RealProject:0.6866666666666666
TestRealProject:0.3233333333333333
