SimpleCombatModel:0.31631824
AbstractGoods:0.16408299
BuildableType:0.11406714
IndianNationType:0.103579774
EquipmentType:0.084671594
FeatureContainer:0.05441126
Locatable:0.043357495
CombatModel:0.039089512
Turn:0.025309872
GoodsContainer:0.0
Tile:0.0
Player:0.0
UnitType:0.0
Goods:0.0
ModelController:0.0
ColonyTile:0.0
Game:0.0
Map:0.0
GoodsType:0.0
FreeColGameObject:0.0
Colony:0.0
Settlement:0.0
PlayerExploredTile:0.0
Tension:0.0
FreeColObject:0.0
Unit:0.0
