InfoPanel:0.09359555
FreeColPanel:0.026468147
EditSettlementDialog:0.025536945
