MActionInfo:0.7433333333333333
DBNavigationActionGroup:0.26
PreviousAction:0.18333333333333332
NextAction:0.18333333333333332
