Task:0.07567402
Column:0.027101949
TaskList:0.015227704
