Colony:0.66
Tile:0.5733333333333334
Settlement:0.38666666666666666
Building:0.36333333333333334
IndianSettlementBuilder:0.2866666666666667
InGameController:0.23333333333333334
ServerBuilding:0.22333333333333333
SimpleMapGenerator:0.20333333333333334
UnitTest:0.17666666666666667
ColonyBuilder:0.13333333333333333
ServerColonyTest:0.12333333333333334
SettlementTransform:0.12333333333333334
ColonyProductionTest:0.12333333333333334
ServerUnitTest:0.1
