RepeatRule:0.7366666666666667
TaskTable:0.42333333333333334
TaskModel:0.24666666666666667
RepeatPanel:0.17666666666666667
FieldsPanel:0.13833333333333334
SetNextDateAction:0.12333333333333334
DailyPanel:0.08666666666666667
MonthlyPanel:0.08666666666666667
YearlyPanel:0.08666666666666667
