Table:0.44666666666666666
Constraint:0.44333333333333336
Index:0.37333333333333335
TableWorks:0.2866666666666667
DatabaseCommandInterpreter:0.25666666666666665
