UnitLabel:0.0669404
ColonyPanel:0.06672513
EuropePanel:0.041427888
MarketLabel:0.008150787
GoodsLabel:0.004964735
