ProjectProperties:0.4766666666666667
OConsts:0.426626984126984
RealProject:0.42333333333333334
