JFlexParser:0.7033333333333334
ImageUtil:0.5633333333333334
GalleryTag:0.21666666666666667
ImageLinkTag:0.13
