HsqlArrayList:0.3712902
StringConverter:0.34625235
DoubleIntIndex:0.3350668
IntValueHashMap:0.10089407
