CachedObjectBase:0.3595645
BitMapCachedObject:0.22988701
IntArrayCachedObject:0.229887
DirectoryBlockCachedObject:0.179124
PersistentStore:0.1591378
RowStoreAVLDisk:0.15596285
RowStoreAVLDiskData:0.15450652
Cache:0.15124376
SimpleStore:0.13356158
RowStoreAVLMemory:0.11581845
BlockObjectStore:0.10397924
RowStoreAVLHybrid:0.09685388
RowStoreAVL:0.09074182
DataFileCache:0.08873818
TextCache:0.07623691
RowStoreDataChange:0.054416858
RowStoreAVLHybridExtended:0.05021077
