CachedObject:0.2821305
BitMapCachedObject:0.067873314
IntArrayCachedObject:0.067873284
DirectoryBlockCachedObject:0.051220287
DataSpaceManagerBlocks:0.008038938
