NodeAVL:0.35842595
Index:0.032508135
