NodeAVLDisk:0.5196211
NodeAVLDiskLarge:0.4563224
IndexAVLMemory:0.27116436
IndexAVL:0.24664596
Index:0.0747579
