RowAVLDiskData:0.34013692
RowAVLDisk:0.3276083
RowAction:0.1805824
TransactionManager2PL:0.16335805
TransactionManagerMV2PL:0.16164
TransactionManagerMVCC:0.16112328
TransactionManager:0.15018126
RowDiskDataChange:0.13905665
TransactionManagerCommon:0.12658593
RowAVLDiskLarge:0.10872736
TableBase:0.07593068
RowAVL:0.0653347
StatementResultUpdate:0.057082813
Table:0.049875785
ExpressionLogical:0.04806656
TextTable:0.04784831
StatementDML:0.045411408
Constraint:0.043265127
Session:0.041699283
TableDerived:0.041275945
TableWorks:0.035096165
ExpressionTable:0.03195237
Expression:0.02883501
RangeVariable:0.02783587
SchemaManager:0.02342276
StatementSchema:0.017038092
