RowAVL:0.27903405
Row:0.21214573
TableBase:0.056058217
