Log:0.11582429
HsqlDatabaseProperties:0.03111866
Crypto:0.01073613
PersistentStore:0.004531761
