ScriptReaderText:0.28366882
ScriptWriterText:0.053067636
ScriptReaderBase:0.04519427
