ScriptReaderBase:0.31256145
ScriptReaderDecode:0.31069404
ScriptWriterText:0.06731831
