Table:0.25990734
TableDerived:0.062092043
TableUtil:0.05263903
StatementDML:0.051596344
TableWorks:0.049612723
QueryExpression:0.047593754
SortAndSlice:0.042714074
SessionData:0.042312242
Constraint:0.040514458
QuerySpecification:0.03860668
RowAVLDiskLarge:0.036993332
RowAVLDiskData:0.03454918
RowAVLDisk:0.034392387
StatementCommand:0.03325081
TransactionManagerMVCC:0.03165267
ExpressionLogical:0.030117538
StatementSchema:0.029677609
SchemaManager:0.029600972
RowAVL:0.029381888
TransactionManagerMV2PL:0.029326037
RangeVariable:0.028801825
ParserDDL:0.028463144
Database:0.027585007
TextTable:0.026750136
Session:0.026737675
StatementResultUpdate:0.02603248
Routine:0.025871918
RowDiskDataChange:0.02559436
Row:0.025295706
RangeVariableJoined:0.024924181
TransactionManagerCommon:0.023513965
ParserDQL:0.02334724
ParserDML:0.020171084
RowAction:0.019639017
StatementSession:0.017578367
ParserRoutine:0.01731213
ParserCommand:0.015727364
View:0.014338506
HsqlException:0.005299411
