UI:0.1500763
Config:0.094404116
Property:0.06559116
Important:0.021590156
