EditorPrint:0.10255411
PrintPreview:0.04069057
EditorColor:0.01899463
Editor:0.018055314
