TileType:0.22579642
TileImprovement:0.218784
TileItemContainer:0.15244187
Tile:0.14504337
Unit:0.09320158
GoodsType:0.06961404
UnitType:0.064846106
FreeColGameObjectType:0.04743812
EquipmentType:0.03804087
FeatureContainer:0.03353552
FreeColObject:0.026500704
Modifier:0.018774917
TypeCountMap:0.0061387257
