UnitLabel:0.070481606
FreeColPanel:0.055768814
DragListener:0.03987522
