MText:0.6366666666666667
MFileChooser:0.43666666666666665
MainWindow:0.3125
MTree:0.23
BackupDialog:0.22
ShowHideLocationBarAction:0.16666666666666666
