JFlexParser:0.6433333333333333
ParserTest:0.3233333333333333
ParserFunctionUtil:0.30333333333333334
JFlexParserUtil:0.2911111111111111
TemplateTag:0.22
IncludeOnlyTag:0.09
NoIncludeTag:0.09
