AIPlayer:0.20634575
AIMain:0.14726967
EuropeanAIPlayer:0.14102358
AIUnit:0.12912896
AIMessage:0.11756289
NativeAIPlayer:0.10705053
