EuropeanAIPlayer:0.22339587
AIPlayer:0.20454116
AIUnit:0.19777904
AIColony:0.0824378
AIInGameInputHandler:0.05754654
