Colony:0.33388677
Unit:0.25363323
Tile:0.24086906
IndianSettlement:0.19367559
GoodsContainer:0.17708243
Settlement:0.15710567
WorkLocation:0.15684988
Player:0.13593683
Game:0.0881907
Location:0.085196294
GoodsType:0.078247875
FreeColObject:0.07665042
FreeColGameObject:0.0759781
UnitType:0.059338555
Modifier:0.048735134
Locatable:0.03178873
Ownable:0.025197485
FeatureContainer:0.024324302
