MEditorPane:0.24176669
MTextPane:0.19162574
MText:0.098659724
UI:0.02802045
