JAMWikiUnitTest:0.51
ParserTest:0.5072222222222222
ServletUtilTest:0.4266666666666667
