Unit:0.6733333333333333
TileItemContainer:0.47
ColopediaPanel:0.19333333333333333
