PropertyPanel:0.8466666666666667
Advanced:0.20333333333333334
