Session:0.6055555555555555
StatementProcedure:0.5333333333333333
IndexRowIterator:0.33166666666666667
