JFlexParser:0.5233333333333333
JFlexParserUtil:0.41
ParserTest:0.2733333333333333
ParserFunctionUtil:0.27
TemplateTag:0.22333333333333333
WikiLinkTag:0.21333333333333335
JAMWikiModel:0.18666666666666668
AbstractHeadingTag:0.16666666666666666
WikiSignatureTag:0.11
WikiReferencesTag:0.08666666666666667
HtmlLinkTag:0.05333333333333334
ImageLinkTag:0.05
JavascriptTag:0.03333333333333333
