AbstractGoodsLabel:0.35849112
DefaultTransferHandler:0.18440002
UnitLabel:0.117661275
ColonyPanel:0.0962626
DragListener:0.09534212
ReportNavalPanel:0.08943474
ReportCargoPanel:0.08623125
CargoPanel:0.08066661
ReportProductionPanel:0.07313574
EuropePanel:0.06406668
WarehouseDialog:0.059862297
