FreeColDialog:0.04440457
GoodsLabel:0.041555893
FreeColPanel:0.025376981
