NodeAVL:0.3893359
Index:0.032155212
