RowStoreAVLDiskData:0.6231738
RowStoreAVL:0.5659422
CachedObject:0.19351399
DataFileCache:0.16180794
Logger:0.050256297
PersistentStoreCollection:0.015464007
