Europe:0.7162222222222222
PreGameController:0.30333333333333334
