Tabs:0.7833333333333333
MAction:0.4346666666666667
TabsMenuAction:0.22666666666666666
