FreeColPanel:0.12608717
ReportPanel:0.085473984
