ReportPanel:0.17726383
FreeColPanel:0.09945921
MarketLabel:0.073041715
