FreeColPanel:0.057446465
ReportPanel:0.052198105
