ReportPanel:0.09804714
BuildingPanel:0.063292645
FreeColPanel:0.040255345
GoodsLabel:0.021267256
