ReportPanel:0.21089882
UnitLabel:0.17944294
ProductionLabel:0.14351611
FreeColPanel:0.026850449
