ReportLabourPanel:0.13092394
CompactLabourReport:0.10513503
ReportCargoPanel:0.09852957
UnitLabel:0.093419865
ReportMilitaryPanel:0.08705851
ReportNavalPanel:0.08681194
ReportIndianPanel:0.08627259
ReportColonyPanel:0.08555508
ReportForeignAffairPanel:0.0847905
ReportTradePanel:0.07763104
FreeColPanel:0.07353553
ReportContinentalCongressPanel:0.07083323
ReportProductionPanel:0.060852654
ReportTurnPanel:0.059773155
ReportReligiousPanel:0.05736427
ReportHistoryPanel:0.053448785
ReportHighScoresPanel:0.052564584
ReportExplorationPanel:0.04947566
ReportLabourDetailPanel:0.0398066
ReportRequirementsPanel:0.031468607
