ReportLabourPanel:0.21548899
ReportPanel:0.09949235
