HsqlThreadFactory:0.038970686
HsqlArrayHeap:0.025663251
ThreadFactory:0.013945127
ObjectComparator:0.0045055207
