Parser:0.0989969
DatabaseCommandInterpreter:0.06331533
Table:0.026869275
Trace:0.023384158
Types:0.021472543
Session:0.020620162
DatabaseInformationFull:0.018001122
Token:0.014624059
View:0.010868735
HsqlDateTime:0.009261356
HsqlException:0.0061692167
