TableBase:0.5
ParserDQL:0.36666666666666664
Routine:0.35
PersistentStoreCollectionSession:0.33
BaseHashMap:0.27444444444444444
LongKeyHashMap:0.24111111111111114
ParserRoutine:0.22111111111111115
ParserBase:0.21194444444444446
BlobType:0.17333333333333334
SessionContext:0.14333333333333334
