ParserDQL:0.43333333333333335
Tokens:0.3428174603174603
Types:0.31333333333333335
Cache:0.3011111111111111
ScaledRAFile:0.28
