MFileChooser:0.36333333333333334
MWizardDialog:0.23666666666666666
MToggleButton:0.21666666666666667
MPasswordPanel:0.2127777777777778
MSettingsDialog:0.19166666666666668
ArchiveOptions:0.19
MountPanel:0.17444444444444446
ResizeDialog:0.16244444444444445
WidgetDesktopIconUI:0.16111111111111112
