UI:0.64
AbstractMarkupBuilder:0.32666666666666666
MSmallColorChooser:0.31
HTMLBuilder:0.3
BrushTool:0.27666666666666667
PropertiesPanel:0.25666666666666665
MColorPicker:0.25333333333333335
MButton:0.25333333333333335
MDate:0.25
RedRectangleTool:0.24
XMLBuilder:0.19
MSmallColorButton:0.18333333333333332
ResizeDialog:0.17666666666666667
MNumberSpinner:0.16333333333333333
ColorEditor:0.11
RectangleTool:0.1
