PluginList:0.55
ActivationTableModel:0.47333333333333333
ActivationPanel:0.35
ActivatorPlugin:0.20333333333333334
ReloadPanel:0.1025
