EditPane:0.6466666666666666
View:0.5533333333333333
BufferSetManager:0.41
BufferSetWidget:0.16444444444444445
