Widget:0.2437509
Desktop:0.14611405
