Unit:0.32212457
Colony:0.23311791
CombatModel:0.21678704
Player:0.20702158
IndianSettlement:0.19589932
Tile:0.18633504
Settlement:0.12421859
ModelMessage:0.119939946
Building:0.11241849
Goods:0.07693791
FreeColGameObject:0.051415015
Game:0.048177693
UnitType:0.04661355
FreeColGameObjectType:0.03897385
ModelController:0.036867518
EquipmentType:0.03373374
FeatureContainer:0.0337206
Location:0.03221884
GoodsContainer:0.028849196
TileType:0.027219336
Tension:0.026392082
Modifier:0.0242897
BuildableType:0.02081334
GoodsType:0.019999208
WorkLocation:0.017512623
IndianNationType:0.01459828
Feature:0.012895918
AbstractGoods:0.008774303
ExportData:0.0055530807
Ability:0.0047039227
FreeColObject:0.0043804427
