MRenderer:0.47
TaskTable:0.45666666666666667
TaskModel:0.2793333333333333
TodoEditorDesigner:0.25
CircleRenderer:0.24666666666666667
SummaryEditor:0.22
PriorityRenderer:0.2111111111111111
SetValueAction:0.2
