OptionGroup:0.24532008
SelectOption:0.23072086
BooleanOption:0.2271856
Option:0.19738601
IntegerOption:0.19064039
OptionMap:0.16593821
