MInternalFrame:0.5233333333333333
Panel:0.32
Main:0.2733333333333333
Browser:0.2733333333333333
DateAction:0.14666666666666667
