Database:0.6266666666666667
Log:0.43666666666666665
HsqlDateTime:0.29333333333333333
ClientConnection:0.2833333333333333
StatementCommand:0.2277777777777778
