MMenu:0.6533333333333333
FeedsFS:0.48
MetaInfoMenu:0.15666666666666668
