MLabel:0.07884347
MMenu:0.07748785
UI:0.060075276
MSettingsDialog:0.05713549
MPasswordField:0.050785687
MApplication:0.049822263
MPanel:0.047337644
MAction:0.043933854
MButton:0.043040607
CoolHeader:0.04175009
MWindow:0.036992766
MMouseAdapter:0.034440514
MMainWindow:0.03430142
TK:0.031556368
MActionInfo:0.030758843
MSmallButton:0.026394462
MIcon:0.025118647
Config:0.016572556
MTimer:0.015372237
WindowDragAdapter:0.014242947
MArrayList:0.014189436
IntegerProperty:0.011787778
MProgressBar:0.00935783
BooleanProperty:0.0058173593
Property:0.005211988
Kiosk:0.0047961874
