MapControls:0.06615292
UnitButton:0.029467383
ImageProvider:0.011130861
