ActionSet:0.18390185
InputHandler:0.16501008
Macros:0.16468005
GUIUtilities:0.16408804
BeanShellAction:0.15463956
jEdit:0.15417692
DockableWindowManager:0.1440407
DefaultInputHandler:0.11389263
View:0.10070424
EnhancedMenuItem:0.08604632
EnhancedCheckBoxMenuItem:0.08556462
EnhancedButton:0.06498614
ContextOptionPane:0.064576596
ToolBarOptionPane:0.055575438
ShortcutsOptionPane:0.054179616
ContextAddDialog:0.053708546
ToolBarEditDialog:0.04635577
