Filters:0.48600000000000004
FeedDownloader:0.4083333333333333
Ico:0.39
MLineBorder:0.33
