WikiUtil:0.12597938
LinkUtil:0.07346025
SpamFilter:0.06940416
WikiLogger:0.068520986
InterWikiHandler:0.055562396
