MButton:0.036895003
AbstractIndicator:0.03186458
MSmallButton:0.031106163
MIcon:0.021331668
TK:0.013345645
MMouseAdapter:0.011750362
UI:0.011434308
MPanel:0.010612214
Property:0.0056244275
WTFError:0.0035850788
ContainerIterator:0.0032260912
