MDataAction:0.1087052
MMessage:0.10831693
MAction:0.09857629
MSmallButton:0.09823455
MDialog:0.0823166
MTable:0.07118412
MMenu:0.068263166
MButton:0.049668536
MText:0.043005887
MApplication:0.023726895
MObject:0.011859225
MNotification:0.010734569
MSettingsDialog:0.010500631
MSettingsPage:0.010022001
MIcon:0.009759698
TK:0.009647782
UI:0.009580856
MFontChooser:0.0073522185
MDateSpinner:0.0070503578
MTip:0.006611779
MCalendarPanel:0.0052341935
MSystemTray:0.005188618
MSmallColorChooser:0.004876553
MColorChooser:0.004612733
MFileChooser:0.0045367456
MTextFieldPanel:0.0042078937
MInternalFrame:0.004135643
MMultiPanel:0.003323195
ColumnManager:0.0032426699
MTableHeader:0.002338115
MLoginPanel:0.0020415955
Args:0.0015733228
