Canvas:0.6133333333333333
GUI:0.61
TilePopup:0.25166666666666665
