MTextField:0.45666666666666667
Armor:0.41
MStringBuilder:0.37833333333333335
TodoEditorCore:0.32
