Colony:0.5333333333333333
Building:0.48333333333333334
ColonyTile:0.37333333333333335
IndianSettlement:0.36333333333333334
Europe:0.32666666666666666
ServerPlayer:0.25
UnitTest:0.19
BuildingTest:0.18666666666666668
ReportRequirementsPanel:0.17333333333333334
ColonyTest:0.15666666666666668
ServerUnitTest:0.14
IndividualFatherTest:0.14
IndianAIPlayer:0.11666666666666667
IndianSettlementTest:0.10333333333333333
