Utilities:0.5633333333333334
UtilitiesTest:0.48
WikiLogger:0.38666666666666666
