MColorChooserDialog:0.5166666666666667
Dialog:0.4066666666666667
DT:0.39
MActionInfo:0.37444444444444447
PickerColorChooserPanel:0.22666666666666666
