PanelWindowContainer:0.18297362
View:0.09853172
jEdit:0.091330275
FloatingWindowContainer:0.08108696
VFSBrowser:0.07910869
PluginJAR:0.07522824
ActionSet:0.061561804
EditPlugin:0.042027794
DockableWindowUpdate:0.036252387
BeanShell:0.03480686
EditBus:0.034725826
QuickNotepad:0.029234985
SearchAndReplace:0.02915691
EditAction:0.028868789
NameSpace:0.025592424
WindowTableModel:0.024101252
XmlParser:0.021209689
DockableWindowContainer:0.021021988
Log:0.020708937
DockingOptionPane:0.018507533
PluginUpdate:0.018000662
EBMessage:0.014306639
EBComponent:0.008186755
HandlerBase:0.0070461934
PropertiesChanged:0.0043771258
XmlException:0.0043708533
UtilEvalError:0.0015948033
