Buffer:0.53
FoldVisibilityManager:0.43666666666666665
JEditTextArea:0.41333333333333333
BufferChangeListener:0.3686666666666667
EditPane:0.23666666666666666
Gutter:0.22333333333333333
TextAreaPainter:0.2075
MarkerHighlight:0.18666666666666668
CustomButton:0.09333333333333334
LineInfo:0.058333333333333334
BufferChangeHandler:0.02666666666666667
