OptionsDialog:0.41
DifficultyDialog:0.39
MapGeneratorOptionsDialog:0.18666666666666668
GameOptionsDialog:0.11
ClientOptionsDialog:0.07666666666666666
