View:0.44
KeyEventWorkaround:0.4033333333333333
PluginTableModel:0.24666666666666667
Entry:0.22
ShortcutsOptionPane:0.2
DefaultInputHandler:0.19555555555555554
InputPane:0.11
