AIUnit:0.4555353
Transportable:0.2914879
AIColony:0.2452101
AIPlayer:0.22681846
AIMain:0.20633006
AIObject:0.19880447
