CostDecider:0.4413223
CostDeciders:0.2150588
