AIPlayer:0.25022146
AIColony:0.20273766
AIUnit:0.17933981
AIMessage:0.09915696
AIGoods:0.08949661
WorkerWish:0.06904036
TileImprovementPlan:0.052366044
AIMain:0.048818965
Transportable:0.038147938
AIInGameInputHandler:0.030048171
Wish:0.029614564
AIObject:0.018306669
ValuedAIObject:0.005217844
