Modifier:0.4166666666666667
UnitType:0.3933333333333333
Colony:0.32666666666666666
BuildingType:0.31333333333333335
FeatureContainer:0.2966666666666667
Building:0.29333333333333333
BuildingTest:0.29
FoundingFatherTest:0.21333333333333335
FoundingFather:0.20933333333333332
FreeColGameObjectType:0.20333333333333334
WorkProductionPanel:0.11666666666666667
