MIcon:0.02798566
UI:0.016459862
