MonarchPanel:0.20352261
ChoiceDialog:0.2003104
OptionsDialog:0.17395823
ConfirmDeclarationDialog:0.16306524
SelectAmountDialog:0.1520307
RecruitDialog:0.13066342
EmigrationPanel:0.12796867
InformationDialog:0.11550174
PreCombatDialog:0.105368614
EventPanel:0.10055769
LoadingSavegameDialog:0.09858229
WarehouseDialog:0.0979076
RiverStylePanel:0.09217097
TrainDialog:0.08977791
TradeRouteInputDialog:0.08889089
ErrorPanel:0.08418306
SelectDestinationDialog:0.08248118
EditSettlementDialog:0.080801204
FreeColPanel:0.07535248
DeclarationDialog:0.06562699
FindSettlementDialog:0.064834684
ChoiceItem:0.047575366
