AbstractPreferencesAction:0.5866666666666667
DefaultSDIApplication:0.31666666666666665
DefaultMDIApplication:0.27666666666666667
DefaultOSXApplication:0.27
ExportAction:0.26
