View:0.54
PanelWindowContainer:0.2866666666666667
BeanShell:0.24527777777777782
ToolBarManager:0.23333333333333334
ButtonLayout:0.21388888888888885
StatusBar:0.21305555555555558
ActionHandler:0.16333333333333333
BrowserCommandsMenu:0.056666666666666664
CommandsMenuButton:0.020666666666666667
