MMenu:0.39
MList:0.3466666666666667
MComboBox:0.33
MTabbedPane:0.2833333333333333
MMenuBar:0.24444444444444446
