UI:0.6733333333333333
MAboutDialog:0.30666666666666664
DropShadowBorder:0.2733333333333333
PluginManager:0.23
