LogItem:0.024275806
TopicVersion:0.010367888
