FreeColModFile:0.17234032
FreeColTcFile:0.16108203
