MLabel:0.72
CoolHeader:0.28
PrintPreview:0.1813888888888889
TaskSummary:0.1625
ItemRenderer:0.16
PluginRenderer:0.15333333333333332
