StatementDML:0.37419456
StatementDMQL:0.17649199
ParserDML:0.17556864
Table:0.0749976
Session:0.05592774
QueryExpression:0.054546975
Expression:0.039338093
StatementTypes:0.012233485
Trigger:0.0042239022
