StatementDMQL:0.35227615
StatementDML:0.2678307
Expression:0.26119375
RangeVariable:0.21215646
QueryExpression:0.17589949
ParserRoutine:0.16849536
SubQuery:0.15827806
Table:0.13501988
ExpressionAccessor:0.10735658
TriggerDef:0.10104235
SessionContext:0.0677386
Session:0.0622867
Statement:0.05829126
ColumnSchema:0.052249715
SchemaObject:0.04161585
StatementTypes:0.023405721
OpTypes:0.008745205
SqlInvariants:0.0026519017
Tokens:0.0
