JDBCCallableStatement:0.4166666666666667
HsqlDatabaseProperties:0.33666666666666667
Collation:0.32666666666666666
JDBCConnection:0.3
JDBCStatementBase:0.29
JDBCResultSetMetaData:0.19333333333333333
