DefaultDrawing:0.6605782
AbstractCompositeFigure:0.19793689
AbstractFigure:0.09632143
AbstractDrawing:0.09428764
Figure:0.06558349
AttributeKeys:0.044348534
FigureLayerComparator:0.030956317
AttributeKey:0.02775182
FigureEvent:0.026112871
