MWhatsThis:0.22690056
TK:0.18004623
MButton:0.15309484
MActionInfo:0.13890567
MDialog:0.10920523
ActionGroup:0.10150565
MApplication:0.09481892
MMenu:0.09394723
MText:0.09218774
MUndoManager:0.08451858
MURLButton:0.082571596
MMessage:0.06817669
MMenuItem:0.06284416
UI:0.06095188
MInternalFrame:0.06036929
MNotification:0.058026068
MTip:0.05579957
MIcon:0.05431639
MTogglePanel:0.049959205
MMouseAdapter:0.047448132
MToolBar:0.0437298
MScrollPane:0.0431975
MSmallColorChooser:0.042531427
MTree:0.038372193
MSystemTray:0.03739126
MDataAction:0.035900183
AbstractSpinner:0.03346413
MCalendarPanel:0.03263014
MColorChooser:0.030898811
MFontChooser:0.02919191
MouseGestures:0.029178727
MDateSpinner:0.026594838
MURLAction:0.021888832
OS:0.018493017
MSmallButton:0.017443174
Property:0.016368242
ColumnManager:0.015637198
MSlider:0.014131254
BooleanProperty:0.009224501
