DefaultInputHandler:0.37333333333333335
KillRing:0.36333333333333334
UndoManager:0.31
Remove:0.13666666666666666
