MPanel:0.5324999999999999
SearchBar:0.39666666666666667
Advanced:0.26666666666666666
