Player:0.7633333333333333
LastSale:0.5866666666666667
InGameController:0.2733333333333333
Destination:0.22333333333333333
ChangeSet:0.20666666666666667
InGameInputHandler:0.18
StanceChange:0.16
LocationRenderer:0.11
OwnedChange:0.08333333333333333
ReportIndianPanel:0.08
SelectDestinationDialog:0.06666666666666667
IndianSettlementPanel:0.013333333333333334
