Canvas:0.5466666666666666
InGameController:0.42
Animations:0.19666666666666666
UnitAttackAnimation:0.16666666666666666
TilePopup:0.16666666666666666
UnitImageAnimation:0.15333333333333332
UnitAttackAnimationCanvasSwingTask:0.12333333333333334
TradeRouteInputDialog:0.10666666666666667
UnitMoveAnimationCanvasSwingTask:0.1
UnitMoveAnimation:0.04666666666666667
