AutoCompleter:0.5633333333333334
AutoCompleterItem:0.30666666666666664
AutoCompleterTableView:0.22666666666666666
AutoCompleterListView:0.22333333333333333
TagUtil:0.2
TagAutoCompleterView:0.18444444444444444
