MCalendarPanel:0.43666666666666665
CalendarComponent:0.4166666666666667
CalendarWidget:0.30666666666666664
CalendarTab:0.25666666666666665
MainWindow:0.25666666666666665
DayButton:0.21666666666666667
SessionManager:0.21
CalendarWidgetPlugin:0.205
