StaticUtils:0.09126789
Log:0.03727108
