PluginInfo:0.4033333333333333
Plugin:0.4
PluginSettings:0.38
PluginManager:0.2375
InternetSearchPanel:0.23333333333333334
InternetSearchPlugin:0.2
LocalePlugin:0.19
LookAndFeelPlugin:0.19
TreeFS:0.18
DefaultAction:0.07166666666666667
NewWidgetAction:0.05
TrashFSPlugin:0.0033333333333333335
