InGameController:0.69
GUI:0.29333333333333333
ConnectController:0.22444444444444447
PreGameController:0.21777777777777782
ScaleMapAction:0.18
