Links:0.36916666666666664
Linkify:0.3233333333333333
DocumentLinks:0.3027420634920635
TodoEditor:0.26
TextEditor:0.22666666666666666
AbstractTextEditor:0.21333333333333335
