MWindow:0.78
TreePanel:0.43666666666666665
MetaInfoComparator:0.33166666666666667
ByType:0.26
