UnitType:0.17943637
AbstractUnit:0.12518986
TileImprovementType:0.09803728
Europe:0.092837036
Unit:0.08367008
BuildableType:0.0771931
Ability:0.06693904
SimpleCombatModel:0.06611671
Settlement:0.06340445
GoodsType:0.06196025
Monarch:0.059526198
FreeColGameObjectType:0.05835993
Modifier:0.053669155
TileImprovement:0.0482217
AbstractGoods:0.041465215
FreeColObject:0.0346116
Feature:0.020065948
