ImprovementAction:0.07189447
ActionManager:0.031607978
