UI:0.5933333333333334
MTabbedPane:0.4866666666666667
Tabs:0.42333333333333334
