PluginJAR:0.47333333333333333
ActionSet:0.3566666666666667
PluginCacheEntry:0.23
PanelWindowContainer:0.20333333333333334
Remove:0.16333333333333333
