JAMWikiServlet:0.3274581
EditServlet:0.29463035
ImportTiddlyWikiServlet:0.26049367
ItemsServlet:0.24566467
WatchlistServlet:0.23333594
ImportServlet:0.23304087
AdminServlet:0.23138356
AdminVirtualWikiServlet:0.22358954
TopicServlet:0.22339553
MoveServlet:0.22249928
UpgradeServlet:0.2220056
UploadServlet:0.21871936
RegisterServlet:0.2024238
TranslationServlet:0.18897684
SetupServlet:0.18707028
ManageServlet:0.1819932
WikiPageInfo:0.17923199
PrintableServlet:0.17048123
HistoryServlet:0.1663393
RolesServlet:0.1221803
SearchServlet:0.11317444
CategoryServlet:0.10732664
ContributionsServlet:0.10144064
RecentChangesServlet:0.086305454
LogServlet:0.08191365
LoginServlet:0.074740306
StylesheetServlet:0.056034863
JAMWikiLocaleInterceptor:0.05589495
JAMWikiFilter:0.029859237
