ColonyTile:0.8655555555555554
FoundingFatherTest:0.10666666666666667
