FileAccess:0.18827125
SimpleLog:0.02408706
