HsqlDatabaseProperties:0.1866426
Logger:0.067399055
Log:0.06624625
TextCache:0.047877844
