Logger:0.1972893
DataFileCache:0.13590322
HsqlDatabaseProperties:0.10881475
TextCache:0.086568736
DataFileDefrag:0.06522577
ScriptRunner:0.057148572
HsqlProperties:0.054967407
DataFileBlockManager:0.0069951327
Crypto:0.0026179014
