ScriptWriterText:0.44367412
ScriptWriterEncode:0.1811509
