AbstractRotateHandle:0.819111111111111
GroupAction:0.46166666666666667
