OSXApplication:0.53
DefaultFontChooserModel:0.42833333333333334
JFontChooser:0.4266666666666667
PaletteFontChooserSelectionPanel:0.30333333333333334
