MirrorList:0.55
MirrorModel:0.28
MirrorListHandler:0.25333333333333335
FirstLine:0.21
PluginManagerOptionPane:0.2
DownloadMirrorsThread:0.18444444444444444
PluginList:0.16472222222222224
