TMXReader:0.2630437
TagUtil:0.14138538
FileUtil:0.11105867
StringUtil:0.080059245
Language:0.028690986
OStrings:0.02481284
OConsts:0.019666135
