jEdit:0.071371004
Buffer:0.029640123
