GUI:0.082467996
Canvas:0.04665651
