Player:0.5833333333333334
ModelMessage:0.43333333333333335
InGameController:0.38333333333333336
ServerPlayer:0.3566666666666667
Introspector:0.25333333333333335
AIPlayer:0.21666666666666667
ServerModelController:0.17666666666666667
AIInGameInputHandler:0.16333333333333333
InGameInputHandler:0.15
REFAIPlayer:0.13666666666666666
DeclareIndependenceMessage:0.04
