Player:0.5933333333333334
Specification:0.46166666666666667
Europe:0.34
Colony:0.33666666666666667
DifficultyLevel:0.25333333333333335
Monarch:0.23333333333333334
InGameInputHandler:0.22333333333333333
SimpleCombatModel:0.19333333333333333
IndianDemandMission:0.18333333333333332
UnitTest:0.12
PurchaseDialog:0.10333333333333333
