Utilities:0.8066666666666666
JAMWikiServlet:0.48083333333333333
Watchlist:0.3466666666666667
WatchlistServlet:0.24333333333333335
