IFilter:0.6933333333333334
FilterMaster:0.44
FiltersCustomizer:0.24666666666666667
FilterEditor:0.21666666666666667
IParseCallback:0.15444444444444444
TestFilterBase:0.15333333333333332
FiltersTableModel:0.15
OneFilterTableModel:0.15
ParseEntry:0.12
LookupInformation:0.11333333333333333
