FileAccess:0.17229259
ZipUnzipFile:0.056576774
SimpleLog:0.035109445
