ParserDQL:0.6833333333333333
Tokens:0.602
ExpressionOp:0.31333333333333335
