InGameController:0.63
EmbarkMessage:0.30777777777777776
ServerPlayerTest:0.2866666666666667
DisembarkMessage:0.23
InGameControllerTest:0.03333333333333333
