Environment:0.54
WikiServlet:0.4533333333333333
AbstractSearchEngine:0.25
AdminWikiController:0.22666666666666666
FileSearchEngine:0.22166666666666668
DatabaseSearchEngine:0.19500000000000003
