Player:0.83
UserConnectionHandler:0.30333333333333334
ConnectController:0.23666666666666666
