MLineBorder:0.072372645
MTab:0.069832295
MAboutDialog:0.05694018
UI:0.05492703
MWizardDialog:0.053418815
MPanel:0.044287868
MLabel:0.0424963
MGraphics2D:0.03474777
TK:0.031809554
MButton:0.029293936
Mnemonic:0.025519103
MIcon:0.024106162
Config:0.018834652
AbstractIterator:0.018743534
MTimer:0.013187435
