MPasswordPanel:0.049144734
AbstractSpinner:0.04429191
MFontChooser:0.03187601
MNumberSpinnerBeanInfo:0.012034785
