InGameController:0.74
NewLandNameMessage:0.19333333333333333
GiveIndependenceMessage:0.19333333333333333
CashInTreasureTrainMessage:0.16333333333333333
MoveMessage:0.13666666666666666
DeliverGiftMessage:0.13
DeclareIndependenceMessage:0.13
BuildColonyMessage:0.13
SellGoodsMessage:0.11666666666666667
AbandonColonyMessage:0.11666666666666667
EmigrateUnitMessage:0.11666666666666667
DemandTributeMessage:0.11666666666666667
MissionaryMessage:0.11666666666666667
NewRegionNameMessage:0.11666666666666667
BuyGoodsMessage:0.11666666666666667
