Colony:0.30442595
Unit:0.21551087
Tile:0.13137412
Player:0.12569688
GoodsContainer:0.10803187
BuildingType:0.10770052
Settlement:0.09817959
WorkLocation:0.07140302
GoodsType:0.06562904
ModelController:0.061445374
Game:0.060444556
SimpleCombatModel:0.057989113
ModelMessage:0.057635374
FreeColGameObject:0.057105538
UnitType:0.055044282
FreeColObject:0.05200776
AbstractGoods:0.048225626
GameOptions:0.044816606
BuildableType:0.041779745
FoundingFather:0.037907485
FreeColGameObjectType:0.034565635
FeatureContainer:0.021398336
Locatable:0.020954989
Ownable:0.012367149
Named:0.010167745
