TileImprovementType:0.19162804
ResourceType:0.16001968
Tile:0.13069478
GoodsType:0.10556758
Colony:0.09531295
UnitType:0.093306445
TileImprovement:0.08386731
FreeColGameObjectType:0.080101
TileItemContainer:0.06926108
Player:0.06506636
AbstractGoods:0.05287894
FeatureContainer:0.042749297
FreeColObject:0.035466455
SimpleCombatModel:0.034751564
Modifier:0.025341975
