ValidatingResourceBundle:0.21901752
SqltoolRB:0.062761985
