InGameController:0.45666666666666667
TransactionSession:0.38666666666666666
ServerPlayer:0.38166666666666665
TradeSession:0.28
DiplomacySession:0.22
LootSession:0.17333333333333334
