RangeVariable:0.5666666666666667
SortAndSlice:0.38666666666666666
QuerySpecification:0.36333333333333334
RangeVariableJoined:0.22333333333333333
