Globals:0.51
ConsoleIO:0.43833333333333335
Armor:0.36666666666666664
ScriptIDE:0.3466666666666667
