InGameController:0.5980555555555557
GUI:0.5133333333333333
TradeRouteAction:0.31333333333333335
