MFileChooser:0.6088888888888888
Index:0.425
Armor:0.42333333333333334
