SimpleMapGenerator:0.5633333333333334
MapGeneratorOptionsDialog:0.3616666666666667
GameOptionsDialog:0.31333333333333335
