JEditTextArea:0.45166666666666666
TextAreaPainter:0.3933333333333333
DefaultInputHandler:0.2833333333333333
BufferChangeHandler:0.28
