MLineBorder:0.6433333333333333
MStatusBar:0.29
TabComponent:0.2833333333333333
WeekLabel:0.11333333333333333
FlatPainter:0.09222222222222222
