GUI:0.11443512
Canvas:0.08585725
ImageLibrary:0.0190352
