HsqlArrayList:0.38206676
StringConverter:0.36348677
DoubleIntIndex:0.31501916
IntValueHashMap:0.10498459
