ExpressionArithmetic:0.80664146
ExpressionLogical:0.60774565
ExpressionLike:0.5926167
Expression:0.55343574
FunctionCustom:0.4416634
ExpressionValue:0.40496635
SortAndSlice:0.19654606
QuerySpecification:0.187899
Constraint:0.09294533
ParserDQL:0.07464001
OpTypes:0.037648726
Session:0.021675223
SessionContext:0.010141218
RangeGroup:0.0010750904
Tokens:0.0
