ExpressionOp:0.6539288
ExpressionLogical:0.633939
Expression:0.5637149
FunctionCustom:0.4168354
ParserDQL:0.05321667
OpTypes:0.04411558
Database:0.015074545
Session:0.011685162
SessionContext:0.0053779976
RangeGroup:2.740753E-4
Tokens:0.0
