StatementInsert:0.2987525
Table:0.22810799
StatementDMQL:0.1943349
StatementResultUpdate:0.17425206
ParserDML:0.16928165
StatementSet:0.1602359
QuerySpecification:0.14904879
Constraint:0.12064691
Expression:0.105591185
View:0.10373715
RangeVariable:0.09576741
SessionContext:0.09407246
ExpressionColumn:0.08576065
Session:0.08485139
QueryExpression:0.0793139
TableDerived:0.07791539
SchemaManager:0.06049681
TriggerDef:0.054112233
TableBase:0.05375938
SessionData:0.05222959
Routine:0.04908255
Statement:0.038530108
Row:0.036896497
Database:0.03647912
ExpressionAccessor:0.03224047
SchemaObject:0.030104041
ColumnSchema:0.029582545
StatementTypes:0.029206997
Trigger:0.02451217
ConstraintCore:0.022836607
NumberSequence:0.020382747
StatementManager:0.018466843
HsqlException:0.012561772
OpTypes:0.006717053
SqlInvariants:0.0019525684
