MetaInfo:0.5966666666666667
Tree:0.37666666666666665
TreePanel:0.3333333333333333
ToggleBookmarkAction:0.2733333333333333
MainWindow:0.24666666666666667
Bookmarks:0.17333333333333334
FindNextAction:0.16333333333333333
LabelItemAction:0.16333333333333333
FindAction:0.16333333333333333
DefaultLabelAction:0.16333333333333333
CustomIconAction:0.14
