MMessage:0.6066666666666667
LookAndFeelSettings:0.3411111111111111
MFileChooser:0.3221666666666667
Main:0.25666666666666665
SimpleListCellRenderer:0.2
