ImageLibrary:0.79
FreeColClient:0.4266666666666667
ActionManager:0.24777777777777782
ClientTestHelper:0.16666666666666666
