EditBus:0.1501711
EBComponent:0.10861719
EBPlugin:0.092898875
MacrosChanged:0.0871653
EditorExiting:0.08520276
PropertiesChanged:0.08411156
SearchSettingsChanged:0.08411155
EditorStarted:0.07626999
CreateDockableWindow:0.07438196
MultiSelectStatusChanged:0.069987416
VFSUpdate:0.06784237
EditPaneUpdate:0.065700494
ViewUpdate:0.06549118
BufferUpdate:0.05822713
VFS:0.04787207
Macros:0.047309875
Java14:0.046305712
MacrosMenu:0.04616248
Buffer:0.043565862
QuickNotepad:0.040990766
EditorExitRequested:0.037088368
View:0.03668349
VFSBrowser:0.03533224
HelpViewer:0.034975287
SearchDialog:0.03278621
EditPane:0.030547272
SettingsReloader:0.029990518
HyperSearchResults:0.028132977
MacOSPlugin:0.01337218
