Tabs:0.5033333333333333
TodoEditor:0.36333333333333334
Action:0.31333333333333335
TreePanel:0.20666666666666667
