GUIUtilities:0.2441483
RecentFilesMenu:0.14423537
RecentDirectoriesMenu:0.12974837
MacrosMenu:0.10007406
DirectoryMenu:0.09587309
MarkersMenu:0.09137715
jEdit:0.029054906
OperatingSystem:0.028903222
