TriggerDef:0.42898387
Table:0.2002131
DatabaseCommandInterpreter:0.08290632
