Server:0.4163745
ServerConfiguration:0.2506821
WebServerConnection:0.15320498
ServerConstants:0.11426283
