LinkUtil:0.48
ServletUtil:0.30333333333333334
LinkTag:0.2633333333333333
LinkUtilTest:0.24
PaginationTag:0.23333333333333334
