TopicVersion:0.56
PersistencyHandler:0.49333333333333335
ManageServlet:0.23666666666666666
UpgradeServlet:0.21
UploadServlet:0.20555555555555557
EditServlet:0.18666666666666668
MoveServlet:0.16666666666666666
TranslationServlet:0.14666666666666667
