Database:0.4633333333333333
Cache:0.3433333333333333
jdbcDatabaseMetaData:0.32666666666666666
DataFileCache:0.2733333333333333
ValuePool:0.26166666666666666
jdbcPreparedStatement:0.23777777777777775
jdbcDataSource:0.19666666666666666
ArrayCounter:0.185
TestCacheSize:0.16666666666666666
HsqlDatabaseProperties:0.15333333333333332
