MTextFieldPanel:0.5394444444444445
TagsEditor:0.4166666666666667
PropertiesPanel:0.2966666666666667
