RealProject:0.605
RuntimePreferences:0.39666666666666667
Main:0.31666666666666665
