KeyEventTranslator:0.24103792
InputHandler:0.21224523
View:0.14743955
KeyEventWorkaround:0.03886708
jEdit:0.030184304
Log:0.01217125
EditAction:0.011895549
StatusBar:0.010841021
MouseActions:0.0049805446
