NumberRules:0.3467826
Number:0.30508155
Rule:0.085488975
