Number:0.2828779
NumberRules:0.2207786
