DefaultNumberRule:0.20903465
Selector:0.20422475
Messages:0.13971624
NumberRules:0.13286737
OtherNumberRule:0.12691076
ZeroOneNumberRule:0.121285215
DualNumberRule:0.1179997
PluralNumberRule:0.11749864
