Number:0.17699961
NumberRules:0.14599471
