Number:0.2137606
NumberRules:0.19269933
