HistoryEvent:0.20770967
ModelMessage:0.20424782
AbstractUnit:0.1334316
Goods:0.13303412
Region:0.11067458
UnitLocation:0.108421914
HighSeas:0.1017014
Europe:0.09465086
GoodsType:0.09000582
IndianSettlement:0.08685476
Turn:0.08603858
Unit:0.084842734
Map:0.0837937
Location:0.08128366
Tile:0.079329096
ColonyTile:0.07340323
Colony:0.07214567
Building:0.071697176
FreeColObject:0.07151271
Player:0.06463869
