NumberRules:0.22084214
Number:0.17415798
