TK:0.7
UI:0.5333333333333333
ImageEditorCore:0.35333333333333333
ImageSelection:0.29333333333333333
