MetaInfo:0.43666666666666665
MRenderer:0.3933333333333333
Renderable:0.391111111111111
MTreeItem:0.2866666666666667
LinkMetaInfo:0.25
