RealProject:0.43333333333333335
ProjectTMX:0.33666666666666667
FileUtil:0.225
Loader:0.18833333333333332
