Unit:0.92
Server:0.3233333333333333
UserInputHandler:0.27666666666666667
