Expression:0.57
ParserDQL:0.4
ExpressionAggregate:0.33666666666666667
QuerySpecification:0.2833333333333333
DateTimeType:0.26111111111111107
FunctionSQLInvoked:0.24666666666666667
ExpressionArrayAggregate:0.18
