MAction:0.87
WidgetInternalFrame:0.2866666666666667
SettingsAction:0.23333333333333334
