Tile:0.77
CombatModel:0.49833333333333335
TilePopup:0.3433333333333333
SimpleCombatModel:0.17666666666666667
CombatOdds:0.14666666666666667
