WikiBase:0.6566666666666666
AdminController:0.38
EditServlet:0.33666666666666667
AttachServlet:0.16
