TrackerItem:0.39330518
Tracker:0.1789063
TrackerListener:0.07452672
