Table:0.6666666666666666
ErrorCode:0.5694999999999999
ParserDDL:0.3566666666666667
TriggerDef:0.33
StatementDML:0.23666666666666666
