ValuePoolHashMap:0.24997652
HashIndex:0.15435678
ValuePool:0.015102015
