BinaryType:0.49129704
BinaryData:0.23610915
BlobData:0.19723175
Type:0.19157599
BlobDataID:0.1729379
Types:0.035414696
