Set:0.05125979
Collection:0.047164552
Iterator:0.018642735
