Token:0.29385984
Scanner:0.2623061
ParserDQL:0.24976784
ParserRoutine:0.1782144
ParserDDL:0.171265
ParserCommand:0.16605277
Expression:0.1127895
ExpressionValue:0.093665116
ParserDML:0.07652373
Table:0.05141678
Constraint:0.049594797
Routine:0.04887366
HsqlException:0.042753335
Session:0.0376633
StatementSchemaDefinition:0.036736798
View:0.02898897
StatementSchema:0.027816188
TableDerived:0.019066218
OpTypes:0.016900698
Tokens:0.0
