ParserDDL:0.40322477
ParserDML:0.39792156
ParserCommand:0.30629447
ParserDQL:0.2633912
Expression:0.23848926
StatementCompound:0.19075471
Routine:0.1880325
ParserBase:0.18602005
QuerySpecification:0.15319301
StatementSet:0.12116857
SchemaManager:0.1161655
Token:0.0987956
TriggerDef:0.09526579
StatementSchema:0.09435869
StatementHandler:0.08616449
SessionContext:0.08186143
StatementDMQL:0.081001766
Table:0.080349736
StatementExpression:0.07760578
StatementSimple:0.07700004
ColumnSchema:0.071577616
FunctionSQL:0.065505944
RangeVariable:0.06334303
Statement:0.061609376
ExpressionLogical:0.061334603
StatementProcedure:0.061109513
StatementQuery:0.05930833
Session:0.051162984
HsqlNameManager:0.047990806
Scanner:0.04771733
SchemaObject:0.04219054
Database:0.033267707
ExpressionValue:0.029064873
TableDerived:0.028140033
StatementTypes:0.020886147
RangeGroup:0.01720372
TableBase:0.014846368
HsqlException:0.012600155
ColumnBase:0.010043241
OpTypes:0.006362249
SqlInvariants:0.005227618
Tokens:0.0
