PersistentStoreCollection:0.14265129
PersistentStore:0.11795754
RowStoreAVLHybrid:0.106301844
DataFileCache:0.03113648
DataFileCacheSession:0.02315057
