QuerySpecification:0.079540215
StatementDML:0.07729069
RangeVariable:0.076778375
ExpressionColumn:0.06672409
StatementDMQL:0.053611007
StatementCompound:0.042421408
Table:0.03567398
Session:0.032296542
Routine:0.029907284
ParserRoutine:0.024525935
TableDerived:0.01839691
StatementSet:0.017676601
TransactionManagerMV2PL:0.016103122
TransactionManagerMVCC:0.014699767
StatementSession:0.014507755
ParserCommand:0.014387826
TransactionManagerCommon:0.01415967
StatementResultUpdate:0.013907941
FunctionCustom:0.011698366
SessionData:0.011425982
TriggerDefSQL:0.010163459
TransactionManager2PL:0.010079106
StatementProcedure:0.008795367
ColumnSchema:0.0059695775
Statement:0.005752952
StatementCursor:0.0036868213
Tokens:0.0
