UI:0.14630279
MPanel:0.14505194
MSizeGrip:0.1428395
MCellTip:0.122952245
MFrame:0.10458321
MTogglePanel:0.10150005
MMenu:0.09935629
MColorPicker:0.066894986
MText:0.06667426
MFlipPanel:0.06434986
MMessage:0.05923661
MCalendarPanel:0.052938376
ItemStatus:0.044409305
MApplication:0.04221079
MGraphics:0.04181937
