Task:0.76
Label:0.2838888888888889
TodoEditorCore:0.24
DayButton:0.17333333333333334
Renderer:0.17333333333333334
DateTimeRenderer:0.15
Reminder:0.13865079365079364
TasksSettings:0.11
SummaryTree:0.07666666666666666
