WorkLocation:0.5924999999999999
Unit:0.5533333333333333
Building:0.3433333333333333
Colony:0.31333333333333335
ImageLibrary:0.24
ColonyTile:0.23
UnitLabel:0.17333333333333334
