ColonyPanel:0.625
ReportReligiousPanel:0.3655555555555556
ReportContinentalCongressPanel:0.31333333333333335
