AbstractFigure:0.6133333333333333
DeleteFromDrawingVisitor:0.27166666666666667
DeleteCommand:0.25333333333333335
FigureTransferCommand:0.2
InsertIntoDrawingVisitor:0.15833333333333333
FigureVisitor:0.013333333333333334
