WikiBase:0.6133333333333333
WikiServlet:0.3333333333333333
