MStatusBar:0.10179163
Preloader:0.08427055
MButton:0.062366035
MLogger:0.053713914
MCalendar:0.04842564
MTextFieldPanel:0.038934954
