TextFigure:0.28488526
TextAreaFigure:0.22221197
LabelFigure:0.21181089
Figure:0.06083451
