InGameController:0.48333333333333334
Canvas:0.44
FreeColDialog:0.3466666666666667
ConnectController:0.3333333333333333
