BuildingPanel:0.5333333333333333
BuildingSitePanel:0.3588888888888889
BuildingsPanel:0.3466666666666667
