HsqlDatabaseProperties:0.48333333333333334
Session:0.42333333333333334
Logger:0.36333333333333334
StatementDMQL:0.345
ParserDQL:0.33666666666666667
Database:0.31
TableWorks:0.3
SessionData:0.2633333333333333
StatementSchema:0.26
ParserDDL:0.21333333333333335
ParserCommand:0.20666666666666667
StatementCommand:0.20333333333333334
