IconTheme:0.6466666666666666
FindNextAction:0.11722222222222221
