Console:0.47333333333333333
AutoCompletion:0.46
NoteWidget:0.33
ShowGridAction:0.19333333333333333
