MLabel:0.6266666666666667
MDateSpinner:0.49666666666666665
OptimizedLabel:0.385
