DockableWindowManager:0.19938645
DockableWindowContainer:0.075898334
GUIUtilities:0.02475051
