GameOptions:0.6908333333333333
Building:0.65
UnitTest:0.25666666666666665
SchoolTest:0.24666666666666667
DragListener:0.2
SpecificationTest:0.2
