InGameController:0.8533333333333334
TrainDialog:0.24666666666666667
