MAction:0.15413351
MDataAction:0.11992615
MMessage:0.11747052
MSmallButton:0.11396874
MDialog:0.09471765
MMenu:0.08493482
MTable:0.061513074
HistoryManager:0.060487874
MCheckBoxTable:0.058370594
MButton:0.047855295
MText:0.046552166
MApplication:0.022407189
MNotification:0.013540624
MSettingsDialog:0.012304529
MObject:0.011913729
TK:0.011577836
UI:0.011183545
MSettingsPage:0.010214344
MIcon:0.008872171
MFontChooser:0.008734905
MDateSpinner:0.006637859
MCalendarPanel:0.006575342
MSystemTray:0.005603683
MSmallColorChooser:0.0054963096
MInternalFrame:0.0047306144
MFileChooser:0.004249298
MTextFieldPanel:0.004171778
MColorChooser:0.0037626897
MWebBrowserPanel:0.0036551266
MMultiPanel:0.0033926202
ColumnManager:0.0032133136
MLoginPanel:0.0020748656
Args:0.0012489778
