Buffer:0.5366666666666666
JEditTextArea:0.48
jEdit:0.45
GUIUtilities:0.42333333333333334
LineContext:0.27666666666666667
TokenMarker:0.2733333333333333
SearchAndReplace:0.2733333333333333
TextAreaPainter:0.25
SearchDialog:0.22666666666666666
DockableWindowManager:0.19333333333333333
OptionsDialog:0.18333333333333332
ShortcutsOptionPane:0.18
TextUtilities:0.17
HyperSearchResult:0.16666666666666666
HyperSearchResults:0.16333333333333333
WindowTableModel:0.1561111111111111
Token:0.14666666666666667
SearchMatcher:0.1297777777777778
LineInfo:0.12
ButtonActionHandler:0.1075
SettingsActionHandler:0.1075
BoyerMooreSearchMatcher:0.10666666666666667
HyperSearchRequest:0.10333333333333333
TokenList:0.08
RESearchMatcher:0.07
BrowserOptionPane:0.06333333333333334
BrowserColorsModel:0.058333333333333334
AbbrevsOptionPane:0.043333333333333335
BrowserColorsOptionPane:0.03
SettingsReloader:0.015
