SVNAuthenticationManager:0.48
GITCredentialsProvider:0.4633333333333333
GITRemoteRepository2:0.2866666666666667
SVNRemoteRepository2:0.24333333333333335
RepositoryDefinition:0.21333333333333335
