DatabaseURL:0.4666666666666667
Table:0.42
Database:0.34400000000000003
jdbcConnection:0.2325
DatabaseManager:0.21333333333333335
DatabaseCommandInterpreter:0.21
