ColonyPlan:0.3883333333333333
AIColony:0.37666666666666665
WorkerWish:0.2966666666666667
GoodsWish:0.2866666666666667
Production:0.07
