MainWindow:0.3466666666666667
ItemRenderer:0.3433333333333333
Screen:0.29
RatingPanel:0.2833333333333333
MTextPane:0.20666666666666667
ValidatorMessage:0.20444444444444446
TailBorder:0.18333333333333332
StaticHandler:0.16444444444444445
MLoginPanel:0.1487777777777778
