TK:0.8166666666666667
MetaInfo:0.4066666666666667
CategoryList:0.21666666666666667
VersionProperty:0.20666666666666667
WikiPanel:0.20333333333333334
FSHelper:0.18333333333333332
Filter:0.16666666666666666
MetaInfoComparator:0.13333333333333333
DocumentListButton:0.12333333333333334
BySummary:0.11333333333333333
ByLabel:0.09333333333333334
ByPath:0.09333333333333334
Sorter:0.08333333333333333
