NationType:0.57
Specification:0.36333333333333334
GoodsType:0.33
UnitType:0.31666666666666665
TileType:0.3
TileImprovementType:0.2833333333333333
EquipmentType:0.26
Nation:0.23
BuildingType:0.22333333333333333
FoundingFather:0.18666666666666668
ResourceType:0.16333333333333333
IndianNationType:0.15333333333333332
ImprovementActionType:0.09666666666666666
EuropeanNationType:0.09666666666666666
