Row:0.4766666666666667
JavaSystem:0.39666666666666667
HsqlDateTime:0.33666666666666667
DatabaseCommandInterpreter:0.29333333333333333
Session:0.29
Collation:0.22
Record:0.21666666666666667
HsqlDatabaseProperties:0.19666666666666666
CachedRow:0.19333333333333333
Testdb:0.17666666666666667
CompiledStatementExecutor:0.15333333333333332
TableWorks:0.15333333333333332
DatabaseURL:0.12666666666666668
