FeedsFS:0.6233333333333333
MSystemTray:0.44
DiskFreePanel:0.2833333333333333
