ParserDDL:0.71761036
SchemaManager:0.5224527
TableWorks:0.26174578
StatementCommand:0.24742824
Table:0.24695547
ParserTable:0.24548893
StatementSchemaDefinition:0.24392837
ParserCommand:0.23596516
Database:0.21408042
Schema:0.21213351
StatementTypes:0.21093686
Routine:0.2051344
ParserRoutine:0.19897194
SchemaObject:0.18647797
ColumnSchema:0.17767134
Constraint:0.1623347
Statement:0.15236254
View:0.15184891
TriggerDef:0.1358759
Session:0.1318341
StatementDMQL:0.12985654
NumberSequence:0.12765254
RoutineSchema:0.122493446
Expression:0.111784056
TriggerDefSQL:0.09288165
TableBase:0.08976614
ParserBase:0.06682019
SessionData:0.057506703
SqlInvariants:0.057486564
Token:0.056738965
SessionManager:0.056460187
HsqlException:0.036662117
ColumnBase:0.026812244
Row:0.0108867
