AIObject:0.45495063
AIUnit:0.19551381
Wish:0.18978497
AIGoods:0.16556214
TileImprovement:0.15292634
GoodsWish:0.13919994
AIColony:0.13128561
WorkerWish:0.12141943
AIPlayer:0.10797055
WorkLocationPlan:0.10007911
AIInGameInputHandler:0.07223486
ColonyPlan:0.059164777
