AIMain:0.79246074
Wish:0.26808012
GoodsWish:0.25723538
AIGoods:0.256392
TileImprovement:0.25275558
AIUnit:0.24602875
WorkerWish:0.22130606
AIColony:0.1307361
AIPlayer:0.10879097
