ClientOptions:0.02573142
Worker:0.002619595
