Game:0.22238743
Player:0.12371824
FreeColGameObject:0.12151258
Unit:0.09979391
Colony:0.088850364
Tile:0.08177254
TradeRoute:0.07946255
Location:0.07810461
IndianSettlement:0.06679257
