Player:0.36121038
FreeColGameObject:0.22528715
Game:0.19135304
Turn:0.0322387
FoundingFather:0.031584073
