MRenderer:0.49833333333333335
MTextFieldPanel:0.49833333333333335
AppletPanel:0.39
