FeedThread:0.18242186
FeedsFSPlugin:0.16861889
FeedViewer:0.09442798
FeedDownloader:0.08013284
ArticleList:0.07596535
Filters:0.07583243
AddFeedDialog:0.0573245
