StuffRenderer:0.5166666666666667
PluginManager:0.4166666666666667
GHNSDialog:0.4
PluginDownloader:0.27
