QueryHandler:0.6466666666666666
AnsiQueryHandler:0.4166666666666667
Environment:0.3566666666666667
AnsiDataHandler:0.29
AnsiDataHandlerTest:0.19
DB2400QueryHandler:0.15666666666666668
