MetaInfo:0.5455555555555556
MButton:0.31666666666666665
MActionInfo:0.31333333333333335
PropertiesBar:0.3
ToggleStarIconButton:0.23333333333333334
IconAction:0.22444444444444447
CustomIconAction:0.22444444444444447
LockButton:0.2061111111111111
StaticToolBarHandler:0.12
