ColonyProductionTest:0.006196265
SoLTest:0.005805143
BaseCostDeciderTest:0.004888017
AbstractUnitTest:0.00471323
GameTest:0.003943958
ModelMessageTest:0.0037973498
MonarchTest:0.0035600518
DiplomaticTradeTest:0.0032566425
NationTypeTest:0.0031633137
ColonyConsumptionTest:0.0030877872
ScopeTest:0.0029140771
UnitTypeChangeTest:0.0029106694
GoodsContainerTest:0.002495531
MarketTest:0.0023875877
ColonyTest:0.0021385825
ModifierTest:0.0019441119
MapTest:0.0018430627
ContactTest:0.0017319326
MovementTest:0.0016846193
FoundingFatherTest:0.0016821466
IndianSettlementTest:0.0015972545
BuildingTest:0.001535549
DemotionTest:0.0014570238
PlayerTest:0.001247881
CombatTest:0.0012342165
GoodsTest:0.0012205823
SchoolTest:0.001208045
TileTest:0.0011675225
UnitTest:8.446159E-4
