MComboBox:0.04107931
MFontComboBoxBeanInfo:0.0029023248
