GlossaryTextArea:0.39666666666666667
EntryInfoPane:0.2966666666666667
DictionariesTextArea:0.28
MachineTranslateTextArea:0.19
MultipleTransPane:0.19
