ErrorCode:0.7633333333333333
RowStoreAVL:0.42333333333333334
RowSetNavigatorDataTable:0.32
TextCache:0.31666666666666665
RowStoreAVLHybrid:0.31666666666666665
RowStoreAVLDisk:0.2866666666666667
PersistentStore:0.25505555555555554
TestUtil:0.24
RowStoreAVLDiskData:0.24
Logger:0.23
RowAVLDiskData:0.215
StatementSession:0.19666666666666666
TextTable:0.18
RowStoreAVLHybridExtended:0.15666666666666668
TransactionManagerCommon:0.14666666666666667
TransactionManager2PL:0.14333333333333334
TextFileReader:0.10333333333333333
