HsqlDatabaseProperties:0.17209867
WebServer:0.114427716
Server:0.1134647
DatabaseManager:0.0782326
ServerConfiguration:0.061035905
Trace:0.05578538
Database:0.054555777
TextCache:0.045790363
DatabaseInformationFull:0.038440317
jdbcDriver:0.037628464
DatabaseInformationMain:0.0340193
HsqlServerFactory:0.024764305
WebServerConnection:0.02159782
Servlet:0.0141787445
