NewPanel:0.11098317
FreeColPanel:0.07091023
