MLogger:0.61
Info:0.2966666666666667
Filters:0.29555555555555557
FeedsFS:0.25666666666666665
FeedThread:0.22666666666666666
MProcess:0.22
DownloadInfo:0.21666666666666667
BlockImageFactory:0.19
DefaultPreview:0.17666666666666667
Manager:0.17333333333333334
FeedDownloader:0.17333333333333334
Criteria:0.1577777777777778
AbstractRequestManager:0.15666666666666668
Database:0.14
MFormatter:0.11333333333333333
