SelectionTool:0.2986758
DefaultHandleTracker:0.18256907
DefaultDragTracker:0.14272839
DefaultSelectAreaTracker:0.1325988
Tool:0.0099633075
