OS:0.6733333333333333
MApplication:0.5566666666666666
Wizard:0.32666666666666666
MColorAction:0.20666666666666667
YearlyPanel:0.19666666666666666
