JEditTextArea:0.6
LineInfo:0.5475000000000001
ChunkCache:0.36333333333333334
MouseHandler:0.28944444444444445
BufferChangeHandler:0.26
Gutter:0.23927777777777778
TextAreaPainter:0.22
