LanguageOption:0.38666666666666666
FreeColClient:0.3566666666666667
Language:0.31666666666666665
LanguageOptionUI:0.2
OptionMapUI:0.18666666666666668
OptionGroupUI:0.18333333333333332
