Expression:0.47333333333333333
Column:0.43333333333333335
TestSelf:0.25333333333333335
Parser:0.17666666666666667
TestBase:0.1
TestUtil:0.04
TestScript:0.013333333333333334
