PropertyPanel:0.7266666666666667
ImagePreviewPanel:0.24277777777777776
MLayout:0.22333333333333333
StaticPropertyHandler:0.2227777777777778
FilterDialog:0.15333333333333332
Filter:0.13666666666666666
