FileCache:0.6166666666666667
SecureProperty:0.41833333333333333
TestProperty:0.34
