FS:0.68
TextEditorCore:0.29
TextEditor:0.25666666666666665
OS:0.22333333333333333
TextEditorKit:0.21666666666666667
Gettext:0.20833333333333334
PluginManager:0.2
AbstractPlugin:0.19
InsertLinkAction:0.18333333333333332
MAuthenticator:0.13666666666666666
LookAndFeelPlugin:0.10333333333333333
FeedDownloader:0.10333333333333333
