RemoteRepositoryProvider:0.42333333333333334
RealProject:0.35333333333333333
NewTeamProject:0.34
TestTeamIntegrationChild:0.1877777777777778
TestTeamIntegration:0.17777777777777778
ProjectUICommands:0.16333333333333333
VirtualRemoteRepositoryProvider:0.15333333333333332
RepoTypeWorker:0.11166666666666666
ConvertProject26to36team:0.10333333333333333
RemoteRepositoryFactory:0.08333333333333333
