Canvas:0.63
FreeColDialog:0.4
GUI:0.27
FreeColClient:0.21027777777777776
EndTurnPanel:0.08666666666666667
