TK:0.9666666666666667
SummaryData:0.28
ScriptYourself:0.25333333333333335
RSSItem:0.18
AbstractChannel:0.18
Renderer:0.1311111111111111
Reload:0.10333333333333333
