ModelMessage:0.20513444
HistoryEvent:0.20196448
Turn:0.11974614
Goods:0.10759955
Europe:0.100255385
Region:0.098572746
ColonyTile:0.094467945
Unit:0.0919266
Location:0.08982309
TileItemContainer:0.086987905
Colony:0.083078064
Tile:0.07973203
GoodsType:0.07895473
IndianSettlement:0.07495782
Building:0.07400909
Player:0.061870873
FreeColObject:0.04833232
