ColonyPanel:0.22504915
GoodsLabel:0.18014225
MarketLabel:0.15959212
DragListener:0.13283357
DefaultTransferHandler:0.1315523
BuildingToolTip:0.106893316
EuropePanel:0.09708436
ReportColonyPanel:0.09283067
ReportPanel:0.092396066
WorkProductionPanel:0.09014199
ColopediaPanel:0.09005452
BuildingPanel:0.0778152
CargoPanel:0.057482343
ReportCargoPanel:0.057116494
ProductionLabel:0.05558135
ReportNavalPanel:0.04819894
PreCombatDialog:0.04690459
ReportMilitaryPanel:0.041535918
