QueryHandler:0.5966666666666667
AnsiDataHandler:0.37
AnsiQueryHandler:0.3466666666666667
LinkUtil:0.23
