Tokens:0.6686666666666666
ParserDQL:0.43666666666666665
FunctionCustom:0.37666666666666665
TestStoredProcedure:0.19111111111111112
