RealProject:0.5991666666666666
FindMatchesThread:0.4166666666666667
EntryInfoSearchThread:0.41333333333333333
