FSHelper:0.5433333333333333
Tabs:0.5266666666666666
TreePanel:0.25
RenameAction:0.14444444444444443
