MetaInfo:0.8366666666666667
AbstractFS:0.49083333333333334
FSHelper:0.3333333333333333
