AnsiQueryHandler:0.6433333333333333
DatabaseUpgrades:0.34
UpgradeServlet:0.2966666666666667
