NumberType:0.38666666666666666
Type:0.37333333333333335
Session:0.35
IntervalType:0.3
DateTimeType:0.3
RowStoreAVLDisk:0.24666666666666667
FunctionSQL:0.24666666666666667
RowStoreAVLHybridExtended:0.22
RowStoreAVLDiskData:0.21666666666666667
ExpressionArrayAggregate:0.20666666666666667
RowStoreAVLHybrid:0.20333333333333334
DataFileCache:0.19666666666666666
ExpressionLogical:0.19666666666666666
IntervalSecondData:0.19333333333333333
TextCache:0.16666666666666666
FunctionCustom:0.16333333333333333
ExpressionArithmetic:0.16
IntervalMonthData:0.08333333333333333
