Colony:0.5533333333333333
Settlement:0.4666666666666667
IndianSettlement:0.42333333333333334
IndianSettlementPanel:0.26666666666666666
TilePopup:0.21666666666666667
ReportIndianPanel:0.10666666666666667
