Unit:0.7633333333333333
InGameController:0.2866666666666667
UpdateCurrentStopMessage:0.28
