ServerAPI:0.099193394
DOMMessage:0.08245101
Connection:0.028612755
