ServerAPI:0.11278364
DOMMessage:0.06295196
Connection:0.022442201
