MetaInfo:0.8466666666666667
AbstractFS:0.3106111111111111
FSHelper:0.2866666666666667
PropertiesPanel:0.23111111111111116
TreeFS:0.1877777777777778
