Debug:0.45359523809523816
PosBottomHalf:0.42
DefaultInputHandler:0.39
PositionManager:0.29333333333333333
KeyEventWorkaround:0.19444444444444445
