AbstractUnit:0.22117344
Specification:0.18867524
Event:0.17168468
UnitType:0.1561813
Player:0.15423588
Building:0.13019173
FreeColObject:0.12894537
FreeColGameObjectType:0.12698448
Ability:0.118623964
Modifier:0.10267043
Scope:0.10026575
