Colony:0.1407679
TileType:0.1281791
TileImprovementType:0.12541005
BuildingType:0.1202252
MarketData:0.11873153
UnitType:0.11743939
IndianSettlement:0.10876859
BuildableType:0.10409448
IndianNationType:0.10261892
Market:0.102163844
LastSale:0.10088502
AbstractGoods:0.100876935
ResourceType:0.09974852
EquipmentType:0.09854324
Building:0.0949941
ColonyTile:0.08936608
GoodsContainer:0.08755086
Resource:0.08282438
Europe:0.08107795
Tile:0.080314286
FreeColGameObjectType:0.0765277
Goods:0.07622874
Settlement:0.07560516
TileImprovement:0.07181106
FreeColObject:0.07143782
Specification:0.06886563
PlayerExploredTile:0.06875548
Player:0.066361494
StringTemplate:0.064656176
ExportData:0.06216856
TradeRoute:0.060486183
BuildQueue:0.06006975
Consumer:0.054832842
Unit:0.05150831
TileItemContainer:0.050558507
WorkLocation:0.023263752
TransactionListener:0.021823738
FeatureContainer:0.019382115
ProductionTree:0.009420898
