FreeColObject:0.12429434
NationType:0.10743049
FreeColGameObjectType:0.10652294
NationOptions:0.10499064
Specification:0.09480936
Game:0.08878394
Monarch:0.06974203
Player:0.069368064
