TileImprovementType:0.21604674
Tile:0.17465867
AbstractGoods:0.16542421
Colony:0.15132168
UnitType:0.14885153
Specification:0.14422426
ResourceType:0.144044
GoodsType:0.13445546
ColonyTile:0.11581601
TileImprovement:0.10134226
FreeColGameObjectType:0.09696136
Player:0.09364827
TileItemContainer:0.07724975
FreeColObject:0.068877585
Modifier:0.068078585
FeatureContainer:0.03752174
SimpleCombatModel:0.017316421
