BrushTool:0.24723193
Tool:0.13539943
