BrushTool:0.33455902
RedRectangleTool:0.21509428
Tool:0.15060146
AbstractRectangleTool:0.108136855
ToolPanel:0.020135656
