AbstractRectangleTool:0.13443501
Tool:0.113822795
