ToolManager:0.36171082
Tool:0.17224585
