RectangleTool:0.19905351
LineTool:0.15290068
AbstractRectangleTool:0.14853936
BrushTool:0.13784334
SelectionTool:0.072980285
EraserTool:0.051735204
ToolPanel:0.04806936
ToolManager:0.026450198
ToolButton:0.01947148
