ProxyPanel:0.49333333333333335
ActionGroup:0.36611111111111116
Table:0.16777777777777778
