Map:0.48333333333333334
MapGenerator:0.39
ServerMap:0.3433333333333333
UserInputHandler:0.2733333333333333
MiniMap:0.24666666666666667
GUI:0.22
ClientGame:0.21666666666666667
CircleIterator:0.14
ServerGame:0.13333333333333333
ScrollThread:0.11666666666666667
AdjacentIterator:0.10333333333333333
FloodFillIterator:0.08333333333333333
MapIterator:0.0325
WholeMapIterator:0.02666666666666667
BorderAdjacentIterator:0.02
