AbstractGoods:0.39700314
ProductionCache:0.25868312
GoodsType:0.08828283
FreeColObject:0.008008084
