TileItemContainer:0.3671951
PlayerExploredTile:0.29467276
IndianSettlement:0.22288439
Unit:0.21826036
Settlement:0.19366528
ColonyTile:0.19358253
Player:0.18830955
Colony:0.18803479
TileImprovement:0.18304437
Resource:0.1760767
Map:0.17030248
UnitLocation:0.14871746
WorkLocation:0.13076645
TileImprovementType:0.12720363
LostCityRumour:0.12034955
TileType:0.11934338
Goods:0.118569136
IndianNationType:0.10346696
Market:0.10338586
FreeColGameObject:0.102063745
Game:0.09913131
UnitType:0.09457644
Specification:0.08543155
Location:0.08448647
TileItem:0.08367691
Region:0.06894694
FreeColObject:0.06732601
SimpleCombatModel:0.057544563
AbstractGoods:0.054640096
GoodsType:0.053550508
UnitWas:0.04322046
StringTemplate:0.039776187
PathNode:0.035482693
ResourceType:0.035470974
Modifier:0.032028362
Ownable:0.029619304
CombatModel:0.028357547
Locatable:0.027641684
FreeColGameObjectType:0.026765982
Named:0.012463091
