ProjectProperties:0.6066666666666667
ProjectUICommands:0.31
CommandThread:0.25333333333333335
ProjectPropertiesDialog:0.24111111111111114
NewProjectFileChooser:0.23
IDataEngine:0.17472222222222222
