Task:0.5266666666666666
Panel:0.41
ConsoleIO:0.25
MSeparator:0.22333333333333333
