DiplomaticTrade:0.47526336
TradeItem:0.34942704
FreeColGameObject:0.1924565
FreeColObject:0.17908706
Game:0.15328486
Colony:0.089648984
Settlement:0.0862209
Player:0.08202463
