ColonyTradeItem:0.32474917
UnitTradeItem:0.29829615
GoodsTradeItem:0.28236338
TradeItem:0.28134206
GoldTradeItem:0.27883586
StanceTradeItem:0.27397618
Game:0.06689706
FreeColObject:0.065203674
FreeColGameObject:0.061058614
Goods:0.049966604
Player:0.042899583
Colony:0.04216932
