TradeItem:0.42319897
DiplomaticTrade:0.35359943
Game:0.15537915
FreeColGameObject:0.13610078
Player:0.08531209
