DiplomaticTrade:0.47738823
TradeItem:0.32114637
Goods:0.25508705
FreeColGameObject:0.20268936
Game:0.1955834
FreeColObject:0.18911141
Settlement:0.15300636
Unit:0.14792414
Player:0.11628117
Location:0.06706459
