TradeItem:0.4661295
DiplomaticTrade:0.4301457
FreeColGameObject:0.11759538
Game:0.10387268
Player:0.06840308
