ColonyTradeItem:0.6243315
UnitTradeItem:0.61807525
GoldTradeItem:0.6111193
StanceTradeItem:0.59032714
DiplomaticTrade:0.55379266
GoodsTradeItem:0.5220025
FreeColObject:0.25024605
FreeColGameObject:0.22244069
Game:0.1783147
Player:0.102087885
