DiplomaticTrade:0.46596223
TradeItem:0.37708282
Game:0.20223072
FreeColObject:0.19799975
FreeColGameObject:0.17764768
Player:0.09647061
Unit:0.09171874
