IndianSettlement:0.42333333333333334
Mission:0.41338888888888886
ImageLibrary:0.3233333333333333
Tension:0.2966666666666667
AIPlayer:0.27
InGameInputHandler:0.22666666666666666
UnitSeekAndDestroyMission:0.1988888888888889
IndianBringGiftMission:0.18861111111111112
IndianDemandMission:0.18
