Canvas:0.6433333333333333
TradeRouteDialog:0.38
TradeRouteInputDialog:0.34
CanvasMapEditorMouseListener:0.25333333333333335
InGameInputHandler:0.21666666666666667
NewPanel:0.16944444444444445
ShowMonarchPanelSwingTask:0.1622222222222222
TradeRouteAction:0.11
