Game:0.49666666666666665
PreGameInputHandler:0.38
GUI:0.38
Server:0.36333333333333334
Canvas:0.30666666666666664
InputHandler:0.2866666666666667
FreeCol:0.26733333333333337
InGameInputHandler:0.2633333333333333
Controller:0.23666666666666666
FreeColClient:0.20666666666666667
FreeColServer:0.19666666666666666
WindowedFrameListener:0.19666666666666666
AIInGameInputHandler:0.16333333333333333
ConnectController:0.11
PreGameController:0.10333333333333333
