MTable:0.7383333333333333
Tabs:0.6576666666666667
