HsqlDateTime:0.32
Constraint:0.31333333333333335
Table:0.29
Database:0.29
DatabaseRowInput:0.27666666666666667
Library:0.26666666666666666
Trace:0.26
DatabaseScript:0.22666666666666666
jdbcPreparedStatement:0.22333333333333333
HsqlDatabaseProperties:0.215
BinaryServerRowOutput:0.19333333333333333
TestDataStructures:0.18666666666666668
JDBCBench:0.15333333333333332
