Session:0.6
DatabaseManager:0.38
WebServerConnection:0.23666666666666666
HTTPClientConnection:0.23666666666666666
HsqlDateTime:0.23333333333333334
ServerConnection:0.19444444444444445
Servlet:0.1877777777777778
Log:0.1877222222222222
