StaticUIUtils:0.6966666666666667
SearchWindowController:0.3466666666666667
MainWindowUI:0.31
