Player:0.6766666666666666
ServerPlayer:0.37333333333333335
InGameController:0.29
