TMXWriter:0.115887605
PatternConsts:0.028011154
Language:0.02632235
OStrings:0.023397172
Log:0.019467007
