Handler:0.51
XmlActions:0.43
EditTagDialog:0.3933333333333333
CatalogManager:0.29
GeneralOptionPane:0.15666666666666668
SAXParserImpl:0.12666666666666668
HTMLParserImpl:0.04783333333333333
VFSUpdateHandler:0.0
