AutoCompletion:0.32166666666666666
MMenu:0.31
MDate:0.27166666666666667
CompletionWindow:0.24666666666666667
ComponentDragAdapter:0.22333333333333333
TextUtils:0.22333333333333333
ColorComponent:0.18916666666666668
ConsoleCommandLine:0.17
HTMLPreviewProvider:0.16
WebDialog:0.16
ColorPanel:0.15916666666666668
EditActionGroup:0.14666666666666667
NewWidgetAction:0.14666666666666667
