Player:0.8266666666666667
ModelMessage:0.41
MoveMessage:0.19
BuildColonyMessage:0.17333333333333334
ClaimLandMessage:0.16666666666666666
NewRegionNameMessage:0.16666666666666666
