FindSettlementAction:0.38333333333333336
InGameMenuBar:0.35333333333333333
ActionManager:0.32
FindSettlementDialog:0.2633333333333333
