jEdit:0.62
VFS:0.44333333333333336
TokenMarker:0.2686111111111111
SearchDialog:0.24
OSTask:0.22938888888888892
FileVFS:0.22111111111111115
VFSDirectoryEntryTable:0.21666666666666667
InstallThread:0.16
