TeddyView:0.6966666666666667
ToggleStatusBarAction:0.35
ToggleLineWrapAction:0.35
ToggleLineNumbersAction:0.35
FindDialog:0.24333333333333335
FindAction:0.24
NumberedParagraphView:0.21666666666666667
RadialGradient:0.20444444444444446
LinearGradient:0.20444444444444446
CharacterSetAccessory:0.19305555555555554
PreferencesDialog:0.16
Main:0.09166666666666666
PreferencesAction:0.06333333333333334
TeddySDIApplication:0.03
TeddyMDIApplication:0.03
