InGameController:0.7066666666666667
PreGameInputHandler:0.3744444444444444
InGameInputHandler:0.27666666666666667
ConnectController:0.2277777777777778
