DatabaseInformationFull:0.21046712
DatabaseInformationMain:0.16531326
Table:0.15745091
DIProcedureInfo:0.12439115
SchemaManager:0.10994128
TriggerDef:0.10444683
Database:0.09602385
User:0.09153186
Session:0.08788535
Trace:0.05783235
SessionManager:0.052751027
Trigger:0.020072438
HsqlException:0.014599166
