Unit:0.5333333333333333
WorkLocation:0.507
UnitType:0.41333333333333333
Building:0.2866666666666667
InGameInputHandler:0.21
InGameController:0.2
DragListener:0.11333333333333333
