SecurityDialog:0.4143452380952381
MTabbedPane:0.36333333333333334
WebService:0.31666666666666665
RequestInfo:0.2866666666666667
Armor:0.2633333333333333
AbstractRequestManager:0.25
SummaryData:0.24411111111111106
WebPanel:0.215
SimpleXMLReader:0.21333333333333335
ImageDownloader:0.19666666666666666
DefaultPreview:0.19416666666666665
Favicon:0.15416666666666667
FontRequestManager:0.13666666666666666
