WindowTableModel:0.01981168
DockableWindowManager:0.013023804
AbstractOptionPane:0.0039671897
