DockableWindowManager:0.18263775
View:0.10676944
GUIUtilities:0.054376192
jEdit:0.048429012
OperatingSystem:0.028577784
MiscUtilities:0.020006621
DockableWindowContainer:0.004781821
DefaultFocusComponent:0.0023960606
