Environment:0.6133333333333333
Utilities:0.49
AdminServlet:0.24666666666666667
SetupServlet:0.20666666666666667
UploadServlet:0.18
