Table:0.5766666666666667
Expression:0.4033333333333333
Select:0.37333333333333335
TableFilter:0.31666666666666665
Function:0.2866666666666667
Constraint:0.26
Parser:0.23666666666666666
DatabaseCommandInterpreter:0.22333333333333333
CompiledStatement:0.21333333333333335
TableWorks:0.16
CompiledStatementExecutor:0.15
