OptionGroupUI:0.36
LanguageOptionUI:0.33666666666666667
AudioMixerOptionUI:0.3333333333333333
RangeOptionUI:0.32666666666666666
PercentageOptionUI:0.28
OptionMapUI:0.26666666666666666
