RepeatRule:0.5866666666666667
TaskTable:0.41333333333333333
TaskModel:0.18333333333333332
RepeatPanel:0.15666666666666668
TestRepeatRule:0.15666666666666668
SetNextDateAction:0.06
