ValuePoolHashMap:0.20124643
HashIndex:0.12649032
ValuePool:0.015819643
