Expression:0.16929246
Parser:0.06348793
Database:0.058948793
Library:0.05796237
Session:0.057949726
TableFilter:0.053478703
DatabaseInformationFull:0.051430617
Trace:0.050283752
Column:0.049815662
DatabaseCommandInterpreter:0.04797163
Types:0.037753608
User:0.037215997
Token:0.013696204
HsqlException:0.0063394886
