Iterator:0.055575132
ArrayUtil:0.046655066
Set:0.044472087
