TodoEditor:0.12693395
TodoEditorCore:0.060736954
