ImageLibrary:0.5033333333333333
Nation:0.44333333333333336
Canvas:0.42333333333333334
GUI:0.285
InGameInputHandler:0.19
FreeColLookAndFeel:0.12666666666666668
ReportForeignAffairPanel:0.08666666666666667
