MColorButton:0.23257864
MColorPicker:0.22750941
MSmallColorButton:0.09673209
MMenu:0.0461228
MPanel:0.025945583
TK:0.025908751
MLabel:0.022493126
MColorIcon:0.021205064
UI:0.020949777
MAction:0.020831194
MButton:0.020808632
MActionInfo:0.014356582
MSmallButton:0.012152202
MSmallColorChooserBeanInfo:0.006584255
MMenuAdapter:0.0054579303
ValueEvent:0.004805156
MDataAction:0.0031323568
