Abbrevs:0.13135217
AbbrevsModel:0.08386201
OptionsDialog:0.075925596
EditAbbrevDialog:0.05394208
AbstractOptionPane:0.020818936
jEdit:0.015031216
Mode:0.012992827
