DefaultInputHandler:0.26950696
StatusBar:0.13344842
EditAction:0.075735584
Macros:0.06781036
View:0.0665833
jEdit:0.05741019
BeanShell:0.05179321
Buffer:0.04970619
JEditTextArea:0.03366014
GUIUtilities:0.032793082
MiscUtilities:0.014887576
