TableDerived:0.28476742
QueryExpression:0.2222162
View:0.2188972
Expression:0.15187168
ParserDQL:0.13175718
StatementDMQL:0.12755392
RangeVariable:0.113907054
TableUtil:0.103629306
StatementQuery:0.10293485
StatementExpression:0.093935154
StatementSet:0.09353469
StatementProcedure:0.08886867
ExpressionTable:0.07895287
StatementDML:0.07341479
ParserDML:0.06264371
Table:0.062615976
ExpressionLogical:0.052851688
TableBase:0.04227492
Session:0.04136226
SchemaManager:0.035901375
Database:0.034581438
Row:0.02848246
SessionData:0.028182888
HsqlNameManager:0.026823416
ColumnSchema:0.02166298
OpTypes:0.0057206564
