JDBCResultSetTest:0.5633333333333334
ClientConnectionTest:0.37
ScannerTest:0.27666666666666667
AllTests:0.15
