Unit:0.5466666666666666
Tile:0.42
Europe:0.3233333333333333
Building:0.30333333333333334
IndianSettlement:0.24
