Unit:0.6866666666666666
Player:0.535
Game:0.39666666666666667
NewWorld:0.38333333333333336
FreeColGameObject:0.34
HighSeas:0.32666666666666666
ServerPlayer:0.22666666666666666
EuropePanel:0.22666666666666666
ServerUnit:0.22333333333333333
InGameController:0.19333333333333333
DefaultTransferHandler:0.16666666666666666
DebugMenu:0.15666666666666668
ReportPanel:0.14
ReportCargoPanel:0.12666666666666668
ReportMilitaryPanel:0.12666666666666668
ReportNavalPanel:0.12666666666666668
DestinationPanel:0.11666666666666667
