MetaInfo:0.5933333333333334
FSHelper:0.37666666666666665
AbstractFS:0.32666666666666666
Tracker:0.2783333333333333
PropertiesPanel:0.24666666666666667
