Tree:0.6533333333333333
TreePanel:0.48
Armor:0.36666666666666664
