ClientConnection:0.22744435
SessionInterface:0.18613067
Database:0.13030943
SessionContext:0.116483
SessionData:0.08966236
TransactionManagerMVCC:0.08364634
StatementSession:0.080670424
StatementCommand:0.0707479
ParserCommand:0.06394667
StatementManager:0.061875764
Table:0.05850576
Statement:0.0575228
StatementSchema:0.057143312
TransactionManager2PL:0.056227356
StatementDML:0.053610615
StatementSchemaDefinition:0.05222109
SchemaManager:0.051842928
StatementCompound:0.050928988
TransactionManagerCommon:0.05049683
Routine:0.05027651
TransactionManagerMV2PL:0.049253132
Scanner:0.04702006
StatementDMQL:0.046640467
TextTable:0.044782836
HsqlException:0.04160912
TransactionManager:0.041359752
ParserDDL:0.04115034
QuerySpecification:0.04106827
ParserBase:0.04100129
Constraint:0.040927067
RowAction:0.039795473
FunctionCustom:0.0395285
SessionManager:0.03882192
ParserRoutine:0.03836224
QueryExpression:0.03816
DatabaseManager:0.03772373
TriggerDef:0.03683153
NumberSequence:0.036766015
Expression:0.036650322
HsqlDateTime:0.036526937
StatementSimple:0.03558773
TableBase:0.03411992
View:0.032976452
TableWorks:0.032954633
StatementResultUpdate:0.030594312
StatementSet:0.02978357
RoutineSchema:0.029610323
ExpressionColumn:0.029427465
ExpressionTable:0.028028324
StatementHandler:0.0274026
ParserDQL:0.027308283
StatementExpression:0.02709028
StatementProcedure:0.026709057
ParserDML:0.026687993
FunctionSQL:0.02640321
ExpressionLogical:0.0262546
RowActionBase:0.02606846
ColumnSchema:0.025168622
SetFunction:0.024881437
Schema:0.024809932
TableDerived:0.024764603
RangeVariable:0.02404727
StatementInsert:0.021932814
TriggerDefSQL:0.021915603
FunctionSQLInvoked:0.021224884
ExpressionAccessor:0.021066636
ExpressionOp:0.020488344
StatementQuery:0.019632427
ExpressionArrayAggregate:0.01961986
ExpressionAggregate:0.018907731
StatementTypes:0.018639034
ExpressionLike:0.017779302
Like:0.017760245
RangeVariableJoined:0.01742896
SchemaObject:0.01737439
StatementCursor:0.01736168
ExpressionArithmetic:0.017294366
ExpressionOrderBy:0.016569497
SortAndSlice:0.015281241
ExpressionValue:0.013484045
Row:0.013313331
DatabaseURL:0.011232396
RangeVariableResolver:0.010678466
RowDiskDataChange:0.009681166
ExpressionColumnAccessor:0.009121358
Tokens:0.0
