StatementCompound:0.19664505
ParserRoutine:0.10676257
Statement:0.07067746
Session:0.04921389
StatementTypes:0.013427268
Tokens:0.0
