StatementInsert:0.29669887
Table:0.22485915
StatementDMQL:0.20206495
ParserDML:0.17786855
StatementResultUpdate:0.17525053
StatementSet:0.16204998
QuerySpecification:0.14859161
Constraint:0.12623939
RangeVariable:0.09937373
ExpressionColumn:0.096903585
Expression:0.09537878
View:0.08857622
TableDerived:0.08592894
SessionContext:0.08140563
QueryExpression:0.07904774
Session:0.06556371
SchemaManager:0.0606684
TableBase:0.058992267
TriggerDef:0.055112287
SessionData:0.05244065
Routine:0.051839206
Statement:0.04511963
Database:0.04309985
ExpressionAccessor:0.032524224
Row:0.03221659
ColumnSchema:0.02990417
SchemaObject:0.029474443
StatementTypes:0.028866125
Trigger:0.024214495
ConstraintCore:0.022594007
NumberSequence:0.020617908
StatementManager:0.017860692
HsqlException:0.01269479
OpTypes:0.0064703706
SqlInvariants:0.0020335151
