Property:0.083711274
Config:0.032489438
