MColorButton:0.23777339
MSmallColorButton:0.11528599
MPanel:0.07524171
MColorIcon:0.05122621
TK:0.032449085
MLabel:0.011860242
