TriggerDef:0.59
ParserRoutine:0.33666666666666667
SessionContext:0.30666666666666664
TriggerDefSQL:0.22333333333333333
CompileContext:0.20333333333333334
LineReader:0.11666666666666667
