StatementCommand:0.093154654
Trigger:0.09183924
Session:0.08653289
StatementSession:0.08638902
StatementSimple:0.08331627
Database:0.07626346
StatementSchema:0.070177324
ParserBase:0.06574806
StatementSchemaDefinition:0.06426295
ClientConnection:0.053465467
StatementCompound:0.049437538
DatabaseManager:0.04922196
ParserRoutine:0.04614937
TextTable:0.045311905
Expression:0.044959586
SessionInterface:0.038578995
StatementDML:0.037449136
NumberSequence:0.03547932
Constraint:0.03496489
ClientConnectionHTTP:0.0346439
ParserDDL:0.03446632
StatementDMQL:0.034291193
ExpressionTable:0.033506636
ParserDQL:0.032661907
FunctionCustom:0.031517163
SchemaManager:0.030227555
ParserCommand:0.029590005
TransactionManagerCommon:0.028283512
TableWorks:0.026958134
TableBase:0.02598179
ExpressionLogical:0.024776716
TransactionManagerMVCC:0.021591887
SessionData:0.021144874
StatementSet:0.012656069
StatementInsert:0.0023346501
