ScriptWriterBase:0.2423798
ScriptWriterEncode:0.08675112
ScriptReaderText:0.037514437
ScriptReaderDecode:0.020370584
