ScriptWriterText:0.43911225
ScriptWriterEncode:0.18646616
