FreeColAction:0.3050187
DeclareIndependenceAction:0.1495598
GotoAction:0.14402243
MiniMapZoomOutAction:0.14213644
ClearOrdersAction:0.1421198
EndTurnAction:0.14113703
MapControlsAction:0.13997276
ChatAction:0.13710965
MiniMapZoomInAction:0.13657008
EuropeAction:0.13444465
SkipUnitAction:0.12502693
DisbandUnitAction:0.12493447
WaitAction:0.122829996
BuildRoadAction:0.10742728
BuildColonyAction:0.10594624
FortifyAction:0.10493145
ChangeAction:0.09606922
PlowAction:0.091361985
