Canvas:0.051435586
GUI:0.04468896
