MapboardAction:0.11078559
ActionManager:0.09129808
