Unit:0.27064148
Tile:0.21670736
IndianSettlement:0.1936501
Colony:0.19053614
Europe:0.18128668
Game:0.159674
Building:0.15250884
Monarch:0.13972458
Map:0.13522889
Market:0.12237671
Goods:0.116347685
ColonyTile:0.1069043
Settlement:0.10504076
GoodsContainer:0.097816795
UnitContainer:0.089174666
FreeColGameObject:0.08906094
ModelMessage:0.06729865
ModelController:0.05884086
Location:0.04820315
Tension:0.04785805
FoundingFather:0.036971573
GameOptions:0.031710733
WorkLocation:0.02214778
Ownable:0.015876768
