Buffer:0.4633333333333333
jEdit:0.4533333333333333
JEditTextArea:0.38
ParserRuleSet:0.36333333333333334
