QueryHandler:0.6377777777777778
WikiUser:0.5533333333333333
AnsiQueryHandler:0.38666666666666666
AnsiDataHandler:0.26
DatabaseUpgrades:0.22333333333333333
