Result:0.8033333333333333
TableFilter:0.3566666666666667
