DirectoryMonitor:0.47333333333333333
MainWindowMenuHandler:0.39666666666666667
GlossaryManager:0.31333333333333335
