Registers:0.1429237
View:0.12714078
EditPane:0.095498644
JEditTextArea:0.03784957
EditBus:0.033101752
ViewUpdate:0.030290164
EditPaneUpdate:0.023861233
jEdit:0.023244621
EBComponent:0.021315193
GUIUtilities:0.01748168
EBMessage:0.016320433
Log:0.0087444335
