Buffer:0.6133333333333333
jEdit:0.4033333333333333
ParserRuleSet:0.35333333333333333
JEditTextArea:0.3466666666666667
TextUtilities:0.33
View:0.31333333333333335
FileVFS:0.23333333333333334
VFSBrowser:0.23333333333333334
BrowserView:0.23
XModeHandler:0.20666666666666667
DocumentHandler:0.20333333333333334
FoldVisibilityManager:0.18333333333333332
BrowserJTree:0.17
SearchBar:0.13
Autosave:0.11333333333333333
