Task:0.6433333333333333
MCalendarPanel:0.5633333333333334
TaskPanel:0.27666666666666667
DateTimeDialog:0.24
TaskPropertiesPanel:0.21333333333333335
DateTimeEditor:0.18
SetDateTimeAction:0.16666666666666666
