ClobDataID:0.050869282
ClobData:0.040849112
