NodeAVL:0.270175
Index:0.03558214
