ImageEditor:0.6666666666666666
ResizeDialog:0.5458333333333333
