Buffer:0.2374193
EditServer:0.17466302
Macros:0.14888708
EditPlugin:0.13828553
GUIUtilities:0.13639525
BeanShell:0.13608566
Abbrevs:0.12646964
BufferIORequest:0.12507492
FileVFS:0.124400355
Mode:0.11989099
View:0.11953681
EditPane:0.1178907
HistoryModel:0.11408966
JEditTextArea:0.10572174
Log:0.10415056
VFSBrowser:0.09935013
MiscUtilities:0.09909519
SearchAndReplace:0.09537926
GeneralOptionPane:0.09470183
JARClassLoader:0.0939596
EditAction:0.08736024
VFSManager:0.08630904
PluginList:0.08037036
BufferListSet:0.07933285
EditorExitRequested:0.07561445
BufferHistory:0.072213784
AllBufferSet:0.07196215
BufferUpdate:0.06526952
InputHandler:0.063030906
ModeCatalogHandler:0.06174356
HelpViewer:0.060571402
SearchDialog:0.058097575
OptionsDialog:0.05745077
Roster:0.05735812
DockableWindowManager:0.056261573
GrabKeyDialog:0.05531348
QuickNotepad:0.053065516
LatestVersionPlugin:0.051392116
DefaultInputHandler:0.050474614
StatusBar:0.049398478
BrowserPopupMenu:0.046721917
HyperSearchResults:0.046118792
PluginManager:0.042972658
CloseDialog:0.04216224
Marker:0.04139952
XmlParser:0.04062188
BrowserView:0.038738027
EditBus:0.035237513
BufferOptions:0.03477099
InstallPluginsDialog:0.03468808
VFSFileChooserDialog:0.03360126
HyperSearchRequest:0.03320862
RecentFilesMenu:0.032528985
EnhancedCheckBoxMenuItem:0.031458832
XModeHandler:0.029648427
ViewUpdate:0.029275168
LoadSaveOptionPane:0.029196108
ActionListHandler:0.028031018
CurrentDirectoryMenu:0.027884714
LogViewer:0.026435126
HistoryTextField:0.02588305
Selection:0.025551593
TokenMarker:0.025541356
SearchBar:0.025530044
DockableWindowContainer:0.02534092
FileCellRenderer:0.025159467
HyperSearchResult:0.02488117
EditorStarted:0.024401966
FirewallPlugin:0.022784669
MarkersMenu:0.022299876
PluginResURLConnection:0.022248412
EnhancedMenuItem:0.022109436
ToolBarOptionPane:0.020920923
ContextOptionPane:0.020706084
BrowserIORequest:0.019019606
OpenWithEncodingMenu:0.018820858
FavoritesVFS:0.017328672
PropertiesChanged:0.01714635
PluginsMenu:0.016827494
MarkerHighlight:0.016470972
EditorExiting:0.016120043
PluginListDownloadProgress:0.015877552
BrowserOptionPane:0.014990717
SplashScreen:0.014338138
QuickNotepadOptionPane:0.014183897
ShortcutsOptionPane:0.014120926
AbstractOptionPane:0.013882
AddAbbrevDialog:0.012849544
TipOfTheDay:0.0127802165
TextAreaOptionPane:0.01233667
ColorTableModel:0.012282132
ViewRegisters:0.0121392505
ToolBarAddDialog:0.011957651
EditingOptionPane:0.011365009
QuickNotepadToolPanel:0.010831753
GutterOptionPane:0.010782143
ModeOptionPane:0.010698064
StyleTableModel:0.010360623
IOProgressMonitor:0.010025512
PluginManagerProgress:0.009926227
WindowTableModel:0.009448267
SelectLineRange:0.009320308
AbbrevsOptionPane:0.008415354
FontSelectorDialog:0.008206048
BufferSwitcher:0.00792678
Autosave:0.007919351
PastePrevious:0.0073099453
AbbrevEditor:0.0071859206
AboutDialog:0.0068103676
XmlException:0.0063686348
AbbrevsModel:0.00557285
DockingOptionPane:0.005197338
StyleEditor:0.004835583
BeanShellErrorDialog:0.004655126
ParserRuleSet:0.004336552
PrintOptionPane:0.0035672702
EnhancedMenu:0.0034224526
ContextAddDialog:0.0030524565
FirewallOptionPane:0.002515886
EditAbbrevDialog:0.0024735723
FontSelector:0.0023278056
ColorOptionPane:0.0012673554
