WikiUserDetails:0.6833333333333333
RegisterServlet:0.2561111111111111
JAMWikiDaoImpl:0.21666666666666667
