Player:0.53
Game:0.3933333333333333
InGameController:0.29333333333333333
InGameInputHandler:0.16333333333333333
