GUI:0.19761376
FreeColMenuTest:0.114871636
Canvas:0.0
