OptionGroupUI:0.56304616
SelectOptionUI:0.12849002
BooleanOptionUI:0.11783387
IntegerOptionUI:0.11156526
OptionUpdater:0.07464118
