OptionGroup:0.44303715
SelectOption:0.34182557
BooleanOption:0.3073175
IntegerOption:0.27168837
AbstractOption:0.25290322
Option:0.1657956
