MSmallButton:0.52
MPanel:0.425
SearchBar:0.24444444444444446
MenuButton:0.24222222222222223
MLogger:0.23666666666666666
MSmallColorButton:0.21333333333333335
AddRemovePanel:0.1577777777777778
