WikiMessage:0.4666666666666667
RecentChange:0.4066666666666667
LogItem:0.36333333333333334
WikiMessageTest:0.24
WikiMessageParam:0.21
