Colony:0.27130705
Unit:0.19930632
Tile:0.14753091
Player:0.13302498
BuildingType:0.10811405
Settlement:0.09993238
Goods:0.0968709
GoodsContainer:0.08921936
ModelMessage:0.07371594
WorkLocation:0.07146694
FreeColGameObject:0.066413805
ModelController:0.066259295
SimpleCombatModel:0.06587165
Game:0.054266542
UnitType:0.05425189
GoodsType:0.053949542
FoundingFather:0.04520192
FreeColObject:0.043473665
GameOptions:0.037518773
BuildableType:0.033334542
FreeColGameObjectType:0.032559227
Locatable:0.024665643
FeatureContainer:0.02293912
Ownable:0.014059247
Named:0.00997508
