TK:0.7533333333333333
Links:0.31666666666666665
FeedsFS:0.2733333333333333
Option:0.23444444444444448
MStringBuilder:0.21666666666666667
AbstractMarkupBuilder:0.19
Model:0.12333333333333334
