MetaInfo:0.43833333333333335
Kiosk:0.3028333333333333
Panel:0.2866666666666667
MFontChooser:0.2866666666666667
ToggleIconButton:0.20666666666666667
