FreeColDialog:0.20407891
ColonyPanel:0.12279558
