DefaultCostDecider:0.71774936
Map:0.2520325
Unit:0.1878068
Tile:0.070621535
