CostDecider:0.6370714
Map:0.33343798
Unit:0.32950205
Tile:0.10793651
Settlement:0.03291643
