Game:0.34196004
FreeColGameObject:0.21770363
