Map:0.38382277
PathNode:0.35502592
Unit:0.12609014
