AbstractOption:0.7224413
OptionGroup:0.40491965
OptionMap:0.36975718
