OptionGroupUI:0.42573905
OptionMapUI:0.39167944
IntegerOptionUI:0.29706416
SelectOptionUI:0.29526085
BooleanOptionUI:0.29068252
FreeColActionUI:0.15061806
