ModelMessage:0.4164014
Settlement:0.32970157
Unit:0.2998394
Goods:0.2972527
Europe:0.26531777
ColonyTile:0.26336977
Building:0.22994442
Player:0.21860723
