Map:0.38303155
GoalDecider:0.27671185
Unit:0.21603805
Tile:0.0561323
