AIGoods:0.6119243
AIUnit:0.5860965
Wish:0.2819267
AIPlayer:0.22221811
AIColony:0.14660706
WorkerWish:0.12146916
GoodsWish:0.1176443
