MSettingsDialog:0.7166666666666667
MColorChooser:0.3983333333333333
StaticHandler:0.23666666666666666
