ParserDDL:0.65067047
StatementTypes:0.40821475
Session:0.25461298
ParserCommand:0.22161497
Statement:0.2102876
Database:0.1400478
StatementDMQL:0.1325853
HsqlException:0.12834707
Expression:0.117422365
SessionContext:0.110277236
Table:0.090368696
SchemaManager:0.07746495
ColumnSchema:0.0709055
TableBase:0.068786114
OpTypes:0.009156711
Tokens:0.0
