Property:0.7333333333333333
TestProperty:0.27
AbstractTest:0.18666666666666668
TestMSeparator:0.07611111111111112
TestAbstractBeanInfo:0.07166666666666667
