Sidebar:0.8433333333333334
TextEditorDesigner:0.38
TodoEditorDesigner:0.2633333333333333
ToggleDesignerAction:0.21
