ColopediaPanel:0.5633333333333334
FreeColPanel:0.35333333333333333
ReportRequirementsPanel:0.31166666666666665
