Colony:0.20278968
IndianSettlement:0.17453744
Building:0.17453128
ColonyTile:0.14912316
Unit:0.14894776
Europe:0.14589006
Goods:0.14247149
Player:0.1412111
Tile:0.1335354
Settlement:0.12876278
Location:0.12851335
FreeColGameObject:0.122439004
Game:0.082589746
ModelMessage:0.06999018
