ArchiveItem:0.58
Browser:0.2733333333333333
Archive:0.27
PrintDialog:0.26
LinkEditor:0.26
AbstractTextEditor:0.24666666666666667
ArchiveChannel:0.24333333333333335
FeedViewer:0.2275
ImageEditor:0.22194444444444447
TodoEditor:0.22194444444444447
UpdateDialog:0.1
