ColopediaPanel:0.7733333333333333
StartGamePanel:0.31333333333333335
PreGameInputHandler:0.28833333333333333
