StaticUtils:0.52
TagUtil:0.49
Entry:0.48
PoFilter:0.22333333333333333
TagValidationTool:0.19
TagValidation:0.18333333333333332
MozillaLangFilter:0.18333333333333332
ResourceBundleFilter:0.18333333333333332
TagRepair:0.175
TranslateEntry:0.16666666666666666
StaticUtilsTest:0.16333333333333333
TMXWriter2:0.14666666666666667
LoadFilesCallback:0.11666666666666667
TMXWriter:0.07
TagOrder:0.016666666666666666
TagInfo:0.016666666666666666
TagComparator:0.0
