Expression:0.6633333333333333
QuerySpecification:0.39
ParserDDL:0.3566666666666667
FunctionSQLInvoked:0.235
ExpressionAggregate:0.235
ExpressionArrayAggregate:0.21
