ScriptExecutor:0.5733333333333334
ConsoleIO:0.5166666666666667
ScriptCommand:0.29333333333333333
ScriptIDE:0.27444444444444444
