MTogglePanel:0.66
ToggleButton:0.3433333333333333
TaskInfoButton:0.24333333333333335
TaskPanel:0.23
