Core:0.76
GlossaryTextAreaTest:0.3333333333333333
SegmenterTest:0.3333333333333333
TestCore:0.05333333333333334
