Core:0.51
IEditorSettings:0.37123412698412694
LanguageToolWrapper:0.3566666666666667
MainWindowMenuHandler:0.3333333333333333
EditorSettings:0.33
FalseFriendsTest:0.21
MainWindowMenu:0.20666666666666667
SearchWindowTest:0.18666666666666668
