ReportProductionPanel:0.17818458
ReportUnitPanel:0.17512041
ReportColonyPanel:0.16457304
ReportNavalPanel:0.16181503
ReportMilitaryPanel:0.16181503
ReportLabourPanel:0.13045387
ReportTradePanel:0.12523866
ReportTurnPanel:0.12234338
ReportReligiousPanel:0.099626906
ReportContinentalCongressPanel:0.095255084
ReportIndianPanel:0.09365456
ReportForeignAffairPanel:0.08971587
FreeColPanel:0.07868024
