Token:0.38166666666666665
ParserDQL:0.37
ParserDDL:0.3333333333333333
Scanner:0.27666666666666667
