Widget:0.42333333333333334
Property:0.42333333333333334
Desktop:0.3
SimpleProgressBar:0.25666666666666665
Model:0.23666666666666666
SummaryData:0.1925
Console:0.18805555555555556
