ArchiveItem:0.5233333333333333
RSSItem:0.3333333333333333
Atom10Item:0.3333333333333333
AbstractItem:0.2833333333333333
RDFItem:0.21333333333333335
Atom0xItem:0.19333333333333333
