TaskPanel:0.6733333333333333
TaskSummary:0.29
TaskListComponent:0.24333333333333335
TaskInfoButton:0.13333333333333333
