TK:0.85
StringIterator:0.57
Mnemonic:0.22
Tags:0.21333333333333335
MouseGestures:0.18333333333333332
ScriptIDE:0.18
TextHighligther:0.17
TagsHighlighter:0.17
StringComparator:0.16753968253968254
TagsInfo:0.11333333333333333
