InstanceEditor:0.36666666666666664
ProjectFrame:0.36
WorkflowOptionsDialog:0.35
HelpFrame:0.3031666666666667
AboutDialog:0.27
SegmentationCustomizer:0.27
FilterEditor:0.26
ProjectProperties:0.2321666666666667
ContextFrame:0.23
SearchWindow:0.22666666666666666
XMLStreamReader:0.22
OmegaTFileChooser:0.21
ProjectPropertiesDialog:0.18333333333333332
OOFilter:0.16
XMLReader:0.1
FiltersCustomizer:0.09666666666666666
XMLWriter:0.09444444444444446
