Settlement:0.5833333333333334
InGameController:0.30666666666666664
SimpleMapGenerator:0.27
FreeColTestCase:0.24955555555555559
ColonyBuilder:0.22722222222222224
IndianSettlementBuilder:0.18666666666666668
