ToolBarEditDialog:0.30478007
GUIUtilities:0.15476988
jEdit:0.04909018
RolloverButton:0.04550438
EditAction:0.042296086
MiscUtilities:0.032578267
AbstractOptionPane:0.030849818
GlobalOptions:0.020422693
