MLogger:0.58
UI:0.47
MDate:0.2966666666666667
PluginManager:0.23666666666666666
TextEditorCore:0.23666666666666666
