MainWindowMenuHandler:0.4633333333333333
TeamUserPassDialog:0.33
IRemoteRepository:0.2652222222222222
UserPassDialog:0.24666666666666667
GITRemoteRepository:0.24222222222222223
SVNRemoteRepository:0.23666666666666666
RepositoryUtils:0.15
