TK:0.057511616
MArrayList:0.010312887
Net:0.0050332
