FS:0.08035055
FileCache:0.07015517
MDownloadDialog:0.06845724
MApplication:0.031180326
TK:0.029724214
HTMLViewFactory:0.02317252
MClipboard:0.020278493
Flags:0.013078659
MURLButton:0.011500005
MTip:0.010638595
MLogger:0.010508672
HTMLAutodiscovery:0.008715411
MLoginPanel:0.0075443033
