Message:0.08388145
Connection:0.030651756
