Message:0.100843646
Connection:0.046027236
