QuerySpecification:0.4666666666666667
RangeVariableResolver:0.38
StatementDMQL:0.31
StatementDML:0.30666666666666664
ParserDML:0.23666666666666666
StatementInsert:0.18166666666666667
