MDialog:0.7133333333333334
MMessage:0.3333333333333333
InternetSearchPanel:0.23666666666666666
ScriptYourself:0.21666666666666667
PropertiesPanel:0.20333333333333334
NewFileDialog:0.19666666666666666
ActionProperties:0.185
NewFolderDialog:0.185
MirrorDialog:0.185
HistoryDialog:0.12
CategoryPropertiesPanel:0.12
CategoryManagerDialog:0.09666666666666666
