Player:0.68
FreeColPanel:0.36333333333333334
FatherDetailPanel:0.21666666666666667
ReportContinentalCongressPanel:0.16666666666666666
