EditorController:0.37
ViewLabel:0.36
SpellChecker:0.3566666666666667
SpellCheckerMarker:0.33
SegmentBuilder:0.24333333333333335
EditorSettings:0.18333333333333332
EditorTextArea3:0.17333333333333334
MarkerController:0.16055555555555553
