MDialog:0.6427777777777778
MTextArea:0.43
Editor:0.24333333333333335
