IndianDemandMission:0.6183333333333333
BuildColonyMission:0.42
ScoutingMission:0.38333333333333336
