MSettingsPage:0.7128333333333333
LookAndFeelSettings:0.43333333333333335
TreeSettings:0.36
