MMessage:0.09735612
MWizardDialog:0.095609546
MButtonPanel:0.09499332
MSettingsDialog:0.081049085
MPanel:0.060335297
MPasswordPanel:0.058401123
MIconChooser:0.053313397
MAboutDialog:0.05089567
MMenu:0.049776047
UI:0.049081862
MSettingsPage:0.043899726
MFontChooser:0.042920567
MButton:0.042663302
MURLButton:0.041589525
MDownloadDialog:0.040230803
MCheckBoxTable:0.040105537
MFrame:0.037137963
MAction:0.03705679
MColorChooser:0.037036642
MToolBar:0.035974883
Args:0.033532977
MSizeGrip:0.03209039
MLabel:0.029809976
MWhatsThis:0.028173653
MApplication:0.026765723
MActionInfo:0.02534182
MLoginPanel:0.020497933
MLogger:0.019793
Flags:0.015553246
Mnemonic:0.014667374
MIcon:0.013110804
TK:0.0128523335
MSplashScreen:0.01037523
MLinkButton:0.008383164
MColorButton:0.007764712
WindowDragAdapter:0.006341972
TriBoolean:0.0054155737
Property:0.00476596
BooleanProperty:0.0037578153
