MSettingsPage:0.11824622
MDialog:0.09787877
MMessage:0.05142304
MPanel:0.041885022
MNotification:0.038711004
UI:0.03457367
MLabel:0.03367527
MList:0.03257053
MActionInfo:0.028205205
TK:0.024476308
MScrollPane:0.02318785
MApplication:0.023170356
MButton:0.019686688
MRenderer:0.019173484
Config:0.01893607
MIcon:0.012910808
Mnemonic:0.008187265
MArrayList:0.007862406
Property:0.0047914903
BooleanProperty:0.0021178133
