UI:0.5833333333333334
LinearGradientPainter:0.37666666666666665
MPanel:0.37666666666666665
CoolHeader:0.2633333333333333
Painter:0.26
MCalendar:0.24333333333333335
FeedComponent:0.20333333333333334
MStatusBar:0.2
SimpleTableCellRenderer:0.16
CompleteRenderer:0.15
SearchBar:0.13333333333333333
NoteBorder:0.11333333333333333
