ChartView:0.0538294
ChartModel:0.029232124
ChartPainter:0.017217195
