MActionInfo:0.5183333333333333
MCalendarPanel:0.39
SummaryCategory:0.39
CollectionMap:0.35333333333333333
Day:0.31
MStringBuilder:0.22444444444444447
SummaryData:0.18333333333333332
CalendarComponent:0.17666666666666667
