FreeColGameObject:0.6766666666666666
IndianSettlement:0.5333333333333333
