UI:0.7533333333333333
MDialog:0.44
MMenu:0.37
MDate:0.2855952380952381
ImageEditor:0.20666666666666667
DateTimeDialog:0.18333333333333332
MSystemTray:0.14
