FeedsFS:0.22357287
FeedViewer:0.102353685
FeedThread:0.0990448
FeedDownloader:0.05924572
AddFeedDialog:0.04306146
