TransactionManager:0.6572222222222222
TransactionManager2PL:0.44484523809523807
TransactionManagerCommon:0.37666666666666665
TransactionManagerMVCC:0.35
TransactionManagerMV2PL:0.33
RowStoreAVLDisk:0.25666666666666665
