Task:0.9366666666666666
TodoEditorCore:0.2733333333333333
Filter:0.2
