JFlexParserUtil:0.24521813
JFlexParser:0.16606161
JFlexLexer:0.14741051
JFlexParserTag:0.1312349
