View:0.6333333333333333
JEditTextArea:0.3466666666666667
FileVFS:0.31333333333333335
VFSManager:0.29333333333333333
VFSBrowser:0.21333333333333335
DockingOptionPane:0.19
BrowserView:0.18666666666666668
SendVFSUpdatesSafely:0.16666666666666666
ActionTextField:0.16333333333333333
KeyHandler:0.13666666666666666
