Config:0.56
MainWindow:0.4
Tabs:0.3308333333333333
ImageEditor:0.28
Backup:0.2777777777777778
