InputHandler:0.19007538
PreGameController:0.11796418
