ColonyPanel:0.30715942
EuropePanel:0.21246752
DefaultTransferHandler:0.16342795
DragListener:0.083474874
