TextAreaPainter:0.6566666666666666
EditPane:0.4583333333333333
TextAreaOptionPane:0.37666666666666665
