MArrayList:0.1949114
ConfigFile:0.18838578
StringList:0.17599183
MAction:0.14955167
Config:0.118267134
ValueEvent:0.10838845
FS:0.10319593
AbstractMarkupBuilder:0.10026421
MList:0.09803573
Property:0.09567659
MIcon:0.08461048
AbstractFileCache:0.08389105
UI:0.08106031
AbstractListTableModel:0.07962024
Item:0.078895725
MDate:0.07794473
MText:0.075191446
OS:0.07492214
MTable:0.07374824
ColorProperty:0.06836287
LogFile:0.06320883
MPasswordField:0.06260768
MTabbedPane:0.061409693
VersionProperty:0.060104396
MApplication:0.056155555
Args:0.052179925
MURLAction:0.05154094
MTreeItem:0.050537802
MRenderer:0.049810898
StringProperty:0.048159048
SecureProperty:0.046806134
MSettingsDialog:0.04432387
MPanel:0.04411941
MFileChooser:0.04336803
MToolBar:0.04121566
MButton:0.039761182
MClipboard:0.039705202
MouseGestures:0.03889522
ActionGroup:0.038636435
MButtonPanel:0.03795695
MSmallColorChooser:0.03702259
MNotification:0.036133062
MTree:0.03581641
MLogger:0.035603818
Watermark:0.03559069
FileSelection:0.03357675
MColorIcon:0.032063354
ImageSelection:0.031943485
EnumProperty:0.03182094
MSmallColorButton:0.030802552
MURLButton:0.03077356
MMainWindow:0.030584622
AbstractSelection:0.029271336
MWebBrowserPanel:0.027766474
MTip:0.027725466
MCalendarPanel:0.027702335
MMessage:0.026846385
Mnemonic:0.026080726
MTextPane:0.02579081
MWizardDialog:0.024202658
MAboutDialog:0.02397942
MInternalFrame:0.023966528
Gettext:0.0231692
MStatusBar:0.022137199
MIconChooser:0.020562038
MProcess:0.020553827
MHighlighter:0.020031566
MColorPicker:0.020016853
HTMLAutodiscovery:0.019944973
MMultiPanel:0.019819485
MTogglePanel:0.01913002
MFontChooser:0.018853081
MTextFieldPanel:0.018179994
Net:0.017410321
MFontButton:0.015737103
MSizeGrip:0.015112098
MRating:0.01363865
Preloader:0.013202311
MTreeModel:0.0123656895
MTaskPanel:0.012040107
MUndoManager:0.011750281
AbstractIndicator:0.011402915
MIconButton:0.011293984
MGuardedObject:0.007904505
MLoginPanel:0.0056943865
CoolHeader:0.0052287574
MHTMLViewer:0.0018123813
ContainerScanner:0.0012437098
