TK:0.6766666666666666
Task:0.5
BookmarksMenu:0.2911111111111111
SetColorAction:0.20666666666666667
