MButton:0.5433333333333333
DeskletInfo:0.4166666666666667
MDownloadDialog:0.33
