Unit:0.6566666666666666
GUI:0.36333333333333334
GoodsContainer:0.2994444444444444
InGameController:0.26166666666666666
InGameInputHandler:0.24333333333333335
