MSettingsDialog:0.5766666666666667
MSettingsPage:0.3566666666666667
Advanced:0.25666666666666665
GeneralSettings:0.23
