Player:0.100775294
Unit:0.010178471
Europe:0.00805874
Building:0.0063991873
Colony:0.00391169
