Canvas:0.6066666666666667
ColopediaPanel:0.37333333333333335
FreeColPanel:0.30248412698412697
ColonyPanel:0.2773333333333333
ReportPanel:0.18333333333333332
