Figure:0.8166666666666667
SimpleHighlightHandle:0.24
ConnectingFiguresSample:0.04666666666666667
