Version:0.5566666666666666
MApplication:0.5566666666666666
About:0.4666666666666667
Args:0.24666666666666667
HelpGenerator:0.23333333333333334
Tester:0.20666666666666667
TodoEditorCore:0.20666666666666667
PluginDownloader:0.20333333333333334
Item:0.18333333333333332
TestVersion:0.17
NotepadEditorCore:0.13
SDK:0.10666666666666667
UpdatePanel:0.08333333333333333
