GUI:0.10205359
Canvas:0.045529082
