AIObject:0.39666666666666667
TileImprovementPlan:0.38
WorkLocationPlan:0.35
Wish:0.34
GoodsWish:0.27666666666666667
WorkerWish:0.2633333333333333
ColonyPlan:0.23666666666666666
TileTest:0.23
AIColony:0.23
EuropeanAIPlayer:0.18333333333333332
ColonialAIPlayer:0.18
StandardAIPlayer:0.17666666666666667
ValuedAIObject:0.07
