UnitAction:0.3982438
ActionManager:0.33348322
