FreeColDialog:0.17575018
FreeColPanel:0.06950186
