GUI:0.3306846
TilePopup:0.093710616
MapViewer:0.06928319
CanvasMouseListener:0.04296122
CanvasMapEditorMouseListener:0.042509217
FullScreenFrame:0.026712071
WindowedFrame:0.018556638
ViewMode:0.005872121
