ClientOptions:0.05229268
Worker:0.0033191082
