Table:0.405
Session:0.36666666666666664
Log:0.35333333333333333
DatabaseManager:0.3233333333333333
Logger:0.23666666666666666
RowOutputTextLog:0.22666666666666666
SequenceManager:0.22333333333333333
Parser:0.21261111111111114
ScriptWriterBase:0.16476190476190478
ScriptWriterText:0.14666666666666667
