DesktopPanel:0.22648211
DesktopToolBar:0.11675231
WidgetTitle:0.047775578
Widget:0.040295728
