DataSpaceManager:0.5505555555555556
DataFileCache:0.46
PersistentStore:0.4233333333333333
IntervalType:0.33666666666666667
DTIType:0.32
RowStoreAVL:0.3
SimpleStore:0.29
TableSpaceManagerBlocks:0.23666666666666666
ParserBase:0.23333333333333334
RowStoreAVLDisk:0.23333333333333334
DataSpaceManagerSimple:0.22666666666666666
Scanner:0.21
DataSpaceManagerBlocks:0.2
DataFileDefrag:0.18333333333333332
RAShadowFile:0.1711111111111111
