Unit:0.64
Building:0.4606666666666666
SchoolTest:0.25
FreeColTestCase:0.13333333333333333
