IEditorSettings:0.4813452380952381
SearchWindowController:0.4
Core:0.37111111111111117
MainWindow:0.36333333333333334
MainWindowMenuHandler:0.35
TestCore:0.12666666666666668
SearchWindowTest:0.01
