PgType:0.61
TestOdbcTypes:0.5433333333333333
ServerConnection:0.24
StatementPortal:0.1617777777777778
