UI:0.68
Button:0.3233333333333333
TaskTable:0.30983333333333335
MToolBar:0.21333333333333335
MRegexPanel:0.19
SummaryEditor:0.1877777777777778
PropertiesBar:0.18666666666666668
ChartPanel:0.17
SimpleMenuElement:0.15333333333333332
ZoomComponent:0.12333333333333334
