Editor:0.61
EditorPassword:0.37666666666666665
Info:0.33666666666666667
PropertiesPanel:0.23333333333333334
TaskManager:0.21166666666666667
