MMenu:0.6266666666666667
Title:0.6166666666666667
MainWindow:0.33666666666666667
MDateSpinner:0.18666666666666668
MTree:0.18444444444444444
Tabs:0.18416666666666667
Bookmarks:0.17111111111111113
CalendarWidgetPlugin:0.14
DeskletWidget:0.13
MSystemTray:0.13
ImageInfo:0.09
