FreeColGameObject:0.22926395
Game:0.15475881
Settlement:0.054002907
Unit:0.05239202
Europe:0.042230524
Player:0.04199888
