MCellTip:0.07584671
Watermark:0.072178066
UI:0.057356775
MTree:0.05312591
MAction:0.05153406
MTable:0.04641466
MSettingsDialog:0.032942906
MAbout:0.03194057
MMouseAdapter:0.018333385
MWebBrowser:0.013006215
Flags:0.0050448314
