PrintPreview:0.12610064
PrintInfo:0.12172378
ImagePrintInfo:0.030066367
