UI:0.09284638
MScrollPane:0.04488741
MMessage:0.03581437
TK:0.021665545
Property:0.0025608286
