Widget:0.54
Desklet:0.38666666666666666
NoteWidget:0.21555555555555558
DeskletWidgetDockingContainer:0.20666666666666667
CalendarDesklet:0.17
DeskletWidgetContext:0.16666666666666666
DeskletWidgetContainer:0.135
AbstractDeskletContainer:0.05
