Unit:0.5333333333333333
Colony:0.4633333333333333
ColonyPanel:0.4633333333333333
CargoPanel:0.21333333333333335
DragListener:0.21000000000000002
OutsideColonyPanel:0.20666666666666667
WarehousePanel:0.2
UnitLabel:0.2
ColonyCargoPanel:0.13888888888888887
