Server:0.46
Column:0.31666666666666665
jdbcClob:0.30666666666666664
Table:0.2966666666666667
jdbcCallableStatement:0.2966666666666667
jdbcBlob:0.29
jdbcDatabaseMetaData:0.25333333333333335
StringConverter:0.25
jdbcResultSetMetaData:0.24333333333333335
WebServer:0.24111111111111108
jdbcPreparedStatement:0.20333333333333334
jdbcResultSet:0.19333333333333333
Function:0.19
ServerConfiguration:0.09333333333333334
