Table:0.7566666666666667
Constraint:0.4033333333333333
StatementProcedure:0.2511111111111111
RangeIteratorMain:0.19666666666666666
