Player:0.5366666666666666
ModelMessage:0.46094444444444443
Colony:0.31666666666666665
Game:0.2633333333333333
InGameController:0.24
ClientOptions:0.18
