Handler:0.33666666666666667
XmlParser:0.21666666666666667
SAXParserImpl:0.12666666666666668
SwingHTMLParserImpl:0.08333333333333333
