ConsoleIO:0.43
XMLRPCClient:0.27666666666666667
DownloadInfo:0.27
MDataTransfer:0.27
PropertiesCompiler:0.21777777777777782
