TK:0.6633333333333333
MetaInfo:0.41333333333333333
Console:0.2188888888888889
ScriptIDE:0.18
SnippetAction:0.15333333333333332
DeskletLoader:0.13
ActionDialog:0.11333333333333333
