Config:0.12598607
BackgroundTask:0.11213489
MObject:0.11199003
MToolBar:0.09333461
MStatusBar:0.07310682
MDialog:0.07103214
FS:0.06727867
MButtonPanel:0.06418408
MScrollPane:0.062883586
Net:0.058257017
MIconChooser:0.058191262
MPasswordPanel:0.057948228
UI:0.042854406
MZip:0.021206245
