CoolHeader:0.16649699
MMainWindow:0.09565115
MApplication:0.08152054
MHighlighter:0.07787014
MLabel:0.07301829
UI:0.06617397
MText:0.06473331
MIcon:0.06015809
MPanel:0.04208879
MTimer:0.04044035
TK:0.034678753
MWebBrowserPanel:0.031286787
Flags:0.030207383
MSettingsDialog:0.027939133
MWhatsThis:0.025034597
MouseGestures:0.02300238
IntegerProperty:0.014928547
Property:0.010275224
BooleanProperty:0.009584376
