DisplayManager:0.505
ChunkCache:0.43333333333333335
FirstLine:0.39666666666666667
KeyHandler:0.16333333333333333
