ChartModel:0.5066666666666667
MainWindow:0.4
TodoEditor:0.3433333333333333
ChartDialog:0.23666666666666666
ChartView:0.22
