Tile:0.56
TileItemContainer:0.4533333333333333
Modifier:0.44666666666666666
TileTest:0.056666666666666664
