GlossaryEntry:0.75
GlossaryTextArea:0.285
FindGlossaryThread:0.19111111111111112
GlossaryEntryTest:0.17333333333333334
GlossaryAutoCompleterView:0.13666666666666666
