Player:0.6066666666666667
HistoryEvent:0.53
StringTemplate:0.4766666666666667
ServerPlayer:0.30333333333333334
Region:0.22666666666666666
InGameController:0.22
SimpleCombatModel:0.21666666666666667
InGameInputHandler:0.19333333333333333
MoveMessage:0.15333333333333332
NewLandNameMessage:0.14
BuildColonyMessage:0.14
AbandonColonyMessage:0.12333333333333334
ReportHistoryPanel:0.08333333333333333
