MTextFieldPanel:0.6033333333333334
MHighlighter:0.37333333333333335
TagsHighlighter:0.21666666666666667
TagsEditor:0.16666666666666666
RoundedPainter:0.13666666666666666
