DisplayManager:0.48
JEditTextArea:0.4766666666666667
FirstLine:0.234
ScrollLineCount:0.22166666666666668
MouseHandler:0.22
BufferChangeHandler:0.10666666666666667
Anchor:0.09277777777777778
RangeMap:0.08333333333333333
