FeedViewer:0.5233333333333333
MScrollPane:0.5166666666666667
MetaInfoMenu:0.22758730158730164
TabIcon:0.14333333333333334
TaskStateMenu:0.13666666666666666
NodeMenu:0.09333333333333334
