SVGFigureFactory:0.04429655
DefaultSVGFigureFactory:0.037318364
SVGZInputFormat:0.0133229215
