ColopediaPanel:0.8066666666666666
ReportContinentalCongressPanel:0.3088888888888889
ReportPanel:0.21
