TestFocusable:0.6733333333333333
MDialog:0.38
MTogglePanel:0.37333333333333335
TestTriBoolean:0.26105555555555554
ToggleButton:0.2594444444444445
ChartView:0.25333333333333335
Desktop:0.23916666666666667
PropertiesPanel:0.22111111111111115
MSlider:0.22
TestMLabel:0.17
