BezierPath:0.5333333333333333
AbstractLineDecoration:0.33
BezierFigure:0.28
EnhancedPath:0.27666666666666667
ArrowTip:0.25333333333333335
SVGPathFigure:0.24666666666666667
SVGTextAreaFigure:0.24
ImageMapOutputFormat:0.23666666666666666
ODGPathFigure:0.23333333333333334
AbstractHandle:0.23333333333333334
SVGRectFigure:0.21833333333333332
DiamondFigure:0.21
GrowStroke:0.18666666666666668
PerpendicularBar:0.18666666666666668
DoubleStroke:0.18333333333333332
GeneralPathTip:0.09
