TaskTable:0.6133333333333333
GroupTree:0.52
TodoEditorCore:0.3333333333333333
SetNextDateAction:0.13333333333333333
