StringList:0.67
ConsoleProcess:0.30666666666666664
ErrorMatcher:0.2733333333333333
