Messages:0.7733333333333333
MapViewer:0.5166666666666667
ConstructionPanel:0.19444444444444445
EndTurnPanel:0.13
