Player:0.8833333333333333
Colony:0.42
Market:0.37333333333333335
