XLIFFFilter:0.5233333333333333
XLIFFOptions:0.47
EditXLIFFOptionsDialog:0.3233333333333333
XLIFFDialect:0.29666666666666663
