UI:0.59
MainWindow:0.5033333333333333
MApplication:0.4266666666666667
