MapGenerator:0.6766666666666666
MapGeneratorTest:0.2633333333333333
MapEditorController:0.25
PreGameController:0.21333333333333335
ServerTest:0.12666666666666668
