ActionManager:0.4550114
FreeColAction:0.15428093
