ActionManager:0.39544526
FreeColAction:0.13234493
