SessionListener:0.6333333333333333
SessionEvent:0.4533333333333333
Widget:0.37666666666666665
