Database:0.5366666666666666
TransactionManager:0.4
HsqlDatabaseProperties:0.39
DatabaseInformationMain:0.37333333333333335
