Kiosk:0.5239047619047619
MainWindow:0.45
ExtraKiosk:0.2567063492063492
Action:0.1511111111111111
