Expression:0.4033333333333333
Trace:0.36333333333333334
HsqlName:0.35333333333333333
DatabaseCommandInterpreter:0.31333333333333335
Session:0.27
CompiledStatementExecutor:0.22111111111111115
DatabaseManager:0.21333333333333335
CompiledStatement:0.20333333333333334
