Tokenizer:0.5333333333333333
CommandThread:0.49
Core:0.38333333333333336
EditorController:0.27666666666666667
FindMatchesThread:0.20333333333333334
MatchesTextArea:0.15
EditorSpellChecking:0.14666666666666667
GlossaryManager:0.13555555555555557
ChangeUserDictionary:0.10666666666666667
