MList:0.15668654
ContainerIterator:0.14635667
MTable:0.1337875
MComboBox:0.13363346
MTabbedPane:0.09336918
MMenu:0.06996175
MMenuBar:0.0682529
