TodoEditorCore:0.119159676
TodoEditorDesigner:0.09782227
TodoEditorPlugin:0.096102454
