Config:0.4666666666666667
Property:0.4066666666666667
Query:0.3333333333333333
ChartModel:0.2555555555555556
QueryEditor:0.22444444444444447
