SegmentBuilder:0.56
SearchFilter:0.24
ReplaceFilter:0.20333333333333334
IEditorFilter:0.18333333333333332
