MiniMap:0.63
InfoPanel:0.37333333333333335
MapControls:0.22
CornerMapControls:0.14666666666666667
ClassicMapControls:0.023333333333333334
