MAboutDialog:0.08589789
MTabbedPane:0.085499436
MNotification:0.083586365
MPanel:0.07668245
MMenu:0.07612269
MCalendarPanel:0.073470116
CoolHeader:0.07090152
MRenderer:0.070058204
MThrobber:0.06524935
MSlider:0.06495727
BackgroundTaskManager:0.0592156
MMessage:0.058639254
MDialog:0.053636957
MSplashScreen:0.05230201
UI:0.05090554
MSmallColorChooser:0.047687568
MTextFieldPanel:0.047494892
MWizardDialog:0.044549417
MPasswordPanel:0.044238903
MColorChooser:0.04269985
MIcon:0.04145842
MSettingsDialog:0.04114382
Mnemonic:0.03877863
MTip:0.03617065
MDownloadDialog:0.029781623
MText:0.027828312
MStatusBar:0.026943222
MTogglePanel:0.026400618
Preloader:0.024444737
MMouseAdapter:0.017466249
MTaskPanel:0.013829877
BooleanProperty:0.007908736
MLayout:0.0065721227
Property:0.006505587
