InGameController:0.91
PreGameController:0.3566666666666667
FreeColClient:0.28
MoveTest:0.21333333333333335
