AnsiDataHandler:0.6483333333333333
WikiCache:0.4166666666666667
ServletUtil:0.37666666666666665
WikiCacheTest:0.11333333333333333
