MApplication:0.08186243
OS:0.04145967
MainView:0.029817678
MURLAction:0.026527138
MAboutDialog:0.025018014
MTextPane:0.02484319
MURLButton:0.02381484
MNotification:0.022637367
Net:0.02232833
MSystemTray:0.021875104
MouseGestures:0.020831892
TK:0.018513804
FS:0.017155875
MStatusBar:0.016861813
MFrame:0.016400581
UI:0.015591031
MMessage:0.013946158
MTip:0.013670487
MWebBrowserPanel:0.011138667
Config:0.007843178
Kiosk:0.0061771837
Property:0.0045901393
BooleanProperty:0.0037093817
