Archive:0.29238656
ArchiveItem:0.24939185
ArchiveException:0.008028216
