Market:0.54
ServerPlayer:0.48333333333333334
ServerEurope:0.3433333333333333
PreGameController:0.31
