Colony:0.5866666666666667
Building:0.4166666666666667
Settlement:0.3466666666666667
ColonyPanel:0.24
ServerColony:0.19111111111111112
