MetaInfo:0.6966666666666667
Console:0.4166666666666667
MainWindow:0.2633333333333333
SwingWebBrowser:0.25666666666666665
