ConfigFile:0.20682122
MArrayList:0.19582103
StringList:0.15520029
MList:0.1244067
MAction:0.12424002
AbstractMarkupBuilder:0.1240325
Config:0.12349596
ValueEvent:0.116836235
FS:0.115896426
AbstractFileCache:0.09475672
Property:0.09365809
UI:0.09303659
MIcon:0.09257096
MText:0.09250748
MTable:0.089351654
MDate:0.08356384
OS:0.08288572
Item:0.08276098
MLabel:0.07933387
LogFile:0.078526996
MPasswordField:0.07727837
AbstractListTableModel:0.07666746
ColorProperty:0.07645504
MTabbedPane:0.07158317
Attributes:0.07005532
MApplication:0.06570068
VersionProperty:0.06503396
MPanel:0.06314542
MLogger:0.06263699
Args:0.060985353
MTreeItem:0.059806544
MRenderer:0.057528928
MDialog:0.056576576
MSettingsDialog:0.056123573
Gettext:0.055267364
MFileChooser:0.052980267
MURLAction:0.05226673
ActionGroup:0.050859142
BeanProperty:0.050579928
SecureProperty:0.049465533
StringProperty:0.048830666
MSmallColorChooser:0.047739454
MToolBar:0.047272936
MouseGestures:0.04716619
MPasswordPanel:0.04570749
Net:0.04531361
MWhatsThis:0.045189366
MActionInfo:0.044807594
MAboutDialog:0.04475568
MButtonPanel:0.04465382
MNotification:0.042567812
MCalendarPanel:0.041619364
MSmallColorButton:0.040831335
MURLButton:0.03912685
MWebBrowserPanel:0.037415527
AbstractProperty:0.03692265
MColorIcon:0.03674296
MTip:0.036289223
MMessage:0.036226396
MTree:0.036182676
AbstractSelection:0.034955516
FileSelection:0.034911018
MColorChooser:0.032664172
ImageSelection:0.032632135
MButton:0.032558724
EnumProperty:0.03196795
Watermark:0.030565452
Mnemonic:0.03052
MWizardDialog:0.027744649
MInternalFrame:0.027015274
MProgressIcon:0.026843512
MMainWindow:0.02667697
MTableHeader:0.026413003
MTextPane:0.026360437
MClipboard:0.025967095
XMLHelper:0.025830695
MHighlighter:0.025255248
MTextField:0.023845775
MStatusBar:0.02337353
MMultiPanel:0.02283767
MColorPicker:0.021455921
MFontChooser:0.021327319
HTMLAutodiscovery:0.020649657
MIconChooser:0.019204283
MTogglePanel:0.018374182
MProcess:0.017628634
MutableInteger:0.015343081
MHTMLViewer:0.015123633
Linkify:0.014878914
MRating:0.01427089
Preloader:0.014171433
MUndoManager:0.013474315
MTreeModel:0.0133046955
MFontButton:0.01325392
MTaskPanel:0.011566113
MGuardedObject:0.011079672
MSizeGrip:0.0110089565
AbstractIndicator:0.010761205
MIconButton:0.010686439
MLoginPanel:0.009868593
MDocumentAdapter:0.0070178173
CoolHeader:0.006409839
HTMLSelection:0.004786006
ContainerScanner:0.001455679
