TK:0.6233333333333333
MSettingsDialog:0.28
MDate:0.2313888888888889
MAboutDialog:0.2313888888888889
LocalizedString:0.22666666666666666
Action:0.18333333333333332
