SecurityDialog:0.37
MSettingsDialog:0.27
AccessMap:0.21666666666666667
PermissionKey:0.20666666666666667
PreviewPanel:0.20666666666666667
TransitionPanel:0.19583333333333336
Armor:0.18333333333333332
Advanced:0.18083333333333335
