TemplateTag:0.5366666666666666
JFlexLexer:0.36666666666666664
WikiHeadingTag:0.2833333333333333
WikiLinkTag:0.23
HtmlLinkTag:0.15333333333333332
JavascriptTag:0.13666666666666666
IncludeOnlyTag:0.13333333333333333
WikiReferencesTag:0.13333333333333333
NoIncludeTag:0.13
