MainWindow:0.37333333333333335
MAbout:0.32666666666666666
MMessage:0.29
MMainWindow:0.2733333333333333
Preloader:0.26
Main:0.25666666666666665
Item:0.23666666666666666
TodoEditor:0.21666666666666667
Database:0.21
DesktopPanel:0.18111111111111108
PluginSettings:0.17666666666666667
MTip:0.17333333333333334
LookAndFeelSettings:0.16
Tips:0.14666666666666667
TextEditorPlugin:0.12666666666666668
TipInfo:0.09333333333333334
TagsEditor:0.07666666666666666
JAXBPreloader:0.0025
