Desktop:0.5633333333333334
MainWindow:0.51
DesktopPanel:0.23666666666666666
DesktopTab:0.17777777777777778
