UnitType:0.62
Tile:0.4266666666666667
FreeColServer:0.2866666666666667
TileType:0.2844444444444445
InGameController:0.2733333333333333
IndianSettlement:0.26
InGameInputHandler:0.25333333333333335
ClientModelController:0.21333333333333335
TransportMission:0.21333333333333335
TileImprovementType:0.20333333333333334
AIPlayer:0.20333333333333334
ColopediaPanel:0.19333333333333333
ResourceType:0.1361111111111111
TrainDialog:0.11666666666666667
PurchaseDialog:0.11666666666666667
