Preferences:0.7466666666666667
WorkflowOptionsDialog:0.3288888888888889
MatchesTextArea:0.2833333333333333
