jEdit:0.171246
JEditTextArea:0.15978691
OffsetManager:0.10482502
MiscUtilities:0.10482325
FoldVisibilityManager:0.09754617
IndentFoldHandler:0.09466435
FoldHandler:0.09024825
VFS:0.08913013
ExplicitFoldHandler:0.088585734
EditPane:0.08590375
Macros:0.08502055
BufferIORequest:0.0841125
Mode:0.081798896
GUIUtilities:0.07914996
View:0.07849568
TextUtilities:0.07668879
SearchAndReplace:0.07583803
Abbrevs:0.07463427
BufferChangeListener:0.073704645
BeanShell:0.07276531
DummyFoldHandler:0.06822628
VFSManager:0.067966856
Selection:0.06771356
TextAreaPainter:0.06734884
BufferChangeAdapter:0.06298309
VFSBrowser:0.06269343
FileVFS:0.0620847
Log:0.061346233
Gutter:0.060698297
UndoManager:0.05884733
EditBus:0.056959644
StatusBar:0.053959515
BufferOptions:0.05018804
EditServer:0.04826545
Marker:0.047403593
RESearchMatcher:0.04564577
TokenMarker:0.04300683
BufferUpdate:0.042857658
HyperSearchResults:0.040511757
ChunkCache:0.039929375
BrowserView:0.03932404
AllBufferSet:0.038335912
RE:0.0373208
KeywordMap:0.03592105
InputHandler:0.035624534
BufferPrintable:0.034014788
GrabKeyDialog:0.03397079
CompleteWord:0.032880135
DefaultTokenHandler:0.031003421
RootElement:0.029061822
HyperSearchRequest:0.029046798
ReadWriteLock:0.028348535
CloseDialog:0.028323561
LineElement:0.028068837
SearchDialog:0.02741277
DummyTokenHandler:0.02702502
VFSFileChooserDialog:0.02551192
TokenHandler:0.02529548
ContentManager:0.025099013
EBComponent:0.025020907
Token:0.024320265
SearchBar:0.024279697
ParserRuleSet:0.02197257
ParserRule:0.021693258
BufferListSet:0.02094416
RESyntax:0.020774461
EBMessage:0.020510232
BrowserCommandsMenu:0.01726706
HyperSearchResult:0.016969712
MarkersMenu:0.01655755
DirectoryMenu:0.015595236
SelectLineRange:0.014413234
ShowBufferMenu:0.013911038
MacOSHandler:0.011831455
REException:0.011603184
EditPaneUpdate:0.011537855
CurrentBufferSet:0.011320531
BufferPrinter1_4:0.010176879
Autosave:0.008804223
IntegerArray:0.008257373
PropertiesChanged:0.008084142
SegmentBuffer:0.0073457025
BufferPrinter1_3:0.007179993
MacOSMenu:0.0059826807
BufferSwitcher:0.005781441
AddAbbrevDialog:0.005270387
