FoldHandler:0.15978721
Buffer:0.14309166
