UI:0.5386666666666666
MButtonPanel:0.44
PatternValidator:0.4166666666666667
PopupWindow:0.21666666666666667
NoteBorder:0.14333333333333334
