FS:0.59
FeedsFS:0.4166666666666667
FeedViewer:0.36
MColorPicker:0.32499999999999996
TreeSettingsButton:0.19666666666666666
