TodoEditor:0.49
TodoEditorCore:0.44666666666666666
TextUtils:0.32666666666666666
StaticHighlighterHandler:0.18833333333333332
