Tree:0.6966666666666667
Vars:0.39533333333333337
TreeSettingsButton:0.19666666666666666
