MText:0.4216666666666667
MList:0.38777777777777783
Input:0.28
Armor:0.22666666666666666
MCharacterChooser:0.22
InsertCharacterAction:0.06666666666666667
