ParserRuleSet:0.57
TokenMarker:0.38333333333333336
XModeHandler:0.26
SyntaxTokenUtilities:0.23333333333333334
Code2HTMLPlugin:0.23166666666666666
