AnsiQueryHandler:0.5066666666666667
QueryHandler:0.4906111111111111
DataHandler:0.4906111111111111
AnsiDataHandler:0.29333333333333333
TestDataHandler:0.2633333333333333
MagicWordUtil:0.22333333333333333
