Unit:0.5666666666666667
Tile:0.4533333333333333
Colony:0.43666666666666665
Building:0.3233333333333333
