SearchAndReplace:0.38666666666666666
ChunkCache:0.2966666666666667
SearchDialog:0.23333333333333334
InstallThread:0.22833333333333333
Install:0.20666666666666667
SwingInstall:0.17777777777777778
TextPanel:0.15333333333333332
Chunk:0.14333333333333334
