WebService:0.55
Renderer:0.2611111111111111
WebServicePanel:0.24333333333333335
WebServiceDialog:0.20333333333333334
