SearchAndReplace:0.6466666666666666
TextAreaDialog:0.25666666666666665
HyperSearchRequest:0.24
BeanShellErrorDialog:0.14
