ImageEditorCore:0.38
BrushTool:0.3466666666666667
AbstractRectangleTool:0.31
ToolManager:0.30666666666666664
ImageEditorDesigner:0.27
SelectionTool:0.23666666666666666
RectangleTool:0.04666666666666667
