AIUnit:0.5044142
GoodsWish:0.33395007
AIColony:0.2776697
Wish:0.27335104
Transportable:0.25316155
AIPlayer:0.20837966
AIMain:0.15733574
AIObject:0.12250991
