Unit:0.8366666666666667
Building:0.48333333333333334
MessagesTest:0.31666666666666665
ColonyTile:0.23333333333333334
