Unit:0.7433333333333333
InGameController:0.38666666666666666
MoveMessage:0.28
