ColonyPanel:0.08086522
UnitLabel:0.06769089
EuropePanel:0.05438455
MarketLabel:0.011812424
GoodsLabel:0.0073806103
