DefaultTransferHandler:0.2934207
ColonyPanel:0.28638312
EuropePanel:0.1927923
DragListener:0.0664418
