SearchFileSet:0.35645944
DirectoryListSet:0.2417722
AllBufferSet:0.20181464
VFS:0.12364129
VFSManager:0.09972012
MiscUtilities:0.09505006
Buffer:0.06569356
SettingsReloader:0.065334916
View:0.034135588
