ContextAddDialog:0.22816063
GUIUtilities:0.12427973
EditAction:0.06856203
jEdit:0.051533982
MiscUtilities:0.042429857
AbstractOptionPane:0.03492708
RolloverButton:0.016028035
