Library:0.085924245
Column:0.03817897
Tokenizer:0.031032199
Session:0.029739656
Server:0.022681683
DatabaseInformationFull:0.022641761
Trace:0.02018555
HsqlException:0.004509057
