MTable:0.8566666666666667
Renderer:0.4033333333333333
ActionGroup:0.37888888888888883
