QueryHandler:0.7133333333333334
DataHandler:0.6933333333333334
AnsiDataHandler:0.39666666666666667
AnsiQueryHandler:0.31333333333333335
TestDataHandler:0.2633333333333333
WikiDatabase:0.24
DatabaseUpgrades:0.17
RolesServlet:0.12333333333333334
