Canvas:0.5266666666666666
ColonyPanel:0.49333333333333335
EuropePanel:0.4166666666666667
FreeColDialog:0.32666666666666666
InGameController:0.32666666666666666
DefaultTransferHandler:0.15666666666666668
DragListener:0.11555555555555558
