Editor:0.6066666666666667
Tabs:0.5966666666666667
FeedsFS:0.285
CalendarTab:0.19111111111111112
ReferenceCount:0.13333333333333333
