TaskTable:0.5166666666666667
AbstractListTableModel:0.4533333333333333
TaskModel:0.38888888888888884
VisibleAction:0.043333333333333335
SortAction:0.03333333333333333
ColumnAction:0.006666666666666667
