jEdit:0.18639769
GUIUtilities:0.17661215
QuickNotepadPlugin:0.17396417
JARClassLoader:0.1501771
ActionSet:0.12679614
EditBus:0.12676837
MiscUtilities:0.1257052
OptionGroup:0.11509836
OptionPane:0.10769535
View:0.09537627
GlobalOptions:0.09432397
EBPlugin:0.09282077
AbstractOptionPane:0.078617424
PluginList:0.07768737
FoldHandler:0.064036176
Log:0.05389287
PluginManager:0.053882502
LatestVersionPlugin:0.050311636
OptionsDialog:0.047660887
HelpIndex:0.0430508
HelpTOCPanel:0.031639714
Roster:0.030120302
PluginResURLConnection:0.024909215
