ServletUtil:0.8533333333333334
JAMWikiServlet:0.4166666666666667
DiffServlet:0.16666666666666666
HistoryServlet:0.16666666666666666
PrintableServlet:0.16666666666666666
ViewSourceServlet:0.14333333333333334
