Controller:0.31798503
InputHandler:0.22037266
