jEdit:0.5066666666666667
JEditTextArea:0.49333333333333335
DisplayManager:0.2866666666666667
BufferChangeHandler:0.26166666666666666
PluginJAR:0.24666666666666667
