InGameController:0.5266666666666666
ColonyPanel:0.3566666666666667
InGameInputHandler:0.3466666666666667
DragListener:0.19844444444444445
