TK:0.7933333333333333
Group:0.3433333333333333
HTMLEntities:0.15666666666666668
