Canvas:0.7366666666666667
InGameController:0.4866666666666667
CanvasKeyListener:0.17333333333333334
