FreeColGameObject:0.2932111
ModelController:0.19055451
Player:0.16275768
ModelMessage:0.1617756
Tile:0.16073313
Europe:0.16041592
FreeColGameObjectListener:0.1529576
IndianSettlement:0.13721892
ColonyTile:0.13235216
Map:0.13186559
Market:0.12075063
Colony:0.12033348
TileItemContainer:0.11653679
FreeColObject:0.11442281
Region:0.11085506
Building:0.108823396
Monarch:0.10725467
GoodsContainer:0.1050578
TradeRoute:0.10470181
Resource:0.09585733
Unit:0.090015106
Settlement:0.086978644
GameOptions:0.08353197
TileImprovement:0.08214384
SimpleCombatModel:0.07894725
TileItem:0.07329129
Goods:0.07249497
ColonyTradeItem:0.059588768
DiplomaticTrade:0.057671897
UnitTradeItem:0.055897795
GoldTradeItem:0.051341232
GoodsTradeItem:0.050138623
StanceTradeItem:0.04832928
TradeItem:0.041947175
Nation:0.03907693
TradeRouteStop:0.02724425
LostCityRumour:0.022956967
CombatModel:0.01145975
Tension:0.00949098
Turn:0.007837359
