TileItemContainer:0.38559338
Resource:0.20888793
Tile:0.18311884
TileImprovement:0.15879032
Locatable:0.15039235
FreeColGameObject:0.104569204
Game:0.08510448
FreeColObject:0.07300466
Location:0.07187882
Named:0.013805121
