BackgroundTask:0.19476792
MMouseAdapter:0.01327497
MLabel:0.012459641
UI:0.010475334
FS:0.004290715
