UI:0.7166666666666667
MPanel:0.6433333333333333
MButtonPanel:0.17666666666666667
