Environment:0.7966666666666666
AdminWikiController:0.31333333333333335
AdministrationServlet:0.13333333333333333
