Feature:0.28582117
FreeColGameObjectType:0.19567958
FoundingFather:0.17743574
TileImprovementType:0.16216744
BuildingType:0.16073772
EquipmentType:0.15629509
TileType:0.14366579
FeatureContainer:0.14209992
FreeColObject:0.1415199
Resource:0.1386547
Specification:0.13437422
ResourceType:0.12983657
ColonyTile:0.1279407
Colony:0.12700944
UnitType:0.12510732
Building:0.121039
Player:0.11938378
Unit:0.11768626
Tile:0.11250321
TileImprovement:0.10874553
TileItemContainer:0.09946442
NationType:0.091217615
Settlement:0.090015285
SimpleCombatModel:0.06715125
Turn:0.040533848
CombatModel:0.026089426
