NationType:0.14782573
RandomRange:0.10686606
Scope:0.039984018
FreeColObject:0.03958638
Settlement:0.036636077
FreeColGameObjectType:0.034767315
Player:0.021798125
Specification:0.018751463
Unit:0.013703232
