CombatModel:0.47405362
Unit:0.13697375
Colony:0.11027811
IndianSettlement:0.08025708
Player:0.0796588
Tile:0.07285365
Settlement:0.06880044
Game:0.047407098
Specification:0.04379478
FeatureContainer:0.041710433
UnitType:0.03303825
EquipmentType:0.03292819
TileType:0.02694781
Location:0.026423996
FreeColGameObjectType:0.024699833
FreeColGameObject:0.023685306
Modifier:0.015806857
FreeColObject:0.01118677
Feature:0.007871685
TypeCountMap:0.005425975
Ownable:9.6529274E-4
