DockingUI:0.7566666666666667
ResourcesUtil:0.4577777777777778
