StringConverter:0.18190846
InOutUtil:0.09536999
