BrushTool:0.18076567
AbstractRectangleTool:0.1616562
Tool:0.07818655
