ToolButton:0.068898164
Tool:0.050994217
ToolPanel:0.04323692
