FreeColGameObjectType:0.31158578
Feature:0.21485128
Specification:0.1774258
Colony:0.14718398
Ability:0.14306472
Modifier:0.13800666
TileImprovementType:0.13710336
Player:0.12683539
Unit:0.122437485
TileType:0.11459322
BuildingType:0.11170159
Settlement:0.07870867
EquipmentType:0.07656672
SimpleCombatModel:0.07544514
Building:0.07207506
ResourceType:0.071913734
ColonyTile:0.071207434
IndianSettlement:0.067225404
GoodsType:0.067097574
UnitType:0.06251373
EuropeanNationType:0.04377405
Resource:0.04156774
FreeColObject:0.035746723
IndianNationType:0.028684579
Turn:0.025121758
