FeatureContainer:0.26533434
Specification:0.19409193
Ability:0.1867624
BuildingType:0.17577726
TileType:0.17081691
Feature:0.1669035
FoundingFather:0.16563396
TileImprovementType:0.14058848
Modifier:0.13830441
Settlement:0.12978964
Player:0.12978278
Event:0.12952584
NationType:0.12329342
BuildableType:0.11801375
GoodsType:0.11641243
EquipmentType:0.11612399
Scope:0.115343094
Limit:0.114843845
ResourceType:0.11381232
Colony:0.113793775
FreeColObject:0.111101076
EuropeanNationType:0.09440464
Nation:0.09212904
IndianNationType:0.08852884
SettlementType:0.08440425
UnitType:0.08421206
Building:0.06707079
Monarch:0.062586494
Unit:0.05064352
GoodsContainer:0.050290823
Market:0.049573828
TileItemContainer:0.04841757
Tile:0.04357532
TypeCountMap:0.026879333
SimpleCombatModel:0.022582004
