SettlementType:0.3070079
Settlement:0.13326968
Player:0.060606718
IndianNationType:0.052425835
EuropeanNationType:0.049751077
FreeColGameObjectType:0.04695642
Specification:0.032405406
RandomRange:0.02794095
FreeColObject:0.02553018
Nation:0.025293646
Modifier:0.01593581
Unit:0.015703067
NationOptions:0.014262822
