UnitLabel:0.089740716
FreeColPanel:0.06421336
DragListener:0.0623943
