ContainerIterator:0.25773066
Mnemonic:0.1629197
MWhatsThis:0.118871726
TK:0.019573376
AbstractScanner:0.017110646
