MMenu:0.10906547
MDialog:0.09327218
MTabbedPane:0.07557934
MSettingsDialog:0.058732983
MLabel:0.046126578
TK:0.0420734
ContainerScanner:0.019745102
