PropertyPanel:0.5033333333333333
DBTableModel:0.3433333333333333
DBRecord:0.24
HorizontalWrapper:0.22666666666666666
StaticPropertyHandler:0.186
DBRecordPanel:0.13666666666666666
FeedsConfigPanel:0.1
BlobProperty:0.058333333333333334
DataInfo:0.043333333333333335
DataList:0.006666666666666667
