jEdit:0.6166666666666667
View:0.5166666666666667
Roster:0.27666666666666667
