TK:0.6666666666666666
VCalendarTodo:0.6191666666666666
Node:0.4633333333333333
Task:0.43333333333333335
GroupTree:0.37
TaskTable:0.23
SummaryPanel:0.21
TaskComparator:0.19
TodoEditorCore:0.18666666666666668
Renderer:0.13333333333333333
DurationEditor:0.02
ByDuration:0.0
