ReportPanel:0.128415
FreeColPanel:0.07953574
