FilterEditor:0.26666666666666666
FontSelectionDialog:0.25
SegmentationCustomizer:0.25
TeamUserPassDialog:0.23666666666666666
EditXOptionsDialog:0.19666666666666666
UserPassDialog:0.19666666666666666
TagValidationOptionsDialog:0.19666666666666666
EditOpenDocOptionsDialog:0.18333333333333332
TeamOptionsDialog:0.18333333333333332
CreateGlossaryEntry:0.18333333333333332
