Vars:0.5710158730158731
MainWindow:0.4633333333333333
MFlipPanel:0.44666666666666666
Tabs:0.4083333333333333
NewFolderDialog:0.26
ToggleDesktopAction:0.16777777777777778
