SqlFile:0.20135774
SqlTool:0.0793487
AppendableException:0.07463614
