DIProcedureInfo:0.8323096
Column:0.68694025
DITableInfo:0.43460348
Tokenizer:0.3639663
Parser:0.33947065
Result:0.33875352
Expression:0.33147588
SetFunction:0.30560747
Token:0.30271256
Function:0.29170388
DatabaseCommandInterpreter:0.28182986
Table:0.2740356
TableWorks:0.2310185
Trace:0.2004735
CompiledStatement:0.20040476
DatabaseScript:0.14928494
NumberSequence:0.10485476
HsqlException:0.05300628
DatabaseInformationFull:0.0
DITypeInfo:0.0
DatabaseInformationMain:0.0
