MDateSpinner:0.8233333333333334
MFontButtonBeanInfo:0.25666666666666665
MDateSpinnerBeanInfo:0.11666666666666667
