FreeColTestCase:0.6466666666666666
ColonyPlan:0.4
ColonyPlanTest:0.39666666666666667
AIColonyTest:0.16666666666666666
UnitSeekAndDestroyMissionTest:0.14
StandardAIPlayerTest:0.07666666666666666
ScoutingMissionTest:0.06333333333333334
