TodoEditorPlugin:0.6666666666666666
TaskManager:0.4266666666666667
TaskListComponent:0.19666666666666666
Action:0.16111111111111112
AddTaskAction:0.12666666666666668
