MCalendarPanel:0.38666666666666666
HTMLRichTextPane:0.27
XMLHelper:0.25333333333333335
Info:0.25
ConsoleIO:0.21833333333333332
Day:0.20666666666666667
TodoEditorPlugin:0.205
HistoryCommand:0.18
MainPanel:0.013333333333333334
