EditorCrypto:0.10967123
AbstractTextEditor:0.051693596
WebBrowserEditor:0.04566337
EditorPlugin:0.030902814
NavigationUtils:0.02788873
AppletTab:0.019705381
ConsoleTab:0.01158545
Actions:0.00965231
SimpleEditor:0.008830998
AnnotationBar:0.0035932169
