Buffer:0.6633333333333333
VFS:0.44
JEditTextArea:0.39
Marker:0.3
Recorder:0.26777777777777784
HyperSearchResult:0.26
BufferIORequest:0.24
MouseHandler:0.23666666666666666
BeanShell:0.22
Abbrevs:0.2
Macros:0.19666666666666666
ReadWriteLock:0.19305555555555554
MarkersMenuItem:0.17666666666666667
ContentManager:0.16
ActionHandler:0.12333333333333334
SearchBar:0.12
