Config:0.5333333333333333
MProperties:0.4
MSplitPane:0.34
MSplitPaneBeanInfo:0.006666666666666667
