MCalendarPanel:0.42888888888888893
XMLRPCClient:0.2833333333333333
DayLabel:0.25
