SummaryData:0.52
Reminder:0.36666666666666664
StatsPanel:0.24666666666666667
Chart:0.07
