Expression:0.5933333333333334
Token:0.49666666666666665
Function:0.3
DDLParser:0.25666666666666665
ResultLob:0.24333333333333335
SQLFunction:0.21333333333333335
LegacyFunction:0.19
IntValueHashMap:0.18
BaseParser:0.15666666666666668
BaseHashIterator:0.14166666666666666
