Game:0.20751199
FreeColGameObject:0.17367007
Region:0.07424531
Tile:0.07411054
Monarch:0.07015024
Building:0.069844
Player:0.06760218
Colony:0.06028216
Unit:0.03811291
