GUI:0.48333333333333334
FreeColClient:0.30416666666666664
MapGenerator:0.25333333333333335
BuildQueuePanel:0.25333333333333335
Market:0.24666666666666667
FreeColDialog:0.22333333333333333
EuropePanel:0.20333333333333334
PlayersTableModel:0.19666666666666666
FreeColPanel:0.18333333333333332
EmigrationPanel:0.14333333333333334
PlayerCellEditor:0.13666666666666666
ReportTurnPanel:0.13333333333333333
InformationDialog:0.11
FindSettlementDialog:0.02
