InGameController:0.5566666666666666
ColonyPanel:0.39
RenameAction:0.2733333333333333
ActionManager:0.25666666666666665
FreeColMenuBar:0.21333333333333335
TrainDialog:0.14
