CoolHeader:0.13756542
MApplication:0.11468049
MMainWindow:0.11219606
MLabel:0.089753546
MainView:0.082576305
MSmallButton:0.07087959
MHighlighter:0.07041438
MPanel:0.06362574
MText:0.058245704
MMessage:0.058145266
UI:0.056823526
MIcon:0.054948565
MWhatsThis:0.05255877
MTimer:0.043771345
BackgroundTaskManager:0.04306756
MWebBrowserPanel:0.03254281
TK:0.028477522
MouseGestures:0.02382731
Flags:0.022693606
MFrame:0.017023994
IntegerProperty:0.013207557
MSizeGrip:0.012518591
Property:0.007260684
