FeedsFS:0.6666666666666666
FeedDownloader:0.4666666666666667
FeedsFSPlugin:0.4033333333333333
FetchFeedsAction:0.07333333333333333
FetchAllFeedsAction:0.05333333333333334
