Selection:0.5166666666666667
SearchAndReplace:0.29
DockableLayout:0.25666666666666665
Rect:0.24800000000000003
PanelWindowContainer:0.22
MouseHandler:0.18
BufferChangeHandler:0.13333333333333333
