PluginManager:0.2955367
PluginList:0.21238938
jEdit:0.11885178
MiscUtilities:0.041974626
Roster:0.03640465
JCheckBoxList:0.0317578
EnhancedDialog:0.011905332
