Reflect:0.5966666666666667
UI:0.5466666666666666
MIcon:0.41333333333333333
MApplication:0.31
