InternetSearchPlugin:0.203991
OpenSearchDescription:0.026342541
