ChartView:0.5033333333333333
StaticHandler:0.29333333333333333
MButtonPanel:0.25
