DefaultInputHandler:0.12876768
Gutter:0.09406476
jEdit:0.042597514
