MetaInfo:0.8066666666666666
FSProperties:0.65
ArchiveItem:0.2866666666666667
FeedsFS:0.26666666666666666
Archive:0.234
FeedThread:0.1877777777777778
LabelItemAction:0.12
DefaultLabelAction:0.12
