SqlFile:0.6733333333333333
RefCapablePropertyResourceBundle:0.48333333333333334
