ZoomOutAction:0.7261016
ActionManager:0.34316942
FreeColAction:0.15514034
