ZoomInAction:0.5602143
ActionManager:0.29755846
FreeColAction:0.13021834
