TilePanel:0.105001636
FreeColPanel:0.07782407
UnitLabel:0.07620664
ColopediaTreeCellRenderer:0.050362136
DragListener:0.034929596
ColopediaTreeItem:0.028440904
