Unit:0.6366666666666667
Europe:0.36
Game:0.3433333333333333
Player:0.31666666666666665
Tile:0.30666666666666664
UnitLabel:0.3
FreeColGameObject:0.2833333333333333
UnitContainer:0.2816666666666667
InGameController:0.25666666666666665
WarehousePanel:0.23444444444444448
InGameInputHandler:0.21666666666666667
ColonyTile:0.20666666666666667
IndianSettlement:0.20333333333333334
ColonyPanel:0.19666666666666666
EuropePanel:0.19666666666666666
ReceivingThread:0.175
CargoPanel:0.17
MarketPanel:0.15444444444444444
DefaultTransferHandler:0.14666666666666667
OutsideColonyPanel:0.14
DocksPanel:0.12
ToAmericaPanel:0.12
ToEuropePanel:0.11333333333333333
