TaskTable:0.5522222222222223
ColorHistory:0.3325
MColorChooserDialog:0.33
PickerColorChooserPanel:0.2633333333333333
MColorButton:0.21666666666666667
MColorMenu:0.16
SetColorAction:0.06
