Canvas:0.6
ColopediaPanel:0.44666666666666666
UnitLabel:0.23111111111111116
DragListener:0.13333333333333333
