UI:0.7533333333333333
MApplication:0.5466666666666666
Armor:0.2833333333333333
