TodoEditorCore:0.16094719
Column:0.039790217
