VideoListener:0.5554047619047618
FreeCol:0.5111111111111111
FreeColClient:0.43666666666666665
Canvas:0.4066666666666667
VideoComponent:0.18
FreeColMenuTest:0.1711111111111111
ClientTestHelper:0.11333333333333333
