Handle:0.7
SelectionTool:0.27
RotateHandle:0.14666666666666667
BoundsInParentOutlineHandle:0.13
LineOutlineHandle:0.13
PointHandle:0.13
BoundsInLocalOutlineHandle:0.13
ConnectionPointHandle:0.13
MoveHandle:0.09666666666666666
SouthEastHandle:0.03666666666666667
WestHandle:0.03666666666666667
NorthWestHandle:0.03666666666666667
SouthHandle:0.03666666666666667
SouthWestHandle:0.03666666666666667
NorthEastHandle:0.03666666666666667
NorthHandle:0.03666666666666667
EastHandle:0.03666666666666667
