Token:0.49666666666666665
SqlFile:0.48
DbBackup:0.26
PIFGenerator:0.25
RCData:0.24333333333333335
Calculator:0.24111111111111114
TarEntryHeader:0.2066666666666667
DbBackupMain:0.08666666666666667
