MList:0.038253117
Item:0.02970575
MDialog:0.028759984
MLabel:0.02155856
SimpleListCellRenderer:0.019327816
MIconButton:0.014893515
UI:0.013502697
MPanel:0.013141197
MIcon:0.012021193
TK:0.008802787
FS:0.0066171167
MLogger:0.004408727
