AbstractMyMemoryTranslate:0.68
MyMemoryHumanTranslate:0.44666666666666666
MyMemoryMachineTranslate:0.4266666666666667
