View:0.09638056
Parser:0.091911845
CompiledStatement:0.0799041
Database:0.05013479
Table:0.024952399
Select:0.0244834
DatabaseInformationFull:0.020710984
