TestUtil:0.12715602
TestBase:0.06481423
