Canvas:0.61
InGameController:0.5133333333333333
GUI:0.2966666666666667
TilePopup:0.2733333333333333
FreeColClient:0.21777777777777782
CanvasMapEditorMouseListener:0.19666666666666666
