QueryHandler:0.6566666666666666
Encryption:0.47
AnsiDataHandler:0.31666666666666665
AnsiQueryHandler:0.28
WikiUserDetailsImpl:0.25
AnsiDataValidator:0.24666666666666667
JAMWikiUnitTest:0.23
AdminServlet:0.21333333333333335
AnsiDataHandlerTest:0.15333333333333332
PasswordResetServlet:0.13666666666666666
JAMWikiPasswordEncoder:0.13666666666666666
RegisterServlet:0.12666666666666668
SetupServlet:0.12666666666666668
EncryptionTest:0.043333333333333335
PasswordEncryptionTest:0.0
SaltGenerationTest:0.0
