Widget:0.87
AppletWidget:0.2866666666666667
AbstractClockWidget:0.2866666666666667
Main:0.25333333333333335
