Tile:0.59
IndianSettlement:0.4033333333333333
PlayerExploredTile:0.37666666666666665
InGameController:0.27666666666666667
