BuildQueuePanel:0.16271238
TilePanel:0.13311478
ReportPanel:0.11449163
ColopediaTreeItem:0.11191063
FreeColPanel:0.10854546
PlayersTable:0.082456544
UnitLabel:0.071328804
ColopediaTreeCellRenderer:0.059217103
DragListener:0.03931704
