ColopediaPanel:0.17930628
ReportLabourPanel:0.14526306
ReportContinentalCongressPanel:0.14240913
CompactLabourReport:0.12103148
ReportCargoPanel:0.11963014
UnitLabel:0.115019485
ReportColonyPanel:0.11051749
ReportTradePanel:0.10852334
ReportMilitaryPanel:0.10840892
FreeColPanel:0.10444929
ReportNavalPanel:0.10043023
ReportHighScoresPanel:0.079466775
ReportForeignAffairPanel:0.07702042
ReportTurnPanel:0.072571285
ReportProductionPanel:0.072544
ReportReligiousPanel:0.07249692
ReportHistoryPanel:0.065893255
ReportIndianPanel:0.059702404
ReportExplorationPanel:0.055773787
ReportLabourDetailPanel:0.046548117
ReportRequirementsPanel:0.03718933
