NotLoadedProject:0.72820073
RealProject:0.37417802
ProjectTMX:0.17696919
TMXEntry:0.12188895
SourceTextEntry:0.096699044
PrepareTMXEntry:0.08885364
ExternalTMX:0.05854951
ProjectProperties:0.05107466
EntryKey:0.017893638
