ColonyTradeItem:0.46
DiplomacyMessage:0.4533333333333333
GoodsTradeItem:0.4533333333333333
InGameController:0.45
UnitTradeItem:0.44333333333333336
TradeItem:0.42
GoldTradeItem:0.39611111111111114
StanceTradeItem:0.39277777777777784
DiplomaticTrade:0.25
InGameInputHandler:0.25
NegotiationDialog:0.20666666666666667
AIInGameInputHandler:0.14666666666666667
