MountPanel:0.1536423
ImportExport:0.11024342
PropertiesPanel:0.090925306
NewFolderDialog:0.018954067
