CalendarDesklet:0.230336
CalendarWidget:0.035436925
