RowInputText:0.4866666666666667
RowInputTextLog:0.4633333333333333
RowInputBinary:0.2966666666666667
DirectoryBlockCachedObject:0.22333333333333333
BitMapCachedObject:0.19666666666666666
IntArrayCachedObject:0.19666666666666666
RowInputTextQuoted:0.15
ScriptReaderText:0.12666666666666668
