Tool:0.62
MTogglePanel:0.34
Panel:0.2
ImageEditorDesigner:0.2
DayButton:0.2
RectangleTool:0.17
RDFItem:0.16333333333333333
Renderer:0.13666666666666666
