Player:0.76
ReportLabourPanel:0.43111111111111106
AIPlayer:0.25333333333333335
FreeColMenuBar:0.12333333333333334
