VersionControl:0.42583333333333334
FSHelper:0.4166666666666667
AdvancedProperties:0.3466666666666667
FeedThread:0.17
