Unit:0.7933333333333333
Colony:0.5233333333333333
WorkLocation:0.25666666666666665
ServerUnit:0.23
SpecificationTest:0.21666666666666667
ServerIndianSettlement:0.15777777777777777
