InGameController:0.7166666666666667
GUI:0.6166666666666667
InGameInputHandler:0.33666666666666667
CanvasMouseListener:0.22944444444444448
PreGameController:0.20333333333333334
AIInGameInputHandler:0.20111111111111113
ChatAction:0.17333333333333334
MapboardAction:0.14
GotoAction:0.10333333333333333
