SearchEngine:0.6208333333333333
AnsiDataHandler:0.38866666666666666
LuceneSearchEngine:0.38333333333333336
