MMenu:0.8066666666666666
PopupContent:0.3233333333333333
