Map:0.8166666666666667
BaseCostDeciderTest:0.3333333333333333
BaseCostDecider:0.31666666666666665
