Widget:0.68
Desktop:0.48333333333333334
NoteWidget:0.22333333333333333
TodoWidget:0.19777777777777777
