Region:0.5833333333333334
GUI:0.5088888888888888
MoveMessage:0.19
TilePanel:0.18333333333333332
ReportExplorationPanel:0.17333333333333334
