jEdit:0.63
FileVFS:0.37666666666666665
VFS:0.36666666666666664
BufferIORequest:0.30666666666666664
