TK:0.8
FeedViewer:0.2966666666666667
TestTK:0.27666666666666667
EnclosureAction:0.26666666666666666
Feed:0.26
TagsUtils:0.2188888888888889
SaveAsAction:0.14333333333333334
