ChunkCache:0.47333333333333333
TextAreaPainter:0.4066666666666667
MouseHandler:0.2536111111111111
PaintLineBackground:0.22972222222222224
SearchDialog:0.2225
Gutter:0.20666666666666667
BufferChangeHandler:0.17666666666666667
