Console:0.5483333333333333
ColorPalette:0.42333333333333334
CategoryManager:0.35833333333333334
