VFS:0.7682968
jEdit:0.6944506
VFSManager:0.25888354
Log:0.24063458
JEditTextArea:0.19593187
WorkThread:0.117778145
WorkRequest:0.1154446
SegmentBuffer:0.06612309
IntegerArray:0.02014466
