Player:0.73
FreeColDialog:0.36611111111111116
Canvas:0.32666666666666666
EuropePanel:0.27666666666666667
InGameController:0.23333333333333334
GUI:0.22
InGameInputHandler:0.19
CargoPanel:0.18333333333333332
MarketPanel:0.18333333333333332
ClientModelController:0.14333333333333334
EventPanel:0.12666666666666668
FreeColLookAndFeel:0.11666666666666667
ServerModelController:0.11333333333333333
DocksPanel:0.05333333333333334
ToAmericaPanel:0.05333333333333334
ToEuropePanel:0.05333333333333334
InPortPanel:0.03
