XMLFilter:0.51
OpenXMLFilter:0.31666666666666665
AbstractFilter:0.29
PoFilter:0.27666666666666667
OpenDocFilter:0.2633333333333333
