LinkUtil:0.68
WikiUtil:0.5733333333333334
AnsiDataHandler:0.32666666666666666
ServletUtil:0.3233333333333333
WikiUtilTest:0.32
MagicWordUtil:0.19833333333333333
LinkUtilTest:0.18944444444444442
TemplateTag:0.18333333333333332
JAMWikiServlet:0.18333333333333332
ManageServlet:0.17333333333333334
MoveServlet:0.13666666666666666
WikiLinkTag:0.11666666666666667
WatchlistServlet:0.10333333333333333
MediaWikiXmlExporter:0.07333333333333333
