ColonyTradeItem:0.48333333333333334
GoldTradeItem:0.48333333333333334
StanceTradeItem:0.48333333333333334
