Tree:0.1045703
PropertiesBar:0.096022844
LocationBar:0.06661666
ImportExport:0.058325924
PropertiesPanel:0.05820489
