InGameController:0.8966666666666666
SellGoodsMessage:0.21416666666666667
BuyGoodsMessage:0.21416666666666667
