MTextField:0.121750735
MSearchPanel:0.0634069
MText:0.06022205
MPanel:0.05031131
MMessage:0.04832893
MFontChooser:0.033112086
MMenu:0.0275393
MButton:0.024899632
MSmallButton:0.023415737
MLabel:0.019171683
MHighlighter:0.016208738
MTimer:0.01592332
MIconChooser:0.012164532
UI:0.011802249
MList:0.011427659
MActionInfo:0.008944156
MIcon:0.0067858794
WTFError:0.003334796
