MText:0.5822222222222222
GHNSDialog:0.5233333333333333
PluginDownloader:0.4866666666666667
