Config:0.7566666666666667
Advanced:0.32666666666666666
