FeedComponent:0.5783333333333334
Icon:0.32666666666666666
InternetSearchPanel:0.30333333333333334
