ProxySettings:0.6733333333333333
InternetBrowserSettings:0.35333333333333333
Main:0.22
MNumberSpinner:0.21444444444444444
AppSettings:0.12666666666666668
