RCData:0.5533333333333333
SqlFile:0.44
TestScriptRunner:0.3
ScriptRun:0.2866666666666667
