Cache:0.086194456
PersistentStore:0.07531637
DataFileCache:0.071043745
TextCache:0.041857574
DataFileDefrag:0.035428893
