EBComponent:0.4667725
EditBus:0.24840043
EBMessage:0.16142003
FirewallPlugin:0.11399356
QuickNotepadPlugin:0.09590451
EditPlugin:0.06630742
