HistoryModel:0.19985855
VFSBrowser:0.13292141
SearchBar:0.06664219
SearchDialog:0.061738946
View:0.046698343
GUIUtilities:0.046111483
KeyEventWorkaround:0.035692215
jEdit:0.020110698
