LinkUtil:0.4533333333333333
ServletUtil:0.29333333333333333
ParserFunctionUtil:0.2733333333333333
LinkUtilTest:0.27
ImageUtil:0.23333333333333334
MediaWikiXmlExporter:0.16
