StatementDMQL:0.29219198
Routine:0.18055393
Expression:0.16762201
SubQuery:0.15616804
QueryExpression:0.15188257
Statement:0.13402529
SessionContext:0.13114223
ParserDML:0.13041098
ParserRoutine:0.105059244
Session:0.10151545
FunctionSQLInvoked:0.08537375
SchemaObject:0.042777464
SessionData:0.038195103
ColumnSchema:0.037956633
StatementTypes:0.028020779
ColumnBase:0.022040138
OpTypes:0.004799045
