MText:0.07494137
MURLButton:0.07270669
MHTMLViewer:0.063291065
MWebBrowserPanel:0.058268636
TK:0.03978571
MMainWindow:0.033557117
MMenu:0.022909073
UI:0.018837655
Property:0.0061377464
Kiosk:0.0030619057
