GUI:0.09959011
Canvas:0.07936197
