InfoPanel:0.09119905
FreeColPanel:0.03702298
EditSettlementDialog:0.0366718
