IEditor:0.7445555555555555
MainWindowMenuHandler:0.4033333333333333
MatchesTextArea:0.24444444444444446
EditorController:0.24
MainWindowMenu:0.22
MultipleTransPane:0.18333333333333332
GlossaryTextAreaTest:0.15
