DockableWindowManager:0.2513194
GUIUtilities:0.039994016
DockableWindow:0.027831635
jEdit:0.019195888
