jEdit:0.18305719
JARClassLoader:0.13673167
OptionsDialog:0.10086735
GUIUtilities:0.09199511
PluginList:0.08775431
PluginsMenu:0.08011052
LatestVersionPlugin:0.079959355
OptionPane:0.058592953
HelpViewer:0.0556506
PluginManager:0.05307664
EBPlugin:0.04864317
View:0.04332758
Roster:0.019964395
PluginResURLConnection:0.01940801
