Unit:0.7466666666666667
Player:0.4866666666666667
BuildQueue:0.28777777777777774
FreeColObject:0.2866666666666667
