MFontChooser:0.20531018
MButton:0.020461345
StateEvent:0.0029452944
