MainWindow:0.6133333333333333
MAbout:0.39666666666666667
SDK:0.25666666666666665
