MainWindow:0.4633333333333333
ProjectUICommands:0.43666666666666665
MainWindowMenuHandler:0.39055555555555554
