SqlFile:0.5166666666666667
SimpleLog:0.31
SqlTool:0.29444444444444445
PrivateException:0.18333333333333332
RowError:0.18
