ImageLibrary:0.58
InGameController:0.38666666666666666
SignaturePanel:0.21666666666666667
IntegerOptionUI:0.19666666666666666
ColonyNameBox:0.1557777777777778
