EditorPlugin:0.031860743
EditorIO:0.028565574
EditorConfig:0.0272668
PrintPreview:0.016986806
PrintDialog:0.01329044
Actions:0.0050672884
