FSPlugin:0.318415
FSDynamic:0.2786131
FSNewFile:0.25067392
MountManager:0.24595577
FSHelper:0.20192511
FSOpen:0.19900937
AbstractFS:0.17930946
MetaInfo:0.038694553
