VersionControl:0.2795085
VersionDialog:0.1573648
