Tracker:0.4633333333333333
MainWindow:0.44666666666666666
Query:0.34
FSHelper:0.26
