SqlFile:0.7266666666666667
RCData:0.4166666666666667
SqlTool:0.23333333333333334
