VFS:0.6833333333333333
DirectoryEntry:0.38333333333333336
VFSDirectoryEntryTable:0.3433333333333333
VFSDirectoryEntryTableModel:0.31666666666666665
FileRootsVFS:0.22666666666666666
BrowserView:0.20666666666666667
FileVFS:0.2
FavoritesVFS:0.16333333333333333
FileCellRenderer:0.15333333333333332
TableMouseHandler:0.13
LocalDirectoryEntry:0.12
FavoritesEntry:0.07666666666666666
RootsEntry:0.07283333333333332
ExtendedAttribute:0.05888888888888888
