Session:0.43666666666666665
CharacterType:0.41
FunctionSQL:0.38666666666666666
SqlInvariants:0.36
Charset:0.3433333333333333
ParserDQL:0.3433333333333333
ExpressionColumn:0.31333333333333335
JDBCCallableStatement:0.2966666666666667
LobManager:0.23
FunctionCustom:0.22444444444444447
SessionData:0.21666666666666667
SchemaManager:0.21333333333333335
Routine:0.20666666666666667
DatabaseInformationMain:0.18
TypeInvariants:0.05333333333333334
