PrintDialog:0.27658805
PrintPreview:0.12594765
