MLabel:0.4166666666666667
MButton:0.37
PluginSettings:0.23
FeedViewer:0.21333333333333335
MDialog:0.21
FSHelper:0.1975
MFileChooser:0.19166666666666668
Backup:0.18666666666666668
TabIcon:0.18
PrintDialog:0.16333333333333333
MAbout:0.16
PropertiesDialog:0.11333333333333333
CalendarWidget:0.11
