MetaInfo:0.7766666666666666
Button:0.25
PropertiesBar:0.24666666666666667
AbstractFS:0.22333333333333333
VersionControl:0.21916666666666668
LinkMetaInfo:0.21333333333333335
TreePanel:0.19333333333333333
LockButton:0.16
VersionPanel:0.16
MountManager:0.15666666666666668
ToggleIconButton:0.10333333333333333
