PathNode:0.25610474
Unit:0.13081837
Tile:0.11099415
Player:0.10007245
Europe:0.06532389
Game:0.053292792
FreeColGameObject:0.03950585
Settlement:0.033899963
FreeColObject:0.031733595
Region:0.031252768
