River:0.18700223
TerrainGenerator:0.1445022
