TopicVersion:0.58
DatabaseHandler:0.4166666666666667
FileHandler:0.4083333333333333
ImportServlet:0.25
PersistencyHandler:0.21638888888888885
