VFS:0.23925303
VFSBrowser:0.114044294
VFSManager:0.090317495
jEdit:0.06751733
WorkRequest:0.056093
WorkThread:0.03632021
