TransportMission:0.4533333333333333
Canvas:0.4188888888888889
TilePopup:0.36666666666666664
