PaletteToolBarUI:0.48333333333333334
PaletteLookAndFeel:0.4766666666666667
StreamPosTokenizer:0.39666666666666667
Matcher:0.22
