RealProject:0.7033333333333334
Main:0.4033333333333333
ProjectFactory:0.21666666666666667
