EditorSettings:0.5166666666666667
Preferences:0.5133333333333333
Styles:0.4511111111111111
MainWindowMenuHandler:0.29
EditorController:0.25666666666666665
ComesFromTMMarker:0.24444444444444446
MainWindowMenu:0.20333333333333334
ComesFromAutoTMMarker:0.1
