Figure:0.6966666666666667
DrawingModelEvent:0.4633333333333333
LineConnectionFigure:0.21333333333333335
AbstractDrawingModel:0.18333333333333332
AbstractFigure:0.11166666666666666
ConnectionsAndLayoutDrawingModel:0.10666666666666667
NoLayoutNoConnectionsDrawingModel:0.10666666666666667
ConnectionsNoLayoutDrawingModel:0.10666666666666667
