Buffer:0.5733333333333334
GUIUtilities:0.42
OffsetManager:0.2886111111111111
DockableWindowManager:0.25666666666666665
HelpViewer:0.14333333333333334
