ItemRenderer:0.5766666666666667
CompleteRenderer:0.42333333333333334
FSRenderer:0.3538333333333334
CompleteEditor:0.09
