EuropeAction:0.48285303
UnitAction:0.46945977
DeclareIndependenceAction:0.40802008
SelectableAction:0.39621606
MiniMapZoomOutAction:0.34745288
MiniMapZoomInAction:0.34745282
UnloadAction:0.34594548
FindSettlementAction:0.342433
TradeRouteAction:0.34177536
TilePopupAction:0.335484
LoadAction:0.31837195
NewEmptyMapAction:0.31547695
ExecuteGotoOrdersAction:0.306334
ToggleViewModeAction:0.30548206
MoveAction:0.29578838
EndTurnAction:0.2554953
FreeColAction:0.12916242
