ActionManager:0.37279356
MapboardAction:0.2456183
