WidgetDesktopPaneUI:0.4866666666666667
Title:0.42333333333333334
CalendarWidget:0.25333333333333335
CalendarComponent:0.19
