TileImprovementPlan:0.5133333333333333
WorkLocationPlan:0.49333333333333335
ColonyPlan:0.3566666666666667
TileImprovementType:0.32666666666666666
AIColony:0.25
ColonyPlanTest:0.24333333333333335
EuropeanAIPlayer:0.2
TilePopup:0.2
