NewPanel:0.1056815
PlayersTableModel:0.07774344
ColorCellEditor:0.07230081
AdvantageCellRenderer:0.07007844
NationCellRenderer:0.057868507
FreeColPanel:0.026434781
ColorCellRenderer:0.01938161
AdvantageCellEditor:0.008279586
