MRenderer:0.7733333333333333
CompleteRenderer:0.27666666666666667
