MFileChooser:0.72
AbstractFS:0.6533333333333333
PluginInstaller:0.16666666666666666
