Tile:0.68
GUI:0.43333333333333335
Animation:0.32
InGameController:0.30333333333333334
UnitMoveAnimation:0.29333333333333333
InGameInputHandler:0.26
UnitMoveAnimationCanvasSwingTask:0.03666666666666667
AnimateCanvasSwingTask:0.005833333333333334
