ActionGroup:0.63
VersionDialog:0.3
PluginSettings:0.25666666666666665
PluginSettingsPage:0.23666666666666666
ScriptExecutor:0.225
ScriptIDE:0.20666666666666667
