Unit:0.69
Player:0.37
Tile:0.36666666666666664
Colony:0.2866666666666667
Settlement:0.2833333333333333
ColonyTile:0.24333333333333335
UnitContainer:0.19
StartGamePanel:0.18666666666666668
PreGameInputHandler:0.15666666666666668
InGameController:0.13
InGameInputHandler:0.1
PreGameController:0.03666666666666667
