PluginSettings:0.6866666666666666
PluginDownloader:0.63
Page:0.19333333333333333
