MMenu:0.16579892
MAction:0.11404662
MToolBar:0.09651304
TK:0.06399744
MFontChooser:0.06006261
MWebBrowserPanel:0.045823764
MToggleButton:0.02786665
MColorChooser:0.025240246
WTFError:0.009688707
