LinkUtil:0.45666666666666667
ParserUtil:0.44333333333333336
LinkTag:0.3055555555555555
