XLIFFOptions:0.5833333333333334
XLIFFDialect:0.39
EditXLIFFOptionsDialog:0.3433333333333333
