ApplicationModel:0.16449624
Application:0.0859289
View:0.046776447
EmptyApplicationModel:0.037383188
DefaultApplicationModel:0.03290462
