ParsedSection:0.16549756
SilentParsedSection:0.10670284
IgnoreParsedSection:0.10591379
BlankParsedSection:0.10234152
ResultSetParsedSection:0.09902436
CountParsedSection:0.09164004
ExceptionParsedSection:0.0901157
UpdateParsedSection:0.08774152
DisplaySection:0.078396834
TestSelf:0.03677019
TestScript:0.0048412858
TestTextTables:0.0031997263
