TestSqlPersistent:0.20413941
TestUtil:0.069657795
TestSubselect:0.047289673
TestTextTables:0.007781414
TestAll:0.0077119875
ClearTests:0.002829263
