TileImprovement:0.59
InGameInputHandler:0.5266666666666666
PioneeringMission:0.32666666666666666
