FreeColModFile:0.5033333333333333
Messages:0.34
FreeColTcFile:0.3333333333333333
Mods:0.31666666666666665
FreeColClient:0.31
ClientOptions:0.18583333333333332
NewPanel:0.18
FreeColModFileRenderer:0.09666666666666666
ChoiceRenderer:0.08333333333333333
ModTest:0.07222222222222222
AllTests:0.016666666666666666
