QuerySpecification:0.2636525
Expression:0.123315215
ParserDQL:0.10689393
TableDerived:0.09826948
RangeVariable:0.07922984
ExpressionColumn:0.07181191
SortAndSlice:0.0690341
Table:0.06552506
StatementSet:0.065196685
ParserDML:0.05787469
StatementDMQL:0.05486312
RangeVariableResolver:0.05465988
StatementDML:0.050151788
StatementQuery:0.047453213
View:0.044445407
ParserDDL:0.043178093
ExpressionTable:0.036922462
StatementInsert:0.03590469
TableBase:0.030782612
ColumnSchema:0.023825504
StatementCursor:0.023552608
Session:0.022731667
Database:0.014826938
SchemaObject:0.014039265
HsqlNameManager:0.011317649
RangeGroup:0.0065488666
ColumnBase:0.005090562
OpTypes:0.0010645533
Tokens:0.0
