RowOutputBase:0.33087525
RowOutputBinary:0.28688702
RowOutputTextLog:0.278243
RowOutputText:0.26429778
RowOutputBinaryEncode:0.15188786
RowOutputBinary180:0.06517093
RowInputBinary:0.05612655
