QueryExpression:0.2728089
View:0.26029468
Expression:0.18065447
RangeVariable:0.17433034
ParserDQL:0.16893268
StatementQuery:0.12663823
QuerySpecification:0.12467975
Table:0.122547746
StatementExpression:0.10685565
StatementDMQL:0.10379137
StatementSet:0.10055494
StatementDML:0.09355812
ParserDML:0.07505635
TableUtil:0.070473805
StatementProcedure:0.067444555
TableBase:0.06299975
ExpressionTable:0.056931473
ExpressionLogical:0.051851887
ExpressionColumn:0.042516544
Session:0.03976407
SchemaManager:0.033788554
RangeVariableResolver:0.0288432
Routine:0.028433658
SessionData:0.026341112
ParserRoutine:0.025928125
Row:0.025404546
SessionContext:0.020916888
Database:0.015905058
ColumnSchema:0.0153872045
ParserCommand:0.013760628
Scanner:0.009077528
ParserBase:0.008686026
OpTypes:0.0053512445
RangeGroup:0.0042636287
