DataFileCache:0.45378348
TextFileReader:0.2791565
TextFileSettings:0.1944053
RowStoreAVLDiskData:0.124791645
Cache:0.10620389
PersistentStore:0.09966444
CachedObject:0.069803745
ScaledRAFile:0.058849536
Logger:0.051024437
DataFileBlockManager:0.014926307
RandomAccessInterface:0.007058826
