MAction:0.6233333333333333
MCalendarPanel:0.38333333333333336
MText:0.27666666666666667
CalendarComponent:0.24333333333333335
CalendarTab:0.22333333333333333
CalendarWidget:0.16
