Game:0.39342797
FreeColObject:0.3187103
GoodsContainer:0.25425282
UnitLocation:0.22908334
PlayerExploredTile:0.2146301
GoodsLocation:0.21391967
TradeRoute:0.20757227
Resource:0.20064113
Region:0.19605207
MarketData:0.19258815
IndianSettlement:0.18985255
TileImprovement:0.18286271
Market:0.1799115
Europe:0.17727803
TileItemContainer:0.17386815
Monarch:0.17070276
Map:0.16341652
ModelMessage:0.16203305
HighSeas:0.1599363
Settlement:0.15300511
LostCityRumour:0.14730506
Tile:0.14110424
ColonyTile:0.1361625
Building:0.13544291
Scope:0.13480055
CombatModel:0.13144794
Player:0.12939164
TileItem:0.12521955
FreeColGameObjectListener:0.12449005
ModelController:0.110206775
Specification:0.102847934
Unit:0.09756252
SimpleCombatModel:0.0959493
Limit:0.095798805
WorkLocation:0.08180554
Location:0.08084836
NationSummary:0.07977968
HighScore:0.079091445
UnitWas:0.07218691
Operand:0.0632473
Colony:0.06186262
BuildQueue:0.013306578
ProductionCache:0.008540196
