RealProject:0.4666666666666667
SVNRemoteRepository:0.33666666666666667
GITRemoteRepository:0.33
Log:0.29333333333333333
ProjectTMX:0.22666666666666666
