ClipboardUtil:0.6566666666666666
PreferencesUtil:0.45666666666666667
SVGOutputFormat:0.3516666666666667
CutAction:0.14333333333333334
PasteAction:0.14333333333333334
CopyAction:0.14333333333333334
