FileUtil:0.5533333333333333
ScaledRAFileInJar:0.45666666666666667
LobStoreInJar:0.27666666666666667
FileAccessRes:0.24
