OS:0.42
MApplication:0.36333333333333334
Version:0.31333333333333335
PluginManager:0.2733333333333333
PluginInfo:0.25333333333333335
Item:0.19666666666666666
PluginDownloader:0.19333333333333333
Armor:0.19333333333333333
PluginSettings:0.19
TestOS:0.13666666666666666
InputMethodAction:0.09333333333333334
ProjectVersionValidator:0.08333333333333333
UpdateInfo:0.07
