Interwiki:0.41
WikiLink:0.39
AnsiQueryHandler:0.31
ParserOutput:0.2966666666666667
Environment:0.29
LinkUtil:0.2833333333333333
ServletUtil:0.19666666666666666
WikiDatabase:0.18333333333333332
LinkUtilTest:0.18333333333333332
AdminServlet:0.17666666666666667
ParserTest:0.17
AdminVirtualWikiServlet:0.14666666666666667
WikiLinkTag:0.10666666666666667
