EncodingDetector:0.738
jEdit:0.56
MiscUtilities:0.47333333333333333
GeneralOptionPane:0.18
AutoDetection:0.17666666666666667
EncodingWithBOM:0.15087301587301585
XMLEncodingDetector:0.0825
Detector:0.03
Options:0.02666666666666667
BufferLocalEncodingDetector:0.01
