Canvas:0.5966666666666667
InGameController:0.38333333333333336
ColonyPanel:0.3333333333333333
TradeRouteDialog:0.3144444444444444
ProductionLabel:0.31333333333333335
UnitLabel:0.23666666666666666
UnitAttackAnimationCanvasSwingTask:0.23333333333333334
InGameInputHandler:0.21333333333333335
TilePanel:0.21333333333333335
UnitImageAnimation:0.21333333333333335
UnitMoveAnimationCanvasSwingTask:0.20333333333333334
ReportPanel:0.16333333333333333
EndTurnDialog:0.15666666666666668
UnitAttackAnimation:0.15333333333333332
FindSettlementDialog:0.14
UnitMoveAnimation:0.12333333333333334
WorkProductionPanel:0.08333333333333333
EndTurnPanel:0.08
