MMenu:0.7266666666666667
MText:0.3333333333333333
Tabs:0.29
ImageEditor:0.22333333333333333
ColumnManager:0.22
Links:0.20666666666666667
MainWindow:0.19166666666666668
TaskStateMenu:0.13666666666666666
ScriptIDE:0.12333333333333334
DocumentListButton:0.10666666666666667
CalendarComponent:0.1
TreeSettingsButton:0.1
