GITCredentialsProvider:0.37
GITUserPassDialog:0.31833333333333336
SVNAuthenticationManager:0.30666666666666664
TeamUtils:0.30666666666666664
SVNUserPassDialog:0.24277777777777781
Credentials:0.07333333333333333
