Specification:0.86
InGameController:0.31666666666666665
ReportColonyPanel:0.28
ReportMilitaryPanel:0.25333333333333335
TilePanel:0.17
