MainWindowMenuHandler:0.17836218
MainWindow:0.10878882
IMainWindow:0.07710659
MainWindowUI:0.071747996
