Canvas:0.43333333333333335
FreeColServer:0.35333333333333333
OptionMap:0.27666666666666667
ConnectController:0.27666666666666667
FreeCol:0.22
AIGoods:0.1988888888888889
LoadingSavegameDialog:0.19
MainPanel:0.13333333333333333
ClientOptions:0.12
