ValueType:0.023557475
DocumentWriter:0.0026373072
