AbstractFilter:0.30333333333333334
PoFilter:0.2833333333333333
TranslateEntry:0.25
ResourceBundleFilter:0.15333333333333332
TranslateFilesCallback:0.15
MozillaDTDFilter:0.12666666666666668
RcFilter:0.12666666666666668
