Preferences:0.5866666666666667
ProjectProperties:0.47333333333333333
Project:0.4033333333333333
ParseEntry:0.35333333333333333
MainWindowMenuHandler:0.24
TranslateEntry:0.23611111111111113
MainWindowMenu:0.22333333333333333
RealProject:0.2
AlignFilesCallback:0.18
ProjectFileStorage:0.17666666666666667
TmxComplianceBase:0.14
ProjectPropertiesDialog:0.13
