MList:0.4255555555555556
MTree:0.31
StaticHandler:0.28
MTableHeader:0.17833333333333334
