Colony:0.52
BuildableType:0.5166666666666667
InGameController:0.37833333333333335
InGameInputHandler:0.2833333333333333
BuildQueuePanel:0.21666666666666667
