Player:0.6533333333333333
Game:0.48
Europe:0.44666666666666666
PreGameController:0.16666666666666666
