MRenderer:0.8566666666666667
ColorRenderer:0.38
ConsoleConfig:0.16
DateTimeRenderer:0.12333333333333334
