TodoEditorCore:0.10054772
TodoEditor:0.08183173
