jEdit:0.18048836
AbstractOptionPane:0.036680415
OptionsDialog:0.021246104
