GUIUtilities:0.19438148
jEdit:0.0886714
EditAction:0.07493807
EnhancedMenu:0.030883843
