GUIUtilities:0.0705584
EditAction:0.03245275
StatusBar:0.028248133
jEdit:0.0253685
EnhancedMenu:0.02303929
VFSManager:0.022417841
VFS:0.016306419
View:0.016157454
BufferHistory:0.01498288
