UnitType:0.43
EquipmentType:0.3283333333333333
Nation:0.31
TileType:0.30333333333333334
FoundingFather:0.22
BuildingType:0.21333333333333335
TileImprovementType:0.20833333333333334
ResourceType:0.19833333333333333
DifficultyLevel:0.16833333333333333
