MiscUtilities:0.8266666666666667
HelpIndex:0.27666666666666667
HelpTOCPanel:0.23666666666666666
