Property:0.5033333333333333
VersionProperty:0.28
NumberProperty:0.24666666666666667
BooleanProperty:0.17666666666666667
IntegerProperty:0.14333333333333334
StringProperty:0.14333333333333334
DoubleProperty:0.14333333333333334
FloatProperty:0.14333333333333334
ColorProperty:0.14333333333333334
