Table:0.1584667
DatabaseCommandInterpreter:0.1564258
DatabaseInformationMain:0.12549354
DINameSpace:0.120048314
UserManager:0.102177896
DatabaseInformationFull:0.102034084
Log:0.10030681
Session:0.098637335
TableWorks:0.09138327
Parser:0.088435195
Trace:0.088034004
Logger:0.08549708
Function:0.0837745
DatabaseScript:0.08299521
Constraint:0.07280102
DatabaseInformation:0.06582069
DataFileDefrag:0.065297715
CompiledStatementExecutor:0.06452629
SessionManager:0.060848337
User:0.05970718
View:0.059612986
DatabaseManager:0.059380233
SequenceManager:0.054162394
TextTable:0.053959843
DataFileCache:0.05042033
Cache:0.048969463
HsqlDatabaseProperties:0.04811307
Library:0.041485913
HsqlNameManager:0.040823985
DatabaseObjectNames:0.037283298
ServerConnection:0.02753862
ScriptRunner:0.027122958
HsqlProperties:0.025136903
CompiledStatementManager:0.024356313
SubQuery:0.019515142
HsqlException:0.010260918
NumberSequence:0.0091564
