Cache:0.38863203
TextCache:0.25351703
Log:0.13201976
CachedRow:0.116594866
CacheFree:0.08960548
ScaledRAFile:0.079570144
DataFileDefrag:0.07625469
Trace:0.071925394
Database:0.06354379
Table:0.055056743
DatabaseInformationFull:0.05189884
HsqlDatabaseProperties:0.042856622
Logger:0.0409247
HsqlException:0.007992488
