DatabaseManager:0.13213962
DatabaseManagerSwing:0.13155748
ZaurusDatabaseManager:0.069594696
