RowInputTextQuoted:0.3304781
RowInputBase:0.18729882
RowInputInterface:0.10433388
