Market:0.2719185
GoodsType:0.07294771
FreeColObject:0.05749173
Player:0.028997177
