MarketData:0.43151104
Colony:0.2293805
TransactionListener:0.20521028
GoodsType:0.18836348
Europe:0.16964786
Goods:0.15380406
AbstractGoods:0.15371865
Tile:0.15281776
Player:0.11730584
Unit:0.0991577
Monarch:0.08395602
FreeColGameObject:0.078171566
Game:0.070662074
ModelMessage:0.07017444
FreeColObject:0.06372397
FreeColGameObjectType:0.028005019
FeatureContainer:0.016183373
Ownable:0.012540123
