LabelLayerUI:0.86
AddFeedDialog:0.32
ImagePreviewPanel:0.30333333333333334
Dialog:0.24666666666666667
ImageLabel:0.1
