Type:0.4666666666666667
CharacterType:0.32
TransactionManagerMVCC:0.30833333333333335
RowStoreAVLDisk:0.30833333333333335
RowStoreAVLMemory:0.30833333333333335
TransactionManagerMV2PL:0.2916666666666667
ExpressionLogical:0.27666666666666667
RowStoreAVLHybridExtended:0.27166666666666667
TestUtil:0.2633333333333333
Logger:0.23
IndexAVL:0.22666666666666666
Routine:0.22359523809523807
RangeVariableConditions:0.22
RangeIteratorMain:0.21
ParsedSection:0.20666666666666667
RangeVariableResolver:0.20666666666666667
TransactionManagerCommon:0.18333333333333332
ExpressionLike:0.17
ResultSetParsedSection:0.15666666666666668
ClobType:0.15333333333333332
OpTypes:0.08333333333333333
SilentParsedSection:0.07666666666666666
BlankParsedSection:0.07666666666666666
ExceptionParsedSection:0.04
UpdateParsedSection:0.03666666666666667
CountParsedSection:0.03666666666666667
DisplaySection:0.03333333333333333
ResultSetOutputParsedSection:0.03333333333333333
ProceedSection:0.02666666666666667
WaitSection:0.02666666666666667
IgnoreParsedSection:0.02666666666666667
