InstanceEditor:0.5733333333333334
FilterEditor:0.4066666666666667
FiltersCustomizer:0.36
