ServerProperties:0.8333333333333334
ServerConfiguration:0.38333333333333336
