Unit:0.36434808
UnitContainer:0.31831494
Player:0.28468582
Tile:0.24254154
Goods:0.19120291
GoodsContainer:0.15251642
Game:0.11905162
FreeColGameObject:0.10115553
Location:0.09070155
ModelMessage:0.08406617
Locatable:0.032027066
FoundingFather:0.016576795
