Unit:0.2780518
Colony:0.19348092
Tile:0.18719223
Game:0.179026
Europe:0.15769285
Building:0.15238567
IndianSettlement:0.14470097
UnitContainer:0.14270252
Map:0.13421504
ColonyTile:0.13308738
GoodsContainer:0.090031415
FreeColGameObject:0.07772994
Goods:0.073262244
Market:0.07311443
ModelController:0.065725856
FoundingFather:0.057657525
Location:0.05168352
Settlement:0.047725674
ModelMessage:0.036051407
WorkLocation:0.011682746
