Connection:0.22406217
NetworkReplyObject:0.13157342
Message:0.04020649
