IndianSettlement:0.44473925
Tile:0.3879522
Europe:0.3718062
Unit:0.29730126
Player:0.23395218
Game:0.19970393
FreeColGameObject:0.15142648
Location:0.12396442
