Session:0.44666666666666666
Database:0.4066666666666667
HsqlDatabaseProperties:0.39666666666666667
TransactionManagerMVCC:0.36
RowAction:0.3466666666666667
ExpressionLogical:0.31666666666666665
TransactionManagerMV2PL:0.24
ParserRoutine:0.23666666666666666
PersistentStoreCollectionSession:0.23333333333333334
LongKeyHashMap:0.23333333333333334
JDBCStatement:0.22666666666666666
TransactionManager2PL:0.21
JDBCStatementBase:0.20388888888888887
Logger:0.20333333333333334
JDBCPreparedStatement:0.18333333333333332
TransactionManagerCommon:0.17666666666666667
FunctionCustom:0.16333333333333333
SessionContext:0.14
ParserDDL:0.09
