ArrayUtil:0.38
BitMap:0.3566666666666667
CharacterType:0.35
ParserDQL:0.34
SchemaManager:0.29333333333333333
Expression:0.27
ExpressionColumn:0.2633333333333333
FunctionSQL:0.25
TableDerived:0.22066666666666668
BooleanType:0.22055555555555553
HsqlNameManager:0.20333333333333334
BlobInputStream:0.19666666666666666
