TextEditor:0.56
TextEditorDesigner:0.49333333333333335
HighlightAction:0.27666666666666667
TextEditorKit:0.24666666666666667
