Table:0.64
DomainType:0.39666666666666667
SchemaManager:0.39
TableWorks:0.33
Grantee:0.33
DistinctType:0.23
Parser:0.22
DINameSpace:0.22
Schema:0.21
DDLParser:0.21
DatabaseInformationMain:0.20666666666666667
DatabaseInformationFull:0.20666666666666667
ScriptWriterBase:0.20666666666666667
CompiledStatementExecutor:0.2
DatabaseScript:0.19
