DockableWindowManager:0.5733333333333334
WindowTableModel:0.35333333333333333
DockingOptionPane:0.2733333333333333
DockableWindowFactory:0.265
