MainWindow:0.44
MDocumentAdapter:0.32
MNotification:0.24333333333333335
ControlPanel:0.21333333333333335
MSplashScreen:0.20777777777777778
Main:0.20733333333333334
ScriptIDE:0.18666666666666668
MWindow:0.11
ClearAction:0.10333333333333333
