MLogger:0.61
AbstractTransition:0.37666666666666665
MFlipPanel:0.3466666666666667
AnimationComponent:0.25666666666666665
Effect:0.165
ImageTransition:0.14333333333333334
FadeEffect:0.08
ComponentTransition:0.07333333333333333
