RowOutputBinary:0.38666666666666666
Result:0.37666666666666665
RowOutputBase:0.34
RowOutputText:0.29
RowOutputInterface:0.2732777777777778
ExpressionLogical:0.22833333333333333
RowInputInterface:0.2
TestBase:0.1511111111111111
RowOutputTextLog:0.14666666666666667
