Console:0.44333333333333336
Model:0.36
DBRecordPanel:0.23
ResizeDialog:0.22666666666666666
ControlPanel:0.2225
ConsoleConfig:0.19666666666666666
