RowInputText:0.6797222222222223
ServerConnection:0.5462222222222223
