Unit:0.7833333333333333
ColopediaPanel:0.25333333333333335
ColonyPanel:0.23666666666666666
ReportUnitPanel:0.21333333333333335
CaptureGoodsDialog:0.15666666666666668
