MetaInfo:0.6566666666666666
Armor:0.31333333333333335
PermissionKey:0.22666666666666666
ItemRenderer:0.21666666666666667
PluginManager:0.19605555555555554
SecurityDialog:0.16333333333333333
Reminder:0.06666666666666667
