AIMain:0.4
AIObject:0.38333333333333336
ColonialAIPlayer:0.3383333333333333
StandardAIPlayer:0.26
IndianBringGiftMission:0.26
IndianAIPlayer:0.20666666666666667
IndianDemandMission:0.20444444444444446
NewAIPlayer:0.18
