Player:0.5966666666666667
InGameController:0.33
ColonialAIPlayer:0.2088888888888889
InGameInputHandler:0.2088888888888889
StandardAIPlayer:0.2
PayArrearsMessage:0.17333333333333334
