MetaInfo:0.7
LinkMetaInfo:0.37333333333333335
Query:0.31666666666666665
MetaInfoComparator:0.20222222222222222
SortComparator:0.15333333333333332
