MLogger:0.49
Tracker:0.4166666666666667
TrackerItem:0.30666666666666664
TaskManager:0.20333333333333334
CalendarWidget:0.1925
CalendarComponent:0.13666666666666666
