CornerMapControls:0.0726482
ClassicMapControls:0.040995363
MapControls:0.039370175
UnitButton:0.0033361707
