ActionManager:0.4309064
MapboardAction:0.3383831
