ReportLabourPanel:0.1685034
ReportCargoPanel:0.13566382
ReportNavalPanel:0.12631646
CompactLabourReport:0.12503026
ReportColonyPanel:0.124671355
ReportContinentalCongressPanel:0.12169869
ReportMilitaryPanel:0.11590315
ReportEducationPanel:0.105714135
UnitLabel:0.10521233
ReportTradePanel:0.0978795
ReportForeignAffairPanel:0.09476906
ReportHighScoresPanel:0.0901675
ReportTurnPanel:0.08555479
ReportReligiousPanel:0.081392854
ReportHistoryPanel:0.079845674
ReportIndianPanel:0.074922755
ReportProductionPanel:0.07101548
FreeColPanel:0.06370266
ReportExplorationPanel:0.060679547
ReportLabourDetailPanel:0.054819517
ReportRequirementsPanel:0.04270642
