MapViewer:0.105200306
GUI:0.10514199
Canvas:0.044468377
TerrainCursor:0.023678072
