ReportPanel:0.26196346
FreeColPanel:0.06592744
