JAMWikiServlet:0.5766666666666667
LinkUtil:0.30666666666666664
EditServlet:0.20666666666666667
LoginServlet:0.17333333333333334
RegisterServlet:0.15
SearchServlet:0.10333333333333333
