VFSManager:0.5166666666666667
VFSBrowser:0.43833333333333335
