GHNSDialog:0.8166666666666667
Page:0.3933333333333333
PluginDownloader:0.39
