FS:0.41
Editor:0.3466666666666667
TaskTable:0.31666666666666665
Date:0.27
ScriptIDE:0.20666666666666667
PIMProperty:0.18666666666666668
TestAction:0.16333333333333333
SetRepeatRuleAction:0.16
ScriptError:0.12666666666666668
SnippetsButton:0.07
FileSizeVisitor:0.03
SimpleButtonUI:0.006666666666666667
