QueryEditor:0.5933333333333334
SearchFS:0.528888888888889
SearchBar:0.2733333333333333
