Vars:0.5239047619047619
Console:0.47
Output:0.3566666666666667
MTextArea:0.25
