InGameController:0.64
CloseTransactionMessage:0.3466666666666667
GetTransactionMessage:0.2633333333333333
