TodoEditorCore:0.36
FeedThread:0.3433333333333333
ImageEditorCore:0.32
FeedsFS:0.23666666666666666
MToolBar:0.20666666666666667
FeedDownloader:0.16333333333333333
LinkEditor:0.16111111111111112
