MMessage:0.4266666666666667
MApplication:0.37666666666666665
Main:0.30333333333333334
Args:0.26066666666666666
Wizard:0.21666666666666667
Help:0.19833333333333333
MAbout:0.17583333333333334
SDK:0.16666666666666666
