ProjectTMX:0.4633333333333333
SourceTextEntry:0.36666666666666664
RealProject:0.3233333333333333
LoadFilesCallback:0.23
MatchesTextArea:0.22666666666666666
TmxComplianceTests:0.21666666666666667
TmxComplianceBase:0.16
ParseEntry:0.16
FindMatchesThread:0.15666666666666668
ProjectTeamTMX:0.15
IParseCallback:0.15
CommentsTextArea:0.14
SearchCallback:0.10333333333333333
NearString:0.08666666666666667
TmxSegmentationTest:0.08333333333333333
RealProjectTest:0.08
ParseEntryQueueItem:0.0
