Config:0.6933333333333334
MActionInfo:0.3433333333333333
Context:0.2733333333333333
Parameters:0.2633333333333333
MFileChooser:0.24416666666666667
Filters:0.23
MTip:0.22666666666666666
ListWriter:0.2227777777777778
DateTimeDialog:0.16333333333333333
