TextEditorPlugin:0.3433333333333333
LinkEditorPlugin:0.3233333333333333
NotepadEditorPlugin:0.22333333333333333
ImageEditorPlugin:0.056666666666666664
