JDBCResultSet:0.6383333333333334
JDBCCallableStatement:0.4266666666666667
JDBCPreparedStatement:0.38333333333333336
