PluginManager:0.8333333333333334
InstallPanel:0.2633333333333333
ChoosePluginSet:0.21
ClearPluginSet:0.18333333333333332
RestoreButton:0.17
SaveButton:0.12333333333333334
