MApplication:0.47333333333333333
Index:0.44
DefaultPreview:0.3433333333333333
Undo:0.29333333333333333
TaskTable:0.27666666666666667
MWindow:0.2633333333333333
MFrame:0.23333333333333334
ImageEditorCore:0.23111111111111116
TodoEditorCore:0.22666666666666666
AbstractPainter:0.22
MSettingsDialog:0.20333333333333334
Desktop:0.19833333333333333
MFileChooser:0.18666666666666668
MDialog:0.18666666666666668
MInternalFrame:0.18666666666666668
DeleteCompletedAction:0.12333333333333334
DeleteAction:0.12333333333333334
