PriorityEditor:0.35737187
Priority:0.09851019
TaskTable:0.05616591
