JEditTextArea:0.4633333333333333
Entry:0.4347619047619048
MouseHandler:0.42
DockableWindowManager:0.41
DisplayManager:0.3566666666666667
PanelWindowContainer:0.32666666666666666
OffsetManager:0.2825
ButtonLayout:0.27611111111111114
VFSDirectoryEntryTable:0.24
ChunkCache:0.2
VFSFileNameField:0.15333333333333332
DockablePanel:0.13
DockableWindowCompare:0.07333333333333333
RectParams:0.07333333333333333
VMS:0.016666666666666666
