Config:0.26565823
VersionProperty:0.23211071
PropertyAccess:0.20902355
Property:0.1730632
UI:0.07006325
