SecureProperty:0.3744841
Config:0.26919487
PropertyAccess:0.26179662
IntegerProperty:0.10425634
EnumProperty:0.10388245
TK:0.09397081
OS:0.075764365
StringProperty:0.07202086
BooleanProperty:0.054481722
UI:0.05386374
ColorProperty:0.053716213
MAction:0.050948508
MLogger:0.04910593
VersionProperty:0.030772883
SimpleListCellRenderer:0.02781078
DateProperty:0.027444325
MApplication:0.02536871
MText:0.024316866
FontProperty:0.02285039
MRating:0.018997595
MButton:0.017613752
MDialog:0.016612368
MStatusBar:0.016205275
MTip:0.01597829
MColorChooser:0.015800599
MNotification:0.0156173
MIcon:0.014923805
MTogglePanel:0.013374338
MToolBar:0.012765726
MAuthenticator:0.012601326
MURLButton:0.0126010375
MMessage:0.012557069
MWizard:0.011600072
MTextFieldPanel:0.007886229
MColorIcon:0.007824617
MouseGestures:0.0077249315
MMainWindow:0.006334123
Watermark:0.0060910815
CoolHeader:0.0051748133
MSystemTray:0.004244543
MSplashScreen:0.0035897512
MMouseAdapter:0.0033632896
MButtonPanel:0.002935971
CoolLabel:4.4807993E-4
