FSHelper:0.76
AbstractFS:0.5833333333333334
NameValidator:0.16333333333333333
FolderNameValidator:0.14666666666666667
