DataSpaceManager:0.5266666666666666
TableSpaceManager:0.45699999999999996
BitMap:0.44
DataSpaceManagerBlocks:0.37
TableSpaceManagerBlocks:0.34
DataFileCache:0.30666666666666664
Log:0.23333333333333334
CachedObjectBase:0.22666666666666666
TableSpaceManagerDefault:0.19666666666666666
DataSpaceManagerSimple:0.18333333333333332
TableSpaceManagerText:0.13666666666666666
TableSpaceManagerSimple:0.13666666666666666
BlockAccessor:0.05
