Player:0.06533306
Unit:0.06391709
UnitType:0.051237624
TileImprovementType:0.046437025
FreeColGameObjectType:0.042765453
SimpleCombatModel:0.028581843
