IndianNationType:0.17609791
UnitTypeChange:0.16647048
Colony:0.1618926
BuildingType:0.14227228
TileImprovementType:0.14154182
TileType:0.1360757
Unit:0.13228011
Building:0.12611887
FoundingFather:0.11966877
Resource:0.117286064
AbstractUnit:0.11437921
Europe:0.113550685
Tile:0.11126106
EquipmentType:0.11117346
IndianSettlement:0.109553106
GoodsType:0.106632
Settlement:0.10372716
ResourceType:0.102377996
ColonyTile:0.10224145
Specification:0.10064947
AbstractGoods:0.09765364
Monarch:0.08783513
BuildableType:0.08551902
PlayerExploredTile:0.0853145
Consumer:0.07848659
Player:0.0770936
TileItemContainer:0.07009229
FreeColObject:0.06777946
FreeColGameObjectType:0.063796595
Modifier:0.05686938
LostCityRumour:0.04994279
SimpleCombatModel:0.033366602
UnitTradeItem:0.029586256
FeatureContainer:0.02248986
TypeCountMap:0.019463986
