AIPlayer:0.5933333333333334
InGameController:0.5466666666666666
BuyPropositionMessage:0.3233333333333333
SellPropositionMessage:0.31
ColonialAIPlayer:0.2966666666666667
StandardAIPlayer:0.21333333333333335
SellMessage:0.19111111111111112
BuyMessage:0.19111111111111112
NewAIPlayer:0.18666666666666668
EuropeanAIPlayer:0.13666666666666666
IndianAIPlayer:0.056666666666666664
