WikiBase:0.47
DatabaseHandler:0.4033333333333333
PersistencyHandler:0.38666666666666666
FileHandler:0.27666666666666667
AdminController:0.23333333333333334
HistoryServlet:0.11666666666666667
