GoodsType:0.7133333333333334
Settlement:0.3566666666666667
ColonyPanel:0.24666666666666667
CompactLabourReport:0.22666666666666666
ServerIndianSettlement:0.22333333333333333
ServerColony:0.18222222222222223
