BaseTokenizer:0.99999994
Tokenizer:0.28715706
HunspellTokenizer:0.18349445
DefaultTokenizer:0.0
