jdbcResultSet:0.4280079
jdbcDatabaseMetaData:0.3870952
jdbcPreparedStatement:0.34391487
jdbcStatement:0.31702402
jdbcColumnMetaData:0.1628901
Util:0.026743082
