Database:0.44
HsqlDatabaseProperties:0.4033333333333333
ParserDQL:0.34
Logger:0.32
ParserCommand:0.23333333333333334
ServerConnection:0.22333333333333333
StatementCommand:0.20444444444444446
