View:0.44
OptionsDialog:0.2633333333333333
DockableWindowManager:0.25333333333333335
TextUtilities:0.24666666666666667
ToolBarOptionPane:0.20666666666666667
PanelWindowContainer:0.17666666666666667
MacOSPlugin:0.17333333333333334
ActionHandler:0.13666666666666666
ToolBarEditDialog:0.11666666666666667
IconCellRenderer:0.11
Button:0.1
IconListEntry:0.06333333333333334
GlobalOptions:0.016666666666666666
MouseHandler:0.0
