Buffer:0.5933333333333334
JEditTextArea:0.4633333333333333
FoldVisibilityManager:0.32
OffsetManager:0.27694444444444444
UndoManager:0.2686111111111111
EditPane:0.22888888888888886
MouseHandler:0.18605555555555559
BufferOptions:0.18333333333333332
