jEdit:0.57
JEditTextArea:0.37666666666666665
MiscUtilities:0.31333333333333335
DefaultInputHandler:0.24333333333333335
SearchDialog:0.23333333333333334
KeyEventTranslator:0.22333333333333333
ActionHandler:0.21
KeyEventWorkaround:0.19666666666666666
NameSpace:0.1811111111111111
HyperSearchResults:0.16333333333333333
SettingsActionHandler:0.1575
InputPane:0.10333333333333333
