KeyEventTranslator:0.375
Key:0.37
PositionManager:0.29333333333333333
InputPane:0.23
PosTopHalf:0.16333333333333333
