Message:0.07289113
Connection:0.026170246
