Message:0.08133381
Connection:0.03013272
