FreeColDialog:0.2971517
FreeColPanel:0.08474538
