AbstractOption:0.6037579
OptionGroup:0.19903924
OptionMap:0.1892349
