OptionGroupUI:0.22291103
OptionMapUI:0.18430205
OptionUpdater:0.10003462
