MLabel:0.8133333333333334
TestI:0.21666666666666667
