jEdit:0.14938746
AbstractOptionPane:0.048351686
ColorWellButton:0.04550527
GlobalOptions:0.0269275
