Game:0.14123784
StringTemplate:0.13640966
Player:0.11700629
Market:0.08741644
FreeColGameObject:0.07355785
FreeColObject:0.0729962
Colony:0.06251124
Specification:0.036898885
