FS:0.7466666666666667
MainWindow:0.25666666666666665
MStatusBar:0.23666666666666666
MFileChooser:0.19
BackgroundTaskManager:0.14833333333333334
DesktopPanel:0.14833333333333334
ToggleButton:0.11666666666666667
MSmallButton:0.09666666666666666
StyleButton:0.09666666666666666
RatingButton:0.08
