MSmallColorChooser:0.5488888888888889
ColorPaletteMenu:0.47333333333333333
ItemStatus:0.2966666666666667
PopupContent:0.2733333333333333
ColorPaletteMenuAdapter:0.22666666666666666
