Figure:0.5
Key:0.37
SimpleDrawingView:0.32666666666666666
SimpleKey:0.24
SimpleFigureKey:0.17333333333333334
