WikiBase:0.64
AdminController:0.31666666666666665
EditServlet:0.25333333333333335
RSSServlet:0.18
AbstractNotify:0.17333333333333334
SaveAttachmentServlet:0.17333333333333334
