BuildingPanel:0.28991714
UnitLabel:0.10975472
ProductionLabel:0.04389214
