MapGeneratorOptionsDialog:0.24243487
DifficultyDialog:0.19171833
FreeColDialog:0.18042357
FreeColPanel:0.090762034
GameOptionsDialog:0.05156621
ClientOptionsDialog:0.04849026
