TMXReader:0.5655555555555555
TMXDateParser:0.5333333333333333
RealProject:0.2833333333333333
TMXWriter:0.18444444444444444
TMXDateParserTest:0.14666666666666667
TransEntry:0.11666666666666667
