FileVFS:0.22838452
VFS:0.1850246
Buffer:0.17560437
jEdit:0.16223264
TextUtilities:0.12183604
PluginJAR:0.10832964
GUIUtilities:0.104230925
Macros:0.09799235
VFSManager:0.095148936
VFSBrowser:0.09279851
Registers:0.089354694
SearchAndReplace:0.08529177
KeyEventTranslator:0.08452131
BufferIORequest:0.07857945
View:0.07743274
JEditTextArea:0.0749478
HistoryModel:0.074342
DirectoryProvider:0.070823215
Abbrevs:0.070735425
HelpIndex:0.07035475
Selection:0.0669544
SearchDialog:0.06424014
BufferHistory:0.0626385
Log:0.06123587
JARClassLoader:0.058545593
AllBufferSet:0.056905378
PluginList:0.056241643
OperatingSystem:0.053425547
PluginsProvider:0.05177668
StatusBar:0.051207032
BufferListSet:0.051168982
VFSFileChooserDialog:0.04987551
FoldHandler:0.048505545
HyperSearchResult:0.047780253
Roster:0.047559515
ManagePanel:0.04706033
Mode:0.046819437
VFSDirectoryEntryTable:0.0448831
KillRing:0.044471174
FileRootsVFS:0.04314473
EditingOptionPane:0.042811017
HelpTOCPanel:0.0412374
VFSFileNameField:0.04036958
ActionContext:0.0393027
BufferOptions:0.039222166
DirectoryListSet:0.038105633
HelpViewer:0.037216365
InputHandler:0.03648773
PerspectiveManager:0.033763207
SettingsReloader:0.033496015
BrowserView:0.033073965
TokenMarker:0.032744218
InstallPanel:0.031662986
PanelWindowContainer:0.030715344
CompleteWord:0.030008283
RecentFilesProvider:0.028656133
BrowserCommandsMenu:0.026962858
ModeCatalogHandler:0.02540196
UrlVFS:0.025267638
ActionBar:0.0246061
PluginResURLConnection:0.023900395
ToolBarEditDialog:0.02286949
QuickNotepad:0.0223213
ShortcutsOptionPane:0.02114785
LogViewer:0.020867255
ToolBarOptionPane:0.02070312
WindowTableModel:0.020020531
ContextOptionPane:0.019788168
PluginManagerOptionPane:0.018835895
AbbrevsOptionPane:0.01880992
AbbrevsModel:0.018710595
RecentDirectoriesProvider:0.018506052
MacOSPlugin:0.017277017
MacrosProvider:0.014706282
FavoritesProvider:0.014116327
StyleTableModel:0.013936544
GeneralOptionPane:0.011767577
BufferPrinter1_4:0.010653942
TipOfTheDay:0.00949821
LatestVersionPlugin:0.009094202
ContextAddDialog:0.0076133874
TextAreaDialog:0.0033098517
