PluginManager:0.75
PluginDownloader:0.38
PluginSettings:0.22333333333333333
InternetSearchPanel:0.22
LookAndFeelSettings:0.2
InstallButton:0.17777777777777778
TreeFS:0.16666666666666666
UpdatePanel:0.13
