ProjectUICommands:0.5766666666666667
MainWindowMenuHandler:0.43
MainWindow:0.41
ProjectFilesListController:0.29
FileDropInfo:0.235
CollisionCallback:0.08666666666666667
