SetupServlet:0.6833333333333333
JAMWikiAnonymousProcessingFilter:0.5224444444444444
