jEdit:0.19036861
Log:0.03815585
AbstractOptionPane:0.027341867
OptionsDialog:0.022512235
