jEdit:0.09862249
OptionsDialog:0.046319284
AbstractOptionPane:0.031726915
FontSelector:0.008655065
