StatusBar:0.12742355
VFSManager:0.079964615
WorkThreadProgressListener:0.060851615
WorkThreadPool:0.055024415
WorkThread:0.049735837
jEdit:0.026026132
GUIUtilities:0.02385276
View:0.023022572
