OptionGroup:0.122512534
EditPlugin:0.047320206
ToolBarOptionPane:0.033437382
ContextOptionPane:0.03237222
AbbrevsOptionPane:0.02822661
OptionPane:0.022460591
jEdit:0.022390895
View:0.019096872
ShortcutsOptionPane:0.017286588
Log:0.012761214
EnhancedDialog:0.009749643
ColorOptionPane:0.009351392
StyleOptionPane:0.009146698
GeneralOptionPane:0.007913436
DockingOptionPane:0.004860563
FirewallPlugin:0.004614593
ModeOptionPane:0.0044584237
LoadSaveOptionPane:0.0033074159
EditingOptionPane:0.0029342065
GutterOptionPane:0.0025574625
TextAreaOptionPane:0.0023732889
BrowserOptionPane:0.0023688
QuickNotepadPlugin:0.0022047185
PrintOptionPane:0.0013847346
