WorkThreadPool:0.29959175
WorkRequest:0.26454753
IOProgressMonitor:0.111861855
StatusBar:0.107689016
BufferIORequest:0.07967011
HyperSearchRequest:0.05182407
BrowserIORequest:0.044264965
Log:0.03604336
