WorkThreadPool:0.13707055
StatusBar:0.116015874
IOProgressMonitor:0.08625159
