Result:0.85
QuerySpecification:0.24666666666666667
JDBCStatement:0.24333333333333335
SessionData:0.21
