FreeColDialog:0.13415216
FreeColPanel:0.044552464
