GoodsType:0.4266666666666667
Unit:0.32666666666666666
PlayerExploredTile:0.30666666666666664
Player:0.2966666666666667
TileImprovementType:0.2833333333333333
Resource:0.2733333333333333
IndianSettlement:0.24444444444444446
ResourceType:0.23333333333333334
TileType:0.22666666666666666
Colony:0.22
Tile:0.21666666666666667
TileItemContainer:0.19333333333333333
DefaultCostDecider:0.12
