Style:0.59
Armor:0.29333333333333333
DefaultPageChecker:0.18666666666666668
Permission:0.07
