MDialog:0.5566666666666666
Filters:0.3566666666666667
FilterItem:0.32
LookAndFeelPlugin:0.245
FSHelper:0.22916666666666666
AddFeedDialog:0.22666666666666666
MAboutDialog:0.21
TaskTable:0.20361111111111113
SelectionItem:0.12666666666666668
