GoodsTradeItem:0.7669444444444444
UnitTradeItem:0.5836666666666667
