ResourceBundleUtil:0.45666666666666667
PaletteToolBarUI:0.34
DefaultColorSliderModel:0.3275
PaletteLookAndFeel:0.3075
Methods:0.25
JavaNumberFormatter:0.20916666666666667
StreamPosTokenizer:0.19333333333333333
ExitAction:0.16666666666666666
DefaultInvoker:0.16333333333333333
AbstractSaveUnsavedChangesAction:0.12666666666666668
PaletteColorSliderModel:0.09
