BeanShellAction:0.20327833
HandlerBase:0.090598986
ActionSet:0.0832769
Log:0.015602492
