ActionContext:0.36043334
jEdit:0.33162624
PluginJAR:0.32694942
EditAction:0.2848333
EditPlugin:0.25882968
BeanShellAction:0.2317374
DockableWindowManager:0.21183385
Macros:0.19001192
BeanShell:0.15347125
VFSBrowser:0.15189834
View:0.148997
InputHandler:0.14643827
ActionListHandler:0.11306872
ToolBarEditDialog:0.08109604
Log:0.08014463
ShortcutsOptionPane:0.07338218
XmlParser:0.0709765
ContextAddDialog:0.07090368
XmlException:0.024216246
