MirrorList:0.21048182
HandlerBase:0.117304176
Log:0.009320261
