MTable:0.55
TaskTable:0.30666666666666664
RowIterator:0.2966666666666667
TodoEditorCore:0.25333333333333335
