MClipboard:0.6
TK:0.5433333333333333
MText:0.33
TextEditorCore:0.25
ImageEditor:0.2488888888888889
AbstractTextEditor:0.20333333333333334
ImportExport:0.17
ClipboardException:0.11083333333333334
