AIColony:0.53
PioneeringMission:0.41333333333333333
StandardAIPlayer:0.26666666666666666
ColonialAIPlayer:0.24333333333333335
