SessionInterface:0.5383333333333333
Statement:0.45666666666666667
Result:0.41
JDBCStatementBase:0.3333333333333333
JDBCPreparedStatement:0.25666666666666665
JDBCCallableStatement:0.23
JDBCStatement:0.22666666666666666
StatementProcedure:0.22333333333333333
StatementQuery:0.22
TestLobs:0.21666666666666667
Session:0.21333333333333335
TestStoredProcedure:0.21
SessionData:0.19333333333333333
ClientConnection:0.17333333333333334
