Environment:0.7433333333333333
AdminServlet:0.30333333333333334
RSSServlet:0.19333333333333333
