HsqlDatabaseProperties:0.4642777777777778
NumberType:0.4633333333333333
Database:0.37833333333333335
Logger:0.3333333333333333
SetFunction:0.29333333333333333
ExpressionAggregate:0.2622222222222222
ExpressionArrayAggregate:0.24111111111111114
StatementCommand:0.19444444444444445
ParserCommand:0.19
