Settlement:0.8166666666666667
IndianSettlementBuilder:0.41333333333333333
IndianSettlementTest:0.09333333333333334
