ParserRuleSet:0.8416666666666667
TokenMarker:0.27666666666666667
