Canvas:0.6333333333333333
InGameController:0.4066666666666667
ConnectController:0.39666666666666667
PreGameInputHandler:0.24666666666666667
MapEditorController:0.24
FreeColClient:0.21666666666666667
InputHandler:0.20666666666666667
InGameInputHandler:0.20333333333333334
PreGameController:0.16333333333333333
ShowMonarchPanelSwingTask:0.14666666666666667
ShowConfirmDialogSwingTask:0.14666666666666667
ShowErrorMessageSwingTask:0.12
ShowInformationMessageSwingTask:0.12
ShowInputDialogSwingTask:0.11
NoResultCanvasSwingTask:0.08666666666666667
ShowModelMessageSwingTask:0.08666666666666667
