ServletUtil:0.66
WikiUtil:0.5566666666666666
WikiUtilTest:0.3233333333333333
AdminServlet:0.26666666666666666
SetupServlet:0.25
UpgradeServlet:0.22666666666666666
ServletUtilTest:0.03666666666666667
