jEdit:0.13914253
Buffer:0.115205385
EditServer:0.09205051
VFS:0.087297074
BeanShell:0.07615901
Macros:0.075260706
BufferHistory:0.072024025
GUIUtilities:0.07135594
EditBus:0.06954476
EditPlugin:0.0690005
MiscUtilities:0.06702746
FileVFS:0.06357652
JARClassLoader:0.06344455
Abbrevs:0.062478986
HistoryModel:0.058075342
DockableWindowManager:0.05776052
VFSManager:0.05653169
BufferIORequest:0.05501217
DefaultInputHandler:0.049202748
SearchAndReplace:0.04557927
GrabKeyDialog:0.04157682
FoldHandler:0.039675288
JEditTextArea:0.03819948
VFSBrowser:0.03784196
Mode:0.037681863
Registers:0.037455034
WorkThread:0.037340548
UrlVFS:0.037005786
Roster:0.03604777
HelpViewer:0.034124102
AllBufferSet:0.03348052
OffsetManager:0.031208957
ModeCatalogHandler:0.031161727
MacOSPlugin:0.031159205
WorkThreadPool:0.030536689
TextAreaPainter:0.030152505
QuickNotepad:0.030135266
PluginList:0.027300138
HelpIndex:0.02686844
BrowserIORequest:0.02673964
PluginListHandler:0.026015697
Java14:0.024252262
UndoManager:0.023395319
SearchBar:0.02283994
ActionListHandler:0.02201456
ErrorListDialog:0.020929784
BufferPrintable:0.020528466
FileRootsVFS:0.020228956
EnhancedCheckBoxMenuItem:0.019939618
OperatingSystem:0.019065095
EBPlugin:0.017989065
XModeHandler:0.017741358
ReadWriteLock:0.01766779
SplashScreen:0.016209498
HelpTOCPanel:0.015819008
DirectoryListSet:0.015695797
BeanShellAction:0.014840406
HyperSearchRequest:0.014699206
TokenMarker:0.01412591
PluginListDownloadProgress:0.014063316
GeneralOptionPane:0.011679368
BufferPrinter1_4:0.011113519
HelpSearchPanel:0.010676888
MacOSHandler:0.010337384
GlobalOptions:0.010322305
TipOfTheDay:0.009214969
ExtensionManager:0.00864246
LogViewer:0.008333006
ToolBarEditDialog:0.008072364
