Buffer:0.17580725
BufferIORequest:0.13453248
MarkersMenu:0.12668863
JEditTextArea:0.12549156
jEdit:0.08852434
MarkerHighlight:0.048122533
Log:0.044865742
