BidiMarkerFactory:0.1840453
WhitespaceMarkerFactory:0.16561082
RemoveTagMarker:0.165146
NBSPMarker:0.16458422
Mark:0.12269955
IMarker:0.12072753
