AbstractIterator:0.8833333333333333
ContainerIterator:0.6966666666666667
