InGameController:0.7033333333333334
ConnectController:0.33
GUI:0.29333333333333333
DebugMenu:0.23111111111111116
DefaultTransferHandler:0.178
