TreePanel:0.6177777777777778
PropertiesDialog:0.5069444444444444
MenuButton:0.29
