Tile:0.6666666666666666
InGameMessageHandler:0.28
DefaultInGameNetworkListener:0.25
TileType:0.23333333333333334
