ProductionLabel:0.6216666666666667
ProductionMultiplesLabel:0.5483333333333333
UnitLabel:0.28
