CategoryListRenderer:0.13356327
CategoryManager:0.12355848
CategoryList:0.113003865
CategoryMenu:0.07283816
CategoryAction:0.05526176
CategoryListEditor:0.05278454
