CategoryMenu:0.6559083
CategoryListEditor:0.38284346
CategoryListRenderer:0.31402287
CategoryManager:0.28936383
Category:0.07126517
