Specification:0.77
Nation:0.5666666666666667
PreGameController:0.34
FreeColServer:0.25666666666666665
GameTest:0.19666666666666666
