jEdit:0.45666666666666667
JEditTextArea:0.43333333333333335
Buffer:0.38
OffsetManager:0.31
Abbrevs:0.21666666666666667
PosTopHalf:0.03333333333333333
PosBottomHalf:0.02
