StaticUtils:0.7166666666666667
MFindField:0.33
AutoCompleter:0.2833333333333333
Mnemonics:0.2683333333333333
AutoCompleterTableView:0.26
EditorTextArea3:0.21744444444444444
