Table:0.81
TableWorks:0.3333333333333333
DatabaseCommandInterpreter:0.30333333333333334
