Sidebar:0.26
LiveTutorial:0.23
Main:0.22666666666666666
OS:0.22
Commands:0.21133333333333332
BackgroundTaskManager:0.20222222222222222
ImageEditorCore:0.18666666666666668
LocationBar:0.15666666666666668
IconCache:0.14
