EditorController:0.65
IEditor:0.43333333333333335
EmptyNoneTranslationPopup:0.22333333333333333
