Player:0.67
Tile:0.432
Game:0.35
Monarch:0.30333333333333334
InGameController:0.29333333333333333
ServerPlayer:0.27
ChangeSet:0.22666666666666666
ColonialAIPlayer:0.19666666666666666
NewAIPlayer:0.19666666666666666
StandardAIPlayer:0.19333333333333333
InGameInputHandler:0.18666666666666668
ServerGame:0.14666666666666667
ReportForeignAffairPanel:0.08333333333333333
