Utilities:0.6133333333333333
JFlexParserUtil:0.5266666666666666
UtilitiesTest:0.2833333333333333
TemplateTag:0.23
AbstractHeadingTag:0.20333333333333334
HtmlLinkTag:0.12666666666666668
JFlexParserUtilTest:0.056666666666666664
