OpenXMLOptions:0.6322222222222222
EditOpenXMLOptionsDialog:0.4033333333333333
OpenXMLDialect:0.24
