EditorController:0.43666666666666665
MainWindow:0.37666666666666665
DockingUI:0.36333333333333334
ResourcesUtil:0.23
AutoCompleter:0.20361111111111113
DockablePanel:0.20333333333333334
RoundedCornerBorder:0.16166666666666665
MainWindowUI:0.16
ProjectPropertiesDialog:0.14333333333333334
DockableScrollPane:0.06666666666666667
StaticUIUtils:0.043333333333333335
