MNotification:0.5483333333333333
CompleteRenderer:0.41444444444444445
DoneComponent:0.2833333333333333
PriorityRenderer:0.2577777777777778
