MText:0.11776819
MDateSpinner:0.0740164
UI:0.01975276
MNumberSpinner:0.017872464
MAction:0.010211539
Size:0.0055704033
