Editor:0.6233333333333333
Tabs:0.42
EditorPassword:0.32
VersionControl:0.2966666666666667
FSHelper:0.2866666666666667
