jEdit:0.6133333333333333
DockableWindowContainer:0.55
DockableWindowManager:0.42
DockableWindowManagerImpl:0.42
View:0.37666666666666665
PanelWindowContainer:0.28
DockingArea:0.2796190476190476
DockingLayout:0.2733333333333333
DockableLayout:0.25666666666666665
DockBorder:0.23
ButtonLayout:0.22666666666666666
ViewConfig:0.21333333333333335
DockablePanel:0.20111111111111113
FloatingWindowContainer:0.18333333333333332
PerspectiveHandler:0.1711111111111111
DockableWindowFactory:0.16
DockingLayoutManager:0.15666666666666668
DockingLayoutSetter:0.14166666666666666
ActionHandler:0.11666666666666667
PerspectiveManager:0.1
SettingsXML:0.08833333333333333
DockingOptionPane:0.07
DockableWindowManagerProvider:0.03805555555555555
IDockingFrameworkProvider:0.03666666666666667
