SearchAndReplace:0.5622222222222222
SearchMatcher:0.30666666666666664
HyperSearchRequest:0.235
BoyerMooreSearchMatcher:0.23333333333333334
RESearchMatcher:0.14666666666666667
