Building:0.57
Colony:0.4266666666666667
ColonyPanel:0.3466666666666667
WarehousePanel:0.3164444444444444
ColonyTile:0.31
ColonyCargoPanel:0.19555555555555557
OutsideColonyPanel:0.1825
BuildingSitePanel:0.13333333333333333
