UnitType:0.5833333333333334
Scope:0.43666666666666665
BuildingType:0.4
PreGameInputHandler:0.2633333333333333
