UI:0.63
MTextFieldPanel:0.24333333333333335
CoolHeader:0.24222222222222223
MTogglePanel:0.23333333333333334
Watermark:0.19666666666666666
ColorRenderer:0.17
MButtonPanel:0.16
