PrintDialog:0.048825055
PrintInfo:0.044722274
