Player:0.6933333333333334
Messages:0.41333333333333333
ClientOptions:0.4066666666666667
ImageLibrary:0.3933333333333333
ReportPanel:0.31833333333333336
ReportUnitPanel:0.16666666666666666
ReportProductionPanel:0.15333333333333332
ReportColonyPanel:0.14
ReportTradePanel:0.14
ReportLabourPanel:0.13
NewPanel:0.10666666666666667
