MainWindow:0.5766666666666667
IMainWindow:0.525888888888889
ProjectTeamTMX:0.30333333333333334
SVNRemoteRepository:0.2866666666666667
ProjectUICommands:0.245
