Main:0.5483333333333333
Styles:0.51
EditorTextArea3:0.3933333333333333
EntryInfoPane:0.19
