DefaultDrawingView:0.32848415
DrawingEditor:0.23289874
Tool:0.19237082
Handle:0.17242488
DefaultDrawingEditor:0.15554513
Figure:0.15480992
AbstractTool:0.14438502
CreationTool:0.13220303
FigureSelectionListener:0.12851584
SelectionTool:0.12494357
TextAreaCreationTool:0.11750249
DefaultDragTracker:0.117164716
AbstractFigure:0.11118751
ConnectionTool:0.10839888
DefaultDrawingViewTransferHandler:0.107840456
DefaultHandleTracker:0.10743355
DnDTracker:0.101441845
Drawing:0.09873467
AbstractHandle:0.09811475
DelegationSelectionTool:0.09766847
DefaultSelectAreaTracker:0.09524564
FloatingTextArea:0.09260439
TextCreationTool:0.08257234
BezierTool:0.079742394
Constrainer:0.07420606
FloatingTextField:0.069555596
LineFigure:0.06817878
ToolEvent:0.068034485
DnDDrawingViewTransferHandler:0.063546106
BezierFigure:0.06325422
FigureSelectionEvent:0.063231274
ImageTool:0.060820296
GridConstrainer:0.058824018
LineConnectionFigure:0.05586226
BidirectionalConnectionTool:0.055235792
AbstractConnectionHandle:0.05384231
ConnectorHandle:0.053790506
BezierNodeHandle:0.05201851
DragHandle:0.05187324
HandleMulticaster:0.04931532
BezierControlPointHandle:0.045605816
TextEditingTool:0.04208866
AbstractRotateHandle:0.04205312
BezierOutlineHandle:0.041121326
TransformHandleKit:0.038169023
MoveHandle:0.037699662
RoundRectangleRadiusHandle:0.036749456
BoundsOutlineHandle:0.03467621
ResizeHandleKit:0.033877555
BezierScaleHandle:0.0334415
FontSizeHandle:0.031955715
LocatorHandle:0.028844647
TextOverflowHandle:0.023363857
TriangleRotationHandler:0.02168657
RotateHandle:0.017236007
