VFSFileChooserDialog:0.059329294
BufferOptions:0.051119026
ContextAddDialog:0.037474126
ToolBarEditDialog:0.03589486
OptionsDialog:0.02094324
FontSelectorDialog:0.01774186
StyleEditor:0.017500242
ViewRegisters:0.016424589
PastePrevious:0.015807478
CloseDialog:0.0135563165
InstallPluginsDialog:0.013097871
AboutDialog:0.012471758
ErrorListDialog:0.011461773
TipOfTheDay:0.009954372
SearchDialog:0.009896657
SelectLineRange:0.00765688
BeanShellErrorDialog:0.0067104083
