PluginManager:0.21861035
jEdit:0.08186453
GUIUtilities:0.07726346
PluginList:0.032155048
Log:0.022473738
XmlException:0.010285529
