UI:0.5466666666666666
TK:0.5166666666666667
MAction:0.43666666666666665
