TransitionPanel:0.5633333333333334
Sidebar:0.41
NewFolderDialog:0.26
Button:0.24666666666666667
MoveTransition:0.18
FadeTransition:0.16
