SimpleXMLReader:0.8233333333333334
Database:0.4066666666666667
