Preferences:0.57
StaticUtils:0.5466666666666666
PreferencesTest:0.013333333333333334
