MainWindow:0.5433333333333333
NearString:0.48
EditorController:0.39666666666666667
FindMatchesThread:0.3
MatchesTextArea:0.1975
ComesFromTMMarker:0.013333333333333334
Styles:0.013333333333333334
