Widget:0.6666666666666666
Desktop:0.51
Button:0.3433333333333333
WidgetInternalFrame:0.22666666666666666
DesktopPanel:0.16
