Utilities:0.42333333333333334
ParserMode:0.4066666666666667
ParserInput:0.37333333333333335
JFlexParser:0.30666666666666664
JAMWikiServlet:0.21333333333333335
EditServlet:0.19333333333333333
ParserUtil:0.18666666666666668
AbstractLexer:0.17333333333333334
TemplateHandler:0.13333333333333333
AbstractParser:0.1180952380952381
