ArchiveItem:0.48333333333333334
FeedsFS:0.48
ArchiveChannel:0.2966666666666667
Archive:0.25
UpdateDialog:0.18333333333333335
