Canvas:0.48333333333333334
InGameController:0.4033333333333333
ConnectController:0.3
EventPanel:0.29388888888888887
PreCombatDialog:0.27666666666666667
TilePopup:0.16
DebugMenu:0.13527777777777777
ResourceTransform:0.09
