View:0.45666666666666667
BeanShell:0.37
DockableWindowManager:0.34
ButtonLayout:0.24777777777777782
PanelWindowContainer:0.21416666666666667
FactoryCompare:0.09
