Vars:0.4995
PropertyPanel:0.4533333333333333
Property:0.45
Value:0.37333333333333335
Config:0.29
Console:0.2833333333333333
EnumProperty:0.27666666666666667
Model:0.26
BeanProperty:0.25
ChartModel:0.22333333333333333
DBRecordPanel:0.185
Content:0.18333333333333332
Designer:0.18
ScriptExecutor:0.16642857142857143
Filter:0.16333333333333333
ConsoleConfig:0.16
ConsoleCommandLine:0.1577777777777778
PropertyValidator:0.15666666666666668
StaticPropertyHandler:0.11666666666666667
ValueChangeListener:0.11333333333333333
VarListCommand:0.016666666666666666
TestPropertyAccess:0.0
