MMenu:0.07651012
MDialog:0.05034808
TK:0.04223327
MSettingsDialog:0.03843416
MLabel:0.023537895
ContainerScanner:0.011167603
