MPanel:0.6633333333333333
MSmallColorChooser:0.37
MCheckBox:0.3566666666666667
BeanProperty:0.33
Content:0.29333333333333333
MPanelBeanInfo:0.12
