Task:0.9466666666666667
TaskPanel:0.23
TodoEditorPlugin:0.20833333333333334
TaskModel:0.19666666666666666
SummaryTree:0.18
Renderer:0.17777777777777778
SummaryRenderer:0.16777777777777778
TagsMenu:0.11333333333333333
