SegmentBuilder:0.1288203
EditorController:0.058002084
EditorTextArea3:0.05620329
DocumentFilter3:0.055454653
TranslationUndoManager:0.030411985
MarkerController:0.022183452
ViewLabel:0.008019922
