Tile:0.6854444444444444
TileInfoPanel:0.3233333333333333
