PIFGeneratorTest:0.8133333333333334
SqltoolRBTest:0.53
DatabaseURLTest:0.31333333333333335
