ImageUtil:0.37666666666666665
JAMWikiServlet:0.31333333333333335
WikiPageInfo:0.29
ImageLinkTag:0.25666666666666665
ImageMetadata:0.14
