MNumberSpinner:0.62
Content:0.3433333333333333
Factory:0.22166666666666668
Panel:0.21833333333333332
ResizeDialog:0.2
FeedsFSPlugin:0.19666666666666666
RandomPasswordGeneratorDialog:0.14
FeedsConfigPanel:0.11666666666666667
