UI:0.9166666666666666
MDialog:0.43666666666666665
MAboutDialog:0.31666666666666665
GHNSDialog:0.27666666666666667
MIconChooser:0.24111111111111114
