FSHelper:0.73
AbstractFS:0.41333333333333333
FeedsFS:0.27
ImportExport:0.26666666666666666
