MLogger:0.060886677
Preloader:0.012930619
