MainWindow:0.122378334
Vars:0.022705069
MetaVersion:0.021128748
ExtraKiosk:0.013541558
Boot:0.0035494883
