IProject:0.14781018
ParseEntry:0.057662666
ProjectProperties:0.05049043
TransMemory:0.036591392
SourceTextEntry:0.035482183
TranslateEntry:0.03170581
TransEntry:0.025176067
StringEntry:0.023311649
ProjectFactory:0.016864147
