NodeAVL:0.5
ParserDQL:0.4
ParserCommand:0.33
TestSchemaParse:0.32666666666666666
IndexAVL:0.2833333333333333
RangeVariableResolver:0.25
FunctionCustom:0.24583333333333332
ParserDDL:0.24
NodeAVLDisk:0.23666666666666666
NodeAVLBaseMemory:0.21333333333333335
