DefaultDrawingView:0.5305555555555556
ConvexHull:0.5033333333333333
ConnectorHandle:0.4166666666666667
