Building:0.8033333333333333
BuildingPanel:0.35
ReportReligiousPanel:0.26666666666666666
