JEditTextArea:0.3526917
SelectLineRange:0.26234338
Buffer:0.18564789
jEdit:0.07512804
TextAreaPainter:0.058711953
BufferHistory:0.047428615
EditPane:0.04658219
SearchAndReplace:0.04556398
SearchBar:0.02262298
