Type:0.6233333333333333
Expression:0.42
JDBCConnection:0.31666666666666665
StatementSet:0.23333333333333334
StatementProcedure:0.19833333333333333
DatabaseInformationFull:0.19333333333333333
ParserRoutine:0.18666666666666668
ParserDML:0.14666666666666667
