Style:0.45
PropertyPanel:0.3522222222222222
MTogglePanel:0.29333333333333333
SecurityDialog:0.16777777777777778
Two:0.14
