TK:0.8
TextEditorDesigner:0.3288888888888889
LookAndFeelSettings:0.27666666666666667
MSystemTray:0.18666666666666668
CompleteEditor:0.12666666666666668
