CalcMatchStatistics:0.24333333333333335
StatisticsPanel:0.20333333333333334
BaseMatchStatisticsPanel:0.1927777777777778
IStatsConsumer:0.13
