ResourceManager:0.106311284
Resource:0.030094331
ResourceFactory:0.0264399
