ResourceManager:0.09671686
Resource:0.037109077
ResourceFactory:0.019015947
