jEdit:0.056035724
Buffer:0.028528702
