VFSBrowser:0.26505116
VFSFileChooserDialog:0.26021704
VFS:0.12563622
