QuickNotepadPlugin:0.3401712
DockableWindowManager:0.3011912
DockableWindow:0.17244442
EBMessage:0.09868253
View:0.055255458
