DockableWindowContainer:0.30882204
CreateDockableWindow:0.28947595
DockableWindowManager:0.27562013
QuickNotepadDockable:0.15797445
VFSBrowser:0.13179208
LogViewer:0.109055154
HyperSearchResults:0.09711771
QuickNotepadPlugin:0.08093043
WindowTableModel:0.050054602
