HistoryTextField:0.16578384
jEdit:0.10873279
VFSBrowser:0.08106215
Log:0.06583989
PastePrevious:0.05475305
Registers:0.046802644
MiscUtilities:0.035999503
