TokenMarker:0.07895143
ParserRuleSet:0.0779975
XModeHandler:0.06138883
ParserRule:0.03640095
Token:0.010029729
