ParserRuleSet:0.20213747
ParserRuleFactory:0.18127869
TokenMarker:0.08985696
XModeHandler:0.029101182
Buffer:0.025727337
