ParseException:0.07073911
SimpleNode:0.051822755
ParserTokenManager:0.03432687
Parser:0.031954706
