VFSManager:0.24461022
Macros:0.18212573
VFSBrowser:0.15441677
EBMessage:0.14096934
