WorkThread:0.29154882
BufferIORequest:0.14060612
HyperSearchRequest:0.124812044
BrowserIORequest:0.07163711
