WorkThread:0.12328847
IOProgressMonitor:0.08974351
VFSManager:0.08509983
WorkThreadProgressListener:0.06880939
StatusBar:0.063604824
Log:0.020859346
