Searcher:0.51
SearchWindow:0.43333333333333335
EntryListPane:0.4033333333333333
SearchThread:0.24666666666666667
ISearchCheckStop:0.07611111111111112
