Canvas:0.5366666666666666
InGameController:0.44333333333333336
FreeColDialog:0.3933333333333333
