EditorController:0.59
SegmentExportImport:0.43666666666666665
FileUtil:0.35333333333333333
