SelectDestinationDialog:0.45666666666666667
BuildQueuePanel:0.41333333333333333
TileTypeTransform:0.345
CanvasMapEditorMouseListener:0.33
