UnitLabel:0.16658762
DefaultTransferHandler:0.12334428
DragListener:0.079500936
GoodsLabel:0.038909208
DropListener:0.00333243
