Canvas:0.5833333333333334
InGameController:0.5066666666666667
BuildQueuePanel:0.18
ShowInformationMessageSwingTask:0.10333333333333333
