UI:0.6872222222222223
MNotification:0.4033333333333333
