StringUtil:0.43666666666666665
GITRemoteRepository:0.3933333333333333
SVNRemoteRepository:0.3933333333333333
RepoTypeWorker:0.24666666666666667
NewTeamProject:0.21666666666666667
