MTextFieldPanel:0.38
GHNSDialog:0.3433333333333333
FilterDialog:0.27
QuickOpenDialog:0.25633333333333336
MountPanel:0.20833333333333334
MFontChooser:0.195
MIconChooser:0.14833333333333334
HistoryDialog:0.103
StaticListHandler:0.1
