AbstractJAMWikiCustomTagLexer:0.44539806
GalleryTag:0.22711588
JFlexLexer:0.13526766
