Preferences:0.8333333333333334
ProjectFrame:0.48
FontSelectionDialog:0.36333333333333334
