PreGameInputHandler:0.35378826
InGameInputHandler:0.18987417
Controller:0.1562553
