Tree:0.8366666666666667
HTMLRichTextEditorKit:0.44666666666666666
