SearchEngine:0.7766666666666666
LuceneSearchEngine:0.51
MigrationUtil:0.29333333333333333
TestSearchEngine:0.20333333333333334
