UpgradeServlet:0.3933333333333333
DatabaseUpgrades:0.36666666666666664
