JavaSystem:0.41833333333333333
RowOutputBinary:0.29
FileUtil:0.2833333333333333
HsqlProperties:0.23
Collation:0.22833333333333333
Scanner:0.22666666666666666
ConnectionDialogCommon:0.2127777777777778
