TableOfContents:0.7516111111111111
TopicServlet:0.38083333333333336
