Unit:0.41431236
Tile:0.41126025
IndianSettlement:0.38197967
Player:0.35321286
Colony:0.31657046
Map:0.29719114
ColonyTile:0.26683483
GoodsContainer:0.19943833
Goods:0.19806533
Building:0.19422542
Location:0.18441007
Game:0.14104138
FreeColGameObject:0.13515176
GoodsTradeItem:0.12277945
DefaultCostDecider:0.11077838
ColonyTradeItem:0.09100185
Locatable:0.08142473
Ownable:0.077298746
ModelMessage:0.07447751
FreeColGameObjectListener:0.036016516
