EditorPassword:0.10830281
AbstractTextEditor:0.06922585
NavigationUtils:0.0613504
WebBrowserEditor:0.061147653
EditorPlugin:0.02464825
SimpleEditor:0.007271178
Actions:0.005806902
AnnotationBar:0.0028867712
