DiskFreeSettings:0.36666666666666664
DiskFreeDialog:0.35333333333333333
AboutAction:0.30666666666666664
Main:0.22333333333333333
