Expression:0.5966666666666667
TableFilter:0.37666666666666665
Parser:0.2833333333333333
DatabaseCommandInterpreter:0.27
Tokenizer:0.2061111111111111
