Player:0.8466666666666667
Market:0.28
InGameController:0.22333333333333333
MarketPanel:0.1838888888888889
EuropePanel:0.17333333333333334
InGameInputHandler:0.17
AIInGameInputHandler:0.09666666666666666
