Session:0.63
SessionData:0.41333333333333333
TransactionManager:0.3433333333333333
