WikiUserDetailsImpl:0.5133333333333333
ServletUtil:0.45
JAMWikiAuthenticationConfiguration:0.27666666666666667
JAMWikiErrorMessageProvider:0.24166666666666667
JAMWikiPostAuthenticationFilter:0.19666666666666666
JAMWikiDaoImpl:0.11333333333333333
JAMWikiAuthenticationConstants:0.10722222222222222
JAMWikiLogoutSuccessHandler:0.10333333333333333
JAMWikiAuthenticationProcessingFilter:0.03333333333333333
