NewTeamProject:0.5733333333333334
ProjectUICommands:0.32
RepoTypeChecker:0.31
RepositoryUtils:0.25333333333333335
