AdminServlet:0.6233333333333333
VQWikiParser:0.5176666666666667
