DebugMenu:0.4066666666666667
PreGameController:0.3333333333333333
InGameMenuBar:0.31666666666666665
FreeColMenuTest:0.26
