StartGamePanel:0.088881314
EuropePanel:0.049778122
