ImageLibrary:0.38666666666666666
MapGenerator:0.26476190476190475
TerrainGenerator:0.25666666666666665
CompactLabourReport:0.25333333333333335
StandardAIPlayer:0.25
ProductionCache:0.23666666666666666
InstallerTranslations:0.13
