Config:0.44666666666666666
MText:0.35
ImageEditor:0.26666666666666666
MIcon:0.26
Context:0.25666666666666665
Stub:0.14
