RealProject:0.51
FilterMaster:0.5033333333333333
Main:0.27
AlignFilesCallback:0.16666666666666666
