MouseHandler:0.37722222222222224
SideKickTree:0.37666666666666665
SourceTree:0.25
SideKickOptionPane:0.13
