PluginInfo:0.5066666666666667
PluginInstaller:0.4544444444444445
PluginManager:0.41333333333333333
