MTable:0.33
MComponent:0.31
MSmallColorChooser:0.2866666666666667
CategoryPropertiesPanel:0.22666666666666666
MStatusBar:0.215
CategoryPreview:0.2
MSmallColorButton:0.14666666666666667
