ButtonFactory:0.4866666666666667
EditorColorChooserAction:0.37666666666666665
SelectionColorIcon:0.2633333333333333
SelectionColorChooserAction:0.18166666666666667
