Player:0.6366666666666667
Nation:0.33666666666666667
InGameController:0.2866666666666667
PlayerTest:0.2866666666666667
FreeColServer:0.28
ReportUnitPanel:0.21666666666666667
AIPlayer:0.19333333333333333
InGameInputHandler:0.19166666666666668
PreGameController:0.13666666666666666
