MApplication:0.15278268
HTMLBuilder:0.13188158
TK:0.09076178
OS:0.065460466
AbstractMarkupBuilder:0.05409533
MHTMLViewer:0.053125385
FS:0.05312235
MDialog:0.0444336
