CostDecider:0.62254983
Unit:0.35280722
Map:0.30291092
Tile:0.104447365
GoalDecider:0.08530989
Settlement:0.0540222
Location:0.020009603
