Feed:0.13735892
FeedComponent:0.12629639
