FeedComponent:0.106707476
Feed:0.059096023
