Tile:0.84
GUI:0.2966666666666667
MapGenerator:0.18666666666666668
