PropertiesPanel:0.14503595
TreePanel:0.11480265
