RowActionBase:0.5969365
TransactionManagerMVCC:0.3011018
TransactionManagerMV2PL:0.22945516
TransactionManager2PL:0.222841
TransactionManager:0.14499341
TransactionManagerCommon:0.11971695
Session:0.11421108
Row:0.09663556
TableBase:0.0140222
SessionInterface:0.009239352
