StatementDMQL:0.11609191
ParserDDL:0.103004746
StatementCompound:0.094484635
StatementCommand:0.09329852
StatementSession:0.08808752
StatementSchema:0.08665958
StatementSimple:0.08281649
StatementProcedure:0.07739672
StatementHandler:0.064518735
Routine:0.06416062
StatementDML:0.06415179
ParserCommand:0.06340385
ParserRoutine:0.05989158
StatementQuery:0.057869047
StatementSchemaDefinition:0.055098914
StatementResultUpdate:0.04807961
StatementSet:0.046689596
StatementManager:0.04361971
ExpressionColumn:0.042861674
StatementTypes:0.040389627
ParserDML:0.03852842
StatementExpression:0.03694394
Session:0.036589965
TransactionManagerCommon:0.03369192
Database:0.030896753
TransactionManagerMV2PL:0.016482357
SessionContext:0.013747216
TransactionManagerMVCC:0.011840734
TransactionManager:0.0110668875
TransactionManager2PL:0.0099940915
