SummaryData:0.6566666666666666
ReferenceCount:0.5866666666666667
StatsPanel:0.22
