MSettingsDialog:0.21718065
MButton:0.06939267
MDialog:0.067784525
ImageBorder:0.064723626
MMessage:0.04132269
MIcon:0.040888235
MActionInfo:0.036417466
MSmallButton:0.030200643
MRenderer:0.026117813
MTimer:0.023096314
