MActionInfo:0.6666666666666666
PropertiesPanel:0.3466666666666667
ActionProperties:0.28
PropertiesAction:0.09
