JEditTextArea:0.20367336
TextAreaPainter:0.15329245
Gutter:0.083693326
FoldVisibilityManager:0.046065465
Buffer:0.04052482
Chunk:0.020969057
SoftWrapTokenHandler:0.013325112
DisplayTokenHandler:0.011441389
Token:0.0034824882
