WebService:0.4222222222222222
WebPanel:0.4066666666666667
WebResult:0.39666666666666667
WebDialog:0.19666666666666666
