DatabaseCommandInterpreter:0.12893732
Result:0.12701376
HSQLClientConnection:0.1229627
Database:0.119732976
CompiledStatementExecutor:0.118283905
Table:0.11100989
SessionInterface:0.104832016
Parser:0.10468886
CompiledStatement:0.09037011
CompiledStatementManager:0.08932782
User:0.08896807
DatabaseInformationMain:0.08159871
SchemaManager:0.080710776
Select:0.077413134
View:0.07551814
DatabaseInformationFull:0.074878626
Trace:0.07470997
TransactionManager:0.07006869
TextTable:0.06934233
Index:0.0692625
TableWorks:0.06338497
Expression:0.06301461
Tokenizer:0.058648065
Column:0.05862308
Function:0.057555243
UserManager:0.057338383
SessionManager:0.054457035
Constraint:0.05242553
ResultConstants:0.05231721
ServerConnection:0.050723873
DatabaseManager:0.04931203
DINameSpace:0.049006883
SequenceManager:0.048838686
DatabaseScript:0.048804168
Node:0.047974993
Server:0.046096273
TableFilter:0.0459315
Row:0.042060256
TriggerDef:0.041751206
HsqlDateTime:0.040802807
DatabaseInformation:0.04063695
Servlet:0.039272238
WebServerConnection:0.036582444
Token:0.029924551
SubQuery:0.02876956
Transaction:0.027447931
SetFunction:0.026288975
HsqlException:0.021550274
BaseTable:0.015115765
DatabaseURL:0.009143069
Like:0.008755557
Record:0.0023848836
