FreeColComboBoxRenderer:0.33955842
LAFUtilities:0.07800946
