MApplication:0.6766666666666666
PluginSettings:0.3933333333333333
PluginInstaller:0.31666666666666665
PluginDownloader:0.22666666666666666
