QueryHandler:0.57
DatabaseConnection:0.53
WikiPreparedStatement:0.4277777777777778
DatabaseHandler:0.3433333333333333
PersistencyHandler:0.3086111111111111
FileHandler:0.26
AnsiQueryHandler:0.25
SetupServlet:0.24666666666666667
JAMWikiServlet:0.24333333333333335
AdminServlet:0.18333333333333332
MySqlQueryHandler:0.04
OracleQueryHandler:0.015277777777777779
PostgresQueryHandler:0.01
