OpenXMLDialect:0.04354652
OpenXMLFilter:0.036383655
EditOpenXMLOptionsDialog:0.03122268
