UI:0.10891117
MIcon:0.09899264
MSmallColorButton:0.07706582
MColorChooser:0.06516884
MColor:0.0426621
MSmallColorChooser:0.040863812
TK:0.020760778
WTFError:0.0029686468
