FeedsFS:0.5466666666666666
MainPanel:0.3333333333333333
FeedsFSPlugin:0.22333333333333333
AddFeedDialog:0.2
FeedExistsValidator:0.11333333333333333
