FeedViewer:0.6666666666666666
MToolBar:0.5491111111111112
StaticMouseHandler:0.3433333333333333
