PluginManager:0.6736666666666666
PluginDownloader:0.6366666666666667
NotepadEditorDesigner:0.32
