FiltersTableModel:0.07088369
OneFilterTableModel:0.068671286
PluginUtils:0.047658574
