jEdit:0.45666666666666667
Mode:0.4033333333333333
Handler:0.38333333333333336
VFS:0.38
MiscUtilities:0.30333333333333334
ParserRule:0.29
ParserRuleSet:0.28
XModeHandler:0.27666666666666667
JEditBuffer:0.24333333333333335
SearchAndReplace:0.22333333333333333
VFSBrowser:0.22333333333333333
SegmentCharSequence:0.21333333333333335
TokenMarker:0.21
KillRing:0.20333333333333334
Registers:0.20333333333333334
ActionSet:0.2
PluginListHandler:0.18
ServiceManager:0.17666666666666667
PluginList:0.17333333333333334
PerspectiveManager:0.17
DockableWindowFactory:0.17
BufferHistory:0.17
PluginManager:0.17
HyperSearchRequest:0.16666666666666666
DockableListHandler:0.16666666666666666
AllBufferSet:0.15666666666666668
MirrorList:0.14444444444444446
HelpTOCPanel:0.14
ServiceListHandler:0.13666666666666666
MirrorListHandler:0.13333333333333333
PerspectiveHandler:0.13333333333333333
RecentHandler:0.13
SearchMatcher:0.1297777777777778
DirectoryLoadedAWTRequest:0.12333333333333334
TOCHandler:0.12333333333333334
ActionListHandler:0.12
ModeCatalogHandler:0.11666666666666667
BoyerMooreSearchMatcher:0.11333333333333333
RegistersHandler:0.07333333333333333
TagDecl:0.06694444444444445
KillRingHandler:0.06
ColorEntry:0.03
PatternSearchMatcher:0.0
