Buffer:0.5133333333333333
IndentRule:0.36333333333333334
Increase:0.19833333333333333
JARClassLoader:0.18666666666666668
IndentRuleFactory:0.15666666666666668
RegexpIndentRule:0.14666666666666667
BracketIndentRule:0.12333333333333334
CloseBracketIndentRule:0.07
OpenBracketIndentRule:0.06
AlignBracket:0.03666666666666667
