QuadTreeDrawing:0.7133333333333334
DefaultDrawing:0.5583333333333333
ApplyAttributesAction:0.20666666666666667
