MainWindowMenuHandler:0.12296816
IMainWindow:0.1012332
ProjectUICommands:0.066150784
MainWindowUI:0.06501985
MainWindowMenu:0.044478133
