DrawingEditor:0.6533333333333333
DefaultDrawingEditor:0.36666666666666664
ImageMapOutputFormat:0.31
JDoubleAttributeSlider:0.30333333333333334
JStringAttributeField:0.30333333333333334
JStringAttributeArea:0.30333333333333334
ButtonFactory:0.29333333333333333
AbstractSelectedAction:0.25333333333333335
AttributeFieldEventHandler:0.24
EventHandler:0.23083333333333333
DrawingEditorProxy:0.23
DefaultDrawingView:0.22466666666666668
AbstractEditorAction:0.19666666666666666
AbstractViewAction:0.19666666666666666
AbstractTool:0.19333333333333333
AttributeToggler:0.18666666666666668
SelectionColorIcon:0.18666666666666668
EditorEventHandler:0.07333333333333333
