SqlFile:0.6566666666666666
SqltoolRB:0.36388888888888893
RefCapablePropertyResourceBundle:0.36
SqlTool:0.23666666666666666
