Editor:0.7133333333333334
Tabs:0.5433333333333333
MainWindow:0.5233333333333333
Backup:0.22444444444444447
TaskSummary:0.19111111111111112
