CircleEditor:0.10543238
DateTimeRenderer:0.075815156
SummaryEditor:0.070573695
DateTimeEditor:0.065670155
TaskPanel:0.062935226
SummaryRenderer:0.05891305
TaskModel:0.052198883
Task:0.04233924
Column:0.029830916
CompleteRenderer:0.020895438
TaskSelection:0.020034278
CircleRenderer:0.018973699
Sorter:0.018858012
CompleteEditor:0.017960709
TaskState:0.014483151
PriorityEditor:0.010027016
Priority:0.009987079
Filter:0.009169543
PriorityRenderer:0.004206371
