View:0.44666666666666666
ActionBar:0.38333333333333336
ActionSet:0.33666666666666667
ActionContext:0.20666666666666667
Clock:0.16
EditingOptionPane:0.12666666666666668
