TaskTable:0.41
OS:0.4
ListActionsLayerUI:0.31666666666666665
MCellTip:0.264
StaticHandler:0.20555555555555557
NotepadEditorPlugin:0.2
MSeparator:0.19
DateTimeRenderer:0.06
