MPasswordField:0.44666666666666666
MPermission:0.2633333333333333
SecurityDialog:0.25666666666666665
Permission:0.12726190476190477
