LinkUtil:0.4633333333333333
JAMWikiServlet:0.36666666666666664
ParserUtil:0.2625
ImageLinkTag:0.2
