Canvas:0.64
MainPanel:0.2733333333333333
StatisticsPanel:0.20333333333333334
DebugMenu:0.20111111111111113
InfoPanel:0.19333333333333336
VictoryPanel:0.1511111111111111
