PluginManager:0.15772763
AbstractPlugin:0.13301504
PluginInfo:0.05345439
AppletPanel:0.04332616
