IEditor:0.75
MainWindowMenuHandler:0.32
EditorTextArea:0.2966666666666667
EditorController:0.26666666666666666
