GUI:0.64
MiniMap:0.27
MapEditorController:0.23333333333333334
ScrollThread:0.18333333333333332
NewEmptyMapAction:0.16
