Tree:0.5166666666666667
SummaryData:0.33666666666666667
Index:0.24
TreeFS:0.22333333333333333
SummaryPanel:0.21
