FeedComponent:0.8133333333333334
UpdateDialog:0.24666666666666667
