Unit:0.7466666666666667
UnitTypeChangeTest:0.3433333333333333
UnitWas:0.3333333333333333
InGameControllerTest:0.16
