TK:0.8133333333333334
Config:0.5006666666666666
FeedViewer:0.26666666666666666
WikipediaInternetSearchPlugin:0.23
