JDBCResultSet:0.44449452
JDBCPreparedStatement:0.4216372
JDBCCallableStatement:0.41437113
JDBCConnection:0.35429534
JDBCClobClient:0.21176134
JDBCUtil:0.19958442
