JDBCPreparedStatement:0.6316839
JDBCResultSet:0.60351473
JDBCConnection:0.5482542
JDBCDatabaseMetaData:0.5445985
JDBCStatementBase:0.432043
JDBCResultSetMetaData:0.40529767
JDBCUtil:0.22144662
