JDBCCallableStatement:0.6544302
JDBCStatement:0.36215627
JDBCResultSet:0.3524055
JDBCConnection:0.35143393
JDBCDatabaseMetaData:0.3249231
JDBCClob:0.28572205
JDBCArray:0.25458553
JDBCBlob:0.24616517
JDBCResultSetMetaData:0.24307469
JDBCParameterMetaData:0.22120807
JDBCUtil:0.1894017
JDBCClobClient:0.18281767
JDBCBlobClient:0.1721008
JDBCStatementBase:0.15544331
