InGameInputHandler:0.43333333333333335
GUI:0.365
PreGameController:0.28733333333333333
MapEditorController:0.28444444444444444
FreeColClient:0.25333333333333335
ConnectController:0.23
