Unit:0.6433333333333333
Game:0.6333333333333333
Building:0.37333333333333335
Colony:0.33666666666666667
ColonyPanel:0.25
InGameController:0.22333333333333333
StartGamePanel:0.20833333333333334
BuildingBox:0.18666666666666668
FreeColDialog:0.18166666666666667
UnitLabel:0.1811111111111111
PreGameInputHandler:0.17666666666666667
OutsideColonyPanel:0.10333333333333333
