TestTK:0.7225000000000001
AbstractTest:0.29333333333333333
