Widget:0.6033333333333334
DeskletWidgetContext:0.4766666666666667
CalendarDesklet:0.32
DeskletDialog:0.21
