MUndoManager:0.5066666666666667
MText:0.35
TaskTable:0.29333333333333333
Console:0.24833333333333332
ImageEditor:0.2313888888888889
Model:0.22
