Tokens:0.8111111111111111
JDBCResultSetMetaData:0.5633333333333334
FunctionCustom:0.4166666666666667
