FreeColDialog:0.12214652
FreeColPanel:0.055886373
