jEdit:0.6586666666666666
Buffer:0.6266666666666667
EditPane:0.38333333333333336
WindowHandler:0.15333333333333332
