ComponentTransition:0.14178324
AbstractTransition:0.09962548
