ActionManager:0.23018406
UnitAction:0.1788112
FreeColAction:0.07822565
