ZoomOutAction:0.7968837
ActionManager:0.28088734
FreeColAction:0.1414687
