Canvas:0.57
InGameController:0.38
FreeColClient:0.21833333333333332
InGameInputHandler:0.21666666666666667
ShowInformationMessageSwingTask:0.06333333333333334
