Property:0.7633333333333333
CustomSearch:0.3566666666666667
ItemProperty:0.31666666666666665
Info:0.31666666666666665
TestProperty:0.23333333333333334
InternetSearchPanel:0.20666666666666667
LookAndFeelSettings:0.18
LAFItem:0.16666666666666666
FieldsPanel:0.14333333333333334
Projects:0.13333333333333333
CustomSearchAction:0.11333333333333333
