UI:0.7566666666666667
Widget:0.35333333333333333
MTextPane:0.25
SwingWebBrowser:0.23222222222222225
MTabbedPane:0.22970634920634922
WidgetPeer:0.21142857142857144
StaticHandler:0.14555555555555555
