DOMInput:0.53905064
DOMFactory:0.08635959
