StyleTableModel:0.046025652
StyleEditor:0.018783951
GlobalOptions:0.013030165
AbstractOptionPane:0.010934025
SyntaxStyle:0.008031911
BrowserColorsModel:0.0074951146
