PropertiesPanel:0.8466666666666667
PropertiesBar:0.37666666666666665
