PluginManager:0.5488888888888889
PluginVersion:0.5466666666666666
ImportExport:0.35
