Map:0.62
Mission:0.4066666666666667
StandardAIPlayer:0.27
ScoutingMission:0.22555555555555556
UnitSeekAndDestroyMission:0.19555555555555557
CashInTreasureTrainMission:0.1888888888888889
BaseCostDeciderTest:0.15333333333333332
MapTest:0.08333333333333333
