MClipboard:0.13796043
MText:0.063629836
FS:0.03639221
TK:0.03330523
OS:0.020231895
MLogger:0.013730022
ClipboardException:0.001321216
