MLogger:0.8933333333333333
StaticHandler:0.3566666666666667
MCheckBoxTable:0.19666666666666666
ProxyPanel:0.18333333333333332
