TaskModel:0.12769201
TaskTable:0.11294882
Sorter:0.06447035
TaskComparator:0.059994858
DateTimeRenderer:0.03164129
SummaryRenderer:0.019947296
