MText:0.57
TaskTable:0.43333333333333335
AutoCompletion:0.37
Input:0.25
CompletionWindow:0.24666666666666667
TaskPanel:0.2
NotepadEditor:0.17333333333333334
ScriptIDE:0.165
SnippetAction:0.14333333333333334
TaskPropertiesPanel:0.09777777777777778
CompletionList:0.09
AddAction:0.06333333333333334
