VersionControl:0.43950257
VersionDialog:0.3084331
