FeedsFS:0.38431722
FeedDownloader:0.23106024
FeedsFSPlugin:0.15154661
FeedViewer:0.14164844
Filters:0.12443546
