OptionGroup:0.3145248
OptionMap:0.23934554
AbstractOption:0.13471942
Option:0.08280602
