OptionMapUI:0.25345778
OptionGroupUI:0.20933014
OptionUpdater:0.062205628
