FreeColGameObject:0.39
ModelMessage:0.35
Colony:0.33666666666666667
SelectOption:0.2866666666666667
InGameController:0.26666666666666666
OptionGroupUI:0.17444444444444446
SelectOptionUI:0.16333333333333333
OptionMapUI:0.13333333333333333
ClientOptions:0.07
