MDesktopPane:0.6766666666666666
MDesktopManager:0.38333333333333336
MInternalFrame:0.3125
WidgetInternalFrame:0.215
WidgetDesktopIconUI:0.18444444444444444
DragAdapter:0.18444444444444444
Pager:0.17027777777777778
