TileImprovementType:0.57
ServerUnit:0.3433333333333333
ServerUnitTest:0.31333333333333335
MockPseudoRandom:0.2866666666666666
