FSNewFile:0.6180555555555556
TreeFS:0.41333333333333333
TreePanel:0.2966666666666667
