ITokenizer:0.606388888888889
PluginUtils:0.44666666666666666
DefaultTokenizer:0.33666666666666667
BaseTokenizer:0.14333333333333334
HunspellTokenizer:0.12
