Query:0.7566666666666667
ColorSelection:0.27888888888888885
SearchBar:0.27666666666666667
QueryEditor:0.25666666666666665
SelectionItem:0.13666666666666666
QueryCategorySelection:0.13666666666666666
