XLIFFDialect:0.5662777777777778
XLIFFFilterTest:0.4033333333333333
