ActionManager:0.3007289
FreeColAction:0.14456177
