FreeColPanel:0.09893426
FreeColDialog:0.046193425
