Canvas:0.09502511
GUI:0.07933223
