EuropeanAIPlayer:0.37241283
AIUnit:0.19415125
AIPlayer:0.17322953
AIMain:0.1061992
AIObject:0.05424344
