MainWindow:0.43888888888888894
ExtraKiosk:0.3028333333333333
PluginsAction:0.25
AppSettings:0.2377777777777778
NewFolderDialog:0.21666666666666667
