Parser:0.5166666666666667
TargetError:0.41333333333333333
EvalError:0.3933333333333333
BshClassManager:0.3333333333333333
Interpreter:0.2522222222222222
NameSpace:0.24666666666666667
ParserTokenManager:0.23583333333333334
BeanShell:0.22666666666666666
Reflect:0.22666666666666666
ParseException:0.215
XThis:0.17333333333333334
BSHAllocationExpression:0.15666666666666668
BSHLHSPrimarySuffix:0.14333333333333334
BSHPrimarySuffix:0.14
BSHMethodInvocation:0.10333333333333333
