UI:0.074729405
MColorIcon:0.036445357
MHighlighter:0.028472805
MRenderer:0.020971669
MURLButton:0.01935616
MDesktopPane:0.018219361
MWhatsThis:0.017217802
MButton:0.015785454
MMenu:0.013990961
MCalendarPanel:0.0136745125
MCellTip:0.012272448
MLogger:0.011832527
