InGameInputHandler:0.4866666666666667
ServerAPI:0.4633333333333333
FreeColClient:0.2633333333333333
