Selection:0.7433333333333333
JEditTextArea:0.46
Buffer:0.39666666666666667
JEditBuffer:0.37
Rect:0.36
ChunkCache:0.3566666666666667
Gutter:0.30666666666666664
DisplayManager:0.2866666666666667
EditPane:0.26666666666666666
TextAreaPainter:0.26
Range:0.23333333333333334
MouseHandler:0.22
Registers:0.2
SelectionManager:0.19666666666666666
TextAreaDropHandler:0.14333333333333334
MarkerViewer:0.14
BufferHandler:0.13
PaintText:0.11333333333333333
PaintLineBackground:0.10333333333333333
ScreenLineManager:0.09666666666666666
MarkerHighlight:0.05
