TK:0.74
FileType:0.25666666666666665
Property:0.23333333333333334
Console:0.21
AbstractTransition:0.19555555555555557
AbstractListTableModel:0.19
MLoginPanel:0.13222222222222224
CryptoUtils:0.11333333333333333
