TilePopup:0.0785047
GUI:0.07797194
ImageLibrary:0.03166159
CanvasMapEditorMouseListener:0.026986253
CanvasMouseListener:0.018814027
CanvasMouseMotionListener:0.015389356
FullScreenFrame:0.00904812
GUIMessage:0.00654044
WindowedFrame:0.0049641593
ViewMode:0.00398501
WindowedFrameListener:0.002522634
