MDateSpinner:0.08096947
MDate:0.04673254
MPanel:0.03539821
MButton:0.025157973
MRenderer:0.01618036
MMenu:0.016080724
MLabel:0.015937671
MSmallButton:0.015273199
UI:0.01447068
CoolHeader:0.01253189
TK:0.010211236
MLogger:0.009913704
MAction:0.007235323
MIcon:0.00689665
MMouseAdapter:0.006886525
MArrayList:0.0048944866
MHighlighter:0.0047694263
MActionInfo:0.0037297038
MTimer:0.0027176929
MColor:0.0015205911
