BuildingSitePanel:0.18616399
FreeColProgressBar:0.07857704
FreeColPanel:0.03669815
