DatabaseInformationMain:0.2158054
Database:0.07704367
Table:0.057650946
Session:0.046430573
DatabaseCommandInterpreter:0.04490544
CompiledStatementExecutor:0.0433456
Trace:0.042437032
HsqlException:0.011601226
