MPasswordField:0.4866666666666667
TextFieldExtensions:0.42380555555555555
AbstractSpinner:0.4
