SqlFile:0.55
SqltoolRB:0.36388888888888893
RefCapablePropertyResourceBundle:0.33666666666666667
SqlTool:0.2733333333333333
