jEdit:0.6166666666666667
ResourceCache:0.47333333333333333
JAR:0.38
