Editor:0.6133333333333333
FeedsFS:0.4033333333333333
TreeFS:0.3566666666666667
AbstractFS:0.3
SearchFS:0.21333333333333335
SearchFSPlugin:0.13
FeedsFSPlugin:0.13
TrashFS:0.07527777777777779
