ActionManager:0.19643259
MapboardAction:0.19597211
