Figure:0.7366666666666667
LineConnectionFigure:0.35333333333333333
ConnectionPointHandle:0.27066666666666667
ConnectionTool:0.22666666666666666
