Unit:0.7833333333333333
Player:0.4266666666666667
Colony:0.36666666666666664
Europe:0.3466666666666667
DefaultTransferHandler:0.16333333333333333
TilePopup:0.15666666666666668
UnitLabel:0.11555555555555555
