Tags:0.6933333333333334
MetaInfo:0.54
TagsEditor:0.2066666666666667
TagsMenu:0.17333333333333334
TagsSelection:0.17333333333333334
