XMLUtil:0.5133333333333333
TopicVersion:0.35333333333333333
Environment:0.3333333333333333
PersistencyHandler:0.30333333333333334
RecentChange:0.2966666666666667
WikiBase:0.29333333333333333
AdminServlet:0.24666666666666667
DatabaseHandler:0.24
Encryption:0.21666666666666667
FileHandler:0.21666666666666667
SetupServlet:0.12666666666666668
EditServlet:0.12666666666666668
HistoryServlet:0.07333333333333333
