VFSBrowser:0.4
DockableWindowManager:0.3466666666666667
Entry:0.31666666666666665
ButtonLayout:0.2783333333333333
RegistersHandler:0.24777777777777782
PanelWindowContainer:0.2175
Registers:0.19416666666666665
MouseHandler:0.18333333333333332
FloatingWindowContainer:0.16666666666666666
ActionHandler:0.05333333333333334
