Styles:0.66
ReplaceFilter:0.5166666666666667
ComesFromTMMarker:0.39666666666666667
GlossaryTextAreaTest:0.32666666666666666
