MApplication:0.08811594
TK:0.06125298
MAbout:0.06019218
FS:0.05886259
Config:0.05043957
MLogger:0.04602583
Gettext:0.0452671
Net:0.045087315
Args:0.042530168
UI:0.04198501
MMainWindow:0.036523167
MText:0.028738646
MTip:0.027977385
Property:0.026289416
MAction:0.024691734
MMessage:0.022958215
MAuthenticator:0.021697428
MProcess:0.018809682
MSystemTray:0.01595041
StringProperty:0.013999734
PropertyAccess:0.0112470295
ImageSelection:0.010127427
MMouseAdapter:0.009772607
StringList:0.006924175
