TransactionManager:0.5766666666666667
Session:0.4766666666666667
ErrorCode:0.3765555555555556
Row:0.3466666666666667
RowActionBase:0.33
IndexAVL:0.2833333333333333
ParserCommand:0.27666666666666667
TransactionManager2PL:0.24333333333333335
LongDeque:0.23666666666666666
RowAction:0.23333333333333334
StatementDMQL:0.23
TransactionManagerMV2PL:0.20333333333333334
LobManager:0.18666666666666668
IndexAVLMemory:0.17
