Canvas:0.08106144
GUI:0.04874794
