ClientOptions:0.5133333333333333
GUI:0.5066666666666667
MiniMap:0.23333333333333334
DisplayGridAction:0.20333333333333334
