MainWindow:0.5
ProjectFrame:0.36666666666666664
EditorController:0.2733333333333333
ColorRenderer:0.25583333333333336
MainWindowMenu:0.17
TagValidationTool:0.13
NumberRenderer:0.04416666666666667
FileInfo:0.016666666666666666
