ActionManager:0.41460013
FreeColAction:0.12604687
