ActionManager:0.4423313
FreeColAction:0.12614585
