ActionManager:0.44998428
FreeColAction:0.12904218
