ActionManager:0.44159445
FreeColAction:0.12586698
