SimpleCombatModel:0.4662385
Tile:0.10602478
Colony:0.09877563
Unit:0.09853378
IndianSettlement:0.08414695
Modifier:0.049557734
Game:0.04049647
