UserBlock:0.49333333333333335
AnsiQueryHandler:0.45
QueryHandler:0.3495
DataHandler:0.3000833333333333
DatabaseUpgrades:0.17
AnsiDataHandler:0.16
