WikiVersion:0.6808333333333333
Utilities:0.5066666666666667
WikiBase:0.41333333333333333
UpgradeServlet:0.21666666666666667
SetupServlet:0.21666666666666667
HistoryServlet:0.19666666666666666
WikiVersionTag:0.18
