UI:0.8166666666666667
MColorPicker:0.2966666666666667
MDialog:0.27666666666666667
TextEditorDesigner:0.25333333333333335
MMenu:0.25333333333333335
PopupWindow:0.19333333333333333
MColorChooserDialog:0.14
