Player:0.62
Europe:0.35
InGameController:0.28
InGameInputHandler:0.24666666666666667
EmigrateUnitMessage:0.21
PreGameController:0.13333333333333333
