JEditTextArea:0.6133333333333333
MouseHandler:0.33666666666666667
PluginResURLConnection:0.17333333333333334
SettingsReloader:0.14333333333333334
MouseWheelHandler:0.12333333333333334
