Desktop:0.5066666666666667
Pager:0.35
Title:0.33
WidgetInternalFrame:0.32666666666666666
MainWindow:0.32
Button:0.2633333333333333
DesktopTab:0.1611111111111111
DesktopPanel:0.15333333333333332
MoveToDesktopAction:0.11333333333333333
StaticMenuAdapter:0.10666666666666667
DocumentList:0.056666666666666664
