UI:0.57
Text:0.45666666666666667
MTip:0.31666666666666665
MInfoBar:0.24333333333333335
TodoEditor:0.20666666666666667
FormPanel:0.20333333333333334
TagsEditor:0.19
TestXML:0.18666666666666668
DesktopTab:0.12333333333333334
