FreeColDialog:0.13526842
FreeColPanel:0.06731269
