FileCache:0.5133333333333333
Item:0.4633333333333333
MainWindow:0.37666666666666665
Tabs:0.2633333333333333
Feed:0.245
TodoEditor:0.22333333333333333
DefaultPreview:0.21333333333333335
Tree:0.20166666666666666
LogFile:0.19666666666666666
Browser:0.18444444444444444
MWebBrowser:0.18
Filters:0.1780952380952381
TreeSettings:0.16666666666666666
ToggleDesktopAction:0.16333333333333333
DownloadInfo:0.15666666666666668
WebBrowser:0.13753968253968255
FilterItem:0.12444444444444443
FeedsConfigPanel:0.09333333333333334
