ParsedSection:0.09528596
WaitSection:0.070246145
ResultSetOutputParsedSection:0.06938121
TestScripts:0.0633999
ResultSetParsedSection:0.057216305
ProceedSection:0.057056546
DisplaySection:0.051690813
SilentParsedSection:0.05022393
CountParsedSection:0.048534174
IgnoreParsedSection:0.048145268
TestScriptRunner:0.04474204
UpdateParsedSection:0.044658
BlankParsedSection:0.04223082
ExceptionParsedSection:0.040946845
TestSqlPersistent:0.02156483
TestDatabaseMetaData:0.01800966
TestScript:0.016263843
TestTextTables:0.014751031
TestDima:0.014228761
TestSubselect:0.013906219
TestTriggers:0.012591057
ClearTests:0.0026927937
