BaseHashMap:0.48333333333333334
HashMap:0.31127777777777776
HashIndex:0.2833333333333333
HashMappedList:0.23666666666666666
ValuePoolHashMap:0.23
Cache:0.21972222222222224
ValuePool:0.20666666666666667
HashSet:0.12333333333333334
ArrayCounter:0.01
