Canvas:0.62
StartGamePanel:0.24833333333333332
GameOptionsDialog:0.19666666666666666
ChooseFoundingFatherDialog:0.18666666666666668
ShowSelectFoundingFatherSwingTask:0.18
FoundingFatherPanel:0.07444444444444444
