MMessage:0.37
MAuthenticator:0.27666666666666667
MainWindow:0.27
Main:0.26
MDate:0.25666666666666665
FSHelper:0.24
Widget:0.21
ImageEditorCore:0.21
VersionDialog:0.16333333333333333
ShowHideStatusBarAction:0.13666666666666666
ConsoleAction:0.13666666666666666
LiveTutorialAction:0.13666666666666666
ToggleSummaryAction:0.13666666666666666
ShowHideSidebarAction:0.13666666666666666
ToggleDesignerAction:0.13666666666666666
ToggleDesktopAction:0.13666666666666666
TagsTextField:0.13
PluginSettingsPage:0.13
HelpAction:0.12833333333333333
InternetSearchAction:0.12833333333333333
ShowHideMainToolBarAction:0.12333333333333334
DeleteAction:0.08333333333333333
