XMLHelper:0.6566666666666666
Console:0.36333333333333334
CategoryManager:0.26
InternetSearchPlugin:0.23666666666666666
