JFlexParser:0.7066666666666667
TemplateTag:0.27666666666666667
AbstractHeadingTag:0.25333333333333335
ExcessiveNestingException:0.13666666666666666
