UI:0.13140039
MFrame:0.08268504
MAction:0.06164281
MGraphics:0.05820006
MColor:0.029387452
MStatusBar:0.017759293
MLogger:0.011137035
ContainerScanner:0.0073977606
PropertyAccess:0.0018568077
