Buffer:0.5166666666666667
OffsetManager:0.49666666666666665
BufferChangeListener:0.49333333333333335
jEdit:0.39
DisplayManager:0.35
JEditTextArea:0.3233333333333333
FirstLine:0.29
ScrollLineCount:0.2633333333333333
BufferChangeAdapter:0.22166666666666668
MouseHandler:0.16333333333333333
HistoryModel:0.16333333333333333
BufferChangeHandler:0.016666666666666666
Anchor:0.006666666666666667
