AbstractClockWidget:0.35583333333333333
BooleanRenderer:0.33666666666666667
CategoryListRenderer:0.22444444444444442
Renderer:0.21333333333333335
CalendarTab:0.21
Action:0.16777777777777778
Label:0.16333333333333333
TimeZoneLabel:0.14666666666666667
