Editor:0.6
MainWindow:0.39
TodoEditor:0.37666666666666665
ImageEditor:0.25666666666666665
AbstractTextEditor:0.20666666666666667
