TextAreaPainter:0.48523796
ExtensionManager:0.4215327
Gutter:0.37500507
