WikiUtilTest:0.37
JAMWikiServlet:0.27
TestFileUtil:0.2546666666666667
ItemsServlet:0.23333333333333334
LinkTag:0.20333333333333334
RolesServlet:0.18
JAMWikiExceptionTranslationFilter:0.15666666666666668
