RepeatRule:0.5933333333333334
TaskModel:0.5291666666666667
TaskTable:0.44666666666666666
FieldsPanel:0.19333333333333333
SetDateTimeAction:0.175
DailyPanel:0.15
SetValueAction:0.13333333333333333
SetColorAction:0.11333333333333333
SetNextDateAction:0.11333333333333333
SetRepeatRuleAction:0.05
