MApplication:0.5688888888888889
CategoryManager:0.5066666666666667
Renderer:0.34
