MTable:0.12973613
MTableHeader:0.08086998
MMenu:0.05254447
StringList:0.020136004
MArrayList:0.01906772
MAction:0.013892798
MMenuAdapter:0.009813067
MActionInfo:0.0050347676
