JEditTextArea:0.53
DisplayManager:0.32
EditAction:0.3
ScrollLineCount:0.2898888888888889
OffsetManager:0.26666666666666666
Gutter:0.15333333333333332
