MGraphics2D:0.7133333333333334
ColorPalette:0.4
BrushTool:0.32
Style:0.2966666666666667
MLineBorder:0.26666666666666666
