MNotification:0.10595251
MTabbedPane:0.09768551
MAboutDialog:0.0965555
MMenu:0.092076264
MPanel:0.08724719
MDialog:0.078856476
MSeparator:0.07806937
MSlider:0.07493362
UI:0.07405868
MCalendarPanel:0.071131155
MColorChooser:0.0699383
MRenderer:0.06914639
MSmallColorChooser:0.060797285
MMessage:0.06005151
MSettingsDialog:0.059080727
MTableHeader:0.057509325
MIcon:0.056859702
CoolHeader:0.056803457
TK:0.05660194
MSplashScreen:0.056560356
MPasswordField:0.05425179
MTip:0.05258255
MTextFieldPanel:0.049005363
MLabelBeanInfo:0.04856411
MWizardDialog:0.04727966
HTMLBuilder:0.04655103
MThrobber:0.045929626
BackgroundTaskManager:0.043021787
MStatusBar:0.038849525
MDownloadDialog:0.036293913
MTogglePanel:0.034340274
AbstractMarkupBuilder:0.03433608
HTMLViewFactory:0.0340694
Mnemonic:0.033478394
MLayout:0.03272955
MPasswordPanel:0.024225006
Preloader:0.023909597
MCheckBoxTable:0.015593468
MMouseAdapter:0.015126706
MTaskPanel:0.0143155055
MColor:0.0051374235
