GranteeManager:0.32783267
Grantee:0.23859315
User:0.19236203
Database:0.18511565
DatabaseInformationMain:0.13737309
Session:0.12409546
SchemaManager:0.120885625
SessionManager:0.11732915
DatabaseCommandInterpreter:0.11688736
DatabaseInformationFull:0.11032219
Parser:0.090611085
Trace:0.08316535
TriggerDef:0.058782335
CompiledStatement:0.05479411
HsqlException:0.027717868
GrantConstants:0.014289653
