SimpleXMLReader:0.5266666666666666
FeedsFS:0.4766666666666667
OPMLReader:0.44
Database:0.16666666666666666
