FreeColPanel:0.5816666666666667
EventPanel:0.5233333333333333
QuitDialog:0.31666666666666665
