InGameController:0.4533333333333333
ClientOptions:0.35
PreGameInputHandler:0.24666666666666667
MapEditorController:0.24666666666666667
