HsqlDatabaseProperties:0.5048333333333332
ExpressionColumn:0.44333333333333336
Database:0.35
RangeVariable:0.29
ParserDQL:0.2866666666666667
Logger:0.25
ParserCommand:0.22
StatementSchema:0.20666666666666667
StatementCommand:0.20222222222222225
StatementTypes:0.11333333333333333
