Modifier:0.3129075
Ability:0.15101662
FreeColGameObjectType:0.11987009
Scope:0.10063549
FeatureContainer:0.096167885
FreeColObject:0.058166735
Colony:0.046806436
Player:0.038054083
Unit:0.028271291
SimpleCombatModel:0.023166716
Features:0.022414293
Turn:0.014510564
