JEditBuffer:0.44333333333333336
GeneralOptionPane:0.29444444444444445
EditingOptionPane:0.25333333333333335
BufferSaveRequest:0.17
