EditorUtils:0.7422222222222223
EditorUtilsTest:0.21333333333333335
