MToolBar:0.47
LookAndFeelSettings:0.4633333333333333
TestMButton:0.18
TestMLabel:0.17333333333333334
