WebBrowser:0.7233333333333334
MWebBrowserPanel:0.41333333333333333
FeedViewer:0.2866666666666667
History:0.25666666666666665
BackAction:0.21777777777777782
ForwardAction:0.056666666666666664
