Feed:0.14598984
FeedComponent:0.09226825
