AIObject:0.30104086
AIUnit:0.18476474
AIPlayer:0.13442232
AIGoods:0.12590761
WorkLocationPlan:0.1202864
AIColony:0.11035909
TileImprovement:0.1078166
WorkerWish:0.08695322
Wish:0.082256295
GoodsWish:0.08142842
AIInGameInputHandler:0.07796427
ColonyPlan:0.074304804
