UI:0.78
MPanel:0.4166666666666667
MDialog:0.4033333333333333
ChartPanel:0.29
MWizardDialog:0.24333333333333335
MToolBar:0.225
PropertiesPanel:0.20333333333333334
Filters:0.1980952380952381
Args:0.19
MCheckBox:0.185
NewFolderDialog:0.16666666666666666
MRadioButton:0.13666666666666666
TreeStatsPanel:0.13
SearchPanel:0.07666666666666666
