JEditTextArea:0.57
ChunkCache:0.39666666666666667
LineInfo:0.33322222222222225
MouseHandler:0.27199999999999996
BufferChangeHandler:0.20944444444444443
Gutter:0.19083333333333333
PaintLineBackground:0.15333333333333332
