Server:0.14075384
Database:0.10273647
HsqlDatabaseProperties:0.102207616
Log:0.07753803
HsqlProperties:0.070539646
Servlet:0.060306907
Trace:0.05932619
Session:0.05575683
WebServerConnection:0.054133885
SessionManager:0.050802052
ServerConstants:0.049629588
jdbcDriver:0.04570468
DatabaseCommandInterpreter:0.040579084
ServerConnection:0.040557444
LockFile:0.029548394
CompiledStatementExecutor:0.020059796
HsqlException:0.0077188783
Record:0.0044278684
