ImageEditorCore:0.5733333333333334
MFileChooser:0.41333333333333333
AbstractFS:0.41333333333333333
RotateAction:0.14333333333333334
