MCalendarPanel:0.4666666666666667
TaskTable:0.33666666666666667
MDateSpinner:0.3233333333333333
DateTimeDialog:0.32
SetDateTimeAction:0.16166666666666665
SetDateAction:0.023333333333333334
