Unit:0.6166666666666667
Map:0.5966666666666667
Player:0.27
InGameInputHandler:0.26
Canvas:0.25
GUI:0.25
ServerPlayer:0.19555555555555557
TakeFocusThread:0.16666666666666666
TextFormatter:0.13666666666666666
