EuropeanAIPlayer:0.47333333333333333
NativeAIPlayer:0.43666666666666665
AIPlayer:0.31333333333333335
