MainWindow:0.6533333333333333
ConsoleWindow:0.3333333333333333
MyCredentialsProvider:0.32
IMainWindow:0.25666666666666665
