Type:0.1624672
Types:0.02806691
