StatementDMQL:0.27328345
StatementDML:0.253311
SessionContext:0.14680342
Session:0.1336089
Table:0.0875831
TableBase:0.08392271
Row:0.06928905
Statement:0.06876149
StatementTypes:0.050525885
