Widget:0.6783333333333333
MCalendarPanel:0.43666666666666665
CalendarDesklet:0.24
