Tile:0.7
Unit:0.6433333333333333
RiverSection:0.2633333333333333
TileTest:0.24333333333333335
MovementTest:0.20666666666666667
