Mark:0.43666666666666665
EditorController:0.4266666666666667
IMarker:0.26733333333333337
CalcMarkersThread:0.24333333333333335
IEditor:0.19916666666666666
GlossaryTextArea:0.19777777777777777
SegmentBuilder:0.18666666666666668
MarkerController:0.16
EntryMarks:0.11333333333333333
TransTipsMarker:0.056666666666666664
