Colony:0.5266666666666666
Unit:0.49666666666666665
WorkLocation:0.4064285714285714
ColonyTile:0.3933333333333333
Building:0.3466666666666667
