jEdit:0.71
DisplayManager:0.33
SearchDialog:0.32666666666666666
HistoryModel:0.31
BufferHistory:0.2127777777777778
BufferChangeHandler:0.20333333333333334
VFSBrowser:0.20333333333333334
CompleteWord:0.20333333333333334
FirstLine:0.185
SettingsActionHandler:0.14833333333333334
PluginsMenuButton:0.06444444444444444
Debug:0.03
