CircleEditor:0.10544339
DateTimeRenderer:0.07741954
TaskPanel:0.0771425
SummaryEditor:0.07057192
SummaryRenderer:0.062320665
DateTimeEditor:0.062301613
TaskModel:0.05485077
Task:0.046372864
Column:0.030086165
CompleteRenderer:0.022517411
CircleRenderer:0.0209937
TaskSelection:0.02025584
Sorter:0.018981477
CompleteEditor:0.017833332
TaskState:0.015801067
Filter:0.011422028
Priority:0.010451446
PriorityEditor:0.010030187
PriorityRenderer:0.0043099276
