ServerUnit:0.17768623
ServerColony:0.17549618
ServerPlayer:0.12724783
ServerModelObject:0.059671666
