Grantee:0.4223448
UserManager:0.3171226
User:0.21666832
DatabaseInformationMain:0.14051479
DatabaseCommandInterpreter:0.13622205
DatabaseInformationFull:0.12131456
DatabaseScript:0.12090994
Database:0.111584455
Trace:0.092946626
HsqlException:0.018884597
GrantConstants:0.01593274
