FreeColServer:0.44666666666666666
InGameController:0.43333333333333335
OptionsDialog:0.2752777777777778
FreeColObject:0.2633333333333333
MiniMap:0.23333333333333334
MapEditorController:0.21666666666666667
ServerTestHelper:0.17333333333333334
ClientOptionsDialog:0.16
MapConverter:0.08666666666666667
