EditPane:0.47333333333333333
Gutter:0.31333333333333335
Branch:0.2617777777777778
AboutPanel:0.26
PluginListHandler:0.24333333333333335
PanelWindowContainer:0.20333333333333334
FileCellRenderer:0.19666666666666666
