MNotification:0.41333333333333333
PropertiesPanel:0.27
NewPasswordDialog:0.21666666666666667
Enclosure:0.2
EncryptDialog:0.16666666666666666
DownloadInfo:0.15666666666666668
Reminder:0.15444444444444444
