Canvas:0.5533333333333333
GUI:0.4633333333333333
MapControls:0.41
ViewMode:0.33
