RangeVariable:0.5133333333333333
RangeVariableJoined:0.3611111111111111
ParserDQL:0.35
RowStoreAVLHybrid:0.31333333333333335
ExpressionColumn:0.3006666666666667
