jEdit:0.089937
MacOSPlugin:0.07612285
Macros:0.059005044
View:0.056330927
Buffer:0.054292616
HistoryModel:0.05189811
VFSBrowser:0.048041854
JEditTextArea:0.031535704
Log:0.02666038
MacOSActions:0.021825766
BufferUpdate:0.021348886
BufferHistory:0.020544926
PerspectiveManager:0.020347022
EditAction:0.02013772
ViewUpdate:0.013456541
GlobalOptions:0.0047086654
AboutDialog:0.004289729
