Statistics:0.5733333333333334
StatisticsWindow:0.33
MatchStatisticsInfo:0.2611111111111111
CalcMatchStatistics:0.10833333333333334
