Utilities:0.5633333333333334
DiffUtil:0.36266666666666664
