jEdit:0.6066666666666667
PluginJAR:0.41
ActionSet:0.3466666666666667
DockableWindowManager:0.29
PluginCacheEntry:0.24
