SearchAndReplace:0.29610744
SearchDialog:0.20941761
View:0.15257932
JEditTextArea:0.10384922
HistoryTextField:0.07177411
EditPane:0.05812736
jEdit:0.05074241
Selection:0.022884175
CurrentBufferSet:0.01776347
Log:0.01356156
