Core:0.5966666666666667
SourceTextEntry:0.19666666666666666
PatternConsts:0.19333333333333333
CalcMarkersThread:0.18333333333333332
ProtectedPartsMarker:0.17
RemoveTagMarker:0.10833333333333334
TagMarker:0.10833333333333334
AbstractMarker:0.09
EntryMarks:0.08937878787878788
IMarker:0.08444444444444445
SpellCheckerMarker:0.05333333333333334
TransTipsMarker:0.016666666666666666
