Option:0.7
Messages:0.66
AbstractOption:0.25
ListOptionUI:0.23333333333333334
FileOptionUI:0.18333333333333332
BooleanOptionUI:0.18333333333333332
IntegerOptionUI:0.18333333333333332
SelectOptionUI:0.18333333333333332
StringOptionUI:0.18333333333333332
AudioMixerOptionUI:0.18333333333333332
LanguageOptionUI:0.18333333333333332
PercentageOptionUI:0.18
OptionGroupUI:0.18
RangeOptionUI:0.18
