TK:0.7366666666666667
OS:0.46
MMainWindow:0.21333333333333335
InternetBrowserSettings:0.16333333333333333
