ModeCatalogHandler:0.23992817
Buffer:0.18962999
jEdit:0.18480684
ModeOptionPane:0.09067187
Abbrevs:0.083442464
Log:0.068721905
MiscUtilities:0.06455165
XModeHandler:0.061834134
RE:0.04811437
TokenMarker:0.041493736
StatusBar:0.03986991
BufferOptions:0.038893335
AbbrevsOptionPane:0.031174408
AddAbbrevDialog:0.02449687
EditingOptionPane:0.019732496
REException:0.0121360645
