LinkHandle:0.5733333333333334
DefaultOSXApplication:0.2588888888888889
SVGGroupFigure:0.2188888888888889
SVGEllipseFigure:0.2188888888888889
SVGRectFigure:0.2088888888888889
SVGTextAreaFigure:0.2088888888888889
SVGImageFigure:0.2088888888888889
SVGPathFigure:0.2088888888888889
SVGTextFigure:0.2088888888888889
