SourceTextEntry:0.5866666666666667
RealProject:0.44333333333333336
EditorPopups:0.24333333333333335
DuplicateSegmentsPopup:0.16
