TodoEditor:0.6016666666666667
Tabs:0.5466666666666666
SearchBar:0.5066666666666667
