Message:0.09967576
Connection:0.02184418
