FreeColPanel:0.03706726
FreeColDialog:0.028027223
