Ability:0.08594659
Modifier:0.07866888
TileType:0.07592659
Region:0.063308
IndianSettlement:0.059908483
Tile:0.059328455
SimpleCombatModel:0.048752155
FreeColGameObjectType:0.04775127
Feature:0.026323268
FreeColObject:0.022398364
NationType:0.016872032
