MTextPane:0.5433333333333333
ToolButton:0.23333333333333334
MToggleButton:0.23083333333333333
Title:0.22
Hyperlink:0.11666666666666667
