Task:0.8233333333333334
CircleRenderer:0.27
DateTimeEditor:0.15333333333333332
