ConsoleIO:0.5922222222222222
MButtonPanel:0.3433333333333333
DeletePrivateDataPlugin:0.3333333333333333
