Player:0.11665818
IndianSettlement:0.061029416
