DummyFoldHandler:0.2598361
IndentFoldHandler:0.18927354
ExplicitFoldHandler:0.17053427
Buffer:0.09304136
EditPlugin:0.036195092
Log:0.024048759
BufferOptions:0.023254741
EditingOptionPane:0.01996437
