ResourceManager:0.14087805
Resource:0.033758957
ResourceFactory:0.030024294
