RectangleTool:0.34273016
Tool:0.18199706
EraserTool:0.17376804
RedRectangleTool:0.08444875
