Player:0.5866666666666667
Colony:0.5766666666666667
Ability:0.5666666666666667
