jEdit:0.82
Buffer:0.59
SearchAndReplace:0.2394444444444445
View:0.22333333333333333
EditServer:0.18944444444444444
WindowHandler:0.10666666666666667
ActionHandler:0.09666666666666666
GeneralOptionPane:0.056666666666666664
