Link:0.42333333333333334
MLinkButton:0.33
Feed:0.2441111111111111
LinkEditor:0.22666666666666666
HTMLSelection:0.20333333333333334
StaticDragHandler:0.17333333333333334
Globals:0.16333333333333333
ImageInfo:0.14888888888888888
TestHTMLAutodiscovery:0.07333333333333333
