Tile:0.6133333333333333
Map:0.43666666666666665
GUI:0.25
ImageLibrary:0.24
ScrollThread:0.17333333333333334
