TK:0.6733333333333333
Editor:0.3933333333333333
MURLButton:0.2488888888888889
ImportExport:0.22666666666666666
Attributes:0.19333333333333333
