Environment:0.5166666666666667
ImageProcessor:0.39
XMLUtil:0.3333333333333333
MediaWikiXmlImporter:0.23666666666666666
ExportServlet:0.17
MediaWikiXmlExporter:0.17
