Tester:0.7066666666666667
ValueEvent:0.37666666666666665
TestValueEvent:0.30333333333333334
