JEditTextArea:0.59
ChunkCache:0.37333333333333335
SearchAndReplace:0.31666666666666665
HistoryModel:0.19777777777777777
