RowAVLDisk:0.6166666666666667
TextCache:0.38
RowStoreAVLDiskData:0.3233333333333333
RowAVLDiskData:0.23444444444444448
