Feature:0.0932521
BuildableType:0.085391246
FreeColGameObjectType:0.07775481
Operand:0.0644254
FoundingFather:0.06112836
TileImprovementType:0.0587127
BuildingType:0.05799979
FreeColObject:0.05762519
FreeColGameObject:0.053497426
SettlementType:0.051814124
UnitTypeChange:0.047354173
RandomRange:0.029116731
