ColopediaPanel:0.19704016
FreeColDialog:0.19386768
