Modifier:0.5066666666666667
Tile:0.4033333333333333
BuildingType:0.3083888888888888
FoundingFather:0.3083888888888888
UnitType:0.2591111111111111
ColopediaPanel:0.25333333333333335
TileType:0.24
IndianNationType:0.20333333333333334
EuropeanNationType:0.14333333333333334
