Expression:0.4955555555555555
Column:0.3872222222222222
DataFileDefrag:0.32666666666666666
Types:0.31666666666666665
jdbcResultSetMetaData:0.21666666666666667
