BuildingPanel:0.33507398
UnitLabel:0.15604141
ProductionLabel:0.11540939
