LabourData:0.31177646
ReportPanel:0.123614736
FreeColPanel:0.051479217
