ReportPanel:0.18642412
UnitLabel:0.04988032
FreeColPanel:0.030432727
