DefaultTransferHandler:0.12191743
DragListener:0.07654068
FreeColDialog:0.04761873
FreeColPanel:0.044911854
ImageSelection:0.035221543
DropListener:0.018724112
