SegmentBuilder:0.6266666666666667
TransTips:0.2833333333333333
EditorUtils:0.26166666666666666
