TK:0.7533333333333333
Pager:0.35333333333333333
MetaInfo:0.35
MLabel:0.2658333333333333
StaticMenuAdapter:0.20777777777777778
PagerSettings:0.18333333333333332
DebugOutputStream:0.17
