Tree:0.22435927
TreePanel:0.111629404
