PrintDialog:0.5466666666666666
Editor:0.5372222222222222
PrintAction:0.10666666666666667
