TrackerItem:0.17685692
TrackerListener:0.16455011
TrackerEvent:0.09762156
