Table:0.7733333333333333
HSQLClientConnection:0.279531746031746
