PropertiesPanel:0.7516111111111111
ScriptCommand:0.4486111111111111
