TK:0.8633333333333333
Main:0.47
MMainWindow:0.2833333333333333
