TK:0.57
HTMLBuilder:0.36666666666666664
TableColumn:0.31666666666666665
MetaInfo:0.30666666666666664
Task:0.2711111111111111
MTable:0.22
TaskModel:0.21333333333333335
GHNSDialog:0.20333333333333334
MMessage:0.18
Editor:0.17333333333333334
