Unit:0.36666666666666664
Market:0.355
FreeColGameObject:0.34
GoodsContainer:0.31333333333333335
SimpleCombatModel:0.29333333333333333
Building:0.25333333333333335
Colony:0.25333333333333335
Europe:0.25
Tile:0.18816666666666668
