Unit:0.7666666666666667
Tile:0.49
Mission:0.2866666666666667
InGameController:0.21333333333333335
AIPlayer:0.19
UnitInfoPanel:0.11333333333333333
