Player:0.4066666666666667
Colony:0.39594444444444443
Tile:0.39594444444444443
FreeColGameObject:0.37
SimpleCombatModel:0.24
