Buffer:0.72756624
VFS:0.72650856
jEdit:0.6028451
VFSManager:0.22631258
Log:0.19556093
WorkRequest:0.120982766
WorkThread:0.09568048
SegmentBuffer:0.04653042
Marker:0.03697695
IntegerArray:0.020604454
