ScaledRAFileInJar:0.5441942
ScaledRAFileNIO:0.108406514
ScaledRAFileHybrid:0.07326427
DataFileCache:0.04517769
TextCache:0.025983948
DataFileDefrag:0.01867475
ScaledRAInterface:0.01106206
HsqlDatabaseProperties:0.010196466
