PrintPreviewPanel:0.39666666666666667
OS:0.395
EditorNavigation:0.3461111111111111
FeedViewer:0.2866666666666667
Args:0.24666666666666667
PrintDialog:0.20333333333333334
NavigationUtils:0.15
