Canvas:0.46888888888888886
TradeRouteDialog:0.38
Stop:0.35333333333333333
TradeRoute:0.26666666666666666
TradeRouteInputDialog:0.25666666666666665
TradeRouteAction:0.15666666666666668
