jEdit:0.6833333333333333
Match:0.4483333333333333
SearchAndReplace:0.3233333333333333
BoyerMooreSearchMatcher:0.25833333333333336
RESearchMatcher:0.21666666666666667
HyperSearchRequest:0.20872222222222223
KeyEventWorkaround:0.17
MouseActions:0.15
