Building:0.66
Colony:0.5433333333333333
BuildableType:0.3830952380952381
