jEdit:0.19816868
AppleScriptHandler:0.19275841
View:0.16685875
BeanShell:0.16566502
Buffer:0.15352684
ActionSet:0.13739195
EditAction:0.13361551
GUIUtilities:0.1300914
InputHandler:0.12143601
SearchAndReplace:0.1071039
JEditTextArea:0.091998056
StatusBar:0.08565428
MiscUtilities:0.08470503
Delegate:0.0835453
Log:0.081906445
EditBus:0.080927104
MacOSPlugin:0.07093595
BufferUpdate:0.06172053
EBMessage:0.04973032
ActionBar:0.0494015
EBComponent:0.045174308
SettingsReloader:0.040476844
MacrosProvider:0.0349579
DynamicMenuChanged:0.030410003
RE:0.02224381
ShortcutsOptionPane:0.020087952
