JEditTextArea:0.45666666666666667
TextUtilities:0.3433333333333333
GUIUtilities:0.3333333333333333
BrowserColorsModel:0.30333333333333334
FoldVisibilityManager:0.2833333333333333
OffsetManager:0.27666666666666667
MouseHandler:0.23
TextAreaPainter:0.21666666666666667
SearchAndReplace:0.20333333333333334
Gutter:0.19
VFSBrowser:0.19
InputHandler:0.17
