RangeOptionUI:0.23573977
AbstractUnitOptionUI:0.22958454
PercentageOptionUI:0.22036785
ModOptionUI:0.21341608
AudioMixerOptionUI:0.19951102
OptionGroupUI:0.19775878
SliderOptionUI:0.18920311
ListOptionUI:0.18014182
StringOptionUI:0.17464527
SelectOptionUI:0.17376685
LanguageOptionUI:0.16578528
IntegerOptionUI:0.1545516
BooleanOptionUI:0.14802259
UnitTypeOptionUI:0.13542424
FileOptionUI:0.12658006
FreeColActionUI:0.09610266
OptionUpdater:0.049398124
