Index:0.49
AbstractFileCache:0.4033333333333333
Archive:0.28555555555555556
FileCache:0.28555555555555556
Content:0.24666666666666667
