RecentChange:0.6733333333333333
LogItem:0.5866666666666667
MagicWordUtil:0.25666666666666665
