MMainWindow:0.3566666666666667
TodoEditorCore:0.33
PluginSettings:0.27
FeedViewer:0.21333333333333335
LinkAction:0.21
PluginSettingsPage:0.18944444444444444
AutoCompletion:0.16466666666666666
