Canvas:0.4266666666666667
FreeColGameObject:0.42
FreeColDialog:0.38
ModelMessage:0.25333333333333335
GoodsContainer:0.23799999999999996
Market:0.2066666666666667
