FeedsFSPlugin:0.19897954
FeedThread:0.17770801
FeedViewer:0.120482646
FeedDownloader:0.104426995
Filters:0.08205932
ArticleList:0.07234728
AddFeedDialog:0.051234316
