MetaInfo:0.5622222222222222
EditorPlugin:0.31
MMessage:0.2966666666666667
MComboBox:0.2866666666666667
ItemRenderer:0.16333333333333333
