InGameController:0.9266666666666666
ConnectController:0.38333333333333336
OptionGroup:0.29333333333333333
