ArchiveChannel:0.24124707
Archive:0.06220033
