ArchiveChannel:0.23129043
ArchiveException:0.09253193
ArchiveItem:0.0559623
