Building:0.7291666666666666
DragListener:0.39
WorkProductionPanel:0.27666666666666667
