Editor:0.57
ActionGroup:0.38
TextEditor:0.35333333333333333
ImageEditor:0.3333333333333333
MainWindow:0.2733333333333333
ImageEditorCore:0.2733333333333333
Item:0.25
NotepadEditor:0.22333333333333333
ZoomComponent:0.16
FlipAction:0.09333333333333334
PlayAction:0.07333333333333333
BlueprintAction:0.06555555555555556
InsertImageAction:0.056666666666666664
ShowHTMLAction:0.055
AutoZoomAction:0.041666666666666664
ResizeAction:0.03805555555555555
InsertTableAction:0.03666666666666667
CreateReflectionAction:0.03222222222222222
ZoomSelectionAction:0.03222222222222222
