Task:0.6766666666666666
Builder:0.3566666666666667
Query:0.33666666666666667
TaskModel:0.2633333333333333
SummaryCategory:0.16333333333333333
