LinkMetaInfo:0.28334504
AbstractFS:0.19188671
FSHelper:0.16112304
Links:0.14087354
MetaInfoAction:0.082116626
MetaInfoComparator:0.079606764
MountPanel:0.066505715
MetaInfoMenu:0.06352915
MountManager:0.061563537
MetaInfoList:0.02872091
FSAction:0.0051460555
FSException:0.0047909683
