InternetSearchPanel:0.3566666666666667
PluginDownloader:0.33666666666666667
IconTheme:0.32666666666666666
ProxySettings:0.20555555555555557
GeneralSettings:0.16444444444444445
InternetSearchAction:0.14444444444444446
