Xml:0.7033333333333334
Specification:0.49333333333333335
TileType:0.49333333333333335
GoodsType:0.4766666666666667
Message:0.4
BuildingType:0.36
ObjectFactory:0.3027420634920635
Level:0.056666666666666664
