Unit:0.49333333333333335
Colony:0.35
UnitType:0.26666666666666666
Building:0.24
Consumer:0.22481746031746028
