GoodsLocation:0.42913705
WorkLocation:0.30853134
HighSeas:0.29698956
Location:0.2832463
Building:0.25188738
ColonyTile:0.24382924
FreeColGameObject:0.24249233
Europe:0.23872234
Goods:0.23490807
Tile:0.23253284
Unit:0.2094068
IndianSettlement:0.2062972
GoodsContainer:0.19404294
Colony:0.18439516
Settlement:0.1633416
Player:0.15824123
Game:0.15156998
TileItem:0.1392984
FreeColObject:0.13924779
Locatable:0.13567461
SimpleCombatModel:0.08055
StringTemplate:0.0775428
EuropeWas:0.0061424477
