VFS:0.1785591
VFSManager:0.16940324
BrowserView:0.10618235
VFSBrowser:0.08566837
jEdit:0.07496494
