WebBrowser:0.6533333333333333
SwingWebBrowser:0.4066666666666667
WebBrowserTab:0.28
FeedViewer:0.27666666666666667
Help:0.23
BrowserViewFactory:0.07166666666666667
BrowserHTMLEditorKit:0.07
