Canvas:0.6633333333333333
ColonyPanel:0.44666666666666666
ReportColonyPanel:0.23
TilePanel:0.17444444444444446
ReportRequirementsPanel:0.14666666666666667
TradeRouteInputDialog:0.11666666666666667
ReportTurnPanel:0.11
ReportColonyAction:0.09666666666666666
ReportLabourPanel:0.09
ReportLabourAction:0.08333333333333333
ReportIndianAction:0.08333333333333333
ReportExplorationAction:0.08333333333333333
ReportRequirementsAction:0.08333333333333333
ReportExplorationPanel:0.04666666666666667
ReportIndianPanel:0.04
