ActionManager:0.3927727
MapboardAction:0.31600663
