Unit:0.33358666
ModelController:0.1903541
Location:0.05257185
Ownable:0.04147322
Player:0.0
Game:0.0
FreeColGameObject:0.0
