SoftWrapTokenHandler:0.36183345
Chunk:0.30971175
DefaultTokenHandler:0.060511295
ChunkCache:0.023707386
TokenMarker:0.021165399
SyntaxStyle:0.011715859
Token:0.0061599505
ParserRuleSet:0.0034643887
