TokenHandler:0.26851532
TokenMarker:0.09915519
Token:0.078524604
Buffer:0.07778322
