MFileChooser:0.14558071
UI:0.009305527
