WikiUser:0.6333333333333333
WikiUserInfo:0.47
Utilities:0.39666666666666667
ServletUtil:0.2633333333333333
FileHandler:0.24333333333333335
AnsiDataHandler:0.22333333333333333
AnsiQueryHandler:0.2111111111111111
WikiDatabase:0.21
SetupServlet:0.16333333333333333
RegisterServlet:0.15666666666666668
LdapUserHandler:0.14
DatabaseUserHandler:0.14
DatabaseUpgrades:0.11666666666666667
WikiSignatureTag:0.08333333333333333
