UI:0.6433333333333333
MMenu:0.5066666666666667
ColumnManager:0.25333333333333335
ImageEditor:0.24
InternetSearchPlugin:0.22333333333333333
MText:0.21983333333333335
Pager:0.17
TreePanel:0.15666666666666668
CalendarComponent:0.14333333333333334
ColorPaletteMenu:0.09666666666666666
