Unit:0.58
Player:0.4633333333333333
FeatureContainer:0.31833333333333336
Building:0.3
SimpleCombatModel:0.2733333333333333
FreeColDialog:0.2544444444444445
