Player:0.5866666666666667
ImageLibrary:0.30333333333333334
StartGamePanel:0.24333333333333335
PlayersTableModel:0.24333333333333335
EuropePanel:0.19666666666666666
ColorCellEditor:0.17666666666666667
PreGameController:0.15666666666666668
ColorCellRenderer:0.03
NationCellRenderer:0.02666666666666667
NationCellEditor:0.02
