AbstractItem:0.19747943
Feed:0.1151861
FeedComponent:0.07230998
