Buffer:0.62
JEditTextArea:0.41333333333333333
TextAreaPainter:0.37666666666666665
MiscUtilities:0.30666666666666664
BufferIORequest:0.2833333333333333
