ReportPanel:0.17019019
FreeColPanel:0.09985093
FreeColProgressBar:0.053286083
