ReportPanel:0.097018756
FreeColPanel:0.059580404
BuildingPanel:0.046745583
GoodsLabel:0.023227904
