MIcon:0.66
MDialog:0.6333333333333333
MMessage:0.33666666666666667
ListView:0.29
Validator:0.29
FileInfoPanel:0.2633333333333333
FormPanel:0.2175
StaticHandler:0.18
StaticAction:0.09
StaticRedoAction:0.07
StaticUndoAction:0.07
