SVNRemoteRepository2:0.48333333333333334
GITRemoteRepository2:0.3897777777777777
RemoteRepositoryFactory:0.38666666666666666
