Tile:0.52
TileType:0.38333333333333336
Unit:0.35333333333333333
Map:0.33904761904761904
MapGenerator:0.23444444444444448
InGameController:0.2
TerrainGenerator:0.2
