WikiLink:0.5133333333333333
LinkUtil:0.33666666666666667
WikiLinkTest:0.25333333333333335
JFlexParser:0.21666666666666667
ImageUtil:0.19333333333333333
ServletUtil:0.19333333333333333
LinkTag:0.17666666666666667
PaginationTag:0.16333333333333333
UpgradeServlet:0.14333333333333334
WikiLinkTag:0.14
JFlexParserUtil:0.13666666666666666
EditSectionTag:0.10333333333333333
