ClientOptions:0.45844444444444443
InGameController:0.39666666666666667
Canvas:0.37
FreeColClient:0.32666666666666666
ResourceManager:0.3
SoundPlayerThread:0.275
SoundPlayer:0.2633333333333333
PreGameController:0.22444444444444447
SoundTest:0.09666666666666666
