MetaInfo:0.8366666666666667
FSHelper:0.4166666666666667
EnumProperty:0.30666666666666664
ItemRenderer:0.23
ImportExport:0.19333333333333333
