Tokens:0.6667222222222222
Scanner:0.45666666666666667
Database:0.33666666666666667
Session:0.31333333333333335
DateTimeType:0.21833333333333332
DatabaseManager:0.21777777777777782
ParserCommand:0.20677777777777778
IntervalType:0.205
DataFileCache:0.1863888888888889
