XMLFilter:0.29333333333333333
PoFilter:0.28
ResourceBundleFilter:0.23
OConsts:0.2211111111111111
HTMLFilter2:0.22
OpenDocFilter:0.22
OpenXMLFilter:0.22
HTMLReader:0.21638888888888885
AbstractFilter:0.20666666666666667
RealProject:0.20666666666666667
XtagFilter:0.19333333333333333
IFilter:0.19166666666666668
ProjectFrame:0.19
TextFilter:0.16666666666666666
FileInfo:0.16
MozillaDTDFilter:0.08666666666666667
