ScriptPlugin:0.16079256
PluginManager:0.09372653
PluginException:0.09056638
Pluggable:0.08462034
PluginInfo:0.05812477
