PluginException:0.26510575
AbstractPlugin:0.1627288
PluginManager:0.14966156
PluginInfo:0.07221126
