LabourData:0.3299102
ReportPanel:0.06673961
FreeColPanel:0.04846222
