MText:0.6033333333333334
MFileChooser:0.45666666666666667
MCharacterChooser:0.3016666666666667
