DisplayManager:0.4866666666666667
FirstLine:0.35333333333333333
ScrollLineCount:0.31666666666666665
