GHNSDialog:0.5333333333333333
MTip:0.3933333333333333
Flags:0.33666666666666667
MTimer:0.30666666666666664
