Unit:0.5066666666666667
UnitType:0.4066666666666667
ImageLibrary:0.35333333333333333
GUI:0.3333333333333333
