IntervalType:0.43147278
DateTimeType:0.33020437
DTIType:0.20565636
NumberType:0.11306137
Type:0.05334918
