ExpressionLike:0.024134686
Session:0.009721173
SessionInterface:0.0025663627
