IntervalType:0.27125087
Type:0.23469886
DateTimeType:0.18372662
BitType:0.15939134
BooleanType:0.15217564
NullType:0.13830842
DTIType:0.122423016
Types:0.11187285
IntervalSecondData:0.042426545
BinaryData:0.023911195
ClobData:0.0048677716
