DefaultDrawingView:0.6388888888888888
AbstractFigure:0.5433333333333333
GenericListener:0.28
