AbstractSettingsPage:0.36545584
PluginSettings:0.15113525
AppSettings:0.14829126
InternetBrowserSettings:0.023799935
