MColorPicker:0.6366666666666667
ColorComponent:0.44666666666666666
CustomColorSettings:0.3591666666666667
