ResourceManager:0.37
ChipResource:0.32
Resource:0.225
PreGameController:0.18666666666666668
PlayersTableModel:0.18
ColorResource:0.15666666666666668
