ScriptYourself:0.5733333333333334
MToolBar:0.5483333333333333
