MetaInfoMenu:0.31514078
AbstractFS:0.25550854
MetaInfo:0.2418362
MetaInfoAction:0.14644942
