MButton:0.7472222222222222
MButtonBeanInfo:0.14333333333333334
