OdbcUtil:0.4666666666666667
TestOdbcTypes:0.4633333333333333
ServerConnection:0.3
