MDialog:0.15416048
MLayout:0.13721173
MCalendarPanel:0.13347599
MMultiPanel:0.12278318
MToolBar:0.12076312
MLabel:0.116370976
MTextFieldPanel:0.10705979
MSettingsDialog:0.10648276
MWizardDialog:0.105586745
MMessage:0.10363572
MAboutDialog:0.102062255
MTabbedPane:0.10037982
MTogglePanel:0.0962279
MMenu:0.09299809
MNotification:0.0921009
MSeparator:0.0908817
MButtonPanel:0.084418245
MRenderer:0.08322068
MComponent:0.08109956
MSmallColorChooser:0.0763029
UI:0.07539393
MFontChooser:0.07505806
MPasswordPanel:0.07024162
MColorChooser:0.06975332
MInternalFrame:0.06458012
MColorPicker:0.06330027
MStatusBar:0.0632561
MScrollPane:0.058907606
MColorChooserPanel:0.052499495
MFlipPanel:0.04459645
MDownloadDialog:0.044158474
MFileChooser:0.043236405
MIconChooser:0.038514633
TK:0.036738083
MCheckBoxTable:0.03483317
MWebBrowserPanel:0.033612765
CoolHeader:0.032248627
MRating:0.026898306
MTab:0.023115562
MArrayList:0.02303292
MHighlighter:0.019715752
AbstractIndicator:0.018734988
MColor:0.010847568
WTFError:0.003745166
MPanelBeanInfo:0.002403244
Pair:0.0023244754
