ColumnManager:0.11946201
AbstractListTableModel:0.05013294
MTableHeader:0.044305373
MCellTip:0.042397738
TK:0.032265052
MRenderer:0.029703712
MMessage:0.023331743
UI:0.0221777
AbstractIterator:0.020200277
MIcon:0.019395802
MScrollPane:0.01882389
MActionInfo:0.017404165
Config:0.014616937
MLogger:0.012350019
MMouseAdapter:0.009289875
EnumProperty:0.0043919603
MV:0.0028715075
WTFError:0.0015194973
