Session:0.7033333333333334
Log:0.5066666666666667
