ServerUnit:0.40616938
ServerPlayer:0.27364096
