CompositeFigure:0.43333333333333335
DecoratorFigure:0.4033333333333333
BouncingDrawing:0.31666666666666665
AbstractFigure:0.29
JavaDrawApp:0.28
BorderDecorator:0.20666666666666667
