TestException:0.038001027
AbstractEnumTest:0.014475719
