Cache:0.63
TextCache:0.31333333333333335
Log:0.2966666666666667
DataFileCache:0.21666666666666667
