FoldHandler:0.7433333333333333
Buffer:0.4866666666666667
IndentFoldHandler:0.38
ExplicitFoldHandler:0.38
StatusBar:0.20333333333333334
MouseHandler:0.18666666666666668
ModeOptionPane:0.14333333333333334
DummyFoldHandler:0.14333333333333334
BufferOptions:0.13666666666666666
EditingOptionPane:0.12333333333333334
