Handler:0.4666666666666667
FilterMaster:0.36
ResXFilter:0.24333333333333335
DefaultXMLDialect:0.21666666666666667
XMLDialect:0.2
ResXDialect:0.15933333333333333
