Canvas:0.64
WindowedFrame:0.2733333333333333
FullScreenFrame:0.2633333333333333
FreeCol:0.21
