MTree:0.8166666666666667
MirrorDialog:0.3466666666666667
SummaryTree:0.2122222222222222
