MPanel:0.7833333333333333
Wizard:0.22333333333333333
Backup:0.22
FilterDialog:0.21666666666666667
PropertiesPanel:0.21333333333333335
GHNSDialog:0.21333333333333335
MFontChooser:0.21
InternetSearch:0.19666666666666666
TreeFS:0.17666666666666667
FeedComponent:0.17333333333333334
ResizeDialog:0.16333333333333333
FeedUtils:0.16
VersionPanel:0.16
QuickOpen:0.14
ActionProperties:0.13666666666666666
