Session:0.12221717
Table:0.095654495
SessionManager:0.07566077
Row:0.052866217
Database:0.04732734
Transaction:0.0341468
Trace:0.026218047
HsqlException:0.0022825538
