JFlexCustomTagItem:0.6916666666666667
JFlexLexer:0.39
HtmlTagItem:0.3433333333333333
GalleryTag:0.21333333333333335
JFlexCustomTagLexer:0.09
