Tile:0.5866666666666667
Player:0.5233333333333333
GUI:0.30333333333333334
BuildColonyMission:0.19
DebugMenu:0.1511111111111111
