Config:0.8433333333333334
MFrame:0.4066666666666667
PrintDialog:0.28444444444444444
MSettingsDialog:0.2783333333333333
