DragTracker:0.3017754
DefaultHandleTracker:0.27609515
DefaultSelectAreaTracker:0.2595795
SelectAreaTracker:0.2294459
DefaultDragTracker:0.19669184
HandleTracker:0.19529992
DelegationSelectionTool:0.13687633
AbstractTool:0.11538698
Tool:0.047696624
