Unit:0.41333333333333333
Client:0.35333333333333333
Goods:0.31
EuropePanel:0.2866666666666667
Canvas:0.2733333333333333
ImageLibrary:0.26
ClientMessageHandler:0.24666666666666667
PanelContainer:0.20083333333333334
Server:0.18
DragListener:0.15666666666666668
ClientMessageCreator:0.15444444444444444
UnitLabel:0.12666666666666668
