Buffer:0.5666666666666667
jEdit:0.47333333333333333
View:0.37666666666666665
ActionHandler:0.3158174603174602
BufferSwitcher:0.27666666666666667
EditPane:0.17
ViewOptionPane:0.09
