FiltersTableModel:0.044847034
PluginUtils:0.040907446
OneFilterTableModel:0.036367103
