TMXDateParser:0.4766666666666667
TMXReader:0.4766666666666667
TMXDateParserTest:0.31333333333333335
TMXWriter:0.23
