Canvas:0.59
GUI:0.4166666666666667
TilePanel:0.25333333333333335
