ActionManager:0.39300102
FreeColAction:0.114089675
