UI:0.8166666666666667
ExternalFolderList:0.25888888888888884
ConsoleOutput:0.24916666666666668
LinkButton:0.18333333333333332
