ArrayUtil:0.6766666666666666
TransactionManager2PL:0.3566666666666667
TransactionManagerMV2PL:0.34
