SchemaManager:0.24345216
ParserDDL:0.17554557
RoutineSchema:0.17323825
Routine:0.15924877
Table:0.15718482
TriggerDef:0.14929348
TableUtil:0.14616795
SqlInvariants:0.14527327
SchemaObject:0.13628249
ExpressionColumn:0.119447425
TableWorks:0.116302714
SubQuery:0.11523601
ParserRoutine:0.107024945
StatementCompound:0.093274616
Database:0.090283245
QuerySpecification:0.082710735
TextTable:0.078383416
QueryExpression:0.07356372
ParserDQL:0.07186042
TypeInvariants:0.06316271
TriggerDefSQL:0.028435882
Tokens:0.0
