PersistentStoreCollection:0.18116274
PersistentStore:0.08115682
