PersistentStore:0.14225203
PersistentStoreCollection:0.13238148
RowStoreAVLHybrid:0.11883812
DataFileCache:0.034073178
DataFileCacheSession:0.021096969
