PersistentStoreCollectionDatabase:0.42141274
PersistentStoreCollectionSession:0.30432722
RowStoreAVLMemory:0.109464064
PersistentStore:0.10260081
RowStoreAVLHybridExtended:0.095752135
RowStoreAVLDiskData:0.092684895
RowStoreAVL:0.0887972
RowStoreAVLHybrid:0.07913804
RowStoreAVLDisk:0.07869084
Logger:0.030739183
