SchemaManager:0.237946
SchemaObjectSet:0.22840226
SchemaObject:0.11881393
Table:0.10238132
Routine:0.08626292
StatementSchema:0.076542035
NumberSequence:0.06859727
Session:0.02353058
SessionManager:0.011462649
Tokens:0.0
