PluginManager:0.07216082
PluginSettings:0.05984354
PluginInfo:0.057829607
LookAndFeelSettings:0.027148984
PluginType:0.02366977
PluginInstaller:0.020129584
PluginException:0.016645834
