ResourceFactory:0.10113342
Resource:0.09509259
ChipResource:0.07772073
ResourceManager:0.05441756
