ResourceManager:0.09566321
Resource:0.08468716
ResourceFactory:0.034823563
