Resource:0.1949356
ResourceFactory:0.16907637
ResourceManager:0.13780701
