Tile:0.27688387
TileItemContainer:0.26092404
PlayerExploredTile:0.20584299
ResourceType:0.19183448
FreeColGameObject:0.16744865
Specification:0.16692679
FreeColObject:0.15650955
UnitType:0.13210578
Player:0.123742305
Game:0.12196302
GoodsType:0.12164163
TileItem:0.10585863
Modifier:0.09240713
FeatureContainer:0.031561624
