Utilities:0.3933333333333333
Encryption:0.36
DatabaseHandler:0.29333333333333333
FileHandler:0.2866666666666667
PersistencyHandler:0.2455952380952381
DefaultQueryHandler:0.20222222222222225
LoginServlet:0.12
RegisterServlet:0.11666666666666667
