Main:0.43
DiskFreePanel:0.20333333333333334
TestDefault:0.18333333333333332
