PluginUtils:0.20720452
Filters:0.15350401
OneFilter:0.14185135
