MCalendarPanel:0.8366666666666667
DateTimeDialog:0.35333333333333333
SetDateTimeAction:0.24
