Translator:0.2696923
Handler:0.1718795
XMLDialect:0.112745956
XMLReader:0.10684198
XMLWriter:0.06882633
