ImageEditorCore:0.09788741
ImageEditor:0.06182655
