TextEditor:0.11271943
TextEditorCore:0.022571811
