ToolManager:0.25812677
Tool:0.22176428
