StaticUtils:0.5566666666666666
NearString:0.4
StringEntry:0.32
FuzzyMatcher:0.24666666666666667
