KillRing:0.6166666666666667
TextArea:0.41
JEditKillRing:0.24666666666666667
KillRingHandler:0.16333333333333333
