FreeColServer:0.6033333333333334
ConnectController:0.26666666666666666
ErrorPanel:0.23666666666666666
