ServletUtil:0.7766666666666666
EditServlet:0.35
JAMWikiServlet:0.2971666666666667
PseudoTopicHandler:0.15666666666666668
MoveServlet:0.11
UploadServlet:0.11
BlockServlet:0.02666666666666667
