ProjectTMX:0.5833333333333334
RealProject:0.3408333333333333
TmxComplianceTests:0.3333333333333333
ProjectTeamTMX:0.225
TmxComplianceBase:0.22
TmxSegmentationTest:0.11
