OS:0.13609275
AppInfo:0.13081098
TK:0.05156671
Application:0.04937263
StringComparator:0.019905498
StringProperty:0.00391808
Uninstantiable:1.8379562E-4
