MapControls:0.10863069
MapEditorTransformPanel:0.09374152
FreeColPanel:0.053964335
