CombatModel:0.2299646
Unit:0.22188458
Colony:0.1778028
Player:0.1638875
Tile:0.13968968
IndianSettlement:0.1243745
Settlement:0.09678052
Building:0.07996805
ModelMessage:0.07562546
Goods:0.06583667
Game:0.05169123
UnitType:0.043502543
FreeColGameObject:0.03602663
EquipmentType:0.034306318
ModelController:0.031949256
GoodsContainer:0.031520274
GoodsType:0.030829258
Location:0.029192502
FeatureContainer:0.026624037
FreeColGameObjectType:0.024697397
TileType:0.02355228
HistoryEvent:0.023218522
Tension:0.018306468
Modifier:0.018193964
IndianNationType:0.017783487
BuildableType:0.016735734
Feature:0.015495079
AbstractGoods:0.008411463
FreeColObject:0.0072267945
ExportData:0.004867147
Turn:0.0021973685
TypeCountMap:0.0013811658
