SimpleCombatModel:0.052683633
Player:0.051401533
Unit:0.0409006
TileImprovementType:0.039979275
FreeColGameObjectType:0.035734054
