InternetSearchPanel:0.20423782
OpenSearchDescription:0.059906002
