UI:0.71
ResizeDialog:0.3
IconTheme:0.29
NotepadEditor:0.23444444444444448
ScriptCommand:0.19333333333333333
NoteWidget:0.18944444444444444
SyntaxButton:0.13666666666666666
SnippetsButton:0.13666666666666666
