GUIUtilities:0.7133333333333334
Entry:0.41
VFSBrowser:0.29383333333333334
PluginTableModel:0.26666666666666666
