Utilities:0.97
SetupServlet:0.3111111111111111
AdminServlet:0.3011111111111111
