FeedsFSPlugin:0.03276568
FeedsFS:0.031134978
