Expression:0.31103486
ExpressionLogical:0.24093704
ExpressionColumn:0.22375067
RangeVariable:0.16398348
SortAndSlice:0.112944685
ParserDQL:0.08113756
OpTypes:0.035069935
Session:0.027454795
Tokens:0.0
