Unit:0.61
Tile:0.43666666666666665
LostCityRumour:0.36
Colony:0.3566666666666667
Game:0.27666666666666667
GUI:0.23
PlayerExploredTile:0.22666666666666666
ImageLibrary:0.22253968253968254
InGameController:0.19666666666666666
InGameInputHandler:0.15666666666666668
MapGenerator:0.13
