Core:0.54
MainWindowMenuHandler:0.33666666666666667
Main:0.31333333333333335
PluginUtils:0.2833333333333333
TextFilter:0.22222222222222224
XLIFFFilter:0.22222222222222224
BelazarTranslate:0.13222222222222224
LanguageToolWrapper:0.12666666666666668
LuceneEnglishTokenizer:0.09222222222222222
