TagsUtils:0.16747446
Tags:0.01748811
