Expression:0.6633333333333333
ExpressionColumn:0.46
QuerySpecification:0.35333333333333333
ExpressionValue:0.22666666666666666
