BufferHistory:0.7966666666666666
ShowRecentMenu:0.12333333333333334
RecentHandler:0.12
RecentFilesProvider:0.06333333333333334
RecentMenu:0.04
