InGameController:0.78
InGameInputHandler:0.36666666666666664
ReportHighScoresPanel:0.23666666666666666
