ArrayUtil:0.6733333333333333
Table:0.44333333333333336
Like:0.37333333333333335
ExpressionOp:0.24444444444444446
