TileImprovementPlan:0.5066666666666667
AIColony:0.37333333333333335
AIPlayer:0.33666666666666667
GoodsWish:0.3348333333333333
WorkLocationPlan:0.3333333333333333
ColonyPlan:0.22666666666666666
