Desktop:0.5466666666666666
MainWindow:0.3516666666666667
MSplashScreen:0.34
SessionManager:0.21
Main:0.17333333333333334
