PluginManager:0.7175
MSettingsDialog:0.44
Wizard:0.2833333333333333
ProjectPluginIDValidator:0.09333333333333334
