UI:0.75
MColor:0.42333333333333334
DayButton:0.2961111111111111
CalendarTab:0.29555555555555557
GHNSDialog:0.23637301587301587
MInfoBar:0.22
Renderer:0.21277777777777776
MCalendarPanel:0.20666666666666667
MStatusBar:0.19555555555555557
