OStrings:0.19212054
StaticUtils:0.13147016
ProjectFileStorage:0.07186921
