Table:0.5366666666666666
HsqlName:0.425
Database:0.37666666666666665
Parser:0.1975
DatabaseScript:0.18472222222222223
HsqlObjectToIntMap:0.16666666666666666
DatabaseInformation:0.09666666666666666
