ImageOutputFormat:0.4266666666666667
JPopupButton:0.38
SVGDrawingPanel:0.37666666666666665
ActionsToolBar:0.3616666666666667
