Editor:0.5133333333333333
ImageEditorCore:0.43333333333333335
ImageEditor:0.4166666666666667
