InGameController:0.6033333333333334
IndianBringGiftMission:0.49
DeliverGiftMessage:0.25666666666666665
