PluginManager:0.1300253
PluginList:0.08676333
ScriptPlugin:0.08130656
PluginInfo:0.08122564
PluginDownloader:0.069721855
LookAndFeelSettings:0.067776516
Pluggable:0.041809272
PluginType:0.03761846
PluginRenderer:0.033302505
PluginInstaller:0.018414231
