OrderedHashSet:0.28089163
Set:0.20292263
Collection:0.17729276
Iterator:0.110731915
