JDBCXAResource:0.27442917
JDBCXAConnection:0.19518119
