WebServer:0.23127863
ServerConfiguration:0.1693305
ServerProperties:0.14556202
ServerConnection:0.08618292
HsqlServerFactory:0.08010624
ServerAcl:0.07340703
WebServerConnection:0.071100496
ServerConstants:0.0693562
HsqlSocketFactory:0.04101986
HsqlSocketRequestHandler:0.010447568
