Collection:0.8669591
HashSet:0.29492086
LongKeyHashMap:0.22323258
HashMap:0.21782212
MultiValueHashMap:0.21089359
OrderedIntKeyHashMap:0.2079675
IntKeyHashMap:0.20685406
LongKeyIntValueHashMap:0.20238237
IntKeyIntValueHashMap:0.20213395
LongKeyLongValueHashMap:0.2010533
OrderedLongKeyHashMap:0.18978876
IntValueHashMap:0.18404299
IntKeyHashMapConcurrent:0.17127915
LongValueHashMap:0.14158414
OrderedHashSet:0.11366547
Iterator:0.05476875
HashMappedList:0.053999707
