StatementCompound:0.19091126
ParserRoutine:0.12455382
Statement:0.063485056
Session:0.04852186
StatementTypes:0.013461612
Tokens:0.0
