Unit:0.6266666666666667
Player:0.48
FreeColGameObject:0.4
DummyConnection:0.36333333333333334
Game:0.30666666666666664
Map:0.2866666666666667
IndianSettlement:0.24333333333333335
MapGenerator:0.24333333333333335
AIMain:0.24
ServerModelController:0.19
FreeColServer:0.17333333333333334
PreGameController:0.1311111111111111
Mission:0.08666666666666667
AIObject:0.08
AIPlayer:0.06666666666666667
AIInGameInputHandler:0.06
UnitWanderHostileMission:0.036944444444444446
AIUnit:0.03666666666666667
UnitWanderMission:0.022222222222222223
