EditorNavigation:0.6666666666666667
MainWindow:0.5133333333333333
FeedViewer:0.5111111111111111
