EuropePanel:0.43666666666666665
CargoPanel:0.39
InPortPanel:0.22333333333333333
MarketPanel:0.22
ToAmericaPanel:0.21666666666666667
ToEuropePanel:0.21666666666666667
DragListener:0.2
DocksPanel:0.17944444444444446
TransactionLog:0.0761111111111111
