TK:0.54
MIcon:0.33666666666666667
TestIntegerProperty:0.25333333333333335
Config:0.22833333333333333
Console:0.21666666666666667
Task:0.20666666666666667
ColorPalette:0.20666666666666667
ItemRenderer:0.20333333333333334
MStatusBar:0.20333333333333334
BrushTool:0.19666666666666666
ProxyInfo:0.19666666666666666
StuffRenderer:0.19666666666666666
TestTK:0.17666666666666667
FeedDownloader:0.13666666666666666
IntegerProperty:0.12333333333333334
Autosave:0.05
