AnsiQueryHandler:0.6366666666666667
UpgradeServlet:0.36666666666666664
AnsiDataHandler:0.3
