MLabel:0.6733333333333333
SummaryRenderer:0.25777777777777783
Node:0.25333333333333335
Style:0.25333333333333335
Renderer:0.23666666666666666
ArticleList:0.19994444444444445
ArchiveItemRenderer:0.14333333333333334
ButtonRenderer:0.03666666666666667
