MWebBrowserPanel:0.109411106
MIcon:0.022671863
Net:0.022345703
FS:0.0116200745
MLogger:0.006496821
