OutOfTurnTag:0.4172494
Element:0.23078604
Entry:0.22450495
AggregatedTag:0.13583498
Attributes:0.11583301
Attribute:0.034529112
