Player:0.082386166
Goods:0.06339025
Unit:0.05676757
Colony:0.051669575
Game:0.05048663
FreeColGameObject:0.046364218
ModelMessage:0.035285477
Turn:0.0050506424
