VFSFile:0.6333333333333333
Buffer:0.5266666666666666
VFSBrowser:0.43
DirectoryEntry:0.27
VFS:0.26666666666666666
DirectoryEntryCompare:0.2633333333333333
BufferIORequest:0.23333333333333334
VFSDirectoryEntryTableModel:0.23333333333333334
FileVFS:0.21666666666666667
VFSDirectoryEntryTable:0.2
FavoritesVFS:0.19666666666666666
Root:0.19
BrowserListener:0.18394444444444447
VFSFileNameField:0.18
BrowserIORequest:0.16333333333333333
ParentMouseHandler:0.16
BrowserView:0.15333333333333332
GetFileTypeRequest:0.14666666666666667
DirectoryLoadedAWTRequest:0.14
FileCellRenderer:0.12333333333333334
FavoritesMenuButton:0.11666666666666667
BrowserActionContext:0.11333333333333333
ParentDirectoryRenderer:0.11
Entry:0.10666666666666667
VFSFileChooserDialog:0.09
BrowserCommandsMenu:0.09
FavoritesProvider:0.08666666666666667
FileRootsVFS:0.07
Favorite:0.06333333333333334
LocalFile:0.06333333333333334
BrowserHandler:0.058333333333333334
