Property:0.4755555555555555
Main:0.35
Armor:0.27166666666666667
Plugin:0.24400000000000002
PropertiesCompiler:0.21333333333333335
Args:0.20333333333333334
