AIPlayer:0.6377777777777777
MockMapGenerator:0.25166666666666665
MissionAssignmentTest:0.07333333333333333
