ImageLibrary:0.72
GUI:0.39
MiniMap:0.38
ActionManager:0.35333333333333333
Canvas:0.3433333333333333
ZoomInAction:0.25
MapControls:0.22333333333333333
ZoomOutAction:0.20666666666666667
TilePanel:0.09666666666666666
InGameMenuBar:0.06
MapEditorMenuBar:0.06
