PluginManager:0.7671111111111112
HelpGenerator:0.42833333333333334
