InstallThread:0.06320848
OperatingSystem:0.046129104
Install:0.013092931
Progress:0.005239609
