FreeCol:0.5766666666666667
FreeColServer:0.55
MapGenerator:0.27094444444444443
ConnectController:0.2361111111111111
ServerTest:0.12
