Table:0.5633333333333334
Logger:0.44
Log:0.4066666666666667
