JDBCDatabaseMetaDataTest:0.58
JDBCArrayTest:0.385
DatabaseMetaDataDefaultValues:0.37
BaseArrayTest:0.3466666666666667
BaseDatabaseMetaDataSupportsConvertTest:0.31333333333333335
JDBCDriverTest:0.305
BaseDriverTest:0.3
JDBCDatabaseMetaDataSupportsConvertTest:0.2925
BaseTestCase:0.2277777777777778
BaseJdbcTestCase:0.22666666666666666
