TextEditor:0.49
TextEditorCore:0.335
TextEditorKit:0.3
RichTextPane:0.2633333333333333
RichText:0.05333333333333334
