TK:0.8066666666666666
WidgetInternalFrame:0.4
SummaryRenderer:0.21666666666666667
