MiscUtilities:0.5083333333333333
VFS:0.47333333333333333
VFSFile:0.44
