LogItem:0.42333333333333334
RecentChange:0.4
AnsiQueryHandler:0.34222222222222226
