MDialog:0.19537985
MAboutDialog:0.091996305
MPasswordPanel:0.079460315
MSettingsDialog:0.07457293
MActionInfo:0.070972405
MPanel:0.0658033
MDownloadDialog:0.063388065
MFileChooser:0.05862534
MSettingsPage:0.05457012
MApplication:0.05242984
MLabel:0.049640253
MMenu:0.047814753
MText:0.046181355
UI:0.044702034
MStatusBar:0.041919824
MTable:0.037769824
MTextFieldPanel:0.037455566
MMultiPanel:0.03707561
MAction:0.03597725
MButton:0.035053123
MRenderer:0.0347023
MURLButton:0.034121953
MToolBar:0.030568866
MLogger:0.030535823
FS:0.030358743
MTip:0.029989462
TK:0.021434948
MIcon:0.0212258
MList:0.019874858
MMainWindow:0.018967602
LogFile:0.01694106
OS:0.016788675
MTextArea:0.01515875
MTaskPanel:0.013451365
MTextLabel:0.011664449
ContainerIterator:0.0071038753
PassiveException:0.0067625684
MDate:0.005125577
MMouseAdapter:0.004981638
Watermark:0.004921606
Property:0.004185901
MClipboard:0.003903156
BooleanProperty:0.0020072253
ClipboardException:0.0019743782
MFormat:0.0017567535
