TopicVersion:0.7133333333333334
AnsiDataHandler:0.4766666666666667
AnsiQueryHandler:0.43
DatabaseUpgrades:0.30666666666666664
