MMouseAdapter:0.08831777
MFrame:0.049746394
MAction:0.033327326
TK:0.0281798
UI:0.027939301
MMainWindow:0.026011702
MStatusBar:0.0076784203
MLogger:0.007360826
Property:0.0053074863
