FunctionCustom:0.52
RoutineSchema:0.45666666666666667
FunctionSQLInvoked:0.43444444444444447
