ArchiveItem:0.5966666666666667
AbstractItem:0.45666666666666667
FeedViewer:0.25666666666666665
RSSItem:0.22666666666666666
