LinkUtil:0.7666666666666667
JFlexParserUtil:0.43333333333333335
WikiLinkTag:0.16
