BuildQueue:0.8033333333333333
BuildQueuePanel:0.29333333333333333
BuildQueueTest:0.03
