FreeColImageBorder:0.7433333333333333
FreeColPanel:0.36
FreeColMenuBar:0.2866666666666667
VideoComponent:0.2866666666666667
