MDialog:0.6566666666666666
Validator:0.48
MWizardDialog:0.26166666666666666
StaticHandler:0.1211111111111111
