InGameController:0.5233333333333333
EuropePanel:0.2833333333333333
FreeColDialog:0.21
ColonyPanel:0.21
ErrorPanel:0.1997777777777778
EventPanel:0.1688888888888889
ChatPanel:0.11666666666666667
FoundingFatherPanel:0.10666666666666667
StatusPanel:0.09333333333333334
StartGamePanel:0.07333333333333333
MainPanel:0.07333333333333333
InfoPanel:0.056666666666666664
TrainPanel:0.05
RecruitPanel:0.05
PurchasePanel:0.05
NewPanel:0.04
SfxLibrary:0.03333333333333333
QuitDialog:0.03
VictoryPanel:0.02666666666666667
FreeColPanel:0.016666666666666666
