MLogger:0.5777777777777777
Console:0.42055555555555557
PropertiesCompiler:0.30666666666666664
