WidgetInternalFrameUI:0.07184378
WidgetDesktopIconUI:0.0071145026
