TaskTable:0.5033333333333333
Links:0.37
BookmarksMenu:0.24
TodoEditorPlugin:0.21333333333333335
Submenu:0.19666666666666666
MetaInfoMenu:0.18666666666666668
TagsMenu:0.11666666666666667
