Topic:0.62
DefaultQueryHandler:0.3333333333333333
PersistencyHandler:0.3
JAMWikiServlet:0.2955555555555555
QueryHandler:0.292595238095238
DatabaseHandler:0.2733333333333333
EditServlet:0.24666666666666667
FileHandler:0.24666666666666667
