TMXReader:0.6877777777777778
FilterMaster:0.681111111111111
