Unit:0.59
Colony:0.4033333333333333
Goods:0.4
Game:0.38666666666666666
Market:0.3433333333333333
Tile:0.34
Europe:0.31666666666666665
Data:0.31
ColonyTile:0.26
InGameInputHandler:0.20666666666666667
ImageLibrary:0.20666666666666667
Turn:0.19333333333333333
InGameController:0.19
UnitLabel:0.18333333333333332
EuropePanel:0.18333333333333332
PurchasePanel:0.17666666666666667
DefaultTransferHandler:0.14666666666666667
MainPanel:0.14666666666666667
DragListener:0.11
NewPanel:0.10666666666666667
