DefaultDrawingView:0.12262931
TranslationDirection:0.082372695
DrawingView:0.030930499
AbstractConstrainer:0.00983444
RotationDirection:0.0069621727
