HyperSearchRequest:0.08967305
HyperSearchResult:0.03686169
View:0.03641818
jEdit:0.033403926
SearchAndReplace:0.0306336
Buffer:0.03055731
GUIUtilities:0.025111645
EditBus:0.024093047
JEditTextArea:0.021633917
BufferUpdate:0.016090946
VFSManager:0.013827489
EBComponent:0.012333586
Selection:0.010638922
EBMessage:0.005768816
OperatingSystem:0.0039768205
