UI:0.5366666666666666
TK:0.5233333333333333
CoolHeader:0.2833333333333333
CoolLabel:0.24666666666666667
MDialog:0.22666666666666666
HTMLBuilder:0.22111111111111115
TodoEditorCore:0.22
Config:0.19722222222222222
PluginVersion:0.15333333333333332
SimpleTableCellRenderer:0.13333333333333333
