AnsiDataHandler:0.5875
QueryHandler:0.36666666666666664
AnsiQueryHandler:0.3233333333333333
