Utilities:0.5866666666666667
ServletUtil:0.5733333333333334
ImageLinkTag:0.21666666666666667
UpgradeServlet:0.14333333333333334
JAMWikiServlet:0.03
