MapControls:0.07933227
FreeColPanel:0.047919005
ImageProvider:0.023967002
