Player:0.9166666666666666
GUI:0.28
FreeColLookAndFeel:0.26222222222222225
