JDBCPreparedStatement:0.63376933
JDBCResultSet:0.6058051
JDBCConnection:0.54767746
JDBCDatabaseMetaData:0.54581183
JDBCStatementBase:0.43499243
JDBCResultSetMetaData:0.40584552
JDBCUtil:0.22295958
