JDBCPreparedStatement:0.5967903
JDBCResultSet:0.35558736
JDBCConnection:0.32962573
JDBCArray:0.26105994
JDBCUtil:0.16553669
JDBCBlobClient:0.14777842
JDBCClobClient:0.14367722
JDBCStatementBase:0.07710039
