JDBCCommonDataSource:0.47553417
JDBCUtil:0.10803843
