ScriptWriterText:0.42723194
ScriptWriterEncode:0.17482747
