StatementDMQL:0.29450676
Routine:0.20930262
Statement:0.19933222
QueryExpression:0.16304855
SessionContext:0.13768727
ParserDML:0.12706171
Expression:0.12593183
ParserRoutine:0.11548407
TableDerived:0.10481713
Session:0.10251405
FunctionSQLInvoked:0.09228769
SchemaObject:0.048742726
ColumnSchema:0.044126492
SessionData:0.03852184
StatementTypes:0.03068037
ColumnBase:0.021928221
OpTypes:0.0052120946
