TextAreaPainter:0.4
JEditTextArea:0.37333333333333335
ExtensionManager:0.29333333333333333
Gutter:0.26666666666666666
PaintCaret:0.2041666666666667
TextAreaExtension:0.056666666666666664
PaintText:0.03666666666666667
PaintLineBackground:0.03333333333333333
