UI:0.8633333333333333
MAbout:0.3
ItemRenderer:0.25666666666666665
TaskInfoButton:0.13
