Canvas:0.65
ServerListPanel:0.3566666666666667
StartGamePanel:0.33666666666666667
