Table:0.78
TableBase:0.45
ParserDDL:0.24333333333333335
SortAndSlice:0.24111111111111114
StatementDML:0.24
QuerySpecification:0.2315
TableWorks:0.21444444444444447
RangeIteratorMain:0.18333333333333332
StatementResultUpdate:0.17
StatementInsert:0.12333333333333334
