MTreeItem:0.38802642
MTree:0.08888012
MV:0.0047832667
