MTreeModel:0.17353708
MTreeScanner:0.084187046
MTree:0.019126607
TK:0.01413274
MV:0.005353423
