Plugin:0.5666666666666667
ImageEditorCore:0.3466666666666667
TodoEditor:0.28
Main:0.25555555555555554
IconTheme:0.25
PluginManager:0.24333333333333335
ImageEditor:0.23333333333333334
CustomMouseGestures:0.21333333333333335
AnnotationBar:0.21
PropertiesBar:0.2
ZoomComponent:0.19111111111111112
MainWindow:0.16333333333333333
APIInfo:0.05333333333333334
PropertyInfo:0.01
ParameterInfo:0.0025
FunctionInfo:0.0
