Tile:0.7066666666666667
ColopediaPanel:0.44666666666666666
ImageLibrary:0.43666666666666665
