OpenDocOptions:0.6766666666666666
EditOpenDocOptionsDialog:0.47
OpenDocDialect:0.18333333333333332
