IProject:0.6039722222222224
SegmentationCustomizer:0.4
SRX:0.4
NotLoadedProject:0.33666666666666667
MainWindowMenuHandler:0.26
MainWindowMenu:0.24777777777777782
Segmenter:0.2277777777777778
ProjectPropertiesDialog:0.22611111111111115
ProjectUICommands:0.19777777777777777
RealProject:0.16166666666666665
