Buffer:0.6466666666666666
jEdit:0.36333333333333334
JEditTextArea:0.31
StructureMatcher:0.26
EditPane:0.24333333333333335
MouseHandler:0.22111111111111115
BufferChangeHandler:0.21666666666666667
Gutter:0.21
FocusHandler:0.2
TextAreaPainter:0.16666666666666666
TextAreaOptionPane:0.16333333333333333
ActionTextField:0.15333333333333332
ParentMouseHandler:0.11333333333333333
