MList:0.5116666666666667
MComboBox:0.44333333333333336
MTabbedPane:0.3983333333333333
