OpenDocOptions:0.6133333333333333
EditOpenDocOptionsDialog:0.38666666666666666
OpenDocFilter:0.37
OpenDocDialect:0.22333333333333333
