MainWindow:0.20557179
Sidebar:0.0749618
Main:0.02287527
Vars:0.01265939
