AIMessage:0.57
AIUnit:0.4666666666666667
Mission:0.42
AIPlayer:0.36333333333333334
TransportMission:0.31833333333333336
PrivateerMission:0.23444444444444448
PioneeringMission:0.20011111111111113
ScoutingMission:0.18333333333333332
GotoAdjacentGoal:0.16333333333333333
CreateMissionAtSettlementGoal:0.14333333333333334
