ActionManager:0.23409142
FreeColAction:0.16325809
