UnitAction:0.32496876
ActionManager:0.268351
