ActionManager:0.5199776
FreeColAction:0.20659253
