MIndicator:0.06724013
MButton:0.047298253
MIcon:0.018338637
UI:0.017198449
MPanel:0.016087372
MSmallButton:0.01555521
MMouseAdapter:0.013082696
TK:0.01280837
Property:0.008813645
Flags:0.008744555
BooleanProperty:0.0055010067
StateEvent:0.0014614471
