MRating:0.1230259
MButton:0.0951659
MSmallColorButton:0.087855116
MCalendar:0.08442357
MMultiPanel:0.04556921
MNotification:0.0450999
MTextFieldPanel:0.043258596
MLogger:0.036961656
MIcon:0.017710594
UI:0.016172804
