MApplication:0.5844444444444444
GradientPainter:0.4166666666666667
