TaskModel:0.44555555555555554
AbstractListTableModel:0.41333333333333333
Model:0.33666666666666667
