ParserDQL:0.6255555555555556
ParserCommand:0.3616666666666667
ParserDML:0.30666666666666664
