DrawingView:0.51
SimpleDrawingView:0.37333333333333335
DocumentOrientedApplication:0.27166666666666667
AbstractCompositeFigure:0.23333333333333334
SelectionTool:0.18666666666666668
SimpleHighlightHandle:0.18
