Tree:0.68
Scanner:0.47
FeedsFS:0.32
FSHelper:0.31
Query:0.19055555555555556
SearchBar:0.16333333333333333
