Editor:0.7166666666666667
NotepadEditor:0.31333333333333335
ImageEditor:0.2733333333333333
TodoEditor:0.2733333333333333
