ChartPanel:0.7233333333333334
StatsPanel:0.5166666666666667
Action:0.29
