BufferSet:0.47333333333333333
BufferSetManager:0.44
BufferSetListener:0.41277777777777774
EditPane:0.38333333333333336
BufferSetAdapter:0.135
