Buffer:0.5933333333333334
jEdit:0.56
JEditTextArea:0.36333333333333334
BrowserView:0.24
BufferIORequest:0.21333333333333335
ContentManager:0.14666666666666667
