SearchAndReplace:0.47333333333333333
BoyerMooreSearchMatcher:0.43666666666666665
RESearchMatcher:0.23833333333333334
SearchMatcher:0.13466666666666666
