CountdownInputStream:0.13352045
ReaderInputStream:0.062202476
