Expression:0.4751368
ExpressionColumn:0.40996084
RangeVariable:0.22629543
ParserDQL:0.0532567
OpTypes:0.046299845
Session:0.03901288
SetFunction:0.022200314
Tokens:0.0
