Expression:0.17273234
Parser:0.063265145
Database:0.058949903
Library:0.05796636
Session:0.057947148
Column:0.057915393
TableFilter:0.053485308
DatabaseInformationFull:0.051428877
Trace:0.050286166
DatabaseCommandInterpreter:0.04797246
Types:0.037752528
User:0.037218243
Token:0.013697327
HsqlException:0.0063383086
