SummaryData:0.45666666666666667
TaskComparator:0.43
NodeComparator:0.25666666666666665
TaskList:0.21333333333333335
Sorter:0.15333333333333332
