MSearchPanel:0.6266666666666667
TodoEditor:0.4716666666666667
MFontChooser:0.20055555555555557
EditorQuickFind:0.20055555555555557
QuickOpen:0.19444444444444445
