WikiPanel:0.5466666666666666
WikiTab:0.37
Viewer:0.36666666666666664
MTab:0.23666666666666666
MTextPane:0.18
