MApplication:0.49
EditorPlugin:0.4066666666666667
MainWindow:0.39666666666666667
Tabs:0.34
Tracker:0.32111111111111107
Plugin:0.235
Sidebar:0.23
AbstractPlugin:0.17416666666666666
