Shapes:0.24526611
Geom:0.21818054
BezierPathIterator:0.2160265
GrowStroke:0.19959922
DoubleStroke:0.19606832
Bezier:0.15105762
