WikiUser:0.6866666666666666
FileHandler:0.3433333333333333
PersistencyHandler:0.3233333333333333
DatabaseHandler:0.27666666666666667
