VFSBrowser:0.7633333333333333
BrowserView:0.5272222222222221
VFSFileNameField:0.27
