Tile:0.5933333333333334
Player:0.5733333333333334
IndianSettlement:0.43666666666666665
MapGenerator:0.2511111111111111
