JEditTextArea:0.16479702
jEdit:0.12186525
TextAreaPainter:0.115408145
TextUtilities:0.09683632
Abbrevs:0.09024419
BufferIORequest:0.08189604
Macros:0.07384567
EditPane:0.066453405
MiscUtilities:0.06521839
Mode:0.0601299
View:0.059650205
VFSManager:0.055925176
GUIUtilities:0.055399526
Log:0.05506599
VFS:0.05446056
StatusBar:0.052310906
BufferOptions:0.044955228
TokenMarker:0.042267825
FileVFS:0.04167795
RE:0.040666975
Selection:0.04038122
SearchAndReplace:0.040274803
BeanShell:0.04020337
VFSBrowser:0.03949601
Gutter:0.036694393
MarkersMenu:0.03241254
EditServer:0.0322182
BufferListSet:0.027619462
InputHandler:0.026420942
HyperSearchResults:0.025908515
AllBufferSet:0.025785277
Marker:0.024283936
RESearchMatcher:0.022024356
BufferUpdate:0.021728512
HyperSearchResult:0.021275619
TextRenderer:0.020147007
EditBus:0.01979008
CloseDialog:0.019707358
Token:0.018778715
SearchFileSet:0.018259121
CurrentBufferSet:0.018101472
MarkerHighlight:0.017787147
SearchDialog:0.017634455
EditAction:0.017403046
BrowserPopupMenu:0.015904844
SelectLineRange:0.015596502
RESyntax:0.013809481
HyperSearchRequest:0.013137232
CurrentDirectoryMenu:0.012320604
ParserRuleSet:0.010796761
EBMessage:0.009689777
REException:0.008175641
Autosave:0.007288365
EBComponent:0.007173575
BufferSwitcher:0.005515122
PropertiesChanged:0.0051526977
AddAbbrevDialog:0.0023980977
SyntaxStyle:0.0016047206
ParserRule:0.0014904446
