ArchiveItem:0.49
Archive:0.35
FeedsFS:0.3233333333333333
FSProperties:0.2678730158730158
TreePanel:0.25583333333333336
FeedThread:0.21333333333333335
ArchiveChannel:0.2013888888888889
SearchFS:0.15166666666666667
