Help:0.5866666666666667
EditorController:0.37666666666666665
MainWindowMenuHandler:0.37333333333333335
FileUtil:0.2966666666666667
