Environment:0.8233333333333334
WikiPageInfo:0.39
AdminServlet:0.2633333333333333
WikiSignatureTag:0.15333333333333332
EnvironmentTest:0.0033333333333333335
