MColorIcon:0.5433333333333333
MSmallColorButton:0.36
MSmallColorChooser:0.24666666666666667
MColorButton:0.22666666666666666
MColorPicker:0.16666666666666666
Button:0.15066666666666667
ColorAction:0.09666666666666666
