ScriptExecutor:0.6133333333333333
ScriptYourself:0.3333333333333333
ActionProperties:0.2761111111111111
ScriptIDE:0.24
ScriptComboBox:0.2377777777777778
