ResourceUtil:0.6533333333333333
WikiConfiguration:0.40555555555555556
SpamFilter:0.25
