BooleanOptionUI:0.5433333333333333
SelectOptionUI:0.42833333333333334
IntegerOptionUI:0.42833333333333334
OptionGroupUI:0.30666666666666664
OptionMapUI:0.23333333333333334
