Messages:0.6566666666666666
Player:0.47333333333333333
FreeColGameObjectType:0.3588888888888889
ColopediaPanel:0.30666666666666664
ReportContinentalCongressPanel:0.16
FoundingFatherPanel:0.11333333333333333
TileInfoPanel:0.11
