NotepadEditorDesigner:0.5733333333333334
FeedThread:0.5433333333333333
TaskList:0.39
