FS:0.7466666666666667
TreePanel:0.36333333333333334
RegularFileFilter:0.25666666666666665
PluginInstaller:0.24
