QuerySpecification:0.24648604
Expression:0.10531394
ParserDQL:0.104642786
TableDerived:0.09892165
ExpressionColumn:0.07925196
RangeVariable:0.077844
SortAndSlice:0.06902306
Table:0.068109766
StatementSet:0.06702564
ParserDML:0.056977827
StatementDMQL:0.055047475
RangeVariableResolver:0.054886162
StatementDML:0.05270169
StatementQuery:0.04854127
ParserDDL:0.04252009
StatementInsert:0.03857378
ExpressionTable:0.03573977
View:0.032608476
TableBase:0.031006
StatementCursor:0.028939249
StatementResultUpdate:0.026458606
ColumnSchema:0.024898605
Session:0.020078974
Database:0.019284012
SchemaObject:0.014979814
HsqlNameManager:0.012487308
RangeGroup:0.010685316
ColumnBase:0.005283449
OpTypes:0.0010694185
Tokens:0.0
