RowSetNavigatorData:0.68299013
RowSetNavigator:0.100533865
RowIterator:0.076336876
