Widget:0.635
MPasswordField:0.43666666666666665
CalendarDesklet:0.3333333333333333
