MLabel:0.06512845
UI:0.028403684
TriBoolean:0.026446136
MAction:0.013332417
MSliderBeanInfo:0.0045276065
