CoolHeader:0.10090588
MTogglePanelBeanInfo:0.09486002
MPanel:0.07390337
UI:0.053936917
MLabel:0.048030436
MAction:0.046453234
MComponent:0.031061316
MMouseAdapter:0.029041693
TriBoolean:0.021929255
TK:0.020010965
Config:0.014846114
