ReportPanel:0.6
CompactLabourReport:0.33666666666666667
ReportRequirementsPanel:0.21333333333333335
ReportTradePanel:0.19666666666666666
ReportTurnPanel:0.19666666666666666
ReportLabourDetailPanel:0.19166666666666668
ReportColonyPanel:0.18333333333333332
ReportIndianPanel:0.11333333333333333
ReportEducationPanel:0.11333333333333333
ReportProductionPanel:0.11333333333333333
ReportHighScoresPanel:0.11333333333333333
ReportLabourPanel:0.09666666666666666
ReportCargoPanel:0.09666666666666666
ReportMilitaryPanel:0.09666666666666666
ReportNavalPanel:0.09666666666666666
ReportExplorationPanel:0.09333333333333334
ReportContinentalCongressPanel:0.09333333333333334
ReportReligiousPanel:0.09333333333333334
ReportForeignAffairPanel:0.09333333333333334
ReportHistoryPanel:0.09333333333333334
