jEdit:0.6988888888888889
GUIUtilities:0.45
PluginJAR:0.37666666666666665
PluginTableModel:0.3333333333333333
Entry:0.31
View:0.25333333333333335
PluginManager:0.22
SizeSaver:0.20333333333333334
Remove:0.16666666666666666
FloatingWindowContainer:0.16333333333333333
HelpButton:0.14777777777777779
ActionHandler:0.1075
KeyHandler:0.03916666666666667
ManagePanel:0.03
