FeedViewer:0.4273333333333333
Archive:0.42
FeedsFS:0.3566666666666667
