ComponentAnimation:0.6866666666666666
MNotification:0.4666666666666667
MMouseAdapter:0.37444444444444447
