ProxyModel:0.2558312
ProxyManager:0.16098432
ProxyPanel:0.0598866
