Utilities:0.6
FileHandler:0.5366666666666666
AbstractSearchEngine:0.25222222222222224
