ColopediaPanel:0.64
ReportReligiousPanel:0.20666666666666667
ReportIndianPanel:0.19666666666666666
MonarchPanel:0.18
QuitDialog:0.16
