GoodsType:0.7066666666666667
Modifier:0.44333333333333336
IndianDemandMission:0.33
EquipmentType:0.32666666666666666
SimpleCombatModel:0.27666666666666667
