AuthFunctionUtils:0.6533333333333333
AuthFunctionTest:0.6166666666666667
AuthBeanMultiplexerTest:0.195
