WikiConfiguration:0.53
AdminServlet:0.37666666666666665
Environment:0.35333333333333333
EditServlet:0.29333333333333333
RegisterServlet:0.13666666666666666
