InGameMenuBar:0.98399794
FreeColMenuBar:0.30857608
Canvas:0.0551829
