Config:0.6733333333333333
PluginManager:0.39666666666666667
MInternalFrame:0.35333333333333333
Main:0.20777777777777778
