Unit:0.6533333333333333
GUI:0.4281111111111111
UnitMoveAnimation:0.31333333333333335
InGameController:0.24
