MetaInfo:0.61
FSHelper:0.4
Tree:0.3333333333333333
SearchFS:0.28
SearchBar:0.26666666666666666
AbstractFS:0.26666666666666666
FeedsFS:0.21666666666666667
Query:0.17666666666666667
CustomPanel:0.11333333333333333
