MainWindow:0.4033333333333333
Tabs:0.3333333333333333
TextEditor:0.305
ImageEditor:0.2633333333333333
MTextFieldPanel:0.22666666666666666
MouseGestures:0.22666666666666666
