Player:0.6033333333333334
Nation:0.3233333333333333
Playlist:0.30666666666666664
InGameController:0.26
SoundLibrary:0.24666666666666667
FreeColClient:0.19666666666666666
