Environment:0.7466666666666667
EditServlet:0.46
AdminServlet:0.30000793650793656
