HashMap:0.19610225
Set:0.017505309
