ProxySettings:0.026909586
AppSettings:0.023515053
AbstractSettingsPage:0.007744248
AbstractSettings:0.005438166
