FS:0.5833333333333334
Console:0.36
TaskTable:0.3566666666666667
TodoEditorPlugin:0.32666666666666666
MainWindow:0.2966666666666667
