OutOfTurnTag:0.33726656
Entry:0.20816727
Element:0.20535737
Attributes:0.10474049
