PluginInfo:0.5166666666666667
PluginManager:0.29
Panel:0.29
PluginEvent:0.24333333333333335
PluginSettings:0.23333333333333334
EditorPlugin:0.22333333333333333
LookAndFeelSettings:0.21
Desktop:0.2
AbstractFS:0.19666666666666666
Console:0.19083333333333333
InternetSearchPanel:0.18333333333333332
