PriorityRenderer:0.6066666666666667
TaskTable:0.5433333333333333
