MainWindow:0.5433333333333333
MSystemTray:0.45
MMainWindow:0.30333333333333334
SummaryData:0.28
GeneralSettings:0.22666666666666666
