ExtensionManager:0.5836111111111112
TextAreaPainter:0.4066666666666667
Gutter:0.30333333333333334
