DisplayManager : 0.8691392
Buffer : 0.8542824
FoldHandler : 0.82539994
Macro : Macro is not exist in project code
XmlParser : 0.793113
BufferChangeListener : 0.7955289
BufferChangeAdapter : 0.8093267
PluginJAR : 0.8276159
DummyFoldHandler : 0.8750375
XThis : 0.75815
Macros : 0.84132874
MirrorList : 0.8351493
EditPane : 0.8569617
TextUtilities : 0.8346223
View : 0.85482275
BufferSwitcher : 0.8760189
BufferChangeHandler : BufferChangeHandler is not exist in project code
ChunkCache : 0.8713985
LineElement : LineElement is not exist in project code
HyperSearchResult : 0.86743116
Recorder : Recorder is not exist in project code
CompleteWord : 0.85607195
BufferIORequest : 0.8314535
Marker : 0.84169406
RootElement : RootElement is not exist in project code
BufferOptions : 0.85776144
BufferPrintable : 0.865767
UndoManager : 0.8549825
JEditTextArea : 0.8548375
TokenMarker : 0.83409613
IOProgressMonitor : 0.8542054
EnhancedDialog : 0.8432964
jEdit : 0.686763
PluginList : 0.6422226
BufferHistory : 0.8404126
KillRing : 0.8189055
IndentFoldHandler : 0.8597214
BeanShellHandler : BeanShellHandler is not exist in project code
ExplicitFoldHandler : 0.8420802
PerspectiveManager : 0.844455
ActionSet : 0.8257135
