BeanShellHandler : BeanShellHandler is not exist in project code
ReplaceActionHandler : ReplaceActionHandler is not exist in project code
SearchAndReplace : 0.8566546
Descriptor : Descriptor is not exist in project code
BeanShellErrorDialog : 0.0
SearchFileSet : 0.7466679
SearchDialog : 0.8355075
Debug : 0.0
BeanShellAction : 0.8705873
ActionBar : 0.83191
EditAction : 0.8613345
SimpleNode : 0.80974066
BshClassManager : 0.78924596
JARClassLoader : 0.84954435
Interpreter : 0.71393424
ActionSet : 0.8399643
AllBufferSet : 0.8578683
EnhancedMenu : 0.8276334
Factory : Factory is not exist in project code
InputHandler : 0.8483795
ActionListHandler : 0.85030985
This : 0.7975527
ServiceManager : 0.85749537
EditServer : 0.8640397
Macros : 0.85203105
BrowserActionContext : BrowserActionContext is not exist in project code
PluginJAR : 0.8485859
BSHAssignment : 0.7858364
OptionsDialog : 0.8299725
jEdit : 0.6925632
Parser : 0.66674256
FirstLine : 0.8243647
EditPlugin : 0.8419365
NameSpace : 0.78392416
BshMethod : 0.82457674
Log : 0.84203434
ClassGeneratorUtil : 0.82977736
TokenMarker : 0.8138149
