RecentHandler : RecentHandler is not exist in project code
XmlParser : 0.7535724
Entry : Entry is not exist in project code
Abbrevs : 0.74901533
VFSBrowser : 0.71786
StatusBar : 0.7171802
Buffer : 0.7213928
BufferOptions : 0.7218753
GeneralOptionPane : 0.71712196
StatusBarOptionPane : 0.73590547
BrowserCommandsMenu : 0.70312864
ActionHandler : ActionHandler is not exist in project code
BufferIORequest : 0.75351423
MiscUtilities : 0.75613177
BufferHistory : 0.7051869
jEdit : 0.7591297
BoyerMooreSearchMatcher : 0.71880615
Remote : 0.78915757
VFSFileChooserDialog : 0.74336004
