BeanShellHandler : BeanShellHandler is not exist in project code
ReplaceActionHandler : ReplaceActionHandler is not exist in project code
SearchAndReplace : 0.8283779
Descriptor : Descriptor is not exist in project code
BeanShellErrorDialog : 0.0
SearchFileSet : 0.74302214
SearchDialog : 0.813383
Debug : 0.0
BeanShellAction : 0.8511853
BeanShell : 0.8543945
ActionBar : 0.82005906
EditAction : 0.8385927
SimpleNode : 0.8077394
BshClassManager : 0.7886815
JARClassLoader : 0.83576226
Interpreter : 0.7162056
ActionSet : 0.8319968
AllBufferSet : 0.8366408
EnhancedMenu : 0.81035936
Factory : Factory is not exist in project code
InputHandler : 0.82863975
ActionListHandler : 0.8333969
This : 0.8004594
ServiceManager : 0.839126
EditServer : 0.8416414
Macros : 0.8337924
BrowserActionContext : BrowserActionContext is not exist in project code
PluginJAR : 0.8342252
BSHAssignment : 0.79292214
OptionsDialog : 0.82261485
jEdit : 0.6851282
Parser : 0.6793144
FirstLine : 0.81317127
EditPlugin : 0.8315932
NameSpace : 0.7941158
BshMethod : 0.8184334
Log : 0.8287077
ClassGeneratorUtil : 0.8061796
TokenMarker : 0.822738
