HyperSearchResult : 0.8527191
EditPane : 0.84761924
EditServer : 0.85831386
BufferSwitcher : 0.84666425
BufferUpdate : 0.8277344
SearchDialog : 0.8337726
Buffer : 0.85714436
jEdit : 0.6683086
View : 0.8393128
BufferChangeAdapter : 0.7811478
Selection : 0.86061937
ShowBufferMenu : ShowBufferMenu is not exist in project code
AllBufferSet : 0.8536609
EditPaneUpdate : 0.8211138
DisplayManager : 0.85530734
ActionHandler : ActionHandler is not exist in project code
TextAreaTransferHandler : 0.6585587
Macros : 0.8387798
JEditTextArea : 0.8497892
BufferChangeListener : 0.76141375
WindowHandler : WindowHandler is not exist in project code
FileCellRenderer : 0.8295954
FoldHandler : 0.83833015
DummyFoldHandler : 0.859829
VFSBrowser : 0.8402575
BufferPrinter1_4 : 0.8502837
BufferPrinter1_3 : 0.8313956
ListHandler : ListHandler is not exist in project code
SearchAndReplace : 0.8514453
VFS : 0.837264
EditingOptionPane : 0.8478801
QuickNotepad : 0.0
PluginJAR : 0.84409064
ModeProperties : ModeProperties is not exist in project code
BufferOptions : 0.85744435
Mode : 0.85189515
AbbrevsOptionPane : 0.8457558
GrabKeyDialog : 0.85159606
GeneralOptionPane : 0.822154
DropHandler : DropHandler is not exist in project code
BrowserOptionPane : 0.8254432
