Macro : Macro is not exist in project code
XmlParser : 0.80684215
XThis : 0.77468014
View : 0.8227552
Macros : 0.82281715
FoldHandler : 0.8244673
jEdit : 0.68174833
JEditTextArea : 0.822187
EnhancedDialog : 0.8287559
IOProgressMonitor : 0.86370826
Buffer : 0.8352096
BufferUpdate : 0.8249889
IndentFoldHandler : 0.79425496
DummyFoldHandler : 0.8122665
BeanShellHandler : BeanShellHandler is not exist in project code
ExplicitFoldHandler : 0.7751903
InputHandler : 0.8164803
DockablePanel : 0.8120809
DefaultInputHandler : 0.7726963
PluginList : 0.6931901
TOCHandler : TOCHandler is not exist in project code
ModeCatalogHandler : 0.8373969
Wrapper : Wrapper is not exist in project code
BufferHistory : 0.8414781
HistoryTextField : 0.8262489
StatusBar : 0.82235384
CompleteWord : 0.8111889
HelpViewer : 0.83941025
PluginListHandler : 0.8397915
HandlerBase : 0.81636846
XModeHandler : 0.81490487
FontSelector : 0.82275933
DockableListHandler : DockableListHandler is not exist in project code
ActionListHandler : 0.82661307
Gutter : 0.8097539
SearchDialog : 0.8090838
SearchBar : 0.80563074
DockableWindowManager : 0.8285144
MouseHandler : 0.7897277
PluginsMenuButton : PluginsMenuButton is not exist in project code
XmlHandler : 0.76410043
