StatusBar : 0.8513203
AddAbbrevDialog : 0.86306036
SearchBar : 0.856522
HyperSearchRequest : 0.85034394
BufferOptions : 0.8680756
BufferUpdate : 0.8304788
JEditTextArea : 0.8515073
InputHandler : 0.85066843
BufferIORequest : 0.82152283
Recorder : Recorder is not exist in project code
SearchDialog : 0.8619165
VFSBrowser : 0.8557259
Gutter : 0.8519805
DockableWindowManager : 0.84857297
CloseDialog : 0.85347444
EditPane : 0.8521005
QuickNotepad : 0.0
PastePrevious : PastePrevious is not exist in project code
CompleteWord : 0.84149534
HyperSearchResults : 0.8603362
SelectLineRange : 0.8542686
jEdit : 0.686118
EditorExitRequested : 0.8334462
CreateDockableWindow : CreateDockableWindow is not exist in project code
ViewUpdate : 0.821619
FileRootsVFS : 0.8178649
FileVFS : 0.8378967
SearchFileSet : 0.7460052
QuickNotepadDockable : QuickNotepadDockable is not exist in project code
CurrentBufferSet : 0.84484535
EditAction : 0.850524
DefaultInputHandler : 0.791419
BufferListSet : 0.8473106
Macros : 0.84655887
Buffer : 0.85247266
LoadSaveOptionPane : LoadSaveOptionPane is not exist in project code
BrowserView : 0.8610815
WindowHandler : WindowHandler is not exist in project code
VFS : 0.8264275
BeanShell : 0.8406324
GUIUtilities : 0.8494213
