LHS : 0.8028431
Interpreter : 0.7560918
This : 0.86083084
BeanShell : 0.78392416
Name : 0.80655295
CallStack : 0.8120253
BlockNameSpace : 0.81379634
BoyerMooreSearchMatcher : 0.7588993
BshMethod : 0.81362915
RESearchMatcher : RESearchMatcher is not exist in project code
BSHAmbiguousName : 0.8107983
dir : 0.7815118
BSHBlock : 0.7913888
BSHImportDeclaration : 0.8021431
XThis : 0.8463416
JThis : 0.7628122
RETokenPOSIX : RETokenPOSIX is not exist in project code
GrabKeyDialog : 0.7573112
SimpleNode : 0.78018504
BSHForStatement : 0.8070568
BSHAllocationExpression : 0.82821023
BshClassManager : 0.84409004
BSHReturnType : 0.76577824
Reflect : 0.8147526
BSHFormalParameter : 0.75038666
BSHFormalParameters : 0.76595986
BSHPrimarySuffix : 0.7919074
BSHMethodInvocation : 0.7602641
BSHType : 0.80430627
DefaultInputHandler : 0.7397024
BSHCastExpression : 0.82602143
Mode : 0.7861096
VFS : 0.7756171
UnixWorkaround : UnixWorkaround is not exist in project code
CreateDockableWindow : CreateDockableWindow is not exist in project code
EditAction : 0.7684727
Plugin : Plugin is not exist in project code
OptionGroup : 0.7701921
PluginListHandler : 0.79701453
IconListEntry : IconListEntry is not exist in project code
DirectoryEntry : DirectoryEntry is not exist in project code
