ReplaceActionHandler : ReplaceActionHandler is not exist in project code
SearchAndReplace : 0.8566546
SearchDialog : 0.8355075
BufferListSet : 0.84515834
SearchFileSet : 0.7466679
Interpreter : 0.71393424
BshClassManager : 0.78924596
CurrentBufferSet : 0.86804765
BeanShellAction : 0.8705873
EditAction : 0.8613345
DirectoryListSet : 0.8501583
AllBufferSet : 0.8578683
Macro : Macro is not exist in project code
BoyerMooreSearchMatcher : 0.81310785
ActionListHandler : 0.85030985
InputHandler : 0.8483795
Macros : 0.85203105
EditServer : 0.8640397
RESearchMatcher : RESearchMatcher is not exist in project code
jEdit : 0.6925632
BSHAllocationExpression : 0.83113956
BSHAssignment : 0.7858364
NameSpace : 0.78392416
BeanShellErrorDialog : 0.0
BshMethod : 0.82457674
JARClassLoader : 0.84954435
