LineContext : LineContext is not exist in project code
XModeHandler : 0.8552199
Token : 0.78373444
TokenMarker : 0.87095034
ParserRuleSet : 0.8427897
ParserRuleFactory : ParserRuleFactory is not exist in project code
Buffer : 0.8225441
TokenList : TokenList is not exist in project code
jEdit : 0.66310555
Interpreter : 0.6794263
Parser : 0.6964852
XmlParser : 0.79879993
XmlException : 0.7892495
PluginList : 0.640498
HelpViewer : 0.795249
ParserTokenManager : 0.79860014
ParseException : 0.8263779
JJTParserState : 0.78225493
Mode : 0.840834
DockableWindowManager : 0.78681326
BufferHistory : 0.81657016
XmlHandler : 0.7798194
TokenMgrError : 0.7770928
SimpleNode : 0.80802935
NameSpace : 0.7644225
