BeanShell : 0.7139344
BSHBlock : 0.73812354
This : 0.76932025
InterpreterError : 0.0
BlockNameSpace : 0.74941033
BSHAmbiguousName : 0.76378405
BSHLiteral : 0.71836305
BSHArrayDimensions : 0.74096984
BSHPrimarySuffix : 0.73469377
NameSpace : 0.7560918
BSHLHSPrimarySuffix : BSHLHSPrimarySuffix is not exist in project code
BSHSwitchLabel : 0.72302127
BSHArrayInitializer : 0.73926204
dir : 0.73623705
BSHUnaryExpression : 0.7521582
BSHTernaryExpression : 0.75068283
BSHIfStatement : 0.75951356
JThis : 0.7259282
Name : 0.7265007
XThis : 0.7548997
Primitive : 0.71818066
BSHArguments : 0.76928556
BSHThrowStatement : 0.71360964
BSHReturnStatement : 0.7291118
BSHStatementExpressionList : 0.71172273
BSHAllocationExpression : 0.7580538
BSHPrimaryExpression : 0.75169665
JcmdProcess : JcmdProcess is not exist in project code
BSHCastExpression : 0.760058
BSHImportDeclaration : 0.7418694
SimpleNode : 0.7141469
RESyntax : RESyntax is not exist in project code
CallStack : 0.72899914
TypedVariable : TypedVariable is not exist in project code
BSHWhileStatement : 0.6978881
Handler : 0.6971682
Reflect : 0.73239934
EvalError : 0.7391299
BSHLHSPrimaryExpression : BSHLHSPrimaryExpression is not exist in project code
BSHMethodInvocation : 0.69889015
BSHAssignment : 0.7253615
BSHSwitchStatement : 0.7290702
BSHTypedVariableDeclaration : 0.7241898
TargetError : 0.7428405
BSHForStatement : 0.7579186
LHS : 0.7026748
BSHVariableDeclarator : 0.7721149
Parser : 0.78493613
BSHFormalParameter : 0.73055065
BSHTryStatement : 0.7180579
BSHBinaryExpression : 0.7354292
BshMethod : 0.7683431
BSHFormalParameters : 0.71681076
BSHMethodDeclaration : 0.7273588
