BSHForStatement : 0.8032623
NameSpace : 0.780185
EvalError : 0.8383484
TargetError : 0.8278283
Parser : 0.70466864
BSHUnaryExpression : 0.8066357
BSHSwitchLabel : 0.8005269
BSHTernaryExpression : 0.81180066
BSHStatementExpressionList : 0.8278865
BSHIfStatement : 0.7948894
BSHAllocationExpression : 0.80366623
Interpreter : 0.71414685
BSHWhileStatement : 0.79351974
BSHType : 0.8280631
BSHSwitchStatement : 0.80651563
BSHPrimarySuffix : 0.8194308
BSHPrimaryExpression : 0.8174662
BSHCastExpression : 0.8133695
BSHLHSPrimaryExpression : BSHLHSPrimaryExpression is not exist in project code
BSHBlock : 0.818218
BSHVariableDeclarator : 0.8071195
This : 0.7826049
BSHArguments : 0.8319806
BSHThrowStatement : 0.8145298
BSHReturnStatement : 0.8208347
TOCHandler : TOCHandler is not exist in project code
HelpViewer : 0.7976496
BSHArrayInitializer : 0.80578226
BSHLHSPrimarySuffix : BSHLHSPrimarySuffix is not exist in project code
BSHArrayDimensions : 0.7949899
JJTParserState : 0.8028936
BrowserIORequest : 0.80270684
BrowserView : 0.8124325
Reflect : 0.8025767
BSHAssignment : 0.79684395
Node : 0.81659126
BSHBinaryExpression : 0.8020293
OptionTreeModel : OptionTreeModel is not exist in project code
HyperSearchResults : 0.8075717
HyperSearchRequest : 0.8103318
JThis : 0.77618134
