LHS : 0.8028431
This : 0.86083084
Interpreter : 0.7560918
Name : 0.80655295
BeanShell : 0.78392416
CallStack : 0.8120253
BlockNameSpace : 0.81379634
BoyerMooreSearchMatcher : 0.7588993
RESearchMatcher : RESearchMatcher is not exist in project code
BshMethod : 0.81362915
BSHAmbiguousName : 0.8107983
dir : 0.7815118
BSHBlock : 0.7913888
BSHImportDeclaration : 0.8021431
JThis : 0.7628122
XThis : 0.8463416
GrabKeyDialog : 0.7573112
RETokenPOSIX : RETokenPOSIX is not exist in project code
SimpleNode : 0.78018504
BSHForStatement : 0.8070568
BSHAllocationExpression : 0.82821023
BSHReturnType : 0.76577824
BshClassManager : 0.84409004
Reflect : 0.8147526
BSHFormalParameter : 0.75038666
Factory : Factory is not exist in project code
BSHFormalParameters : 0.76595986
BSHPrimarySuffix : 0.7919074
BSHType : 0.80430627
DefaultInputHandler : 0.7397024
Entry : Entry is not exist in project code
ShortcutsModel : ShortcutsModel is not exist in project code
ParserRuleSet : 0.7898647
CreateDockableWindow : CreateDockableWindow is not exist in project code
BSHMethodDeclaration : 0.8003716
Handler : 0.77755976
EditAction : 0.7684727
Plugin : Plugin is not exist in project code
AbstractOptionPane : 0.7709558
Mode : 0.7861096
PluginSet : PluginSet is not exist in project code
