XModeHandler : 0.68310654
Interpreter : 0.7849361
ParserRule : 0.6964852
LineContext : LineContext is not exist in project code
ParserRuleSet : 0.6865994
XmlParser : 0.7007523
TokenMarker : 0.68048465
Token : 0.70371443
XmlException : 0.71744287
PluginList : 0.75826126
DefaultTokenHandler : 0.699807
Chunk : 0.6657251
jEdit : 0.7465075
HelpTOCPanel : 0.6645159
JJTParserState : 0.7015516
ParseException : 0.69108605
ParserTokenManager : 0.7431007
BufferHistory : 0.6604607
DockableWindowManager : 0.6784782
XmlHandler : 0.75008345
SimpleNode : 0.70466864
TokenMgrError : 0.66981524
DisplayTokenHandler : 0.68073297
Buffer : 0.66458386
SoftWrapTokenHandler : SoftWrapTokenHandler is not exist in project code
Log : 0.65327686
