This : 0.86083084
Interpreter : 0.7560918
LHS : 0.8028431
BeanShell : 0.78392416
Name : 0.80655295
Factory : Factory is not exist in project code
CallStack : 0.8120253
BlockNameSpace : 0.81379634
BshMethod : 0.81362915
BoyerMooreSearchMatcher : 0.7588993
RESearchMatcher : RESearchMatcher is not exist in project code
BSHAmbiguousName : 0.8107983
dir : 0.7815118
BSHImportDeclaration : 0.8021431
JThis : 0.7628122
XThis : 0.8463416
GrabKeyDialog : 0.7573112
BSHBlock : 0.7913888
RETokenPOSIX : RETokenPOSIX is not exist in project code
SimpleNode : 0.78018504
BSHForStatement : 0.8070568
BSHTryStatement : 0.78920645
BSHAllocationExpression : 0.82821023
BshClassManager : 0.84409004
BSHReturnType : 0.76577824
Reflect : 0.8147526
BSHFormalParameter : 0.75038666
BSHFormalParameters : 0.76595986
BSHPrimarySuffix : 0.7919074
BSHType : 0.80430627
EditServer : 0.7698416
BSHCastExpression : 0.82602143
BSHMethodInvocation : 0.7602641
Plugin : Plugin is not exist in project code
EditAction : 0.7684727
AbstractOptionPane : 0.7709558
OptionGroup : 0.7701921
OptionsDialog : 0.7547974
OSTask : OSTask is not exist in project code
Buffer : 0.7682788
KeyBinding : KeyBinding is not exist in project code
