NameSpace : 0.80672944
Token : 0.80422544
BSHVariableDeclarator : 0.84819686
LHS : 0.8571037
BSHTypedVariableDeclaration : 0.8340323
VariableGridLayout : 0.785401
Interpreter : 0.74854946
TypedVariable : TypedVariable is not exist in project code
BlockNameSpace : 0.8502688
CBZip2InputStream : 0.76691586
Name : 0.8451196
ParseException : 0.81918496
DummyTokenHandler : 0.8182691
Parser : 0.7218225
BeanShell : 0.8199311
ChunkCache : 0.7983183
Factory : Factory is not exist in project code
XmlParser : 0.7840673
BoyerMooreSearchMatcher : 0.803797
View : 0.80147237
ChooseDirectory : ChooseDirectory is not exist in project code
ParserTreeConstants : 0.8138942
GUIUtilities : 0.80017555
RESearchMatcher : RESearchMatcher is not exist in project code
Handler : 0.8023215
Reflect : 0.8270099
BSHPrimarySuffix : 0.843742
BshMethod : 0.8579777
SearchDialog : 0.78884745
DockingOptionPane : 0.7913033
BSHTryStatement : 0.8150786
Primitive : 0.8153191
BSHForStatement : 0.8277262
BSHBinaryExpression : 0.8301004
RETokenRepeated : RETokenRepeated is not exist in project code
