ActionHandler : ActionHandler is not exist in project code
BeanShell : 0.82969195
AddAbbrevDialog : 0.8349268
Abbrevs : 0.8241458
EditingOptionPane : 0.83178204
RETokenOneOf : RETokenOneOf is not exist in project code
CRC : 0.72081596
QuickNotepadPlugin : 0.0
Interpreter : 0.6667745
AbbrevsOptionPane : 0.83817416
OptionTreeModel : OptionTreeModel is not exist in project code
PluginManager : 0.8346176
ActionSet : 0.83176976
OptionsDialog : 0.8400619
PluginOptions : 0.8478906
SyntaxHiliteOptionPane : 0.83933413
GutterOptionPane : 0.8376366
AbstractOptionPane : 0.80856943
ViewOptionPane : 0.8053874
DockingOptionPane : 0.8576966
ShortcutsOptionPane : 0.8316323
StatusBarOptionPane : 0.83053666
ToolBarOptionPane : 0.8345363
ContextOptionPane : 0.8294041
TextAreaOptionPane : 0.8077285
AppearanceOptionPane : 0.83324623
PrintOptionPane : 0.8239442
GeneralOptionPane : 0.8274772
FirewallOptionPane : 0.832194
MouseOptionPane : 0.8128416
OptionPane : 0.73550546
EditPlugin : 0.8116273
PropValue : PropValue is not exist in project code
Mode : 0.8256961
AutosaveBackupOptionPane : AutosaveBackupOptionPane is not exist in project code
PluginManagerOptionPane : 0.8441039
BrowserColorsOptionPane : 0.81777585
BrowserOptionPane : 0.8420081
OptionGroup : 0.8356988
EditAbbrevDialog : 0.84660417
BshClassManager : 0.74649423
