HyperSearchResults : 0.7381381
ClassWriter : 0.74300736
CodeVisitor : 0.86880267
ClassGeneratorUtil : 0.79128325
