BufferIORequest : 0.8231874
XmlParser : 0.81174266
GenerateTocXML : 0.86261916
HelpTOCPanel : 0.8490237
jEdit : 0.65531117
Registers : 0.82574445
KillRing : 0.81066203
BufferHistory : 0.85914546
PerspectiveManager : 0.83795285
HandlerBase : 0.7391332
PluginManager : 0.80855554
SettingsReloader : 0.8532128
MiscUtilities : 0.65053374
UtilEvalError : 0.7828892
JEditTextArea : 0.84197277
PluginJAR : 0.8621852
Buffer : 0.85330755
JJTParserState : 0.75762206
RegistersHandler : RegistersHandler is not exist in project code
KillRingHandler : KillRingHandler is not exist in project code
XmlHandler : 0.7385232
RecentHandler : RecentHandler is not exist in project code
FoldHandler : 0.810266
PerspectiveHandler : PerspectiveHandler is not exist in project code
XmlException : 0.7620624
DockableListHandler : DockableListHandler is not exist in project code
UtilTargetError : 0.8601415
ActionSet : 0.81528807
MirrorList : 0.861636
ServiceManager : 0.85632086
DisplayManager : 0.83340985
EditAction : 0.82373023
Primitive : 0.7909432
DirectoryListSet : 0.834234
PluginList : 0.6399157
FileCellRenderer : 0.81991136
Variable : 0.7835021
RESyntax : RESyntax is not exist in project code
SearchDialog : 0.8339891
Handler : 0.85006636
VFSManager : 0.84495956
