XModeHandler : 0.68310654
Interpreter : 0.7849361
ParserRule : 0.6964852
LineContext : LineContext is not exist in project code
XmlParser : 0.7007523
ParserRuleSet : 0.6865994
XmlException : 0.71744287
PluginList : 0.75826126
HelpViewer : 0.65154576
ParserTokenManager : 0.7431007
ParseException : 0.69108605
JJTParserState : 0.7015516
Token : 0.70371443
TokenMarker : 0.68048465
jEdit : 0.7465075
BufferHistory : 0.6604607
XmlHandler : 0.75008345
ParserRuleFactory : ParserRuleFactory is not exist in project code
SimpleNode : 0.70466864
TokenMgrError : 0.66981524
Buffer : 0.66458386
