JEditTextArea : 0.8466287
XmlHandler : 0.76802343
XmlParser : 0.78278595
