ReflectError : 0.0
ReflectManager : 0.83763045
Capabilities : 0.85604054
BSHPrimarySuffix : 0.83888084
BSHLHSPrimarySuffix : BSHLHSPrimarySuffix is not exist in project code
Name : 0.84461606
BSHCastExpression : 0.84286153
NameSpace : 0.8147526
LHS : 0.83733064
BSHAllocationExpression : 0.85544664
BSHArrayInitializer : 0.8565355
View : 0.802269
ReflectManagerImpl : 0.8648264
This : 0.82805026
BSHMethodInvocation : 0.7951826
TargetError : 0.8509161
Handler : 0.8242577
BSHArrayDimensions : 0.7903708
BSHBinaryExpression : 0.8232111
jEdit : 0.69919604
