VFS : 0.83510035
Buffer : 0.8363439
VFSManager : 0.8345545
jEdit : 0.6930609
WorkThreadPool : 0.8200281
ActionHandler : ActionHandler is not exist in project code
EditPane : 0.82486135
VFSBrowser : 0.82324386
StatusBar : 0.8186766
Request : Request is not exist in project code
BeanShell : 0.82806844
TarInputStream : 0.8231515
Remote : 0.71487427
IOProgressMonitor : 0.8279225
BrowserIORequest : 0.8485787
SearchAndReplace : 0.82620645
Abort : Abort is not exist in project code
TarOutputStream : 0.8269226
BrowserView : 0.825413
JavaCharStream : 0.78004557
Java14 : Java14 is not exist in project code
WorkThread : 0.80774814
ConsoleInstall : 0.82424736
TextAreaTransferHandler : 0.69144595
TarBuffer : 0.83169985
ThreadProgress : ThreadProgress is not exist in project code
BufferPrinter1_4 : 0.84334725
ChunkCache : 0.8281854
DisplayManager : 0.81856143
RootElement : RootElement is not exist in project code
BufferOptions : 0.8202354
BufferPrintable : 0.83540833
JEditTextArea : 0.81729776
LineElement : LineElement is not exist in project code
HyperSearchResult : 0.8426175
Recorder : Recorder is not exist in project code
CompleteWord : 0.8234969
Marker : 0.84574026
UndoManager : 0.8309743
HyperSearchResults : 0.82070386
EditServer : 0.8249057
