LineContext : LineContext is not exist in project code
XModeHandler : 0.8552199
Token : 0.78373444
ParserRuleSet : 0.8427897
TokenMarker : 0.87095034
DefaultTokenHandler : 0.8627984
Chunk : 0.85680383
DisplayTokenHandler : 0.8703349
Buffer : 0.8225441
Interpreter : 0.6794263
Parser : 0.6964852
XmlParser : 0.79879993
XmlException : 0.7892495
MirrorList : 0.8114696
JJTParserState : 0.78225493
ParserTokenManager : 0.79860014
ParseException : 0.8263779
ActionSet : 0.81960475
HelpTOCPanel : 0.816422
PluginList : 0.640498
XmlHandler : 0.7798194
jEdit : 0.66310555
ServiceManager : 0.82190067
DockableWindowManager : 0.78681326
PerspectiveManager : 0.80577004
Registers : 0.8222818
KillRing : 0.81123906
BufferHistory : 0.81657016
TokenMgrError : 0.7770928
SimpleNode : 0.80802935
NameSpace : 0.7644225
BSHSwitchStatement : 0.8312857
Name : 0.83333844
BSHClassDeclaration : 0.80162746
Log : 0.8260949
