RecentHandler : RecentHandler is not exist in project code
XmlParser : 0.7692975
Entry : Entry is not exist in project code
Abbrevs : 0.76555365
VFSBrowser : 0.73892367
StatusBar : 0.7404895
Buffer : 0.747184
BufferOptions : 0.7446589
GeneralOptionPane : 0.7415872
StatusBarOptionPane : 0.751346
BrowserCommandsMenu : 0.7471105
ActionHandler : ActionHandler is not exist in project code
BufferIORequest : 0.7691923
MiscUtilities : 0.7476851
BufferHistory : 0.7216217
jEdit : 0.74809736
BoyerMooreSearchMatcher : 0.7469849
Remote : 0.7692706
VFSFileChooserDialog : 0.7660798
