Node:0.3608564
MemoryNode:0.17038208
PointerNode:0.16395883
Trace:0.03999858
HsqlException:0.0069687786
