Node:0.27531427
CachedRow:0.090265
Row:0.061475456
Table:0.028856553
Trace:0.017393436
HsqlException:0.0040025534
