DiskNode:0.54137254
PointerNode:0.3599738
BaseMemoryNode:0.27465406
CachedRow:0.27400458
Row:0.2274868
MemoryNode:0.18896198
CachedDataRow:0.17658591
Index:0.17442673
Table:0.1277758
Session:0.09837907
Trace:0.052307125
HsqlException:0.026322518
