Desktop:0.20101209
WidgetInternalFrame:0.15856847
Widget:0.09778927
DesktopPanel:0.05587865
