MatchesVarExpansion:0.10309017
IMatcher:0.087018386
FindMatchesThread:0.053851686
