Map:0.72
TerrainGenerator:0.26666666666666666
MapControls:0.26666666666666666
