Operand:0.56
Event:0.5233333333333333
ServerGame:0.24
LimitTest:0.10666666666666667
