GoodsWish:0.7866666666666666
TilePopup:0.5322222222222223
