SVGRectFigure:0.22284089
SVGEllipseFigure:0.21473995
SVGPathFigure:0.17926984
SVGImageFigure:0.17233922
SVGTextAreaFigure:0.16375145
SVGTextFigure:0.15722817
SVGGroupFigure:0.09657453
