FS:0.7966666666666666
FeedViewer:0.39
ImportExport:0.28
SaveAsAction:0.20333333333333334
