Table:0.5166666666666667
Expression:0.4866666666666667
SubQuery:0.39666666666666667
ParserDQL:0.38333333333333336
RangeVariableResolver:0.36333333333333334
HsqlArrayList:0.36333333333333334
QueryExpression:0.3466666666666667
Statement:0.33666666666666667
ExpressionLogical:0.3233333333333333
RangeVariable:0.26666666666666666
View:0.24
TableDerived:0.22666666666666666
StatementDMQL:0.22222222222222218
ParserDML:0.21333333333333335
RowSetNavigatorData:0.21
ExpressionLike:0.17
