MainWindow:0.6444444444444445
EditorQuickFind:0.29333333333333333
FindNextAction:0.20444444444444446
Cut:0.1577777777777778
PrintAction:0.1577777777777778
ShowHTMLAction:0.15
FindAction:0.14444444444444446
