ActionManager:0.25399023
SelectableAction:0.16303432
