ActionManager:0.24496002
SelectableAction:0.14752616
