InGameMenuBar:0.23761469
MapEditorMenuBar:0.13619506
FreeColMenuTest:0.09475138
