MButton:0.09578255
MAction:0.084139265
ActionGroup:0.08227613
MDialog:0.06347947
MInternalFrame:0.06342862
MURLButton:0.063389316
MSmallColorChooser:0.06018338
MCellTip:0.058600258
MText:0.05813771
MNotification:0.0573549
MMessage:0.056197662
UI:0.05519689
MMenuItem:0.05486818
MTable:0.049093895
MCalendarPanel:0.04673089
MTree:0.046287492
MLabel:0.044657722
MSystemTray:0.04369704
ColumnManager:0.043191437
MTip:0.042288512
MPanel:0.03994003
MDateSpinner:0.039925832
MUndoManager:0.035419114
MTextPane:0.03435973
MFontChooser:0.033605497
MTextFieldPanel:0.03358731
MScrollPane:0.031478677
MTableHeader:0.031154098
MFrame:0.030978348
MActionInfo:0.026403125
MMouseAdapter:0.025417965
MComponent:0.01998562
MIcon:0.019541565
Mnemonic:0.018006744
MMenuAdapter:0.016259681
MLogger:0.014057299
MColor:0.0080717495
AbstractIterator:0.0061401944
