RowAVL:0.5266666666666666
HsqlName:0.39
RangeVariableResolver:0.2511111111111111
SimpleLog:0.25
RowStoreAVLHybrid:0.22522222222222227
RowStoreAVLDisk:0.22522222222222227
RowStoreAVLMemory:0.22522222222222227
RowStoreAVLDiskData:0.18666666666666668
ParserRoutine:0.18
ScriptReaderText:0.13333333333333333
