TK:0.5466666666666666
MMessage:0.48
Builder:0.37333333333333335
TabIcon:0.29277777777777775
MRenderer:0.25194444444444447
Widget:0.24333333333333335
Designer:0.22666666666666666
ListView:0.22444444444444447
Tabs:0.21333333333333335
TabComponent:0.20333333333333334
DefaultPreview:0.19666666666666666
ImageTransferHandler:0.19666666666666666
FSHelper:0.19666666666666666
TaskModel:0.19666666666666666
LookAndFeelSettings:0.18666666666666668
InstallButton:0.12
