ReportLabourPanel:0.49333333333333335
CompactLabourReport:0.44333333333333336
ClientOptions:0.36666666666666664
ReportLabourAction:0.21333333333333335
ReportLabourDetailPanel:0.023333333333333334
