Region:0.7866666666666666
ServerUnit:0.31
ChangeSet:0.25666666666666665
ServerGame:0.24333333333333335
