MetaInfo:0.8466666666666667
FSHelper:0.31333333333333335
AbstractFS:0.26
FeedsFS:0.24333333333333335
ItemRenderer:0.16333333333333333
