Player:0.48333333333333334
GUI:0.32666666666666666
Tile:0.3016666666666667
FoundingFather:0.2866666666666667
TileType:0.28027777777777774
