ParserOutput:0.47711904761904766
WikiPageInfo:0.43333333333333335
WikiResultSet:0.31
DatabaseHandler:0.27
QueryHandler:0.2535396825396825
FileHandler:0.24
DefaultQueryHandler:0.21333333333333335
PersistencyHandler:0.21
JAMWikiServlet:0.17333333333333334
LinkToServlet:0.11
ContributionsServlet:0.08333333333333333
DiffServlet:0.08333333333333333
RecentChangesServlet:0.08333333333333333
CategoryServlet:0.02
