OS:0.6933333333333334
MAboutDialog:0.3444444444444445
GeneralSettings:0.3
SetOpenCommandAction:0.19666666666666666
Advanced:0.13444444444444445
