GUI:0.07964032
Canvas:0.033933353
