ActionManager:0.072413824
MapboardAction:0.06330083
