OptionMapUI:0.1890933
FreeColActionUI:0.12991762
SelectOptionUI:0.05753546
BooleanOptionUI:0.055919804
FileOptionUI:0.055119637
IntegerOptionUI:0.0508739
OptionUpdater:0.032953598
