WikiUser:0.6433333333333333
AnsiQueryHandler:0.43333333333333335
AnsiDataHandler:0.30333333333333334
ServletUtil:0.2866666666666667
RegisterServlet:0.18666666666666668
TranslationServlet:0.13
WikiSignatureTag:0.12666666666666668
JAMWikiLocaleInterceptor:0.11
