Message:0.612
InGameInputHandler:0.36333333333333334
InGameController:0.3616666666666667
StealLandMessage:0.36
FreeColServer:0.2633333333333333
BuyLandMessage:0.11333333333333333
