MLabel:0.8033333333333333
Content:0.3233333333333333
ActionProperties:0.27666666666666667
PluginManager:0.22666666666666666
MAbout:0.20333333333333334
Factory:0.17916666666666667
