Widget:0.6866666666666666
NoteWidget:0.37666666666666665
DeskletLoader:0.33666666666666667
