UI:0.078989506
MDialog:0.07068402
MLabel:0.059831135
Property:8.895545E-4
BooleanProperty:8.6108636E-4
