MFontChooser:0.047021616
MComboBox:0.037209224
SimpleListCellRenderer:0.033545047
UI:0.032935284
