UI:0.04508198
MDialog:0.028875092
MWindow:0.024972139
MLabel:0.010979029
Property:0.0020544885
BooleanProperty:0.0016401072
