BufferPrintable:0.080711864
jEdit:0.034797795
Buffer:0.021582644
MiscUtilities:0.012910843
VFSManager:0.008432117
Log:0.008425433
View:0.0064937095
