MTable:0.5333333333333333
Table:0.43333333333333335
TaskTable:0.3788888888888889
