Player:0.45666666666666667
Nation:0.3566666666666667
NationOptions:0.34
ImageLibrary:0.31333333333333335
Canvas:0.2833333333333333
PreGameController:0.2733333333333333
GUI:0.23333333333333334
PlayersTableModel:0.21
PreGameInputHandler:0.20333333333333334
FreeColServer:0.19333333333333333
MiniMap:0.19333333333333333
GrayLayer:0.14666666666666667
NewPanel:0.12
PlayersTable:0.10666666666666667
