Unit:0.63
Tile:0.4633333333333333
Colony:0.4033333333333333
Building:0.39
UnitType:0.3
Resource:0.24933333333333332
ColonyTile:0.23666666666666666
ResourceType:0.22666666666666666
AIColony:0.20333333333333334
UnitLabel:0.18666666666666668
WorkLocationPlan:0.18333333333333332
ProductionLabel:0.17333333333333334
Xml:0.13833333333333334
ReportRequirementsPanel:0.11
