AbstractMarker:0.2
RLEMarker:0.11333333333333333
NBSPMarker:0.11333333333333333
LRMMarker:0.11333333333333333
LREMarker:0.11333333333333333
LFMarker:0.11333333333333333
LROMarker:0.11333333333333333
RLOMarker:0.11333333333333333
SpaceMarker:0.11333333333333333
PDFMarker:0.11333333333333333
TabMarker:0.11333333333333333
RLMMarker:0.11333333333333333
PatternConsts:0.08166666666666667
