MLabel:0.099020906
UI:0.085722305
MApplication:0.07307682
MMenu:0.06888621
MSettingsDialog:0.06787921
MPanel:0.065571256
MButton:0.0597655
MPasswordField:0.05849792
CoolHeader:0.05047678
MActionInfo:0.047576036
MAction:0.04648137
MWindow:0.046139203
MIcon:0.042345416
MMainWindow:0.03814971
TK:0.037636787
MMouseAdapter:0.036965396
MSmallButton:0.032572187
MTimer:0.01985463
Config:0.016997624
MArrayList:0.015735982
WindowDragAdapter:0.014600901
IntegerProperty:0.014157459
MProgressBar:0.012225177
BooleanProperty:0.006411079
EnumProperty:0.0047417018
Property:0.004737746
