StatementSet:0.34045312
StatementExpression:0.27684376
StatementDML:0.21763943
StatementProcedure:0.17886104
ParserDML:0.17817053
ExpressionColumn:0.17661066
QueryExpression:0.17604041
Expression:0.17484657
Table:0.16975762
StatementInsert:0.1632458
StatementResultUpdate:0.16321944
StatementCompound:0.1567174
Routine:0.14839981
RangeVariable:0.1470218
StatementQuery:0.11650625
ColumnSchema:0.10300086
Statement:0.092497185
Session:0.08496726
ParserRoutine:0.08389353
ParserDQL:0.0837726
TableDerived:0.07428625
StatementSchema:0.06713676
StatementCursor:0.05718084
StatementSession:0.055580642
SchemaObject:0.051397607
SessionContext:0.04127569
StatementTypes:0.02730123
ColumnBase:0.011635242
HsqlException:0.010030922
SqlInvariants:0.005435957
