MEditorPane:0.6133333333333333
MMessage:0.5
MAboutDialog:0.29
SummaryEditor:0.26777777777777784
