JEditTextArea:0.42333333333333334
VFSBrowser:0.29833333333333334
Macros:0.26
FocusHandler:0.25
DockableWindowManager:0.22066666666666668
MouseHandler:0.20666666666666667
