HsqlTimerTest:0.09333333333333334
IntervalTypeTest:0.03666666666666667
HsqlDequeTest:0.02666666666666667
SqltoolRBTest:0.02666666666666667
ScannerTest:0.016666666666666666
PIFGeneratorTest:0.006666666666666667
ClientConnectionTest:0.006666666666666667
ValuePoolHashMapTest:0.006666666666666667
ArrayUtilTest:0.006666666666666667
DatabaseURLTest:0.006666666666666667
HsqlArrayHeapTest:0.006666666666666667
HsqlPropertiesTest:0.0
