AbstractFS:0.47817627
MetaInfo:0.30319756
MountManager:0.23633982
FSException:0.02746753
FSAction:0.005422322
