Links:0.40211022
MetaInfoAction:0.14475651
MetaInfo:0.14212127
