SummaryData:0.7033333333333334
SummaryTree:0.36333333333333334
