MTogglePanel:0.08070556
MColorChooser:0.079823464
MTip:0.07604135
MPanel:0.06206627
MStatusBar:0.058774725
MCalendar:0.053503294
MHighlighter:0.051295828
UI:0.048561543
MWizard:0.044942185
MLabel:0.028422542
MIcon:0.016288519
TK:0.006730746
Property:0.003808056
