WikiUser:0.6033333333333334
Utilities:0.5766666666666667
ServletUtil:0.52
