DockableWindowContainer:0.68388134
CreateDockableWindow:0.14326
VFSBrowser:0.12822372
View:0.12530786
DockableWindow:0.09754671
jEdit:0.07832613
Macros:0.06690565
EditBus:0.06632338
HyperSearchResults:0.06289915
QuickNotepad:0.06077714
WindowTableModel:0.053563945
SearchAndReplace:0.052545667
LogViewer:0.04701698
DockingOptionPane:0.045884475
Log:0.030734377
EBMessage:0.025135804
EBComponent:0.018669548
