SummaryData:0.16873854
SummaryTree:0.10044319
