ImageUtil:0.52
LinkUtil:0.37333333333333335
ParserFunctionUtil:0.33
WikiPageInfo:0.32666666666666666
