JAMWikiModel:0.47333333333333333
BlikiProxyParser:0.44333333333333336
LuceneSearchEngine:0.3
JAMHTMLConverter:0.2
Main:0.19
BlikiProxyParserUtil:0.15666666666666668
