TagsMenu:0.17497276
TagsEditor:0.12723504
TagsInfo:0.07222671
Tags:0.06139069
