AppSettings:0.117754035
PluginDownloader:0.05217136
AbstractSettings:0.035816845
AbstractSettingsPage:0.010546464
