Canvas:0.72
InGameController:0.5933333333333334
ShowInformationMessageSwingTask:0.21333333333333335
