DefaultTransferHandler:0.1612211
DragListener:0.124543875
UnitLabel:0.0991761
FreeColPanel:0.03753364
MarketLabel:0.036970884
GoodsLabel:0.030041644
ColorCellEditor:0.02836675
DropListener:0.007904529
