FreeColMenuBar:0.064957306
FullScreenFrame:0.04190664
InGameMenuBar:0.035493527
ImageLibrary:0.018330473
