TK:0.67
Console:0.26
Commands:0.25333333333333335
Args:0.22333333333333333
