ClientConnection:0.42099312
Session:0.22470193
Database:0.030657845
HsqlException:0.019261738
Scanner:0.01792004
TransactionManagerMVCC:0.016343655
RowAction:0.014970373
ParserCommand:0.014893395
TransactionManagerCommon:0.013308423
Like:0.008920968
