Table:0.6633333333333333
Trace:0.39666666666666667
Database:0.37666666666666665
HsqlProperties:0.20333333333333334
TestSql:0.19111111111111112
TableFilter:0.18
