MApplication:0.6833333333333333
Main:0.49805555555555553
