Map:0.55
Player:0.43333333333333335
InGameController:0.2866666666666667
UnitIterator:0.26
TerrainGenerator:0.23666666666666666
ServerPlayer:0.19666666666666666
DebugMenu:0.17
