jEdit:0.6566666666666666
GUIUtilities:0.48
MiscUtilities:0.44
SearchDialog:0.43
SearchAndReplace:0.38333333333333336
EditAbbrevDialog:0.27
View:0.25
FileVFS:0.23666666666666666
AbbrevsModel:0.22333333333333333
BoyerMooreSearchMatcher:0.21972222222222218
Entry:0.20666666666666667
PluginTableModel:0.20333333333333334
VFSBrowser:0.2
BrowserIORequest:0.18
SearchBar:0.16
BufferPrintable:0.16
ActionHandler:0.14
InstallButton:0.11
SizeLabel:0.09333333333333334
AbbrevsOptionPane:0.045
