FileCache:0.7566666666666667
FSHelper:0.37333333333333335
DefaultPreview:0.3233333333333333
