View:0.8440873015873016
DocumentOrientedApplication:0.5033333333333333
AbstractView:0.42380555555555555
