Buffer:0.5366666666666666
VFS:0.38
VFSManager:0.3616666666666667
DirectoryEntry:0.325
VFSDirectoryEntryTableModel:0.2544444444444445
FileVFS:0.24666666666666667
VFSDirectoryEntryTable:0.21777777777777782
VFSBrowser:0.18150000000000002
BrowserOptionPane:0.16666666666666666
FileCellRenderer:0.13333333333333333
