jEdit:0.5
DockableWindowManager:0.43
JEditTextArea:0.3566666666666667
DockableWindowFactory:0.31
PluginJAR:0.2511111111111111
DockableLayout:0.22333333333333333
DockablePanel:0.18666666666666668
View:0.18333333333333332
Entry:0.17666666666666667
PanelWindowContainer:0.17666666666666667
