SVGDrawingPanel:0.5833333333333334
SVGView:0.52
SVGApplet:0.33666666666666667
SVGDrawingPanelBeanInfo:0.32
SVGApplicationModel:0.29
ProxyPanel:0.17111111111111113
ViewSourceAction:0.11277777777777777
