ScriptWriterText:0.34444444444444444
Log:0.29
Logger:0.2866666666666667
ScaledRAFile:0.2833333333333333
ScriptWriterBase:0.2661111111111111
TextCache:0.24333333333333335
SimpleLog:0.22166666666666668
DataFileCache:0.17333333333333334
LobStoreRAFile:0.14333333333333334
