MountPanel:0.4666666666666667
AbstractFS:0.4166666666666667
AdvancedProperties:0.35333333333333333
PropertiesPanel:0.23666666666666666
