Tile:0.6783333333333333
Map:0.4816666666666667
InGameController:0.31666666666666665
