UnitType:0.107640535
Goods:0.06679162
Tile:0.038268697
Unit:0.027686665
