FreeColDialog:0.082090996
GoodsLabel:0.06096474
FreeColPanel:0.04237171
