CategoryMenu:0.1562229
CategoryList:0.13405363
CategoryListRenderer:0.1065349
CategoryListEditor:0.102829345
Category:0.031978343
