PropertyPanel:0.20910747
FormPanel:0.12842043
SimpleForm:0.020322932
