AbstractFS:0.4050114
MetaInfo:0.26608223
MountManager:0.20464584
MetaInfoComparator:0.1591936
FSException:0.028354663
FSAction:0.007980083
