Canvas:0.6991666666666667
EmigrationPanel:0.44
InGameInputHandler:0.2733333333333333
