Unit:0.5
Europe:0.45
Tile:0.36
GoodsContainer:0.33666666666666667
GoodsLocation:0.2733333333333333
Building:0.26666666666666666
UnitLocation:0.2633333333333333
IndianSettlement:0.23444444444444448
Colony:0.22333333333333333
NewWorld:0.22
WorkLocation:0.21
ColonyTile:0.20666666666666667
