jEdit:0.59
GUIUtilities:0.3933333333333333
PluginJAR:0.37
Factory:0.17444444444444446
