UI:0.7233333333333334
PrintDialog:0.5333333333333333
ImagePrintInfo:0.20333333333333334
