Unit:0.7033333333333334
InGameController:0.39
ServerPlayerTest:0.34
InGameInputHandler:0.31333333333333335
MoveToEuropeMessage:0.26666666666666666
