BuildingPanel:0.3092976
UnitLabel:0.11344261
ProductionLabel:0.0390899
