FreeColPanel:0.12292989
ReportPanel:0.09083561
