Player:0.44333333333333336
Game:0.35333333333333333
Tile:0.29333333333333333
Map:0.29333333333333333
Colony:0.24333333333333335
PlayerExploredTile:0.22333333333333333
