PluginInfo:0.56
Page:0.44
PluginRenderer:0.3244444444444444
PluginSettings:0.25666666666666665
