Unit:0.6466666666666666
InGameController:0.4
FreeColTestCase:0.26
ColonyTest:0.24666666666666667
UnitTest:0.24666666666666667
MapGenerator:0.2388888888888889
ColonyProductionTest:0.15
JoinColonyMessage:0.14
BuildColonyMessage:0.12666666666666668
