Building:0.72
GameOptions:0.6014444444444444
SchoolTest:0.3
DragListener:0.20333333333333334
SpecificationTest:0.20333333333333334
