Expression:0.21118352
QuerySpecification:0.14951473
SortAndSlice:0.08821513
ParserDQL:0.04652453
Session:0.041539934
OpTypes:0.003835528
Tokens:0.0
