Number:0.5266666666666666
Messages:0.5066666666666667
Selector:0.40722222222222226
NumberRules:0.2227777777777778
