InGameController:0.5066666666666667
LocationRenderer:0.22666666666666666
SettlementRenderer:0.22
FreeColComboBoxRenderer:0.18
