Property:0.1879896
Config:0.14669023
UI:0.13504872
MApplication:0.12370698
Kiosk:0.09569211
ConfigFile:0.086350285
FS:0.06787648
MLogger:0.045141853
MTableHeader:0.03286511
ColumnManager:0.011659321
