DefaultHarmonicColorModel:0.48127708
HarmonicRule:0.17340285
SimpleHarmonicRule:0.119251184
CompositeColor:0.11464012
JHarmonicColorWheel:0.09895287
ColorSystem:0.046575855
