Gradient:0.5966666666666667
SVGAttributeKeys:0.5933333333333334
AttributeKey:0.3233333333333333
SVGInputFormat:0.29333333333333333
SVGTextAreaFigure:0.28
StreamPosTokenizer:0.26666666666666666
SVGTextFigure:0.23333333333333334
SVGRectFigure:0.22333333333333333
SVGEllipseFigure:0.19666666666666666
SVGPathFigure:0.13666666666666666
RadialGradient:0.10666666666666667
LinearGradient:0.09666666666666666
