Session:0.1131067
Database:0.06411124
Table:0.051412016
TableBase:0.048680335
StatementDML:0.0466591
StatementCommand:0.03684101
QuerySpecification:0.02847852
StatementProcedure:0.026345348
StatementSchema:0.025496425
FunctionSQL:0.021955062
Constraint:0.02071678
NumberSequence:0.017913086
TransactionManagerCommon:0.01697781
HsqlException:0.015643753
SchemaManager:0.015357012
ExpressionColumn:0.012113614
