FileUtilTest:0.6608333333333334
PreferencesTest:0.22277777777777777
ScriptingTest:0.22277777777777777
