UnitTypeOptionUI:0.15816163
StringOptionUI:0.13418165
OptionUI:0.13299453
IntegerOptionUI:0.08401772
