Console:0.59
ConsoleIO:0.53
MFormatter:0.19333333333333333
MHandler:0.15666666666666668
