TreeDataTipCell:0.28366384
DataTipListener:0.1191934
DataTipManager:0.07458707
DataTipCell:0.067728534
