Figure:0.566111111111111
Handle:0.5333333333333333
MoveHandle:0.25333333333333335
LineConnectionFigure:0.18666666666666668
LineFigure:0.18333333333333332
RotateHandle:0.17666666666666667
HandleType:0.17
BoundsInLocalOutlineHandle:0.16833333333333333
AbstractResizeHandle:0.16
PointHandle:0.15333333333333332
ConnectionPointHandle:0.115
NorthEastHandle:0.056666666666666664
SouthEastHandle:0.03
WestHandle:0.03
NorthWestHandle:0.03
SouthHandle:0.03
SouthWestHandle:0.03
NorthHandle:0.03
EastHandle:0.03
