Logger:0.39666666666666667
HsqlDatabaseProperties:0.36333333333333334
Collation:0.32
DataFileCache:0.2866666666666667
IntervalType:0.2561111111111111
FunctionCustom:0.20666666666666667
StatementCommand:0.1811111111111111
ParserCommand:0.18
