HsqlDatabaseProperties:0.23771812
Log:0.11463874
HsqlProperties:0.110700145
LockFile:0.06665551
DataFileCache:0.04322822
DataFileDefrag:0.036051705
RowStoreAVLDisk:0.0207229
RowStoreAVLMemory:0.020614345
RowStoreAVLHybrid:0.019984355
RowStoreAVLDiskData:0.01594469
RowStoreAVLHybridExtended:0.015524805
PersistentStore:0.013265386
Crypto:0.0017341704
PersistentStoreCollection:8.6369144E-4
