Unit:0.6566666666666666
Player:0.56
IndianSettlement:0.36666666666666664
InGameInputHandler:0.23
