IntervalType:0.45567274
DateTimeType:0.32238337
Type:0.16411582
NumberType:0.15436998
Types:0.09547541
IntervalSecondData:0.062384997
