RowStoreAVLHybrid:0.41428772
RowStoreAVLDisk:0.37580964
RowStoreAVLHybridExtended:0.32711247
PersistentStore:0.3128749
RowStoreAVLMemory:0.27092582
RowStoreAVLDiskData:0.23416564
DataFileCache:0.07192592
CachedObject:0.036028974
PersistentStoreCollection:0.00627944
