IAutoCompleter:0.3272804232804233
AutoCompleter:0.31666666666666665
IEditor:0.31166666666666665
AutoCompleterListView:0.31
EditorController:0.2966666666666667
AutoCompleterTableView:0.27666666666666667
AbstractAutoCompleterView:0.20333333333333334
CharTableAutoCompleterView:0.13666666666666666
GlossaryTextAreaTest:0.11666666666666667
TagAutoCompleterView:0.1
AutotextAutoCompleterView:0.05333333333333334
GlossaryAutoCompleterView:0.023333333333333334
