TaskPanel:0.61351234
TaskSummary:0.33170828
TaskInfoButton:0.28505167
