ImageEditorCore:0.49
ImageEditor:0.47333333333333333
FiltersAction:0.25666666666666665
ToolManager:0.25
ImageEditorDesigner:0.22333333333333333
SelectionTool:0.22083333333333333
ToolPanel:0.20920634920634923
ZoomComponent:0.20666666666666667
MTogglePanel:0.16277777777777777
QuickFilterAction:0.14333333333333334
AbstractTool:0.13333333333333333
