Buffer:0.14795281
AbbrevsOptionPane:0.13049823
jEdit:0.12888663
JEditTextArea:0.094518684
MiscUtilities:0.06847265
TextUtilities:0.064094625
AddAbbrevDialog:0.045303136
Mode:0.045282625
Log:0.042290412
View:0.04198161
StatusBar:0.041522518
