DockingOptionPane:0.15768364
OptionPane:0.09479043
AppearanceOptionPane:0.09456742
GutterOptionPane:0.09272067
MacOSOptionPane:0.08204593
LoadSaveOptionPane:0.06883879
OptionsDialog:0.06430477
EditingOptionPane:0.06428516
TextAreaOptionPane:0.06398246
BrowserOptionPane:0.060113195
QuickNotepadOptionPane:0.05515234
PrintOptionPane:0.054486245
EditPlugin:0.052784294
GeneralOptionPane:0.052194018
OptionGroup:0.048981488
FirewallOptionPane:0.048898537
StatusBarOptionPane:0.048680007
AbbrevsOptionPane:0.037785385
BufferOptions:0.03627376
ToolBarOptionPane:0.034452446
ContextOptionPane:0.028311927
jEdit:0.027874954
ShortcutsOptionPane:0.02416425
BrowserColorsOptionPane:0.020983707
SyntaxHiliteOptionPane:0.01330966
