Buffer:0.74016
VFS:0.7029955
jEdit:0.627901
VFSManager:0.24971102
Log:0.18226211
WorkRequest:0.11813371
WorkThread:0.11792855
SegmentBuffer:0.044506755
IntegerArray:0.018419955
