BufferChangeAdapter:0.82757473
Buffer:0.22319993
JEditTextArea:0.1682942
BufferUpdate:0.064023495
