CurrentBufferSet:0.60423994
BufferListSet:0.5571533
SearchAndReplace:0.18164875
SearchDialog:0.12481637
HyperSearchRequest:0.089093484
View:0.07030213
SettingsReloader:0.05703724
