TextAreaPainter:0.40147254
ExtensionManager:0.37335083
Gutter:0.30829638
