WorkThread:0.29158676
HyperSearchRequest:0.11904537
BufferIORequest:0.113252714
BrowserIORequest:0.08239182
BufferPrintable:0.01662511
