MTaskPanel:0.41
TransitionPanel:0.30333333333333334
GHNSDialog:0.2966666666666667
FeedComponent:0.29333333333333333
WebPanel:0.27
PreviewPanel:0.24
SwingToolkitHandler:0.15333333333333332
