MList:0.44
MRenderer:0.4166666666666667
MTip:0.33
MMessageLabel:0.21
Title:0.20400000000000001
MTextLabel:0.17666666666666667
MSeparator:0.17666666666666667
