Colony:0.94
ColonyTile:0.5366666666666666
DragListener:0.14666666666666667
