ConsoleCommand:0.5033333333333333
Console:0.48
Commands:0.39
Screenshot:0.1411111111111111
