DataFileCache:0.30702165
Logger:0.1092721
PersistentStore:0.07379667
Log:0.07374479
ScaledRAFile:0.065430105
ScaledRAFileSimple:0.041943517
CachedObject:0.027510298
RandomAccessInterface:0.015433439
