RowInputBase:0.43724132
RowInputBinary180:0.28684
RowInputBinaryDecode:0.16372193
RowOutputBinary:0.09721437
RowOutputInterface:0.02708864
