RowInputText:0.3095392
RowInputTextLog:0.24703045
