SqlFile:0.6433333333333333
ContinueException:0.19666666666666666
BreakException:0.19666666666666666
QuitNow:0.10333333333333333
SqlToolError:0.10333333333333333
