Table:0.5266666666666666
Trace:0.3333333333333333
Constraint:0.30333333333333334
HsqlDateTime:0.28
View:0.25666666666666665
Index:0.23333333333333334
DINameSpace:0.20666666666666667
DatabaseInformationFull:0.19
TableWorks:0.17
CachedRow:0.16
CachedDataRow:0.15333333333333332
ScriptWriterText:0.14666666666666667
DatabaseScript:0.14333333333333334
ConnectData:0.14333333333333334
CompiledStatementExecutor:0.13666666666666666
TestUtil:0.09
