Expression:0.6716666666666666
NIOLockFile:0.38
DatabaseRowInputInterface:0.3428333333333333
