UI:0.6866666666666666
MMessage:0.5033333333333333
MText:0.2866666666666667
ColumnManager:0.24666666666666667
MNotification:0.20666666666666667
MTextFieldPanel:0.19
ScriptIDE:0.17
MSystemTray:0.16333333333333333
HTMLColorChooserPanel:0.16
MColorChooser:0.15666666666666668
ProxyPanel:0.15666666666666668
CloseAction:0.14833333333333334
AboutAction:0.11333333333333333
ConfigureAction:0.09333333333333334
SaveAction:0.09333333333333334
PrintAction:0.09333333333333334
