Tracker:0.4033333333333333
TodoEditorCore:0.35
SummaryData:0.32
SummaryPanel:0.31333333333333335
