OStrings:0.14256132
StaticUtils:0.105777405
ProjectFileStorage:0.06254829
WikiGet:0.03795873
FileUtil:0.032634173
