Colony:0.4866666666666667
Modifier:0.4766666666666667
FoundingFather:0.29
Building:0.28
BuildingType:0.24
ColonyPlan:0.19666666666666666
ReportProductionPanel:0.13
PersistentObject:0.03666666666666667
