InputHandler:0.3534348
PreGameController:0.11047776
