ImageLibrary:0.08047477
Canvas:0.04894286
GUI:0.0487817
CanvasMapEditorMouseListener:0.035398144
TilePopup:0.029852169
CanvasMouseMotionListener:0.029623657
CanvasMouseListener:0.017393898
ViewMode:0.015511175
TerrainCursor:0.01095177
OutForAnimationCallback:0.006884798
GUIMessage:0.002731825
