Player:0.7833333333333333
FreeColDialog:0.38
InGameController:0.24833333333333332
InGameInputHandler:0.24833333333333332
