TopicVersion:0.15803254
WikiGroup:0.07649949
Role:0.0
