MTextFieldPanel:0.5366666666666666
TagsEditor:0.4166666666666667
PropertiesPanel:0.36
QuickOpenDialog:0.19333333333333333
