Mission:0.3137241
TransportMission:0.23061419
