DataFileCache:0.18843926
Logger:0.09205031
PersistentStore:0.0824441
Log:0.07026243
ScaledRAFile:0.063906856
CachedObject:0.026971681
RandomAccessInterface:0.01201623
