DataFileCache:0.037715096
DataFileCacheSession:0.0136357015
Log:0.009480357
