RowInputBinary:0.5852173
RowInputText:0.36437947
RowInputTextLog:0.3295843
