RowInputText:0.34438655
RowInputTextLog:0.26589158
