RowInputTextQuoted:0.39810845
RowInputBase:0.18506582
RowInputInterface:0.094991915
