PersistentStore:0.53167975
RowStoreAVL:0.45687363
CachedObject:0.11403691
DataFileCache:0.111952156
Logger:0.0498892
PersistentStoreCollection:0.015448099
