AbstractMarkupBuilder:0.13495669
ColorProperty:0.013975327
MHTMLViewer:0.013714329
MWebBrowser:0.0088393595
