PrintDialog:0.6066666666666667
ImagePrintInfo:0.38666666666666666
ChartDialog:0.36
