UI:0.6066666666666667
OS:0.5066666666666667
MFrame:0.23666666666666666
