BufferHistory:0.7
RecentHandler:0.22194444444444442
ShowRecentMenu:0.195
RecentMenu:0.19444444444444445
RecentFilesProvider:0.15666666666666668
