TK:0.8733333333333333
OS:0.29333333333333333
TestTK:0.22
MIconChooser:0.2188888888888889
Context:0.21222222222222223
MLineBorder:0.14
