SearchWindowForm:0.36341026
MFindField:0.04733893
EntryListPane:0.039070908
