DeskletInfo:0.11292353
DeskletWidget:0.1097648
DeskletWidgetPlugin:0.03885973
