Map:0.65
Server:0.2771666666666667
UserInputHandler:0.26
GUI:0.2521666666666667
