Message:0.06273371
Connection:0.020364888
