ParserDQL:0.43
NumberType:0.38666666666666666
ExpressionOp:0.31666666666666665
RowSetNavigatorDataChange:0.2683333333333333
TableSpaceManagerBlocks:0.25666666666666665
RowSetNavigatorDataChangeMemory:0.23
BlockAccessor:0.21666666666666667
StatementCommand:0.20172222222222222
StatementDML:0.18333333333333332
DataSpaceManagerBlocks:0.14777777777777779
DataFileDefrag:0.14333333333333334
