Role:0.72
RoleImpl:0.49333333333333335
AnsiDataHandler:0.38333333333333336
WikiDatabase:0.3
ServletUtil:0.29
JAMWikiAuthenticationConfiguration:0.24666666666666667
AdminServlet:0.2
EditServlet:0.19666666666666666
JAMWikiServlet:0.16
RegisterServlet:0.15
RolesServlet:0.15
WatchlistServlet:0.12
MoveServlet:0.11
ImportTiddlyWikiServlet:0.11
JAMWikiDaoImpl:0.08666666666666667
