WTFError:0.61
Property:0.44333333333333336
Item:0.26111111111111107
AbstractBeanInfo:0.21666666666666667
SecureProperty:0.2
ProxyModel:0.18
MFormat:0.16333333333333333
