BezierPath:0.3731066
Geom:0.26439676
