TK:0.8666666666666667
MGroupLayout:0.4766666666666667
Console:0.30333333333333334
AbstractTest:0.26666666666666666
TestTK:0.17166666666666666
