AnsiQueryHandler:0.43666666666666665
UserPreferenceItem:0.34777777777777774
DateUtil:0.28
UserPreferencesUtil:0.18911111111111112
RolesServlet:0.17666666666666667
