EditorZoom:0.36333333333333334
EditorExport:0.27666666666666667
PluginMenu:0.26
