DefaultDrawingView:0.72
DefaultDrawingEditor:0.31
SVGPathFigure:0.30333333333333334
ImageOutputFormat:0.23666666666666666
