UI:0.6333333333333333
Style:0.51
MLineBorder:0.33666666666666667
