Colony:0.6666666666666666
Building:0.5533333333333333
IndividualFatherTest:0.39
