FeedsFS:0.6233333333333333
FeedViewer:0.5
FeedsFSPlugin:0.45
Settings:0.18166666666666667
FeedsConfigPanel:0.10333333333333333
