Favicon:0.5766666666666667
OpenSearchDescription:0.5666666666666667
InternetSearchPlugin:0.30333333333333334
InternetSearchPanel:0.25333333333333335
