MTextPreviewPanel:0.3933333333333333
MTextFieldPanel:0.3466666666666667
TreePanel:0.34
MFontChooser:0.23
SearchBar:0.20666666666666667
NewFolderDialog:0.17333333333333334
