FileUtil:0.43666666666666665
TextCache:0.32
Server:0.26666666666666666
TestCacheSize:0.26
LockFile:0.24333333333333335
ScriptWriterBase:0.21666666666666667
DatabaseManager:0.21333333333333335
Parser:0.2111111111111111
DataFileCache:0.20333333333333334
DatabaseInformationFull:0.2
TextTable:0.2
SimpleLog:0.185
WebServer:0.16666666666666666
