Editor:0.5566666666666666
Index:0.3933333333333333
ImageEditor:0.32
