PluginManager:0.059551597
PluginDownloader:0.03750091
PluginException:0.036317956
PluginSettings:0.024357127
