FreeColPanel:0.17689258
ReportPanel:0.1529803
MarketLabel:0.084652156
