UnitAction:0.53034765
EuropeAction:0.4880176
DeclareIndependenceAction:0.48694137
UnloadAction:0.42039534
LoadAction:0.39011708
SelectableAction:0.3843066
MiniMapZoomInAction:0.3646369
MiniMapZoomOutAction:0.36463684
TilePopupAction:0.33553794
NewEmptyMapAction:0.32589072
ExecuteGotoOrdersAction:0.32428592
EndTurnAction:0.32412267
MoveAction:0.32237935
FindSettlementAction:0.31495717
ToggleViewModeAction:0.3147262
TradeRouteAction:0.3139992
FreeColAction:0.18697785
