AuthMsgTag:0.35777777777777775
LinkTag:0.33666666666666667
PaginationTag:0.32083333333333336
WatchlistTag:0.19333333333333333
