MPanel:0.09981917
CoolHeader:0.09117408
UI:0.05727432
MAction:0.04304608
MMouseAdapter:0.036577087
MLabel:0.028617531
TK:0.023046859
Config:0.0110801
