UI:0.07286228
MScrollPane:0.058607686
MMessage:0.034521747
TK:0.014994816
