UI:0.62
MButton:0.19333333333333333
MPanel:0.19333333333333333
MTextPane:0.19
MTextField:0.19
MTextArea:0.18666666666666668
MLabel:0.17222222222222222
MTable:0.16333333333333333
MToggleButton:0.13
MMenuItem:0.10333333333333333
StyleSupport:0.0
