MainWindow:0.5866666666666667
MainWindowMenuHandler:0.39666666666666667
ProjectUICommands:0.27666666666666667
ProjectFrame:0.21611111111111114
IMainWindow:0.17833333333333334
