DataFileCache:0.5566666666666666
ScaledRAFile:0.5366666666666666
TextCache:0.30666666666666664
