XMLDialect:0.10641122
XMLFilter:0.09128975
DTD:0.09114696
Entity:0.07478296
Translator:0.02271006
XMLOutOfTurnTag:0.019656176
XMLTag:0.017701771
XMLIntactTag:0.015160623
XMLEntityText:0.012394343
XMLText:0.01207594
XMLUtils:0.011562367
ProcessingInstruction:0.009063027
Comment:0.00474014
