Buffer:0.62
JEditTextArea:0.5422222222222222
OffsetManager:0.2713888888888889
ContentManager:0.08666666666666667
ReadWriteLock:0.04666666666666667
IntegerArray:0.0
