NationType:0.15713923
RandomRange:0.10435655
Settlement:0.10431416
IndianSettlement:0.06857086
FreeColObject:0.06811629
Scope:0.058622777
FreeColGameObjectType:0.048511688
GoodsContainer:0.03606698
Player:0.028476285
Specification:0.028140167
Unit:0.01982898
