MDialog:0.7366666666666667
MMessage:0.31
Validator:0.23
ValidatorSupport:0.22666666666666666
TextComponentValidator:0.16
ListSelectionValidator:0.13333333333333333
