Benchmark:0.08891194
TK:0.0753843
Config:0.07108221
MApplication:0.058410164
UI:0.056307394
Gettext:0.054455236
Preloader:0.054445866
MMessage:0.052319556
MDialog:0.051326476
MText:0.050015762
OS:0.04940994
MTip:0.046548765
MStatusBar:0.044877812
FS:0.04002019
AbstractFileCache:0.039615087
MWebBrowserPanel:0.036526103
MPasswordField:0.035322055
MButton:0.03380272
MProcess:0.031979706
MTextPane:0.031330425
MCalendarPanel:0.030348841
MColorChooser:0.029761974
MouseGestures:0.029160682
MTable:0.028942779
MMenu:0.02779968
MTimer:0.02764455
MDataTransfer:0.027535187
CommandOptions:0.02751118
MSmallButton:0.027212968
MList:0.02700733
Property:0.025918039
MIcon:0.025838407
FileSelection:0.022855407
XMLHelper:0.021459416
MCellTip:0.020758606
Net:0.017824143
SimpleXMLReader:0.017696407
PropertyAccess:0.017648611
HTMLViewFactory:0.017448433
MClipboard:0.017367017
MDate:0.016796185
MFormat:0.016500598
BeanProperty:0.016104152
MArrayList:0.015514662
MSystemTray:0.014003528
FileCache:0.013982132
MHighlighter:0.013854742
MIconChooser:0.013703276
TriBoolean:0.012189067
BooleanProperty:0.009260223
MUndoManager:0.0087719085
AbstractListTableModel:0.00800327
MApplet:0.0079763755
MAuthenticator:0.007130159
MInternalFrame:0.006158155
AbstractSelection:0.0061223838
StringProperty:0.005819759
MColor:0.0050814133
Linkify:0.004117982
ImageSelection:0.0039959615
MZip:0.0039222054
HTMLEntities:0.0030112795
MDropTarget:0.001029861
