TK:0.91
Console:0.36
TestTK:0.16666666666666666
VarListCommand:0.1277777777777778
