MDialog:0.5733333333333334
FormPanel:0.44333333333333336
PropertyPanel:0.4033333333333333
MLoginPanel:0.30333333333333334
Wizard:0.26
HTMLColorChooserPanel:0.25666666666666665
NoteWidget:0.25
MAuthenticator:0.19333333333333333
FieldProperty:0.16666666666666666
ProjectVersionValidator:0.16
PasswordForm:0.13833333333333334
SettingsForm:0.02666666666666667
