User:0.5333333333333333
GranteeManager:0.39
ParserDDL:0.35
UserManager:0.23666666666666666
FunctionCustom:0.23333333333333334
DatabaseInformationMain:0.21666666666666667
StatementCommand:0.20666666666666667
ParserCommand:0.2
StatementTypes:0.155
