WorkLocationPlan:0.3016192
ColonyPlan:0.2921331
StandardAIPlayer:0.23192628
EuropeanAIPlayer:0.18411694
ColonialAIPlayer:0.1799055
AIGoods:0.13380343
GoodsWish:0.12432719
AIPlayer:0.10986934
REFAIPlayer:0.09950123
TileImprovementPlan:0.08171432
AIUnit:0.07444437
AIMessage:0.06629595
WorkerWish:0.062156133
AIMain:0.061560147
Wish:0.02992326
AIObject:0.017517637
Transportable:0.014921026
ValuedAIObject:0.006582021
