VersionControl:0.5683333333333334
ItemRenderer:0.49
ImportExport:0.2
CategoryPreview:0.14333333333333334
