FeedViewer:0.41333333333333333
Content:0.3466666666666667
Presentation:0.33666666666666667
ItemRenderer:0.265
