MainWindow:0.45
Vars:0.37333333333333335
Application:0.37333333333333335
FeedViewer:0.30666666666666664
Tabs:0.29333333333333333
Tree:0.26666666666666666
ConfigureAction:0.14777777777777779
