AIColony:0.695
ColonyPanel:0.5133333333333333
ReportTradePanel:0.2938888888888889
