Player:0.5266666666666666
FreeCol:0.47333333333333333
Building:0.39666666666666667
WarehousePanel:0.35444444444444445
ColonyPanel:0.21333333333333335
BuildingType:0.20333333333333334
InGameController:0.19083333333333333
BuildingBox:0.17333333333333334
ColopediaPanel:0.16333333333333333
PreGameController:0.15333333333333332
UnitInfoPanel:0.14333333333333334
Specification:0.05
