Canvas:0.43666666666666665
TradeItem:0.35333333333333333
InGameController:0.3233333333333333
GoodsTradeItem:0.27
DiplomaticTrade:0.25333333333333335
ColonyTradeItem:0.24
GoldTradeItem:0.24
StanceTradeItem:0.24
UnitTradeItem:0.24
InGameInputHandler:0.23666666666666666
NegotiationDialog:0.21666666666666667
