FeedsFS:0.5433333333333333
FeedViewer:0.37333333333333335
FeedUtils:0.23666666666666666
CustomAdvancedPanel:0.22
MainPanel:0.19
