PluginManager:0.5522222222222222
NewFileDialog:0.4166666666666667
NewFolderDialog:0.30666666666666664
