LuceneChineseTokenizer:0.15886313
TinySegmenterJapaneseTokenizer:0.13789724
LuceneSmartChineseTokenizer:0.13725115
LuceneGermanTokenizer:0.13673909
ITokenizer:0.13162279
LuceneJapaneseTokenizer:0.1284715
LuceneFrenchTokenizer:0.120955534
LuceneCJKTokenizer:0.11693051
LuceneGreekTokenizer:0.116700456
LuceneArabicTokenizer:0.11354312
LucenePersianTokenizer:0.11354311
LuceneHindiTokenizer:0.110965006
LuceneBasqueTokenizer:0.110965006
LuceneTurkishTokenizer:0.110965006
LucenePortugueseTokenizer:0.110965
LuceneCatalanTokenizer:0.110965
LuceneGalicianTokenizer:0.11096499
LuceneItalianTokenizer:0.11096498
LuceneRomanianTokenizer:0.110964976
LuceneLatvianTokenizer:0.110964976
LuceneArmenianTokenizer:0.110964976
LuceneSwedishTokenizer:0.110964976
LuceneSpanishTokenizer:0.110964976
LuceneNorwegianTokenizer:0.110964976
LuceneIndonesianTokenizer:0.11096497
LuceneFinnishTokenizer:0.11096497
LuceneBulgarianTokenizer:0.110964954
LuceneDanishTokenizer:0.11096495
LuceneHungarianTokenizer:0.11096495
SnowballEnglishTokenizer:0.10932361
LuceneThaiTokenizer:0.1092563
SnowballRomanianTokenizer:0.10842587
SnowballPortugueseTokenizer:0.10842586
SnowballDanishTokenizer:0.108425856
SnowballFinnishTokenizer:0.10842585
SnowballHungarianTokenizer:0.10842585
SnowballItalianTokenizer:0.10842585
SnowballGermanTokenizer:0.10842585
SnowballSpanishTokenizer:0.10842585
SnowballFrenchTokenizer:0.10842585
SnowballRussianTokenizer:0.10842584
SnowballPorterTokenizer:0.10842584
SnowballTurkishTokenizer:0.10842584
SnowballSwedishTokenizer:0.108425826
SnowballDutchTokenizer:0.10842582
SnowballNorwegianTokenizer:0.10842581
SnowballGerman2Tokenizer:0.10842581
LuceneEnglishTokenizer:0.10694874
LuceneKoreanTokenizer:0.10455859
LuceneIrishTokenizer:0.09910763
LuceneCzechTokenizer:0.09805616
LuceneBrazilianTokenizer:0.09805612
LuceneDutchTokenizer:0.098056115
LuceneRussianTokenizer:0.09725028
HunspellTokenizer:0.07978004
Tokenizer:0.022860397
WordIterator:0.01763644
