Styles:0.6988888888888889
MatchesTextArea:0.5933333333333334
