QuerySpecification:0.4033333333333333
Logger:0.37
HsqlDateTime:0.3433333333333333
SessionManager:0.3233333333333333
ParserDDL:0.2866666666666667
