Index:0.6366666666666667
PersistentStore:0.63
RowStoreAVL:0.34
TestTextTables:0.3
IndexAVL:0.27
TextCache:0.25
TableBase:0.22666666666666666
TransactionManagerMVCC:0.21333333333333335
FunctionSQLInvoked:0.19666666666666666
RowSetNavigatorDataTable:0.19
StatementDML:0.18666666666666668
PersistentStoreCollectionSession:0.14333333333333334
