Vars:0.6771666666666667
SummaryPanel:0.39
Node:0.38
SummaryData:0.3566666666666667
GroupTree:0.23
SummaryTree:0.20555555555555557
Renderer:0.20333333333333334
CollectionMap:0.16333333333333333
