JEditTextArea:0.5266666666666666
MiscUtilities:0.37666666666666665
FoldVisibilityManager:0.29444444444444445
StatusBar:0.2633333333333333
MacOSPlugin:0.22333333333333333
