UI:0.61
MainWindow:0.38333333333333336
ItemRenderer:0.23
NewFolderDialog:0.22
ToggleDesktopAction:0.16666666666666666
RatingPanel:0.15666666666666668
