BackgroundTask:0.1433188
MArrayList:0.012375723
MLabel:0.009674403
MMouseAdapter:0.008118092
MIcon:0.0068889
MApplication:0.0062853005
MGuardedObject:0.0021682114
