ChartPanel:0.07105005
ChartPainter:0.068240635
ChartView:0.06003871
