RealProject:0.4066666666666667
LoadFilesCallback:0.37333333333333335
ParseEntry:0.20666666666666667
FileInfo:0.06333333333333334
SourceEntry:0.06333333333333334
