FeedComponentBeanInfo:0.066370085
Feed:0.039102938
FeedUtils:0.028194727
AbstractChannel:0.021435615
FeedListException:0.007875599
