QueryHandler:0.6902777777777778
DefaultQueryHandler:0.4866666666666667
DatabaseHandler:0.46166666666666667
TemplateTag:0.32666666666666666
