MSmallColorChooser:0.1784871
MColorButton:0.09771595
MColorChooser:0.0780453
MSmallColorButton:0.06713803
UI:0.017280499
MScrollPane:0.016578618
MRenderer:0.016274963
TK:0.015005695
MPanel:0.014889485
MMouseAdapter:0.0119224945
MIcon:0.0077055525
Config:0.007260125
MComponent:0.0070969732
ValueEvent:0.0028561656
MColorPickerBeanInfo:0.0023962285
