Unit:0.6233333333333333
Colony:0.4044444444444445
Player:0.35333333333333333
Europe:0.3433333333333333
InGameInputHandler:0.24666666666666667
ServerPlayer:0.24333333333333335
InGameController:0.21
UnitLabel:0.13
TilePanel:0.09666666666666666
RecruitPanel:0.09333333333333334
