MDataTransfer:0.46
ImportExport:0.4066666666666667
TextEditorCore:0.29333333333333333
DnDTransferHandler:0.2733333333333333
