UI:0.7857936507936508
PreviewPanel:0.49333333333333335
