UnitSeekAndDestroyMission:0.43170068
ScoutingMission:0.37491545
TransportMission:0.31839332
PioneeringMission:0.27499467
CashInTreasureTrainMission:0.255486
PrivateerMission:0.25474584
BuildColonyMission:0.24914433
DefendSettlementMission:0.24280716
WishRealizationMission:0.2271725
IdleAtColonyMission:0.21234298
IndianBringGiftMission:0.20831296
UnitWanderHostileMission:0.19010732
IndianDemandMission:0.16490161
UnitWanderMission:0.120657586
WorkInsideColonyMission:0.08499803
