WikiBase:0.04105677
WikiConfiguration:0.03710127
WikiMessage:0.021606695
SearchEngine:0.011115878
WikiException:0.0053722016
DataAccessException:0.0043984987
