CharacterType:0.47333333333333333
DataFileCache:0.42333333333333334
BinaryType:0.39
LobStoreRAFile:0.24666666666666667
RAShadowFile:0.18
