QueryEditor:0.5633333333333334
SearchFS:0.44333333333333336
Widget:0.44
SearchBar:0.24333333333333335
