MainWindow:0.0069935275
Tabs:0.0056172814
Main:0.002977525
