UI:0.76
MWizardDialog:0.39666666666666667
BackupDialog:0.3
Page:0.2733333333333333
Wizard:0.23666666666666666
Tabs:0.2
MTabbedPane:0.19
