Table:0.5866666666666667
Expression:0.4866666666666667
Column:0.39666666666666667
DatabaseCommandInterpreter:0.31666666666666665
TableFilter:0.22111111111111115
