Translator:0.2751448
Handler:0.1773535
XMLDialect:0.11090895
XMLReader:0.083700724
XMLWriter:0.061171953
