Player:0.66
ModelMessage:0.48833333333333334
SimpleCombatModel:0.27666666666666667
