GUI:0.07461801
Canvas:0.034968827
