PathNode:0.25755492
GoalDecider:0.21275607
Tile:0.1872855
Unit:0.16718093
DefaultCostDecider:0.12566921
CostDecider:0.12246188
Player:0.093831636
IndianSettlement:0.08668305
Europe:0.08479247
Settlement:0.08403333
Colony:0.065846965
Game:0.04949177
FreeColGameObject:0.03665865
Region:0.0318184
FreeColObject:0.03149917
TileType:0.021819705
