MarketData:0.44745335
Colony:0.18086691
TransactionListener:0.17728823
GoodsType:0.14023834
Tile:0.13096665
AbstractGoods:0.12757921
Europe:0.113267705
Goods:0.11237495
Player:0.099572815
Specification:0.096526414
FreeColObject:0.056751277
Game:0.05153168
ModelMessage:0.050612323
FreeColGameObject:0.049886864
FreeColGameObjectType:0.021363983
Ownable:0.0074676997
