ParserDQL:0.36388888888888893
QuerySpecification:0.33
ExpressionArithmetic:0.3233333333333333
