jEdit:0.5266666666666666
JEditTextArea:0.52
Handler:0.38666666666666666
Macro:0.3233333333333333
Macros:0.21666666666666667
JAR:0.1911111111111111
SearchDialog:0.14333333333333334
InstallPluginsDialog:0.1325
KeyHandler:0.09333333333333334
MyFocusManager:0.08333333333333333
BeanShellHandler:0.023333333333333334
ComponentHandler:0.02
