Colony:0.277025
Unit:0.21426444
Building:0.20851547
Goods:0.15912616
Tile:0.13843654
WorkLocation:0.1205208
Settlement:0.111157276
Player:0.106749535
Location:0.08642242
GoodsContainer:0.08315473
Game:0.05128205
FreeColGameObject:0.046939306
Locatable:0.03974532
Ownable:0.016507862
