Unit:0.32487652
UnitContainer:0.3055672
Player:0.29976517
Goods:0.23211141
Tile:0.20856263
Map:0.12685114
GoodsContainer:0.12012075
ModelMessage:0.1086178
Game:0.10442977
FreeColGameObject:0.09073017
Location:0.088900425
Locatable:0.05853058
Ownable:0.03362276
FoundingFather:0.012864997
