Game:0.14005792
FreeColGameObject:0.0827995
Player:0.020729793
Tile:0.016626203
Colony:0.014564027
Unit:0.013255769
