Monarch:0.06404916
Game:0.054683637
Colony:0.03949255
Market:0.03877722
