Widget:0.6733333333333333
NoteWidget:0.3466666666666667
DeskletWidgetContext:0.29
