HsqlProperties:0.4866666666666667
ScaledRAFileInJar:0.31333333333333335
ScriptReaderBinary:0.17
ScriptReaderText:0.16333333333333333
ScriptReaderZipped:0.16
