Config:0.7266666666666667
PatternBuilder:0.62
MColorChooserDialog:0.24111111111111114
MRegexPanel:0.22
Pager:0.21666666666666667
ListWriter:0.17666666666666667
