Player:0.6933333333333334
Region:0.5633333333333334
Messages:0.4
