Index:0.63
SessionManager:0.4266666666666667
Main:0.17666666666666667
