FS:0.5266666666666666
Config:0.49
MFileChooser:0.23666666666666666
DefaultPreview:0.21777777777777782
InternetSearchPanel:0.21666666666666667
Filters:0.1988888888888889
FileNameRegExpFilter:0.15333333333333332
AbstractFileCache:0.14666666666666667
