FSHelper:0.6111734
MetaInfo:0.42040822
Links:0.34489068
ItemRenderer:0.11656897
FSException:0.049414746
FSPlugin:0.006414593
FSAction:0.0029846823
