OpenSearchDescription:0.7616666666666667
Favicon:0.5633333333333334
TestOpenSearchDescription:0.22833333333333333
