ImageLibrary:0.78
Canvas:0.5533333333333333
IndianSettlementPanel:0.20444444444444446
PreCombatDialog:0.19333333333333333
ReportTurnPanel:0.1866666666666667
