DefaultSVGFigureFactory:0.04236014
SVGFigureFactory:0.03516972
SVGZInputFormat:0.01140236
