XMLDialect:0.10894352
XMLFilter:0.09799302
DTD:0.08021661
Entity:0.05859664
Translator:0.05357116
XMLTag:0.04485065
XMLOutOfTurnTag:0.03690607
XMLIntactTag:0.028967984
XMLUtils:0.019529738
XMLContentBasedTag:0.017640283
XMLEntityText:0.009916704
ProcessingInstruction:0.009170928
XMLText:0.008991781
XMLIntactEntry:0.007962695
Comment:0.0053564664
