XLIFFDialect:0.09825872
XLIFFFilter:0.053380694
EditXLIFFOptionsDialog:0.020816905
