Logger:0.09166211
Database:0.0896388
DataFileCache:0.07028388
TextCache:0.05820553
Trace:0.058139645
HsqlDatabaseProperties:0.05687768
Cache:0.055887073
Table:0.045484796
Session:0.037753668
DatabaseInformationFull:0.037552536
DatabaseManager:0.03459382
ScriptRunner:0.033693813
DatabaseScript:0.025029253
SessionManager:0.0131672
HsqlException:0.011635206
NumberSequence:0.0015473972
