StaticUtils:0.6166666666666667
MainWindow:0.34
TMXReader:0.27666666666666667
XMLStreamReader:0.2733333333333333
SRX:0.23333333333333334
Handler:0.23
SearchWindow:0.22666666666666666
FilterEditor:0.21666666666666667
SegmentationCustomizer:0.21333333333333335
LFileCopy:0.21166666666666667
ProjectFileStorage:0.18666666666666668
AboutDialog:0.18166666666666667
HelpFrame:0.145
FuzzyMatcher:0.14
SaveThread:0.08666666666666667
