Handler:0.49666666666666665
CatalogManager:0.4666666666666667
SAXParserImpl:0.2833333333333333
XmlParser:0.27
