Unit:0.8633333333333333
FreeColPanel:0.4166666666666667
DragListener:0.37333333333333335
