FindMatches:0.49
TMXReader2:0.42333333333333334
ExternalTMX:0.3333333333333333
CalcMatchStatistics:0.20666666666666667
FindMatchesThread:0.14
