SquareFoldPainter:0.4377777777777777
CircleFoldPainter:0.4377777777777777
