StatementCompound:0.4177278
ParserRoutine:0.25082865
Statement:0.15514839
Session:0.10632902
StatementTypes:0.095632754
HsqlException:0.05082207
Tokens:0.0
