Specification:0.6
StringOption:0.48
AbstractUnitOption:0.4066666666666667
IntegerOption:0.36666666666666664
AbstractOption:0.30666666666666664
UnitTypeOption:0.29333333333333333
ServerTestHelper:0.24666666666666667
OptionGroup:0.23666666666666666
LanguageOption:0.22916666666666666
StringOptionUI:0.225
ChoiceRenderer:0.20666666666666667
OptionsDialog:0.18333333333333332
UnitListOption:0.17333333333333334
UnitListOptionUI:0.15333333333333332
ServerEurope:0.15
FileOption:0.13333333333333333
AbstractUnitOptionUI:0.12333333333333334
UnitTypeOptionUI:0.013333333333333334
