FreeColGameObject:0.6233333333333333
AIMain:0.37
AIObject:0.36666666666666664
AbstractOption:0.27666666666666667
