Server:0.41
Table:0.34
jdbcDatabaseMetaData:0.33166666666666667
DatabaseManager:0.32
Session:0.29333333333333333
jdbcStatement:0.23583333333333334
ServerThread:0.22444444444444447
Database:0.215
ValuePoolHashMap:0.21333333333333335
Logger:0.17666666666666667
jdbcConnection:0.17666666666666667
IntValueHashMap:0.14666666666666667
IntKeyIntValueHashMap:0.14333333333333334
WebServerConnection:0.14
TestDataStructures:0.11666666666666667
WebServer:0.06777777777777777
