Task:0.8266666666666667
TodoEditorCore:0.44333333333333336
DoneComponent:0.2377777777777778
CompleteRenderer:0.2088888888888889
PriorityRenderer:0.19000000000000003
SummaryRenderer:0.17
TaskInfoButton:0.15666666666666668
TaskSummary:0.14666666666666667
DateTimeRenderer:0.13333333333333333
