AbstractFS:0.06761297
FSHelper:0.008040397
MetaInfo:0.007772316
