TaskSelection:0.17555182
Task:0.10638091
TaskComparator:0.05285745
TaskState:0.0059129363
