Colony:0.43666666666666665
Modifier:0.41
Feature:0.38666666666666666
Ability:0.2833333333333333
BuildingType:0.22666666666666666
FoundingFather:0.2
