Tile:0.5633333333333334
GoodsType:0.43
TileItemContainer:0.3233333333333333
GUI:0.27666666666666667
TileImprovementType:0.25333333333333335
TileImprovement:0.185
