CargoPanel:0.43
ColonyPanel:0.38333333333333336
EuropePanel:0.27666666666666667
InPortPanel:0.22333333333333333
