Result:0.54
ClobDataClient:0.47333333333333333
BlobDataClient:0.45666666666666667
Session:0.43333333333333335
JDBCResultSet:0.3616666666666667
JDBCBlob:0.3566666666666667
ClobDataMemory:0.35333333333333333
JDBCBlobClient:0.3433333333333333
BinaryData:0.31333333333333335
BlobDataID:0.29
ClientConnection:0.23333333333333334
LobManager:0.21
SessionData:0.20666666666666667
JDBCPreparedStatement:0.20666666666666667
RowInputBinaryNet:0.18333333333333332
ClobDataID:0.17333333333333334
TestLobs:0.03333333333333333
