PluginInfo:0.07766916
ScriptPlugin:0.072507426
PluginManager:0.06374407
Pluggable:0.05380245
PluginClassLoader:0.049944066
PluginException:0.044643074
PluginType:0.038793817
LookAndFeelPlugin:0.028836843
LocalePlugin:0.026375365
LookAndFeelSettings:0.01793235
PluginPermission:0.0073691723
