MDownloadDialog:0.5433333333333333
MProcess:0.47333333333333333
Preloader:0.33
