ReportPanel:0.62
ReportMilitaryPanel:0.3433333333333333
ReportUnitPanel:0.33666666666666667
