JDBCXADataSource:0.11873759
JDBCXAConnectionWrapper:0.06951698
JDBCXAConnection:0.06888839
