StatementCursor:0.40626195
TableDerived:0.40031806
QueryExpression:0.3708222
StatementDMQL:0.30954704
ParserDDL:0.21738888
ParserDQL:0.21225154
StatementResultUpdate:0.19256257
Statement:0.11627843
StatementCompound:0.073867336
ParserRoutine:0.07228248
Session:0.04962445
StatementTypes:0.047134634
