ServletUtil:0.55
PaginationTag:0.3433333333333333
JAMWikiServlet:0.29
EditCommentTag:0.26
TextTag:0.25666666666666665
LinkTag:0.24666666666666667
AlternateTag:0.21333333333333335
AbstractButtonTag:0.21
ImageLinkTag:0.19666666666666666
WatchlistTag:0.16666666666666666
EnabledTag:0.16333333333333333
AuthMsgTag:0.12333333333333334
JAMWikiFilter:0.12
WikiVersionTag:0.09333333333333334
StylesheetServlet:0.09
