ImageUtil:0.6633333333333333
ImageMetadata:0.5341666666666667
ImageLinkTag:0.2428888888888889
ImageUtilTest:0.14666666666666667
JAMHTMLConverter:0.14333333333333334
