PluginJAR:0.369387
jEdit:0.35303858
ActionSet:0.33384824
GUIUtilities:0.2287186
ServiceManager:0.22272308
DockableWindowManager:0.17874393
OptionPane:0.17534804
View:0.16134372
AbstractOptionPane:0.14023373
VFSBrowser:0.13013019
OptionGroup:0.12331734
QuickNotepadPlugin:0.11651322
PluginList:0.11318522
ManagePanel:0.10287643
DynamicMenuProvider:0.099463224
PluginsProvider:0.080799155
EBPlugin:0.07665959
PluginOptions:0.06532631
EnhancedMenu:0.05890176
OptionsDialog:0.04233789
HelpTOCPanel:0.034824222
LatestVersionPlugin:0.017793203
