XmlHandler:0.119926065
HandlerBase:0.07135954
XModeHandler:0.038196426
jEdit:0.03804617
BufferHistory:0.03489233
DockableWindowManager:0.029892663
HelpViewer:0.021274444
PluginList:0.011942592
