AlarmManager:0.13123344
TaskSummary:0.10793797
TaskManager:0.07459683
TaskList:0.015149387
