UI:0.69
TreePanel:0.3566666666666667
MDialog:0.33666666666666667
ItemRenderer:0.3233333333333333
RatingPanel:0.26
ImageEditor:0.1877222222222222
CutAction:0.09333333333333334
PasteAction:0.09333333333333334
CopyAction:0.08
