ImageMetadata:0.12215585
LinkUtil:0.10250351
WikiUtil:0.0690533
ImageProcessor:0.0636614
Utilities:0.033980288
WikiCache:0.017715514
WikiLink:0.009131111
ImageHorizontalAlignmentEnum:0.008898438
ImageVerticalAlignmentEnum:0.0067165843
WikiLogger:0.0048775394
ImageBorderEnum:0.0047902213
