MText:0.7566666666666667
MTextPane:0.3616666666666667
FeedViewer:0.32
SwingWebBrowser:0.29333333333333333
MHTMLViewer:0.26222222222222225
TextEditor:0.24666666666666667
TextEditorCore:0.21611111111111114
StaticHandler:0.14222222222222222
