MainWindow:0.6833333333333333
Desktop:0.6433333333333333
Main:0.5133333333333333
