Player:0.6633333333333333
Game:0.5233333333333333
AIPlayer:0.37333333333333335
DebugMenu:0.11777777777777776
