InstallThread:0.06813713
OperatingSystem:0.040380996
Install:0.014661418
Progress:0.005589439
