Messages:0.5433333333333333
ListOption:0.41
Mods:0.3977777777777778
