ColonyPanel:0.22090115
DefaultTransferHandler:0.11232537
DragListener:0.10996211
EuropePanel:0.10557543
ReportColonyPanel:0.09378828
ColopediaPanel:0.09024001
ImageProvider:0.086714074
ReportProductionPanel:0.06682114
ProductionLabel:0.057320945
ReportUnitPanel:0.052591674
FreeColDialog:0.048644893
