InGameController:0.4033333333333333
InGameInputHandler:0.22916666666666666
ChangeSet:0.22666666666666666
UnitAttackAnimation:0.20333333333333334
UnitAttackAnimationCanvasSwingTask:0.17666666666666667
AttackChange:0.17
Animations:0.15333333333333332
