Unit:0.7533333333333333
TileImprovementType:0.30333333333333334
SimpleCombatModel:0.3016666666666667
FreeColClient:0.27
AIColony:0.24833333333333332
TypeCountMap:0.22333333333333333
DemotionTest:0.15333333333333332
DragListener:0.14
REFAIPlayer:0.14
UnitInfoPanel:0.11333333333333333
ScoutingMissionTest:0.08666666666666667
