Flags:0.4866666666666667
Tester:0.42333333333333334
TreeFS:0.39
MDataTransfer:0.36666666666666664
MLineBorder:0.20333333333333334
