MapGeneratorOptionsDialog:0.28990507
DifficultyDialog:0.24198061
FreeColDialog:0.16305318
ClientOptionsDialog:0.15729421
GameOptionsDialog:0.12256817
FreeColPanel:0.10798537
