Tree:0.1458221
PropertiesBar:0.09702959
PropertiesPanel:0.0695458
ImportExport:0.063132286
LocationBar:0.06155823
