ServerPlayer:0.6633333333333333
StanceChange:0.34833333333333333
