DragTargetOverlay:0.6433333333333333
EditorController:0.6033333333333334
MatchesTextArea:0.28277777777777774
ProjectFilesListController:0.2733333333333333
GlossaryTextArea:0.2677777777777778
