IProject:0.5833333333333334
LoadFilesCallback:0.4166666666666667
RealProject:0.32666666666666666
SourceTextEntry:0.15666666666666668
TranslateFilesCallback:0.1
