MainWindow:0.5766666666666667
MNotification:0.32
TagsMenu:0.19666666666666666
