EuropeanAIPlayer:0.41333333333333333
TransportMission:0.305
AIMain:0.2866666666666667
AIPlayer:0.26666666666666666
REFAIPlayer:0.18666666666666668
