ReportProductionPanel:0.17647152
ReportPanel:0.096054256
FreeColProgressBar:0.036036275
