FreeColObject:0.555
StringOption:0.31
OptionGroupUI:0.2277777777777778
IntegerOption:0.22111111111111115
ListOption:0.22111111111111115
LanguageOption:0.20444444444444446
SelectOption:0.19944444444444445
FileOption:0.19944444444444445
BooleanOption:0.19944444444444445
PercentageOption:0.18944444444444444
