Widget:0.5066666666666667
DesktopToolBar:0.41333333333333333
DesktopPanel:0.25
SelectWidgetAction:0.16666666666666666
