MButton:0.7933333333333333
FeedViewer:0.42333333333333334
DesktopToolBar:0.23333333333333334
MenuButton:0.23
