Table:0.66
ParserDDL:0.36333333333333334
TriggerDef:0.34
Routine:0.2833333333333333
Server:0.2633333333333333
ServerProperties:0.22615079365079369
StatementSchema:0.2
ServerConstants:0.19666666666666666
TransactionManagerCommon:0.19333333333333333
StatementTypes:0.14
