GUI:0.066526994
Canvas:0.044510297
