GUI:0.07114783
Canvas:0.052742135
ImageLibrary:0.013023358
