GUI:0.09263987
Canvas:0.037597153
