GUI:0.025918989
Canvas:0.017399782
ViewMode:0.009366087
TerrainCursor:0.0035666868
