MapboardAction:0.29092395
ActionManager:0.21340513
