MIcon:0.85
PropertyPanel:0.35
Title:0.23666666666666672
MSmallColorChooser:0.18666666666666668
Designer:0.16333333333333333
LookAndFeelSettings:0.1622222222222222
SnippetsButton:0.12
