TagsEditor:0.59
Icon:0.5433333333333333
Highligther:0.18333333333333332
SettingsForm:0.16
