SegmentBuilder:0.5466666666666666
EditorController:0.49666666666666665
EntryMarks:0.3333333333333333
MarkerController:0.25
IMarker:0.2327777777777778
CalcMarkersThread:0.18444444444444444
WaveUnderline:0.08333333333333333
TransTipsMarker:0.05333333333333334
