Error:0.9466666666666667
Types:0.55
ErrorCode:0.12166666666666667
