StaticUtils:0.4372222222222223
Preferences:0.43
Element:0.3839444444444445
Tag:0.35
OutOfTurnTag:0.33111111111111113
StatisticsSettings:0.32666666666666666
MainWindowMenuHandler:0.31
Text:0.24666666666666667
DefaultXMLDialect:0.21333333333333335
TagProcessingOptionsDialog:0.18666666666666668
XLIFFDialect:0.17333333333333334
StatCount:0.12
Xtag:0.08666666666666667
XLIFFFilterTest:0.03666666666666667
