GUI:0.5333333333333333
ImageProvider:0.42253968253968255
ImageLibrary:0.4166666666666667
UnitLabel:0.25333333333333335
