MPasswordField:0.5293333333333333
MMessage:0.4472222222222222
MLoginPanel:0.3333333333333333
