MTable:0.5066666666666667
Console:0.36333333333333334
DBView:0.22666666666666666
DateTimeEditor:0.19666666666666666
CategoryListEditor:0.17
CompleteEditor:0.15333333333333332
