UI:0.6033333333333334
Tabs:0.28
Sidebar:0.27166666666666667
MainWindow:0.26666666666666666
MTogglePanel:0.24666666666666667
Content:0.24666666666666667
MMultiPanel:0.20666666666666667
FilterDialog:0.20666666666666667
ImportExport:0.2
WebPanel:0.19666666666666666
StaticDialogHandler:0.19666666666666666
NotepadEditorDesigner:0.18166666666666667
DesktopTab:0.16333333333333333
ImageEditorDesigner:0.16
GhostFrame:0.15333333333333332
UITest:0.14
StaticHandler:0.09333333333333334
