SQLStatements:0.33432728
TransferDb:0.25050578
TransferSQLText:0.16770884
DataAccessPoint:0.1667543
PostgresTransferHelper:0.1145212
Transfer:0.109362066
OracleTransferHelper:0.087989606
TransferHelper:0.07867676
TransferCommon:0.073240645
McKoiTransferHelper:0.06270415
HsqldbTransferHelper:0.023106752
TransferResultSet:0.0113461185
Traceable:0.0027085505
