HsqldbTransferHelper:0.5494684
McKoiTransferHelper:0.44676197
PostgresTransferHelper:0.3323529
OracleTransferHelper:0.32732314
TransferDb:0.105703905
InformixTransferHelper:0.09365648
TransferSQLText:0.08187286
SqlServerTransferHelper:0.08067949
TransferTable:0.06024669
DataAccessPoint:0.058878444
HelperFactory:0.0225254
JDBCTypes:0.01775108
Traceable:0.0028752354
