DataAccessPoint:0.19889835
TransferHelper:0.09502973
SQLStatements:0.07809422
TransferTable:0.07091256
PostgresTransferHelper:0.05836973
HsqldbTransferHelper:0.05262125
OracleTransferHelper:0.049596537
McKoiTransferHelper:0.049083766
Transfer:0.04156782
DataAccessPointException:0.037352894
TransferResultSet:0.03274641
SqlServerTransferHelper:0.02117362
TransferCommon:0.01648757
InformixTransferHelper:0.01395158
HelperFactory:0.010978168
Traceable:5.699247E-4
