StatisticsPanel:0.41
TableColumnSizer:0.36666666666666664
CalcMatchStatistics:0.30333333333333334
StatisticsWindow:0.25666666666666665
BaseMatchStatisticsPanel:0.19
TitledTablePanel:0.13933333333333334
BaseStatisticsPanel:0.11333333333333333
PerFileMatchStatisticsPanel:0.08333333333333333
MatchStatisticsPanel:0.03333333333333333
StringArrayTableModel:0.023333333333333334
