InGameController:0.6716666666666666
DiplomacyMessage:0.36333333333333334
ServerAPI:0.36333333333333334
InGameInputHandler:0.19666666666666666
