MLogger:0.68
MDialog:0.45
Armor:0.22666666666666666
MFormatter:0.21333333333333335
