Topic:0.62
QueryHandler:0.6141666666666666
PersistencyHandler:0.3933333333333333
DefaultQueryHandler:0.36333333333333334
WikiBase:0.3016666666666667
FileHandler:0.27666666666666667
EditServlet:0.23666666666666666
DatabaseHandler:0.23666666666666666
DatabaseUpgrades:0.16
