ColorPalette:0.9033333333333333
MSmallColorChooser:0.42
ColorHistory:0.2568888888888889
