Tile:0.6366666666666667
TileItemContainer:0.4
TileImprovement:0.36666666666666664
TileItem:0.3433333333333333
Resource:0.3233333333333333
GUI:0.30333333333333334
TileImprovementType:0.27
LostCityRumour:0.22666666666666666
TileTest:0.14666666666666667
ResourceTransform:0.08
RiverTransform:0.07333333333333333
