MList:0.10897825
MFontButton:0.04688956
MPanel:0.039480623
MDialog:0.033106748
UI:0.0329761
MMenu:0.028953707
MTextField:0.022339392
MTextFieldPanel:0.022261698
MRenderer:0.020823326
MActionInfo:0.012430432
MAction:0.010474975
MSmallButton:0.010000802
MTimeline:0.009896848
MButton:0.00979126
MNumberSpinner:0.009369188
Config:0.008523822
TK:0.008371811
ActionGroup:0.008280517
Property:0.0052038385
MSearchPanel:0.004592636
StringList:0.0037654082
BooleanProperty:0.0010627016
