ProxyModel:0.07100998
ProxyManager:0.06866049
ProxySettings:0.062476195
ProxyInfo:0.018330807
