ImageEditor:0.14062417
ImageEditorDesigner:0.04406983
ImagePreloader:0.02937405
ImageInfo:0.0290232
