MSettingsDialog:0.5833333333333334
MSettingsPage:0.5233333333333333
CustomColorSettings:0.25
DesktopSettings:0.23333333333333334
