ServerUnit:0.2883281
ServerColony:0.17102695
ServerBuilding:0.14013192
ServerGame:0.13019943
ServerIndianSettlement:0.10819192
ServerColonyTile:0.079325825
ServerEurope:0.07134906
ServerModelObject:0.029841814
TransactionSession:0.010779523
