GUIUtilities:0.5633333333333334
GrabKeyDialog:0.34
CheckBoxListModel:0.24
Macros:0.22
FontSelectorDialog:0.21666666666666667
PluginListHandler:0.21666666666666667
EditAbbrevDialog:0.17666666666666667
MacrosMenu:0.16666666666666666
PluginManagerProgress:0.16666666666666666
MouseHandler:0.15
AbbrevsOptionPane:0.15
ActionHandler:0.15
JCheckBoxList:0.14666666666666667
Entry:0.13666666666666666
LabelRenderer:0.12783333333333333
TableMouseHandler:0.11666666666666667
StyleEditor:0.11333333333333333
ToolBarEditDialog:0.09
ContextAddDialog:0.08
ColorPickerDialog:0.07833333333333334
DummyRenderer:0.0025
