Task:0.6533333333333333
Builder:0.53
Model:0.21666666666666667
CircleRenderer:0.21666666666666667
TaskModel:0.21333333333333335
TodoEditorPlugin:0.21
TaskPanel:0.20333333333333334
MainWindow:0.20333333333333334
TodoEditorCore:0.19666666666666666
TreeFS:0.19333333333333333
DT:0.17
CompleteEditor:0.12333333333333334
CalendarComponent:0.1
AddAction:0.07333333333333333
