LinkUtil:0.7033333333333334
ParserUtil:0.35
ContributionsServlet:0.17333333333333334
