Colony:0.37690467
Consumer:0.32815757
BuildingType:0.120953895
BuildableType:0.11107682
GoodsType:0.09148783
AbstractGoods:0.06745115
FreeColObject:0.017761381
