ColopediaPanel:0.097621225
ConstructionPanel:0.08758564
ColonyPanel:0.072503895
BuildingSitePanel:0.052903064
FreeColPanel:0.02359174
