InputHandler:0.32394657
PreGameController:0.11490216
