jEdit:0.7066666666666667
HelpViewer:0.32111111111111107
StatusBar:0.25666666666666665
HelpIndex:0.18666666666666668
