VFSBrowser:0.92
PluginsMenuButton:0.31444444444444447
VFSDirectoryEntryTable:0.2833333333333333
BrowserCommandsMenu:0.17333333333333334
