Tile:0.5833333333333334
Specification:0.5166666666666667
GUI:0.32666666666666666
Stop:0.22
GoodsWish:0.22
WorkerWish:0.22
TileImprovementPlan:0.21666666666666667
FreeColServer:0.21333333333333335
MiniMap:0.20333333333333334
WorkLocationPlan:0.19666666666666666
MapEditorTransformPanel:0.10333333333333333
SpecificationTest:0.09
