PanelWindowContainer:0.20313983
jEdit:0.086619705
View:0.086592264
FloatingWindowContainer:0.084695205
VFSBrowser:0.060406122
ActionSet:0.0587945
EditAction:0.047743104
BeanShell:0.046002734
SearchAndReplace:0.044270866
JARClassLoader:0.04224213
QuickNotepad:0.033037864
WindowTableModel:0.03250215
XmlParser:0.030431904
Log:0.029939245
DockableWindowContainer:0.026530545
DockingOptionPane:0.024014216
NameSpace:0.022668978
HandlerBase:0.012706058
XmlException:0.0070853047
EvalError:0.0028545738
