DynamicMenuChanged:0.5555555555555555
PluginJAR:0.46388888888888885
EnhancedMenu:0.3
