MDialog:0.1692532
MTabbedPane:0.100221775
MPanel:0.09310804
MButtonPanel:0.050377946
MButton:0.039897285
UI:0.027255405
CoolHeader:0.025499314
TK:0.016199661
MHighlighter:0.0057451483
BooleanProperty:0.004418623
Property:0.0041510183
StateEvent:0.004003405
