Table:0.6533333333333333
SchemaManager:0.32
DataFileDefrag:0.23666666666666666
