QueryHandler:0.665
DataHandler:0.665
GroupMap:0.43333333333333335
RolesServlet:0.33666666666666667
AnsiQueryHandler:0.29
WikiUtil:0.2
AnsiDataHandler:0.18333333333333332
