UI:0.49666666666666665
MetaInfo:0.42
TaskTable:0.23111111111111116
Tabs:0.23
TodoEditorCore:0.2111111111111111
TodoEditor:0.19777777777777777
LinkMetaInfo:0.16166666666666665
TaskSelection:0.08333333333333333
