MApplication:0.64
MainWindow:0.45
SummaryPanel:0.26111111111111107
TreePanel:0.22666666666666666
