Mod:0.6816666666666666
Console:0.5922222222222222
ModManager:0.23666666666666666
