Utilities:0.4866666666666667
QueryHandler:0.44484523809523807
DefaultQueryHandler:0.3
DatabaseHandler:0.25666666666666665
PersistencyHandler:0.2419285714285714
FileHandler:0.21333333333333335
UploadServlet:0.21
