StaticUtils:0.098428525
TMXReader:0.06489918
WikiGet:0.050170887
OStrings:0.044045012
Log:0.039428927
PatternConsts:0.03619427
RecentProjects:0.027018853
StringUtil:0.018777309
