BaseTokenizer:0.6888888888888889
LuceneChineseTokenizer:0.26666666666666666
LuceneSmartChineseTokenizer:0.20666666666666667
