MDialog:0.5633333333333334
StateEvent:0.5108888888888888
Backup:0.37666666666666665
MWizard:0.2633333333333333
Wizard:0.24333333333333335
