Player:0.61
ServerPlayer:0.37333333333333335
AIMessage:0.3233333333333333
InGameController:0.2866666666666667
REFAIPlayer:0.25333333333333335
InGameInputHandler:0.25333333333333335
AIPlayer:0.21
StandardAIPlayer:0.20666666666666667
EuropeanAIPlayer:0.17666666666666667
