UnitType:0.7366666666666667
DemotionTest:0.3
ReportUnitPanel:0.26666666666666666
