GoodsType:0.5633333333333334
NationType:0.4503333333333333
FreeColObject:0.4033333333333333
FreeColGameObjectType:0.2966666666666667
BuildableType:0.25333333333333335
Nation:0.23
TileType:0.21
BuildingType:0.2
FoundingFather:0.18333333333333332
EuropeanNationType:0.17666666666666667
IndianNationType:0.17
EquipmentType:0.14666666666666667
TileImprovementType:0.12
ResourceType:0.10666666666666667
