Table:0.36666666666666664
DomainType:0.35
DistinctType:0.345
Type:0.3333333333333333
SchemaManager:0.24333333333333335
BaseHashMap:0.21
DDLParser:0.19666666666666666
