GUIUtilities:0.042313214
EditAction:0.020074235
