jEdit:0.22673208
View:0.20379029
Buffer:0.18550333
BeanShell:0.16279206
InputHandler:0.13229834
JEditTextArea:0.111876406
SearchAndReplace:0.11047346
VFSBrowser:0.10257233
EditAction:0.101515606
GUIUtilities:0.09893837
DockableWindowManager:0.09115652
BufferUpdate:0.085696995
MiscUtilities:0.07832544
StatusBar:0.07509881
VFSManager:0.07171395
Log:0.066603445
EditBus:0.049240902
MacrosChanged:0.041977275
VFSUpdate:0.040081836
MacrosMenu:0.037877522
EBMessage:0.03718029
EBComponent:0.032041408
ShortcutsOptionPane:0.021490699
ToolBarAddDialog:0.012395242
ContextAddDialog:0.007891543
