InGameController:0.5566666666666666
InGameInputHandler:0.38666666666666666
MoveMessage:0.35444444444444445
EmbarkMessage:0.21666666666666667
UnitMoveAnimationCanvasSwingTask:0.18666666666666668
