BSHForStatement:0.16665298
NameSpace:0.13493635
Interpreter:0.106808804
BSHTryStatement:0.09814343
BSHBlock:0.08406982
This:0.07561567
EvalError:0.009473831
