Primitive:0.50704783
LHS:0.21523614
BSHLHSPrimaryExpression:0.17787255
Interpreter:0.12813938
Parser:0.07241153
SimpleNode:0.04604334
EvalError:0.04014562
ParserConstants:0.023440544
InterpreterError:0.010955948
CallStack:0.009701525
