BSHTryStatement:0.27592173
BSHMethodDeclaration:0.11530667
BSHAllocationExpression:0.112426795
SimpleNode:0.09691564
Interpreter:0.08273239
BshMethod:0.082378834
NameSpace:0.058268208
BlockNameSpace:0.053122565
CallStack:0.05043374
EvalError:0.032726783
Parser:0.0153929
Primitive:0.013576414
ReturnControl:0.0055175545
