BSHFormalParameters:0.5132671
BSHTryStatement:0.28607592
BSHType:0.17438753
SimpleNode:0.15707226
NameSpace:0.090984814
Parser:0.062556215
Primitive:0.04101616
EvalError:0.027591197
