Parser:0.04400809
Primitive:0.04070438
SimpleNode:0.040251993
Interpreter:0.030225454
CallStack:0.02880037
EvalError:0.0102003375
InterpreterError:0.0033075707
