TargetError:0.24017403
BSHArguments:0.19909583
BSHAmbiguousName:0.19119258
Name:0.17810561
Interpreter:0.15537485
EvalError:0.14988916
SimpleNode:0.12311452
NameSpace:0.10851711
CallStack:0.049188823
Parser:0.03048329
ReflectError:0.014634115
