BSHFormalParameters:0.2505919
BSHMethodDeclaration:0.20794083
NameSpace:0.20587872
Name:0.19383816
Interpreter:0.18479972
BSHBlock:0.1476288
SimpleNode:0.11609173
XThis:0.112309165
BeanShell:0.10011358
CallStack:0.09621044
EvalError:0.07039698
JThis:0.048015147
Primitive:0.045964643
RESearchMatcher:0.038138874
BoyerMooreSearchMatcher:0.031475086
SearchAndReplace:0.019872414
BeanShellAction:0.011442502
ReturnControl:0.006342728
ParserConstants:5.2074727E-5
