BSHType:0.34320518
BSHAllocationExpression:0.15883954
SimpleNode:0.05912251
Parser:0.05067986
