BSHCastExpression:0.31605002
BSHVariableDeclarator:0.25378275
NameSpace:0.14305265
Interpreter:0.08935526
SimpleNode:0.08828541
Primitive:0.08625789
BSHType:0.08480707
Parser:0.061742183
CallStack:0.028472988
EvalError:0.016698962
