BSHVariableDeclarator:0.10671776
BSHPrimarySuffix:0.10373859
BSHPrimitiveType:0.10204876
BSHReturnType:0.08705752
BSHFormalParameter:0.08619851
BSHTypedVariableDeclaration:0.08382799
NameSpace:0.075503096
BSHBinaryExpression:0.067566976
BSHCastExpression:0.06152137
SimpleNode:0.05673307
Parser:0.042303156
BshClassManager:0.03927453
BSHAmbiguousName:0.03455381
EvalError:0.02949903
