BSHTypedVariableDeclaration:0.36463007
BSHArrayInitializer:0.22833396
BSHType:0.13212356
SimpleNode:0.12394305
Interpreter:0.096626855
Parser:0.061364107
EvalError:0.046619624
Primitive:0.02233147
CallStack:0.021941245
