NameSpace:0.19534831
Name:0.1850037
TargetError:0.15644184
BeanShell:0.1507754
BshMethod:0.13611698
This:0.13086714
BSHPrimarySuffix:0.12513068
SimpleNode:0.12249487
BshClassManager:0.12139283
BSHBinaryExpression:0.12014992
Reflect:0.10556572
BSHAmbiguousName:0.10543279
LHS:0.102686144
BSHMethodInvocation:0.102410436
EvalError:0.09892049
BSHAllocationExpression:0.09851314
BSHLHSPrimarySuffix:0.09576707
BSHCastExpression:0.09291193
XThis:0.08864626
BSHMethodDeclaration:0.08750585
BSHBlock:0.08680019
CallStack:0.08566646
BSHArrayInitializer:0.084772274
BSHAssignment:0.08322522
BSHForStatement:0.08301221
BSHTryStatement:0.08220995
BSHImportDeclaration:0.081528425
BSHTypedVariableDeclaration:0.07684879
BlockNameSpace:0.07667032
BSHArrayDimensions:0.07608832
Primitive:0.07000855
ParseException:0.066175595
BSHVariableDeclarator:0.06122768
ConsoleInterface:0.06044946
BSHThrowStatement:0.05830894
BSHIfStatement:0.057850853
BSHUnaryExpression:0.056673624
BSHLHSPrimaryExpression:0.054412294
BSHReturnStatement:0.052743457
BSHTernaryExpression:0.052588653
BSHPrimaryExpression:0.051162213
Parser:0.050536446
BSHSwitchStatement:0.04911266
BSHSwitchLabel:0.047880687
JThis:0.046604753
BSHStatementExpressionList:0.04543833
BSHArguments:0.043224234
BSHWhileStatement:0.03964554
BSHLiteral:0.036314517
dir:0.033026636
CommandLineReader:0.02482214
ASCII_UCodeESC_CharStream:0.01636534
TokenMgrError:0.015516216
InterpreterError:0.015389544
JJTParserState:0.0072071897
ReturnControl:0.0028534506
