Reflect:0.38230905
Name:0.24764273
NameSpace:0.20708868
BSHLHSPrimarySuffix:0.20182127
Interpreter:0.19197662
Primitive:0.12888393
BSHAmbiguousName:0.12339513
BSHAssignment:0.090534076
BSHUnaryExpression:0.08494538
BSHLHSPrimaryExpression:0.042400267
EvalError:0.03421316
TargetError:0.030199625
ReflectError:0.010399045
InterpreterError:0.0022300046
ParserConstants:0.0017144649
