NameSpace:0.1930465
Reflect:0.1791344
Interpreter:0.16399974
BshMethod:0.122949705
This:0.11996061
LHS:0.11836145
BSHAmbiguousName:0.09635038
Primitive:0.074976996
BSHMethodInvocation:0.073063426
SimpleNode:0.07064159
BSHImportDeclaration:0.059847027
CallStack:0.058827743
TargetError:0.044339392
BshClassManager:0.0424212
EvalError:0.040267136
InterpreterError:0.0104191415
ReflectError:0.0054408573
