ParserConstants:0.014532893
TokenMgrError:0.0126721505
ASCII_UCodeESC_CharStream:0.009539312
Parser:0.0068175704
Token:0.00314588
