BSHBinaryExpression:0.30665815
BSHAssignment:0.28082684
BSHUnaryExpression:0.28044185
NameSpace:0.22610001
Reflect:0.16123609
BSHCastExpression:0.13244635
BSHArrayInitializer:0.11316985
Name:0.112399966
Interpreter:0.11030825
BSHLHSPrimarySuffix:0.101802014
LHS:0.09299831
BSHPrimarySuffix:0.09114589
Parser:0.07399586
BSHTypedVariableDeclaration:0.06525985
BSHIfStatement:0.06263106
BSHArrayDimensions:0.0502929
BshMethod:0.045977283
BSHReturnType:0.045428313
BSHReturnStatement:0.042468235
BSHLiteral:0.03973896
BSHAllocationExpression:0.039084762
XThis:0.037815936
BSHImportDeclaration:0.037423536
BSHSwitchStatement:0.03148412
BSHFormalParameter:0.030998329
BSHMethodDeclaration:0.029930934
ParserConstants:0.029737722
BSHVariableDeclarator:0.028372684
BSHForStatement:0.023278615
BeanShell:0.022922583
BSHWhileStatement:0.022802783
BSHBlock:0.022102598
BSHStatementExpressionList:0.018895088
TargetError:0.018654931
BSHTryStatement:0.018599309
JThis:0.017039552
BSHFormalParameters:0.016594365
EvalError:0.011138547
InterpreterError:0.0025644426
