Goal:0.5333333333333333
AIUnit:0.5066666666666667
ColonialAIPlayer:0.31333333333333335
CreateMissionAtSettlementGoal:0.2
MapGenerator:0.19250000000000003
ManageMissionariesGoal:0.18333333333333332
