Config:0.7266666666666667
MProperties:0.3333333333333333
