Linkify:0.6833333333333333
MAboutDialog:0.2833333333333333
PluginInfo:0.2733333333333333
AbstractTest:0.22666666666666666
TodoEditorDesigner:0.22666666666666666
NotepadEditorCore:0.17333333333333334
TestLinkify:0.023333333333333334
