Text:0.4633333333333333
PIMData:0.44333333333333336
TextUTF8:0.36666666666666664
PIMProperty:0.22333333333333333
ICalendarTodo:0.15555555555555556
PIMEntry:0.15333333333333332
