Logger:0.4533333333333333
RowOutputBinary180:0.2966666666666667
RowInputTextLog:0.22333333333333333
FunctionSQL:0.21944444444444447
RowInputBinary180:0.20666666666666667
HsqlDatabaseProperties:0.19
ScriptReaderText:0.14333333333333334
