jEdit:0.41
ParserRule:0.38
ParserRuleSet:0.29333333333333333
TokenMarker:0.23666666666666666
XModeHandler:0.22333333333333333
TagDecl:0.14666666666666667
