ParserUtil:0.4766666666666667
LinkUtil:0.35333333333333333
JAMWikiParser:0.30333333333333334
LinkTag:0.19
UpgradeServlet:0.16
