AbstractFS:0.41001236
MetaInfo:0.2661579
MountManager:0.20450908
MetaInfoComparator:0.15922773
FSException:0.02825027
FSAction:0.007997137
