Feed:0.038467735
AbstractChannel:0.020016605
FeedUtils:0.014352044
FeedListException:0.006380134
