FileVFS:0.42026561
MiscUtilities:0.26472348
jEdit:0.26122448
BufferIORequest:0.24376555
BrowserIORequest:0.23409136
VFSManager:0.2188142
Buffer:0.2072091
VFSBrowser:0.18868391
FavoritesVFS:0.17342013
BeanShell:0.17133757
FileRootsVFS:0.14997214
DirectoryListSet:0.14969575
UrlVFS:0.13035144
BrowserView:0.12585825
EditBus:0.10771138
Log:0.104812525
HelpIndex:0.098952614
View:0.09537908
SearchDialog:0.07026599
VFSFileChooserDialog:0.06808661
BrowserCommandsMenu:0.058296047
EBMessage:0.046635296
RE:0.044203628
FileCellRenderer:0.04174179
RecentFilesMenu:0.03623106
EBComponent:0.032626748
RecentDirectoriesMenu:0.03222537
REException:0.023480738
PropertiesChanged:0.022046732
BrowserListener:0.012160055
