IntegerProperty:0.5933333333333334
DesktopFile:0.5663888888888888
ProxySettings:0.33
