Result:0.14680985
ResultConstants:0.009262237
