MRenderer:0.8433333333333334
MTree:0.45
ItemRenderer:0.42333333333333334
