Expression:0.54228777
ExpressionLogical:0.45408225
RangeVariable:0.44201717
QuerySpecification:0.37524176
RangeVariableJoined:0.29229158
ExpressionAggregate:0.29121417
FunctionSQLInvoked:0.28811437
ExpressionArrayAggregate:0.26192752
ParserDML:0.21887426
Table:0.21621907
QueryExpression:0.16535397
SortAndSlice:0.14094396
ParserRoutine:0.13003914
StatementDMQL:0.1268571
Token:0.11862789
ParserDQL:0.11222795
TableDerived:0.11096179
StatementDML:0.099281326
ColumnSchema:0.09698086
SessionContext:0.09079524
OpTypes:0.07322665
SchemaManager:0.070257425
ParserTable:0.069546714
NumberSequence:0.059214633
HsqlNameManager:0.052552853
FunctionCustom:0.05230749
RangeGroup:0.04944783
Database:0.03423854
Session:0.03410059
Statement:0.027737854
SchemaObject:0.025826918
ParserCommand:0.024823753
ColumnBase:0.019598363
StatementInsert:0.016268633
SessionData:0.013109715
Tokens:0.0
