Schema:0.48027974
SchemaObjectSet:0.39422348
Table:0.33861038
StatementSchema:0.33692527
ParserDDL:0.2980219
SchemaObject:0.29399088
ColumnSchema:0.27718604
RoutineSchema:0.27361643
Constraint:0.26611266
Routine:0.24677804
ParserTable:0.23965733
TriggerDef:0.23280516
TableWorks:0.22996813
HsqlNameManager:0.2278828
NumberSequence:0.176057
StatementSchemaDefinition:0.17205381
StatementCommand:0.15015025
ExpressionColumn:0.14432935
Database:0.12762028
SqlInvariants:0.12285499
ParserDML:0.11932026
TableUtil:0.11909883
ParserDQL:0.114296935
Session:0.11092921
TableDerived:0.10159328
SessionManager:0.09221964
StatementManager:0.08734684
TableBase:0.08665767
SessionContext:0.06947102
TransactionManagerMV2PL:0.05787794
TypeInvariants:0.05083806
TransactionManagerMVCC:0.047219075
SessionData:0.04270237
RowDiskDataChange:0.03688769
TransactionManager2PL:0.032759182
TransactionManager:0.011677555
HsqlException:0.0112629235
Row:0.011252065
Tokens:0.0
