TableDerived:0.26681855
Table:0.17150514
QueryExpression:0.11919504
ParserDQL:0.09279095
TriggerDef:0.08813866
ParserDDL:0.08119295
QuerySpecification:0.081184536
SchemaObject:0.06728745
StatementSchema:0.05933355
ParserRoutine:0.057006925
TableUtil:0.046040095
ParserCommand:0.036751
Session:0.028275732
ParserBase:0.027812768
Database:0.027737312
TableBase:0.026487444
Scanner:0.026294667
StatementTypes:0.014702065
Tokens:0.0
