Player:0.075587325
Building:0.05931549
Specification:0.03092322
Region:0.02725981
