Editor:0.9766666666666667
TextEditorDesigner:0.2633333333333333
ImageEditorDesigner:0.18333333333333332
ToolButton:0.16333333333333333
ShowHTMLAction:0.13333333333333333
BrushTypeAction:0.12666666666666668
