PoFilter:0.49333333333333335
ParseEntry:0.36333333333333334
IParseCallback:0.3524285714285714
TestFilterBase:0.25
SearchThread:0.20666666666666667
POFilterTest:0.15333333333333332
LoadFilesCallback:0.15
TranslateFilesCallback:0.013333333333333334
