jEdit:0.5566666666666666
PluginJAR:0.4866666666666667
MiscUtilities:0.38
EditPlugin:0.31666666666666665
Plugin:0.3
View:0.28111111111111114
DockableWindowManager:0.2733333333333333
JARClassLoader:0.24333333333333335
EBMessage:0.23666666666666666
ActionSet:0.21
EditPane:0.20666666666666667
ServiceListHandler:0.20333333333333334
ServiceManager:0.19
DockableListHandler:0.16333333333333333
Remove:0.15
HelpIndex:0.13666666666666666
HelpTOCPanel:0.12
PluginResURLConnection:0.09666666666666666
HelpButton:0.09333333333333334
PaintCaret:0.09333333333333334
Descriptor:0.09
PluginCacheEntry:0.07
Factory:0.05
ResourceCache:0.006666666666666667
