DefaultHarmonicColorModel:0.62181646
HarmonicRule:0.22436258
CompositeColor:0.15191202
SimpleHarmonicRule:0.14153361
JHarmonicColorWheel:0.12387279
ColorSystem:0.06670445
