MainWindow:0.6333333333333333
CommandThread:0.45666666666666667
CoreEvents:0.37
Main:0.16333333333333333
IDataEngine:0.15833333333333333
IApplicationEventListener:0.08316666666666667
