QuerySpecification:0.51
ParserCommand:0.2833333333333333
ParserRoutine:0.28
StatementSet:0.2425
Cache:0.20772222222222222
TestDatetimeSimple:0.19333333333333333
