Message:0.04680307
Connection:0.014786091
