MApplication:0.44
Config:0.3466666666666667
Args:0.2866666666666667
Tracker:0.24666666666666667
MWebBrowserPanel:0.2275
Preloader:0.21777777777777782
MGuardedObject:0.20333333333333337
Console:0.18083333333333335
