Factory:0.15917632
FormPanel:0.054218404
