Feature:0.37769255
FreeColObject:0.24958296
Scope:0.245414
FoundingFather:0.19278394
EuropeanNationType:0.16904612
FreeColGameObjectType:0.14080551
BuildingType:0.13828269
IndianNationType:0.12620725
EquipmentType:0.11470182
Player:0.11265843
Colony:0.10833821
UnitType:0.09038546
Unit:0.065162614
FeatureContainer:0.056507125
SimpleCombatModel:0.028916268
Turn:0.0076697413
