Tile:0.8166666666666667
LandGenerator:0.27666666666666667
ReceivingThread:0.22333333333333333
PreGameController:0.20666666666666667
TerrainGenerator:0.19333333333333333
