jEdit:0.21831587
EditPlugin:0.2032698
Roster:0.14427209
MiscUtilities:0.13617326
DockableWindowManager:0.06761145
Log:0.06623566
BeanShell:0.06445983
HelpViewer:0.06270777
PluginResURLConnection:0.055770192
ActionSet:0.040023956
OperatingSystem:0.023570027
