CheckBoxListModel:0.15908681
InstallPluginsDialog:0.020656291
