FeedsFS:0.6933333333333334
MWizard:0.38333333333333336
FeedDownloader:0.29333333333333333
