MIcon:0.6733333333333333
Console:0.42333333333333334
Filters:0.2544444444444444
Option:0.21333333333333335
CommandOptions:0.17666666666666667
UpdatePlugin:0.17477777777777778
MThrobber:0.15333333333333332
ConsoleCommandLine:0.14777777777777779
FiltersAction:0.13666666666666666
DebugCommand:0.10666666666666667
