GHNSDialog:0.6483333333333333
PluginDownloader:0.4033333333333333
StuffRenderer:0.3566666666666667
PluginRenderer:0.32666666666666666
