TrackerEvent:0.41152093
Tracker:0.39054424
