MSplitPane:0.6466666666666666
NewMetalSplitPaneUI:0.4633333333333333
