ImageEditorCore:0.06286464
ImageEditorDesigner:0.03666249
FilterDialog:0.026704522
ImageEditorPlugin:0.022095887
ImageInfo:0.018116646
ResizeDialog:0.010059535
ImagePreloader:0.0013827157
