TrackerEvent:0.39316988
Tracker:0.3169904
