WikiUser:0.5233333333333333
AnsiQueryHandler:0.41333333333333333
AnsiDataHandler:0.30333333333333334
RegisterServlet:0.24
DatabaseUpgrades:0.17333333333333334
