Editor:0.8333333333333334
FeedsFS:0.29333333333333333
TodoEditor:0.27666666666666667
FeedViewer:0.24
FeedsFSPlugin:0.22333333333333333
ImageEditor:0.22
TodoEditorPlugin:0.19666666666666666
NotepadEditorPlugin:0.19666666666666666
NotepadEditor:0.19666666666666666
ShowToolTipsAction:0.17333333333333334
ToggleMarkdownAction:0.16333333333333333
ShowGridAction:0.16333333333333333
GoToUnreadAction:0.14833333333333334
GoToNewAction:0.14833333333333334
FeedsConfigPanel:0.12083333333333333
AbstractNavigationAction:0.10333333333333333
