DockingOptionPane:0.17780276
OptionPane:0.0588446
AbbrevsOptionPane:0.046001695
ToolBarOptionPane:0.04341278
GeneralOptionPane:0.043267593
ContextOptionPane:0.042709876
QuickNotepadOptionPane:0.031560853
ShortcutsOptionPane:0.03125235
BrowserOptionPane:0.030442752
EditingOptionPane:0.029759066
LoadSaveOptionPane:0.029668095
PrintOptionPane:0.028096993
FirewallOptionPane:0.026729722
GutterOptionPane:0.02585268
TextAreaOptionPane:0.025354093
ModeOptionPane:0.02321821
jEdit:0.023125852
ColorOptionPane:0.014511179
StyleOptionPane:0.013486164
