MarkerHighlight:0.30330637
TextAreaPainter:0.27233025
Gutter:0.22960137
JEditTextArea:0.081621155
