Console:0.41
StdOut:0.37333333333333335
ConsoleIO:0.36666666666666664
Mods:0.22638888888888892
MProcess:0.18333333333333332
StaticHTMLEditorKit:0.13666666666666666
