TK:0.5274444444444445
Backup:0.4666666666666667
MWizard:0.29333333333333333
