ParserRuleSet:0.2163467
CompleteWord:0.18532069
TextUtilities:0.09341736
TokenMarker:0.06003495
Buffer:0.05868995
XModeHandler:0.046320498
Token:0.01597412
