TokenMarker:0.11082166
KeywordMap:0.09312307
ParserRule:0.07462004
XModeHandler:0.04294072
Buffer:0.034500122
Token:0.027930489
DefaultTokenHandler:0.020279877
Chunk:0.018074065
Mode:0.017298069
jEdit:0.01670953
RE:0.0042688297
DisplayTokenHandler:0.0016661353
