ParserRule:0.038849805
ParserRuleSet:0.038466435
TokenMarker:0.032766033
XmlParser:0.017544575
Mode:0.017311646
jEdit:0.015193013
HandlerBase:0.014151494
Token:0.010353163
KeywordMap:0.0073587555
RE:0.0061207716
GUIUtilities:0.005964687
Log:0.005339754
RESearchMatcher:0.0039014244
REException:0.0035074006
RESyntax:0.00267332
