MDialog:0.6130555555555556
PrintPreview:0.41333333333333333
UpdateDialog:0.26
