InGameController:0.5
ColonyTile:0.34
BuildingPanel:0.2866666666666667
ColonyPanel:0.26
OutsideColonyPanel:0.20666666666666667
UnitWas:0.11666666666666667
ReportForeignAffairPanel:0.1
ColonyWas:0.023333333333333334
