ImageLibrary:0.5541666666666667
GUI:0.4266666666666667
ColonyTile:0.3933333333333333
CargoPanel:0.28777777777777774
TilePanel:0.16777777777777778
