WikiUserDetails:0.7533333333333333
ServletUtil:0.3433333333333333
AnsiDataHandler:0.25333333333333335
XMLTopicFactoryTest:0.24666666666666667
EditServlet:0.20333333333333334
AdminServlet:0.20333333333333334
JAMWikiServlet:0.18666666666666668
SetupServlet:0.16
JAMWikiAnonymousProcessingFilter:0.13666666666666666
MoveServlet:0.13333333333333333
UpgradeServlet:0.12666666666666668
WatchlistServlet:0.12333333333333334
RegisterServlet:0.11166666666666666
ImportTiddlyWikiServlet:0.10333333333333333
JAMWikiDaoImpl:0.07666666666666666
