Colony:0.7166666666666667
Settlement:0.4722222222222222
IndianSettlement:0.42
InGameInputHandler:0.3333333333333333
