NoteWidgetPlugin:0.03688663
NoteBorder:0.008523668
