PrintDialog:0.06207763
EditorPrint:0.03281273
Editor:0.0089733405
