TK:0.08607622
FS:0.08565989
