ParserFunctionUtil:0.6533333333333333
TemplateTag:0.29333333333333333
ParserTest:0.28
MoveServlet:0.23083333333333333
