Main:0.5966666666666667
LookAndFeelSettings:0.48333333333333334
AbstractPlugin:0.4166666666666667
