Canvas:0.5488888888888889
FreeColClient:0.31333333333333335
ActionManager:0.31
ChangeWindowedModeAction:0.3
InGameMenuBar:0.20333333333333334
MapEditorMenuBar:0.20333333333333334
