SearchDialog:0.52
Plugin:0.2966666666666667
SearchBar:0.24333333333333335
ActionHandler:0.14666666666666667
ExplicitFoldHandler:0.14
KeyEventWorkaround:0.11333333333333333
