Canvas:0.5666666666666667
FreeColDialog:0.475
TrainDialog:0.3411111111111111
EuropePanel:0.26
RecruitDialog:0.23111111111111116
