Server:0.19877344
Result:0.055559717
DatabaseManager:0.049301308
Trace:0.031313807
Database:0.030018067
Session:0.029338634
ResultConstants:0.01880514
HsqlException:0.005054251
