TransportMission:0.5766666666666667
AIPlayer:0.4533333333333333
EuropeanAIPlayer:0.3233333333333333
