CategoryManager:0.59
CategoryList:0.4633333333333333
View:0.35444444444444445
CategoryListRenderer:0.31333333333333335
CategoryAction:0.16
