ServerGame:0.48
ServerPlayer:0.4666666666666667
FreeColGameObject:0.38333333333333336
FreeColServer:0.2733333333333333
ServerModelObject:0.21666666666666667
MapGenerator:0.20666666666666667
