MTable:0.06336976
TK:0.025200697
MUndoManager:0.02167322
UI:0.007994196
MLogger:0.004582656
