FileUtil:0.8533333333333334
LicenseDialog:0.29
LastChangesDialog:0.2866666666666667
