ArchiveItem:0.5133333333333333
MToolBar:0.43666666666666665
LinkButton:0.30666666666666664
