Game:0.79
StatisticsMessage:0.33666666666666667
StatisticsPanel:0.23
DebugMenu:0.17444444444444446
