Tile:0.6866666666666666
TileType:0.31666666666666665
ColonyPanel:0.25666666666666665
StartGamePanel:0.19666666666666666
XmlHandler:0.18000000000000002
Specification:0.14
