SelectOption:0.04441411
OptionGroup:0.023876358
