VFSFileChooserDialog:0.058490194
BufferOptions:0.042894933
ContextAddDialog:0.041486315
ColorWellButton:0.041142527
ToolBarEditDialog:0.038919102
OptionsDialog:0.020705368
ViewRegisters:0.020366127
StyleEditor:0.019745525
PluginManager:0.017037785
FontSelectorDialog:0.016222274
CloseDialog:0.015360691
PastePrevious:0.014766139
ErrorListDialog:0.013172059
InstallPluginsDialog:0.0129188625
AboutDialog:0.0128245875
TipOfTheDay:0.011190958
SearchDialog:0.01065973
BeanShellErrorDialog:0.009447353
SelectLineRange:0.008776221
