HistoryModel:0.17144641
VFSBrowser:0.107418
HelpSearchPanel:0.080099344
SearchDialog:0.060158987
SearchBar:0.059984498
GUIUtilities:0.056295898
View:0.04676083
jEdit:0.02403218
