ImageLibrary:0.1221407
Canvas:0.08097009
CanvasMouseMotionListener:0.061266694
CanvasMapEditorMouseMotionListener:0.053457577
CanvasMapEditorMouseListener:0.047279444
TilePopup:0.046175133
CanvasMouseListener:0.03870701
ViewMode:0.02530275
TerrainCursor:0.023960838
CanvasKeyListener:0.01957847
GUIMessage:0.004256653
