Unit:0.7133333333333334
BuildingTest:0.15
DragListener:0.12650793650793649
