Game:0.21001588
Player:0.123739
FreeColGameObject:0.12037032
TradeRoute:0.09781523
Unit:0.097532146
Colony:0.095355645
Tile:0.08063668
Location:0.08039562
IndianSettlement:0.07375115
