Unit:0.6886666666666666
UnitType:0.6233333333333333
InGameController:0.3794444444444444
InGameControllerTest:0.22333333333333333
ServerUnit:0.215
SimpleCombatModel:0.18333333333333332
UnitTypeChangeTest:0.17333333333333334
DragListener:0.15
