FreeColDialog:0.17927937
FreeColPanel:0.064392604
