UnitLabel:0.04709967
ReportPanel:0.044815045
GoodsLabel:0.032464523
FreeColPanel:0.020356638
ReportCargoPanel:0.019723848
ReportMilitaryPanel:0.01934359
ReportNavalPanel:0.019158686
