BuildQueuePanel:0.18590733
ReportProductionPanel:0.13215882
ReportColonyPanel:0.12549585
ReportTradePanel:0.122830965
ReportCargoPanel:0.122827224
ReportNavalPanel:0.12282721
ReportMilitaryPanel:0.12282719
ReportLabourPanel:0.10595055
ReportUnitPanel:0.09681438
ReportTurnPanel:0.088609986
ReportForeignAffairPanel:0.08116419
ReportIndianPanel:0.07342377
ReportRequirementsPanel:0.07328495
ReportReligiousPanel:0.07182405
ReportContinentalCongressPanel:0.06179253
ReportExplorationPanel:0.059962925
FreeColPanel:0.04911057
