EuropePanel:0.11218981
FreeColDialog:0.10345389
FreeColPanel:0.058594782
