Tile:0.47333333333333333
Map:0.44
PlayerExploredTile:0.36666666666666664
Region:0.3433333333333333
TerrainGenerator:0.22333333333333333
TilePanel:0.15
