InGameController:0.6433333333333333
InGameInputHandler:0.29
NegotiationDialog:0.27777777777777773
ColonyTradeItemPanel:0.2
