Game:0.44092822
FreeColObject:0.37315696
Europe:0.3260036
ColonyTile:0.3159388
GoodsContainer:0.29392126
Building:0.25926495
IndianSettlement:0.24977776
PlayerExploredTile:0.23769669
Resource:0.23350927
TradeRoute:0.23274729
Region:0.22085498
MarketData:0.21980384
Market:0.20782842
TileItemContainer:0.20204346
Monarch:0.20054941
Tile:0.18399331
ModelMessage:0.17770068
Colony:0.17491354
TileImprovement:0.17362332
CombatModel:0.16955158
Map:0.16899379
LostCityRumour:0.16883165
TileItem:0.15756352
Settlement:0.15682384
Scope:0.14473371
FreeColGameObjectListener:0.14472447
Player:0.1433812
ModelController:0.130823
Specification:0.117123276
SimpleCombatModel:0.10962054
Unit:0.10763639
Limit:0.10601856
Location:0.09602782
HighScore:0.09597722
NationSummary:0.07972903
