ServerEurope:0.34737033
ServerColonyTile:0.24224362
ServerBuilding:0.23746893
ServerIndianSettlement:0.21807583
ServerGame:0.21689886
ServerColony:0.18819736
ServerPlayer:0.15410046
ServerUnit:0.14559844
