Message:0.054546643
Connection:0.02053715
