MStatusBar:0.5433333333333333
MouseGestures:0.3433333333333333
Widget2Help:0.31333333333333335
