MSmallColorChooser:0.7166666666666667
PropertiesPanel:0.43333333333333335
CategoryPropertiesPanel:0.20333333333333334
