Token:0.3349357
Scanner:0.26574782
ParserDQL:0.2389029
ParserTable:0.19415711
ParserRoutine:0.18007453
ParserDDL:0.16897497
ParserCommand:0.16173881
Expression:0.09703103
ExpressionValue:0.09380769
ParserDML:0.0816896
Table:0.05221346
Routine:0.047927253
Constraint:0.045978017
HsqlException:0.04306823
StatementSchemaDefinition:0.03676354
Session:0.03646364
StatementSchema:0.02852933
View:0.026650922
TableDerived:0.01941793
OpTypes:0.017258883
Tokens:0.0
