RoutineSchema:0.2106072
SchemaManager:0.15935962
StatementCompound:0.14902869
TriggerDef:0.1487943
Table:0.14675453
ParserRoutine:0.14025617
FunctionSQLInvoked:0.13551387
ColumnSchema:0.1299679
StatementDMQL:0.12852162
HsqlNameManager:0.113433816
Schema:0.11154544
Expression:0.11092347
StatementSchema:0.093792126
TriggerDefSQL:0.08693419
Token:0.08617108
SchemaObject:0.08544524
SchemaObjectSet:0.08528684
ParserDDL:0.08096294
ParserDML:0.07400049
StatementProcedure:0.07242314
Session:0.069654696
SessionContext:0.06729503
RangeVariable:0.06584967
Statement:0.065055914
ParserCommand:0.062471475
Database:0.0601713
ExpressionTable:0.05798892
ParserDQL:0.05493828
ParserBase:0.04992635
Scanner:0.048734333
StatementCommand:0.047453735
TableDerived:0.039997157
TableBase:0.034855485
ColumnBase:0.018134583
SqlInvariants:0.010728881
RangeGroup:0.004658794
Tokens:0.0
