RowInputBase:0.11674062
RowInputInterface:0.024745727
