Token:0.2606398
ParserBase:0.104345225
ParserDQL:0.063830175
ParserRoutine:0.055345017
ParserTable:0.05511858
ParserDDL:0.046140574
ParserCommand:0.04580391
HsqlDateTime:0.031830955
Routine:0.030079111
ParserDML:0.029413898
Table:0.026825128
Constraint:0.0188246
Session:0.015852237
View:0.012275936
Database:0.011779556
ClientConnection:0.008335544
SessionInterface:0.0036748534
TableDerived:0.0027563304
Tokens:0.0
