ScriptReaderBase:0.29764095
ScriptReaderDecode:0.28303757
ScriptWriterText:0.05575028
