ParserDDL:0.6952268
Database:0.6914947
StatementSchema:0.5661348
ParserCommand:0.46314648
Session:0.45214483
StatementTypes:0.35808274
Statement:0.34801978
SchemaManager:0.30734384
Table:0.25975755
Routine:0.23871824
TableBase:0.21241911
TableWorks:0.1989832
TextTable:0.18824773
Constraint:0.17243497
SchemaObject:0.16314568
ParserDML:0.15725164
TransactionManager:0.14555328
NumberSequence:0.14218225
SessionManager:0.1330123
SessionInterface:0.12744936
HsqlException:0.10659389
DatabaseURL:0.043987617
SqlInvariants:0.042225726
Tokens:0.0
