ParserDDL:0.53760177
StatementSchema:0.29166028
ParserCommand:0.24647011
Statement:0.22429459
Table:0.19949721
StatementTypes:0.16303328
SchemaManager:0.15630583
Session:0.14906406
Database:0.1441836
Constraint:0.119930185
ParserBase:0.07848497
Token:0.04903155
HsqlException:0.034883104
ConstraintCore:0.022818578
Tokens:0.0
