QueryExpression:0.254286
View:0.17103492
RangeVariable:0.16555451
ParserDQL:0.14751658
Expression:0.1457936
StatementQuery:0.13229363
Table:0.11393344
QuerySpecification:0.10235264
StatementExpression:0.1011184
StatementDMQL:0.09139891
StatementSet:0.091343425
ParserTable:0.07364444
ParserDML:0.073377274
StatementDML:0.07319632
StatementProcedure:0.06211102
ExpressionTable:0.061370846
TableBase:0.05819496
ExpressionLogical:0.0524074
ExpressionColumn:0.038504343
TableUtil:0.034534853
ParserRoutine:0.030251486
SessionData:0.028231444
RangeVariableResolver:0.02765929
Routine:0.02647621
SchemaManager:0.026324984
Row:0.022171374
Session:0.02156765
SessionContext:0.019716978
ColumnSchema:0.016090754
ParserCommand:0.014916574
Database:0.011665379
Scanner:0.01030376
ParserBase:0.0093171755
RangeGroup:0.0071455073
OpTypes:0.0041794865
