NotLoadedProject:0.8687884
RealProject:0.47979337
SourceTextEntry:0.115461946
TransEntry:0.058842067
ProjectProperties:0.036773905
TransMemory:0.028255127
