FeatureContainer:0.51
FreeColClient:0.44666666666666666
ImageResource:0.27
AudioResource:0.17333333333333334
