Unit:0.4866666666666667
Colony:0.4033333333333333
Settlement:0.30666666666666664
GoodsType:0.28
IndianSettlement:0.25666666666666665
Tile:0.24416666666666667
SimpleCombatModel:0.22333333333333333
