EditPlugin:0.11411897
GUIUtilities:0.05884446
jEdit:0.04333864
EnhancedMenu:0.023348622
MiscUtilities:0.020849023
Log:0.0128822755
