Location:0.6864444444444445
Unit:0.4666666666666667
Europe:0.2833333333333333
Building:0.24
IndianSettlement:0.22666666666666666
ColonyTile:0.22333333333333333
Tile:0.20333333333333334
Colony:0.18666666666666668
