ErrorCode:0.7633333333333333
Table:0.5966666666666667
Collation:0.35333333333333333
HsqlDatabaseProperties:0.2922222222222222
TransactionManager2PL:0.27
SchemaManager:0.26666666666666666
Charset:0.24
TransactionManagerMVCC:0.23666666666666666
UserTypeModifier:0.22666666666666666
LobManager:0.22333333333333333
ParserDDL:0.21666666666666667
TransactionManagerMV2PL:0.20666666666666667
TransactionManagerCommon:0.2
StatementCommand:0.19666666666666666
ParserCommand:0.19
StatementTypes:0.12
FileArchiver:0.043333333333333335
