Building:0.51
ColonyTile:0.4666666666666667
GUI:0.3933333333333333
UnitLocation:0.3566666666666667
IndividualFatherTest:0.2
ServerColonyTile:0.16799999999999998
