SearchThread:0.4166666666666667
SearchResultEntry:0.38
SearchWindow:0.35333333333333333
Searcher:0.19666666666666666
EntryListPane:0.18444444444444444
SearchExpression:0.04
SearchMatch:0.016666666666666666
