Player:0.5766666666666667
Settlement:0.48611111111111116
ColonyPlan:0.47333333333333333
AIColony:0.33
