SqlFile:0.41
RCData:0.31333333333333335
SqlTool:0.2711111111111111
TarFileOutputStream:0.25666666666666665
RefCapablePropertyResourceBundle:0.24444444444444446
PIFData:0.23444444444444448
TarFileInputStream:0.2338888888888889
TarEntrySupplicant:0.20083333333333334
DbBackup:0.18555555555555558
TarReader:0.13666666666666666
