InGameController:0.6533333333333333
InGameInputHandler:0.5833333333333334
WarehouseGoodsPanel:0.22666666666666666
