InternetSearchPanel:0.6633333333333333
InternetSearchPlugin:0.6
ConsoleCommandLine:0.21333333333333335
CustomSearchAction:0.15111111111111108
UninstallOpenSearchPluginAction:0.13666666666666666
