IndexAVL:0.551854
NodeAVL:0.12588383
NodeAVLDisk:0.087985575
