RowStoreAVLDisk:0.6370714
RowStoreAVL:0.3117993
CachedObject:0.14129254
DataFileCache:0.09401709
Logger:0.037707243
PersistentStoreCollection:0.00838184
