TableBase:0.22614945
Constraint:0.22570924
TableWorks:0.18259409
SchemaManager:0.16575567
StatementDML:0.1546094
View:0.15414535
ExpressionColumn:0.1469058
QuerySpecification:0.14426191
TriggerDef:0.14125307
ParserDDL:0.14021969
QueryExpression:0.12432341
RangeVariable:0.12366152
Routine:0.12139454
Expression:0.11924706
StatementSet:0.11769688
StatementSchema:0.11536188
RangeVariableJoined:0.11195723
StatementCompound:0.10008989
StatementDMQL:0.093613155
SchemaObjectSet:0.09335498
TextTable:0.09123904
SchemaObject:0.09040024
ColumnSchema:0.08903313
StatementSchemaDefinition:0.08753183
SortAndSlice:0.08550934
HsqlNameManager:0.08503288
ParserDML:0.08268145
TableUtil:0.08178669
RangeVariableResolver:0.08036376
ParserRoutine:0.075332806
ExpressionLogical:0.07022695
ParserDQL:0.06757279
Schema:0.06709329
Database:0.06649843
TriggerDefSQL:0.06635436
NumberSequence:0.063323066
StatementInsert:0.062575206
TableDerived:0.061937686
Session:0.05908458
SessionContext:0.05222895
SubQuery:0.051615585
StatementResultUpdate:0.04779541
SessionData:0.046968743
StatementCommand:0.04593361
ParserCommand:0.042230986
StatementSession:0.03891789
TransactionManagerMV2PL:0.036376227
Scanner:0.03432917
TransactionManagerMVCC:0.034001503
TransactionManager:0.032326415
TransactionManager2PL:0.03194733
ConstraintCore:0.029379336
Row:0.02905391
ParserBase:0.028688457
DatabaseURL:0.016474744
Trigger:0.012001258
ColumnBase:0.0067996765
SqlInvariants:0.00530849
Tokens:0.0
