Table:0.13166894
DatabaseCommandInterpreter:0.067101344
Trace:0.06467285
Session:0.06124098
Database:0.04811317
CachedRow:0.04688826
Row:0.032389127
HsqlNameManager:0.012010376
HsqlException:0.01170132
