ChatMessage:0.66
InGameController:0.45555555555555555
InputHandler:0.25666666666666665
PreGameInputHandler:0.23333333333333334
PreGameController:0.21777777777777782
InGameInputHandler:0.20333333333333334
