RealProject:0.6366666666666667
Main:0.30333333333333334
SVNRemoteRepository:0.24333333333333335
GITRemoteRepository:0.21333333333333335
ProjectFactory:0.13
