Table:0.5633333333333334
Right:0.33
TriggerDef:0.3233333333333333
View:0.31333333333333335
Constraint:0.30666666666666664
BaseParser:0.29
CompiledStatement:0.2866666666666667
Grantee:0.25
CommandParser:0.22333333333333333
DINameSpace:0.22333333333333333
DatabaseInformationMain:0.20666666666666667
Parser:0.20666666666666667
Session:0.20333333333333334
DatabaseInformationFull:0.19666666666666666
DDLParser:0.17
