jEdit:0.5966666666666667
SearchAndReplace:0.5166666666666667
HistoryModel:0.30666666666666664
BeanShellAction:0.27666666666666667
