RepeatRule:0.5166666666666667
TaskTable:0.38666666666666666
FieldsPanel:0.36
TaskModel:0.3233333333333333
DailyPanel:0.22833333333333333
MonthlyPanel:0.18333333333333332
SetColorAction:0.13666666666666666
SetRepeatRuleAction:0.10333333333333333
SetNextDateAction:0.09666666666666666
RepeatPanel:0.07333333333333333
