SearchBar:0.6966666666666667
FeedThread:0.3433333333333333
SavedSearchAction:0.24666666666666667
RemoveSavedSearchAction:0.14666666666666667
