VFS:0.2548153
VFSBrowser:0.11666386
VFSManager:0.090921
BrowserView:0.06433262
WorkRequest:0.056378555
WorkThread:0.05234102
jEdit:0.05073404
Log:0.025824534
OperatingSystem:0.011654689
