Colony:0.6
ServerPlayer:0.34
ColonyPlan:0.30666666666666664
AIColony:0.23666666666666666
AIColonyTest:0.19666666666666666
ServerColony:0.16666666666666666
