Tile:0.4066666666666667
Unit:0.4033333333333333
Player:0.39
Settlement:0.38333333333333336
IndianSettlement:0.37
Colony:0.33666666666666667
ColonyTile:0.28
Map:0.24333333333333335
InGameController:0.22666666666666666
FoundingFatherTest:0.20666666666666667
SimpleMapGenerator:0.19333333333333333
InGameControllerTest:0.18666666666666668
UnitTest:0.16333333333333333
BuildColonyMessage:0.15
ClaimLandMessage:0.14333333333333334
ServerIndianSettlementTest:0.12
