MAction:0.5533333333333333
Input:0.39666666666666667
MActionInfo:0.38
HTMLRichTextEditorKit:0.23444444444444448
TextEditor:0.21333333333333335
ShowHTMLAction:0.2111111111111111
StaticHandler:0.15333333333333332
