EuropePanel:0.41329268
ColonyPanel:0.3572424
DefaultTransferHandler:0.24266657
DragListener:0.17928126
UnitLabel:0.08244442
AbstractGoodsLabel:0.03996273
GoodsLabel:0.039840106
MarketLabel:0.03812845
FreeColPanel:0.036068793
