FindSettlementDialog:0.1925903
FreeColPanel:0.081254095
FreeColDialog:0.07686445
