ReportPanel:0.19348677
UnitLabel:0.085050754
FreeColPanel:0.04236296
GoodsLabel:0.027028754
