UnitLabel:0.09417087
FreeColPanel:0.06719492
