RangeOption:0.7466666666666667
MapGeneratorOptions:0.3566666666666667
RangeOptionUI:0.25333333333333335
OptionMap:0.21
OptionMapUI:0.20666666666666667
OptionGroupUI:0.16944444444444445
ClientOptions:0.1688888888888889
GameOptions:0.14
