SessionManager:0.44666666666666666
MainWindow:0.4322222222222223
MSplashScreen:0.36
