MetaInfo:0.6133333333333333
EditorPlugin:0.45
FS:0.44333333333333336
FSHelper:0.23333333333333334
AbstractFS:0.23333333333333334
FileType:0.23166666666666666
ImageEditorCore:0.23
FeedsFS:0.22
DocumentWriter:0.21666666666666667
Query:0.2
MDialog:0.19666666666666666
Backup:0.18
TreeFS:0.18
SearchBar:0.17333333333333334
ExportAction:0.16333333333333333
ImportExport:0.13333333333333333
ImportAction:0.11666666666666667
PluginInstaller:0.11
DefaultLabelAction:0.09
MContentPane:0.0
