Session:0.5366666666666666
RowAction:0.30333333333333334
TableBase:0.2966666666666667
DataFileCache:0.2861111111111111
LobManager:0.24666666666666667
TransactionManagerMVCC:0.24666666666666667
RowStoreAVLDiskData:0.23666666666666666
HsqlDateTime:0.23120634920634922
Logger:0.20333333333333334
