Config:0.88
Widget:0.44666666666666666
Desktop:0.24666666666666667
AbstractClockWidget:0.22
NoteWidget:0.21
TodoWidget:0.2
InternetSearchPlugin:0.19555555555555557
UpdatePlugin:0.1522222222222222
