MHighlighter:0.14375779
MDateSpinner:0.08525106
MTextPane:0.0730029
AbstractSpinner:0.04665395
MComboBox:0.03586148
MUndoManager:0.033322483
MLabeledTextField:0.032114156
MMenu:0.030803848
MTextField:0.028116688
MAction:0.026761638
MTextFieldPanel:0.024894044
MPasswordField:0.024407567
UI:0.019548588
MDate:0.015668867
MMessage:0.015358279
TK:0.013135072
MWebBrowser:0.012875186
MTextArea:0.011194126
FS:0.011172597
MToolBar:0.010890991
MColorChooser:0.0097591765
MFileChooser:0.008312222
MLogger:0.0061181025
OS:0.005131478
MClipboard:0.004716211
Item:0.0044977395
MLabel:0.004463654
MMouseAdapter:0.003305767
MMenuAdapter:0.00306789
Property:0.0029294305
Kiosk:0.0015235877
BooleanProperty:0.0013361326
ClipboardException:5.333264E-4
MDocumentAdapter:4.8602675E-4
