TK:0.6066666666666667
AppletPanel:0.29
AutoCompletion:0.26666666666666666
MPasswordField:0.25333333333333335
MDocumentAdapter:0.24305555555555558
Action:0.22333333333333333
RandomPasswordGeneratorDialog:0.19333333333333333
Content:0.18333333333333332
ColorPanel:0.18
CompletionWindow:0.18
StaticHighlighterHandler:0.16333333333333333
ColorComponent:0.12666666666666668
PasswordValidator:0.08
