jEdit:0.6666666666666666
Macros:0.33666666666666667
Handler:0.2966666666666667
HyperSearchResults:0.21
Wrapper:0.13
