MWebBrowser:0.13862209
MTextPane:0.05204332
HTMLBuilder:0.013719938
AbstractMarkupBuilder:0.0053872466
TK:0.0034076138
