Buffer:0.7966666666666666
Recorder:0.32
InputHandler:0.24333333333333335
TextAreaTransferHandler:0.14666666666666667
