View:0.11165923
BeanShell:0.07137844
jEdit:0.052952845
EnhancedDialog:0.037638083
