Player:0.8233333333333334
Market:0.5011111111111112
