TestSelf:0.21164112
TestBase:0.08276345
TestUtil:0.052789852
