ReportProductionPanel:0.18819235
ReportPanel:0.09395513
FreeColProgressBar:0.03614216
