SetFunction:0.25875032
Types:0.20330895
Function:0.15920053
Expression:0.13874915
DatabaseCommandInterpreter:0.13519861
Library:0.13499048
Result:0.1321081
Table:0.13071895
Parser:0.12772512
Trace:0.106434554
DatabaseInformationMain:0.100531496
Session:0.09124666
Select:0.090408966
DITableInfo:0.08994421
HsqlDateTime:0.08110773
Index:0.07412765
CompiledStatementExecutor:0.06703961
HsqlDatabaseProperties:0.06335389
CompiledStatement:0.05965159
TableWorks:0.050082993
DatabaseScript:0.048191372
HsqlException:0.025280463
