BuildQueue:0.3869208
Building:0.16897045
BuildingType:0.16745731
Colony:0.1430512
ProductionCache:0.13465425
UnitType:0.13116333
Unit:0.085262515
AbstractGoods:0.033199895
Modifier:0.029349113
