Player:0.7433333333333333
ServerPlayer:0.43333333333333335
HighSeas:0.36333333333333334
UnitLocation:0.32
