Handler:0.49
ParseEntry:0.29333333333333333
SourceTextEntry:0.27
RealProjectTest:0.26
XMLFilter:0.19666666666666666
SearchCallback:0.08333333333333333
ParseEntryQueueItem:0.07333333333333333
LoadFilesCallback:0.06333333333333334
