SqlTool:0.11199087
SqlToolError:0.018347278
