SqlFile:0.14448203
SqlTool:0.10046212
