Routine:0.56
StatementExpression:0.31666666666666665
StatementResultUpdate:0.3
StatementSchemaDefinition:0.29333333333333333
StatementSet:0.1938888888888889
StatementCommand:0.1811111111111111
StatementDMQL:0.18
StatementSignal:0.1688888888888889
StatementSimple:0.1622222222222222
