Modifier:0.61
ColonyTile:0.44
TileImprovementType:0.3
NationType:0.19333333333333333
WorkProductionPanel:0.13333333333333333
