UI:0.63
MColor:0.4266666666666667
LookAndFeelSettings:0.2966666666666667
CustomColorSettings:0.24777777777777782
ColorPanel:0.17333333333333334
