MText:0.7266666666666667
MDialog:0.31666666666666665
Handler:0.30666666666666664
MPasswordField:0.24583333333333332
NoteWidgetPlugin:0.23
InternetSearchPlugin:0.21666666666666667
