MetaInfo:0.7066666666666667
Query:0.37666666666666665
Tracker:0.30333333333333334
Index:0.30333333333333334
Tree:0.30333333333333334
Links:0.2633333333333333
PluginManager:0.20111111111111113
Button:0.2
FSHelper:0.19333333333333333
ItemRenderer:0.19333333333333333
RemoveAllLinksAction:0.18666666666666668
RemoveLinkAction:0.17
AddLinkAddressAction:0.15333333333333332
OpenAllInTabsAction:0.15
StatsPanel:0.14333333333333334
LocationBar:0.13
