Table:0.5766666666666667
Expression:0.36333333333333334
DatabaseRowInput:0.35333333333333333
HsqlByteArrayInputStream:0.25
HsqlDateTime:0.23333333333333334
