WebBrowser:0.5733333333333334
URIHandler:0.4066666666666667
WebBrowserTab:0.32666666666666666
WikiPanel:0.3233333333333333
WikiTab:0.08444444444444445
