FormPanel:0.5566666666666666
Factory:0.5466666666666666
NoteWidget:0.35333333333333333
