DisplayManager:0.6466666666666666
EditPane:0.36333333333333334
BeanShell:0.23666666666666666
