Server:0.5066666666666667
Error:0.42333333333333334
WebServer:0.24666666666666667
DITableInfo:0.24
WebServerConnection:0.23111111111111116
