TK:0.7633333333333333
Projects:0.3277777777777778
PluginManager:0.3
LookAndFeelPlugin:0.21666666666666667
ScriptIDE:0.21
MPasswordField:0.19805555555555557
SDK:0.13777777777777778
