Tabs:0.7066666666666667
WidgetInternalFrame:0.39
StatsPanel:0.33666666666666667
ArticleMetaInfo:0.3175
