Session:0.5966666666666667
Table:0.5433333333333333
DataFileCacheSession:0.30666666666666664
SessionData:0.28
PersistentStoreCollectionSession:0.2733333333333333
RowStoreAVLHybrid:0.24444444444444446
