Editor:0.6133333333333333
ImageEditor:0.35
AbstractTextEditor:0.2966666666666667
WebBrowserTab:0.29
ImageEditorCore:0.25
TodoEditor:0.24333333333333335
MTable:0.20555555555555557
