ArchiveChannel:0.22468512
Archive:0.05795936
