Logger:0.6477777777777778
RowSetNavigatorDataTable:0.39
DataFileCacheSession:0.24888888888888885
