JFlexParser:0.79
TemplateTag:0.36
IncludeOnlyTag:0.17666666666666667
NoIncludeTag:0.17666666666666667
