MapEditorTransformPanel:0.10259387
MapControls:0.08810857
CornerMapControls:0.0778688
FreeColPanel:0.06108937
ClassicMapControls:0.054260787
