TileImprovementType:0.18884084
Resource:0.17007807
AbstractGoods:0.16997893
ColonyTile:0.16577543
ResourceType:0.16349973
Tile:0.15931788
UnitType:0.15760553
Specification:0.14986482
GoodsType:0.14784552
Colony:0.13738242
Settlement:0.12778875
TileImprovement:0.11926957
FreeColGameObjectType:0.09974081
Player:0.09431781
FreeColObject:0.08728327
TileItemContainer:0.082579315
LostCityRumour:0.07952736
Modifier:0.078145996
Unit:0.07262011
FeatureContainer:0.035384543
TileItem:0.030877901
SimpleCombatModel:0.015952066
