Archive:0.4266666666666667
ArchiveChannel:0.31333333333333335
Feed:0.30833333333333335
Expired:0.17333333333333334
