Trigger:0.09875473
Table:0.07756045
DINameSpace:0.07324221
DatabaseInformationFull:0.067174435
DatabaseScript:0.06541883
DatabaseCommandInterpreter:0.061874434
Trace:0.033775423
HsqlNameManager:0.033223983
Session:0.030563775
Token:0.020541925
UserManager:0.01903788
GrantConstants:0.0038675747
HsqlException:0.0023231134
