TileType:0.5755555555555555
SimpleCombatModel:0.5341111111111112
CombatTest:0.13
