MetaInfo:0.6283333333333333
HistoryDialog:0.33
HelpAction:0.30666666666666664
