StaticUIUtils:0.7733333333333333
MatchesTextArea:0.2288888888888889
GlossaryTextArea:0.2288888888888889
EntryListPane:0.2288888888888889
DictionariesTextArea:0.2
MachineTranslateTextArea:0.17
MultipleTransPane:0.17
CommentsTextArea:0.17
