Server:0.64
HSQLClientConnection:0.5133333333333333
jdbcConnection:0.25333333333333335
ServerThread:0.19444444444444445
HTTPClientConnection:0.16333333333333333
ServerConnection:0.1511111111111111
WebServerConnection:0.14
