UI:0.07231473
MColorPicker:0.06319721
TK:0.06266459
MPanel:0.05841424
MCalendarPanel:0.052470136
MTable:0.04621673
MTree:0.045454435
MLabel:0.04020995
Item:0.039892472
MTableHeader:0.03487003
MCheckBoxTable:0.033446737
MTreeItem:0.032414235
MSettingsDialog:0.031923305
MFontChooser:0.026133768
MMessage:0.024204927
MSettingsPage:0.02067301
MIconChooser:0.016320143
MIcon:0.013194264
MColor:0.012894365
