TestFilterBase:0.41
XLIFFFilterTest:0.38
HTMLFilter2Test:0.38
DocBookFilterTest:0.38
HHCFilter2Test:0.21666666666666667
OpenDocFilterTest:0.21666666666666667
OpenXMLFilterTest:0.21666666666666667
XHTMLFilterTest:0.013333333333333334
