jEdit:0.6933333333333334
PluginManagerProgress:0.2966666666666667
Operation:0.29333333333333333
PluginManager:0.25666666666666665
Install:0.23
ActionBar:0.17333333333333334
Remove:0.14333333333333334
InstallButton:0.11666666666666667
Roster:0.11
GeneralOptionPane:0.10333333333333333
RemoveButton:0.10333333333333333
RosterThread:0.08
RecentDirectoriesProvider:0.02666666666666667
