jEdit:0.73
GUIUtilities:0.43666666666666665
EditBus:0.31666666666666665
JARClassLoader:0.29444444444444445
EditAction:0.27111111111111114
PluginJAR:0.24583333333333332
ActionSet:0.23666666666666666
Macro:0.22444444444444447
MacrosMenu:0.19333333333333333
MouseHandler:0.059166666666666666
EBPlugin:0.05333333333333334
