SchemaManager:0.4766666666666667
SchemaObjectSet:0.38
TestStoredProcedure:0.27777777777777773
TestMerge:0.2733333333333333
