ColonyTile:0.2047288
Europe:0.2041425
Player:0.19631776
Colony:0.19270445
Tile:0.18479134
Settlement:0.16896383
SimpleCombatModel:0.16005333
IndianSettlement:0.15898737
Building:0.15470828
Goods:0.15439698
UnitType:0.12923543
Map:0.12294657
TileImprovement:0.10347605
TradeRoute:0.08918201
TileImprovementType:0.08866787
TileItemContainer:0.08633208
PathNode:0.08549337
EquipmentType:0.08514253
GoodsContainer:0.08068229
Market:0.06979196
PlayerExploredTile:0.06521186
Location:0.06457689
ModelMessage:0.0587637
ModelController:0.05832696
Locatable:0.057275083
WorkLocation:0.050926875
Game:0.0492222
TileItem:0.048928507
GoodsType:0.043738358
FeatureContainer:0.033857446
FreeColObject:0.033422414
FreeColGameObject:0.033161774
AbstractGoods:0.032413494
GoodsTradeItem:0.03218153
UnitTradeItem:0.030280946
Feature:0.029916912
FreeColGameObjectType:0.027931819
BuildableType:0.02771724
Modifier:0.027400795
CombatModel:0.026134888
Ownable:0.023371993
Ability:0.02038487
Tension:0.017151516
Nameable:0.008249014
TypeCountMap:0.005700098
FreeColGameObjectListener:0.0019677489
