PluginClassLoader:0.5683333333333334
PluginManager:0.56
NotepadEditorDesigner:0.35333333333333333
