TodoEditorCore:0.12130813
Sorter:0.07364623
DateTimeRenderer:0.05654566
TodoEditor:0.05564162
Filter:0.028082568
TaskModel:0.01858932
