TodoEditor:0.1670328
Task:0.12801862
Sorter:0.054761462
Column:0.05056868
DateTimeEditor:0.05015191
TaskSelection:0.043998905
CompleteEditor:0.042549122
Filter:0.03967983
SummaryEditor:0.039000537
DateTimeRenderer:0.037094053
Priority:0.03015543
DoneComponent:0.029247893
CompleteRenderer:0.028654704
SummaryRenderer:0.027146345
PriorityRenderer:0.019903705
PriorityEditor:0.015583401
TaskState:0.005849733
