FeedsFS:0.5233333333333333
MPasswordField:0.5166666666666667
FeedViewer:0.36
StaticHandler:0.20666666666666667
Settings:0.20444444444444446
