Specification:0.6366666666666667
Modifier:0.45666666666666667
Colony:0.41333333333333333
