AbstractSpinner:0.7183333333333334
FeedsConfigPanel:0.20455555555555555
