Player:0.53
Tile:0.47922222222222216
BuildColonyMission:0.4666666666666667
AIUnit:0.3111111111111111
UnitContainer:0.2425
Mission:0.23333333333333334
WishRealizationMission:0.21666666666666667
AIGoods:0.20666666666666667
GUI:0.20333333333333334
TransportMission:0.2
DefendSettlementMission:0.2
AIPlayer:0.19333333333333333
IndianDemandMission:0.18666666666666668
UnitSeekAndDestroyMission:0.18666666666666668
IndianBringGiftMission:0.18666666666666668
ScoutingMission:0.17
PioneeringMission:0.15
TilePopup:0.14666666666666667
FreeColMenuBar:0.13333333333333333
