Player:0.5933333333333334
Unit:0.5333333333333333
Colony:0.3433333333333333
ModelMessage:0.2866666666666667
