Editor:0.5388888888888889
ScriptYourself:0.3616666666666667
ActionProperties:0.3516666666666667
