ParserUtil:0.76
WikiUtil:0.5233333333333333
AnsiDataHandler:0.33
WikiUtilTest:0.32666666666666666
ServletUtil:0.31666666666666665
XMLTopicFactory:0.21833333333333332
EditServlet:0.2
WikiDatabase:0.2
ParserUtilTest:0.19333333333333333
UploadServlet:0.15666666666666668
JAMWikiTestSuite:0.13666666666666666
LuceneSearchEngine:0.13666666666666666
SpecialPagesServlet:0.08333333333333333
