ValuePool:0.61
SetFunction:0.46
DataOutputStream:0.37333333333333335
ExpressionAggregate:0.31333333333333335
