FSProperties:0.6660992063492062
FeedsFS:0.5566666666666666
PropertiesDialog:0.4166666666666667
CustomGeneralPanel:0.14333333333333334
CustomAdvancedPanel:0.043333333333333335
