MButton:0.695
MTimeline:0.30333333333333334
GhostFrame:0.29333333333333333
StaticRolloverHandler:0.21
