WebBrowser:0.8566666666666667
MWebBrowserPanel:0.5133333333333333
Browser:0.425
WebBrowserEditor:0.21333333333333335
