Tile:0.7933333333333333
UnitTest:0.3466666666666667
TileTest:0.01
