ModelMessage:0.47
FoundingFather:0.43333333333333335
InGameController:0.21666666666666667
