Player:0.45
Game:0.405
Unit:0.3844444444444444
FreeColGameObject:0.22733333333333333
InGameController:0.22333333333333333
InGameInputHandler:0.21666666666666667
SelectableAction:0.13666666666666666
