MatchesTextArea:0.32666666666666666
GlossaryTextArea:0.28
DictionariesTextArea:0.20333333333333334
MachineTranslateTextArea:0.14
NotesTextArea:0.14
MultipleTransPane:0.14
CommentsTextArea:0.14
