DataFileDefrag:0.3566666666666667
RangeIteratorMain:0.34
LongLookup:0.18333333333333332
DataFileCacheSession:0.16333333333333333
RangeIteratorRight:0.16333333333333333
