Handler:0.575
XMLDialect:0.42380555555555555
DefaultXMLDialect:0.2866666666666667
