Unit:0.5433333333333333
Player:0.39
Goods:0.36666666666666664
Modifier:0.35
Tension:0.34
NationOptions:0.33
AbstractUnit:0.3233333333333333
Region:0.3233333333333333
EquipmentType:0.295
IndianNationType:0.2733333333333333
FoundingFather:0.19333333333333333
IndianSettlement:0.19166666666666668
