Filters:0.2767492
PluginUtils:0.12029684
FilterMaster:0.11887587
