VFS:0.14922562
jEdit:0.10762784
Buffer:0.087241165
MiscUtilities:0.08607745
FileVFS:0.084626265
VFSBrowser:0.08034132
WorkThreadPool:0.0790378
ServiceManager:0.069726266
GUIUtilities:0.06675473
BeanShell:0.05768371
VFSFileChooserDialog:0.05199591
DirectoryListSet:0.04934369
BufferIORequest:0.048650265
EditBus:0.043711457
VFSUpdate:0.04369557
SearchAndReplace:0.04276338
Log:0.041028094
UrlVFS:0.03922255
BrowserView:0.03796403
BrowserIORequest:0.037202388
FavoritesVFS:0.03540429
JARClassLoader:0.034876253
EditPane:0.03208634
VFSDirectoryEntryTable:0.031808008
ErrorListDialog:0.031122947
SettingsReloader:0.031083383
HelpIndex:0.030300464
VFSDirectoryEntryTableModel:0.029458385
HyperSearchResult:0.029314214
VFSFileNameField:0.028391326
StatusBar:0.028277256
IOProgressMonitor:0.022244629
CloseDialog:0.020987153
BufferListSet:0.020883312
SearchDialog:0.020094773
PluginManager:0.01911178
BrowserCommandsMenu:0.01682288
InstallPanel:0.015521041
PluginManagerOptionPane:0.013493594
HelpTOCPanel:0.012797739
HyperSearchRequest:0.012379553
HelpSearchPanel:0.011606814
