InGameController:0.5733333333333334
GUI:0.4533333333333333
InGameInputHandler:0.38333333333333336
MoveMessage:0.35777777777777775
EmbarkMessage:0.16
UnitMoveAnimationCanvasSwingTask:0.09
