Table:0.57
RowStoreAVL:0.31333333333333335
RowAction:0.2966666666666667
TextCache:0.25
RowSetNavigatorDataTable:0.23333333333333334
RangeIteratorBase:0.23
RowAVLDisk:0.22333333333333333
SchemaManager:0.22
RangeIteratorJoined:0.21333333333333335
DataFileCache:0.20666666666666667
RowStoreAVLDisk:0.20666666666666667
RowStoreAVLMemory:0.2
RowInputBinary:0.16666666666666666
RowStoreAVLHybrid:0.15
