NotepadEditor:0.08911076
NotepadEditorCore:0.02195736
