Goods:0.3506666666666667
Colony:0.34
Market:0.33666666666666667
Europe:0.32666666666666666
TileItemContainer:0.30666666666666664
IndianSettlement:0.30333333333333334
Resource:0.3016666666666667
FreeColGameObject:0.29333333333333333
Building:0.28
FreeColObject:0.28
Player:0.26
Unit:0.25666666666666665
PlayerExploredTile:0.24111111111111114
ColonyTile:0.23444444444444448
Monarch:0.23333333333333334
FreeColGameObjectType:0.22333333333333333
Tile:0.22333333333333333
Settlement:0.21
