Colony:0.79
AIColony:0.30333333333333334
InGameInputHandler:0.2966666666666667
