IMainWindow:0.7974920634920635
ConsoleWindow:0.44166666666666665
ProjectUICommands:0.21333333333333335
