Unit:0.6633333333333333
FreeCol:0.5166666666666667
Tile:0.3233333333333333
Colony:0.30083333333333334
Goods:0.26666666666666666
GoodsTest:0.20333333333333334
ColopediaPanel:0.18666666666666668
Building:0.17333333333333334
MessagesTest:0.16111111111111112
FreeColTestCase:0.14333333333333334
TrainDialog:0.12333333333333334
SpecificationTest:0.09333333333333334
