ColonyTile:0.4457742
Colony:0.30702546
Building:0.2725089
Unit:0.2208641
Location:0.12187433
Player:0.11240705
GoodsType:0.08597334
