HelpTOCPanel:0.086513594
HelpSearchPanel:0.080266245
jEdit:0.06102679
GUIUtilities:0.044293527
ManagePanel:0.038075794
PluginUpdate:0.02600194
MiscUtilities:0.02565473
EditBus:0.019304154
EBMessage:0.017591
Log:0.009622724
EBComponent:0.007626677
RolloverButton:0.007096131
