HelpIndex:0.09605977
HelpViewer:0.06353096
jEdit:0.03457183
HistoryTextField:0.033066962
GUIUtilities:0.018879497
VFSManager:0.01840202
Log:0.010951438
