Unit:0.6933333333333334
InGameController:0.35
AIColony:0.32666666666666666
InGameInputHandler:0.24
UnitTest:0.23666666666666666
ChangeWorkTypeMessage:0.21
AIMessage:0.12333333333333334
InGameControllerTest:0.10666666666666667
