Grantee:0.8933333333333333
GranteeManager:0.43
ParserDDL:0.35
ExpressionOp:0.21444444444444447
