HsqlDatabaseProperties:0.24604687
HsqlProperties:0.124466814
Log:0.11551366
DataFileCache:0.09856815
LockFile:0.07011538
TextCache:0.0459914
DataFileDefrag:0.035493072
RowStoreAVLDisk:0.029614642
RAShadowFile:0.026794434
RowStoreAVLDiskData:0.024469813
RowStoreAVLMemory:0.022671193
RowStoreAVLHybrid:0.019736746
RowStoreAVLHybridExtended:0.013740605
PersistentStore:0.012148137
RowStoreDataChange:0.0100290105
RandomAccessInterface:0.009878458
Crypto:0.0021050016
PersistentStoreCollection:0.0011095696
