Table:0.15204786
Database:0.061006416
StatementCommand:0.04609912
Session:0.044730335
TableBase:0.04043635
HsqlNameManager:0.030829491
Row:0.029919844
ParserDDL:0.02249257
HsqlException:0.011216852
Tokens:0.0
