jEdit:0.6566666666666666
Abbrevs:0.5
BufferChanging:0.20666666666666667
