XHTMLDialect:0.1619002
EditXOptionsDialog:0.021646312
XHTMLFilter:0.021589123
