IProject:0.6933333333333334
TransMemory:0.6333333333333333
RealProject:0.4066666666666667
LoadFilesCallback:0.23833333333333334
Statistics:0.23833333333333334
NotLoadedProject:0.22333333333333333
SearchThread:0.13333333333333333
