HelpGenerator:0.2833333333333333
PropertiesBar:0.26066666666666666
MainWindow:0.26
ChartPanel:0.25333333333333335
StatsPanel:0.25333333333333335
MLinkButton:0.24333333333333335
CategoryManager:0.23666666666666666
UpdatePlugin:0.23
PrintPreviewPanel:0.22666666666666666
MTip:0.21666666666666667
TextEditor:0.21666666666666667
StaticHandler:0.19666666666666666
StaticKeyHandler:0.07333333333333333
