TaskTable:0.5883333333333334
Author:0.5266666666666666
Atom10Item:0.23
PluginInstaller:0.22666666666666666
