Colony:0.7866666666666666
GUI:0.5133333333333333
ConstructionPanel:0.19333333333333333
