UI:0.6933333333333334
MSystemTray:0.3433333333333333
AlarmManager:0.18333333333333332
