TodoEditorCore:0.4533333333333333
Task:0.3466666666666667
TodoEditor:0.25
