Task:0.5966666666666667
TodoEditorCore:0.49333333333333335
DateTimeRenderer:0.16333333333333333
