Property:0.2896797
AbstractProperty:0.15761624
PropertyAccess:0.13192306
TK:0.12040133
MLogger:0.09466241
MObject:0.05761718
