HashMappedList:0.32595757
Collection:0.0858018
Set:0.081520535
Iterator:0.014098506
