Collection:0.06724033
Set:0.06408179
Iterator:0.006465519
