Collection:0.03748829
Set:0.036208473
Iterator:0.018189108
