MApplication:0.5433333333333333
MNotification:0.4266666666666667
MainWindow:0.31055555555555553
Message:0.28
MMainWindow:0.21333333333333335
