HsqlServerFactory:0.25037086
Server:0.062222842
