Environment:0.4266666666666667
AnsiDataHandler:0.39666666666666667
AnsiQueryHandler:0.38333333333333336
WikiDatabase:0.34
MediaWikiXmlImporter:0.2966666666666667
Utilities:0.29
XMLUtil:0.21666666666666667
RegisterServlet:0.21333333333333335
IFrameTag:0.21333333333333335
HtmlTagItem:0.21333333333333335
AdminServlet:0.16666666666666666
JAMWikiErrorMessageProvider:0.15666666666666668
SetupServlet:0.13333333333333333
