TestOdbcService:0.077577524
TestOdbcTypes:0.064221345
