TriggerClass:0.047605187
TestUtil:0.016806548
TestBase:0.0
