QueryHandler:0.6585555555555556
AnsiQueryHandler:0.525
DatabaseUpgrades:0.37
DatabaseUserHandler:0.2866666666666667
UpgradeServlet:0.21666666666666667
