XMLBuilder:0.14923403
HTMLBuilder:0.14107943
TK:0.109300554
FS:0.07556164
MLabel:0.025419597
AbstractFileCache:0.024789754
Args:0.015211569
FileCache:0.0122733405
MHTMLViewer:0.0025046836
