AbstractMarkupBuilder:0.10162104
Args:0.048251998
MLabel:0.042044334
ColorProperty:0.019245083
MHTMLViewer:0.017644776
MColor:0.005795853
