TodoEditorDesigner:0.11811033
TodoEditorPlugin:0.08863015
TodoEditor:0.08631539
