TodoEditorPlugin:0.10277838
TodoEditorCore:0.095257096
TodoEditorDesigner:0.08733116
