FSHelper:0.54
AbstractFS:0.44
FSDelete:0.3466666666666667
FeedsFS:0.2733333333333333
