Buffer:0.4766666666666667
JEditTextArea:0.39
jEdit:0.38333333333333336
BufferChangeListener:0.36111904761904756
InputHandler:0.2833333333333333
ChunkCache:0.2833333333333333
BufferChangeHandler:0.21166666666666667
MouseHandler:0.20444444444444446
AbbrevsOptionPane:0.13
TextAreaPainter:0.12666666666666668
BufferChangeAdapter:0.11
ActionHandler:0.1075
ComponentHandler:0.08666666666666667
MyFocusManager:0.04
TableMouseHandler:0.0025
