QueryHandler:0.78
AnsiQueryHandler:0.53
AnsiDataHandler:0.4
ItemsServlet:0.3616666666666667
LinkToServlet:0.14333333333333334
