Tile:0.6633333333333333
ReportUnitPanel:0.26
Specification:0.24333333333333335
UnitContainer:0.22777777777777777
BuildingType:0.2111111111111111
MapGenerator:0.19138888888888891
ReportLabourPanel:0.11
