EditorCrypto:0.13074334
WebBrowserEditor:0.048652362
AbstractTextEditor:0.04477818
NavigationUtils:0.029514203
EditorPlugin:0.021423992
ConsoleTab:0.011409319
Actions:0.010274945
SimpleEditor:0.009956288
AnnotationBar:0.0025944512
