TarFileOutputStream:0.5233333333333333
TarEntrySupplicant:0.44666666666666666
TarReader:0.2866666666666667
