Colony:0.6916666666666667
ColonyPanel:0.4116666666666667
AIColony:0.26
