ArchiveChannel:0.2733333333333333
MList:0.25666666666666665
MComboBox:0.25
Archive:0.24
ChannelInfo:0.18666666666666668
FeedThread:0.17666666666666667
MArrayList:0.16
Sortable:0.08738888888888888
Result:0.0
