Editor:0.5944444444444444
TodoEditorCore:0.36333333333333334
Tabs:0.23333333333333334
