JEditTextArea:0.4666666666666667
Debug:0.4032222222222222
Buffer:0.36666666666666664
OffsetManager:0.3011111111111111
FirstLine:0.2866666666666667
BufferChangeHandler:0.2733333333333333
DisplayManager:0.22122222222222224
DisplayTokenHandler:0.19666666666666666
ScrollLineCount:0.13
