WikiBase:0.6133333333333333
FileHandler:0.43
DatabaseHandler:0.4166666666666667
PersistencyHandler:0.3073174603174602
HistoryServlet:0.13333333333333333
