Buffer:0.72
BufferSaveRequest:0.2866666666666667
MyActionListener:0.22444444444444447
SaveBackupOptionPane:0.19
