MouseGestures:0.6583333333333333
Mnemonic:0.6008333333333333
