GUIUtilities:0.7
DynamicContextMenuService:0.46388888888888896
JEditTextArea:0.36666666666666664
EditPane:0.30666666666666664
