EuropePanel:0.21207598
ColonyPanel:0.20050772
FreeColDialog:0.18501239
TilePanel:0.17076956
UnitDetailPanel:0.16605438
ReportTurnPanel:0.16264804
NegotiationDialog:0.16070528
EmigrationPanel:0.15985383
EndTurnDialog:0.15972072
InfoPanel:0.15945414
DumpCargoDialog:0.15695858
WorkProductionPanel:0.14223896
RecruitDialog:0.14182678
TradeRouteInputDialog:0.13685386
ChooseFoundingFatherDialog:0.13651201
FindSettlementDialog:0.13283445
BuildingDetailPanel:0.13171211
ColorCellEditor:0.13031794
ColopediaGameObjectTypePanel:0.12973855
VictoryPanel:0.12868251
CaptureGoodsDialog:0.1271271
OptionsDialog:0.1261817
MonarchPanel:0.12602374
TrainDialog:0.12579855
NewPanel:0.12555501
ReportPanel:0.124055855
SelectAmountDialog:0.12109139
StartGamePanel:0.120183274
ReportIndianPanel:0.11940657
ErrorPanel:0.119256854
CompactLabourReport:0.119195074
BuildQueuePanel:0.116142295
ChatPanel:0.11513429
StatusPanel:0.1108258
ColopediaPanel:0.10946389
FatherDetailPanel:0.10846064
ReportColonyPanel:0.10845906
TradeRouteDialog:0.107785866
ChoiceDialog:0.107003435
SelectDestinationDialog:0.1043595
StatisticsPanel:0.103847235
TerrainDetailPanel:0.1020932
ReportLabourPanel:0.10074001
IndianSettlementPanel:0.09988367
ServerListPanel:0.099118404
MainPanel:0.09713564
AboutPanel:0.09623418
EventPanel:0.09622126
ReportTradePanel:0.09577931
ReportProductionPanel:0.09559849
GoodsDetailPanel:0.09520582
PreCombatDialog:0.09340896
ResourcesDetailPanel:0.0931222
EditSettlementDialog:0.092869595
InformationDialog:0.09245031
ConceptDetailPanel:0.09205054
LoadingSavegameDialog:0.092023306
ConfirmDeclarationDialog:0.08466798
ReportHistoryPanel:0.08325822
NationTypeDetailPanel:0.08107232
ReportContinentalCongressPanel:0.08098963
NationDetailPanel:0.08034408
ReportCargoPanel:0.079983816
MapEditorTransformPanel:0.07989255
WarehouseDialog:0.07979829
ReportNavalPanel:0.07586341
ReportRequirementsPanel:0.07246837
DefaultTransferHandler:0.06700637
ReportHighScoresPanel:0.066730246
ReportForeignAffairPanel:0.066186205
ReportMilitaryPanel:0.06410398
MapGeneratorOptionsDialog:0.06274379
CargoPanel:0.06246366
DragListener:0.058661487
ClientOptionsDialog:0.05732896
ReportExplorationPanel:0.056374744
GameOptionsDialog:0.03809501
FreeColImageBorder:0.010260007
