MiscUtilities:0.7166666666666667
BufferIORequest:0.41333333333333333
BufferSaveRequest:0.12333333333333334
