MLogger:0.009310369
Uninstantiable:2.1952343E-4
