LinkEditorPlugin:0.05084157
Link:0.014405589
