IndianSettlement:0.7433333333333333
InGameInputHandler:0.41333333333333333
InGameController:0.2866666666666667
