AppSettings:0.013753085
AbstractSettingsPage:0.009652602
