TaskPanel:0.20536654
TaskInfo:0.13198633
Summary:0.009899473
