Unit:0.31380436
Tile:0.2819484
Colony:0.25574484
IndianSettlement:0.25011545
Building:0.2052452
Europe:0.19070514
Settlement:0.17130013
Map:0.16124322
ColonyTile:0.15541512
Market:0.14974448
Game:0.1420797
Monarch:0.14174254
GoodsContainer:0.12816402
Goods:0.12661225
UnitContainer:0.117874555
FreeColGameObject:0.113132164
TradeRoute:0.09192374
ModelMessage:0.07582853
ModelController:0.072459556
GoodsTradeItem:0.055347864
PersistentObject:0.054082688
Location:0.052634023
UnitTradeItem:0.050937697
GoldTradeItem:0.050899617
ColonyTradeItem:0.0478308
StanceTradeItem:0.04553358
Tension:0.043948207
DiplomaticTrade:0.041742943
GameOptions:0.040824313
FoundingFather:0.03799939
TradeItem:0.035309754
WorkLocation:0.02813051
Ownable:0.02767134
Nameable:0.010411977
FreeColGameObjectListener:0.0048957327
