PrintInfo:0.11751542
PrintPreviewPanel:0.076431856
ImagePrintInfo:0.028581375
