Buffer:0.5533333333333333
jEdit:0.5033333333333333
JEditTextArea:0.38
VFSBrowser:0.36666666666666664
ActionHandler:0.3158174603174602
ChunkCache:0.23222222222222225
Marker:0.19666666666666666
BrowserJTree:0.17555555555555558
BrowserCommandsMenu:0.12333333333333334
