GlossaryReaderTBX:0.4533333333333333
TaaSClient:0.36
TaaSPlugin:0.35333333333333333
TaaSGlossary:0.1211111111111111
