MetaInfo:0.6833333333333333
ScriptExecutor:0.5033333333333333
Tracker:0.2733333333333333
TrackerEvent:0.2733333333333333
LinkEditor:0.2288888888888889
ScriptIDE:0.19333333333333333
ScriptYourself:0.19
ScriptCommand:0.16
PlayAction:0.12666666666666668
