Buffer:0.625
OffsetManager:0.30333333333333334
SearchBar:0.27666666666666667
PluginResURLConnection:0.15333333333333332
SettingsReloader:0.13666666666666666
ActionHandler:0.10861111111111109
