jEdit:0.6744444444444444
Entry:0.35333333333333333
EntryCompare:0.2866666666666667
Plugin:0.28
PluginTableModel:0.2633333333333333
PluginJAR:0.24666666666666667
RemoveButton:0.14333333333333334
HeaderMouseHandler:0.11
Roster:0.10666666666666667
Install:0.09
ErrorEntry:0.06333333333333334
ManagePanel:0.013333333333333334
