RealProject:0.0546554
IProject:0.018643538
TranslateEntry:0.016023481
ParseEntry:0.012880313
NotLoadedProject:0.012128012
ProjectFactory:0.006730603
