MDataInputStream:0.4266666666666667
TaskModel:0.36666666666666664
ArchiveChannel:0.27666666666666667
Group:0.27
TodoEditor:0.25
