WikiBase:0.63
AbstractSearchEngine:0.41
EditServlet:0.3333333333333333
RSSServlet:0.22666666666666666
