WorkLocationPlan:0.2822851
AIColony:0.26287487
AIMain:0.01345821
