MDialog:0.66
Dialog:0.55
MMessage:0.43333333333333335
MAboutDialog:0.25
TaskTable:0.22666666666666666
WikiPanel:0.21666666666666667
InternetSearchPanel:0.21
PrintDialog:0.20333333333333334
FSHelper:0.20333333333333334
NewFileDialog:0.2
FormPanel:0.18666666666666668
TreeFS:0.17333333333333334
MIconChooser:0.16333333333333333
ScriptIDE:0.13
AddFeedDialog:0.11333333333333333
