ExpressionColumn:0.1821978
ParserTable:0.15891667
Table:0.13300003
ColumnBase:0.12966676
SchemaManager:0.11754584
NumberSequence:0.11548196
Constraint:0.10989245
SchemaObject:0.1098201
Expression:0.10655468
TableWorks:0.10591095
Routine:0.10383384
RangeVariableJoined:0.09561056
TableUtil:0.09450186
StatementSchema:0.09395697
QuerySpecification:0.08553533
ExpressionColumnAccessor:0.08378861
StatementDMQL:0.08350341
RangeVariable:0.082641125
ParserDDL:0.08107491
QueryExpression:0.08101321
SchemaObjectSet:0.07385609
ExpressionLogical:0.06631284
ParserDML:0.06511793
Token:0.06319799
ExpressionAccessor:0.06285565
StatementCompound:0.06277152
FunctionSQLInvoked:0.06135676
ParserDQL:0.05950376
ParserRoutine:0.058192432
StatementSet:0.05541405
StatementDML:0.050999407
ParserCommand:0.042916156
SortAndSlice:0.035738103
TableDerived:0.033491533
Session:0.032097645
StatementProcedure:0.02647181
StatementSession:0.02275242
RangeVariableResolver:0.01757227
SessionContext:0.012848024
Tokens:0.0
