FunctionCustom:0.4712964
ExpressionLogical:0.3376628
ExpressionValue:0.2716361
Expression:0.26541623
ParserTable:0.12506491
ParserDQL:0.055831533
ParserCommand:0.051289793
Session:0.032418758
Database:0.030722182
TypeInvariants:0.019456647
SessionData:0.015874349
OpTypes:0.0077157347
Tokens:0.0
