StatementInsert:0.3922034
Table:0.26418072
StatementDMQL:0.22334683
ParserDML:0.2179068
StatementResultUpdate:0.19767813
QuerySpecification:0.1790212
StatementSet:0.17491427
Constraint:0.14247952
RangeVariable:0.11543587
Expression:0.10967737
View:0.10036934
TableDerived:0.09886967
QueryExpression:0.09850754
SessionContext:0.09717698
ExpressionColumn:0.09588874
SortAndSlice:0.07907761
Session:0.07745088
SchemaManager:0.0678709
TableBase:0.06592137
TriggerDef:0.06318644
SessionData:0.06290018
Routine:0.058620013
Database:0.05159932
Statement:0.051227644
Row:0.037776556
ExpressionAccessor:0.037591904
ColumnSchema:0.034375712
SchemaObject:0.03419449
StatementTypes:0.03283156
Trigger:0.027359402
NumberSequence:0.024296287
ConstraintCore:0.024212321
StatementManager:0.020623403
HsqlException:0.014125003
OpTypes:0.0077598626
SqlInvariants:0.0022925383
