Constraint:0.22179651
TableBase:0.20667024
TableWorks:0.19151488
SchemaManager:0.18148902
ParserTable:0.15712386
QuerySpecification:0.14522058
TriggerDef:0.14515364
StatementDML:0.13849865
ExpressionColumn:0.13707735
QueryExpression:0.13221721
TableDerived:0.13193615
Routine:0.12686421
StatementSchema:0.12467147
StatementSet:0.12426367
RangeVariable:0.12046326
RangeVariableJoined:0.116497494
Expression:0.10930673
View:0.10853864
StatementCompound:0.10736647
StatementDMQL:0.09758475
ParserDDL:0.09755422
SchemaObjectSet:0.09423099
SchemaObject:0.092084825
TextTable:0.09078483
RangeVariableResolver:0.090768814
ColumnSchema:0.090135045
StatementSchemaDefinition:0.088049494
Schema:0.08735359
HsqlNameManager:0.085741244
ParserDML:0.08186905
ParserRoutine:0.08175568
SortAndSlice:0.08164009
Token:0.07108003
TriggerDefSQL:0.06968259
StatementCommand:0.068772614
ExpressionLogical:0.06801629
Database:0.06790417
ParserDQL:0.06675463
TableUtil:0.06537276
NumberSequence:0.06375381
StatementInsert:0.06267262
Session:0.05947332
SessionContext:0.047993455
ParserCommand:0.046236217
StatementResultUpdate:0.045601465
SessionData:0.044544373
TransactionManagerMVCC:0.03903033
TransactionManagerMV2PL:0.035904758
Scanner:0.035425793
TransactionManager2PL:0.032728937
StatementSession:0.030987974
ParserBase:0.02943758
RowDiskDataChange:0.026699025
ConstraintCore:0.02614848
TransactionManager:0.02247784
Row:0.022279292
DatabaseURL:0.014767431
Trigger:0.0118471775
HsqlException:0.010754211
SqlInvariants:0.008015383
ColumnBase:0.007277224
Tokens:0.0
