IEditor:0.571888888888889
StaticUtils:0.5133333333333333
TagValidationFrame:0.4266666666666667
TagValidationTool:0.3466666666666667
Main:0.22600000000000003
MainWindowMenuHandler:0.2
ErrorReport:0.17666666666666667
EditorController:0.17
ITagValidation:0.16
GlossaryTextAreaTest:0.11
HListener:0.09
TagComparator:0.0
