Widget:0.6766666666666666
NoteWidget:0.28
DesktopPanel:0.22
CalendarWidget:0.21666666666666667
LookAndFeelSettings:0.19333333333333333
