jEdit:0.48333333333333334
JEditTextArea:0.44666666666666666
MiscUtilities:0.39666666666666667
GUIUtilities:0.37666666666666665
View:0.36333333333333334
RolloverButton:0.33666666666666667
MyFocusManager:0.25
BufferIORequest:0.21333333333333335
EditPane:0.2
FileRootsVFS:0.19583333333333333
TextAreaTransferHandler:0.17666666666666667
MouseHandler:0.16333333333333333
UnixWorkaround:0.14
RootsEntry:0.13
PrintOptionPane:0.11
AppearanceOptionPane:0.049166666666666664
TextAreaDropHandler:0.043333333333333335
BufferSwitcher:0.03333333333333333
MyFocusTraversalPolicy:0.02666666666666667
MouseWheelHandler:0.0025
