DefaultInputHandler:0.53
jEdit:0.4766666666666667
View:0.4033333333333333
PasteFromListDialog:0.17
VFSFileNameField:0.14
InputPane:0.12
