JEditTextArea:0.51
TextAreaPainter:0.4166666666666667
FirstLine:0.3933333333333333
MouseHandler:0.19111111111111112
