Unit:0.7766666666666666
Mission:0.43666666666666665
WishRealizationMission:0.2683333333333333
ScoutingMission:0.2683333333333333
UnitSeekAndDestroyMission:0.25166666666666665
BuildColonyMission:0.24833333333333332
ColonyPanel:0.24333333333333335
AIPlayer:0.23666666666666666
DefendSettlementMission:0.22
PioneeringMission:0.21333333333333335
InGameInputHandler:0.18666666666666668
InGameController:0.18
NewAIPlayer:0.18
OutsideColonyPanel:0.17777777777777778
EuropeanAIPlayer:0.17333333333333334
DefaultTransferHandler:0.16333333333333333
ColonialAIPlayer:0.14666666666666667
REFAIPlayer:0.14666666666666667
ChangeAction:0.14333333333333334
