ActionBar:0.4
View:0.3933333333333333
MouseHandler:0.3144444444444444
HyperSearchResults:0.31
