Colony:0.17990096
IndianSettlement:0.1692014
Unit:0.16119386
Building:0.1535059
Location:0.15251322
Europe:0.12635374
Goods:0.12238389
Player:0.1148952
ColonyTile:0.11229911
Tile:0.1116685
FreeColGameObject:0.10464498
Settlement:0.09349879
Game:0.0919972
ModelMessage:0.065427266
