MMenu:0.6633333333333333
MainWindow:0.3
ColumnManager:0.24333333333333335
Pager:0.22333333333333333
MColorMenu:0.19333333333333333
ImportMenu:0.11666666666666667
StaticHandler:0.10666666666666667
