Console:0.21256417
HistoryCommand:0.13689406
ScriptCommand:0.11710574
ConsoleCommandLine:0.100318916
JVisualVMCommand:0.04817266
DebugCommand:0.045830037
ConsolePlugin:0.04423762
