Console:0.14263183
ConsoleCommand:0.11846634
