ImageEditor:0.3
Base:0.25333333333333335
ResizeDialog:0.2325
FilterDialog:0.225
Paste:0.20666666666666667
Designer:0.20361111111111113
Copy:0.20333333333333334
ImageInfo:0.19666666666666666
Cut:0.1811111111111111
