EditServer:0.5983333333333334
TipOfTheDay:0.42333333333333334
BufferChanging:0.32
