ValuePool:0.56
HsqlDatabaseProperties:0.47
Schema:0.38
Session:0.3466666666666667
DatabaseInformationFull:0.33666666666666667
DateTimeType:0.3233333333333333
TestUtil:0.23666666666666666
JDBCParameterMetaData:0.21666666666666667
SchemaManager:0.20666666666666667
JDBCResultSetMetaData:0.20333333333333334
DatabaseInformationMain:0.2
