Colony:0.09937712
GoodsContainer:0.09548705
GoodsType:0.052708484
FreeColObject:0.04915691
SimpleCombatModel:0.014810501
