ColonyPlan:0.36230785
AIColony:0.34426662
TileImprovementPlan:0.19145681
AIMain:0.07206943
