MainWindow:0.49
FeedsFS:0.30666666666666664
InternetSearchPlugin:0.26666666666666666
CustomAdvancedPanel:0.2633333333333333
InternetSearchPanel:0.23666666666666666
InternetSearchAction:0.17111111111111113
