Tile:0.65
InGameController:0.45666666666666667
InGameInputHandler:0.41
AskSkillMessage:0.22333333333333333
LearnSkillMessage:0.22333333333333333
