Buffer:0.56
TokenMarker:0.38333333333333336
jEdit:0.3466666666666667
ParserRuleSet:0.33666666666666667
UndoManager:0.30527777777777776
KeyEventWorkaround:0.2277777777777778
KeywordMap:0.2
XModeHandler:0.1625
InputPane:0.05333333333333334
