FilterMaster:0.5
IFilter:0.42933333333333334
HTMLFilter2:0.26666666666666666
AbstractFilter:0.2633333333333333
FiltersCustomizer:0.25
OpenDocFilter:0.24666666666666667
OpenXMLFilter:0.24666666666666667
MainWindowMenuHandler:0.20333333333333334
XHTMLFilter:0.2
HHCFilter2:0.19
TextFilter:0.17411111111111108
