jEdit:0.09607967
View:0.09137934
Buffer:0.07165602
GUIUtilities:0.068424255
VFSManager:0.034774758
EnhancedDialog:0.017216923
