Message:0.108322605
Connection:0.027259821
