Message:0.08289251
Connection:0.0224886
