NewAIPlayer:0.2534837
ColonialAIPlayer:0.24226765
AIPlayer:0.13599585
AIUnit:0.11113217
AIInGameInputHandler:0.01796281
AIObject:0.012982442
