Message:0.081360675
Connection:0.02282085
