MFontButton:0.5966666666666667
PropertyPanel:0.38333333333333336
FormPanel:0.3446666666666667
FeedsFSPlugin:0.26000000000000006
MFontButtonBeanInfo:0.19666666666666666
SafeActionHandler:0.15333333333333332
StaticHoverTimeline:0.13666666666666666
MButtonBeanInfo:0.09333333333333334
