MAction:0.41415337
TK:0.1360596
MDialog:0.11762336
MMenu:0.09386148
MMenuItem:0.09308477
MMessage:0.08572382
MURLButton:0.08147686
MNotification:0.07869923
MText:0.07253436
UI:0.044210423
MSystemTray:0.028792975
MDateSpinner:0.028243665
FS:0.0268858
MWebBrowser:0.019838722
