Tree:0.28999993
TreePanel:0.24911186
