TransferDb:0.34916428
DataAccessPointException:0.2925375
TransferSQLText:0.28161982
HelperFactory:0.045319952
TransferHelper:0.03806679
TransferTable:0.035906702
TransferCommon:0.030022027
Transfer:0.013532022
TransferResultSet:0.011088638
Traceable:0.0011177561
