TransferHelper:0.5643781
TransferDb:0.055737633
TransferTable:0.023117984
HelperFactory:0.022118645
Traceable:0.004028494
