TransferHelper:0.20858888
TransferDb:0.033128247
HelperFactory:0.029102284
TransferTable:0.021272266
SQLStatements:0.014288683
Traceable:0.0010419629
