DataAccessPoint:0.19711077
TransferHelper:0.09660335
SQLStatements:0.07863768
TransferTable:0.06984297
PostgresTransferHelper:0.057232305
HsqldbTransferHelper:0.051547
OracleTransferHelper:0.048699893
McKoiTransferHelper:0.04784578
Transfer:0.04124576
DataAccessPointException:0.03642053
TransferResultSet:0.032305077
SqlServerTransferHelper:0.020769311
TransferCommon:0.015014755
InformixTransferHelper:0.014750973
HelperFactory:0.010966149
Traceable:5.554884E-4
