HsqldbTransferHelper:0.538537
McKoiTransferHelper:0.43919322
PostgresTransferHelper:0.32570454
OracleTransferHelper:0.32143298
TransferDb:0.109409615
InformixTransferHelper:0.09770628
TransferSQLText:0.08185239
SqlServerTransferHelper:0.07902304
DataAccessPoint:0.061228693
TransferTable:0.059548475
HelperFactory:0.022263765
JDBCTypes:0.017664745
Traceable:0.0028413984
