UI:0.6766666666666666
MDialog:0.37
MCellTip:0.2866666666666667
StaticDialogHandler:0.2644444444444444
MSwingWorker:0.23666666666666666
MSizeGrip:0.08666666666666667
