Feed:0.8866666666666667
DeskletWidget:0.36666666666666664
