Map:0.67
Server:0.30666666666666664
ServerMap:0.30666666666666664
UserInputHandler:0.29
