QueryHandler:0.6966666666666667
DataHandler:0.6161111111111112
AnsiQueryHandler:0.44333333333333336
ItemsServlet:0.2833333333333333
TestDataHandler:0.2633333333333333
AnsiDataHandler:0.21
WikiDatabase:0.1877777777777778
DB2QueryHandler:0.09
OracleQueryHandler:0.09
DB2400QueryHandler:0.08666666666666667
