IEditor:0.7833333333333333
EditorController:0.5666666666666667
MainWindow:0.48
GlossaryTextAreaTest:0.18333333333333332
SearchWindowTest:0.14
GlossaryAutoCompleterViewTest:0.12333333333333334
