AbstractListTableModel:0.5283333333333333
ColumnInfo:0.5116666666666667
TaskModel:0.38
