Mission:0.4484128
TransportMission:0.28333327
