Token:0.56
Table:0.54
Trace:0.45
TextTable:0.43666666666666665
TestTextTable:0.34
jdbcResultSet:0.29333333333333333
TestCollation:0.24833333333333332
Session:0.24666666666666667
CharacterType:0.2
DatabaseScript:0.2
CommandParser:0.19666666666666666
DatabaseInformationFull:0.19333333333333333
Parser:0.1775
TestBase:0.09
AllTests:0.05333333333333334
TestTextTables:0.0
