MMenu:0.5033333333333333
MAction:0.47333333333333333
AnnotationBar:0.41777777777777775
MToolBar:0.35
ActionProperties:0.2733333333333333
MainWindow:0.24666666666666667
ScriptYourself:0.22666666666666666
Help:0.22
LinkAction:0.2
FeedViewer:0.18666666666666668
PropertiesBar:0.1577777777777778
CharacterAction:0.13666666666666666
BrushTypeAction:0.11333333333333333
