GUI:0.6766666666666666
Canvas:0.63
UnitMoveAnimation:0.25666666666666665
