About:0.48333333333333334
MApplication:0.44
Config:0.4141666666666667
FS:0.2325
GHNSDialog:0.20666666666666667
HelpGenerator:0.20666666666666667
MCalendarPanel:0.20333333333333334
PluginSettings:0.19666666666666666
Param:0.12333333333333334
