AbstractFigure:0.39609456
Drawing:0.30008277
DrawingView:0.29611197
ConnectionFigure:0.28447375
DrawingEditor:0.27334216
CompositeFigure:0.25497547
AbstractCompositeFigure:0.23738812
LineConnectionFigure:0.22646086
GraphicalCompositeFigure:0.20441552
BezierFigure:0.19548887
LabeledLineConnectionFigure:0.16981322
DefaultDrawingView:0.15411656
DecoratedFigure:0.14284503
AttributeKey:0.12869872
RoundRectangleFigure:0.12683816
LabelFigure:0.12239493
QuadTreeDrawing:0.12129602
TextHolderFigure:0.120852396
TriangleFigure:0.11852521
EllipseFigure:0.111636564
QuadTreeCompositeFigure:0.10839131
ImageHolderFigure:0.10120308
AttributeKeys:0.0993917
DiamondFigure:0.098488815
DrawingEditorProxy:0.097745165
DefaultDrawingViewTransferHandler:0.09705646
AbstractAttributedCompositeFigure:0.09602667
LineFigure:0.0907787
AbstractAttributedFigure:0.090083666
DefaultDrawing:0.088984445
RectangleFigure:0.07730793
AbstractAttributedDecoratedFigure:0.07348416
DefaultDrawingEditor:0.06912045
AbstractDrawing:0.028907115
FigureLayerComparator:0.026726766
ListFigure:0.019133247
