UI:0.8266666666666667
MRenderer:0.4033333333333333
Renderer:0.30666666666666664
BooleanRenderer:0.22333333333333333
CompleteRenderer:0.22333333333333333
ColorRenderer:0.13666666666666666
