JEditTextArea:0.6266666666666667
SearchDialog:0.26666666666666666
SearchAndReplace:0.24666666666666667
InputPane:0.24666666666666667
View:0.1975
GrabKeyDialog:0.19666666666666666
ButtonActionHandler:0.1311111111111111
TextAreaTransferHandler:0.11333333333333333
