VersionProperty:0.27472553
Property:0.24095535
Config:0.21023537
AppInfo:0.06049988
FS:0.05694778
