Expression:0.46
ParserDQL:0.32
FunctionSQLInvoked:0.30666666666666664
ExpressionColumn:0.3
StatementSet:0.29333333333333333
FunctionSQL:0.27
ExpressionOp:0.26
RangeIteratorBase:0.25333333333333335
ExpressionLogical:0.23
ExpressionArithmetic:0.22444444444444447
RangeIterator:0.22337301587301586
RowSetNavigator:0.20333333333333334
DataFileDefrag:0.19666666666666666
RangeVariableResolver:0.18666666666666668
QuerySpecification:0.18
ExpressionAggregate:0.11333333333333333
AllTests:0.05333333333333334
