ImageEditor:0.25333333333333335
TodoEditorCore:0.25333333333333335
TextEditor:0.22
TextEditorCore:0.20333333333333334
TodoEditor:0.18666666666666668
NotepadEditor:0.18666666666666668
NotepadEditorCore:0.15
