Desktop:0.405
PrintPreview:0.3
MTogglePanel:0.27666666666666667
Wizard:0.24666666666666667
RenameEditor:0.18
MSystemTray:0.15333333333333332
NoteBorder:0.15
PluginComboBox:0.13666666666666666
