ServletUtil:0.41
ItemsServlet:0.30666666666666664
EditServlet:0.29
Pagination:0.27666666666666667
AbstractHeadingTag:0.26
