Player:0.08424599
Colony:0.07257423
Unit:0.06923043
UnitType:0.06286379
ProductionCache:0.056051776
FreeColGameObjectType:0.044145036
UnitWas:0.038920894
TileImprovementType:0.03681467
SimpleCombatModel:0.031585343
