Game:0.48333333333333334
Unit:0.37666666666666665
Tile:0.32
Player:0.30666666666666664
UnitContainer:0.3055555555555556
Map:0.2697142857142857
Colony:0.23166666666666666
IndianSettlement:0.19
