MainWindow:0.5033333333333333
InternetSearch:0.4083333333333333
PropertiesDialog:0.28555555555555556
FeedViewer:0.27
ToggleBookmarkAction:0.19666666666666666
