IEditor:0.38145634920634913
StaticUtils:0.36
EditorController:0.3233333333333333
EditorTextArea3:0.32
Language:0.30333333333333334
AutoCompleter:0.25333333333333335
MainWindow:0.23333333333333334
GlossaryTextAreaTest:0.12
GlossaryAutoCompleterView:0.04833333333333333
AutoCompleterView:0.01
