RectangleTool:0.1965451
BrushTool:0.1668485
LineTool:0.1665188
AbstractRectangleTool:0.15999927
SelectionTool:0.06960483
ToolPanel:0.05130782
EraserTool:0.048499197
ToolManager:0.0461929
ToolButton:0.020689555
