Designer:0.46
MainWindow:0.37
Tabs:0.35333333333333333
TextEditorDesigner:0.33666666666666667
ImageEditorDesigner:0.19666666666666666
