MonarchPanel:0.33497044
RecruitDialog:0.26358306
EmigrationPanel:0.25547236
QuitDialog:0.21955198
TradeRouteDialog:0.21386471
TrainDialog:0.19563763
PurchaseDialog:0.19474709
EventPanel:0.19082442
NegotiationDialog:0.1901396
TradeRouteInputDialog:0.18508846
ClientOptionsDialog:0.18467249
TilePanel:0.17736971
GameOptionsDialog:0.17625089
MapGeneratorOptionsDialog:0.16361585
IndianSettlementPanel:0.15220831
ChooseFoundingFatherDialog:0.15203936
LoadingSavegameDialog:0.1494633
WarehouseDialog:0.14890495
ErrorPanel:0.14790756
DeclarationDialog:0.10543408
CaptureGoodsDialog:0.10481751
FreeColPanel:0.06828364
UnitLabel:0.03929629
ChoiceItem:0.024845375
