ReportContinentalCongressPanel:0.11506912
ReportReligiousPanel:0.083648324
FreeColPanel:0.07928265
ReportPanel:0.07567694
GoodsLabel:0.06877572
UnitLabel:0.058513783
