Canvas:0.06875175
GUI:0.048018035
