Player:0.6427777777777777
ColonyTileProductionPanel:0.4
BuildingProductionPanel:0.3933333333333333
