VFS:0.75895286
jEdit:0.6580971
Buffer:0.6357966
Log:0.27101442
VFSManager:0.25229877
WorkRequest:0.14606015
View:0.12329692
WorkThread:0.11780427
Marker:0.068681136
