Tile:0.5066666666666667
Unit:0.48
Player:0.3433333333333333
Colony:0.33
IndianSettlement:0.28
PlayerExploredTile:0.2733333333333333
Settlement:0.26066666666666666
GUI:0.24333333333333335
InGameController:0.23
InGameInputHandler:0.19333333333333333
MapGenerator:0.19
TilePanel:0.14333333333333334
TileInfoPanel:0.12666666666666668
