PluginManager:0.15799533
AbstractPlugin:0.13331518
PluginInfo:0.053470634
AppletPanel:0.043361343
