JAMWikiServlet:0.5711111111111111
WikiPreparedStatement:0.5111111111111111
