MList:0.7866666666666666
InternetSearch:0.2088888888888889
GHNSDialog:0.2088888888888889
FilterDialog:0.2088888888888889
MFontChooser:0.19555555555555557
VersionPanel:0.1888888888888889
MIconChooser:0.1788888888888889
QuickOpen:0.1788888888888889
PluginList:0.12
