Logger:0.5144444444444444
DataFileCache:0.42333333333333334
RowAVLDisk:0.30666666666666664
RowDiskDataChange:0.29888888888888887
RowSetNavigatorDataTable:0.26
