ViewOptionsDialog:0.29
AutoCompleterListView:0.2843888888888889
SpellcheckerConfigurationDialog:0.28
InstanceEditor:0.2633333333333333
SaveOptionsDialog:0.23333333333333334
ScriptingWindow:0.23194444444444443
CustomColorSelectionDialog:0.22333333333333333
SearchWindowForm:0.21666666666666667
SearchWindowMenu:0.21666666666666667
DictionaryInstallerDialog:0.21277777777777776
CellRenderer:0.21
FilterEditor:0.19333333333333333
SearchWindowController:0.19
TokenizerBehaviorComboBoxRenderer:0.18833333333333332
ExternalTMXMatchesDialog:0.16
FontSelectionDialog:0.15333333333333332
TokenizerComboBoxRenderer:0.13833333333333334
ProjectPropertiesDialog:0.13666666666666666
DelegatingComboBoxRenderer:0.0811111111111111
