Tile:0.5266666666666666
River:0.3878333333333333
InGameController:0.3233333333333333
GUI:0.31166666666666665
PlayerExploredTile:0.21777777777777782
InGameInputHandler:0.1988888888888889
TerrainGenerator:0.19333333333333333
MovementTest:0.17
