UI:0.8466666666666667
MainWindow:0.33666666666666667
MTogglePanel:0.23
FilterDialog:0.21222222222222223
Sidebar:0.19666666666666666
SelectionItem:0.14333333333333334
ToolManager:0.13
