Player:0.5133333333333333
ServerPlayer:0.3811111111111111
ModelMessage:0.30777777777777776
ChooseFoundingFatherDialog:0.19333333333333333
InGameController:0.05
