Topic:0.6166666666666667
WikiBase:0.5433333333333333
TopicVersion:0.4866666666666667
DatabaseInit:0.23444444444444448
AdminController:0.23333333333333334
EditServlet:0.18333333333333332
HistoryServlet:0.17666666666666667
TopicController:0.15333333333333332
PrintableServlet:0.15
ImportServlet:0.12666666666666668
