Colony:0.82
ReportTradePanel:0.30666666666666664
DragListener:0.21666666666666667
ReportPanel:0.16
