MTextFieldPanel:0.6766666666666666
QueryEditor:0.3933333333333333
InternetSearch:0.24666666666666667
