BaseTokenizer:0.13405676
Tokenizer:0.012387582
