WorkThread:0.104481004
IOProgressMonitor:0.08319842
VFSManager:0.076061875
VFSFileChooserDialog:0.07483972
WorkThreadProgressListener:0.06346381
StatusBar:0.060374822
Log:0.018510263
