Unit:0.42453083
Europe:0.36648574
Tile:0.3252877
Building:0.3143439
Colony:0.2861289
IndianSettlement:0.26767105
Market:0.26505023
GoodsContainer:0.26045558
Settlement:0.24411158
AbstractGoods:0.24153994
Player:0.22538494
GoodsTradeItem:0.15212177
GoodsType:0.14252615
Location:0.14035375
Locatable:0.13159189
FreeColObject:0.12401617
SimpleCombatModel:0.1081637
Game:0.09322451
FreeColGameObjectType:0.078376554
Ownable:0.030053096
Named:0.025592664
