JDBCCallableStatement:0.90584093
JDBCDatabaseMetaData:0.8257684
JDBCArray:0.735457
JDBCResultSetMetaData:0.727674
JDBCArrayBasic:0.7082807
JDBCClob:0.68290436
JDBCBlob:0.61465186
JDBCClobClient:0.47436425
JDBCBlobClient:0.45838124
Util:0.3757812
JDBCNClob:0.28506646
JDBCConnection:0.0
JDBCStatement:0.0
JDBCSQLXML:0.0
JDBCStatementBase:0.0
JDBCPreparedStatement:0.0
