JDBCPreparedStatement:0.5955436
JDBCResultSet:0.352048
JDBCConnection:0.32742387
JDBCArray:0.25761077
Util:0.16117954
JDBCBlobClient:0.14463241
JDBCClobClient:0.14059246
JDBCStatementBase:0.07395476
