JDBCStatement:0.33268526
JDBCPreparedStatement:0.19412595
JDBCResultSet:0.18030931
JDBCConnection:0.17799857
JDBCDatabaseMetaData:0.1138729
JDBCCallableStatement:0.083518274
Util:0.079167396
