Preferences:0.6400000000000001
MainWindow:0.39666666666666667
OConsts:0.0
