Unit:0.6166666666666667
Player:0.5933333333333334
InGameController:0.37666666666666665
EventPanel:0.3277777777777778
ServerPlayer:0.32666666666666666
Region:0.3233333333333333
InGameInputHandler:0.29
DiplomacyMessage:0.26666666666666666
EuropePanel:0.2
ContactTest:0.19
ToAmericaPanel:0.18444444444444444
IndianSettlementTest:0.18333333333333332
AIInGameInputHandler:0.15666666666666668
TensionTest:0.09333333333333334
MoveMessage:0.05
NewLandNameMessage:0.03333333333333333
NewRegionNameMessage:0.02
