MGraphics2D:0.4633333333333333
FeedViewer:0.29333333333333333
Context:0.2866666666666667
MAboutDialog:0.19605555555555554
AppletTab:0.19333333333333336
AppletPanel:0.15333333333333332
Impl:0.12333333333333334
Stub:0.11333333333333333
