AbstractFigure:0.39585832
Drawing:0.31553867
ConnectionFigure:0.27813163
DrawingView:0.27803802
DrawingEditor:0.2745418
CompositeFigure:0.25188178
GraphicalCompositeFigure:0.24409376
AbstractCompositeFigure:0.2308853
LineConnectionFigure:0.22604522
BezierFigure:0.1972593
LabeledLineConnectionFigure:0.16774224
DefaultDrawingView:0.15070944
AttributeKey:0.13964494
DecoratedFigure:0.13781139
RoundRectangleFigure:0.12729162
LabelFigure:0.120298706
TextHolderFigure:0.11877309
TriangleFigure:0.11814017
QuadTreeDrawing:0.11688772
DiamondFigure:0.114472106
EllipseFigure:0.111670874
QuadTreeCompositeFigure:0.10669939
DrawingEditorProxy:0.09958755
AttributeKeys:0.0985227
DefaultDrawingViewTransferHandler:0.09711564
AbstractAttributedCompositeFigure:0.09585211
ImageHolderFigure:0.095522605
LineFigure:0.09011237
AbstractAttributedFigure:0.090092376
DefaultDrawing:0.0855051
RectangleFigure:0.07674037
AbstractAttributedDecoratedFigure:0.072341196
DefaultDrawingEditor:0.0689988
AbstractDrawing:0.02825566
FigureLayerComparator:0.025618894
ListFigure:0.017649535
