PropertyPanel:0.5033333333333333
LookAndFeelSettings:0.43
Main:0.29333333333333333
Advanced:0.15666666666666668
