SummaryData:0.5833333333333334
SummaryPanel:0.3333333333333333
Reminder:0.30333333333333334
Action:0.21
