Mission:0.33666666666666667
TransportMission:0.22333333333333333
ScoutingMission:0.20666666666666667
UnitSeekAndDestroyMission:0.2
DefendSettlementMission:0.2
IndianBringGiftMission:0.16666666666666666
CashInTreasureTrainMission:0.15666666666666668
WishRealizationMission:0.15666666666666668
PioneeringMission:0.15666666666666668
PrivateerMission:0.15666666666666668
UnitWanderHostileMission:0.15333333333333332
UnitWanderMission:0.15333333333333332
IdleAtColonyMission:0.15333333333333332
BuildColonyMission:0.12333333333333334
WorkInsideColonyMission:0.1
IndianDemandMission:0.08333333333333333
