MainWindowMenuHandler:0.6335000000000001
FileInfo:0.3980952380952381
