CharacterType:0.6133333333333333
BlobType:0.35333333333333333
BinaryType:0.30666666666666664
