UI:0.7033333333333334
Button:0.3
MTextField:0.25
PropertiesBar:0.24666666666666667
