Specification:0.5633333333333334
TileImprovementType:0.49333333333333335
ImprovementAction:0.3566666666666667
ActionManager:0.23444444444444448
MapControls:0.22
InGameMenuBar:0.18666666666666668
