TMXReader2:0.06908507
TMXWriter2:0.06199277
InlineTagHandler:0.054076567
WikiGet:0.04949244
Preferences:0.04438132
ProjectFileStorage:0.025795484
