MainWindow:0.10830591
MainWindowMenu:0.106456876
MainWindowUI:0.07987519
ProjectUICommands:0.07722718
