TagsUtils:0.6266666666666667
ImportExport:0.33
Submenu:0.21
TagsMenu:0.14
Advanced:0.11577777777777779
