Environment:0.61
LinkUtil:0.28
LuceneSearchEngine:0.20333333333333334
AdminServlet:0.19666666666666666
LinkTag:0.19666666666666666
SearchServlet:0.19666666666666666
SearchResultEntry:0.10666666666666667
