JEditTextArea:0.5233333333333333
ExtensionManager:0.35333333333333333
TextAreaPainter:0.2866666666666667
BrowserHandler:0.2377777777777778
Gutter:0.215
VFSFileChooserDialog:0.16666666666666666
