Canvas:0.5533333333333333
ReportNavalAction:0.29333333333333333
ActionManager:0.25666666666666665
ReportMilitaryPanel:0.24333333333333335
FreeColMenuBar:0.23333333333333334
EuropePanel:0.23
