GUI:0.5266666666666666
DisplayBordersAction:0.3566666666666667
ClientOptions:0.355
ActionManager:0.16666666666666666
InGameMenuBar:0.16333333333333333
