MActionInfo:0.6014444444444444
MApplication:0.44333333333333336
MTable:0.27666666666666667
Impl:0.18666666666666668
QuitAction:0.13444444444444445
