Colony:0.42
IndianSettlement:0.3433333333333333
Settlement:0.31333333333333335
ServerPlayer:0.2966666666666667
RandomRange:0.2633333333333333
InGameControllerTest:0.21666666666666667
InGameController:0.21666666666666667
SettlementType:0.21666666666666667
FoundingFatherTest:0.20333333333333334
