JAMWikiServlet:0.7133333333333334
EditServlet:0.5
TopicServlet:0.2975555555555555
