Token:0.47333333333333333
Type:0.45
HsqlTimer:0.37333333333333335
Table:0.36333333333333334
Function:0.3333333333333333
Parser:0.27666666666666667
LegacyFunction:0.22333333333333333
Task:0.20333333333333334
DDLParser:0.18666666666666668
SQLFunction:0.18333333333333332
Servlet:0.14333333333333334
TaskQueue:0.14
IntervalMonthData:0.11777777777777776
TaskRunner:0.08333333333333333
TestAny:0.016666666666666666
