InfoPanel:0.08988056
EditSettlementDialog:0.038254436
FreeColPanel:0.037679587
