MainWindow:0.45
SummaryPanel:0.31666666666666665
Reminder:0.27666666666666667
Renderer:0.2633333333333333
Node:0.22
