Archive:0.5533333333333333
ArchiveChannel:0.49
FeedViewer:0.2633333333333333
AbstractChannel:0.22
