Buffer:0.49333333333333335
jEdit:0.47
NameSpace:0.3433333333333333
CommandPathEntry:0.14666666666666667
