Buffer:0.58
jEdit:0.57
MiscUtilities:0.43666666666666665
VFS:0.3433333333333333
OptionGroup:0.32
OptionTreeModel:0.31833333333333336
FileVFS:0.2833333333333333
OptionsDialog:0.26666666666666666
VFSBrowser:0.24666666666666667
BrowserView:0.21
SearchDialog:0.2
VFSDirectoryEntryTable:0.2
GlobalOptions:0.17666666666666667
PaneNameRenderer:0.15
PluginOptions:0.14666666666666667
VFSFileNameField:0.14333333333333334
BrowserHandler:0.13666666666666666
VFSFileChooserDialog:0.09333333333333334
GetFileTypeRequest:0.05
QuickNotepadPlugin:0.03666666666666667
