FeedsFS:0.5533333333333333
NewFileDialog:0.37
MURLButton:0.2633333333333333
FeedsFSPlugin:0.15666666666666668
