WikiSignatureTag:0.7733333333333333
JAMWikiModel:0.3933333333333333
