AnsiDataHandler:0.5466666666666666
WikiDatabase:0.44
AdminServlet:0.31666666666666665
DatabaseUpgrades:0.19666666666666666
