TextAreaCreationTool:0.2999231
TextCreationTool:0.27570778
ImageTool:0.22097144
AbstractTool:0.07672463
Tool:0.038540654
