SearchFileSet:0.4866666666666667
jEdit:0.4666666666666667
JEditTextArea:0.45
Buffer:0.44666666666666666
MiscUtilities:0.4066666666666667
TOCTree:0.26166666666666666
View:0.25333333333333335
VFSBrowser:0.24666666666666667
SearchAndReplace:0.24333333333333335
HistoryTextField:0.24333333333333335
CurrentBufferSet:0.22
DirectoryListSet:0.21
CompleteWord:0.20333333333333334
BufferListSet:0.19666666666666666
SearchDialog:0.19
HelpViewer:0.18
HyperSearchRequest:0.15666666666666668
TOCCellRenderer:0.14833333333333334
KeywordMap:0.13666666666666666
SearchBar:0.10666666666666667
AllBufferSet:0.06666666666666667
MouseHandler:0.02666666666666667
FocusHandler:0.013333333333333334
Completion:0.0033333333333333335
