UI:0.81
MIcon:0.48
CompleteRenderer:0.19
MWizardDialog:0.18333333333333332
MToolBar:0.17
Page:0.12666666666666668
MProgressBar:0.06333333333333334
