View:0.4767777777777777
EditPane:0.3855
BufferSet:0.33666666666666667
BufferSetManager:0.27
ViewOptionPane:0.15333333333333332
