Validator:0.45555555555555555
NameValidator:0.44555555555555554
ValidatorMessage:0.34
