Unit:0.8366666666666667
Map:0.4066666666666667
Location:0.30333333333333334
