WidgetDesktopPaneUI:0.6633333333333333
Title:0.48333333333333334
WidgetDesktopIconUI:0.39
WidgetBorder:0.15
