InGameController:0.87
InGameInputHandler:0.45666666666666667
TradeRouteInputDialog:0.2633333333333333
CargoLabel:0.16777777777777778
