FS:0.12646274
MLogger:0.0037086075
Flags:0.0010475948
