MHTMLViewer:0.039600965
MTextPane:0.03151885
MToolBar:0.028482612
UI:0.024551872
MScrollPane:0.013306894
MLogger:0.009874946
MStatusBar:0.009802492
AppAction:0.009134907
MPanel:0.006094126
HTMLBuilder:0.003836963
AbstractMarkupBuilder:0.003792504
Flags:0.0024234164
