FeedViewer:0.5366666666666666
MLinkButton:0.4866666666666667
Tabs:0.4066666666666667
Reminder:0.24666666666666667
MSeparator:0.19
SaveAsAction:0.1577777777777778
TaskButton:0.15
EnclosureAction:0.1311111111111111
