Environment:0.4866666666666667
WikiDatabase:0.46416666666666667
WikiBase:0.45666666666666667
DatabaseUpgrades:0.26
LocalDataSource:0.15
