RegisterServlet:0.6677777777777778
LoginServlet:0.5733333333333334
