Tool:0.45666666666666667
Editor:0.41333333333333333
Index:0.4066666666666667
BrushTool:0.3883333333333333
AdvancedProperties:0.37666666666666665
AbstractFileCache:0.3
FSHelper:0.29333333333333333
Panel:0.25333333333333335
LineTool:0.24666666666666667
PropertiesPanel:0.19333333333333333
AbstractFS:0.1875
AbstractRectangleTool:0.18333333333333332
ImportExport:0.16666666666666666
SelectionTool:0.13333333333333333
RectangleTool:0.11333333333333333
