FSHelper:0.595
TodoEditorCore:0.4277777777777778
FeedsFSPlugin:0.33666666666666667
FetchAllFeedsAction:0.3146666666666667
