MPanel:0.6466666666666666
PrintPreviewPanel:0.44166666666666665
PrintDialog:0.43666666666666665
