TextAreaExtension:0.32764566
TextAreaPainter:0.3036046
Gutter:0.17457058
Log:0.013216388
