MissionAssignmentTest:0.49666666666666665
InGameControllerTest:0.44583333333333336
PlayerTest:0.4166666666666667
