Translator:0.26425472
Handler:0.16899984
XMLDialect:0.110042155
XMLReader:0.10293591
XMLWriter:0.06611689
