Figure:0.5433333333333333
SimpleDrawingView:0.38666666666666666
CreationTool:0.20333333333333334
SimpleHighlightHandle:0.16444444444444442
