AdminServlet:0.5166666666666667
ManageServlet:0.4444444444444445
MoveServlet:0.3230555555555556
