Config:0.44666666666666666
EnumProperty:0.31333333333333335
BooleanProperty:0.24333333333333335
VersionProperty:0.24333333333333335
DoubleProperty:0.18333333333333332
FloatProperty:0.18333333333333332
ColorProperty:0.14
DateProperty:0.12666666666666668
FontProperty:0.10333333333333333
