Canvas:0.43333333333333335
GUI:0.3466666666666667
EuropePanel:0.30677777777777776
FreeColClient:0.2966666666666667
FreeCol:0.20666666666666667
FreeColMenuTest:0.16666666666666666
WindowedFrame:0.14166666666666666
FreeColLookAndFeel:0.07666666666666666
