Map:0.5833333333333334
RiverSection:0.32361111111111107
ImageLibrary:0.30833333333333335
GUI:0.2866666666666667
River:0.2633333333333333
LandGenerator:0.2188888888888889
RiverTransform:0.10666666666666667
