TransitionPanel:0.5766666666666667
ImageView:0.43666666666666665
MoveTransition:0.38333333333333336
