View:0.5433333333333333
FavoritesVFS:0.33666666666666667
VFSBrowser:0.31333333333333335
DisplayManager:0.28
FavoritesMenuButton:0.22
HyperSearchResults:0.19
VFSDirectoryEntryTable:0.17666666666666667
BufferChangeHandler:0.16277777777777777
ActionHandler:0.15466666666666667
PluginManagerOptionPane:0.11
FavoritesEntry:0.017388888888888888
RemoveAllTreeNodesAction:0.0033333333333333335
