FunctionSQL:0.5541662
ExpressionArithmetic:0.44075635
ExpressionOp:0.36375952
Expression:0.25377458
ExpressionValue:0.23282935
ExpressionColumn:0.18550287
SortAndSlice:0.08159113
ParserDQL:0.07303377
HsqlDateTime:0.036596697
Session:0.036350448
Database:0.022459375
SessionContext:0.021451447
SessionData:0.019536661
HsqlException:0.019341586
TransactionManager:0.009198986
OpTypes:0.007565735
Tokens:0.0
