IntervalType:0.3626622
DateTimeType:0.16136824
Type:0.068895124
DTIType:0.04183476
Types:0.021578528
