DateTimeType:0.33389762
DTIType:0.28900656
IntervalSecondData:0.26627615
IntervalMonthData:0.22022574
NumberType:0.2139177
Type:0.20723294
CharacterType:0.08769635
Types:0.080318876
TimestampData:0.01967014
TimeData:0.018490618
