Parser:0.5833333333333334
View:0.2966666666666667
Constraint:0.2733333333333333
BaseParser:0.25666666666666665
DatabaseInformationMain:0.18666666666666668
HsqlNameManager:0.12333333333333334
