GUI:0.6166666666666667
PreGameController:0.39666666666666667
ResourceManager:0.37333333333333335
DebugMenu:0.18
