RealProject:0.5088888888888888
ITokenizer:0.29938888888888887
Tokenizer:0.25
