ButtonFactory:0.7
ColorFormatter:0.53
PaletteFormattedTextFieldUI:0.3333333333333333
PaletteTextFieldUI:0.19666666666666668
FillToolBar:0.18666666666666668
StrokeToolBar:0.18666666666666668
CanvasToolBar:0.17666666666666667
