Canvas:0.6866666666666666
ColopediaPanel:0.5766666666666667
UnitLabel:0.20333333333333334
TilePanel:0.15
ColopediaSkillAction:0.10333333333333333
ColopediaUnitAction:0.10333333333333333
ColopediaBuildingAction:0.10333333333333333
ColopediaGoodsAction:0.10333333333333333
ColopediaFatherAction:0.10333333333333333
ColopediaTerrainAction:0.10333333333333333
DragListener:0.09666666666666666
