MScrollPane:0.59
MIconChooser:0.33
Sidebar:0.30333333333333334
MAboutDialog:0.27666666666666667
