MainWindow:0.5633333333333334
TreePanel:0.4066666666666667
VersionDialog:0.34
ImageInfo:0.14666666666666667
