WikiDatabase:0.7333333333333333
AdminServlet:0.43333333333333335
UpgradeServlet:0.30811111111111106
