HsqlThreadFactory:0.03896667
HsqlArrayHeap:0.02565816
ThreadFactory:0.013944127
ObjectComparator:0.004504415
