Log:0.1534899
Database:0.09534978
Table:0.06464908
DatabaseCommandInterpreter:0.061362717
Trace:0.061045196
Session:0.057917297
LockFile:0.050156858
SequenceManager:0.036204882
DataFileCache:0.03328217
User:0.024595909
DatabaseScript:0.016281
HsqlException:0.009449078
NumberSequence:0.0016787925
