MainWindow:0.6333333333333333
Widget:0.34
SearchBar:0.3
QueryEditor:0.26666666666666666
SearchFS:0.20111111111111113
RatingAction:0.19444444444444445
PropertiesDialog:0.18472222222222223
UpdatePlugin:0.15444444444444444
FeedThread:0.12666666666666668
