MTabbedPane:0.7482777777777778
ScriptExecutor:0.39222222222222225
