TK:0.5566666666666666
MPanel:0.45666666666666667
MainWindow:0.3466666666666667
FeedComponent:0.24
Sidebar:0.23611111111111113
MCalendar:0.19666666666666666
MText:0.1888888888888889
DesktopToolBar:0.17
MSystemTray:0.14222222222222225
