ResourceUtil:0.4666666666666667
Environment:0.41
ServletUtil:0.2916666666666667
WikiConfiguration:0.2833333333333333
TestFileUtil:0.19333333333333336
