UI:0.8066666666666666
ToggleButton:0.36777777777777776
MRating:0.3320555555555556
MToolBar:0.25333333333333335
MTextLabel:0.15666666666666668
