GUI:0.6033333333333334
Canvas:0.4533333333333333
GoodsLabel:0.29083333333333333
MarketLabel:0.27
ProductionLabel:0.25
UnitLabel:0.22333333333333333
FreeColPanel:0.20666666666666667
MiniMap:0.20333333333333334
ProductionMultiplesLabel:0.2
FreeColProgressBar:0.19666666666666666
DebugMenu:0.14333333333333334
PlayersTable:0.12
UnitMoveAnimation:0.11333333333333333
Animations:0.09333333333333334
