Expression:0.7766666666666666
SchemaManager:0.39
ParserDDL:0.3233333333333333
