WebDialog:0.08081105
WebPanel:0.06728604
WebService:0.05746682
