AbstractUnitOption:0.4266666666666667
Specification:0.42333333333333334
OptionGroup:0.25333333333333335
OptionUI:0.2377777777777778
AbstractUnitOptionUI:0.19666666666666666
StringOptionUI:0.165
UnitListOption:0.13666666666666666
ChoiceRenderer:0.021666666666666667
