MainWindow:0.5366666666666666
MMenu:0.44666666666666666
LiveTutorial:0.14833333333333334
HelpAction:0.14666666666666667
InternetSearchAction:0.14666666666666667
AboutAction:0.14666666666666667
HTMLPreviewAction:0.12055555555555557
ScriptAction:0.10333333333333333
Scriptable:0.0011111111111111111
