NameSpace:0.113786615
Interpreter:0.107845835
Name:0.040830445
BeanShell:0.03765306
Reflect:0.028623175
BSHType:0.022325404
ClassPathException:0.0101703005
ReflectManager:0.009011411
EvalError:0.006652949
