Reflect:0.28107744
BSHLHSPrimaryExpression:0.25790343
LHS:0.21826778
Interpreter:0.20364384
BSHArguments:0.20079681
SimpleNode:0.15573987
Primitive:0.15142763
TargetError:0.102414615
EvalError:0.0839995
Parser:0.03170774
CallStack:0.029320458
ReflectError:0.025414413
InterpreterError:0.012381937
