BSHFormalParameters:0.2706918
NameSpace:0.24578333
BSHMethodDeclaration:0.23669527
Name:0.20030813
Interpreter:0.17486499
SimpleNode:0.11668854
XThis:0.11269953
BSHBlock:0.0819328
CallStack:0.068447776
JThis:0.05854646
Primitive:0.042825792
EvalError:0.037300535
ReturnControl:0.006296131
ParserConstants:5.167694E-5
