BSHArguments:0.311315
BSHAmbiguousName:0.27216536
TargetError:0.23987359
Name:0.20937221
SimpleNode:0.17255633
NameSpace:0.15417473
Interpreter:0.15222414
EvalError:0.116125576
CallStack:0.07322203
Parser:0.040670343
ReflectError:0.015648223
