TargetError:0.3683024
SimpleNode:0.19316565
Interpreter:0.15082453
NameSpace:0.1427404
BSHPrimarySuffix:0.13969293
BSHThrowStatement:0.1271588
BSHLHSPrimarySuffix:0.12187794
Name:0.116928354
BSHMethodInvocation:0.110176064
BSHSwitchLabel:0.10783292
BSHTernaryExpression:0.10256948
BSHPrimaryExpression:0.09939155
BSHBinaryExpression:0.09808474
BSHTryStatement:0.09634898
BSHAllocationExpression:0.09623046
BSHAmbiguousName:0.095816255
BSHStatementExpressionList:0.09560868
BSHMethodDeclaration:0.095436014
BSHArrayInitializer:0.09501252
BSHForStatement:0.091926865
BSHCastExpression:0.09163581
BSHVariableDeclarator:0.08898649
BshMethod:0.08806688
BSHArrayDimensions:0.087801106
BSHAssignment:0.084890924
BSHArguments:0.08413482
BSHIfStatement:0.08326511
This:0.082626894
BSHType:0.081796974
BSHSwitchStatement:0.080290884
BSHReturnStatement:0.07956979
BSHFormalParameter:0.07855736
BSHWhileStatement:0.0785296
BSHLHSPrimaryExpression:0.077992626
BSHImportDeclaration:0.074540816
Reflect:0.07078474
BSHReturnType:0.070661806
BSHBlock:0.067412786
ClassPathException:0.057403296
BSHUnaryExpression:0.05682581
BSHFormalParameters:0.05401396
BSHTypedVariableDeclaration:0.050772868
Primitive:0.049608275
BSHLiteral:0.04903417
LHS:0.04494664
XThis:0.03725073
BshClassManager:0.032119095
JThis:0.026678503
BeanShell:0.025613759
BlockNameSpace:0.01926267
