NameSpace:0.23657206
Name:0.18630789
BeanShell:0.15105852
BSHPrimarySuffix:0.14412333
BshClassManager:0.14245816
This:0.13457921
BshMethod:0.13448004
SimpleNode:0.13425612
BSHBinaryExpression:0.12781505
BSHAmbiguousName:0.114105955
LHS:0.11181863
BSHLHSPrimarySuffix:0.11026061
TargetError:0.11022865
BSHAllocationExpression:0.102552205
BSHMethodInvocation:0.09963199
Reflect:0.09835953
BSHCastExpression:0.097402215
BSHTryStatement:0.09643808
BSHAssignment:0.096317865
EvalError:0.094906375
BSHMethodDeclaration:0.09283949
BSHImportDeclaration:0.08993227
BSHArrayInitializer:0.08965101
BSHBlock:0.08469893
XThis:0.083559774
BSHTypedVariableDeclaration:0.083383225
BSHForStatement:0.080575265
CallStack:0.07856194
BSHArrayDimensions:0.078511246
Primitive:0.072645925
BSHVariableDeclarator:0.0659281
BSHIfStatement:0.061692785
ConsoleInterface:0.06133247
BSHUnaryExpression:0.060237978
JThis:0.059770517
BSHThrowStatement:0.05933602
BSHLHSPrimaryExpression:0.057881255
BSHReturnStatement:0.056797948
BSHTernaryExpression:0.056032423
BSHPrimaryExpression:0.054406147
BSHSwitchStatement:0.05312675
BSHSwitchLabel:0.051045064
BSHStatementExpressionList:0.04850379
BSHArguments:0.04613095
BSHWhileStatement:0.042613376
dir:0.041587584
BSHLiteral:0.039482743
Parser:0.03383287
ParseException:0.029013984
CommandLineReader:0.027442379
ASCII_UCodeESC_CharStream:0.018074824
TokenMgrError:0.017474826
InterpreterError:0.015483274
JJTParserState:0.00805746
ReturnControl:0.003343919
