JJTParserState:0.023300102
ParseException:0.022398354
Interpreter:0.019075401
ParserTreeConstants:0.014769
ParserConstants:0.012535532
BSHBinaryExpression:0.007808803
Primitive:0.006999165
BSHUnaryExpression:0.0059603844
ParserTokenManager:0.0036296635
BSHMethodDeclaration:0.0032679145
BSHAssignment:0.003147609
BSHTypedVariableDeclaration:0.0030244838
BSHCastExpression:0.0027149022
BSHAllocationExpression:0.0026467312
BSHPrimaryExpression:0.0026391859
BSHTryStatement:0.002548548
ASCII_UCodeESC_CharStream:0.0024880413
BSHForStatement:0.002281207
BSHLiteral:0.0022180614
BSHType:0.0021460152
BSHPrimarySuffix:0.0021430298
BSHLHSPrimarySuffix:0.0019346491
SimpleNode:0.0019043168
BSHTernaryExpression:0.0017703272
BSHVariableDeclarator:0.001746152
BSHWhileStatement:0.0017120048
BSHLHSPrimaryExpression:0.0014793733
BSHIfStatement:0.0013272254
BSHMethodInvocation:0.0011497498
BSHArrayDimensions:9.689923E-4
BSHSwitchStatement:9.457544E-4
BSHReturnType:9.3493314E-4
BSHImportDeclaration:8.7702414E-4
BSHReturnStatement:8.489202E-4
BSHFormalParameter:7.231274E-4
BSHThrowStatement:6.5744284E-4
BSHSwitchLabel:6.37944E-4
BSHBlock:6.1893876E-4
Token:5.7360425E-4
BSHArrayInitializer:5.5333605E-4
BSHStatementExpressionList:5.356695E-4
BSHFormalParameters:4.999042E-4
BSHAmbiguousName:4.904686E-4
BSHPrimitiveType:3.1661135E-4
BSHArguments:2.4264335E-4
Node:2.9535893E-5
