Parser:0.04804368
Interpreter:0.0414514
Token:0.021680126
