ParserConstants:0.014898008
TokenMgrError:0.012688832
ASCII_UCodeESC_CharStream:0.009726005
Parser:0.006084168
Token:0.003031512
