Name:0.18372282
NameSpace:0.17627406
BSHPrimarySuffix:0.13330424
BSHLHSPrimarySuffix:0.13159369
LHS:0.12396186
XThis:0.07877771
Interpreter:0.07675158
This:0.068928175
BSHAllocationExpression:0.06511653
Primitive:0.05828115
BSHArrayInitializer:0.057878394
BSHCastExpression:0.051406242
BSHBinaryExpression:0.04751223
SimpleNode:0.045619436
TargetError:0.03742607
ReflectManager:0.03486054
BshClassManager:0.033053882
BSHArrayDimensions:0.03299225
ReflectError:0.031526864
StringUtil:0.022508547
Capabilities:0.014455465
EvalError:0.009161864
