ItemRenderer:0.5333333333333333
MRenderer:0.5266666666666666
RatingPanel:0.2833333333333333
MLayout:0.27666666666666667
