RowAVLDisk:0.29930696
RowAVLDiskData:0.26992872
TransactionManagerMV2PL:0.16971295
RowAction:0.1573414
TransactionManager:0.15432711
TransactionManager2PL:0.14094374
TransactionManagerMVCC:0.14021413
TransactionManagerCommon:0.12804112
TableBase:0.06646644
RowAVL:0.06072849
Table:0.051369794
StatementResultUpdate:0.048593193
ExpressionLogical:0.04120977
StatementDML:0.037262663
Constraint:0.03550846
TextTable:0.035184152
RangeVariable:0.03438221
Session:0.034273017
SubQuery:0.03341255
TableWorks:0.030165303
ExpressionTable:0.028245114
Expression:0.026425948
SchemaManager:0.019216865
StatementSchema:0.014001134
