RowAVL:0.3816081
Row:0.26126194
TableBase:0.0704242
