PluginInfo:0.5441666666666667
OS:0.44
PluginManager:0.2633333333333333
