CategoryIcon:0.10011027
CategoryListRenderer:0.0906517
CategoryManager:0.07936966
CategoryList:0.060631976
CategoryMenu:0.044567116
CategoryAction:0.041057713
CategoryListEditor:0.029593457
