MSlider:0.47
LookAndFeelSettings:0.2966666666666667
TreeSettings:0.22444444444444447
ItemRenderer:0.21833333333333332
Labels:0.06
