FileUtil:0.6266666666666667
FileUtilTest:0.37333333333333335
RemoteRepositoryProvider:0.32866666666666666
