Core:0.7566666666666667
RecentProjects:0.49666666666666665
ProjectUICommands:0.2866666666666667
MainWindowMenu:0.28
