View:0.54
EditPane:0.41
DockableWindowManager:0.30666666666666664
UndoManager:0.2866666666666667
HistoryComboBoxEditor:0.2783333333333333
VFSBrowser:0.22333333333333333
BufferSetManager:0.21333333333333335
HelpViewer:0.21
PluginManager:0.2
RegisterViewer:0.16666666666666666
DockableWindowManagerImpl:0.16
MarkerViewer:0.15
LogViewer:0.14333333333333334
SearchDialog:0.14
HyperSearchResults:0.12666666666666668
SelectionLengthWidget:0.10333333333333333
BufferSetWidget:0.09
EditBusStub:0.006666666666666667
SettingsReloader:0.0033333333333333335
PropertiesChanged:0.0
PluginSet:0.0
