Colony:0.6333333333333333
InGameController:0.39666666666666667
BuildQueuePanel:0.29333333333333333
BuildingsPanel:0.21777777777777782
ConstructionPanel:0.19
