jEdit:0.6833333333333333
JEditTextArea:0.44333333333333336
VFSDirectoryEntryTable:0.27111111111111114
MemoryStatus:0.2111111111111111
