LAFUtilities:0.5366666666666666
FreeColTextFieldUI:0.17333333333333334
FreeColTextAreaUI:0.17333333333333334
FreeColButtonUI:0.1388888888888889
FreeColListUI:0.1388888888888889
FreeColMenuItemUI:0.13666666666666666
FreeColRadioButtonUI:0.13666666666666666
FreeColScrollPaneUI:0.13666666666666666
FreeColTableHeaderUI:0.13666666666666666
FreeColLabelUI:0.13666666666666666
FreeColTableUI:0.13666666666666666
FreeColCheckBoxUI:0.13666666666666666
FreeColToolTipUI:0.10333333333333333
