MFileChooser:0.6533333333333333
ChartModel:0.5266666666666666
ChartDialog:0.31333333333333335
Item:0.22444444444444447
