MPanel:0.5533333333333333
MLayout:0.22
StuffRenderer:0.18666666666666668
PropertiesPanel:0.17666666666666667
ActionProperties:0.14
Renderer:0.14
