MComboBox:0.20653127
MSmallColorButton:0.11995939
AbstractSpinner:0.0969001
MMenuBar:0.09221987
MTogglePanel:0.08477566
MFontChooser:0.06909513
MMultiPanel:0.04614505
MTextFieldPanel:0.04605291
MCalendar:0.045146782
MButtonPanel:0.019338967
MTextField:0.009684276
MLabeledTextField:0.0075126067
