Player:0.6933333333333334
Unit:0.54
InGameInputHandler:0.3233333333333333
