ReportPanel:0.16893329
FreeColPanel:0.08080681
