ReportPanel:0.30205247
FreeColPanel:0.07796531
