AnsiQueryHandler:0.84
Utilities:0.5433333333333333
AnsiDatabaseHandler:0.47
WikiDatabase:0.4
PostgresQueryHandler:0.23666666666666666
HSQLQueryHandler:0.23666666666666666
MSSqlQueryHandler:0.23666666666666666
MySqlQueryHandler:0.23666666666666666
DB2400QueryHandler:0.21444444444444447
OracleQueryHandler:0.21444444444444447
DB2QueryHandler:0.21444444444444447
DatabaseUpgrades:0.21
DatabaseUserHandler:0.16666666666666666
UpgradeServlet:0.13666666666666666
PersistencyServlet:0.11
