IProject:0.71
ProjectTMX:0.39666666666666667
RealProject:0.3
NotLoadedProject:0.2633333333333333
FindMatchesThread:0.23666666666666666
TmxComplianceTests:0.20666666666666667
Statistics:0.19
TmxComplianceBase:0.15333333333333332
Searcher:0.14
MultipleTransFindThread:0.11
Loader:0.10666666666666667
TmxSegmentationTest:0.09666666666666666
