ActionManager:0.3501369
SelectableAction:0.25295177
