ActionManager:0.3454086
SelectableAction:0.25147566
