NewPanel:0.08896385
FreeColPanel:0.05063069
PlayersTable:0.03969947
GameOptionsDialog:0.037186146
