Messages:0.5366666666666666
ColopediaPanel:0.48
FreeColServer:0.4666666666666667
FreeColDataFile:0.20333333333333334
