MApplication:0.5966666666666667
MainWindow:0.30916666666666665
AppInfo:0.2966666666666667
MMessage:0.27
Args:0.2633333333333333
Main:0.24666666666666667
MMainWindow:0.24666666666666667
MAbout:0.23111111111111116
TodoEditorCore:0.21666666666666667
Help:0.19333333333333333
MSystemTray:0.17666666666666667
NotepadEditorCore:0.15333333333333332
UpdateDialog:0.08666666666666667
