MetaInfo:0.7433333333333333
Tree:0.5566666666666666
Loop:0.335
LinkButton:0.18666666666666668
