ParserDQL:0.36333333333333334
DataFileCache:0.36
SubQuery:0.2866666666666667
ScaledRAFileNIO:0.2866666666666667
TableWorks:0.2544444444444445
RAShadowFile:0.24277777777777781
QueryExpression:0.23
PersistentStoreCollectionSession:0.21777777777777782
ScriptRunner:0.15
OpTypes:0.10436507936507938
