Canvas:0.6133333333333333
EuropePanel:0.47333333333333333
ChatPanel:0.26
StatusPanel:0.11333333333333333
