TaskTable:0.6
SummaryData:0.3433333333333333
MTableHeader:0.2633333333333333
EncryptDialog:0.19
EditorCrypto:0.14333333333333334
TreeSettingsButton:0.13666666666666666
